-34.693460,-13.106103,43.814710
-32.311749,-18.733570,43.814711
-29.953759,-24.370690,43.814711
-26.984031,-29.989622,43.814711
-22.550822,-34.757113,43.814711
-16.327967,-36.721613,43.814711
-9.603107,-36.176663,43.814711
-3.416694,-34.126006,43.814711
1.841710,-31.396475,43.814711
6.043371,-28.443975,43.814710
9.593657,-25.304426,43.814710
12.531303,-22.104176,43.814710
14.788065,-19.106912,43.814710
16.649239,-16.078489,43.814710
18.197275,-12.878862,43.814711
19.268674,-9.906413,43.814711
20.010158,-6.834777,43.814711
20.365355,-3.893524,43.814710
20.371371,-0.931067,43.814710
20.036013,2.012546,43.814710
19.386336,4.902615,43.814710
18.448440,7.712470,43.814710
17.159255,10.597299,43.814710
15.599895,13.345523,43.814710
13.674824,16.095817,43.814710
11.362899,18.795968,43.814711
8.645352,21.383889,43.814711
5.178991,24.003667,43.814711
1.232936,26.254902,43.814711
-3.365290,28.057377,43.814711
-8.588088,29.144097,43.814711
-14.315014,29.261132,43.814711
-20.166139,28.301361,43.814711
-26.298347,26.085634,43.814711
-31.860849,22.680271,43.814710
-36.605637,17.918082,43.814710
-39.772463,11.959857,43.814710
-40.738097,5.163687,43.814710
-39.504560,-1.461873,43.814711
-39.235466,-7.889027,39.210601
-35.097746,-13.360501,39.208881
-31.740126,-18.485588,39.212255
-28.791050,-23.619668,39.217627
-25.008873,-28.195909,39.221894
-20.224208,-31.685842,39.219249
-14.544860,-33.379980,39.207073
-8.799395,-33.520815,39.217864
-3.204549,-32.443680,39.222136
1.713813,-30.822440,39.216204
6.143414,-28.323023,39.219963
9.407840,-24.596804,39.220878
12.071022,-21.413470,39.207899
14.230556,-18.355451,39.216068
15.924374,-15.227994,39.213837
17.152384,-12.319392,39.206895
18.095827,-9.304950,39.217798
18.826037,-6.433767,39.217442
19.846258,-3.868753,39.217864
20.760737,-0.850153,39.221881
20.812085,2.118594,39.222569
20.348525,5.241429,39.218520
20.026981,8.595444,39.219084
19.069475,11.980737,39.215279
17.345426,15.120984,39.213612
15.282640,18.245475,39.223455
12.616076,21.416962,39.224962
9.427979,24.374231,39.220327
5.717437,26.983930,39.214856
1.141885,29.320795,39.213919
-3.898553,31.062160,39.222677
-9.567508,31.842160,39.224184
-15.489590,31.484287,39.215630
-21.403425,29.907502,39.206027
-27.032244,27.029208,39.207964
-32.089482,22.920769,39.222868
-36.263745,17.618051,39.219828
-38.743031,11.679939,39.215838
-40.108568,5.124763,39.217014
-40.648164,-1.468487,39.214562
-39.134187,-7.880645,34.611360
-34.855890,-13.292161,34.616038
-31.208184,-18.092289,34.620634
-27.809356,-22.754797,34.614834
-23.535734,-26.676493,34.607880
-18.698934,-29.476320,34.612090
-13.550834,-31.069364,34.608223
-8.180788,-31.654466,34.605858
-3.032847,-31.265775,34.611505
1.716264,-30.346131,34.614068
6.103459,-28.547494,34.611964
9.597656,-25.243424,34.616963
12.546896,-22.256038,34.617483
14.914359,-19.307427,34.611009
16.880056,-16.058438,34.608680
18.338968,-12.997556,34.612900
19.448558,-10.003740,34.614367
20.372373,-6.947440,34.609970
21.460795,-3.948544,34.607365
22.341054,-0.875009,34.609713
22.555070,2.508011,34.615634
22.186300,5.880511,34.619643
21.878538,9.476519,34.615567
20.843114,13.291591,34.617370
18.936943,16.832690,34.618880
16.613072,20.311046,34.608999
13.731693,23.621910,34.611509
10.282172,26.660116,34.615958
6.100042,29.371246,34.618883
1.189005,31.603975,34.621964
-4.171920,33.191373,34.621046
-10.133270,33.704638,34.623528
-16.287718,32.954334,34.620091
-22.128620,30.915586,34.610335
-27.531748,27.500391,34.605013
-32.204122,22.857123,34.608596
-35.711753,17.476653,34.612989
-37.843182,11.340044,34.615943
-39.187439,4.886193,34.615719
-40.110009,-1.388612,34.612825
-37.576472,-7.598588,30.007534
-34.138296,-13.030245,30.009337
-30.568943,-17.755173,30.009653
-26.855899,-22.014211,30.004202
-22.362834,-25.494986,30.007597
-17.673458,-27.897139,30.021656
-12.664306,-29.527969,30.020368
-7.666019,-30.377847,30.013430
-2.814228,-30.469993,30.017353
1.840889,-29.987738,30.018705
6.120807,-28.802445,30.011389
10.015265,-26.622122,30.012065
13.555416,-24.246729,30.013419
16.518787,-21.500264,30.009776
19.021171,-18.300265,30.010289
21.035015,-15.025026,30.015910
22.714273,-11.559337,30.018717
23.949859,-8.118253,30.021873
24.445338,-4.520233,30.017334
24.606469,-0.867587,30.012234
24.755404,2.772881,30.013744
24.577066,6.619379,30.017309
23.823885,10.602168,30.017810
22.473671,14.423546,30.013002
20.506909,18.199081,30.009394
17.830887,22.014804,30.010778
14.669841,25.439973,30.006854
10.737217,28.637544,30.016660
6.367085,31.195373,30.020619
1.094548,33.304639,30.007641
-4.424313,34.632075,30.008772
-10.496488,34.879078,30.015665
-16.701110,33.823195,30.014270
-22.506070,31.423258,30.005200
-27.756205,27.606899,30.006536
-32.031141,22.727247,30.022954
-35.110214,17.226387,30.009875
-36.984890,11.075749,30.012149
-38.063025,4.758238,30.025683
-38.602608,-1.516841,30.018407
-35.322025,-7.195479,25.421383
-33.053847,-12.704256,25.419771
-29.820277,-17.445363,25.418821
-25.905429,-21.378408,25.421555
-21.568373,-24.477550,25.420058
-16.777798,-26.828039,25.415813
-12.128812,-28.450739,25.423656
-7.525226,-29.478276,25.416387
-2.826396,-29.944597,25.407726
1.679554,-29.772628,25.414037
6.132874,-29.019081,25.420314
10.471952,-27.779352,25.409508
14.340546,-25.874584,25.410061
17.890390,-23.090380,25.416026
20.771531,-19.879154,25.412411
23.083789,-16.494595,25.410173
24.992036,-12.861689,25.418893
26.469658,-9.015437,25.411962
26.945374,-4.759099,25.413715
26.863821,-0.851064,25.420506
26.934597,3.255881,25.419897
26.889083,7.367484,25.418144
25.672907,11.467389,25.421262
23.919243,15.436990,25.414713
21.750758,19.607259,25.405292
18.915095,23.387953,25.410753
15.439434,26.878877,25.411882
11.333598,29.953596,25.414362
6.434629,32.537919,25.421404
1.197517,34.355888,25.420819
-4.649332,35.468193,25.406225
-10.804736,35.452837,25.407682
-16.836168,34.173902,25.416989
-22.607381,31.500212,25.417263
-27.597243,27.543511,25.408432
-31.589253,22.584827,25.405212
-34.433225,16.892465,25.414254
-36.149136,10.770154,25.414045
-36.817059,4.635475,25.409727
-36.551342,-1.347488,25.415406
-33.102164,-6.819511,20.816366
-31.844884,-12.285439,20.823062
-29.051442,-16.986428,20.822897
-25.101716,-20.692106,20.811347
-20.742636,-23.751966,20.804931
-16.324396,-25.966670,20.812233
-11.707079,-27.716545,20.816375
-7.334966,-28.869633,20.820298
-2.853900,-29.565201,20.817007
1.658765,-29.610187,20.813041
6.168922,-29.131281,20.816535
10.636254,-28.408270,20.816922
14.744234,-26.528270,20.815494
18.356937,-23.774011,20.812826
21.315902,-20.634005,20.807548
23.900700,-16.915818,20.810846
25.795544,-13.263599,20.822803
27.296772,-9.211429,20.810675
28.194075,-4.984810,20.814537
28.541512,-0.891107,20.820769
28.647776,3.436405,20.811968
28.471609,7.968264,20.813068
27.076472,12.241291,20.821557
25.166567,16.378724,20.823040
22.817625,20.700132,20.814591
19.727722,24.561795,20.808178
15.935768,28.039835,20.811418
11.494390,31.021084,20.812361
6.651590,33.294150,20.808581
1.128935,34.942098,20.809268
-4.780589,35.773309,20.817741
-10.744616,35.541761,20.816093
-16.748804,34.077499,20.818804
-22.451636,31.221940,20.820857
-27.336404,27.107356,20.815385
-31.066640,22.179829,20.816545
-33.700422,16.386672,20.806080
-35.249412,10.579578,20.810811
-35.554108,4.483461,20.822663
-34.470422,-1.349686,20.819382
-31.492513,-6.562210,16.209795
-30.642592,-11.885260,16.221123
-28.150787,-16.456218,16.221906
-24.197955,-20.161866,16.221600
-20.066974,-23.137523,16.222826
-15.898852,-25.347558,16.215914
-11.540882,-27.140899,16.218567
-7.225957,-28.424390,16.219821
-2.789184,-29.271705,16.219264
1.697971,-29.465213,16.220589
6.205276,-29.135862,16.219428
10.676664,-28.567775,16.212849
14.779015,-26.737472,16.214882
18.435238,-24.059498,16.218019
21.608555,-20.875159,16.216541
24.258339,-17.222402,16.213037
26.275389,-13.422634,16.213014
27.766882,-9.390428,16.219036
28.918932,-5.240686,16.216552
29.646103,-0.797032,16.211587
29.689424,3.712311,16.216038
29.107872,8.181818,16.221275
27.957581,12.752448,16.212945
26.224764,17.134792,16.208083
23.621897,21.547319,16.214570
20.299329,25.448257,16.218309
16.376649,28.743056,16.213705
11.819787,31.506110,16.219404
6.714480,33.634566,16.222151
1.150215,35.037940,16.213657
-4.763896,35.617011,16.214609
-10.691294,35.175483,16.214418
-16.619884,33.531313,16.212382
-22.048623,30.648276,16.212025
-26.703862,26.621544,16.217561
-30.360229,21.670042,16.225264
-32.799524,16.050624,16.211063
-34.276795,10.233687,16.206251
-34.338274,4.184378,16.211335
-32.907150,-1.343872,16.208485
-30.431867,-6.401252,11.615116
-29.487412,-11.434124,11.609703
-27.026411,-15.986466,11.608831
-23.369175,-19.596495,11.605146
-19.527951,-22.545023,11.607247
-15.482059,-24.872348,11.622596
-11.214153,-26.751194,11.624195
-6.967971,-28.103224,11.622445
-2.593133,-29.013688,11.622305
1.844690,-29.286623,11.614939
6.105848,-29.031326,11.608420
10.721027,-28.368748,11.621027
14.788335,-26.563162,11.624751
18.467906,-24.007558,11.614595
21.711989,-20.960770,11.614775
24.452708,-17.434925,11.626387
26.637596,-13.546402,11.623472
28.226486,-9.381122,11.613206
29.423322,-5.295082,11.605787
30.255649,-0.905169,11.606945
30.252239,3.751089,11.612459
29.345987,8.324107,11.612601
28.528319,12.930651,11.620026
26.947901,17.711779,11.614179
24.231322,22.025699,11.607732
20.711339,25.944153,11.623416
16.535114,29.160024,11.620821
11.896123,31.674444,11.622706
6.559911,33.606448,11.616989
1.196534,34.713930,11.607258
-4.673672,35.062472,11.622086
-10.320986,34.462474,11.613902
-16.151717,32.711178,11.617249
-21.481342,29.781057,11.618256
-25.907798,25.897923,11.605517
-29.510181,20.986889,11.623499
-31.814133,15.596254,11.618809
-33.196859,9.826775,11.614358
-33.206218,4.028213,11.619997
-31.810703,-1.449536,11.619489
-29.678337,-6.296951,7.019764
-28.305579,-11.118572,7.016697
-25.872599,-15.421603,7.021188
-22.611878,-18.967270,7.019897
-18.944474,-22.024571,7.016147
-15.053183,-24.455555,7.020948
-11.081707,-26.318460,7.016796
-6.929095,-27.724824,7.019472
-2.641614,-28.673356,7.022053
1.722613,-29.033459,7.015190
6.109373,-28.788973,7.010087
10.427028,-28.007537,7.018988
14.638719,-26.209031,7.019129
18.328226,-23.817092,7.009625
21.626435,-20.932891,7.006961
24.570124,-17.411399,7.017647
26.826987,-13.649223,7.024073
28.469649,-9.583287,7.010624
29.683534,-5.368548,7.003253
30.485714,-0.843514,7.009737
30.485608,3.735168,7.012630
29.596261,8.435469,7.004442
28.872647,13.184836,7.017512
27.280090,18.073974,7.017613
24.522531,22.271759,7.007458
20.813751,26.166684,7.017829
16.586291,29.167674,7.016728
11.736451,31.516912,7.013016
6.599383,33.124853,7.012702
1.089421,34.035044,7.010790
-4.493448,34.153074,7.007165
-10.025122,33.383738,7.012403
-15.527991,31.593298,7.010496
-20.578460,28.774933,7.009855
-24.945189,24.975190,7.018806
-28.399290,20.328249,7.014734
-30.706239,15.036092,7.005776
-31.992262,9.367199,7.011775
-32.063526,3.827551,7.023103
-31.021375,-1.436618,7.023852
-29.023956,-6.218261,2.408276
-27.124529,-10.705715,2.403669
-24.727997,-14.722632,2.414826
-21.779608,-18.351637,2.425292
-18.471287,-21.377155,2.421413
-14.774365,-23.910557,2.418841
-10.940036,-25.827960,2.422731
-6.713122,-27.316751,2.409379
-2.529866,-28.254900,2.415436
1.738940,-28.655391,2.423572
6.019133,-28.407951,2.411197
10.383845,-27.384900,2.413470
14.340538,-25.733481,2.416735
18.015991,-23.523420,2.416772
21.477064,-20.676759,2.415083
24.460973,-17.329983,2.416762
26.780351,-13.723090,2.419845
28.548458,-9.604716,2.409773
29.724142,-5.280255,2.414683
30.382627,-0.841065,2.425952
30.423035,3.830123,2.420172
29.793522,8.461981,2.406140
28.997905,13.285944,2.410055
27.314938,18.035181,2.411876
24.473182,22.261709,2.407335
20.743811,25.970687,2.414236
16.353332,28.871975,2.422657
11.524991,30.971206,2.420891
6.442316,32.332069,2.415088
1.222411,33.002235,2.415607
-4.234587,32.943242,2.420022
-9.612513,32.018024,2.413654
-14.768192,30.218599,2.406902
-19.683155,27.428283,2.410547
-23.811695,23.853949,2.415680
-27.221884,19.341679,2.410395
-29.459677,14.362335,2.418628
-30.633123,9.033894,2.422091
-30.853375,3.766581,2.416349
-30.303236,-1.296010,2.412657
-28.261150,-6.127564,-2.186523
-25.950064,-10.223165,-2.180963
-23.506889,-14.070109,-2.185675
-20.850171,-17.731486,-2.190572
-17.750113,-20.792982,-2.185551
-14.407313,-23.267214,-2.178047
-10.557976,-25.290628,-2.179405
-6.647943,-26.716695,-2.189511
-2.412590,-27.686747,-2.184243
1.734306,-28.112602,-2.176183
6.066678,-27.834156,-2.178133
10.076132,-26.711313,-2.175441
13.937085,-25.151603,-2.187925
17.715983,-23.007566,-2.182198
21.132778,-20.311240,-2.175988
24.107027,-17.137682,-2.185157
26.543707,-13.533591,-2.183602
28.334857,-9.567403,-2.179294
29.469190,-5.174829,-2.178521
29.991414,-0.854352,-2.181981
30.116476,3.681094,-2.183385
29.801158,8.397415,-2.178409
28.823585,13.220271,-2.186325
26.963848,17.771647,-2.188116
24.061989,21.979431,-2.184908
20.337134,25.477336,-2.192737
15.997871,28.173548,-2.193337
11.252344,30.059818,-2.185299
6.276303,31.213107,-2.177111
1.192508,31.690308,-2.177660
-3.909310,31.459783,-2.185844
-9.098590,30.406555,-2.186375
-13.886959,28.624769,-2.187464
-18.478817,25.986237,-2.190690
-22.504933,22.543451,-2.191362
-25.758761,18.362832,-2.191837
-28.024010,13.562849,-2.184857
-29.116747,8.603584,-2.188153
-29.483171,3.450077,-2.196518
-29.366708,-1.377279,-2.194225
-27.208686,-5.810413,-6.783168
-24.576024,-9.896505,-6.792046
-22.285694,-13.417132,-6.782334
-19.980312,-16.886559,-6.779900
-17.099380,-19.929025,-6.790065
-13.817085,-22.515155,-6.787472
-10.154642,-24.530310,-6.793405
-6.414059,-25.952692,-6.786770
-2.352397,-26.916405,-6.780334
1.816767,-27.370973,-6.779056
5.797077,-27.118519,-6.781819
9.806596,-25.921716,-6.793245
13.693937,-24.370155,-6.784434
17.334072,-22.327751,-6.782965
20.630362,-19.746752,-6.783496
23.514519,-16.722049,-6.781633
25.898556,-13.285851,-6.787837
27.757694,-9.334952,-6.779881
28.848991,-5.113927,-6.778423
29.337185,-0.778284,-6.786233
29.536214,3.582137,-6.791109
29.432946,8.311491,-6.790736
28.285840,12.881300,-6.790589
26.282390,17.189576,-6.781864
23.465587,21.195127,-6.777644
19.679053,24.608357,-6.789983
15.455777,27.117628,-6.787126
10.854316,28.818182,-6.793331
6.040324,29.799849,-6.789682
1.143892,30.115029,-6.779544
-3.748327,29.706663,-6.793654
-8.526913,28.580841,-6.782401
-13.082310,26.752798,-6.781740
-17.299232,24.236333,-6.788580
-21.028859,21.044812,-6.782234
-24.085608,17.203492,-6.787815
-26.289032,12.797187,-6.790841
-27.416939,8.063923,-6.784637
-27.903853,3.279072,-6.777487
-28.075092,-1.421869,-6.777102
-25.587734,-5.569969,-11.384977
-23.235634,-9.332598,-11.382128
-20.989710,-12.834567,-11.380586
-18.833217,-16.147945,-11.385969
-16.139691,-19.072446,-11.394231
-13.066523,-21.578550,-11.391913
-9.629988,-23.561027,-11.388408
-6.102937,-24.967947,-11.393798
-2.258678,-25.928977,-11.394787
1.693403,-26.386115,-11.390009
5.644218,-26.145813,-11.385741
9.455523,-25.031652,-11.378381
13.145357,-23.559991,-11.375679
16.734665,-21.510765,-11.377239
19.833996,-19.024937,-11.385261
22.546439,-16.131411,-11.393955
24.896265,-12.721684,-11.392377
26.688599,-8.986455,-11.386374
27.806676,-5.001675,-11.383247
28.364262,-0.900936,-11.383465
28.626929,3.408125,-11.386821
28.522156,8.070179,-11.391955
27.276125,12.358562,-11.384587
25.146562,16.535806,-11.379711
22.379059,20.262637,-11.384512
18.855361,23.322861,-11.388255
14.826116,25.669732,-11.385554
10.444757,27.238326,-11.385638
5.861012,28.103841,-11.381190
1.210069,28.295618,-11.377130
-3.415838,27.742521,-11.387728
-7.756029,26.599807,-11.381125
-12.037286,24.770819,-11.377192
-15.849630,22.401349,-11.385973
-19.370503,19.352822,-11.392454
-22.188681,15.863385,-11.386822
-24.359836,11.723295,-11.377160
-25.496453,7.425807,-11.382636
-26.050108,3.073820,-11.393089
-26.323046,-1.388802,-11.391346
-23.516649,-5.245709,-15.983090
-21.645753,-8.782383,-15.993268
-19.649042,-12.117808,-15.987478
-17.627429,-15.212681,-15.975090
-15.136419,-17.967788,-15.979273
-12.294975,-20.349278,-15.991739
-9.135344,-22.290959,-15.989531
-5.725169,-23.750494,-15.989750
-1.985751,-24.739215,-15.993891
1.705582,-25.151557,-15.995115
5.561189,-24.886546,-15.989207
9.139954,-23.902668,-15.978428
12.572426,-22.489594,-15.977339
15.880093,-20.489427,-15.984728
18.721668,-18.099973,-15.985541
21.305956,-15.221053,-15.978626
23.455406,-12.002284,-15.979231
25.139966,-8.517592,-15.988191
26.318212,-4.830163,-15.982249
27.021496,-0.864135,-15.980294
27.286520,3.325209,-15.992947
27.038431,7.513842,-15.990790
25.779109,11.670334,-15.983377
23.823123,15.401032,-15.983369
21.059579,18.959139,-15.985038
17.726259,21.770681,-15.982907
13.944028,23.936397,-15.989685
9.840329,25.378071,-15.989792
5.546150,26.146086,-15.984797
1.197293,26.225007,-15.980404
-2.945247,25.572342,-15.976310
-6.976977,24.404193,-15.985627
-10.933590,22.600107,-15.985303
-14.440009,20.293506,-15.982474
-17.458338,17.622246,-15.991136
-20.104754,14.370897,-15.988679
-22.125391,10.684659,-15.988290
-23.352456,6.702598,-15.992679
-23.970586,2.667818,-15.992256
-24.176806,-1.300478,-15.985292
-21.117599,-4.866929,-20.582692
-19.828823,-8.177312,-20.581868
-18.160496,-11.325674,-20.580549
-16.259722,-14.150667,-20.578447
-13.872451,-16.789587,-20.579854
-11.268265,-18.989407,-20.586608
-8.405770,-20.841642,-20.593413
-5.170681,-22.317858,-20.598331
-1.889797,-23.256950,-20.584754
1.643753,-23.643144,-20.576203
5.194344,-23.377113,-20.587490
8.649727,-22.530001,-20.588921
11.907223,-21.098976,-20.592140
14.876368,-19.138585,-20.591001
17.509713,-16.746198,-20.586633
19.701431,-14.134282,-20.582576
21.628859,-11.144450,-20.581510
23.184298,-7.946335,-20.590460
24.451534,-4.461778,-20.591340
25.252670,-0.844880,-20.591742
25.463382,3.004783,-20.592794
25.026679,6.835117,-20.581407
23.916302,10.684478,-20.583435
22.073425,14.237783,-20.584138
19.532120,17.333706,-20.581533
16.445209,19.885528,-20.587449
12.970065,21.878457,-20.591885
9.204486,23.222183,-20.583424
5.253945,23.924796,-20.577767
1.257229,23.916440,-20.586519
-2.521215,23.156544,-20.593090
-6.209048,22.008175,-20.587374
-9.676191,20.347900,-20.580241
-12.728567,18.234331,-20.583855
-15.582059,15.646422,-20.590186
-17.913659,12.765356,-20.580180
-19.742020,9.538441,-20.583227
-20.994313,6.056173,-20.590720
-21.657450,2.396631,-20.589639
-21.718539,-1.348700,-20.585846
-18.550983,-4.469197,-25.182490
-17.794987,-7.466555,-25.182250
-16.489795,-10.381336,-25.189413
-14.655182,-13.027057,-25.187160
-12.496090,-15.395295,-25.172985
-10.149583,-17.385209,-25.175679
-7.497268,-19.192766,-25.184501
-4.615835,-20.599766,-25.192377
-1.536243,-21.531643,-25.187208
1.649288,-21.826202,-25.180190
4.989060,-21.522477,-25.180740
8.117685,-20.819380,-25.181181
11.008811,-19.429749,-25.187994
13.613341,-17.544732,-25.193325
15.911133,-15.308470,-25.188237
17.901154,-12.788642,-25.179171
19.590185,-10.060717,-25.177387
20.994830,-7.176746,-25.178444
22.212295,-4.205064,-25.177263
23.093056,-0.839105,-25.180428
23.214188,2.632478,-25.184408
22.626726,6.060482,-25.181141
21.753985,9.441186,-25.189977
20.097382,12.776996,-25.188986
17.724603,15.520887,-25.184601
14.916570,17.788918,-25.193892
11.782413,19.586600,-25.191714
8.392318,20.820386,-25.181010
4.826534,21.454541,-25.176226
1.223148,21.369496,-25.179286
-2.154307,20.544419,-25.180306
-5.337130,19.487892,-25.186083
-8.439126,17.946618,-25.187932
-11.149023,15.974169,-25.181600
-13.595063,13.698143,-25.176313
-15.680032,11.083473,-25.181085
-17.280379,8.305355,-25.192801
-18.541803,5.196986,-25.191473
-19.192653,2.068491,-25.180115
-19.106307,-1.266187,-25.179428
-15.972510,-3.957942,-29.789132
-15.544008,-6.781506,-29.780654
-14.548535,-9.395654,-29.774398
-12.900905,-11.723582,-29.776947
-10.982434,-13.792462,-29.779380
-8.821839,-15.621966,-29.778181
-6.518897,-17.266276,-29.784130
-4.016956,-18.581232,-29.787143
-1.198777,-19.482298,-29.781981
1.608269,-19.687728,-29.776209
4.553258,-19.370137,-29.781341
7.431481,-18.761926,-29.790926
10.035602,-17.384860,-29.779484
12.261778,-15.625426,-29.781128
14.214713,-13.584947,-29.784760
15.909537,-11.316013,-29.781411
17.311377,-8.996238,-29.779737
18.563754,-6.460533,-29.779136
19.759848,-3.764625,-29.782264
20.565254,-0.924690,-29.792244
20.631505,2.135567,-29.793941
20.019427,5.140377,-29.777811
19.289925,8.257578,-29.784893
17.903457,11.089926,-29.786469
15.757728,13.476558,-29.781588
13.267456,15.453796,-29.789812
10.504901,17.036879,-29.791336
7.525969,18.158775,-29.782893
4.384757,18.727609,-29.782624
1.324941,18.604549,-29.794768
-1.630115,17.798216,-29.797069
-4.544752,16.811885,-29.781386
-7.164728,15.493719,-29.775644
-9.521404,13.707158,-29.783487
-11.569106,11.757018,-29.783527
-13.339865,9.547888,-29.777753
-14.831345,7.014116,-29.781773
-15.980511,4.406721,-29.785013
-16.618947,1.676692,-29.783004
-16.447735,-1.239625,-29.787380
-13.316944,-3.581101,-34.381722
-13.090653,-5.907863,-34.392942
-12.319592,-8.258032,-34.392654
-10.917381,-10.252293,-34.380736
-9.276702,-12.007983,-34.379551
-7.431059,-13.562918,-34.389854
-5.499144,-15.007028,-34.389793
-3.314216,-16.241849,-34.387624
-0.919646,-17.037392,-34.394481
1.673013,-17.169163,-34.387299
4.183126,-16.860726,-34.377758
6.629025,-16.330496,-34.387322
8.803282,-15.070244,-34.376183
10.655954,-13.513530,-34.374936
12.340622,-11.657766,-34.378692
13.687400,-9.776030,-34.384439
14.914439,-7.701480,-34.390337
15.950181,-5.636163,-34.385341
17.011913,-3.357971,-34.390559
17.718509,-0.940476,-34.387093
17.735659,1.665612,-34.375004
17.163297,4.217814,-34.377037
16.617726,6.792493,-34.377566
15.399122,9.286916,-34.380388
13.594018,11.218496,-34.381164
11.465784,12.893893,-34.377993
9.109149,14.236028,-34.387234
6.577779,15.221794,-34.393034
4.007031,15.716094,-34.391262
1.297805,15.578882,-34.388282
-1.204675,14.836341,-34.385632
-3.590766,14.017717,-34.384096
-5.830404,12.909729,-34.382462
-7.751490,11.436812,-34.385152
-9.488201,9.764883,-34.392124
-10.999654,7.883378,-34.384067
-12.284175,5.733669,-34.379608
-13.270717,3.622240,-34.381900
-13.902701,1.217754,-34.380916
-13.724199,-1.259603,-34.378676
-10.395118,-3.088908,-38.995433
-10.265815,-5.040582,-38.986269
-9.702326,-6.936202,-38.982682
-8.578499,-8.537069,-38.991984
-7.259540,-9.939151,-38.992560
-5.729369,-11.248495,-38.976575
-4.198216,-12.426738,-38.978641
-2.396598,-13.490131,-38.987269
-0.475953,-14.122611,-38.993112
1.601996,-14.169948,-38.990056
3.611791,-13.893550,-38.983992
5.637646,-13.421829,-38.983940
7.333943,-12.329296,-38.986311
8.836673,-10.982558,-38.993139
10.105514,-9.530964,-38.983427
11.170371,-8.013482,-38.982451
12.147369,-6.348082,-38.991562
12.998282,-4.704027,-38.979550
13.875963,-2.889687,-38.973140
14.408150,-0.946449,-38.985063
14.374908,1.063814,-38.994036
13.931785,3.111689,-38.985600
13.525202,5.181641,-38.988195
12.584392,7.105233,-38.990378
11.061636,8.695938,-38.987745
9.341500,10.017330,-38.988992
7.521444,11.047365,-38.992539
5.580750,11.846147,-38.990056
3.451362,12.289224,-38.983247
1.358716,12.163880,-38.981861
-0.634872,11.537043,-38.987045
-2.549195,10.887661,-38.983630
-4.292759,10.082573,-38.978698
-5.898727,8.856315,-38.983012
-7.285023,7.511032,-38.988259
-8.493915,6.001836,-38.979496
-9.480008,4.348312,-38.983729
-10.285186,2.664313,-38.992832
-10.852061,0.751560,-38.989297
-10.735637,-1.147492,-38.992969
-6.841486,-2.453105,-43.581069
-6.726598,-3.798835,-43.581449
-6.377108,-5.177592,-43.583183
-5.597921,-6.343318,-43.584422
-4.648359,-7.350791,-43.584642
-3.636768,-8.219829,-43.578353
-2.506420,-9.117806,-43.585276
-1.283944,-9.886713,-43.590624
0.096563,-10.330830,-43.581185
1.584319,-10.290160,-43.587574
2.971672,-10.078962,-43.587968
4.389150,-9.655632,-43.579202
5.505303,-8.809867,-43.592459
6.510652,-7.852823,-43.592016
7.359720,-6.827973,-43.586423
8.091249,-5.778449,-43.579040
8.744127,-4.682725,-43.579159
9.340733,-3.552370,-43.586552
9.926537,-2.353080,-43.583991
10.265724,-1.005787,-43.581165
10.220123,0.380265,-43.583690
9.955813,1.745987,-43.587897
9.698707,3.178796,-43.589058
9.030744,4.494351,-43.586254
8.002102,5.538636,-43.583579
6.807336,6.439577,-43.585721
5.546006,7.138151,-43.591666
4.259142,7.672268,-43.588299
2.851463,7.993403,-43.581327
1.404349,7.928641,-43.583247
0.032828,7.488352,-43.581961
-1.231394,7.049452,-43.585438
-2.462668,6.556197,-43.591949
-3.592539,5.743198,-43.591543
-4.524331,4.866388,-43.589729
-5.370916,3.837781,-43.589691
-6.071706,2.706615,-43.584354
-6.660893,1.505581,-43.578965
-7.098263,0.189486,-43.587638
-7.065548,-1.172935,-43.586683
0.932874,-1.648492,-48.185289
-27.304760,-11.428327,43.814711
-24.472358,-15.390237,43.814711
-21.271318,-18.697822,43.814711
-17.682986,-21.355975,43.814711
-13.616442,-23.212549,43.814711
-9.314592,-23.786329,43.814711
-4.908310,-22.457319,43.814711
-0.925712,-19.198665,43.814711
1.824004,-15.506448,43.814711
3.479754,-12.557993,43.814711
4.555503,-10.223352,43.814711
5.202644,-8.588010,43.814711
5.690736,-7.182167,43.814710
6.047368,-6.017974,43.814710
6.330632,-4.973387,43.814711
6.521423,-4.184376,43.814711
6.719699,-3.258330,43.814710
6.868115,-2.460264,43.814710
6.995986,-1.658638,43.814710
7.102654,-0.853896,43.814710
7.199391,0.088242,43.814710
7.272057,1.168207,43.814710
7.303591,2.520887,43.814710
7.258400,4.008664,43.814710
7.073461,5.894178,43.814710
6.615047,8.286971,43.814710
5.702921,11.122275,43.814710
4.041445,14.378991,43.814710
1.515024,17.562324,43.814710
-2.085984,20.430342,43.814710
-6.466904,22.566652,43.814711
-11.605948,23.829052,43.814711
-17.152908,23.690382,43.814711
-22.213558,21.724616,43.814711
-26.302652,18.166209,43.814711
-29.142776,13.705896,43.814711
-30.893445,8.581326,43.814711
-31.491397,3.192721,43.814710
-30.995660,-1.964273,43.814710
-26.897372,-6.452195,39.664596
-25.100251,-10.686700,39.668570
-21.654335,-13.826094,39.670391
-18.191691,-16.393704,39.664227
-15.193854,-18.836024,39.663560
-11.240711,-19.831092,39.669689
-7.327782,-19.803834,39.661593
-3.624001,-18.533808,39.669232
-0.499703,-16.187802,39.668249
1.755458,-13.756829,39.672820
3.202314,-11.070600,39.664175
4.285842,-9.444768,39.673086
5.010258,-8.028236,39.674140
5.485904,-6.916207,39.673344
5.973123,-6.005457,39.673836
5.003520,-4.087365,39.676804
5.607713,-3.714811,39.674882
6.863126,-3.330273,39.671077
7.021083,-2.503218,39.669235
6.857544,-1.714226,39.669031
7.021000,-0.750834,39.669150
7.213218,0.203187,39.668187
7.274384,1.184000,39.666940
7.279447,2.409931,39.667814
7.188055,3.871520,39.671766
6.893061,5.683146,39.675772
6.345456,7.693080,39.670809
5.342904,10.049752,39.664255
3.787810,12.552902,39.668580
1.476472,15.094875,39.675499
-1.401163,16.661309,39.667630
-4.885371,17.922108,39.662116
-9.120913,18.995033,39.668891
-13.910031,19.280807,39.673646
-19.159974,18.749716,39.673295
-23.766060,16.393688,39.664028
-28.006569,13.096775,39.665701
-30.120655,8.274340,39.675072
-29.279024,2.853970,39.675242
-28.203177,-1.927073,39.668802
-25.128499,-6.240123,35.518204
-23.248622,-10.086639,35.522751
-19.788919,-12.851636,35.516583
-16.262158,-14.999012,35.520442
-13.251312,-16.948817,35.529561
-9.619415,-17.494312,35.517158
-6.108226,-17.254058,35.515306
-2.882734,-16.152666,35.517695
-0.208876,-14.440380,35.515203
1.790114,-12.739888,35.528835
3.121252,-10.625764,35.515464
4.243613,-9.507007,35.522485
5.108960,-8.311449,35.526007
5.733347,-7.250882,35.517272
6.359169,-6.356912,35.515579
5.601378,-4.514821,35.525128
5.848885,-3.807668,35.527533
7.408394,-3.539036,35.527080
7.949164,-2.690686,35.527009
7.668050,-1.598388,35.527952
7.761879,-0.691489,35.528819
7.983079,0.414610,35.527024
8.035544,1.668077,35.521932
7.981109,3.033697,35.518015
7.793686,4.495120,35.516824
7.352697,6.259939,35.517528
6.623633,8.174894,35.517128
5.466648,10.254617,35.520872
3.790934,12.415742,35.528682
1.535515,14.507200,35.527405
-1.239530,15.788287,35.527824
-4.387842,16.338821,35.525852
-7.886688,16.679183,35.520650
-12.298546,17.095688,35.522402
-16.814037,16.456510,35.526662
-21.104594,14.495873,35.527115
-25.361045,11.738219,35.526133
-27.782430,7.570616,35.524740
-27.450186,2.622286,35.521619
-26.511786,-1.958519,35.518153
-24.010268,-5.980181,31.377934
-21.802114,-9.595157,31.378812
-18.491249,-12.207884,31.371138
-15.034040,-14.100505,31.374544
-11.946205,-15.586255,31.380455
-8.493778,-16.001427,31.372726
-5.370934,-15.755857,31.380359
-2.471911,-14.888187,31.382360
-0.154262,-13.731721,31.377510
1.775593,-12.521644,31.370041
3.206569,-10.901959,31.374946
4.428160,-10.018586,31.376486
5.444002,-9.052263,31.378853
6.296448,-7.953839,31.381761
7.124345,-7.027073,31.380246
7.493443,-5.844825,31.375524
7.026548,-4.360385,31.372891
8.324570,-3.774217,31.373985
9.410496,-2.879765,31.377612
9.192650,-1.625881,31.379686
9.208187,-0.408604,31.377632
9.400171,0.854178,31.376711
9.393658,2.372862,31.380051
9.236154,3.884159,31.377680
8.853589,5.676448,31.371892
8.189452,7.507648,31.372467
7.187775,9.426241,31.380508
5.797565,11.353408,31.381742
3.906728,13.288999,31.375887
1.478679,15.099926,31.382111
-1.352359,16.433965,31.377763
-4.717135,17.308021,31.372491
-8.270546,17.411096,31.376143
-11.864728,16.604166,31.378283
-15.601309,15.187996,31.376498
-19.176830,13.113126,31.377397
-22.028754,10.079256,31.381880
-24.358372,6.476233,31.379606
-26.075961,2.476183,31.370839
-25.676001,-1.965984,31.372569
-23.190996,-5.830929,27.228282
-20.719490,-9.224844,27.229987
-17.647809,-11.730078,27.229770
-14.254847,-13.556749,27.226813
-11.090752,-14.721649,27.229031
-7.949787,-15.153195,27.234386
-5.005645,-15.023712,27.236143
-2.340241,-14.439211,27.238824
-0.076533,-13.643153,27.231977
1.729342,-12.856714,27.231022
3.320493,-11.709986,27.232838
4.731805,-10.881293,27.236086
5.974248,-10.003617,27.238417
7.077990,-8.943248,27.230515
8.078909,-7.931533,27.226912
8.860679,-6.878706,27.237602
9.358286,-5.547507,27.232458
10.155904,-4.369382,27.225987
11.080236,-3.070805,27.228091
11.130162,-1.646447,27.229281
11.159091,-0.086606,27.228013
11.287544,1.530125,27.227153
11.186252,3.276471,27.228764
10.857369,5.108598,27.226300
10.240081,7.086104,27.223976
9.298488,9.058314,27.226795
7.965236,11.057687,27.226010
6.286501,12.925933,27.230933
4.093675,14.730588,27.238247
1.479974,16.318520,27.230282
-1.651468,17.825963,27.227363
-5.327089,19.114640,27.228849
-9.170023,19.055139,27.233249
-12.525005,17.359093,27.236670
-15.726596,15.295727,27.226937
-18.780908,12.893602,27.232979
-20.599280,9.374410,27.239006
-22.345799,5.864770,27.236944
-25.200633,2.259884,27.236304
-25.005757,-1.983308,27.231585
-22.528565,-5.750656,23.090200
-19.894907,-8.983084,23.080143
-17.014910,-11.438193,23.078691
-13.824995,-13.233882,23.082826
-10.645579,-14.239170,23.082124
-7.600304,-14.786566,23.085811
-4.847184,-14.829513,23.086724
-2.342095,-14.528645,23.087042
-0.211748,-14.073502,23.083883
1.773617,-13.502297,23.079848
3.562014,-12.732470,23.087014
5.115718,-11.986761,23.092674
6.596353,-11.120969,23.088185
7.890882,-10.161725,23.085078
9.169242,-9.015473,23.088369
10.214086,-7.803198,23.081185
11.593588,-6.682947,23.077970
12.718720,-5.222755,23.084744
12.879564,-3.348275,23.090043
13.142526,-1.638721,23.084402
13.417297,0.276144,23.078095
13.441497,2.233306,23.079267
13.221553,4.287511,23.083950
12.666193,6.512184,23.084270
11.798856,8.639131,23.082066
10.523117,10.817816,23.083989
8.864374,12.869235,23.089526
6.849338,14.751350,23.090583
4.394655,16.442273,23.088123
1.526081,17.888865,23.088817
-1.915632,19.446583,23.083076
-5.782765,20.661961,23.083416
-9.983558,20.560244,23.088145
-13.686584,18.927694,23.088565
-16.962218,16.612425,23.092027
-19.895298,13.671417,23.084145
-21.899326,9.976050,23.085244
-23.391371,6.208726,23.087635
-24.663732,2.196150,23.080747
-24.253467,-1.937819,23.085886
-21.971276,-5.640096,18.937547
-19.330092,-8.776240,18.931772
-16.570343,-11.249200,18.934023
-13.687600,-13.016790,18.938378
-10.408316,-14.053943,18.941508
-7.565045,-14.740583,18.943032
-5.012150,-14.992971,18.932766
-2.448490,-14.960338,18.941931
-0.260651,-14.748618,18.933317
1.780333,-14.378845,18.933430
3.686568,-13.936171,18.941453
5.509938,-13.248435,18.942960
7.236238,-12.330208,18.938789
8.804722,-11.380291,18.937418
10.342270,-10.171880,18.939894
11.651350,-8.747954,18.943658
13.538407,-7.558829,18.941553
15.225985,-5.986018,18.936799
14.826685,-3.629627,18.939508
15.163383,-1.574744,18.937887
15.715243,0.668291,18.941461
15.652952,3.005697,18.946706
15.292610,5.424605,18.937377
14.540199,7.869232,18.938478
13.355686,10.288300,18.946776
11.851669,12.515126,18.944950
9.871187,14.674156,18.940359
7.407229,16.686133,18.934385
4.676893,18.299532,18.933864
1.418157,19.688584,18.940716
-2.111850,21.063422,18.933146
-6.281610,22.013707,18.936729
-10.553404,21.815990,18.949705
-14.696713,20.311844,18.945012
-18.163099,17.795402,18.932683
-20.950959,14.420110,18.942356
-23.226776,10.736741,18.947006
-24.493875,6.483341,18.939423
-24.269250,2.145931,18.936369
-23.495008,-1.930159,18.937629
-21.388373,-5.611978,14.788599
-18.904707,-8.607308,14.787756
-16.256577,-11.088758,14.793356
-13.521332,-12.903456,14.801028
-10.374244,-14.035998,14.800358
-7.695396,-14.874815,14.793175
-5.181022,-15.342572,14.789821
-2.634190,-15.561599,14.799100
-0.459642,-15.563472,14.797097
1.824878,-15.327703,14.800763
3.870712,-15.111362,14.795103
5.939556,-14.522203,14.795891
7.884084,-13.526630,14.800030
9.697320,-12.584449,14.785948
11.471471,-11.318096,14.785168
12.980333,-9.795101,14.789251
14.964528,-8.387351,14.789233
17.053259,-6.559170,14.785567
16.677838,-3.875336,14.786098
17.077720,-1.610490,14.786913
17.849465,0.953871,14.791377
17.741378,3.660958,14.799155
17.237294,6.434722,14.801505
16.325178,9.085361,14.796499
14.866991,11.794422,14.788175
13.028142,14.251233,14.785023
10.745109,16.487148,14.790721
8.060967,18.457517,14.792499
4.897953,20.125798,14.788615
1.418664,21.411172,14.791245
-2.377600,22.559192,14.800540
-6.685583,23.156718,14.792689
-11.006518,22.655614,14.788313
-15.123872,20.872829,14.799648
-18.451034,18.056046,14.792279
-20.997639,14.417461,14.788370
-23.345802,10.788617,14.796059
-24.551653,6.543976,14.799271
-23.751113,2.138537,14.791172
-22.814173,-1.987023,14.788519
-20.819611,-5.466459,10.652213
-18.538788,-8.436820,10.648030
-15.962181,-10.945621,10.642275
-13.304033,-12.830915,10.644121
-10.518514,-14.050655,10.651881
-7.821245,-15.091714,10.654504
-5.278417,-15.771636,10.653993
-2.944930,-16.174016,10.653048
-0.581637,-16.364735,10.646054
1.777783,-16.255870,10.643313
4.031742,-16.184402,10.648668
6.317213,-15.718937,10.647248
8.459552,-14.663425,10.638686
10.477221,-13.706294,10.642077
12.548246,-12.297890,10.649140
14.258508,-10.695402,10.647584
16.340084,-8.942875,10.644964
18.144619,-6.937544,10.645982
18.236932,-4.188944,10.641180
18.848541,-1.486598,10.646992
19.646971,1.271035,10.654680
19.484698,4.322365,10.653576
18.882997,7.296616,10.654028
17.791931,10.249465,10.648655
16.150818,13.110381,10.645830
14.098572,15.682788,10.651975
11.480677,18.086200,10.646888
8.531529,20.072805,10.649455
5.090214,21.722640,10.655454
1.461195,22.907232,10.647698
-2.656881,23.774039,10.645826
-7.013799,24.016181,10.648580
-11.245112,23.120234,10.646093
-15.019505,20.922396,10.639068
-18.149543,17.711089,10.638222
-20.343868,14.002315,10.644440
-22.678781,10.371064,10.644327
-23.893930,6.295468,10.642596
-23.013387,2.027019,10.647792
-22.107733,-1.949936,10.651767
-20.074924,-5.416686,6.503436
-18.039051,-8.338234,6.496028
-15.666821,-10.729927,6.496526
-13.131742,-12.672104,6.495392
-10.548445,-14.087271,6.494677
-7.996991,-15.251738,6.509788
-5.471869,-16.127122,6.499094
-3.004713,-16.723752,6.492331
-0.617898,-17.048541,6.490339
1.779324,-17.029425,6.505323
4.206146,-17.058126,6.503781
6.673168,-16.690963,6.498300
8.872163,-15.656628,6.509014
11.183337,-14.611898,6.498383
13.294593,-13.208848,6.498356
15.309820,-11.452561,6.501304
17.243843,-9.395344,6.504179
18.696018,-7.003765,6.507657
19.360478,-4.281375,6.500461
20.195917,-1.586393,6.498890
20.941853,1.500548,6.500761
20.747302,4.724966,6.498023
20.090510,7.872574,6.499211
18.864499,11.115025,6.501453
17.174446,14.005390,6.502879
14.882355,16.794055,6.505109
12.067940,19.263545,6.506993
8.905277,21.262838,6.503666
5.365080,22.853610,6.500505
1.385914,24.005791,6.504569
-2.715598,24.512931,6.506666
-7.171740,24.467813,6.500538
-11.341146,23.198769,6.495233
-14.783027,20.586716,6.497337
-17.612640,17.194304,6.500247
-19.542326,13.411804,6.501197
-21.545764,9.849199,6.502114
-22.711098,6.031682,6.499120
-22.036100,1.837982,6.494652
-21.266350,-1.927150,6.499717
-19.209760,-5.229895,2.364453
-17.499901,-8.087140,2.354739
-15.188590,-10.511578,2.357656
-12.802366,-12.455148,2.359315
-10.484974,-14.038240,2.353394
-7.990205,-15.330843,2.361148
-5.643420,-16.304685,2.353556
-3.211171,-17.037351,2.362020
-0.707685,-17.497186,2.365452
1.824012,-17.565337,2.352227
4.384731,-17.640732,2.354391
6.871138,-17.354444,2.362354
9.231715,-16.352236,2.356293
11.670238,-15.253251,2.362395
13.872586,-13.763560,2.363033
16.053841,-11.931664,2.356969
17.710136,-9.717484,2.356819
18.735392,-7.082328,2.362482
19.979418,-4.415562,2.357107
21.076981,-1.538665,2.351285
21.569553,1.631481,2.352842
21.382071,4.842864,2.356415
20.686582,8.254735,2.352328
19.463672,11.509060,2.351768
17.630483,14.625375,2.356292
15.298905,17.386868,2.358589
12.442804,19.816188,2.359044
9.117933,21.806974,2.361203
5.403716,23.354177,2.358301
1.385998,24.372385,2.348646
-2.741105,24.590761,2.351729
-7.067032,24.312209,2.354771
-11.170533,22.871921,2.350298
-14.494890,20.098099,2.347991
-17.179308,16.757782,2.355225
-18.959906,13.038688,2.355940
-20.358045,9.237017,2.352750
-21.072102,5.467353,2.352288
-20.811132,1.703069,2.356432
-20.239835,-1.919854,2.363311
-18.096838,-5.022251,-1.797510
-16.671915,-7.862210,-1.791952
-14.564127,-10.188034,-1.784725
-12.365893,-12.084548,-1.787697
-10.250340,-13.848820,-1.792326
-7.963517,-15.157888,-1.787508
-5.584498,-16.278842,-1.792875
-3.221216,-17.089315,-1.798888
-0.644999,-17.639056,-1.801179
1.843419,-17.779556,-1.793387
4.355781,-17.824863,-1.787370
6.950368,-17.550854,-1.791811
9.439647,-16.652609,-1.794086
11.944033,-15.485996,-1.785560
14.179827,-13.899008,-1.796052
16.237353,-12.157622,-1.792323
17.739162,-9.770663,-1.784103
18.474837,-6.954287,-1.797098
20.139938,-4.418833,-1.798621
21.276156,-1.518318,-1.788850
21.490112,1.681105,-1.788826
21.337722,4.954739,-1.798218
20.724218,8.185997,-1.787657
19.491281,11.523233,-1.785432
17.682972,14.582015,-1.794829
15.268927,17.368689,-1.794881
12.296316,19.767373,-1.788191
8.956244,21.603479,-1.787375
5.369637,22.932539,-1.791575
1.379327,23.769882,-1.793655
-2.561927,23.789828,-1.795058
-6.752833,23.221907,-1.795752
-10.603410,21.913920,-1.793294
-14.110872,19.564142,-1.790757
-16.842596,16.532087,-1.794182
-18.682104,12.859179,-1.794180
-19.186984,8.708395,-1.790676
-19.109607,4.884482,-1.788845
-19.245706,1.467566,-1.790787
-18.937353,-1.956131,-1.795640
-16.717256,-4.810221,-5.932043
-15.601143,-7.532081,-5.942767
-13.773004,-9.743314,-5.939238
-11.717155,-11.628443,-5.936684
-9.811205,-13.455181,-5.944704
-7.653435,-14.778394,-5.932089
-5.406492,-15.925849,-5.931670
-3.039328,-16.802155,-5.933128
-0.703980,-17.349586,-5.937363
1.807735,-17.609752,-5.929777
4.328605,-17.518490,-5.933976
6.828572,-17.148264,-5.944354
9.386209,-16.454614,-5.937857
11.764589,-15.277199,-5.936087
13.885111,-13.710532,-5.935988
15.898209,-11.902667,-5.936447
17.262908,-9.410729,-5.936137
17.942667,-6.842511,-5.935399
19.780638,-4.404832,-5.937624
20.784128,-1.511181,-5.937594
20.817719,1.470236,-5.936288
20.764580,4.731964,-5.939156
20.210572,7.965526,-5.946005
19.023112,11.170971,-5.938752
17.181388,14.187954,-5.931963
14.791984,16.798043,-5.942282
11.963252,18.923861,-5.943291
8.688185,20.562076,-5.939903
5.191382,21.652468,-5.937542
1.447483,22.232545,-5.934468
-2.352329,22.143873,-5.932307
-5.994151,21.187823,-5.932644
-9.601349,19.952637,-5.932780
-13.322804,18.444226,-5.933547
-16.148503,15.730749,-5.940117
-17.900081,12.263513,-5.942846
-17.673232,7.937936,-5.943771
-16.992338,4.228570,-5.941798
-17.405873,1.085715,-5.935529
-17.369788,-1.823112,-5.930609
-15.126530,-4.489296,-10.088696
-14.306892,-7.092064,-10.077740
-12.774770,-9.237950,-10.077762
-10.934463,-11.047570,-10.079651
-9.245281,-12.802865,-10.074879
-7.180386,-14.130123,-10.087884
-5.126265,-15.228820,-10.079678
-2.846404,-16.121424,-10.074250
-0.588764,-16.675573,-10.083575
1.851751,-17.064464,-10.084313
4.239820,-16.706595,-10.079037
6.519822,-16.181251,-10.083758
9.034292,-15.754222,-10.086941
11.200163,-14.590138,-10.076150
13.228233,-13.020919,-10.088263
15.049732,-11.190210,-10.084661
16.287022,-8.967088,-10.078055
17.259212,-6.592304,-10.087535
18.945079,-4.317984,-10.085314
19.697604,-1.485845,-10.077509
19.686586,1.263899,-10.080041
19.740170,4.392339,-10.090762
19.265804,7.504536,-10.087687
18.154966,10.459021,-10.083260
16.333781,13.309764,-10.079951
14.056314,15.653039,-10.076117
11.264303,17.561429,-10.081420
8.157399,18.914969,-10.084670
4.876706,19.697365,-10.086100
1.506868,19.978696,-10.089571
-1.913292,19.841554,-10.082043
-5.096541,18.522436,-10.077451
-8.157515,17.070957,-10.080820
-11.494555,16.064797,-10.084881
-14.031690,13.676690,-10.087036
-15.619002,10.564867,-10.083618
-15.491554,6.808117,-10.081187
-14.883981,3.499496,-10.083427
-15.398451,0.856942,-10.085731
-15.548004,-1.816553,-10.089402
-13.360634,-4.197386,-14.228733
-12.814305,-6.573498,-14.223852
-11.648308,-8.614076,-14.223194
-10.007780,-10.383848,-14.226148
-8.430869,-12.025946,-14.224841
-6.604995,-13.235588,-14.228485
-4.591785,-14.321136,-14.221968
-2.559408,-15.127230,-14.229416
-0.455969,-15.662041,-14.235585
1.834994,-16.174199,-14.228278
3.964284,-15.571166,-14.233035
6.132666,-14.915060,-14.230764
8.401843,-14.725452,-14.221646
10.396114,-13.556295,-14.234628
12.271587,-12.057783,-14.223402
13.755152,-10.330678,-14.229460
15.059481,-8.321719,-14.235437
16.356662,-6.302913,-14.227308
17.707648,-4.059773,-14.231485
18.156560,-1.544838,-14.225681
18.222894,1.088765,-14.225848
18.363916,3.883915,-14.237501
17.978335,6.774915,-14.227662
16.883997,9.592514,-14.219064
15.177449,12.087125,-14.220726
12.987319,14.166936,-14.222204
10.320678,15.788836,-14.221457
7.475078,16.827896,-14.228825
4.509250,17.312518,-14.237476
1.494461,17.333176,-14.234773
-1.474601,17.124750,-14.230125
-4.172542,15.750433,-14.230886
-6.549685,14.018190,-14.234434
-9.098483,12.832450,-14.234130
-10.998066,10.673595,-14.230470
-12.287415,8.214526,-14.228445
-12.869625,5.519851,-14.227572
-12.911436,2.908712,-14.225571
-13.410819,0.567756,-14.223874
-13.613726,-1.798152,-14.226438
-11.477838,-3.923536,-18.379361
-11.142374,-6.027973,-18.384535
-10.334323,-7.939535,-18.381881
-8.993562,-9.584253,-18.374712
-7.505981,-11.060693,-18.371652
-5.833563,-12.185050,-18.376509
-4.057442,-13.130168,-18.366172
-2.186919,-13.877272,-18.368564
-0.255681,-14.387842,-18.371894
1.756120,-14.948701,-18.380127
3.725896,-14.239694,-18.380958
5.697114,-13.639403,-18.377691
7.777317,-13.462420,-18.375820
9.508386,-12.367613,-18.372755
11.126305,-11.015418,-18.376737
12.365677,-9.331624,-18.380066
13.697216,-7.696022,-18.379234
15.164898,-5.957429,-18.374824
15.983915,-3.810687,-18.369841
16.301630,-1.539418,-18.368815
16.534406,0.824535,-18.373445
16.712439,3.379298,-18.380151
16.375878,5.925400,-18.380418
15.340389,8.469494,-18.372679
13.767588,10.616234,-18.367471
11.695074,12.420119,-18.370660
9.362167,13.682635,-18.371959
6.725665,14.493655,-18.369800
4.096240,14.755000,-18.372543
1.546367,14.581989,-18.382639
-1.057944,14.292230,-18.382311
-3.342482,13.137958,-18.374317
-5.176467,11.418303,-18.368290
-7.001287,10.026550,-18.366401
-8.411246,8.148800,-18.369159
-9.394566,6.160242,-18.367489
-10.305701,4.270754,-18.368343
-11.107418,2.325046,-18.377509
-11.565020,0.269892,-18.369423
-11.654714,-1.823023,-18.369224
-9.570147,-3.589970,-22.523827
-9.348852,-5.397414,-22.526518
-8.861482,-7.227603,-22.517641
-7.820480,-8.729831,-22.514652
-6.457374,-9.941063,-22.527451
-4.948265,-10.961292,-22.529460
-3.322821,-11.788232,-22.516424
-1.698157,-12.419321,-22.516011
-0.023558,-12.884012,-22.525866
1.759862,-13.426990,-22.527401
3.542721,-12.972134,-22.515750
5.320977,-12.536955,-22.521469
7.081156,-12.168474,-22.528855
8.651858,-11.192411,-22.521505
10.059693,-9.917029,-22.521322
11.062255,-8.400607,-22.516618
12.424577,-7.026105,-22.511406
13.632075,-5.464346,-22.512898
13.868610,-3.540389,-22.518218
14.247001,-1.581402,-22.516678
14.706083,0.497131,-22.513792
14.856528,2.718168,-22.513408
14.527431,5.000495,-22.511845
13.618983,7.110806,-22.513749
12.147659,8.991454,-22.520210
10.356275,10.436741,-22.525583
8.220809,11.482120,-22.523276
5.984558,12.059997,-22.521266
3.694611,12.183735,-22.523038
1.576127,11.932220,-22.523349
-0.576876,11.608966,-22.519455
-2.504310,10.801844,-22.517041
-4.084860,9.320879,-22.520159
-5.467894,7.887473,-22.522808
-6.549662,6.342266,-22.520131
-7.353820,4.692704,-22.518083
-8.221067,3.183660,-22.519847
-9.416822,1.794027,-22.516964
-9.892520,-0.018674,-22.511448
-9.804527,-1.793439,-22.514663
-7.681824,-3.240626,-26.673161
-7.446794,-4.726650,-26.673725
-7.267308,-6.337969,-26.671608
-6.523744,-7.740222,-26.668243
-5.241039,-8.729408,-26.672141
-3.969089,-9.587298,-26.663652
-2.573024,-10.241883,-26.675824
-1.196574,-10.762355,-26.672500
0.277212,-11.208511,-26.661875
1.748863,-11.666004,-26.665022
3.352218,-11.731893,-26.675221
4.913531,-11.346365,-26.665431
6.400130,-10.734305,-26.656350
7.780126,-9.903962,-26.660894
8.852902,-8.800580,-26.664144
9.729263,-7.459963,-26.663199
10.967821,-6.316157,-26.667701
11.633020,-4.821468,-26.668642
11.483786,-3.168917,-26.664629
12.079849,-1.612480,-26.668923
12.720949,0.158777,-26.663873
12.786438,2.046602,-26.659515
12.454012,3.896347,-26.674375
11.652388,5.663554,-26.670315
10.423645,7.176888,-26.659960
8.816795,8.387539,-26.667781
7.106532,9.157183,-26.669652
5.207175,9.595630,-26.661459
3.334214,9.654419,-26.658237
1.551796,9.383122,-26.672189
-0.171504,9.053526,-26.672072
-1.747333,8.524930,-26.663962
-3.140146,7.467708,-26.670532
-4.205527,6.169337,-26.677203
-5.040216,4.879901,-26.667779
-5.741988,3.581248,-26.659519
-6.404948,2.334171,-26.675223
-7.708068,1.250662,-26.665169
-8.290933,-0.223314,-26.664337
-8.053264,-1.822358,-26.672843
-5.810483,-2.935762,-30.821822
-5.489743,-4.119071,-30.818142
-5.483852,-5.429076,-30.816443
-5.023540,-6.647861,-30.818516
-3.935340,-7.376638,-30.808852
-2.866782,-8.080299,-30.814470
-1.732905,-8.575269,-30.812150
-0.622936,-8.974675,-30.816373
0.551029,-9.341874,-30.811949
1.713819,-9.774109,-30.806725
3.072615,-10.133033,-30.812252
4.301172,-9.653674,-30.812290
5.504321,-9.030284,-30.810536
6.575629,-8.318451,-30.808255
7.379570,-7.322430,-30.808107
8.086328,-6.301750,-30.813571
9.099222,-5.383185,-30.820204
9.112032,-4.028499,-30.814724
8.987295,-2.788949,-30.808779
9.844326,-1.638713,-30.812049
10.442250,-0.246425,-30.811233
10.410684,1.228916,-30.809576
10.077103,2.694082,-30.814317
9.412043,4.039738,-30.817113
8.432332,5.186275,-30.819125
7.208958,6.063681,-30.820749
5.827500,6.660269,-30.812782
4.408491,6.965610,-30.804100
2.958392,7.000850,-30.803721
1.579020,6.790903,-30.809377
0.276014,6.483866,-30.814156
-0.962393,6.128260,-30.813200
-2.147515,5.571092,-30.807074
-3.024709,4.596129,-30.805226
-3.600863,3.488365,-30.806260
-4.222408,2.487877,-30.805443
-4.746082,1.472650,-30.817143
-5.783204,0.623697,-30.819984
-6.582046,-0.488082,-30.814986
-6.315223,-1.789451,-30.820121
-3.830417,-2.614545,-34.956011
-3.405878,-3.394241,-34.952639
-3.424289,-4.350245,-34.957081
-3.247316,-5.321945,-34.959536
-2.404147,-5.842623,-34.954855
-1.625392,-6.344841,-34.958280
-0.825362,-6.673016,-34.958264
0.024919,-6.962227,-34.953173
0.828477,-7.253231,-34.953417
1.704366,-7.649479,-34.957706
2.669947,-7.687023,-34.963396
3.515128,-7.236436,-34.965878
4.301352,-6.733417,-34.964083
4.951802,-6.113814,-34.961969
5.383390,-5.376224,-34.963603
6.019260,-4.810386,-34.963071
6.448968,-4.082910,-34.961388
6.058865,-3.071347,-34.961969
6.478529,-2.426516,-34.959075
7.372639,-1.637390,-34.957979
7.589414,-0.725139,-34.963995
7.465963,0.236102,-34.965569
7.185994,1.161951,-34.960700
6.717366,2.059203,-34.960310
6.077933,2.795109,-34.963210
5.271544,3.345506,-34.964732
4.368950,3.722915,-34.963661
3.417337,3.927916,-34.959646
2.519398,3.960034,-34.954908
1.622236,3.857427,-34.955688
0.749908,3.641553,-34.961079
-0.052007,3.364614,-34.961649
-0.879970,3.152073,-34.956170
-1.709136,2.844512,-34.951276
-2.099414,1.983405,-34.960538
-2.445584,1.213820,-34.967413
-2.911496,0.579903,-34.962957
-3.352566,-0.117061,-34.951624
-4.442803,-0.792865,-34.955371
-4.351019,-1.753535,-34.959316
0.425428,-2.854052,-39.104852
