23.844715,29.698363,36.194998
18.146252,32.250046,36.194998
12.069725,33.678553,36.194998
6.239128,34.012399,36.194998
0.633308,33.413111,36.194998
-4.603268,31.950689,36.194997
-9.327876,29.691786,36.194997
-13.387144,26.715699,36.194997
-16.693281,23.190188,36.194997
-19.276136,19.346679,36.194997
-21.175962,15.570673,36.194997
-22.613214,11.810699,36.194997
-23.666420,8.134605,36.194997
-24.399550,4.586859,36.194997
-24.876028,0.995809,36.194997
-25.070310,-2.621813,36.194997
-24.925343,-6.443103,36.194997
-24.373547,-10.227514,36.194997
-23.312329,-14.111747,36.194997
-21.727235,-17.813459,36.194997
-19.358579,-21.556191,36.194997
-16.388034,-24.842435,36.194997
-12.902747,-27.578046,36.194997
-8.811610,-29.751997,36.194997
-4.185058,-31.151620,36.194997
0.632080,-31.553358,36.194997
5.433223,-31.003675,36.194997
10.267535,-29.599421,36.194997
14.678667,-27.628781,36.194997
18.999977,-25.050420,36.194997
23.172868,-21.892373,36.194997
26.985214,-18.306694,36.194997
30.620863,-13.999930,36.194997
33.761894,-9.077570,36.194997
36.155246,-3.531361,36.194997
37.448304,2.578932,36.194997
37.390538,8.813602,36.194997
35.892359,15.127445,36.194997
33.121614,20.822485,36.194998
29.290789,26.037374,32.388346
24.207150,30.074322,32.392335
18.412114,32.942085,32.395148
12.564249,34.578643,32.397436
6.496978,35.201948,32.395721
0.688061,34.433969,32.388988
-4.584435,31.864539,32.389406
-9.309576,29.091165,32.395753
-13.340158,26.383269,32.401695
-16.765464,23.235523,32.400171
-19.462248,19.685976,32.395868
-21.610182,15.780660,32.401523
-22.931447,11.961854,32.390498
-23.962063,8.250988,32.388961
-24.856645,4.516222,32.393710
-25.397265,0.911795,32.385914
-25.651373,-2.725903,32.388208
-25.343205,-6.553938,32.394178
-24.610934,-10.328118,32.394905
-23.620226,-14.263800,32.393554
-22.064814,-18.217252,32.397008
-19.461669,-21.564045,32.400005
-16.417791,-24.563534,32.394125
-12.706774,-27.344306,32.390187
-8.692641,-29.301932,32.395771
-4.032066,-30.668623,32.398386
0.582763,-31.187856,32.390680
5.491206,-31.064604,32.387633
10.229872,-29.491470,32.396201
14.498669,-27.115445,32.403493
19.078435,-24.976289,32.399117
23.248606,-22.109641,32.395385
27.151451,-18.276377,32.402610
30.554932,-13.999608,32.398306
33.498705,-9.154308,32.388684
35.679417,-3.485846,32.398152
36.814250,2.469028,32.390246
37.443900,8.963015,32.388445
36.513527,15.296708,32.391350
33.503018,21.132797,32.389268
29.134463,26.136216,28.588156
24.274951,30.194523,28.599547
18.724808,33.188289,28.593538
12.709111,35.134595,28.596757
6.611547,35.927127,28.601288
0.768588,35.095274,28.590092
-4.750556,32.026554,28.599947
-9.243837,29.186505,28.601974
-13.291489,26.445560,28.591280
-16.800407,23.338688,28.589967
-19.636294,19.858670,28.601855
-21.815097,16.164848,28.597446
-23.225672,12.133957,28.599101
-24.289429,8.401842,28.592823
-25.258920,4.658781,28.587141
-25.833552,1.032110,28.596362
-26.114987,-2.836692,28.591907
-25.710140,-6.679947,28.587084
-24.886093,-10.467140,28.591752
-23.827774,-14.414346,28.598093
-22.135203,-18.344367,28.599239
-19.545990,-21.482313,28.603970
-16.233141,-24.539319,28.594216
-12.562549,-27.087871,28.590705
-8.468034,-28.947863,28.595640
-4.155941,-30.179699,28.586914
0.681304,-30.826919,28.590905
5.424521,-30.916543,28.597239
10.258432,-29.554502,28.595863
14.654904,-27.340546,28.589963
19.376836,-25.435112,28.586921
23.860846,-22.606782,28.589469
27.843564,-18.798101,28.595606
31.352751,-14.291192,28.597512
34.166203,-9.324068,28.593685
36.139713,-3.532131,28.592529
37.130014,2.493357,28.597877
37.607357,8.843301,28.594490
36.510447,15.394002,28.585383
33.376750,21.204745,28.582127
28.864365,25.873304,24.794419
24.070781,30.055608,24.798475
18.566855,33.211296,24.789811
12.772870,35.293766,24.788872
6.670109,36.201038,24.797583
0.786908,35.368766,24.797703
-4.659985,32.526914,24.794459
-9.346774,29.552386,24.790364
-13.477194,26.536426,24.794016
-16.927634,23.320792,24.796225
-19.814988,19.855590,24.791957
-22.047845,16.169361,24.796149
-23.473177,12.335076,24.800280
-24.663252,8.404822,24.793836
-25.606154,4.845163,24.793189
-26.213342,0.996129,24.803959
-26.458983,-2.895656,24.793029
-26.019875,-6.754809,24.785918
-25.165444,-10.562064,24.790423
-23.967637,-14.481745,24.798282
-22.145264,-18.157174,24.802106
-19.437581,-21.499539,24.798198
-16.220279,-24.373201,24.792187
-12.436227,-26.814157,24.792384
-8.483331,-28.530821,24.793760
-4.139461,-29.741097,24.789979
0.519633,-30.417626,24.797159
5.462026,-30.574456,24.802670
10.260185,-29.661097,24.797983
14.893467,-27.948163,24.790831
19.860194,-26.032101,24.792342
24.617182,-23.200977,24.802185
28.870412,-19.343878,24.800546
32.410582,-14.817532,24.789887
35.222800,-9.583754,24.790472
37.049101,-3.707257,24.802763
37.903107,2.587648,24.794119
37.721215,8.956276,24.798510
36.058574,15.281660,24.805005
32.971924,20.896373,24.798663
28.340910,25.400299,20.991674
23.767775,29.539335,20.989083
18.524114,32.771456,20.986485
12.781928,35.048035,20.988761
6.695580,36.029275,20.992712
0.777611,35.271081,20.993914
-4.697115,32.924412,20.995081
-9.452342,30.042761,20.987040
-13.462171,26.851088,20.991776
-16.946990,23.354935,21.000977
-19.839616,19.884152,20.998967
-22.117586,16.216455,21.000480
-23.689837,12.425896,20.992380
-24.908372,8.711825,20.990304
-25.903256,4.942934,20.990728
-26.488175,1.081957,20.985854
-26.680543,-2.820772,21.000176
-26.269600,-6.693427,21.002930
-25.375256,-10.716074,20.996147
-24.006465,-14.579384,20.990345
-21.947514,-18.142339,20.986806
-19.398272,-21.371997,20.998534
-16.155477,-24.208714,20.995957
-12.456342,-26.443030,20.991065
-8.288282,-28.185505,20.997899
-3.916942,-29.338550,20.999674
0.558620,-29.973275,20.998010
5.280893,-30.091563,20.990933
10.194671,-29.645596,20.994092
15.204068,-28.521584,21.003332
20.368525,-26.491916,20.994669
25.182206,-23.727982,20.988273
29.748747,-19.902385,20.985776
33.496640,-15.261549,20.994576
36.339778,-9.794518,21.003471
38.082516,-3.662408,20.996022
38.599231,2.697673,20.997615
37.562213,8.964343,20.995277
35.297902,14.959567,20.991380
32.279515,20.374111,20.991513
27.580532,24.730814,17.197753
23.063089,28.892279,17.187729
18.087677,32.130183,17.194859
12.407962,34.508873,17.194326
6.558701,35.432384,17.187023
0.641963,34.790768,17.194366
-4.833674,33.083172,17.195776
-9.641989,30.358168,17.191556
-13.516704,27.017625,17.196011
-16.857597,23.411379,17.202445
-19.709629,19.930121,17.201103
-22.017192,16.303549,17.200856
-23.853218,12.418258,17.193603
-25.160243,8.754354,17.188667
-26.115573,4.986353,17.190586
-26.654642,1.134628,17.193588
-26.765275,-2.958230,17.191338
-26.381545,-6.824319,17.188274
-25.548540,-10.632132,17.196062
-24.078222,-14.442573,17.201106
-21.925344,-17.929604,17.188928
-19.247846,-21.303435,17.198396
-15.959173,-24.050491,17.201363
-12.204204,-26.169251,17.194732
-8.218992,-27.765006,17.190155
-4.052730,-28.828136,17.186586
0.411874,-29.439774,17.187479
5.107802,-29.498597,17.197329
10.038718,-29.369201,17.205123
15.292506,-28.714807,17.201875
20.423703,-26.623722,17.196141
25.408626,-23.789574,17.198085
30.131285,-20.189222,17.202723
34.162655,-15.561570,17.195963
37.102057,-9.926355,17.189460
38.678679,-3.775021,17.198956
38.665411,2.584611,17.193232
36.999451,8.686913,17.187749
34.365319,14.507067,17.191851
31.308854,19.866325,17.198791
26.600039,23.876054,13.396893
22.326793,27.866339,13.393642
17.510004,31.188591,13.393789
12.142677,33.544983,13.391748
6.384443,34.446666,13.390647
0.740114,34.013708,13.395178
-4.814424,32.931012,13.392769
-9.628583,30.433848,13.399010
-13.559098,26.935830,13.394668
-16.773732,23.322636,13.389081
-19.641341,19.681118,13.395614
-21.917230,16.113095,13.394569
-23.828473,12.557609,13.402498
-25.293442,8.807728,13.397629
-26.230274,4.880707,13.383783
-26.697339,1.079992,13.387591
-26.712506,-2.950432,13.399659
-26.391275,-6.770903,13.404938
-25.535527,-10.710596,13.398224
-23.979655,-14.429176,13.392394
-21.822393,-17.838649,13.399338
-19.122663,-21.111149,13.402193
-15.822387,-23.743485,13.401452
-12.087196,-25.764061,13.402424
-8.144120,-27.291506,13.399901
-4.029053,-28.293614,13.392674
0.377711,-28.828515,13.399941
5.003349,-28.808585,13.399870
9.865410,-28.752130,13.393682
15.043591,-28.230377,13.391651
19.887586,-26.174638,13.391958
24.773444,-23.340073,13.400972
29.542881,-19.945559,13.398089
33.826751,-15.415324,13.394436
36.821426,-9.900772,13.396245
38.309304,-3.826181,13.392438
37.847823,2.614757,13.401857
35.874811,8.541190,13.395687
33.242625,14.017438,13.388379
30.282095,19.091087,13.392713
25.423358,22.852567,9.589115
21.296410,26.711232,9.600003
16.705080,30.029315,9.601974
11.534404,32.315538,9.593126
5.949327,33.126121,9.588672
0.484481,32.866665,9.593071
-4.752124,32.187970,9.592356
-9.463173,29.926819,9.589719
-13.375522,26.645911,9.596143
-16.668663,23.068620,9.601339
-19.368327,19.488923,9.598206
-21.687402,15.885791,9.602171
-23.798482,12.368711,9.598811
-25.289839,8.783552,9.598582
-26.151831,4.968393,9.602852
-26.577934,1.096755,9.602829
-26.515678,-2.797009,9.601904
-26.234214,-6.694913,9.594620
-25.369866,-10.683365,9.593902
-23.798874,-14.259719,9.601763
-21.608357,-17.717227,9.601356
-18.932510,-20.823432,9.590721
-15.526312,-23.413547,9.590670
-11.884909,-25.303794,9.597425
-8.053822,-26.734965,9.597062
-3.872867,-27.692162,9.590350
0.397213,-28.103908,9.589952
4.676978,-28.034356,9.591359
9.363032,-27.755574,9.593698
14.335163,-26.901196,9.593897
18.793566,-24.903569,9.589599
23.257646,-22.106715,9.594967
27.461099,-18.633545,9.598542
31.379920,-14.290986,9.599195
34.479829,-9.320088,9.600360
36.322451,-3.560681,9.596779
36.168451,2.488100,9.589770
34.466125,8.080256,9.595278
31.942835,13.384961,9.598215
28.924024,18.425045,9.590774
24.082298,21.687430,5.790118
20.134214,25.346391,5.793608
15.805822,28.591392,5.789532
10.894621,30.758137,5.792937
5.738675,31.527489,5.801046
0.533130,31.454748,5.797296
-4.648186,30.824276,5.788344
-9.180300,28.761459,5.792236
-13.132790,25.910602,5.797842
-16.447959,22.688974,5.794263
-19.069115,19.073199,5.791752
-21.296818,15.650477,5.802198
-23.545080,12.222370,5.799925
-25.098459,8.669453,5.793454
-25.913141,4.833225,5.790650
-26.274799,0.954311,5.787515
-26.144802,-2.754678,5.787643
-25.873483,-6.660431,5.793674
-25.047035,-10.453576,5.795300
-23.441721,-14.024778,5.792445
-21.264404,-17.481520,5.796848
-18.531566,-20.526853,5.802860
-15.233543,-22.934055,5.794916
-11.743981,-24.692786,5.788615
-7.899038,-26.075608,5.790001
-3.903092,-26.938425,5.789608
0.356392,-27.250557,5.800113
4.632362,-27.125660,5.802670
8.848802,-26.460879,5.795768
13.105116,-25.123113,5.792921
17.309794,-23.149754,5.797317
21.281570,-20.376524,5.792459
24.442454,-16.747343,5.794308
27.475860,-12.744063,5.793910
30.705887,-8.432250,5.790275
33.093951,-3.389140,5.796686
33.808798,2.157613,5.790843
32.615599,7.773479,5.787268
30.390293,12.728375,5.787720
27.482492,17.517144,5.787900
22.607530,20.408380,1.998741
18.838454,23.853564,1.994510
14.896126,26.870288,1.992435
10.253365,28.915493,1.989386
5.175614,29.714305,1.993204
0.419920,29.785523,2.001485
-4.464994,29.003809,1.991010
-8.806164,27.111411,1.988169
-12.666359,24.902061,1.998090
-16.057660,22.150929,2.001906
-18.641367,18.557082,1.995666
-20.884084,15.183232,2.002126
-23.085382,11.975014,1.997449
-24.656849,8.458628,1.996096
-25.412640,4.811901,2.002141
-25.747982,0.953967,1.999078
-25.583482,-2.739651,1.988336
-25.302768,-6.445355,1.995403
-24.461992,-10.208851,1.996751
-22.855641,-13.756446,1.989853
-20.809885,-17.047980,2.001647
-18.191382,-19.912188,2.003523
-14.905494,-22.288114,1.992103
-11.424140,-24.001851,1.987588
-7.581168,-25.298722,1.991783
-3.775092,-26.044160,1.990284
0.269049,-26.245524,1.990382
4.336488,-26.030819,1.991733
8.248472,-25.061990,1.996356
12.142436,-23.372056,1.997485
15.948436,-21.532967,1.989771
19.523275,-18.935007,1.995424
22.297371,-15.528563,2.001181
24.943196,-11.777072,2.002619
27.788000,-7.752019,2.002185
29.974627,-3.123825,1.999903
31.064616,2.067929,2.001891
30.515728,7.133863,2.001246
28.608787,12.107376,1.999862
25.924869,16.496617,2.000110
21.029447,19.039752,-1.801509
17.580334,22.168607,-1.804683
13.699844,25.078861,-1.800942
9.451445,26.899443,-1.798472
4.829734,27.737360,-1.800750
0.182752,27.906350,-1.803743
-4.209113,26.931764,-1.808670
-8.359304,25.226448,-1.803832
-12.197931,23.525652,-1.805183
-15.586067,21.205664,-1.806333
-18.019907,18.000309,-1.800166
-20.284776,14.711294,-1.807878
-22.330516,11.663912,-1.807661
-23.871752,8.180079,-1.802670
-24.631841,4.580658,-1.801430
-24.952332,0.936561,-1.803365
-24.804487,-2.719000,-1.808133
-24.444722,-6.374316,-1.810758
-23.576541,-9.916153,-1.810290
-22.093318,-13.278776,-1.806509
-20.093990,-16.540954,-1.800544
-17.587465,-19.211781,-1.799166
-14.482216,-21.462073,-1.799561
-11.040100,-23.132273,-1.806147
-7.380727,-24.270690,-1.810972
-3.611044,-24.936628,-1.802064
0.045658,-25.070646,-1.798077
4.036434,-24.695739,-1.798349
7.691346,-23.611263,-1.801689
11.184766,-22.021805,-1.807696
14.924228,-20.202337,-1.811653
18.319545,-17.787554,-1.806732
21.134651,-14.730257,-1.804793
23.658418,-11.202193,-1.806260
25.872396,-7.298655,-1.804036
27.422338,-2.898283,-1.798175
28.199561,1.698107,-1.797814
28.069690,6.537440,-1.803607
26.661931,11.311285,-1.806180
24.242713,15.342539,-1.802989
19.396071,17.618405,-5.597972
16.163936,20.544953,-5.610508
12.573633,23.031428,-5.603129
8.581154,24.733142,-5.600663
4.297357,25.693789,-5.611761
0.109961,25.900188,-5.611965
-4.101147,24.777329,-5.601755
-7.892143,23.349799,-5.604444
-11.540487,21.935057,-5.607417
-14.830621,19.917723,-5.603575
-17.352873,17.132390,-5.600180
-19.567415,14.121556,-5.600515
-21.356735,11.021371,-5.604530
-22.670552,7.689577,-5.604133
-23.454021,4.352637,-5.601344
-23.833651,0.791801,-5.602439
-23.774655,-2.633223,-5.602445
-23.313696,-6.029702,-5.605143
-22.433869,-9.337486,-5.602414
-21.074372,-12.656653,-5.598888
-19.227285,-15.724699,-5.606467
-16.751213,-18.308858,-5.607568
-13.857475,-20.439240,-5.604737
-10.642712,-21.998639,-5.604971
-7.187939,-22.965572,-5.605944
-3.650705,-23.519505,-5.601930
-0.068380,-23.647826,-5.599790
3.628184,-23.125170,-5.601468
7.051905,-22.064808,-5.605131
10.347588,-20.662149,-5.608908
13.646441,-18.907295,-5.608959
16.834872,-16.679702,-5.600436
19.874266,-13.988640,-5.603765
22.410729,-10.649655,-5.602632
24.039781,-6.930877,-5.598990
25.003359,-2.838461,-5.611654
25.430544,1.494273,-5.605572
25.475062,5.879567,-5.601856
24.518493,10.246432,-5.600000
22.286273,14.222706,-5.594752
17.722881,16.156145,-9.403832
14.759924,18.896768,-9.398428
11.302261,20.940068,-9.397908
7.587388,22.511863,-9.403994
3.845033,23.598773,-9.409976
-0.172539,23.768141,-9.409950
-3.912201,22.724402,-9.405516
-7.348783,21.617853,-9.402436
-10.760586,20.126949,-9.402848
-13.707366,18.307483,-9.403021
-16.535325,16.087622,-9.400793
-18.706001,13.388644,-9.401366
-20.040362,10.216663,-9.402913
-21.047875,7.053008,-9.399650
-21.934460,3.874520,-9.398608
-22.393991,0.738948,-9.405137
-22.489827,-2.575460,-9.404927
-21.906952,-5.673824,-9.399146
-20.947623,-8.850707,-9.402729
-19.848027,-11.817187,-9.410041
-18.077813,-14.784235,-9.404135
-15.759966,-17.139766,-9.398956
-13.108895,-19.148658,-9.403931
-10.016244,-20.647718,-9.411528
-6.788120,-21.419005,-9.408920
-3.507726,-21.836624,-9.399802
-0.191032,-21.961687,-9.403119
3.189220,-21.356244,-9.408405
6.371772,-20.389684,-9.408960
9.439921,-19.182241,-9.407779
12.362135,-17.334558,-9.407406
15.251134,-15.201410,-9.408814
18.268890,-12.941337,-9.402125
20.675322,-9.955883,-9.403816
21.950676,-6.397738,-9.412708
22.629510,-2.579623,-9.410397
22.858441,1.292941,-9.410138
22.829522,5.338259,-9.408496
22.036676,9.259651,-9.406711
20.229709,12.900036,-9.406295
16.002193,14.649476,-13.208063
13.316619,17.192187,-13.208247
9.906539,18.856369,-13.199197
6.634233,20.265580,-13.203079
3.291075,21.449388,-13.210119
-0.266241,21.561285,-13.204383
-3.707928,20.709895,-13.205900
-6.921191,19.865495,-13.203459
-9.867522,18.226189,-13.207480
-12.589380,16.382729,-13.208933
-15.522996,14.890560,-13.200982
-17.637323,12.508846,-13.208996
-18.553928,9.228533,-13.213068
-19.308910,6.299202,-13.206441
-20.237450,3.563227,-13.201284
-20.829406,0.591206,-13.204100
-21.077492,-2.440245,-13.206351
-20.381431,-5.354308,-13.209732
-19.452947,-8.112875,-13.212332
-18.431510,-11.093984,-13.208829
-16.831792,-13.668694,-13.202949
-14.674844,-15.782666,-13.208808
-12.155805,-17.716658,-13.208531
-9.329389,-19.076632,-13.201806
-6.353143,-19.687124,-13.198685
-3.344222,-19.974997,-13.200380
-0.308300,-20.086680,-13.206877
2.639057,-19.525644,-13.205296
5.572687,-18.690910,-13.203727
8.509408,-17.603936,-13.206163
11.056711,-15.719714,-13.203357
13.526850,-13.759727,-13.206868
16.244248,-11.848883,-13.206283
18.564114,-9.078239,-13.207901
19.674114,-5.791267,-13.209001
20.286027,-2.435753,-13.200988
20.472525,1.108816,-13.203883
20.251043,4.656950,-13.205308
19.460961,8.258343,-13.204362
18.069188,11.553506,-13.205623
14.225738,13.095142,-16.999780
11.812838,15.423983,-17.008303
8.652522,16.770639,-17.001098
5.806431,18.012598,-17.001952
2.715463,19.201448,-17.008034
-0.400395,19.247484,-17.002587
-3.553425,18.660220,-17.003700
-6.509518,18.013787,-17.009536
-9.124711,16.233101,-17.005841
-11.393371,14.567954,-16.998543
-14.222209,13.569759,-16.998629
-16.349037,11.439302,-17.000138
-17.085147,8.444610,-16.999391
-17.769230,5.680080,-17.003108
-18.747380,3.121867,-17.009003
-19.366425,0.447314,-17.009847
-19.680973,-2.294763,-17.007369
-18.981094,-5.025846,-17.005930
-18.084798,-7.511069,-17.003823
-17.134309,-10.195500,-17.003443
-15.524690,-12.566532,-17.006201
-13.520451,-14.429226,-16.999130
-11.212414,-16.138205,-17.002351
-8.637897,-17.343930,-17.007477
-5.938507,-17.865620,-17.006807
-3.208964,-18.065826,-17.010359
-0.461198,-18.136597,-17.007129
2.216491,-17.668052,-17.004404
4.892967,-16.982027,-17.005209
7.554198,-16.017110,-17.006317
9.735969,-14.341094,-17.007421
11.922429,-12.501667,-17.010369
14.393694,-10.597252,-17.008011
16.290849,-8.210182,-17.007212
17.359126,-5.266119,-17.007506
18.025661,-2.249175,-17.002756
18.214247,0.963791,-17.005905
17.802140,4.025025,-17.004616
16.996959,7.160928,-16.998922
15.901171,10.205366,-16.995893
12.303971,11.560762,-20.811082
10.222749,13.575219,-20.800042
7.507545,14.785685,-20.802002
4.941052,15.882708,-20.808998
2.243958,16.805636,-20.813113
-0.656214,16.822572,-20.810826
-3.409486,16.534515,-20.800578
-6.057166,15.995301,-20.802483
-8.347782,14.490552,-20.802966
-10.404564,13.003321,-20.803231
-12.884734,11.988692,-20.809544
-14.834191,10.142846,-20.805376
-15.861040,7.687724,-20.801118
-16.727806,5.273449,-20.803355
-17.645796,2.891101,-20.806083
-18.201312,0.385438,-20.804501
-18.431932,-2.178777,-20.804531
-17.897995,-4.656813,-20.800853
-17.020469,-7.087791,-20.801270
-15.927570,-9.505876,-20.802351
-14.316214,-11.505913,-20.797232
-12.367964,-13.168994,-20.807271
-10.218590,-14.567608,-20.806820
-7.970923,-15.547142,-20.802675
-5.465783,-16.091330,-20.806094
-3.016824,-16.251631,-20.808862
-0.668443,-16.205944,-20.812981
1.764443,-15.911738,-20.806742
4.166935,-15.382441,-20.804398
6.564897,-14.498048,-20.814185
8.738283,-13.137774,-20.813093
10.723246,-11.520308,-20.799598
12.605383,-9.621887,-20.802521
14.144657,-7.323693,-20.808268
15.191631,-4.747066,-20.801906
15.871673,-2.057670,-20.798194
16.050992,0.719360,-20.796220
15.498585,3.531329,-20.803474
14.678957,6.210495,-20.812965
13.737605,8.953093,-20.816648
10.385467,9.878125,-24.598747
8.592758,11.590014,-24.602186
6.378614,12.894214,-24.606180
4.075610,13.829212,-24.603274
1.662704,14.311420,-24.600169
-0.819024,14.331728,-24.604503
-3.198814,14.279229,-24.605073
-5.515694,13.763431,-24.598780
-7.622367,12.863769,-24.603257
-9.659092,11.637128,-24.613309
-11.453357,10.224436,-24.612195
-13.125218,8.671778,-24.606173
-14.834346,6.997854,-24.603136
-16.113128,5.016866,-24.601597
-16.847665,2.734524,-24.600021
-17.237321,0.390598,-24.598838
-17.260608,-2.082431,-24.596977
-16.949531,-4.445567,-24.602745
-16.162429,-6.792918,-24.610836
-14.876143,-8.793772,-24.607514
-13.184669,-10.469831,-24.597400
-11.304316,-11.937163,-24.608106
-9.276956,-12.967673,-24.615434
-7.222107,-13.744515,-24.606630
-5.124261,-14.357821,-24.598427
-2.939188,-14.534080,-24.608559
-0.764919,-14.305335,-24.612587
1.338128,-14.214733,-24.602722
3.556173,-13.820092,-24.600055
5.592144,-12.977011,-24.611215
7.913134,-12.126776,-24.612997
9.859247,-10.733997,-24.607938
11.107808,-8.726523,-24.599805
12.096077,-6.549919,-24.602957
13.126541,-4.307639,-24.607172
13.755297,-1.910609,-24.596295
13.884059,0.569700,-24.606667
13.339169,2.965515,-24.607306
12.531754,5.338342,-24.599829
11.665323,7.681562,-24.597377
8.381445,8.130890,-28.398333
6.852597,9.550265,-28.408620
5.127610,10.920264,-28.409860
3.117547,11.631615,-28.411213
1.003157,11.709412,-28.407453
-0.999207,11.757086,-28.396368
-3.009807,11.830142,-28.397012
-4.932008,11.345329,-28.402392
-6.886409,10.984130,-28.406055
-8.664435,10.146115,-28.405284
-9.844146,8.451499,-28.401581
-11.277867,7.167802,-28.399910
-13.454682,6.176443,-28.397899
-15.004251,4.581273,-28.399729
-15.623322,2.414818,-28.401310
-15.858485,0.269808,-28.401305
-15.689909,-1.973537,-28.411307
-15.588050,-4.171841,-28.414327
-14.927606,-6.285691,-28.413083
-13.485963,-7.951965,-28.411711
-11.792025,-9.307397,-28.405889
-10.161179,-10.492512,-28.399928
-8.232482,-11.253260,-28.398614
-6.399646,-11.843827,-28.407260
-4.671977,-12.478373,-28.411192
-2.754549,-12.681129,-28.398578
-0.945990,-12.332968,-28.407667
0.900956,-12.370592,-28.409785
2.828606,-12.138336,-28.407856
4.584011,-11.312035,-28.411189
6.809166,-10.926917,-28.399057
8.692214,-9.773148,-28.406653
9.503955,-7.705013,-28.411738
10.084685,-5.698950,-28.412547
11.009759,-3.820180,-28.411012
11.526778,-1.792041,-28.401856
11.605122,0.387980,-28.409528
11.127580,2.406812,-28.408178
10.393114,4.396873,-28.398876
9.561858,6.343433,-28.394287
6.244575,6.270594,-32.199290
4.983529,7.430049,-32.197679
3.755602,8.595948,-32.200146
2.128785,9.097151,-32.208987
0.366738,8.985015,-32.210755
-1.206161,9.027881,-32.205042
-2.720752,9.089377,-32.207264
-4.241907,8.741564,-32.207574
-5.909863,8.679155,-32.203414
-7.394399,8.025683,-32.198495
-8.199599,6.475351,-32.199043
-9.379472,5.525149,-32.202421
-11.361061,4.965628,-32.199634
-12.857408,3.675689,-32.203850
-13.391025,1.877138,-32.205215
-13.552993,0.049279,-32.197821
-13.334541,-1.717743,-32.208381
-13.340506,-3.607707,-32.212254
-12.805887,-5.379567,-32.209904
-11.440823,-6.708182,-32.210372
-9.995035,-7.744083,-32.210153
-8.626547,-8.678621,-32.208926
-7.013588,-9.228235,-32.202073
-5.565452,-9.653037,-32.201977
-4.163484,-10.227243,-32.207589
-2.659977,-10.438600,-32.203012
-1.106980,-10.119244,-32.201737
0.403307,-10.199712,-32.204087
1.984409,-10.094429,-32.202434
3.423994,-9.399967,-32.200997
5.333958,-9.163402,-32.209385
6.920324,-8.259961,-32.203765
7.522933,-6.478620,-32.207531
7.901171,-4.806963,-32.207796
8.650612,-3.253955,-32.201015
9.025226,-1.575074,-32.208656
9.043949,0.147337,-32.209951
8.667002,1.813310,-32.208895
8.033912,3.433680,-32.206995
7.273248,4.919095,-32.203187
3.700122,4.050216,-36.005720
2.821850,4.857858,-36.003207
1.980279,5.690955,-36.009154
0.835627,5.949290,-36.009406
-0.344169,5.821123,-36.008321
-1.438785,5.821702,-36.010385
-2.443802,5.783205,-36.007224
-3.474595,5.625966,-36.003862
-4.649554,5.689148,-36.000491
-5.602806,5.203444,-36.004307
-6.186818,4.136355,-36.008703
-7.062579,3.546365,-36.003419
-8.448746,3.193552,-36.005710
-9.468987,2.319289,-36.010619
-9.899313,1.088961,-36.007937
-10.037588,-0.181467,-36.003713
-9.870426,-1.459280,-36.007956
-9.916212,-2.735164,-36.003976
-9.529828,-3.988738,-35.999200
-8.531371,-4.883529,-36.004877
-7.533651,-5.615563,-36.010670
-6.529247,-6.272513,-36.004034
-5.445889,-6.635773,-36.005339
-4.436465,-6.929865,-36.007699
-3.460028,-7.327227,-36.003860
-2.417561,-7.499644,-36.005346
-1.371494,-7.365691,-36.001002
-0.271293,-7.403574,-36.004039
0.848895,-7.386611,-36.011985
1.925877,-6.952809,-36.006654
3.195105,-6.718028,-35.998617
4.335356,-6.073100,-36.006500
4.874366,-4.873323,-36.012511
5.188364,-3.663234,-36.006577
5.652013,-2.560668,-36.003744
5.866577,-1.333158,-36.010151
5.837912,-0.135957,-36.001405
5.597130,1.084600,-36.002677
5.141683,2.194868,-36.009939
4.477620,3.203774,-36.009771
-1.692962,-0.692059,-39.805003
14.756139,18.460458,36.194998
11.757937,20.869964,36.194998
8.344898,22.650026,36.194998
4.631474,23.664454,36.194998
0.902341,23.786450,36.194998
-2.851127,22.932228,36.194997
-6.162219,21.221362,36.194997
-8.880453,19.033424,36.194997
-11.187603,16.584083,36.194997
-13.074645,14.093919,36.194997
-14.663347,11.544135,36.194997
-15.918739,9.081632,36.194998
-16.930156,6.509305,36.194998
-17.609716,3.829983,36.194998
-17.843152,1.195702,36.194997
-17.565549,-1.435318,36.194998
-16.726551,-3.943038,36.194998
-15.473791,-6.134493,36.194998
-13.895310,-8.104293,36.194998
-12.168934,-9.776688,36.194997
-10.368760,-11.181317,36.194998
-8.438830,-12.401531,36.194998
-6.396868,-13.423673,36.194998
-4.258336,-14.224221,36.194997
-2.042665,-14.777326,36.194997
0.344018,-15.065715,36.194997
2.748303,-15.031273,36.194997
5.241968,-14.636265,36.194997
7.649887,-13.878057,36.194997
10.033528,-12.731021,36.194997
12.341089,-11.207960,36.194997
14.441802,-9.410309,36.194997
16.463567,-7.186328,36.194997
18.226443,-4.604050,36.194997
19.648583,-1.552136,36.194997
20.475202,1.712313,36.194997
20.685233,5.192627,36.194997
20.213854,8.776494,36.194998
19.016956,12.338671,36.194998
17.763226,16.034884,32.794463
15.193873,18.897400,32.800013
12.013629,21.173418,32.797826
8.388433,22.787279,32.792122
4.553427,23.413282,32.794133
0.772293,23.303821,32.796712
-2.721632,22.030959,32.792674
-5.902107,20.464252,32.787736
-8.869165,18.818909,32.792077
-11.180835,16.468990,32.799736
-12.830674,13.764718,32.790491
-14.427006,11.435855,32.790924
-15.700868,8.945304,32.791468
-16.482535,6.346365,32.789362
-17.026485,3.708999,32.790180
-17.134726,1.125944,32.792238
-16.861522,-1.442395,32.800347
-16.165017,-3.805206,32.794480
-15.110774,-6.038546,32.794184
-13.683044,-8.041099,32.793735
-12.072444,-9.755996,32.792954
-10.402936,-11.230017,32.796542
-8.450573,-12.535664,32.797528
-6.456819,-13.549014,32.799307
-4.258735,-14.302146,32.796439
-2.049926,-14.924804,32.796547
0.333377,-14.900708,32.802196
2.390989,-13.712490,32.802692
4.508461,-13.019503,32.798488
6.760786,-12.339909,32.792863
8.733262,-11.299248,32.794641
10.699458,-9.809963,32.802697
12.565317,-8.204098,32.796639
14.599888,-6.406667,32.793724
16.499860,-4.198072,32.795542
17.914534,-1.484928,32.790258
19.346917,1.624696,32.793531
20.147997,5.131970,32.793132
20.081225,8.714645,32.788241
19.355441,12.499321,32.789161
18.153962,16.386839,29.393018
15.384178,19.217902,29.392407
12.086658,21.354508,29.389650
8.388699,22.791163,29.390539
4.513844,23.190908,29.399117
0.844792,22.979512,29.391370
-2.736239,21.593641,29.397632
-5.822039,20.098979,29.397130
-8.748146,18.608115,29.389679
-11.099003,16.288021,29.400288
-12.721474,13.560993,29.401067
-14.323870,11.225135,29.402974
-15.456305,8.799065,29.396199
-16.107510,6.153702,29.391634
-16.535843,3.611068,29.399129
-16.575624,1.138617,29.400644
-16.339576,-1.319974,29.395553
-15.744615,-3.714432,29.396874
-14.889159,-5.911321,29.397301
-13.673100,-7.916347,29.396465
-12.169674,-9.733280,29.394939
-10.496840,-11.381401,29.391371
-8.585806,-12.754978,29.390834
-6.495917,-13.848018,29.396676
-4.292878,-14.598009,29.394208
-2.073220,-15.204051,29.391083
0.318961,-15.178980,29.395300
2.451676,-13.880761,29.400865
4.527502,-13.048793,29.403431
6.621824,-12.271866,29.397195
8.679666,-11.129256,29.389304
10.579240,-9.741752,29.389725
12.482311,-8.172672,29.390632
14.568009,-6.431179,29.391134
16.659736,-4.227107,29.394429
18.283743,-1.488799,29.398047
19.814959,1.712423,29.390476
20.607772,5.227527,29.392407
20.547637,8.943570,29.400447
19.829238,12.756918,29.398559
18.369900,16.552483,25.993417
15.424474,19.314872,25.989336
12.007015,21.362479,25.995420
8.307043,22.655076,25.998853
4.481900,22.965786,25.988888
0.764904,22.700370,25.991904
-2.705089,21.486538,25.993235
-5.838076,19.956630,25.988775
-8.628714,18.350761,25.990463
-10.946332,16.095254,25.998342
-12.646424,13.497824,25.991863
-14.132321,11.169847,25.986410
-15.215417,8.538139,25.991853
-15.780189,5.954547,25.994262
-16.125429,3.475262,25.995750
-16.136554,1.081985,26.000774
-15.935594,-1.300185,25.989208
-15.451310,-3.639580,25.999622
-14.706038,-5.915612,25.995693
-13.662284,-7.926902,25.994363
-12.253382,-9.864751,26.001342
-10.626314,-11.613254,25.995233
-8.735324,-13.078202,25.987496
-6.635264,-14.226619,25.997890
-4.393537,-15.036116,26.002148
-2.053038,-15.611141,25.999514
0.436218,-15.730560,25.996370
2.754145,-15.115289,25.992017
5.117486,-14.250224,25.996616
7.287745,-13.263890,26.000568
9.498840,-12.066967,25.997192
11.737228,-10.688440,25.989852
13.911999,-9.009504,25.988180
16.117856,-6.987271,25.993153
18.250867,-4.567033,25.995373
20.063758,-1.607555,25.990288
21.256719,1.783462,25.994819
21.675097,5.451296,26.000786
21.332931,9.306994,26.001395
20.288923,13.088961,25.998379
18.381030,16.518424,22.594949
15.317109,19.177338,22.591009
11.875385,21.130083,22.590237
8.266108,22.336112,22.589681
4.461140,22.699687,22.590394
0.768368,22.457245,22.599774
-2.666052,21.512504,22.604477
-5.875935,19.932621,22.595029
-8.491248,18.090606,22.590073
-10.780656,15.852743,22.602395
-12.566354,13.500629,22.603200
-13.974206,11.038996,22.594795
-14.922644,8.378893,22.592733
-15.468022,5.847022,22.597585
-15.775132,3.408089,22.602594
-15.799270,1.068490,22.601481
-15.645038,-1.264676,22.589503
-15.257582,-3.569804,22.594598
-14.635432,-5.826367,22.601553
-13.700276,-7.967024,22.600883
-12.448122,-9.945007,22.596975
-10.851505,-11.818499,22.596206
-8.969313,-13.406197,22.598646
-6.843953,-14.647316,22.591222
-4.550074,-15.555916,22.591037
-2.033943,-16.107622,22.594493
0.412814,-16.445712,22.595564
3.230146,-16.765040,22.599594
5.858748,-16.201289,22.591758
8.359520,-15.099429,22.590530
11.011798,-13.819024,22.596224
13.749185,-12.411934,22.591632
16.322329,-10.501237,22.591091
18.555282,-8.051116,22.592370
20.638507,-5.128829,22.593187
22.456801,-1.778103,22.594553
23.096462,1.973098,22.592225
22.935586,5.805920,22.596525
22.135332,9.672091,22.602545
20.645914,13.252147,22.600549
18.065353,16.367457,19.195637
15.097030,18.784268,19.199425
11.643742,20.681415,19.200886
8.014797,21.872251,19.195220
4.354833,22.345881,19.189013
0.676859,22.163869,19.200544
-2.715859,21.496445,19.197731
-5.787496,20.021649,19.194127
-8.413387,17.782941,19.202331
-10.571580,15.629169,19.203248
-12.501098,13.419006,19.197728
-13.800974,10.815650,19.193395
-14.595951,8.254903,19.198836
-15.165698,5.780272,19.199020
-15.465660,3.382257,19.192306
-15.533944,0.967189,19.196988
-15.426749,-1.319016,19.201042
-15.116203,-3.586648,19.191523
-14.581448,-5.812462,19.195494
-13.733507,-8.075805,19.201005
-12.547999,-10.180000,19.201555
-11.036687,-12.068503,19.201132
-9.153575,-13.778620,19.190303
-6.991953,-15.116953,19.188008
-4.642350,-16.108594,19.187818
-2.166535,-16.670927,19.190270
0.581004,-17.196772,19.194410
3.488616,-18.161234,19.189428
6.630591,-18.147251,19.186668
9.732039,-17.279819,19.193831
12.937692,-16.083816,19.200968
16.158466,-14.560226,19.194535
19.163793,-12.186275,19.192321
21.356282,-9.088807,19.195375
23.060815,-5.639677,19.197873
24.446399,-1.956446,19.197436
24.527831,2.093905,19.193772
23.871665,6.016627,19.190349
22.619304,9.874061,19.189575
20.653592,13.329383,19.191801
17.581353,15.919661,15.798410
14.598372,18.260459,15.793702
11.284499,20.030261,15.787279
7.820228,21.194817,15.791104
4.238226,21.851168,15.801103
0.744524,21.781066,15.790940
-2.665779,21.369741,15.793489
-5.800737,19.957076,15.797235
-8.257812,17.572549,15.788847
-10.433064,15.342587,15.790583
-12.395599,13.234877,15.800000
-13.527011,10.643971,15.804999
-14.278358,7.997197,15.793014
-14.878692,5.609281,15.792247
-15.186524,3.285557,15.798845
-15.315363,0.949344,15.790596
-15.265443,-1.260764,15.798624
-15.016238,-3.588719,15.799919
-14.555864,-5.749535,15.800529
-13.795529,-8.104444,15.801818
-12.691491,-10.310096,15.800418
-11.201650,-12.287371,15.800586
-9.435169,-14.016075,15.801965
-7.165070,-15.532528,15.791298
-4.784350,-16.592677,15.795258
-2.140111,-17.268496,15.800619
0.533197,-17.815871,15.793942
3.745022,-18.881218,15.797165
7.204004,-19.419000,15.797602
10.993203,-19.235174,15.793901
14.912673,-18.313931,15.791173
18.496102,-16.446673,15.789901
21.427233,-13.652209,15.791926
23.443368,-10.025327,15.792701
24.600699,-6.005727,15.792353
25.149777,-2.014361,15.793769
24.888910,2.134551,15.793450
24.017546,6.086687,15.790818
22.493037,9.808925,15.790982
20.304467,13.060241,15.795704
16.858248,15.292074,12.392092
13.975184,17.534324,12.390171
10.783732,19.222404,12.395910
7.459347,20.368415,12.400087
4.046939,21.146817,12.391461
0.697676,21.179039,12.392532
-2.726454,20.925256,12.393307
-5.761423,19.674204,12.391325
-8.220297,17.291219,12.393066
-10.271120,15.137561,12.395992
-12.149911,12.965670,12.392983
-13.175846,10.339089,12.389967
-13.901414,7.833831,12.392803
-14.564083,5.470559,12.393082
-14.911569,3.158752,12.390657
-15.108224,0.965353,12.390836
-15.112289,-1.238459,12.387573
-14.920835,-3.565036,12.397298
-14.500882,-5.725698,12.395697
-13.820171,-8.098949,12.394167
-12.813165,-10.339351,12.394297
-11.304239,-12.455653,12.389385
-9.496226,-14.314091,12.397740
-7.379614,-15.812238,12.403170
-4.913492,-16.973376,12.396124
-2.177765,-17.774194,12.387407
0.619338,-18.337337,12.389588
3.793778,-18.992008,12.396543
7.354430,-19.641639,12.394335
11.524797,-20.019140,12.390514
15.714840,-19.313747,12.394394
19.230183,-17.071306,12.396983
22.031211,-13.980948,12.392552
23.966470,-10.162428,12.390418
24.705384,-6.081754,12.395037
24.544560,-1.930395,12.399805
24.223081,2.079516,12.398348
23.403953,5.880290,12.396494
21.818684,9.434259,12.395765
19.539969,12.600271,12.394289
15.932362,14.540911,8.996191
13.197058,16.680105,8.992805
10.163556,18.288250,8.990935
7.008226,19.391500,8.992257
3.896614,20.165803,8.992577
0.585181,20.259634,8.997385
-2.643042,19.991987,9.000847
-5.641663,18.976163,8.999640
-8.118620,17.096020,8.997965
-10.142532,14.941848,8.996621
-11.762489,12.460102,8.988775
-12.710279,9.925033,8.993698
-13.513632,7.590684,8.994657
-14.199068,5.357105,8.992372
-14.594578,3.170117,8.991450
-14.878530,0.971141,8.988766
-14.935133,-1.247074,8.998657
-14.798465,-3.463219,8.992386
-14.380860,-5.764227,8.986889
-13.777235,-8.034086,8.991956
-12.834705,-10.303849,8.997729
-11.379824,-12.453161,8.995988
-9.628113,-14.359584,8.990312
-7.458651,-15.990124,8.987404
-4.911303,-17.229390,8.995032
-2.205913,-18.105940,9.000602
0.702068,-18.621054,8.997149
3.661066,-18.652459,8.997626
6.988288,-18.731766,8.995683
10.564370,-18.471260,8.994291
13.920341,-17.260751,8.995563
16.919185,-15.084781,8.995333
19.676062,-12.602361,8.995287
21.983591,-9.389382,8.993904
23.002976,-5.719042,8.991251
22.929522,-1.762307,8.991395
22.804535,1.941398,8.996898
22.133275,5.568468,8.996073
20.632190,8.960101,8.992626
18.472688,11.976714,8.994579
14.970211,13.620637,5.599928
12.441210,15.650997,5.599013
9.523193,17.246829,5.592748
6.581264,18.281505,5.588595
3.552065,18.985894,5.592566
0.443831,19.046178,5.598602
-2.505350,18.544234,5.600212
-5.295617,17.783512,5.595407
-7.895709,16.569143,5.592905
-9.886971,14.472726,5.600245
-11.164846,11.766756,5.598638
-12.150216,9.432438,5.591508
-13.078914,7.322475,5.598622
-13.795431,5.138497,5.596547
-14.232997,3.109656,5.588924
-14.596143,0.953849,5.602174
-14.697748,-1.231884,5.591652
-14.596220,-3.419025,5.588436
-14.208080,-5.685598,5.596582
-13.625436,-7.919771,5.602386
-12.671694,-10.259414,5.597900
-11.282049,-12.384486,5.592080
-9.518118,-14.360215,5.597771
-7.421961,-15.986770,5.600497
-4.962721,-17.224257,5.594794
-2.215609,-18.173287,5.592839
0.611779,-18.593442,5.599609
3.554889,-18.047564,5.600688
6.385709,-17.326527,5.598088
8.936341,-15.875238,5.598207
11.138233,-13.979805,5.598109
13.616399,-12.303760,5.592577
16.277310,-10.486637,5.589412
18.760679,-8.051962,5.594665
20.320297,-4.993816,5.598671
20.838215,-1.677803,5.594435
20.997777,1.785702,5.594204
20.488736,5.191067,5.592648
19.171286,8.398573,5.591651
17.291195,11.175197,5.595776
13.870864,12.738046,2.201395
11.515256,14.652918,2.197802
8.891983,16.135012,2.196648
6.143134,17.111071,2.196193
3.285226,17.670906,2.189798
0.359860,17.653096,2.188735
-2.318310,16.867260,2.192503
-4.882195,16.008843,2.196035
-7.316020,15.162363,2.198755
-9.193973,13.356425,2.201237
-10.369310,10.925598,2.198731
-11.544793,8.873439,2.197380
-12.592002,6.986913,2.198443
-13.303942,4.950069,2.193186
-13.812509,2.963947,2.187551
-14.219716,0.956762,2.193022
-14.366260,-1.195673,2.195733
-14.291459,-3.352715,2.200033
-13.929249,-5.586726,2.201308
-13.316601,-7.769941,2.194738
-12.397916,-9.956348,2.192597
-11.094947,-12.069453,2.200327
-9.404712,-14.031215,2.201552
-7.298365,-15.724368,2.197635
-4.912596,-16.950991,2.195374
-2.229290,-17.875093,2.193922
0.636881,-18.205698,2.193730
3.330587,-17.406060,2.198569
5.882056,-16.156165,2.198491
7.941134,-14.295708,2.197849
9.754246,-12.455417,2.199371
12.016208,-10.976074,2.199484
14.180858,-9.198403,2.196283
16.193535,-7.072219,2.194655
17.912424,-4.474220,2.196736
18.889492,-1.490875,2.199065
19.222251,1.627685,2.198860
18.847231,4.732370,2.199361
17.714383,7.770510,2.201290
16.013819,10.413481,2.202401
12.852381,11.789337,-1.207817
10.659409,13.600316,-1.205257
8.214798,15.022114,-1.204358
5.641408,15.935832,-1.206423
2.944919,16.346347,-1.208206
0.294078,16.233998,-1.200687
-2.219683,15.246180,-1.203008
-4.364331,14.094431,-1.207079
-6.468387,13.111591,-1.199267
-8.187426,11.692965,-1.198027
-9.525216,9.916329,-1.210318
-10.835756,8.374084,-1.204905
-12.014288,6.625845,-1.199626
-12.726769,4.723493,-1.207394
-13.275163,2.885130,-1.208282
-13.728806,0.915560,-1.204954
-13.906789,-1.199945,-1.212258
-13.853321,-3.220890,-1.205764
-13.547453,-5.323270,-1.197328
-12.881214,-7.441033,-1.203438
-11.922875,-9.564740,-1.208933
-10.705826,-11.659208,-1.205187
-9.064548,-13.584000,-1.210331
-7.105659,-15.191770,-1.209569
-4.780261,-16.386864,-1.209806
-2.153555,-17.229108,-1.211063
0.543973,-17.481600,-1.209300
3.173594,-16.724136,-1.208590
5.615763,-15.465014,-1.210046
7.648356,-13.816159,-1.207076
9.642532,-12.262912,-1.200654
11.894862,-10.904701,-1.198736
13.600721,-8.804783,-1.206214
15.005493,-6.550496,-1.205525
16.408207,-4.104555,-1.199749
17.355740,-1.430952,-1.201970
17.668891,1.486412,-1.203201
17.316688,4.403642,-1.206236
16.332478,7.166220,-1.209953
14.771347,9.664296,-1.209995
11.805008,10.956490,-4.607586
9.822448,12.597535,-4.603537
7.525159,13.940373,-4.599566
5.105993,14.788075,-4.598517
2.655654,15.073635,-4.598260
0.167145,14.883539,-4.600752
-2.075472,13.928108,-4.607497
-4.029283,12.549167,-4.606982
-5.759281,11.383656,-4.600187
-7.269805,10.232083,-4.604287
-8.736187,9.029964,-4.599910
-10.187917,7.787407,-4.607273
-11.305577,6.275245,-4.606334
-12.033876,4.507906,-4.597365
-12.642111,2.712269,-4.602100
-13.089310,0.865982,-4.598819
-13.292779,-1.118013,-4.599618
-13.251130,-3.110409,-4.602894
-12.987231,-5.093904,-4.604473
-12.247557,-7.137159,-4.602787
-11.335036,-9.026332,-4.601755
-10.201608,-11.103426,-4.605801
-8.660844,-12.916199,-4.611892
-6.753306,-14.494953,-4.611381
-4.547614,-15.580126,-4.607739
-2.059075,-16.272383,-4.608106
0.487389,-16.470622,-4.610024
3.005302,-15.956409,-4.605712
5.389385,-14.993231,-4.601592
7.630002,-13.774722,-4.599504
9.875260,-12.486523,-4.599395
12.037361,-10.948661,-4.602841
13.354290,-8.665707,-4.610053
14.331672,-6.261725,-4.608623
15.300794,-3.897189,-4.604578
16.051127,-1.343408,-4.606281
16.233069,1.403808,-4.601026
15.868876,4.046393,-4.599980
14.963955,6.647446,-4.605014
13.581353,8.938092,-4.607996
10.858927,10.097315,-8.005379
9.014647,11.636330,-8.000217
6.931483,12.836560,-8.000197
4.669208,13.630422,-8.006165
2.373419,13.860807,-7.999608
0.141381,13.664924,-8.003981
-1.994280,12.841741,-8.009885
-3.753166,11.614003,-8.004767
-5.305857,10.430853,-7.999583
-6.712056,9.344887,-8.001206
-8.167063,8.329935,-8.006988
-9.549336,7.201284,-8.006974
-10.561388,5.756439,-8.007120
-11.245343,4.204093,-8.009629
-11.875905,2.547394,-8.011068
-12.284548,0.816709,-8.011724
-12.512779,-1.034479,-7.999799
-12.488561,-2.897091,-8.000805
-12.254871,-4.847945,-8.002542
-11.539297,-6.649529,-8.002735
-10.627847,-8.489445,-8.001566
-9.651782,-10.373306,-8.000221
-8.209867,-12.071216,-8.001593
-6.432669,-13.557892,-7.998536
-4.349159,-14.534565,-7.999681
-1.999142,-15.056261,-8.001804
0.394489,-15.223598,-8.004569
2.786842,-15.027494,-8.009878
5.098373,-14.436512,-8.001425
7.626064,-13.754121,-8.000357
9.886656,-12.633444,-8.006602
11.512913,-10.600660,-8.002165
12.787332,-8.343736,-7.998169
13.653371,-6.031194,-8.002042
14.291313,-3.615681,-8.007090
14.779939,-1.179179,-8.006718
14.809422,1.217276,-8.007835
14.417912,3.679846,-8.006297
13.626642,6.040913,-8.003771
12.402358,8.232323,-8.005106
9.882878,9.237242,-11.405114
8.193492,10.667316,-11.401940
6.244623,11.751905,-11.401148
4.227253,12.455819,-11.400078
2.101221,12.658853,-11.399267
0.043985,12.469072,-11.405461
-1.910082,11.853963,-11.409656
-3.625586,10.868933,-11.408473
-5.080741,9.795777,-11.407218
-6.370484,8.776754,-11.397979
-7.686255,7.789097,-11.403964
-8.864256,6.642632,-11.407063
-9.720711,5.242123,-11.403581
-10.390181,3.826889,-11.405860
-11.021050,2.314310,-11.405254
-11.361420,0.701903,-11.401517
-11.589191,-0.925775,-11.404877
-11.582314,-2.649227,-11.402123
-11.393249,-4.459141,-11.400897
-10.739181,-6.127716,-11.400253
-9.913144,-7.840815,-11.405260
-8.971157,-9.652971,-11.409231
-7.665193,-11.144285,-11.401734
-6.008996,-12.504851,-11.402528
-4.047898,-13.345236,-11.410366
-1.929136,-13.644417,-11.408220
0.212132,-13.739597,-11.402151
2.510483,-13.822631,-11.408997
4.756112,-13.514359,-11.412365
7.276081,-13.265787,-11.405216
9.513175,-12.186158,-11.401726
10.555158,-9.765263,-11.412085
11.807441,-7.801689,-11.412113
12.732400,-5.663214,-11.409665
13.129746,-3.361370,-11.410609
13.401429,-1.081602,-11.411229
13.325111,1.135271,-11.407758
12.924953,3.320053,-11.409127
12.232628,5.437095,-11.412994
11.225125,7.451273,-11.410445
8.822853,8.342822,-14.804975
7.323740,9.641313,-14.805750
5.548877,10.593415,-14.806133
3.728956,11.221263,-14.806881
1.813856,11.411047,-14.812785
-0.108275,11.240210,-14.805768
-1.839932,10.832873,-14.798685
-3.418730,10.193163,-14.801466
-4.858932,9.281909,-14.803443
-6.077168,8.316293,-14.812043
-7.235195,7.271597,-14.803713
-8.170110,6.036028,-14.803213
-8.822042,4.702568,-14.811204
-9.452948,3.442466,-14.810224
-10.061085,2.100919,-14.805618
-10.318851,0.636448,-14.799197
-10.555705,-0.899020,-14.808607
-10.548932,-2.453494,-14.807081
-10.384888,-4.081090,-14.808422
-9.859069,-5.612150,-14.805550
-9.175994,-7.185469,-14.806819
-8.295580,-8.799365,-14.812672
-7.033674,-10.167420,-14.810772
-5.513087,-11.352463,-14.809128
-3.708517,-12.040995,-14.810612
-1.785397,-12.073614,-14.805008
0.063041,-12.017684,-14.802108
2.051370,-12.234871,-14.808628
4.169375,-12.071683,-14.801991
6.329658,-11.795322,-14.801333
8.275061,-10.724958,-14.809443
9.389482,-8.732950,-14.809693
10.650745,-7.057804,-14.801637
11.491786,-5.139783,-14.802010
11.770598,-3.047392,-14.806123
11.892740,-0.983226,-14.803360
11.756636,1.011551,-14.803892
11.365395,2.969717,-14.805768
10.779657,4.815262,-14.806159
9.950337,6.680422,-14.805500
7.677821,7.318920,-18.200621
6.349128,8.524412,-18.198713
4.778534,9.341885,-18.199356
3.178464,9.884944,-18.208403
1.500502,10.076505,-18.209471
-0.185584,9.949991,-18.201263
-1.727382,9.698167,-18.199198
-3.240958,9.327823,-18.204150
-4.583813,8.668925,-18.198939
-5.774229,7.763052,-18.200432
-6.727703,6.693485,-18.206254
-7.402622,5.437381,-18.207145
-7.890100,4.160597,-18.204543
-8.487870,3.001676,-18.202355
-9.031034,1.835982,-18.202908
-9.195976,0.538877,-18.206494
-9.424648,-0.804329,-18.203021
-9.416861,-2.169551,-18.206696
-9.281524,-3.595067,-18.204651
-8.929057,-5.043278,-18.205918
-8.380146,-6.512634,-18.203222
-7.546688,-7.897140,-18.201474
-6.349565,-9.098937,-18.209836
-4.971610,-10.076455,-18.212088
-3.411684,-10.593356,-18.204615
-1.681527,-10.350511,-18.201054
-0.033402,-10.152058,-18.204464
1.595036,-10.385339,-18.207668
3.356352,-10.246431,-18.208512
4.945052,-9.531423,-18.206239
6.465308,-8.633671,-18.203765
8.062653,-7.640251,-18.202295
9.280868,-6.273701,-18.200517
9.977757,-4.525373,-18.203253
10.216183,-2.646015,-18.207316
10.236914,-0.892604,-18.207710
10.078150,0.857327,-18.207729
9.723899,2.568660,-18.203451
9.223880,4.195144,-18.198205
8.586365,5.808448,-18.198549
6.337482,6.164925,-21.607520
5.238271,7.229047,-21.604897
3.944362,7.908920,-21.601086
2.520927,8.396117,-21.607524
1.142583,8.583165,-21.611268
-0.248884,8.514615,-21.609315
-1.632101,8.356068,-21.610254
-2.959174,8.202819,-21.613348
-4.224479,7.771531,-21.599512
-5.282274,7.042399,-21.598185
-6.097588,5.985347,-21.609492
-6.590875,4.741782,-21.606980
-6.954276,3.573191,-21.600177
-7.432679,2.623787,-21.605910
-7.922289,1.578771,-21.611322
-8.013288,0.461245,-21.608307
-8.213922,-0.688619,-21.597191
-8.196688,-1.858903,-21.605900
-8.078937,-3.078023,-21.612219
-7.921698,-4.407084,-21.607461
-7.493014,-5.729294,-21.599627
-6.672833,-6.925510,-21.599038
-5.648048,-7.867608,-21.603057
-4.415375,-8.630223,-21.602607
-2.989162,-8.977857,-21.600749
-1.510355,-8.495039,-21.603110
-0.240717,-8.286714,-21.603984
1.129314,-8.472522,-21.604018
2.518619,-8.248622,-21.607576
3.568983,-7.238667,-21.609026
4.795204,-6.637787,-21.604489
6.595206,-6.425388,-21.599836
7.704188,-5.251435,-21.606162
8.245349,-3.798328,-21.605835
8.441853,-2.268723,-21.605795
8.408876,-0.762705,-21.612485
8.258388,0.682050,-21.606868
7.967659,2.091154,-21.598690
7.547313,3.486301,-21.598085
7.036755,4.887350,-21.603004
4.753867,4.803686,-25.008644
3.937686,5.671735,-25.006227
2.908269,6.244716,-25.006696
1.847720,6.629165,-25.010186
0.698026,6.839042,-25.012182
-0.382770,6.833989,-25.010337
-1.458436,6.742337,-25.008549
-2.583411,6.725543,-25.011892
-3.686622,6.506070,-25.012761
-4.626861,5.962149,-25.012853
-5.318779,5.027202,-25.010114
-5.663312,3.949191,-25.008835
-5.923000,2.997273,-25.012897
-6.342054,2.143712,-25.009648
-6.715469,1.292366,-25.002015
-6.742736,0.386102,-25.006216
-6.894419,-0.545357,-24.997967
-6.865361,-1.536075,-25.000779
-6.775956,-2.521584,-25.000950
-6.781762,-3.698658,-25.000577
-6.419454,-4.793369,-25.002018
-5.701659,-5.740433,-25.006345
-4.809198,-6.478161,-25.009116
-3.735676,-6.974037,-25.004812
-2.567317,-7.123061,-24.998851
-1.390877,-6.548743,-25.004501
-0.364443,-6.425721,-25.005619
0.678424,-6.514219,-25.003362
1.651588,-6.181562,-25.002859
2.289329,-5.209068,-25.003705
3.296763,-4.913763,-25.007164
4.942644,-5.027379,-25.008913
5.787104,-4.138296,-25.004743
6.227489,-2.998660,-25.006502
6.388250,-1.770591,-25.012103
6.341561,-0.597798,-25.011088
6.215770,0.525201,-25.001896
5.990273,1.619672,-24.999639
5.662359,2.701187,-25.007376
5.273431,3.792766,-25.010291
2.778211,3.120606,-28.403199
2.265525,3.711730,-28.406664
1.635754,4.128549,-28.409516
0.936226,4.422275,-28.404065
0.205925,4.616273,-28.401224
-0.545864,4.696170,-28.409215
-1.301124,4.656630,-28.406728
-2.084542,4.710240,-28.402267
-2.901730,4.706943,-28.407253
-3.674292,4.416189,-28.407870
-4.237985,3.793219,-28.401713
-4.477698,2.968014,-28.406711
-4.650533,2.204338,-28.409492
-4.948259,1.573854,-28.405232
-5.189282,0.935823,-28.406999
-5.180853,0.239467,-28.403210
-5.266369,-0.415471,-28.408560
-5.226410,-1.108169,-28.404783
-5.202374,-1.863224,-28.403603
-5.331047,-2.800696,-28.408872
-4.979761,-3.560043,-28.407822
-4.450905,-4.261207,-28.401717
-3.723419,-4.689033,-28.404677
-2.888156,-4.876431,-28.406890
-2.018281,-4.758929,-28.402346
-1.215650,-4.270493,-28.406262
-0.554420,-4.274633,-28.407215
0.111740,-4.225139,-28.405043
0.636659,-3.744823,-28.403856
0.975277,-3.101702,-28.406643
1.820311,-3.219935,-28.408828
2.955045,-3.316856,-28.408843
3.457369,-2.710318,-28.407358
3.755831,-1.980625,-28.404455
3.878750,-1.189410,-28.403720
3.843423,-0.399956,-28.407061
3.754100,0.322492,-28.408972
3.610785,1.060668,-28.407383
3.410122,1.756666,-28.403665
3.144972,2.446221,-28.401998
-1.787006,0.144832,-31.805003
