21.598618,32.614153,36.194818
16.424888,36.195808,36.194818
10.800076,39.041350,36.194818
4.718208,40.695228,36.194818
-1.589340,40.548165,36.194818
-7.702814,38.232254,36.194818
-12.899195,34.651330,36.194818
-17.169255,30.714601,36.194818
-20.931702,26.608460,36.194818
-24.167554,22.687820,36.194818
-27.261962,18.654414,36.194818
-30.180829,14.491968,36.194818
-32.968704,9.953992,36.194818
-35.459782,4.972623,36.194818
-37.356105,-0.521626,36.194818
-38.150465,-6.530086,36.194818
-37.443513,-12.543811,36.194818
-35.225645,-18.443842,36.194818
-31.985670,-23.560113,36.194818
-27.947698,-28.072664,36.194818
-23.127149,-32.122997,36.194818
-18.014717,-35.366883,36.194818
-12.278380,-37.961967,36.194818
-6.187087,-39.574641,36.194818
0.102016,-39.921058,36.194818
6.297081,-38.771688,36.194818
12.112090,-36.351251,36.194818
17.251990,-33.150900,36.194818
21.784320,-29.513445,36.194818
25.964070,-25.476889,36.194818
29.820188,-21.130647,36.194818
33.439649,-16.278351,36.194818
36.525221,-11.071582,36.194818
38.938820,-5.248213,36.194818
40.158350,1.176708,36.194818
39.664664,7.462868,36.194818
37.573403,13.660935,36.194818
34.452624,19.137443,36.194818
30.586871,24.126297,36.194818
26.035152,28.266508,32.394419
21.346713,32.025887,32.387663
15.819514,34.895696,32.398687
10.251588,37.116233,32.398081
4.604962,39.209948,32.386733
-1.734860,40.542129,32.396606
-7.856723,39.506705,32.390886
-13.821000,37.474740,32.388541
-19.232034,34.446297,32.395777
-23.502720,30.198782,32.400992
-26.754224,25.155277,32.399296
-29.254949,19.969500,32.395057
-31.555048,14.951379,32.393443
-33.569190,10.076633,32.393232
-35.253992,4.817810,32.395643
-36.456586,-0.568108,32.401068
-36.747756,-6.322022,32.396236
-35.812758,-12.015201,32.396853
-33.564840,-17.564549,32.396289
-30.693943,-22.576124,32.394600
-27.214470,-27.456115,32.400802
-22.441898,-31.118065,32.395387
-16.850985,-33.270128,32.393703
-11.510032,-35.507928,32.400738
-5.908948,-37.383916,32.398106
0.148905,-37.352078,32.386856
5.923363,-36.997852,32.399910
11.499004,-35.038183,32.392760
17.072854,-33.052122,32.393511
22.117467,-29.816045,32.399892
25.529930,-25.087622,32.391908
30.315344,-21.447321,32.401980
34.163021,-16.611566,32.401820
36.887161,-11.191532,32.394890
39.086506,-5.127571,32.391539
39.853844,1.080245,32.391010
39.051436,7.517783,32.389993
36.910679,13.374005,32.387105
33.857548,18.835536,32.388695
30.161563,23.884825,32.394387
25.425142,27.690349,28.593518
20.633065,31.237371,28.587578
15.196397,33.618759,28.592261
9.805122,35.497967,28.596337
4.264652,37.723879,28.593427
-1.625515,39.612365,28.591749
-7.772261,39.404591,28.593887
-14.139471,38.088980,28.600562
-19.707638,35.514225,28.598412
-24.339704,31.007823,28.592646
-27.527031,25.702115,28.598600
-29.829137,20.218587,28.592833
-31.750835,15.091595,28.587867
-33.350939,10.111802,28.587992
-34.614411,4.783897,28.588093
-35.447888,-0.624578,28.588057
-35.476926,-6.098837,28.595052
-34.504693,-11.494196,28.598381
-32.423842,-16.800406,28.598355
-29.749076,-21.863894,28.601311
-26.539239,-26.864398,28.602306
-22.121589,-30.512566,28.591298
-16.642029,-32.807159,28.587687
-11.371614,-35.099383,28.590651
-5.822086,-36.970783,28.594192
-0.058445,-36.991306,28.596495
5.913103,-36.764561,28.592742
11.505054,-35.002581,28.593947
17.118911,-33.256291,28.592467
22.382918,-30.076464,28.589282
25.994249,-25.247820,28.591462
30.787601,-21.695973,28.591049
34.538601,-16.860181,28.591332
37.200189,-11.186633,28.596811
39.108733,-5.088342,28.598195
39.535285,1.103295,28.592694
38.462323,7.445650,28.597009
36.183016,13.191011,28.600775
33.227091,18.379248,28.601032
29.562705,23.392701,28.598767
24.563490,26.803132,24.790678
19.966043,30.039420,24.792148
14.612549,32.355303,24.797039
9.304826,34.184227,24.799772
4.031676,36.127178,24.796048
-1.584487,37.746648,24.790461
-7.646539,37.911022,24.792210
-13.679659,36.851059,24.792022
-19.173555,34.316421,24.789485
-23.659497,30.173528,24.788341
-26.879267,25.290519,24.789073
-29.272203,19.959376,24.795377
-31.108241,14.901975,24.798689
-32.631173,9.747995,24.798943
-33.703873,4.715784,24.797911
-34.369087,-0.620072,24.796155
-34.322830,-5.765239,24.799679
-33.339987,-11.294325,24.790250
-31.499765,-16.340847,24.790435
-28.988827,-21.370552,24.799668
-26.009189,-26.121908,24.790573
-21.798149,-30.190230,24.787828
-16.755453,-33.121152,24.797322
-11.434062,-35.627894,24.799493
-5.895805,-37.344535,24.796079
-0.029279,-37.623779,24.797157
6.049918,-37.230373,24.789719
11.849078,-35.550691,24.794140
17.401821,-33.479842,24.796075
22.488167,-30.335930,24.790207
26.538656,-26.064438,24.791354
31.026817,-21.953714,24.802804
34.712492,-16.869393,24.798984
37.310304,-11.326328,24.795943
38.987322,-5.258191,24.798912
39.170317,1.066475,24.799065
37.878854,7.252349,24.802053
35.500757,12.842639,24.796387
32.352832,18.067008,24.789833
28.751863,22.702018,24.789188
23.533240,25.702682,20.998646
19.000345,28.790146,20.992623
14.054428,31.120669,20.995111
9.126182,32.969684,20.997584
3.874910,34.487845,20.992792
-1.556745,35.230357,20.989762
-7.272510,35.412357,20.997198
-12.648375,34.399587,20.998581
-17.803748,31.915816,20.997784
-22.191496,28.260427,20.998693
-25.551956,23.927726,20.993793
-28.087669,19.072361,20.994582
-30.005598,14.183055,20.997046
-31.506359,9.391602,20.997176
-32.628455,4.497196,20.996721
-33.242861,-0.487190,20.997930
-33.217643,-5.738983,20.999064
-32.383059,-10.922418,21.000901
-30.770676,-15.920638,20.998138
-28.395615,-20.859381,20.996049
-25.408613,-25.452488,21.000857
-21.641805,-29.740930,20.995941
-17.018561,-33.474612,21.000787
-11.741735,-36.177945,20.999527
-6.016334,-37.792441,20.992917
0.118049,-38.364866,20.998795
6.020310,-37.744922,20.999255
11.991283,-36.154740,20.999777
17.332174,-33.613448,20.993858
22.533121,-30.265101,20.985955
27.186154,-26.599248,20.989243
31.202418,-21.923920,20.997077
34.654645,-16.806610,20.987360
37.323059,-11.251925,20.993935
38.769915,-5.254373,21.001688
38.710497,1.144823,20.986424
37.216097,7.128709,20.991925
34.752853,12.530189,20.996691
31.515528,17.516301,20.998409
27.789387,21.867401,21.000533
22.450678,24.529329,17.188724
18.037779,27.513396,17.192895
13.564899,29.936453,17.200280
8.829124,31.930331,17.201466
3.641268,32.951309,17.198433
-1.464982,32.691928,17.199958
-6.589030,32.621494,17.196909
-11.734505,31.452381,17.192169
-16.295397,29.077080,17.195212
-20.374655,26.028406,17.201133
-23.846152,22.283880,17.198768
-26.567956,17.967649,17.199898
-28.580034,13.522131,17.192746
-30.155398,9.135891,17.185691
-31.431818,4.428668,17.190593
-32.109199,-0.404980,17.199780
-32.178336,-5.509386,17.198869
-31.492567,-10.559715,17.191762
-30.105342,-15.481627,17.186614
-27.862948,-20.300888,17.188068
-24.700050,-24.860821,17.194821
-21.255885,-29.198968,17.197861
-16.968588,-33.433119,17.200302
-11.744704,-36.240933,17.201671
-5.891229,-37.762050,17.201196
0.033413,-38.474193,17.196331
6.180477,-37.637373,17.186747
12.025348,-36.111396,17.199733
17.216902,-33.270485,17.199024
22.258641,-29.948898,17.192340
27.254424,-26.712886,17.201741
31.030574,-21.783490,17.197740
34.355617,-16.765046,17.194666
37.093000,-11.216802,17.191114
38.411308,-5.126448,17.193056
38.161235,1.084396,17.202550
36.452198,7.057860,17.200671
33.915605,12.246845,17.200397
30.449781,17.125743,17.198112
26.584520,21.127055,17.191883
21.462307,23.458795,13.400579
17.368898,26.226500,13.393669
12.989977,28.920984,13.387642
8.443024,30.954917,13.388618
3.367759,31.575848,13.392203
-1.517535,30.750097,13.393748
-6.241446,30.313484,13.395545
-10.932098,28.925964,13.394351
-15.085210,26.594942,13.395113
-18.747507,23.982802,13.396231
-22.154995,20.706714,13.390365
-25.003915,16.932862,13.389660
-27.135376,12.964035,13.388169
-28.935169,8.588447,13.391906
-30.260785,4.282876,13.399050
-30.997745,-0.385350,13.393668
-31.154036,-5.326193,13.389120
-30.598059,-10.225720,13.398822
-29.310452,-15.236357,13.399324
-27.135501,-19.890751,13.393522
-24.082232,-24.052180,13.402667
-20.679285,-28.466805,13.395412
-16.687562,-32.743592,13.398293
-11.492689,-35.597295,13.397500
-5.794885,-37.028629,13.389734
0.139755,-37.770198,13.395005
5.864526,-36.898699,13.402522
11.739911,-35.360266,13.402153
16.743821,-32.586781,13.403642
21.638527,-29.396148,13.400801
26.935327,-26.205069,13.390117
30.595195,-21.428575,13.395514
33.991269,-16.424784,13.398460
36.650297,-11.062542,13.396447
37.866957,-4.930164,13.390687
37.455692,1.073800,13.387299
35.645378,6.809425,13.394544
32.966029,11.964944,13.389459
29.458449,16.567082,13.387565
25.565516,20.286757,13.396230
20.655316,22.599469,9.586834
16.709494,25.274984,9.595625
12.546991,28.010967,9.597947
8.178484,29.938620,9.592282
3.232851,30.438625,9.587350
-1.487216,29.713538,9.588097
-6.001267,28.957085,9.590218
-10.266374,27.424460,9.595457
-14.222738,25.105765,9.593909
-17.722433,22.529445,9.590255
-20.872183,19.521823,9.597706
-23.684943,16.190256,9.590422
-26.068179,12.310589,9.588463
-27.846947,8.326698,9.594719
-29.225431,3.983514,9.597854
-29.953620,-0.521663,9.599093
-30.128466,-5.083683,9.595074
-29.638698,-9.820144,9.592629
-28.422048,-14.663179,9.594532
-26.340037,-19.167987,9.600314
-23.265198,-23.349398,9.603167
-19.913014,-27.560399,9.589389
-16.166496,-31.504151,9.594243
-11.167485,-34.293991,9.597424
-5.672319,-35.691025,9.592366
0.063261,-36.383343,9.599488
5.791789,-35.465522,9.600646
11.237110,-33.987558,9.592021
16.151897,-31.431883,9.587868
20.957520,-28.485679,9.593381
26.083888,-25.410421,9.597987
29.822407,-20.966133,9.592845
33.225348,-16.222552,9.597464
35.926758,-10.877627,9.598001
37.080690,-4.953986,9.592309
36.572930,1.043953,9.590941
34.706310,6.543383,9.588327
31.908690,11.642571,9.590966
28.435794,16.022315,9.590600
24.634544,19.569167,9.586073
20.004921,21.924135,5.797061
16.060109,24.629879,5.791805
12.205514,27.164858,5.794646
7.803530,28.955623,5.802203
3.216237,29.495620,5.800544
-1.366776,29.299904,5.789601
-5.860552,28.353354,5.788648
-10.103695,26.610487,5.797544
-13.873801,24.347992,5.804156
-17.159804,21.752996,5.802552
-20.092407,18.759583,5.797429
-22.816210,15.570221,5.797149
-25.230081,11.908926,5.798615
-26.980223,8.096341,5.800981
-28.234716,3.890466,5.799916
-28.909625,-0.448157,5.791785
-29.061603,-4.837669,5.796145
-28.535975,-9.595983,5.794629
-27.316922,-14.026381,5.788827
-25.282771,-18.360363,5.790432
-22.432852,-22.457457,5.796912
-19.186858,-26.237129,5.800713
-15.254182,-29.968350,5.799146
-10.563493,-32.510623,5.792489
-5.497460,-33.845479,5.788523
0.040861,-34.422198,5.789336
5.360973,-33.578896,5.787437
10.569513,-32.113673,5.797444
15.442946,-29.886896,5.799218
20.171037,-27.250037,5.794720
24.879402,-24.277041,5.795712
28.768355,-20.264621,5.790273
32.309937,-15.662548,5.789505
34.921082,-10.507886,5.796172
36.021398,-4.812942,5.801401
35.470282,0.957848,5.799540
33.524626,6.411060,5.795307
30.732506,11.255953,5.788968
27.504601,15.320873,5.789018
23.771042,18.946916,5.795174
19.411021,21.317914,1.995387
15.666763,23.958269,1.997314
11.755876,26.421957,1.992647
7.494105,27.975156,1.993178
3.113630,28.687938,1.998120
-1.449740,29.135746,1.995585
-5.899625,28.099309,1.996753
-9.958009,26.323113,1.991707
-13.718867,24.067711,1.988699
-16.927951,21.341114,1.993225
-19.736490,18.209153,1.994763
-22.241489,15.071324,1.995441
-24.464792,11.721659,1.996210
-26.197187,7.894225,1.991736
-27.250753,3.815807,1.989158
-27.834630,-0.349789,1.999146
-27.910798,-4.746263,1.994376
-27.354299,-9.115988,1.996293
-26.045201,-13.305050,1.995548
-24.036102,-17.444768,1.988175
-21.461086,-21.467784,1.991839
-18.138818,-24.898824,1.989211
-14.401787,-27.911819,1.994004
-9.863980,-30.327421,1.999224
-5.048717,-31.654418,1.999528
-0.096545,-32.043609,2.001436
5.010332,-31.274103,2.001392
9.776196,-29.850884,1.999355
14.425659,-28.084095,1.996497
19.045202,-25.788415,1.992651
23.318724,-22.884570,1.992331
27.353435,-19.363763,2.000822
30.916753,-15.109383,2.000675
33.473047,-10.176111,1.992593
34.595170,-4.548997,1.989277
34.034014,0.981814,1.994482
32.136826,6.197625,1.997937
29.417684,10.808656,1.998186
26.360124,14.744398,1.996567
22.908040,18.346490,1.994892
18.795747,20.690838,-1.797866
15.273976,23.269615,-1.797690
11.499699,25.530605,-1.796236
7.246544,27.030414,-1.802149
2.953067,28.030142,-1.810220
-1.485244,29.031564,-1.808402
-5.879378,28.011386,-1.809587
-9.934453,26.218236,-1.806781
-13.661060,23.991914,-1.809124
-16.786156,21.183528,-1.810927
-19.461716,17.960302,-1.798492
-21.784663,14.699181,-1.805665
-23.891201,11.276697,-1.807384
-25.406744,7.582689,-1.800176
-26.222627,3.648676,-1.796457
-26.675235,-0.331527,-1.797386
-26.650504,-4.517820,-1.810962
-26.022936,-8.672957,-1.806490
-24.609813,-12.596937,-1.801226
-22.618534,-16.511689,-1.807886
-20.375850,-20.254446,-1.808083
-17.015768,-23.320534,-1.810166
-13.349820,-25.725676,-1.806449
-9.125812,-27.872020,-1.801179
-4.760293,-29.142989,-1.799512
-0.201808,-29.373383,-1.798369
4.493357,-28.722107,-1.797990
8.828656,-27.362676,-1.802304
13.373853,-25.943378,-1.806263
17.656261,-24.030159,-1.808408
21.490905,-21.209042,-1.808108
25.576018,-18.150396,-1.800500
29.106624,-14.238740,-1.797427
31.579978,-9.537248,-1.803674
32.684027,-4.380334,-1.810276
32.221047,0.897853,-1.808477
30.478234,5.890369,-1.802163
27.924468,10.298995,-1.799189
25.108596,14.129463,-1.798540
22.116746,17.585886,-1.798050
18.065594,19.936286,-5.599451
14.655474,22.543710,-5.599863
10.905967,24.664296,-5.598358
7.069432,26.111073,-5.600228
2.956027,27.443053,-5.603057
-1.495705,28.741030,-5.598932
-5.826468,27.856198,-5.597905
-9.842482,26.144651,-5.603046
-13.498805,23.962753,-5.606191
-16.663133,21.036088,-5.602512
-19.216781,17.799349,-5.599107
-21.301390,14.448223,-5.600425
-23.141970,10.938705,-5.598488
-24.385824,7.384584,-5.602097
-25.036089,3.478155,-5.609555
-25.367108,-0.285214,-5.603826
-25.253706,-4.231409,-5.608471
-24.562256,-8.134497,-5.610117
-23.118418,-11.792352,-5.602729
-21.232017,-15.284452,-5.601319
-18.974128,-18.926836,-5.612091
-15.802954,-21.561919,-5.611120
-12.174295,-23.532721,-5.609582
-8.437567,-25.310613,-5.602188
-4.348950,-26.521092,-5.600855
-0.204120,-26.592497,-5.611314
4.058776,-26.036779,-5.603375
7.964719,-24.766563,-5.599066
11.966562,-23.635215,-5.605620
16.009550,-21.912582,-5.611097
19.560818,-19.145482,-5.608476
23.396988,-16.534551,-5.608441
26.663069,-13.031903,-5.602093
28.964318,-8.763529,-5.599961
30.124007,-3.934135,-5.601808
29.854807,0.884497,-5.602749
28.445204,5.489167,-5.609197
26.291001,9.589914,-5.605146
23.711903,13.468065,-5.598713
21.062373,16.869290,-5.598057
17.144813,18.970305,-9.411509
14.049147,21.505145,-9.405612
10.423427,23.532297,-9.399031
6.792118,25.187434,-9.402301
2.810678,26.897721,-9.410881
-1.368001,27.998744,-9.410138
-5.782791,27.407945,-9.401601
-9.695420,25.889203,-9.404855
-13.348505,23.629862,-9.409179
-16.392953,20.782499,-9.406235
-18.941414,17.497382,-9.409550
-20.746435,14.115857,-9.410762
-22.159223,10.541346,-9.410174
-23.116965,6.996746,-9.407594
-23.657511,3.356968,-9.402532
-23.895461,-0.311711,-9.399190
-23.697819,-3.982257,-9.400932
-22.954675,-7.590529,-9.397764
-21.554000,-10.979677,-9.400989
-19.687050,-14.158983,-9.408743
-17.438084,-17.263515,-9.403424
-14.613426,-19.627906,-9.400369
-11.184573,-21.332048,-9.408160
-7.643734,-22.868150,-9.409596
-3.987188,-23.899462,-9.401921
-0.285193,-23.897350,-9.400883
3.525994,-23.418745,-9.407318
7.005808,-22.287792,-9.405775
10.705874,-21.141241,-9.402475
14.244021,-19.428514,-9.402215
17.244027,-16.989795,-9.404025
20.688089,-14.657636,-9.409386
23.570646,-11.475428,-9.410869
25.666768,-7.659862,-9.403826
26.870787,-3.530934,-9.399642
26.945220,0.798113,-9.406790
26.013977,5.017778,-9.412387
24.311443,8.979460,-9.402781
22.229446,12.594025,-9.398035
19.924585,15.876608,-9.405630
16.004055,17.764290,-13.204510
13.141445,20.311895,-13.206491
9.832917,22.192144,-13.205672
6.370897,24.168866,-13.208878
2.761489,26.076829,-13.209238
-1.322114,26.706133,-13.198620
-5.607358,26.535532,-13.206867
-9.491011,25.248269,-13.209849
-13.057145,22.879288,-13.202608
-15.947755,20.157493,-13.201913
-18.401191,17.033592,-13.210208
-19.963897,13.552737,-13.211819
-20.928360,9.847443,-13.204638
-21.601402,6.387070,-13.205887
-22.090372,3.043089,-13.210774
-22.243716,-0.334007,-13.201884
-21.978905,-3.705979,-13.202239
-21.200880,-6.993008,-13.200242
-19.904202,-10.123085,-13.202738
-18.085807,-12.964540,-13.206716
-15.805696,-15.466054,-13.200398
-13.264612,-17.715672,-13.207149
-10.133383,-19.279498,-13.208814
-6.959196,-20.527915,-13.205849
-3.719472,-21.365893,-13.208515
-0.318213,-21.340113,-13.209394
3.040065,-20.933279,-13.198432
6.250562,-19.920365,-13.205939
9.416064,-18.669632,-13.206699
12.317411,-16.991997,-13.203481
14.953866,-14.854093,-13.208234
17.756367,-12.708530,-13.205667
20.103455,-9.903059,-13.210007
22.002421,-6.559815,-13.205897
23.262020,-3.118603,-13.199838
23.717189,0.683703,-13.204521
23.272412,4.630133,-13.205200
22.126755,8.275704,-13.200720
20.535286,11.593717,-13.198412
18.467826,14.819098,-13.200733
14.608745,16.285983,-17.011030
12.150202,18.762859,-17.001106
9.102629,20.621740,-17.000950
5.971832,22.780282,-17.007311
2.507627,24.791033,-17.008132
-1.276555,24.758263,-17.005311
-5.333629,24.981543,-17.006519
-9.098745,23.953520,-17.000888
-12.284034,21.628696,-17.003181
-15.080384,18.964948,-17.012137
-17.453937,16.068276,-17.003097
-18.706622,12.705305,-17.004765
-19.276879,9.124200,-17.012589
-19.781964,5.968687,-17.008139
-20.309757,2.809408,-17.001357
-20.407988,-0.260211,-17.010495
-20.109834,-3.321559,-17.003863
-19.332334,-6.279079,-17.004680
-18.168477,-9.149250,-17.008959
-16.472160,-11.676331,-17.004733
-14.166841,-13.719539,-17.002339
-11.936161,-15.850863,-17.002855
-9.263232,-17.284684,-17.008506
-6.338534,-18.326027,-17.010946
-3.369413,-19.004195,-17.006028
-0.285655,-18.983339,-17.002584
2.625711,-18.603147,-17.006016
5.444803,-17.774132,-17.002988
8.174181,-16.375003,-17.008299
10.618701,-14.740443,-17.010324
12.941680,-12.945932,-17.004768
15.106720,-10.767074,-17.010958
16.914312,-8.287465,-17.005523
18.472914,-5.637162,-17.001819
19.793560,-2.573278,-17.001975
20.483506,0.694454,-16.998189
20.456646,4.034118,-16.997354
19.776887,7.444383,-17.002560
18.551201,10.538449,-17.009667
16.766603,13.518572,-17.014008
12.965352,14.547629,-20.798760
10.850314,16.979608,-20.805095
8.155749,18.825358,-20.804820
5.408563,20.870616,-20.798653
2.237924,22.607495,-20.799977
-1.226276,22.152178,-20.810035
-4.829951,22.390170,-20.811408
-8.261140,21.484032,-20.807874
-10.985536,19.244301,-20.805241
-13.376121,16.794362,-20.801928
-15.560879,14.283785,-20.799108
-16.704937,11.193965,-20.806380
-17.219562,8.128373,-20.809186
-17.761915,5.344938,-20.805557
-18.301314,2.552789,-20.805673
-18.386232,-0.173158,-20.810640
-18.077703,-2.888659,-20.804560
-17.301761,-5.609457,-20.799742
-16.271812,-8.169897,-20.806985
-14.756694,-10.393305,-20.811070
-12.620499,-12.106544,-20.799635
-10.697981,-14.055632,-20.795998
-8.372614,-15.414556,-20.798323
-5.755383,-16.277208,-20.806323
-3.094122,-16.802582,-20.809613
-0.362993,-16.815121,-20.803054
2.218963,-16.457372,-20.800803
4.737718,-15.738305,-20.798174
7.074034,-14.369867,-20.798086
9.209698,-12.845503,-20.802698
11.233417,-11.225786,-20.806750
12.804713,-9.135976,-20.806868
14.148475,-7.037674,-20.810226
15.531832,-4.691959,-20.806443
16.726124,-2.107498,-20.803610
17.458867,0.641256,-20.808945
17.636161,3.600785,-20.809309
17.273868,6.552699,-20.811792
16.280169,9.445673,-20.809751
14.806897,12.015526,-20.802234
11.078051,12.559089,-24.599722
9.367592,14.845441,-24.608344
7.139821,16.686757,-24.609012
4.697804,18.279529,-24.603069
1.847869,19.396706,-24.599225
-1.190146,19.010716,-24.601783
-4.153520,18.733021,-24.606696
-6.930154,17.649140,-24.609560
-9.116212,15.620221,-24.610124
-10.879822,13.409229,-24.607628
-12.442050,11.416306,-24.602810
-13.837233,9.294704,-24.607951
-14.829624,6.972839,-24.607600
-15.526730,4.635802,-24.605040
-16.065265,2.268244,-24.607610
-16.161744,-0.163046,-24.601874
-15.859202,-2.479901,-24.602777
-15.156002,-4.794832,-24.608559
-14.248962,-7.081442,-24.606652
-12.937277,-9.089037,-24.603668
-11.134713,-10.584900,-24.609515
-9.455837,-12.354460,-24.603502
-7.396785,-13.608119,-24.602940
-5.151900,-14.302358,-24.605076
-2.758284,-14.702253,-24.610244
-0.427986,-14.728808,-24.612574
1.876355,-14.377688,-24.600057
4.117709,-13.704330,-24.599487
6.103521,-12.517519,-24.608585
7.915195,-11.184538,-24.613296
9.552156,-9.699478,-24.611022
10.741454,-7.804765,-24.606496
11.864555,-5.876364,-24.601011
12.955855,-3.936624,-24.607607
13.939356,-1.819997,-24.612710
14.634690,0.508787,-24.605899
14.878747,3.031189,-24.603418
14.668990,5.568413,-24.601122
13.882355,8.054722,-24.597860
12.592811,10.349383,-24.596402
8.985823,10.365984,-28.406076
7.666989,12.406951,-28.407949
5.965575,14.157222,-28.410777
3.710426,15.223152,-28.412644
1.282417,15.561198,-28.410698
-1.148108,15.510827,-28.407132
-3.426513,14.706956,-28.410767
-5.429425,13.446040,-28.409232
-7.087066,11.924347,-28.406111
-8.345206,10.138442,-28.405579
-9.381547,8.402629,-28.398425
-10.834042,7.160233,-28.407817
-12.232894,5.740746,-28.405967
-13.082384,3.894751,-28.398791
-13.592191,1.955591,-28.409248
-13.715173,-0.051642,-28.400847
-13.450723,-2.047916,-28.396261
-12.826076,-4.039014,-28.403668
-12.114154,-5.845012,-28.407351
-11.067945,-7.636598,-28.404825
-9.622344,-9.044049,-28.405573
-8.258971,-10.527531,-28.399778
-6.512047,-11.661541,-28.401939
-4.495752,-12.252196,-28.405201
-2.503742,-12.542707,-28.400721
-0.499268,-12.586764,-28.399812
1.481765,-12.232760,-28.410623
3.327296,-11.656181,-28.411102
5.056280,-10.659583,-28.409517
6.611113,-9.488218,-28.405934
7.917745,-8.100912,-28.404146
8.781963,-6.463632,-28.406929
9.661128,-4.843230,-28.399944
10.527061,-3.220191,-28.403625
11.313886,-1.458100,-28.403729
11.880444,0.467746,-28.397966
12.074897,2.553902,-28.410925
11.901924,4.651293,-28.412192
11.230929,6.699012,-28.407109
10.193436,8.521899,-28.405505
6.679813,8.052674,-32.200400
5.767910,9.640399,-32.206718
4.507197,11.168354,-32.211146
2.675183,11.798792,-32.212533
0.786635,11.677054,-32.209948
-1.069988,11.837094,-32.202832
-2.759232,10.965123,-32.209180
-4.145637,9.759285,-32.211474
-5.385657,8.701884,-32.206002
-6.326111,7.509484,-32.202886
-6.962261,6.089584,-32.199644
-8.061362,5.276913,-32.206243
-9.569725,4.430611,-32.212358
-10.419449,3.076420,-32.204746
-10.877649,1.565859,-32.200767
-10.999698,-0.010776,-32.210273
-10.803110,-1.580416,-32.207624
-10.335083,-3.156740,-32.198638
-9.763820,-4.635961,-32.200267
-8.997588,-6.085581,-32.209338
-7.994127,-7.310701,-32.209744
-6.842079,-8.579739,-32.198095
-5.468228,-9.488818,-32.201806
-3.822284,-9.945597,-32.207085
-2.180681,-10.156570,-32.203179
-0.544387,-10.193669,-32.203308
1.074859,-9.866756,-32.207871
2.583961,-9.377939,-32.197594
3.901680,-8.533865,-32.204017
5.123658,-7.595599,-32.205273
6.130819,-6.420825,-32.202172
6.718995,-5.009124,-32.211809
7.399629,-3.730663,-32.212503
8.060795,-2.443436,-32.204976
8.633834,-1.038437,-32.205628
9.020395,0.423893,-32.211991
9.155645,2.000251,-32.209781
9.007472,3.648033,-32.207478
8.464685,5.186261,-32.204345
7.615405,6.606954,-32.200534
4.016440,5.255784,-36.003548
3.484888,6.330954,-36.004580
2.713835,7.429171,-36.002711
1.492628,7.814863,-36.003223
0.229499,7.503806,-36.005446
-0.964266,7.675273,-36.002097
-2.039517,7.164526,-36.002360
-2.888622,6.189671,-36.005400
-3.636954,5.553824,-36.007016
-4.360611,4.932045,-36.008937
-4.717369,3.964748,-36.004022
-5.263318,3.311469,-35.999487
-6.589183,2.985691,-36.000177
-7.281761,2.140069,-36.001024
-7.639729,1.119664,-36.009716
-7.772313,0.045475,-36.010908
-7.668811,-1.029751,-36.006532
-7.368870,-2.117183,-36.008284
-6.988091,-3.128019,-36.007749
-6.540311,-4.162882,-36.000173
-5.955641,-5.228227,-36.004818
-5.150959,-6.079084,-36.003482
-4.130528,-6.756898,-36.003773
-2.966791,-7.070316,-35.999839
-1.792613,-7.210486,-36.003027
-0.633283,-7.219306,-36.010268
0.524653,-6.985469,-36.008676
1.592023,-6.620569,-36.008293
2.470887,-5.864014,-36.005155
3.362153,-5.269939,-36.002076
3.995040,-4.381062,-36.001763
4.271990,-3.306152,-36.007525
4.771638,-2.450165,-36.011806
5.187708,-1.601043,-36.002169
5.531569,-0.668321,-35.999602
5.761934,0.338585,-36.006225
5.821845,1.421348,-36.007711
5.711516,2.459040,-36.001242
5.275156,3.480413,-35.997486
4.662109,4.331294,-35.999763
-1.171299,-0.183500,-39.805182
13.403902,21.119000,36.194818
10.003971,22.892467,36.194818
6.462846,24.366276,36.194818
2.777610,25.431267,36.194818
-1.205892,25.964838,36.194818
-5.040585,25.804872,36.194818
-8.957930,24.903021,36.194818
-12.504510,23.438378,36.194818
-15.981340,21.422624,36.194818
-19.217447,19.040605,36.194818
-22.342988,16.234328,36.194818
-25.314331,13.012750,36.194818
-28.066931,9.366856,36.194818
-30.565622,5.118415,36.194818
-32.491222,0.378695,36.194818
-33.442465,-4.857423,36.194818
-32.401245,-10.055991,36.194818
-29.302616,-14.355990,36.194818
-25.003810,-17.488686,36.194818
-20.745353,-19.969186,36.194818
-16.735319,-22.145545,36.194818
-12.719827,-24.319567,36.194818
-8.824759,-26.326080,36.194818
-4.449095,-28.173813,36.194818
0.152237,-29.361011,36.194818
4.904771,-29.443716,36.194818
9.689719,-28.251648,36.194818
14.110171,-26.049840,36.194818
17.978748,-23.296934,36.194818
21.461741,-20.068074,36.194818
24.649347,-16.305518,36.194818
27.241254,-12.325368,36.194818
29.282594,-7.835484,36.194818
30.406916,-3.027970,36.194818
30.318722,1.723753,36.194818
28.816390,6.427517,36.194818
26.288239,10.448755,36.194818
23.229218,13.847687,36.194818
19.925582,16.741744,36.194818
19.032302,21.606066,32.791197
15.168041,23.664132,32.788836
11.089475,25.331767,32.792342
6.935802,25.843738,32.796319
2.883650,25.910553,32.791766
-1.143910,26.142607,32.787997
-5.003104,25.963240,32.796958
-8.898986,24.786680,32.793227
-12.067896,22.335885,32.794090
-14.890034,19.935855,32.798035
-17.763675,17.656139,32.795116
-19.955342,14.459117,32.792872
-23.294761,12.126275,32.794514
-26.277737,8.783799,32.794094
-27.222561,4.689399,32.792735
-28.219960,0.440245,32.795250
-28.503402,-3.899170,32.792485
-27.755121,-8.375899,32.789603
-24.969458,-11.957569,32.792316
-20.667680,-14.178724,32.796081
-17.408085,-16.556602,32.794528
-14.332011,-18.890766,32.795216
-11.218647,-20.858015,32.790812
-7.669814,-22.801696,32.792095
-3.987709,-24.441782,32.801209
0.109020,-25.428387,32.790212
4.442804,-26.161379,32.793831
9.016286,-26.091295,32.793230
13.342871,-24.684630,32.786916
17.444576,-22.651292,32.790940
22.078375,-20.540750,32.798021
25.528393,-17.053875,32.794657
27.752525,-12.638634,32.788134
29.263414,-7.792650,32.792985
30.328463,-3.147407,32.799960
30.677726,1.740266,32.794404
29.636078,6.536743,32.788835
28.636826,11.221163,32.795018
26.477542,15.693625,32.800144
22.979690,19.023481,32.796681
20.062355,22.668978,29.394455
15.822980,24.768430,29.397072
11.677505,26.336411,29.403159
7.165368,26.605157,29.391756
2.921320,26.273265,29.391320
-1.135393,26.204904,29.401615
-5.009259,25.813706,29.389799
-8.677237,24.389201,29.393360
-11.516707,21.541178,29.399177
-14.040624,18.779837,29.395269
-16.544601,16.300346,29.393322
-18.035244,13.244775,29.400558
-20.596377,10.719451,29.398420
-22.421619,7.717573,29.391060
-22.644256,4.033539,29.390099
-22.918605,0.677794,29.392622
-22.772612,-3.016129,29.391154
-22.237069,-6.428817,29.395551
-20.585759,-9.671177,29.396954
-18.033211,-12.201083,29.389715
-15.890493,-14.819499,29.391066
-13.571243,-17.741108,29.394093
-10.827816,-20.238514,29.391792
-7.649755,-22.217641,29.391275
-3.889270,-23.731127,29.396395
-0.058551,-24.427679,29.394840
4.219931,-25.490599,29.398261
8.766541,-25.830072,29.402249
13.181328,-24.621840,29.400245
17.533839,-22.730536,29.397231
22.417136,-20.809582,29.400410
26.055425,-17.274945,29.401670
28.253431,-12.860642,29.393021
29.846547,-8.046625,29.390252
31.104559,-3.110829,29.396178
31.484808,1.775569,29.395353
30.658475,6.779696,29.390752
29.712328,11.635154,29.393438
27.662841,16.197997,29.396656
24.093963,19.943074,29.395669
20.157266,22.749580,25.993190
15.986396,24.855742,25.997692
11.576781,26.484666,25.989033
7.126831,26.810398,25.990849
2.943195,26.483363,25.993754
-1.207758,26.153563,25.993087
-4.976983,25.426994,25.998367
-8.449004,23.726550,25.989675
-11.144987,20.808401,25.993321
-13.380889,17.876779,26.000803
-15.456505,15.280875,25.998510
-16.726802,12.373394,25.999292
-17.578238,9.310220,25.996335
-18.168848,6.370023,25.993016
-18.491472,3.552076,25.991312
-18.513303,0.715738,25.990306
-18.279433,-2.110762,25.994680
-17.847348,-4.912804,25.997681
-17.256216,-7.857480,25.997803
-16.489604,-10.931945,25.997986
-15.275574,-14.394739,25.997577
-13.637812,-17.869020,26.000862
-11.275801,-21.302350,25.998669
-8.208840,-24.150800,25.992036
-4.209403,-26.213112,25.990363
0.055632,-27.018045,25.991288
4.562613,-27.286168,25.992527
9.203417,-26.781560,25.990317
13.626423,-25.290469,25.994211
17.997935,-23.198197,26.002280
22.414426,-20.847792,25.996921
26.018438,-17.372894,25.996192
28.677801,-12.937519,25.995861
30.734601,-8.355157,25.992770
32.181181,-3.411571,25.989995
32.371482,1.773012,25.991807
31.580996,6.891075,25.997762
29.722858,11.699803,25.995130
27.102767,16.032266,25.989810
23.943213,19.766396,25.988752
19.619158,22.191120,22.595449
15.594752,24.388008,22.596526
11.456999,25.954526,22.594562
7.123400,26.617773,22.591565
2.872513,26.535059,22.587831
-1.156943,26.011040,22.589968
-4.890639,24.884629,22.600682
-8.254073,22.899405,22.599602
-10.838178,20.211008,22.595002
-12.846241,17.288791,22.593445
-14.559543,14.539385,22.593246
-15.830376,11.716454,22.593203
-15.290667,8.237490,22.596018
-15.245820,5.588353,22.599240
-15.887551,3.105194,22.600256
-15.901587,0.729280,22.599122
-15.690153,-1.633052,22.599949
-15.352027,-4.160510,22.598646
-15.317100,-6.853968,22.595461
-15.858493,-10.547811,22.596490
-15.472393,-14.428494,22.601804
-14.181108,-18.649202,22.596499
-12.148341,-22.944345,22.590311
-9.060693,-26.974074,22.590752
-4.699260,-29.945123,22.590734
0.118683,-31.044159,22.591850
5.042610,-29.928920,22.596877
9.642842,-28.104838,22.595501
14.142234,-26.155864,22.590770
18.382577,-23.675298,22.589359
22.191635,-20.567905,22.591178
25.672183,-17.090005,22.600119
28.730675,-13.057928,22.595883
31.429584,-8.485765,22.590889
32.975320,-3.368690,22.595267
32.805835,1.761007,22.597193
31.888282,6.968109,22.596846
28.978612,11.446242,22.595238
25.825078,15.352853,22.594194
23.015695,19.001796,22.594260
18.716910,21.241935,19.195344
14.939168,23.556399,19.200699
10.980613,25.111282,19.195588
7.019137,26.123238,19.191401
2.952856,26.436854,19.190438
-1.084827,25.787554,19.188249
-4.710954,24.309916,19.187478
-7.964045,22.148717,19.195074
-10.602776,19.697605,19.194794
-12.581531,16.777232,19.195915
-13.933999,13.998752,19.200947
-15.216317,11.173454,19.196213
-14.630288,7.856371,19.194580
-14.655312,5.378604,19.195572
-15.402016,3.083044,19.195825
-15.573659,0.706218,19.197259
-15.515232,-1.673094,19.201472
-15.336307,-4.057032,19.198159
-15.459155,-6.925472,19.191631
-16.334480,-10.918452,19.195735
-16.066149,-15.166026,19.192599
-14.889390,-19.615773,19.198780
-12.876804,-24.499252,19.197532
-9.631947,-29.067588,19.193793
-5.105030,-32.148596,19.200001
0.116498,-33.116503,19.190818
5.398411,-31.349655,19.193372
9.893016,-28.855459,19.192527
14.253085,-26.539160,19.187371
18.310544,-23.774214,19.189969
21.620145,-20.105668,19.198315
25.051313,-16.559761,19.199854
28.336250,-12.891557,19.192651
31.128360,-8.375826,19.188311
32.377516,-3.303049,19.192485
31.981844,1.824521,19.195388
30.788493,6.812197,19.191584
27.766124,11.056442,19.189189
24.623305,14.729795,19.188959
21.853030,18.189996,19.190355
17.675144,20.125998,15.790648
14.256098,22.501977,15.790056
10.430484,24.116309,15.799564
6.809487,25.452201,15.802370
2.899693,26.157477,15.795491
-1.064295,25.467815,15.789545
-4.655782,23.700362,15.792376
-7.765883,21.480004,15.797689
-10.381690,19.344308,15.800000
-12.409744,16.567325,15.797541
-13.609883,13.608519,15.792661
-14.816627,11.037435,15.791313
-15.405313,8.285617,15.796742
-15.960440,5.674366,15.796183
-16.658586,3.275792,15.791072
-17.100975,0.645216,15.792707
-17.376739,-2.008855,15.798077
-17.432843,-4.837452,15.798011
-17.513346,-8.005415,15.793788
-17.674775,-11.993912,15.791762
-16.906303,-16.090993,15.789365
-15.530855,-20.557871,15.794385
-13.334176,-25.425122,15.796378
-9.880897,-29.705829,15.792631
-5.086498,-32.447606,15.790510
0.249472,-32.957177,15.787819
5.254925,-31.173227,15.794909
9.721129,-28.530515,15.792586
14.018117,-25.954935,15.789164
17.844694,-23.042704,15.795003
20.807687,-19.426471,15.797901
24.121334,-15.927505,15.799312
27.541585,-12.415662,15.798572
29.647592,-8.000898,15.791387
30.151050,-3.108477,15.790799
29.815837,1.850501,15.801463
28.260657,6.248337,15.796298
26.350602,10.533696,15.789682
23.923002,14.268326,15.788877
20.901885,17.397127,15.790836
16.708918,19.087844,12.398419
13.599926,21.447142,12.389458
10.068183,23.079802,12.396825
6.486300,24.740724,12.400897
2.733733,25.693900,12.394611
-1.157551,25.024877,12.388819
-4.622062,23.199228,12.389794
-7.529569,21.118159,12.391478
-10.311481,19.043077,12.392226
-12.324057,16.561698,12.391716
-13.523908,13.491364,12.388800
-14.727146,10.992147,12.386959
-16.399898,8.762754,12.397075
-17.671795,6.172775,12.399938
-18.255830,3.431093,12.395064
-18.911821,0.742383,12.399677
-19.526940,-2.290549,12.401043
-19.906271,-5.698694,12.396919
-19.803875,-9.281593,12.396950
-19.074036,-12.963109,12.400415
-17.792120,-16.831668,12.393359
-16.066260,-21.235638,12.395170
-13.498442,-25.786055,12.399269
-9.777501,-29.451337,12.396985
-4.984506,-31.556458,12.397573
0.091517,-31.662589,12.400444
4.983320,-29.877067,12.391191
9.360942,-27.320869,12.391933
13.325065,-24.740010,12.395057
16.861476,-21.862164,12.391134
19.898442,-18.449837,12.393876
23.026078,-15.155232,12.395407
26.264588,-11.776241,12.389122
27.876513,-7.366003,12.392190
27.981442,-2.841546,12.395797
27.841754,1.674259,12.388669
26.175245,5.921035,12.397364
25.152907,10.092641,12.399444
23.249613,13.837098,12.400507
19.988791,16.651240,12.403152
15.982658,18.287160,8.991403
12.976531,20.608680,8.987800
9.585713,22.305782,8.997544
6.303259,23.967080,8.992990
2.683357,25.033287,8.991480
-1.124652,24.553927,9.001595
-4.564725,22.911065,8.996886
-7.456866,20.971017,8.991961
-10.178992,18.989532,8.996885
-12.340647,16.521336,9.000929
-13.670346,13.604413,8.998501
-15.002379,11.070908,8.998340
-17.077911,9.065624,8.990958
-18.668538,6.455612,8.993703
-19.228279,3.583153,8.999040
-20.013590,0.680691,8.989555
-20.733334,-2.561329,8.995627
-21.241970,-6.205946,9.000019
-20.990230,-9.813498,8.994684
-19.773177,-13.610554,8.994055
-18.380509,-17.492554,9.000421
-16.371667,-21.628594,9.000587
-13.393472,-25.562456,9.000162
-9.447379,-28.500935,8.996809
-4.720555,-29.916177,8.989082
0.046544,-29.628257,8.991777
4.641182,-27.888133,8.991524
8.812694,-25.566753,8.988630
12.458242,-23.043244,8.990370
15.728318,-20.267590,8.991646
18.752580,-17.462391,8.987826
21.733103,-14.403253,8.997621
24.653144,-10.980982,9.002154
26.344844,-6.969824,8.992396
26.905725,-2.643445,8.987797
26.854153,1.758721,8.993835
25.402079,5.788274,8.988144
24.317915,9.828554,8.990800
22.284167,13.383928,8.996327
19.040064,16.043971,8.996234
15.322287,17.773081,5.598747
12.504588,19.874033,5.593017
9.285014,21.623732,5.601433
6.107701,23.178588,5.596062
2.592399,24.193362,5.587465
-1.089236,23.989181,5.593076
-4.538651,22.711651,5.598291
-7.558084,20.906624,5.594284
-10.134714,18.962301,5.590928
-12.309022,16.616539,5.592950
-13.949215,13.838795,5.596162
-15.391900,11.311854,5.595803
-17.391215,9.166876,5.600042
-18.901934,6.597843,5.597076
-19.545731,3.709046,5.589266
-20.343067,0.602244,5.591482
-20.951355,-2.542736,5.595617
-21.360317,-6.224990,5.593629
-20.992094,-9.842543,5.591591
-19.806523,-13.500921,5.594712
-18.504485,-17.748305,5.593921
-16.243418,-21.546492,5.595662
-13.052633,-24.684345,5.598930
-9.047992,-26.909087,5.598717
-4.512629,-27.716065,5.594291
0.045819,-27.105846,5.591223
4.195014,-25.540308,5.593546
8.028637,-23.594767,5.593719
11.408040,-21.240618,5.591812
14.452965,-18.674582,5.592721
17.656278,-16.314309,5.594176
20.478952,-13.509629,5.591355
22.888512,-10.153940,5.597663
24.931168,-6.549048,5.596862
26.309861,-2.496483,5.589427
26.324628,1.644632,5.594492
25.111036,5.752133,5.596921
23.489049,9.579622,5.591897
21.216208,12.776227,5.593159
18.248321,15.461002,5.599798
14.832471,17.206567,2.191910
11.956692,19.217880,2.191304
9.058582,20.922231,2.196743
5.852190,22.336135,2.202168
2.447775,23.203025,2.199547
-1.056324,23.312020,2.193737
-4.476040,22.509643,2.194548
-7.481816,20.994910,2.195243
-10.110466,18.907280,2.194247
-12.340306,16.582191,2.192692
-14.213049,14.156503,2.190293
-15.727163,11.659380,2.188681
-17.335076,9.207360,2.197339
-18.655245,6.462109,2.197875
-19.419606,3.626631,2.188958
-20.075018,0.632126,2.188939
-20.503489,-2.548872,2.192034
-20.631435,-5.920385,2.191049
-20.160343,-9.523372,2.194411
-19.193867,-13.058507,2.201114
-18.011140,-17.139822,2.189907
-15.581660,-20.569665,2.190527
-12.184189,-23.183860,2.196639
-8.271431,-24.764925,2.197771
-4.177039,-25.066199,2.198646
-0.009512,-24.293968,2.200363
3.873352,-23.008342,2.191730
7.359644,-21.479055,2.190241
10.530527,-19.404508,2.190193
13.423669,-17.177175,2.189048
16.513622,-15.228758,2.201038
19.234369,-12.573259,2.203191
21.251126,-9.361527,2.195323
23.485190,-6.068321,2.194338
25.352648,-2.364134,2.195336
25.410634,1.643679,2.190171
24.577740,5.659627,2.198613
22.440691,9.108221,2.200032
19.879221,12.174982,2.196769
17.424151,14.878337,2.194313
14.239358,16.534438,-1.201279
11.365882,18.428289,-1.210974
8.579807,20.205988,-1.205977
5.523785,21.361434,-1.208657
2.287346,22.070706,-1.208458
-1.108465,22.496376,-1.203668
-4.391235,22.163883,-1.211061
-7.448832,20.907283,-1.210955
-10.084376,18.729108,-1.209512
-12.324017,16.494600,-1.212168
-14.428047,14.337859,-1.212484
-16.038403,11.780719,-1.204460
-17.105967,9.105161,-1.198143
-18.060852,6.384676,-1.202920
-18.918737,3.638494,-1.211013
-19.408953,0.658773,-1.209153
-19.584732,-2.356779,-1.210430
-19.394796,-5.504523,-1.210351
-18.874919,-8.753340,-1.204659
-18.098199,-12.239736,-1.198169
-16.796607,-15.868070,-1.198337
-14.330701,-18.787581,-1.200834
-11.164511,-20.769792,-1.200663
-7.499032,-21.906263,-1.204261
-3.654438,-22.008950,-1.210286
-0.015752,-21.322481,-1.203533
3.342171,-20.600039,-1.204359
6.587218,-19.510325,-1.210267
9.594037,-17.853113,-1.207248
12.475844,-15.995091,-1.201627
15.375089,-14.163166,-1.211466
17.916233,-11.653736,-1.210234
19.710314,-8.740772,-1.206127
21.803944,-5.640053,-1.202528
23.585408,-2.196009,-1.199924
23.655587,1.578053,-1.201328
23.047816,5.390777,-1.201479
20.773723,8.582608,-1.204483
18.495771,11.427462,-1.202031
16.584159,14.127644,-1.197493
13.329666,15.546270,-4.600721
10.693119,17.308794,-4.605599
8.097145,19.147137,-4.600035
5.156517,20.186546,-4.603150
2.164185,20.818628,-4.608790
-1.045650,21.500228,-4.607985
-4.212129,21.541173,-4.606281
-7.351973,20.514300,-4.605159
-9.903827,18.459043,-4.604924
-12.214976,16.302526,-4.605735
-14.404743,14.389476,-4.609000
-16.057379,11.828760,-4.613184
-16.765721,8.884897,-4.604548
-17.423474,6.184677,-4.600840
-18.221516,3.524523,-4.605516
-18.495896,0.753152,-4.606458
-18.421366,-2.159781,-4.608960
-17.967039,-5.023604,-4.609862
-17.372305,-8.005338,-4.606898
-16.628772,-11.201195,-4.604087
-15.064130,-14.098542,-4.606442
-12.729541,-16.435447,-4.606366
-9.711080,-18.005020,-4.603667
-6.494390,-18.762666,-4.606185
-3.215731,-18.911149,-4.610498
-0.082513,-18.511686,-4.604239
2.951726,-18.253809,-4.608094
6.002327,-17.528432,-4.605096
8.797922,-16.306586,-4.597573
11.613012,-14.881888,-4.599757
14.209228,-13.076734,-4.599854
16.511007,-10.723034,-4.597662
18.301017,-7.979642,-4.607050
19.918467,-5.090233,-4.607637
21.090273,-1.787780,-4.600415
21.023534,1.525972,-4.604532
20.157505,4.832712,-4.600557
18.581096,7.841922,-4.603837
17.079894,10.540773,-4.604280
15.445704,13.288875,-4.600099
11.890281,14.198885,-8.002172
9.720460,15.901031,-8.005480
7.459544,17.705687,-8.009122
4.707309,18.775997,-8.007045
1.901437,19.489755,-8.005769
-0.981706,20.267215,-8.004556
-4.084227,20.486145,-7.999335
-7.098883,19.679895,-8.005684
-9.626174,17.893152,-8.009935
-11.916466,15.965718,-8.008791
-14.125532,14.125546,-8.006550
-15.760537,11.601121,-8.003395
-16.332627,8.678781,-8.006276
-16.804111,5.955972,-8.004384
-17.370827,3.377519,-8.002518
-17.433604,0.729075,-8.011234
-17.151696,-1.906523,-8.013562
-16.584374,-4.479066,-8.006550
-15.909130,-7.173791,-8.001894
-14.984098,-9.880503,-8.005204
-13.155822,-12.093977,-8.002037
-11.045235,-13.927428,-7.999218
-8.411195,-15.261529,-8.004731
-5.696582,-15.884017,-8.008399
-2.959453,-16.195172,-8.002814
-0.205234,-16.106703,-8.004557
2.570317,-16.088544,-8.010336
5.260188,-15.625293,-8.009948
7.903112,-14.753559,-8.009129
10.677429,-13.678998,-8.010867
12.938704,-11.893456,-8.002369
14.973231,-9.703020,-8.006107
16.745828,-7.265434,-8.006476
17.768640,-4.379573,-8.005351
18.069461,-1.474863,-8.003926
17.845714,1.478017,-7.999782
16.614967,4.213770,-8.006751
16.103901,6.913495,-8.002479
15.370642,9.706662,-7.997444
13.923572,12.117093,-7.998702
10.286128,12.470687,-11.407204
8.583062,14.258310,-11.398600
6.652953,15.988490,-11.398494
4.246300,17.133830,-11.400147
1.685946,17.988652,-11.403642
-0.985561,18.771049,-11.404674
-3.769100,19.004249,-11.399981
-6.607600,18.408249,-11.404821
-9.139513,17.024700,-11.401834
-11.394906,15.371650,-11.398612
-13.567729,13.464752,-11.404387
-15.088752,11.111198,-11.404825
-15.715374,8.408960,-11.399076
-16.045503,5.730443,-11.401276
-16.298039,3.271087,-11.408135
-16.183671,0.792964,-11.406015
-15.750788,-1.649374,-11.399353
-15.146173,-4.045901,-11.404720
-14.407276,-6.318955,-11.408730
-13.227193,-8.491023,-11.399827
-11.316292,-10.216931,-11.402406
-9.446422,-11.718402,-11.408818
-7.307280,-12.912917,-11.408683
-5.000761,-13.552186,-11.405214
-2.562471,-13.976405,-11.407544
-0.194266,-14.105980,-11.410951
2.192027,-14.097708,-11.411346
4.618253,-13.693847,-11.406467
7.032152,-13.051652,-11.404210
9.551573,-12.179628,-11.408646
11.511480,-10.487427,-11.405823
13.311280,-8.505855,-11.400019
14.882662,-6.376343,-11.400159
15.344467,-3.634344,-11.404550
15.046376,-1.015200,-11.406529
14.766215,1.419613,-11.405862
13.762578,3.698620,-11.405074
13.646790,6.058909,-11.407149
13.211456,8.457729,-11.410850
11.888285,10.615177,-11.412190
8.610667,10.712806,-14.803413
7.364734,12.489860,-14.800486
5.660325,14.120619,-14.809406
3.723352,15.291382,-14.804323
1.477237,16.277667,-14.798407
-0.959791,16.973724,-14.804250
-3.496645,17.120176,-14.809606
-5.998269,16.690268,-14.806380
-8.458621,15.747860,-14.807346
-10.667826,14.331735,-14.805941
-12.480492,12.546404,-14.801769
-13.943322,10.356635,-14.808741
-14.735872,7.950250,-14.808978
-14.999218,5.420094,-14.806698
-14.942200,3.064388,-14.809119
-14.676406,0.814105,-14.811445
-14.160492,-1.386990,-14.806166
-13.596302,-3.499419,-14.806340
-12.743636,-5.485611,-14.807754
-11.360370,-7.175338,-14.803982
-9.817496,-8.573643,-14.806763
-8.219785,-9.926084,-14.802846
-6.357941,-11.019003,-14.798840
-4.360132,-11.648222,-14.799649
-2.331922,-12.119947,-14.797950
-0.261001,-12.379226,-14.803641
1.814354,-12.238047,-14.803966
3.942400,-11.781374,-14.802626
6.034925,-11.172986,-14.804334
8.086849,-10.223578,-14.802668
9.755959,-8.827674,-14.801324
11.317573,-7.186250,-14.801179
12.489972,-5.220968,-14.800168
12.746520,-2.914153,-14.805358
12.492623,-0.643142,-14.809659
12.269885,1.417674,-14.806495
11.685263,3.326421,-14.808300
11.287999,5.282886,-14.808894
10.675162,7.160973,-14.808906
9.725341,8.925867,-14.807988
7.050129,9.083517,-18.199804
6.097717,10.761382,-18.200603
4.706789,12.118257,-18.199679
3.099360,13.347838,-18.198206
1.251994,14.324433,-18.198631
-0.855065,14.877400,-18.199312
-3.103725,14.950302,-18.199730
-5.324372,14.626564,-18.204905
-7.530559,14.051678,-18.206458
-9.483416,12.856438,-18.202797
-10.966884,11.031851,-18.198971
-12.191420,9.149604,-18.200423
-13.146559,7.179921,-18.208543
-13.482138,4.981424,-18.211313
-13.231492,2.803891,-18.208213
-12.879182,0.820042,-18.207600
-12.404428,-1.052943,-18.202103
-11.828274,-2.841307,-18.201014
-10.931344,-4.453214,-18.204750
-9.637146,-5.800460,-18.204228
-8.438918,-7.122375,-18.198798
-7.149848,-8.361619,-18.199104
-5.555504,-9.312201,-18.200407
-3.863449,-9.889736,-18.197592
-2.150550,-10.377800,-18.200946
-0.301579,-10.721448,-18.210053
1.506595,-10.427222,-18.211783
3.309819,-9.884819,-18.206100
5.036829,-9.249288,-18.201378
6.475555,-8.177012,-18.200087
7.931661,-7.019335,-18.202306
9.197587,-5.640243,-18.207600
9.891149,-3.931857,-18.202361
10.246416,-2.166155,-18.198799
10.402855,-0.401010,-18.206736
10.253465,1.305963,-18.212673
9.942647,2.982447,-18.206851
9.242888,4.536277,-18.199913
8.485092,5.982306,-18.197320
7.776364,7.444724,-18.198016
5.669652,7.620753,-21.609561
4.918404,9.008164,-21.602062
3.787545,10.065849,-21.606244
2.513450,11.252570,-21.607926
0.907025,12.143979,-21.608449
-0.803273,12.517906,-21.608279
-2.654232,12.578607,-21.605401
-4.491811,12.352170,-21.602866
-6.340206,11.889412,-21.604334
-7.864401,10.720948,-21.607561
-8.720782,8.872864,-21.608081
-9.407023,7.217386,-21.607514
-10.528568,5.884101,-21.611303
-11.254580,4.306956,-21.605557
-11.139274,2.531143,-21.598186
-10.770821,0.846595,-21.607424
-10.465040,-0.675233,-21.611451
-9.743013,-2.142313,-21.605443
-8.747549,-3.334834,-21.598769
-7.940301,-4.488918,-21.599318
-7.088140,-5.689643,-21.603801
-6.037368,-6.819649,-21.605553
-4.750870,-7.654335,-21.603943
-3.363680,-8.160586,-21.603330
-1.911028,-8.643213,-21.602784
-0.316976,-9.019894,-21.599056
1.187267,-8.656727,-21.598834
2.627131,-8.041320,-21.607493
4.026210,-7.479401,-21.611963
5.104312,-6.364656,-21.601960
6.224813,-5.400380,-21.605546
7.052574,-4.192699,-21.606173
7.565212,-2.804773,-21.609126
8.156441,-1.512649,-21.612830
8.536170,-0.129146,-21.610417
8.444117,1.304662,-21.609661
8.276344,2.688469,-21.610847
7.492428,3.941446,-21.597917
6.783653,5.024919,-21.599881
6.185958,6.224784,-21.610157
4.353860,6.250955,-25.012369
3.686159,7.232520,-25.009363
2.789517,8.014395,-25.002484
1.813419,9.060872,-25.006160
0.589481,9.632233,-25.002308
-0.737906,9.888641,-25.002541
-2.198916,10.012621,-25.009641
-3.614318,9.819857,-25.008061
-4.929634,9.185905,-25.005461
-5.795401,7.944634,-25.005723
-5.791695,6.085201,-25.004339
-5.724780,4.671047,-25.000377
-6.842521,4.135771,-25.003722
-8.184436,3.401604,-25.005583
-8.609433,2.190644,-25.001583
-8.343696,0.908537,-24.999449
-8.211716,-0.281183,-25.006818
-7.547514,-1.332778,-25.008825
-6.290941,-1.960684,-24.999239
-6.059079,-3.076862,-25.007310
-5.643789,-4.228373,-25.013654
-4.865369,-5.067831,-25.009607
-3.933552,-5.844802,-25.004525
-2.812566,-6.336624,-25.007315
-1.626725,-6.779077,-25.006969
-0.358570,-7.122807,-25.007351
0.859757,-6.799264,-25.005856
1.982871,-6.153201,-25.003241
3.100774,-5.714236,-25.003920
3.862249,-4.747513,-25.002397
4.639270,-3.852016,-25.011396
4.994666,-2.749422,-25.007115
5.468662,-1.813789,-25.001179
6.281314,-0.976583,-25.005498
6.673920,0.104675,-25.003674
6.661646,1.265980,-24.997460
6.541615,2.383264,-24.999243
5.796722,3.326182,-24.996573
5.177482,4.211868,-24.999283
4.738130,5.124523,-25.005471
2.842844,4.674786,-28.400934
2.238850,5.132214,-28.405003
1.659572,5.710877,-28.405690
1.021127,6.375207,-28.401502
0.192508,6.575064,-28.400758
-0.689944,6.841655,-28.402252
-1.633657,7.025802,-28.406904
-2.549877,6.754529,-28.410509
-3.117532,5.851980,-28.404816
-3.222428,4.597637,-28.402523
-2.715483,3.157858,-28.404795
-2.538331,2.463829,-28.404400
-3.012412,2.270564,-28.405719
-4.354412,2.241613,-28.406052
-5.414566,1.748892,-28.403526
-5.393072,0.970991,-28.407503
-5.334466,0.226298,-28.409114
-5.282765,-0.548607,-28.405728
-3.967486,-0.727624,-28.400777
-3.447354,-1.098293,-28.401025
-3.922158,-2.424981,-28.403695
-3.417829,-3.037133,-28.403273
-2.856375,-3.631064,-28.405092
-2.156227,-4.142531,-28.402613
-1.322980,-4.519778,-28.403455
-0.421199,-4.788910,-28.405207
0.475037,-4.635301,-28.400638
1.195335,-3.991730,-28.400964
2.023888,-3.692320,-28.400210
2.561750,-3.007943,-28.407144
2.964941,-2.293946,-28.405711
2.979013,-1.345424,-28.402027
3.459370,-0.842045,-28.407753
4.339216,-0.380585,-28.404778
4.522097,0.413519,-28.403958
4.634491,1.207594,-28.410064
4.454730,1.993135,-28.408705
3.862570,2.659229,-28.403221
3.447889,3.257674,-28.402244
3.157458,3.931054,-28.401612
0.193856,0.495416,-31.805182
