0.939343,24.222922,40.005281
-2.381930,23.712201,40.005281
-5.659699,22.969860,40.005281
-8.875148,21.992500,40.005281
-12.007864,20.775741,40.005281
-15.219552,19.215209,40.005281
-18.278704,17.372937,40.005282
-21.307885,15.109876,40.005282
-24.210875,12.369873,40.005281
-26.857019,9.104960,40.005280
-29.165766,5.100212,40.005280
-30.722049,0.745048,40.005280
-31.472586,-4.241239,40.005280
-31.183383,-9.284764,40.005280
-29.758968,-14.120183,40.005282
-27.088075,-18.649395,40.005282
-23.677119,-22.643799,40.005282
-19.897820,-26.291452,40.005282
-15.696330,-29.779772,40.005282
-10.849406,-33.112946,40.005281
-5.470458,-35.975684,40.005281
0.680192,-38.129122,40.005281
7.342516,-39.058850,40.005281
14.255082,-38.388628,40.005281
20.564586,-36.038659,40.005281
26.162634,-31.935026,40.005281
30.617734,-26.616247,40.005282
33.922587,-20.757005,40.005282
36.283334,-14.685941,40.005282
37.826186,-8.358067,40.005281
38.462154,-2.085560,40.005281
38.043579,4.207592,40.005280
36.231153,10.257872,40.005280
32.914014,15.372674,40.005280
28.193186,19.241459,40.005281
22.897712,21.820043,40.005281
17.663260,23.378962,40.005281
12.900095,24.204730,40.005281
8.705509,24.536830,40.005281
4.308189,22.943144,35.810279
0.889068,22.519227,35.804975
-2.261148,21.842692,35.800096
-5.399466,21.052287,35.798614
-8.226803,20.040311,35.799643
-10.870840,18.593539,35.799075
-13.978901,17.717826,35.796251
-17.071145,16.261367,35.796423
-20.275384,14.434038,35.803076
-23.574438,12.092615,35.806705
-26.119571,8.857118,35.800534
-28.493892,5.016353,35.800633
-30.492002,0.720694,35.811211
-31.729848,-4.284284,35.805150
-31.806947,-9.479257,35.800117
-30.523896,-14.464934,35.811464
-28.069324,-19.493562,35.812682
-26.465970,-25.649133,35.812685
-22.649986,-30.470907,35.810893
-17.313020,-33.655492,35.808426
-11.863422,-37.022494,35.810687
-5.912095,-40.051258,35.815132
0.940524,-41.924049,35.802013
8.012968,-42.444612,35.796419
15.344502,-41.711982,35.805460
22.374144,-39.046598,35.807828
27.706630,-33.746947,35.800404
31.848918,-27.650399,35.807653
34.926714,-21.284818,35.806983
36.834232,-14.877222,35.802229
37.871413,-8.288829,35.812000
38.003346,-2.049703,35.805784
37.194833,4.143631,35.808777
35.211477,9.845254,35.808454
31.779075,14.801706,35.801310
27.017377,18.506116,35.813822
21.740054,20.961945,35.801688
16.755040,22.293631,35.798584
12.057638,22.921528,35.808977
7.966765,23.093356,35.812317
4.067975,22.744202,31.605943
0.822576,22.316409,31.603418
-2.354578,21.552686,31.607295
-5.302550,20.724423,31.607553
-7.948573,19.723738,31.598765
-10.595460,18.196139,31.598648
-13.528291,17.340308,31.609898
-16.457212,15.942562,31.605134
-19.745051,14.166976,31.599879
-23.213877,11.995233,31.611221
-25.813595,8.719745,31.612695
-28.146919,5.038886,31.597830
-30.400759,0.796542,31.597994
-31.943256,-4.194985,31.605196
-32.222375,-9.673763,31.604326
-31.006538,-14.972508,31.603462
-28.803184,-19.961778,31.609547
-27.343217,-26.479522,31.603833
-23.400927,-31.823548,31.605331
-18.044662,-35.151194,31.607212
-12.421271,-38.818366,31.602643
-6.156698,-42.387248,31.611830
0.992491,-44.351064,31.603489
8.613340,-44.625937,31.600055
16.251590,-43.562744,31.603855
23.262884,-40.611068,31.596110
28.380847,-34.685357,31.594257
32.418593,-28.116606,31.608703
35.328527,-21.579821,31.615583
36.969915,-14.997380,31.611612
37.709097,-8.276681,31.610175
37.569292,-1.950666,31.603958
36.562074,4.074886,31.600333
34.411728,9.814055,31.603454
30.957362,14.579418,31.607609
26.201267,18.065300,31.605583
21.263240,20.424469,31.602343
16.458948,21.821604,31.602261
11.920697,22.526444,31.604663
7.775284,22.829529,31.606546
4.375761,23.800897,27.414120
0.896523,23.531105,27.400412
-2.510361,22.797110,27.405047
-5.451513,21.942286,27.411308
-8.456987,20.674238,27.400391
-11.042837,19.046392,27.402576
-14.085657,17.836589,27.408048
-16.859058,16.140488,27.409024
-19.824176,14.273084,27.410520
-23.241686,11.989759,27.414757
-25.843635,8.730222,27.411483
-28.145018,5.029641,27.398956
-30.457661,0.817637,27.402114
-32.143541,-4.351480,27.413159
-32.466412,-9.608198,27.410659
-31.345879,-15.149492,27.404646
-29.212471,-20.164461,27.413658
-27.158085,-26.252445,27.404271
-23.186900,-31.183417,27.400205
-17.892727,-34.873695,27.403092
-12.458040,-38.836793,27.398981
-6.170163,-42.347581,27.401964
0.951644,-44.516692,27.399366
8.528522,-44.822534,27.404364
16.163747,-43.577089,27.411047
23.350679,-40.533129,27.406413
28.406416,-34.548670,27.410128
32.305171,-28.148097,27.414944
35.180209,-21.601740,27.410622
36.764264,-14.782112,27.406796
37.353359,-8.267048,27.412792
37.144485,-1.942346,27.411134
36.066249,4.062783,27.410658
33.982701,9.601598,27.408660
30.579341,14.393898,27.399765
25.826882,17.878380,27.396217
21.167247,20.311645,27.410787
16.451076,21.958047,27.407550
12.179186,22.915398,27.399541
8.288993,23.555197,27.409442
4.919638,25.770622,23.198935
1.252399,25.821536,23.204878
-2.586242,25.250680,23.202874
-5.930642,24.335741,23.202178
-9.238480,22.778768,23.210473
-12.025745,20.735563,23.208800
-15.080536,19.114500,23.201487
-17.789504,17.007940,23.208040
-20.595280,14.628696,23.211368
-23.557634,12.130198,23.207010
-26.103676,8.906384,23.208675
-28.397485,4.999837,23.205389
-30.610034,0.788840,23.209943
-32.232035,-4.341465,23.213099
-32.502284,-9.754167,23.208934
-31.481205,-15.045758,23.203324
-29.170059,-20.395474,23.197712
-26.230246,-25.475695,23.196725
-22.109475,-29.500921,23.205057
-17.159876,-33.405781,23.214127
-11.948388,-37.545552,23.213061
-5.833671,-40.274217,23.207305
0.838088,-42.265654,23.203425
8.070591,-42.752844,23.207060
15.437132,-41.659303,23.211701
22.467470,-39.024407,23.209451
27.724044,-33.613847,23.206001
31.668571,-27.601956,23.200625
34.588504,-21.146864,23.202491
36.181492,-14.632295,23.203747
36.812802,-7.972333,23.196845
36.681298,-1.924699,23.206552
35.652074,4.018595,23.211162
33.635350,9.520210,23.209044
30.380919,14.336746,23.208964
25.801152,17.945389,23.206028
21.344870,20.623954,23.202939
17.017075,22.524178,23.202543
12.696478,23.953678,23.201596
8.945075,25.041080,23.198647
5.549737,28.112366,19.006874
1.528558,28.510351,19.002698
-2.705197,28.145908,19.008556
-6.643996,27.155384,19.011619
-10.248359,25.366939,19.005959
-13.229811,22.958099,19.010162
-16.401966,20.804049,19.005017
-19.179448,18.196331,19.002941
-21.513784,15.419454,19.003993
-24.131297,12.342124,19.002320
-26.672509,8.937488,19.003586
-28.679073,5.186731,19.012454
-30.774017,0.756099,19.005901
-32.214642,-4.354513,19.002413
-32.352733,-9.672449,19.002698
-31.249806,-15.111181,19.000843
-28.907345,-20.131515,19.010079
-25.045860,-24.064343,19.004359
-20.591986,-27.378644,18.997836
-16.258771,-31.174180,19.000950
-11.352452,-35.167679,19.006919
-5.480132,-37.101182,19.007275
0.744809,-38.706912,19.011214
7.457236,-39.314024,19.004553
14.271691,-38.451592,18.998793
20.719297,-36.315110,19.006838
26.338809,-32.097882,19.004429
30.630925,-26.519476,19.009888
33.508607,-20.582421,19.009899
35.313452,-14.241569,19.003887
36.086374,-7.905665,19.008146
36.128900,-1.729043,19.008916
35.194335,4.139054,19.009600
33.261970,9.578487,19.006487
30.332691,14.256735,19.002413
26.095865,18.135806,19.007498
21.940840,21.125996,19.004249
17.873292,23.403299,18.998406
13.597590,25.348575,18.998554
9.633954,26.958504,19.004089
6.098821,30.197361,14.798375
1.748645,30.788955,14.809843
-2.848815,30.577531,14.813636
-7.134717,29.583227,14.802474
-11.107947,27.725789,14.798234
-14.632050,25.100623,14.808764
-17.662041,22.529502,14.801028
-20.523582,19.476919,14.802345
-22.685763,16.147917,14.807657
-24.741733,12.750790,14.806766
-27.209893,9.123593,14.808845
-29.102820,5.160473,14.814112
-30.896221,0.692014,14.802422
-32.039459,-4.199123,14.798277
-32.002104,-9.610980,14.800119
-30.830684,-14.758783,14.798484
-28.343805,-19.620322,14.809767
-23.634371,-22.622377,14.812837
-19.339907,-25.260122,14.804170
-15.280877,-28.955265,14.799521
-10.577813,-32.327385,14.807221
-5.062869,-33.627516,14.812056
0.491683,-34.748818,14.813523
6.512129,-35.424233,14.810567
12.730554,-34.707615,14.804061
18.704267,-32.730852,14.797968
24.603239,-29.938172,14.796367
29.060840,-25.340240,14.805578
32.176508,-19.564521,14.815035
34.215224,-13.662701,14.812153
35.196265,-7.671310,14.804419
35.471527,-1.601775,14.812213
34.737750,3.982888,14.811350
32.962235,9.365406,14.807903
30.182406,14.272528,14.808629
26.534693,18.305793,14.800177
22.755877,21.621997,14.806249
18.661619,24.502197,14.814068
14.655001,26.796591,14.810639
10.472082,28.781180,14.801104
6.432758,31.504900,10.599243
1.761142,32.111451,10.599434
-2.950474,31.943892,10.600120
-7.331589,30.943800,10.599854
-11.691299,29.127782,10.601238
-15.543907,26.797888,10.605070
-18.713801,23.615058,10.611817
-21.524621,20.328839,10.613751
-23.687801,16.648756,10.605561
-25.509987,12.976129,10.602063
-27.698646,9.279920,10.608206
-29.446277,5.128397,10.603356
-30.895560,0.647305,10.604246
-31.730126,-4.207220,10.611366
-31.491886,-9.284234,10.608018
-30.145919,-14.283114,10.598704
-27.474096,-18.916524,10.605383
-22.590082,-21.384123,10.607227
-18.426064,-23.962530,10.608724
-14.425955,-27.219027,10.609601
-9.841139,-29.454215,10.606488
-4.805834,-30.404227,10.606000
0.451180,-31.186174,10.612987
5.790853,-31.755588,10.607338
11.402632,-31.013599,10.601090
16.629190,-29.120614,10.608884
22.636883,-27.540501,10.601856
27.413935,-23.632181,10.604233
30.508248,-18.636544,10.609250
32.913677,-13.044526,10.604299
34.151428,-7.436383,10.598137
34.671094,-1.508671,10.602954
34.111916,3.977878,10.612337
32.488003,9.277038,10.607291
29.964713,14.192364,10.597372
26.775197,18.454068,10.610405
23.268612,22.184132,10.602719
19.561610,25.406311,10.601049
15.465077,28.127947,10.608283
11.172296,30.122150,10.605003
6.753321,32.005193,6.404477
1.781641,32.559574,6.402919
-2.805567,32.394215,6.401427
-7.471862,31.357256,6.398868
-11.767821,29.696403,6.398909
-15.969833,27.402474,6.405985
-19.204517,24.162977,6.407814
-22.037815,20.774131,6.405637
-24.276680,17.031583,6.401044
-26.081599,13.236319,6.403830
-28.062283,9.323069,6.410182
-29.583630,5.203132,6.399232
-30.696272,0.751119,6.397198
-31.235066,-4.023608,6.405795
-30.789127,-8.963846,6.409769
-29.208874,-13.744769,6.406770
-26.337170,-18.080658,6.405988
-21.834202,-20.597246,6.398466
-17.908643,-23.378377,6.405413
-13.894711,-25.858889,6.410668
-9.200808,-27.053969,6.404905
-4.502943,-27.958864,6.405945
0.233482,-28.481572,6.404003
5.280320,-28.863424,6.399096
10.308034,-28.028706,6.398276
14.957699,-26.142346,6.402876
20.732781,-25.185153,6.406075
25.556702,-21.968244,6.406546
28.821340,-17.486082,6.404482
31.476560,-12.408335,6.404126
33.008818,-7.020378,6.406172
33.705928,-1.462194,6.398929
33.324105,3.904177,6.405451
31.807558,9.292583,6.418044
29.596796,13.988342,6.413507
26.804278,18.362641,6.398688
23.586681,22.428045,6.400377
20.111515,26.029346,6.404966
16.094788,28.956534,6.404523
11.480923,30.894419,6.404657
6.684633,31.864443,2.210439
1.832558,32.313942,2.208042
-2.802633,32.100080,2.204686
-7.552187,31.082663,2.199731
-11.713781,29.476901,2.196992
-15.730964,27.122010,2.201703
-19.156169,24.262335,2.197930
-22.090302,20.899253,2.208591
-24.391834,17.308818,2.212008
-26.422785,13.334945,2.201643
-28.135884,9.427934,2.200626
-29.514406,5.184316,2.208226
-30.313121,0.799395,2.208353
-30.561356,-3.863452,2.208573
-29.888781,-8.649957,2.203120
-28.033982,-13.154189,2.196991
-25.144834,-17.054687,2.208039
-21.360377,-20.046454,2.206709
-17.696478,-23.056651,2.211738
-13.414186,-24.985543,2.209306
-8.919639,-25.546224,2.199949
-4.395475,-26.631808,2.207836
0.210153,-27.081151,2.207524
4.929088,-27.169415,2.205877
9.609631,-26.233755,2.207423
13.906214,-24.382825,2.207197
19.234495,-23.171857,2.206043
23.761760,-20.359087,2.205268
27.225854,-16.300075,2.208953
29.930870,-11.856090,2.214228
31.733575,-6.722957,2.212249
32.572439,-1.347044,2.203992
32.326932,3.882254,2.208671
30.980041,9.147310,2.212765
28.951325,13.767731,2.202277
26.436559,18.139886,2.196193
23.542788,22.259011,2.207003
20.235486,26.104925,2.208032
16.265650,29.144694,2.200823
11.551321,30.944724,2.205062
6.451667,31.118981,-1.988860
1.732505,31.509456,-1.992755
-2.752052,31.251383,-1.992334
-7.215024,30.375633,-1.994908
-11.409310,28.752721,-2.004397
-15.167483,26.234715,-2.001559
-18.810322,23.859064,-1.988816
-21.765146,20.748436,-1.988317
-24.236335,17.153077,-2.000259
-26.374945,13.409546,-1.999266
-27.956759,9.368933,-1.988668
-29.146141,5.204501,-2.001586
-29.701139,0.726815,-1.995950
-29.681410,-3.804899,-1.997069
-28.823113,-8.237593,-1.999471
-26.714297,-12.449785,-1.992556
-23.883856,-15.975079,-1.996131
-20.964471,-19.407274,-1.994314
-17.502069,-22.686110,-1.987005
-13.251167,-24.515451,-1.989986
-8.776050,-25.338362,-2.001855
-4.460642,-26.681834,-2.002994
0.197361,-27.200656,-1.991065
4.745407,-26.955664,-1.995975
9.491892,-25.880588,-2.000263
13.819592,-23.994783,-1.987605
18.018907,-21.863435,-1.996530
22.188882,-18.962582,-1.993641
25.734734,-15.312313,-1.986557
28.503774,-11.043577,-1.990290
30.387572,-6.317216,-1.995694
31.261192,-1.306880,-2.002127
31.104159,3.970927,-1.993132
29.945759,8.916831,-1.983128
28.061624,13.441340,-1.987547
25.726487,17.745016,-1.992795
22.976068,21.781660,-1.988911
19.791600,25.542067,-1.990451
15.793321,28.600456,-1.995566
11.195549,30.287102,-1.991938
6.077407,29.843179,-6.205456
1.680880,30.236655,-6.189809
-2.849138,29.955693,-6.196986
-7.024544,29.187787,-6.199864
-11.081143,27.613459,-6.185285
-14.493441,25.141780,-6.196853
-18.220102,23.140306,-6.205175
-21.310815,20.124406,-6.189756
-23.739259,16.854238,-6.187369
-26.035449,13.160341,-6.202082
-27.464316,9.184582,-6.202344
-28.484889,5.106076,-6.190676
-28.820419,0.740246,-6.186638
-28.619509,-3.475199,-6.193150
-27.596373,-7.735942,-6.201484
-25.398675,-11.539829,-6.200523
-22.604271,-14.921280,-6.191454
-20.318535,-18.676191,-6.192170
-17.202582,-21.975287,-6.191132
-13.173779,-24.198450,-6.193386
-8.950862,-25.933573,-6.202436
-4.509493,-27.630175,-6.201929
0.208316,-28.255717,-6.189809
4.909818,-27.679727,-6.192736
9.558013,-26.471034,-6.201182
14.038333,-24.472972,-6.196022
17.342331,-21.066817,-6.195615
20.878000,-17.865246,-6.193604
24.386670,-14.436169,-6.198389
26.983851,-10.421585,-6.203339
28.951639,-5.895391,-6.193745
29.810202,-1.041035,-6.192023
29.726528,3.731696,-6.191256
28.718746,8.550645,-6.194087
26.953580,12.973429,-6.201000
24.747986,17.186585,-6.198277
21.982881,21.038550,-6.198577
18.736397,24.547470,-6.201367
14.922694,27.324259,-6.205444
10.648732,28.954055,-6.209869
5.582856,28.131713,-10.387612
1.534494,28.574936,-10.385772
-2.666919,28.384505,-10.392058
-6.703382,27.719046,-10.395007
-10.632468,26.249879,-10.394585
-13.800718,23.998199,-10.400450
-17.461300,22.201526,-10.389775
-20.438396,19.553470,-10.397482
-23.018828,16.352464,-10.397474
-25.305870,12.847683,-10.387425
-26.621574,8.985902,-10.391520
-27.484992,5.025139,-10.388244
-27.665017,0.808528,-10.394820
-27.339129,-3.252269,-10.390649
-26.159814,-7.299639,-10.388963
-23.946640,-10.714822,-10.397766
-21.289455,-13.999949,-10.398294
-19.431472,-17.827085,-10.401967
-16.532229,-21.031785,-10.397142
-12.860597,-23.588578,-10.393968
-8.920531,-26.216566,-10.400932
-4.555300,-28.129008,-10.402240
0.187490,-28.861093,-10.393788
4.984163,-28.047308,-10.395026
9.642808,-26.632502,-10.400983
14.075241,-24.624624,-10.398207
16.834730,-20.332533,-10.397922
19.884392,-16.903122,-10.396330
23.044627,-13.613520,-10.390102
25.478295,-9.695486,-10.385341
27.371840,-5.522698,-10.390403
28.186057,-0.847559,-10.399015
28.131209,3.764570,-10.392138
27.261271,8.242632,-10.384742
25.591326,12.524824,-10.390990
23.479420,16.597176,-10.392451
20.726073,20.020743,-10.386349
17.474204,23.026320,-10.388882
13.837432,25.486521,-10.396210
9.750488,27.158698,-10.393538
4.974720,26.034983,-14.604398
1.170287,26.570819,-14.596946
-2.650306,26.507596,-14.586248
-6.305120,25.990934,-14.590448
-9.922643,24.781267,-14.604017
-13.169761,22.733781,-14.596638
-16.617152,21.021268,-14.595380
-19.534903,18.601980,-14.595524
-22.106857,15.697612,-14.592638
-24.277589,12.384870,-14.591321
-25.473670,8.716670,-14.592881
-26.192007,4.782000,-14.593596
-26.253663,0.957068,-14.596365
-25.837177,-3.044874,-14.597112
-24.625504,-6.658610,-14.594946
-22.444992,-9.839693,-14.593738
-20.110208,-12.873643,-14.594833
-18.436423,-16.721854,-14.594859
-15.744675,-19.774490,-14.600764
-12.386022,-22.360819,-14.601371
-8.726670,-25.205531,-14.593863
-4.423925,-27.043024,-14.595782
0.239177,-27.748352,-14.596852
4.758652,-26.976779,-14.593096
9.352076,-25.619194,-14.595160
13.561901,-23.784427,-14.602636
16.179160,-19.546268,-14.596068
18.839765,-16.087341,-14.597685
21.598123,-12.783199,-14.605112
23.802149,-9.020186,-14.601450
25.644883,-5.096204,-14.587610
26.393349,-0.678937,-14.596191
26.358538,3.692389,-14.598024
25.582821,7.926123,-14.596570
24.015096,11.986863,-14.604740
22.104684,15.702394,-14.601854
19.168984,18.858058,-14.591155
15.938406,21.258123,-14.589992
12.364148,23.387311,-14.598500
8.837398,24.923649,-14.604260
4.431149,23.621627,-18.788565
0.945672,24.253889,-18.797995
-2.442979,24.350541,-18.800105
-5.972454,23.964077,-18.791882
-9.366431,22.966474,-18.789954
-12.389853,21.429108,-18.798836
-15.500253,19.719022,-18.799861
-18.327423,17.604448,-18.799390
-20.947574,14.962057,-18.791614
-22.940143,11.873269,-18.789912
-24.049829,8.327997,-18.802468
-24.591138,4.670160,-18.801560
-24.580014,0.979978,-18.799813
-24.169238,-2.565256,-18.796642
-22.904191,-6.006407,-18.798812
-20.743022,-9.040254,-18.805427
-18.805012,-11.813106,-18.802882
-17.314405,-15.399384,-18.792082
-14.720117,-18.324307,-18.790096
-11.580175,-20.685104,-18.794319
-8.185578,-23.019122,-18.796183
-4.227987,-24.338965,-18.796508
0.081092,-24.917262,-18.797478
4.312721,-24.472982,-18.795530
8.459684,-23.549493,-18.794737
12.567162,-21.933848,-18.798467
15.305058,-18.421565,-18.799885
17.800033,-15.031984,-18.800175
20.061736,-11.772204,-18.799021
21.994188,-8.236640,-18.796910
23.771207,-4.474707,-18.797002
24.408196,-0.542138,-18.798883
24.401448,3.507045,-18.788871
23.700425,7.568923,-18.789029
22.245573,11.327426,-18.803705
20.469958,14.767377,-18.794394
17.543866,17.440454,-18.798777
14.163200,19.365426,-18.803509
10.874495,21.038357,-18.795904
7.637746,22.516478,-18.788855
3.656167,21.010332,-22.992824
0.664455,21.675200,-22.994107
-2.408468,21.923365,-22.995192
-5.459223,21.686371,-22.994905
-8.598889,20.962531,-22.998252
-11.517314,20.000466,-23.003352
-14.313582,18.173992,-23.000440
-16.981178,16.366083,-23.001365
-19.587789,14.062754,-22.997503
-21.340653,11.196122,-22.993364
-22.342789,7.848508,-22.996676
-22.707706,4.516645,-22.990828
-22.657706,1.172343,-22.986103
-22.248020,-2.178812,-22.988895
-21.015432,-5.257772,-23.000868
-19.060003,-8.007921,-23.002246
-17.370643,-10.734249,-22.988336
-15.997416,-13.975847,-22.998733
-13.561965,-16.556835,-22.996542
-10.582728,-18.513425,-22.996633
-7.387594,-20.154187,-23.002575
-3.833480,-20.945179,-22.988803
-0.075863,-21.367809,-22.988323
3.673248,-21.300246,-22.996403
7.432523,-20.733980,-22.999754
11.101827,-19.421469,-22.997104
14.082418,-16.891277,-22.996427
16.387817,-13.880511,-23.001143
18.258253,-10.625645,-23.002634
20.001240,-7.269109,-22.997919
21.594091,-4.003208,-22.992872
22.214631,-0.311865,-22.986166
22.212632,3.362098,-22.991086
21.614352,7.044685,-22.992073
20.302416,10.452786,-22.985588
18.598274,13.692603,-23.003020
15.673582,15.971456,-22.994017
12.279067,17.405871,-22.987034
9.326747,18.630279,-22.995362
6.521306,19.904007,-22.995477
2.954610,18.196672,-27.204241
0.443608,18.858294,-27.197665
-2.273558,19.252797,-27.191156
-4.974356,19.132966,-27.198044
-7.689157,18.701044,-27.201846
-10.655191,18.356519,-27.187596
-12.902999,16.461411,-27.192265
-15.459147,14.914117,-27.193090
-17.978311,12.995847,-27.192738
-19.452289,10.348757,-27.192755
-20.315767,7.257195,-27.187833
-20.496368,4.283017,-27.189726
-20.414205,1.187591,-27.187726
-20.035269,-1.787188,-27.194689
-18.863378,-4.488446,-27.203544
-17.154737,-6.944627,-27.199592
-15.788842,-9.450686,-27.192286
-14.523809,-12.315653,-27.203144
-12.209219,-14.448785,-27.201335
-9.419697,-15.952395,-27.194185
-6.563050,-17.067473,-27.196286
-3.487794,-17.528387,-27.200335
-0.281318,-17.864726,-27.198236
2.950714,-18.039092,-27.200808
6.249697,-17.624791,-27.202333
9.424692,-16.499780,-27.196412
12.512933,-14.858202,-27.193774
14.686009,-12.209682,-27.190728
16.172376,-9.165934,-27.196381
17.630650,-6.296525,-27.201002
19.157517,-3.309922,-27.191110
19.734125,-0.038140,-27.199863
19.741897,3.354443,-27.204729
19.201640,6.617291,-27.195700
18.003986,9.636142,-27.187298
16.447919,12.503049,-27.185357
13.630307,14.390818,-27.192217
10.484682,15.372737,-27.191443
7.796669,16.263058,-27.188469
5.386365,17.253008,-27.196978
2.193473,15.302813,-31.398063
0.144769,15.894353,-31.392933
-2.070112,16.353705,-31.393507
-4.394690,16.352482,-31.401300
-6.648137,16.142540,-31.397140
-9.566523,16.494408,-31.391828
-11.257075,14.538502,-31.403100
-13.571851,13.268897,-31.391047
-16.012458,11.737746,-31.393097
-17.184961,9.340493,-31.401123
-17.870392,6.681260,-31.385256
-17.884650,4.002841,-31.387938
-17.801588,1.333947,-31.391038
-17.491923,-1.230860,-31.399343
-16.460101,-3.552853,-31.395367
-15.037133,-5.693110,-31.384833
-13.962533,-7.915593,-31.387501
-12.782411,-10.472775,-31.393636
-10.542744,-11.971432,-31.400597
-8.119147,-12.998474,-31.404705
-5.629604,-13.861766,-31.403231
-3.067169,-14.139916,-31.398419
-0.521455,-14.404962,-31.396393
2.277994,-14.705973,-31.390215
4.968672,-14.317158,-31.391152
7.590729,-13.298947,-31.397475
10.497993,-12.404034,-31.387101
12.402200,-10.261424,-31.389735
13.613513,-7.535946,-31.394622
14.903172,-5.098063,-31.388782
16.298206,-2.562825,-31.385478
16.895775,0.237369,-31.398188
16.942331,3.163053,-31.397525
16.478382,5.976807,-31.390658
15.361495,8.657793,-31.397401
14.026453,11.022748,-31.393564
11.483430,12.629482,-31.397558
8.602041,13.312056,-31.398038
6.235518,13.900419,-31.392260
4.214051,14.585321,-31.395050
1.365703,12.354548,-35.599375
-0.216076,12.840873,-35.593710
-1.919198,13.276140,-35.594639
-3.729186,13.370891,-35.600116
-5.570456,13.287294,-35.586391
-8.251733,14.243137,-35.589931
-9.442865,12.201665,-35.597565
-11.402829,11.293291,-35.601422
-13.575244,10.131401,-35.598991
-14.418271,8.068020,-35.597836
-14.862669,5.891494,-35.597689
-14.705431,3.618960,-35.590959
-14.654620,1.528097,-35.597735
-14.443245,-0.568794,-35.597200
-13.599958,-2.467783,-35.597538
-12.484585,-4.230473,-35.599998
-11.685388,-6.103659,-35.598261
-10.723082,-8.198121,-35.598541
-8.590484,-8.952680,-35.599148
-6.648198,-9.622019,-35.593739
-4.728779,-10.359296,-35.595128
-2.709969,-10.505534,-35.604029
-0.724422,-10.729363,-35.595916
1.486023,-11.066374,-35.592227
3.540420,-10.625135,-35.598004
5.541576,-9.690899,-35.601483
8.036605,-9.399546,-35.597853
9.621109,-7.691625,-35.598125
10.509596,-5.557782,-35.600029
11.635313,-3.623160,-35.599389
12.869748,-1.609908,-35.598728
13.518626,0.641767,-35.601730
13.620906,3.023119,-35.594505
13.203528,5.319393,-35.587664
12.274541,7.397312,-35.594787
11.072507,9.369185,-35.592782
9.060031,10.617554,-35.596429
6.592849,11.068315,-35.598981
4.625177,11.380425,-35.594450
2.947268,11.835284,-35.597047
0.498898,9.079815,-39.797471
-0.571883,9.445603,-39.796583
-1.729055,9.748669,-39.793890
-2.964905,9.912465,-39.789638
-4.280945,9.864387,-39.795151
-6.546067,11.208998,-39.792730
-7.117958,9.385088,-39.797468
-8.623394,8.788365,-39.796664
-10.254337,8.004605,-39.791355
-10.717174,6.422948,-39.793025
-10.853193,4.793993,-39.797839
-10.536696,3.183565,-39.797284
-10.569211,1.742248,-39.796478
-10.471231,0.298029,-39.800171
-9.939844,-1.040447,-39.794630
-9.185536,-2.318691,-39.794284
-8.694520,-3.681964,-39.797758
-8.086096,-5.228744,-39.789406
-6.104147,-5.113077,-39.792950
-4.849703,-5.650514,-39.799037
-3.609453,-6.203608,-39.801981
-2.274767,-6.262620,-39.801999
-0.915543,-6.448774,-39.799969
0.511131,-6.736234,-39.792320
1.857670,-6.152564,-39.791348
3.035370,-5.348085,-39.797437
4.940135,-5.575388,-39.796708
5.976048,-4.419620,-39.798359
6.544530,-2.946049,-39.799714
7.458612,-1.705044,-39.796414
8.441164,-0.403489,-39.790282
9.143938,1.076606,-39.789252
9.349853,2.756650,-39.793680
8.992070,4.415138,-39.795109
8.265809,5.872595,-39.790750
7.310226,7.222003,-39.796962
5.977640,8.106763,-39.797470
4.211680,8.389290,-39.791876
2.707807,8.417286,-39.796867
1.562831,8.675917,-39.798607
-1.895042,2.734534,-43.994718
-0.695717,12.278688,40.005280
-2.230870,12.084562,40.005280
-3.871375,11.791544,40.005280
-5.379747,11.446150,40.005279
-6.985212,10.999418,40.005279
-8.568032,10.478092,40.005280
-10.345042,9.792940,40.005280
-12.295828,8.906601,40.005280
-14.472709,7.675116,40.005281
-16.630404,5.987874,40.005281
-18.443412,3.774298,40.005281
-19.643078,1.043323,40.005281
-20.014398,-1.910565,40.005281
-19.642032,-4.870039,40.005281
-18.667860,-7.809150,40.005281
-17.219125,-10.546109,40.005281
-15.360797,-13.023765,40.005281
-13.052031,-15.261160,40.005281
-10.327299,-17.184163,40.005281
-7.357632,-18.700503,40.005281
-4.101998,-19.850824,40.005280
-0.609411,-20.602870,40.005280
3.071653,-20.882840,40.005280
6.870660,-20.570863,40.005281
10.660566,-19.525214,40.005281
14.145762,-17.705822,40.005281
17.277946,-15.137902,40.005281
19.856339,-12.012321,40.005281
21.715291,-8.410654,40.005281
22.524979,-4.558748,40.005281
22.024836,-0.536375,40.005281
20.322292,3.144260,40.005281
17.827619,6.184986,40.005281
15.062272,8.448656,40.005281
12.284201,10.067061,40.005280
9.645381,11.163725,40.005280
7.125196,11.876747,40.005280
4.894186,12.254827,40.005280
2.873268,12.405900,40.005280
0.238103,9.313177,36.203474
-0.953518,9.235346,36.208389
-2.133700,9.049662,36.212260
-3.176310,8.782954,36.210541
-4.184132,8.412271,36.208095
-5.148990,7.941454,36.208331
-6.082982,7.406058,36.210101
-7.097362,6.773333,36.211946
-8.085128,6.110089,36.212351
-9.135453,5.335067,36.210459
-10.321976,4.298218,36.206568
-11.951692,3.082172,36.203963
-16.303097,1.276813,36.206138
-17.592293,-1.305231,36.206869
-18.453168,-4.343372,36.206464
-18.363104,-7.591898,36.195979
-17.553434,-10.825159,36.205192
-16.126647,-13.854167,36.208570
-14.022295,-16.752957,36.215268
-11.264749,-19.383455,36.213265
-8.313198,-22.238986,36.206727
-4.555448,-24.406617,36.200853
-0.392847,-25.104905,36.199163
4.005188,-25.098015,36.203694
8.389263,-24.450697,36.209229
12.653893,-22.957649,36.209553
16.344839,-20.304967,36.209153
19.594175,-17.316229,36.208315
22.327622,-13.660452,36.212516
23.282557,-9.146876,36.205008
22.607288,-4.603756,36.201460
20.569593,-0.403046,36.200828
18.281546,3.068389,36.199189
13.035814,5.131141,36.200761
10.460950,6.703522,36.198021
8.144306,7.657020,36.202461
6.099496,8.336353,36.208192
4.374942,8.825267,36.210834
2.856762,9.135125,36.209289
1.551992,9.282376,36.204900
-0.288971,7.409476,32.406738
-1.128153,7.355088,32.404108
-2.074169,7.191500,32.400764
-2.770862,6.996883,32.398882
-3.565869,6.700447,32.398713
-4.227197,6.391683,32.401046
-4.957162,5.960750,32.405511
-5.618483,5.441647,32.409885
-6.196666,4.831318,32.412426
-6.725020,4.170017,32.412872
-7.250365,3.510241,32.411378
-8.063332,2.642899,32.406493
-8.966041,1.675503,32.400604
-9.879438,0.291859,32.398526
-15.029662,-3.103194,32.412376
-16.492356,-6.455912,32.399041
-16.971707,-10.285628,32.403583
-16.427641,-14.199692,32.406032
-14.782732,-17.968832,32.402888
-12.221699,-21.429243,32.406331
-9.015510,-24.953662,32.411837
-4.967783,-28.414690,32.408352
-0.135136,-28.895235,32.400906
4.759251,-28.495408,32.405726
9.483218,-27.468191,32.404639
14.117171,-25.515028,32.401551
18.029266,-22.501487,32.403124
21.644821,-19.058544,32.405717
23.823986,-14.621480,32.406179
23.265500,-9.134655,32.403313
20.898732,-4.085977,32.403192
18.724045,-0.196781,32.404064
12.364993,2.685969,32.405951
9.592952,4.379929,32.405578
7.458394,5.509133,32.407967
5.714106,6.354287,32.410442
4.248508,6.890106,32.411805
2.962578,7.179948,32.411940
1.765036,7.326813,32.410996
0.677165,7.397334,32.409156
-0.506094,6.684743,28.597664
-1.218530,6.644642,28.598944
-1.923621,6.528271,28.601618
-2.620600,6.342727,28.604583
-3.308831,6.098476,28.606555
-3.985758,5.804336,28.606423
-4.527171,5.517017,28.605007
-5.124244,5.109382,28.602869
-5.711329,4.529384,28.601424
-6.111448,3.943028,28.601911
-6.455248,3.306641,28.603438
-6.842855,2.547617,28.605600
-7.351429,1.725780,28.607217
-8.276123,0.616228,28.606707
-9.283283,-0.869657,28.604518
-10.287489,-2.929287,28.604224
-13.712117,-7.690196,28.608562
-15.147519,-12.872639,28.610751
-14.944734,-18.247468,28.598871
-12.939376,-23.032161,28.607525
-9.607817,-27.360169,28.606210
-5.306503,-31.608923,28.600857
-0.050966,-31.508370,28.600799
5.160007,-30.719340,28.608345
10.240024,-29.227126,28.600423
15.061156,-27.069381,28.603236
19.268717,-23.923168,28.602183
22.774578,-20.188202,28.610867
23.828784,-14.666743,28.601688
21.890599,-8.539297,28.606654
18.848133,-3.536571,28.606526
13.640086,0.357322,28.604295
10.673766,2.609580,28.610037
8.468661,4.146423,28.609969
6.707797,5.202580,28.607994
5.073447,5.907493,28.605502
3.574526,6.274655,28.603148
2.260921,6.454440,28.601009
1.175242,6.575293,28.599073
0.332200,6.654550,28.597841
-0.388775,6.933775,24.809219
-1.217646,6.900559,24.810707
-2.036657,6.762275,24.808410
-2.731415,6.570135,24.804986
-3.420319,6.323464,24.801967
-4.101679,6.032750,24.800832
-4.753093,5.689948,24.801550
-5.341862,5.277803,24.803340
-5.906654,4.686748,24.805744
-6.281332,4.087873,24.807516
-6.647061,3.326109,24.809206
-7.002861,2.548678,24.810511
-7.486840,1.710908,24.811558
-8.401499,0.592489,24.812016
-9.492022,-0.960657,24.809164
-10.239468,-2.865821,24.803385
-11.362586,-5.788387,24.801492
-12.519880,-9.932686,24.806786
-13.151154,-15.526472,24.805192
-12.734409,-22.569413,24.803638
-9.984549,-28.546167,24.808834
-5.409755,-32.839271,24.802416
-0.019589,-32.177249,24.800956
5.291024,-31.229267,24.806843
10.275215,-29.516253,24.805189
15.161545,-27.468340,24.803198
19.492922,-24.366152,24.799992
22.622159,-19.948193,24.809143
23.111286,-14.229956,24.805165
21.028222,-8.138698,24.802736
17.508425,-3.178420,24.807404
14.221573,0.315811,24.807280
11.309063,2.633029,24.803413
9.035921,4.299706,24.804151
7.175168,5.429417,24.804924
5.428717,6.164963,24.803488
3.811336,6.522737,24.799559
2.496479,6.672806,24.797650
1.410829,6.785529,24.800023
0.448121,6.886983,24.805077
-0.151604,7.899176,21.000934
-1.178329,7.853267,21.000102
-2.074215,7.694114,21.002415
-2.846530,7.469077,21.005370
-3.720190,7.139634,21.006944
-4.475451,6.804613,21.004861
-5.287927,6.347412,21.000378
-5.987286,5.771639,20.997345
-6.535036,5.054321,20.998633
-6.936758,4.352601,21.002278
-7.385617,3.533449,21.007085
-7.978655,2.677224,21.010403
-8.910164,1.651744,21.009796
-9.917584,0.272291,21.005651
-10.635231,-1.433996,21.002209
-11.339274,-3.513400,21.003165
-12.242247,-6.482821,21.007460
-12.618704,-10.019383,21.006545
-12.281623,-14.149598,21.002964
-11.155967,-19.084188,21.006175
-8.835078,-24.408987,21.002828
-5.016391,-28.548630,21.002664
-0.130808,-30.220456,21.005109
4.921321,-29.703550,21.001817
9.827253,-28.216889,21.004382
14.531569,-26.258170,21.006775
18.734841,-23.358624,21.005518
21.177839,-18.658864,21.004109
22.140180,-13.585187,21.007650
21.313884,-8.251105,21.005571
19.371674,-3.704249,21.006372
16.488770,0.027113,21.003973
13.602260,2.818071,21.008730
10.933215,4.645250,21.001290
8.730885,5.987296,20.998347
6.750972,6.943289,20.998875
5.013104,7.487423,21.001205
3.433178,7.712416,21.004152
2.048773,7.793660,21.005256
0.888244,7.859224,21.003496
0.266931,9.356628,17.200080
-0.933764,9.255886,17.199828
-2.108489,9.026242,17.199477
-3.148177,8.690023,17.199134
-4.165903,8.263860,17.199131
-5.058580,7.819987,17.199786
-5.978832,7.227612,17.201906
-6.770693,6.489298,17.206096
-7.396252,5.728431,17.210157
-8.082671,4.866664,17.211499
-8.987197,3.908333,17.205634
-9.948762,2.865633,17.199089
-10.781553,1.583143,17.202711
-11.578342,-0.106000,17.206612
-12.355348,-2.036620,17.200839
-12.951505,-4.468826,17.204016
-12.978311,-7.112213,17.207755
-12.396980,-9.758052,17.198117
-11.184723,-12.467357,17.203484
-9.689753,-15.859990,17.209264
-7.469885,-19.397680,17.208670
-4.375006,-22.643879,17.206336
-0.308950,-26.642889,17.205219
4.367187,-26.730276,17.203711
8.901434,-25.708527,17.209302
13.139394,-23.852861,17.206799
17.021248,-21.228275,17.205564
19.309094,-17.022567,17.205616
20.581374,-12.582646,17.203049
20.692244,-8.022005,17.204597
19.747555,-3.737942,17.206393
18.058992,-0.061972,17.204829
16.061452,2.946685,17.208660
13.707822,5.236263,17.205183
11.131811,6.889222,17.207589
8.745182,8.037116,17.208230
6.669705,8.780297,17.205892
4.749815,9.215720,17.203181
3.012631,9.378284,17.201365
1.587244,9.391281,17.200500
0.661248,11.061154,13.399209
-0.796611,10.845799,13.401010
-2.225520,10.479594,13.404310
-3.413223,10.047500,13.405312
-4.651184,9.464830,13.403253
-5.654857,8.888438,13.399721
-6.707526,8.189592,13.399017
-7.718061,7.431395,13.404189
-8.756016,6.541474,13.407422
-9.726273,5.578148,13.402546
-10.761587,4.383383,13.400967
-11.670116,3.092867,13.406210
-12.473097,1.496127,13.402449
-13.154663,-0.385731,13.398469
-13.532677,-2.554605,13.402990
-13.609388,-4.782127,13.404178
-12.900447,-6.959105,13.400899
-11.960566,-9.311431,13.407119
-10.718423,-11.735709,13.402603
-8.949434,-14.103388,13.403299
-6.732413,-16.614368,13.406306
-4.059691,-19.959576,13.403040
-0.468453,-22.825075,13.406309
3.573462,-23.274980,13.400969
7.712140,-22.686882,13.405193
11.493979,-21.074077,13.410199
14.919088,-18.615891,13.410081
17.385051,-15.233127,13.405696
18.624772,-11.302420,13.400939
19.533637,-7.541524,13.406351
19.145845,-3.650646,13.403573
18.263367,-0.082937,13.410781
16.791563,2.945999,13.400390
15.247776,5.586233,13.400575
13.199070,7.686891,13.398392
10.811200,9.245785,13.403217
8.492730,10.229089,13.410782
6.133564,10.800144,13.412406
4.134221,11.048653,13.409144
2.340945,11.131202,13.403045
1.143197,12.661503,9.601251
-0.658308,12.399274,9.600503
-2.219357,11.912412,9.600337
-3.736376,11.302704,9.609058
-5.080545,10.588117,9.611945
-6.282601,9.823335,9.604936
-7.551266,9.158023,9.606565
-8.898529,8.448890,9.613641
-10.000781,7.408896,9.604392
-11.078971,6.163803,9.600872
-12.153375,4.816152,9.606931
-12.961080,3.168908,9.598569
-13.530311,1.427180,9.604422
-13.986070,-0.556551,9.601055
-14.193782,-2.789728,9.608172
-13.926498,-5.008151,9.605461
-13.278587,-7.370813,9.605260
-12.273179,-9.589164,9.609178
-10.758808,-11.772993,9.606863
-8.757270,-13.795696,9.609956
-6.432613,-15.442957,9.612559
-3.870022,-17.649973,9.607320
-0.674920,-19.540817,9.607653
2.883829,-20.073776,9.607873
6.529796,-19.731745,9.599148
10.036981,-18.374365,9.602094
12.932060,-16.116711,9.598751
15.335331,-13.464094,9.602134
16.827794,-10.036385,9.609030
17.894476,-6.811194,9.603597
18.187613,-3.313937,9.598013
17.677566,-0.056237,9.603280
16.791752,2.949611,9.604549
15.386733,5.673849,9.598376
13.966007,8.029207,9.604206
11.986475,9.922304,9.603754
9.827627,11.306854,9.599231
7.469946,12.198918,9.595897
5.149797,12.547696,9.595442
2.983998,12.655994,9.597851
1.417022,13.860144,5.807624
-0.539048,13.678080,5.813986
-2.323392,13.077031,5.802413
-3.968220,12.370281,5.802640
-5.421673,11.529583,5.810402
-6.754736,10.671047,5.812183
-8.365926,10.132379,5.804054
-9.830402,9.228713,5.800575
-10.847997,7.969482,5.800989
-12.035734,6.643102,5.795952
-12.987617,5.023933,5.812776
-13.593487,3.243324,5.802648
-14.120453,1.332495,5.799635
-14.486287,-0.707478,5.808485
-14.584928,-2.888376,5.808023
-14.424448,-5.254258,5.808513
-13.691737,-7.622429,5.799015
-12.492663,-9.891681,5.801474
-10.871790,-12.065668,5.806875
-8.719625,-13.572749,5.807571
-6.175507,-14.450000,5.807590
-3.620127,-15.756576,5.810033
-0.787665,-16.933840,5.803713
2.345299,-17.406369,5.800993
5.614502,-17.149431,5.807182
8.695582,-16.077360,5.805981
11.227241,-14.024730,5.810922
13.439274,-11.714406,5.801559
15.111802,-8.956408,5.805477
16.203638,-6.052605,5.811242
16.972702,-2.997457,5.800642
16.789860,0.066582,5.810886
16.268104,2.908128,5.806849
15.262572,5.573843,5.811164
13.913258,8.015223,5.808361
12.333744,10.152753,5.797798
10.334626,11.788598,5.811898
8.182606,13.023166,5.808630
5.820294,13.647395,5.798764
3.526312,13.812146,5.796706
1.648044,14.608651,2.006172
-0.461990,14.534588,2.003852
-2.374181,13.916574,2.013532
-4.140612,13.134894,2.007222
-5.623729,12.248010,1.996260
-7.096291,11.343944,1.995577
-8.884486,10.899896,1.999579
-10.282152,9.667088,2.009659
-11.383728,8.289084,2.008671
-12.571614,6.791672,1.995447
-13.335729,5.134183,1.999354
-13.849760,3.280887,2.017134
-14.384757,1.335434,2.006264
-14.642704,-0.756596,2.005525
-14.806354,-2.970520,2.006399
-14.605020,-5.349371,2.005931
-13.759575,-7.709072,2.006777
-12.514485,-9.978316,1.999582
-10.872802,-12.063937,1.996519
-8.551651,-13.244342,1.995198
-5.936687,-13.612028,1.999130
-3.510706,-14.194174,2.012224
-0.918370,-14.934661,2.012107
1.919570,-15.321408,2.007876
4.812993,-15.065239,2.011034
7.564522,-14.190704,2.011163
9.827721,-12.295804,2.010698
11.749825,-10.228963,2.006981
13.470257,-7.952731,1.999027
14.665101,-5.316686,1.996935
15.557081,-2.661519,2.011595
15.786196,0.186658,2.014474
15.460920,2.879049,2.012261
14.795008,5.476792,2.012604
13.626636,7.900475,2.000959
12.180236,10.059328,1.999580
10.423246,11.822414,1.994351
8.368554,13.273388,2.004115
6.173248,14.183800,2.018713
3.796606,14.518589,2.015044
1.746873,14.934798,-1.799028
-0.394549,14.937638,-1.804538
-2.341595,14.392827,-1.801721
-4.217881,13.568445,-1.797756
-5.802118,12.608516,-1.802474
-7.329207,11.746019,-1.802702
-9.193195,11.224466,-1.786326
-10.406579,9.824128,-1.801111
-11.575768,8.373037,-1.793637
-12.663846,6.872207,-1.791526
-13.341642,5.157589,-1.792964
-13.852713,3.272882,-1.797972
-14.323209,1.392495,-1.801488
-14.536316,-0.728542,-1.785734
-14.722884,-2.952017,-1.797043
-14.414095,-5.324437,-1.800125
-13.545344,-7.581422,-1.794203
-12.324908,-9.764085,-1.800617
-10.693009,-11.721542,-1.796487
-8.316391,-12.816199,-1.789214
-5.767275,-12.972023,-1.786455
-3.367238,-13.062706,-1.787505
-0.997191,-13.480736,-1.796858
1.566253,-13.742140,-1.798170
4.167994,-13.460334,-1.788750
6.666578,-12.699549,-1.787296
8.708891,-10.885725,-1.789277
10.349015,-8.947339,-1.787884
12.014314,-6.979278,-1.786736
13.254078,-4.701213,-1.793468
14.166176,-2.256775,-1.797640
14.641681,0.282622,-1.795247
14.573073,2.881492,-1.788252
14.092915,5.336730,-1.784968
13.189863,7.671156,-1.801717
11.842159,9.776318,-1.794111
10.144715,11.611790,-1.788255
8.268316,13.129588,-1.801109
6.229924,14.218995,-1.790274
3.991693,14.750392,-1.790662
1.697486,14.927510,-5.597553
-0.356255,14.979238,-5.600454
-2.403233,14.470110,-5.589187
-4.204884,13.695004,-5.585683
-5.876219,12.693267,-5.592719
-7.440847,11.871577,-5.593083
-9.227081,11.193254,-5.594361
-10.317494,9.755495,-5.597930
-11.475411,8.300150,-5.585955
-12.497254,6.846274,-5.594967
-13.123575,5.103301,-5.592962
-13.619772,3.299488,-5.600023
-14.030497,1.404070,-5.604180
-14.217169,-0.632430,-5.588815
-14.375613,-2.847374,-5.594562
-14.028341,-5.022200,-5.591326
-13.152400,-7.265542,-5.585367
-11.971308,-9.346306,-5.592926
-10.306003,-11.213387,-5.600138
-8.180141,-12.292413,-5.601691
-5.682799,-12.475150,-5.598535
-3.219480,-12.198622,-5.593218
-1.015057,-12.390786,-5.589215
1.359898,-12.515253,-5.592600
3.666877,-12.201673,-5.600738
5.985992,-11.493159,-5.602638
7.765785,-9.735543,-5.593716
9.141442,-7.834863,-5.586275
10.667248,-6.116368,-5.588072
11.940494,-4.092216,-5.594226
12.813785,-1.950783,-5.588879
13.404038,0.369461,-5.585186
13.621940,2.754919,-5.603170
13.271378,5.205858,-5.601300
12.515246,7.494885,-5.601578
11.282354,9.528336,-5.603001
9.692683,11.208325,-5.597054
7.977971,12.745146,-5.598055
6.011203,13.951194,-5.598290
3.912010,14.626858,-5.597020
1.662454,14.644765,-9.378441
-0.368268,14.742190,-9.393685
-2.404316,14.283226,-9.401950
-4.197534,13.530824,-9.399220
-5.791077,12.597825,-9.399615
-7.352776,11.774956,-9.397540
-8.987271,10.998178,-9.388095
-10.047831,9.545534,-9.387452
-11.129745,8.154208,-9.385387
-12.182805,6.632728,-9.382521
-12.742477,4.961605,-9.394650
-13.213462,3.250665,-9.398404
-13.558938,1.358807,-9.392860
-13.712056,-0.494053,-9.388374
-13.820645,-2.596332,-9.386493
-13.428689,-4.733784,-9.389550
-12.621492,-6.788955,-9.388561
-11.498299,-8.757129,-9.387086
-9.896427,-10.474225,-9.401133
-7.832768,-11.717124,-9.399371
-5.532753,-12.012682,-9.387668
-3.145468,-11.454185,-9.392646
-1.043604,-11.446141,-9.401803
1.127182,-11.452318,-9.405440
3.226387,-11.121348,-9.404191
5.434658,-10.427352,-9.404007
6.929952,-8.724975,-9.395562
8.067496,-6.803900,-9.395302
9.409969,-5.299099,-9.405928
10.675629,-3.511749,-9.395878
11.516032,-1.584835,-9.390086
12.110600,0.521987,-9.400061
12.589690,2.750810,-9.393080
12.390062,4.990432,-9.389636
11.730781,7.201800,-9.396287
10.631425,9.156302,-9.398089
9.084071,10.719398,-9.394777
7.498980,12.224569,-9.401618
5.686221,13.447514,-9.388957
3.734253,14.228188,-9.376661
1.535989,14.124441,-13.187641
-0.439819,14.265946,-13.186171
-2.361534,13.862548,-13.190460
-4.123578,13.144222,-13.193484
-5.696422,12.248241,-13.192319
-7.157781,11.457423,-13.194862
-8.678169,10.532850,-13.204183
-9.654925,9.161917,-13.195612
-10.658578,7.845980,-13.192073
-11.648028,6.422107,-13.197376
-12.206646,4.777700,-13.204038
-12.636950,3.170597,-13.194024
-12.906711,1.464350,-13.195593
-13.035728,-0.355965,-13.201403
-13.085075,-2.329554,-13.184841
-12.684917,-4.329777,-13.177014
-11.925392,-6.263923,-13.189463
-10.856960,-8.098091,-13.202041
-9.327027,-9.659159,-13.187605
-7.518079,-10.970986,-13.192976
-5.384142,-11.473206,-13.204773
-3.103653,-10.725435,-13.187380
-1.133748,-10.535085,-13.191690
0.896515,-10.445107,-13.193354
2.862272,-10.090953,-13.187918
4.865019,-9.437089,-13.197804
6.141876,-7.769921,-13.202551
6.994799,-5.934382,-13.197431
8.238253,-4.506359,-13.192482
9.404413,-2.999923,-13.191256
10.233567,-1.213833,-13.188859
10.791140,0.678914,-13.186502
11.477878,2.714271,-13.200064
11.392315,4.802722,-13.202143
10.825453,6.832506,-13.199743
9.852726,8.682989,-13.204334
8.311636,10.178784,-13.202672
6.906264,11.567876,-13.188215
5.244707,12.762056,-13.201211
3.444950,13.599730,-13.203665
1.318916,13.387538,-16.999042
-0.495418,13.564161,-16.987900
-2.351164,13.192243,-16.990199
-3.983917,12.543463,-16.999245
-5.453700,11.744201,-16.992902
-6.912896,10.902201,-16.994231
-8.187035,9.959591,-17.000159
-9.131255,8.643476,-16.993429
-10.047110,7.416251,-16.992000
-10.968544,6.106423,-16.986266
-11.511381,4.593276,-16.986519
-11.884356,3.102795,-16.992460
-12.105235,1.445636,-16.999087
-12.195715,-0.238666,-17.002462
-12.177399,-1.990198,-17.003359
-11.806045,-3.764394,-17.004004
-11.121222,-5.562083,-17.002112
-10.142953,-7.263852,-16.998184
-8.714375,-8.671371,-16.998464
-7.108108,-10.028843,-17.001172
-5.186692,-10.743926,-17.001794
-2.975906,-9.865487,-16.999367
-1.164813,-9.548670,-17.001415
0.627370,-9.388777,-16.996702
2.438114,-9.026611,-16.987652
4.232703,-8.435072,-16.989633
5.358851,-6.802617,-16.996297
6.000266,-5.036193,-16.996840
7.074017,-3.749962,-16.992331
8.154348,-2.442114,-16.994224
8.919459,-0.873537,-17.004045
9.408832,0.807338,-17.008950
10.265867,2.604686,-16.986200
10.290711,4.509524,-16.990279
9.783007,6.415068,-16.997740
8.924861,8.127677,-16.987863
7.478108,9.494883,-16.987401
6.186664,10.792010,-17.001627
4.680146,11.927674,-17.002823
3.047581,12.785745,-17.000043
1.076295,12.417547,-20.799255
-0.611414,12.623450,-20.793858
-2.294492,12.293196,-20.796215
-3.773300,11.726472,-20.793481
-5.174818,10.999746,-20.793805
-6.456753,10.183941,-20.796726
-7.595856,9.194926,-20.781068
-8.452145,8.019060,-20.787831
-9.261075,6.896729,-20.795869
-10.107312,5.722660,-20.790807
-10.640812,4.372338,-20.790270
-10.964680,2.956918,-20.795461
-11.123342,1.519073,-20.803852
-11.175866,-0.001266,-20.801775
-11.107745,-1.582446,-20.786759
-10.758660,-3.182049,-20.785443
-10.150166,-4.809527,-20.786683
-9.268050,-6.348785,-20.782945
-7.961566,-7.592690,-20.795552
-6.603896,-8.845060,-20.801887
-4.905983,-9.706492,-20.794318
-2.887089,-8.809918,-20.789884
-1.201598,-8.388500,-20.794719
0.403114,-8.175067,-20.799977
2.035036,-7.811873,-20.800998
3.589490,-7.276097,-20.797682
4.529325,-5.771388,-20.786424
5.005170,-4.134437,-20.784338
5.898806,-2.998802,-20.797909
6.898147,-1.830378,-20.807144
7.578141,-0.483669,-20.800504
8.001120,0.974792,-20.786902
8.956965,2.569675,-20.799538
8.980527,4.284264,-20.808894
8.566192,5.961076,-20.796467
7.802245,7.493272,-20.786108
6.530945,8.678465,-20.791282
5.379860,9.870179,-20.785512
4.042035,10.917012,-20.780859
2.595531,11.760706,-20.788798
0.730967,11.200445,-24.594259
-0.776913,11.407454,-24.599506
-2.194460,11.133534,-24.595118
-3.588334,10.611324,-24.598048
-4.824915,9.996761,-24.599804
-5.894641,9.230967,-24.589916
-6.817445,8.283279,-24.599108
-7.583469,7.282501,-24.602226
-8.304984,6.246456,-24.593016
-9.024633,5.280556,-24.588452
-9.571162,4.078230,-24.594318
-9.830944,2.842556,-24.585897
-9.942399,1.584661,-24.589142
-9.954284,0.263326,-24.596531
-9.833212,-1.110176,-24.589027
-9.515040,-2.502016,-24.586094
-9.019001,-3.865462,-24.595325
-8.263470,-5.220230,-24.605186
-7.139198,-6.307257,-24.591198
-5.974063,-7.415613,-24.586631
-4.541867,-8.300824,-24.597796
-2.772838,-7.475924,-24.589277
-1.267356,-6.989772,-24.590605
0.119955,-6.756301,-24.591696
1.477688,-6.432735,-24.588343
2.832865,-5.953842,-24.590249
3.608961,-4.629669,-24.590098
3.960576,-3.183775,-24.589144
4.721067,-2.182032,-24.591644
5.531313,-1.261683,-24.589263
6.140726,-0.098740,-24.588465
6.484759,1.123974,-24.597631
7.454907,2.478905,-24.595997
7.470465,3.978734,-24.588374
7.149491,5.391547,-24.595040
6.487492,6.716272,-24.602662
5.388176,7.764101,-24.594587
4.402553,8.818749,-24.584966
3.285949,9.693718,-24.598688
2.054675,10.490624,-24.605238
0.285285,9.644524,-28.398052
-0.934750,9.835916,-28.392424
-2.141813,9.600082,-28.397526
-3.279796,9.182528,-28.394919
-4.309999,8.703900,-28.385771
-5.191552,7.956537,-28.391416
-5.877655,7.118402,-28.399209
-6.528326,6.323822,-28.402330
-7.095938,5.462603,-28.394317
-7.692906,4.679478,-28.385482
-8.214494,3.733735,-28.388476
-8.407530,2.725102,-28.394487
-8.471204,1.642631,-28.395793
-8.453540,0.568064,-28.395875
-8.295160,-0.500051,-28.399497
-8.031957,-1.591078,-28.401572
-7.639584,-2.753684,-28.401246
-7.047172,-3.880549,-28.400637
-6.144391,-4.776556,-28.398728
-5.185138,-5.661990,-28.396693
-4.020567,-6.451395,-28.395676
-2.571549,-5.746912,-28.397115
-1.361758,-5.267651,-28.399772
-0.280708,-5.049394,-28.402550
0.819504,-4.771214,-28.402362
1.930391,-4.379216,-28.395989
2.553717,-3.298917,-28.394542
2.816789,-2.110511,-28.396974
3.362838,-1.352733,-28.395656
4.025282,-0.601605,-28.397306
4.514291,0.300141,-28.402293
4.807457,1.297985,-28.403519
5.680299,2.388338,-28.393319
5.659283,3.590153,-28.401081
5.435012,4.745073,-28.404506
4.889566,5.819788,-28.395208
4.038569,6.664343,-28.390088
3.240499,7.530340,-28.401296
2.326602,8.243768,-28.392862
1.356787,8.956199,-28.388667
-0.268849,7.486996,-32.188630
-1.144078,7.651271,-32.195940
-2.032172,7.490307,-32.196972
-2.858941,7.188270,-32.193918
-3.600539,6.860450,-32.188616
-4.182488,6.227165,-32.195408
-4.630741,5.578139,-32.197356
-5.120806,5.046886,-32.192875
-5.494220,4.423522,-32.197865
-5.913432,3.873044,-32.190108
-6.359445,3.251760,-32.195746
-6.495557,2.519674,-32.198194
-6.501559,1.748259,-32.195881
-6.468106,0.997978,-32.196279
-6.296557,0.259245,-32.198457
-6.090021,-0.505881,-32.194955
-5.849514,-1.330185,-32.188960
-5.479455,-2.113667,-32.191914
-4.859682,-2.802364,-32.196533
-4.170108,-3.384221,-32.196283
-3.326780,-3.913570,-32.193453
-2.311408,-3.415830,-32.195944
-1.486732,-3.007372,-32.192723
-0.728714,-2.826917,-32.191919
0.005440,-2.630822,-32.196476
0.759827,-2.373007,-32.194237
1.230978,-1.673641,-32.194873
1.413428,-0.835599,-32.198135
1.773927,-0.285354,-32.196245
2.207985,0.223458,-32.199846
2.557303,0.853688,-32.200073
2.774619,1.515653,-32.188793
3.365529,2.253549,-32.197516
3.365454,3.081007,-32.194806
3.233228,3.919357,-32.199094
2.852134,4.647640,-32.204413
2.279974,5.269036,-32.199424
1.750055,5.857611,-32.188779
1.087485,6.336532,-32.189562
0.442730,6.891358,-32.190228
-1.603411,2.242086,-35.994718
