20.286400,17.701023,40.481423
16.564361,19.659194,40.481423
12.647325,21.189389,40.481423
8.808072,22.253390,40.481423
5.105661,22.921857,40.481423
1.359215,23.266661,40.481423
-2.181850,23.294780,40.481423
-5.933025,23.005363,40.481423
-9.859139,22.331257,40.481423
-13.697848,21.265499,40.481423
-17.600759,19.699568,40.481423
-21.468041,17.545008,40.481423
-25.161253,14.720955,40.481423
-28.654966,11.018966,40.481426
-31.516691,6.807264,40.481425
-33.790356,2.006147,40.481422
-35.375146,-3.527053,40.481422
-35.959117,-9.474988,40.481423
-35.385122,-15.424735,40.481423
-33.657392,-21.377638,40.481423
-30.807178,-27.129407,40.481423
-26.873601,-32.479376,40.481423
-22.066414,-37.060510,40.481423
-16.326357,-40.820675,40.481423
-9.773808,-43.511688,40.481423
-3.043401,-44.856554,40.481423
4.039451,-44.903682,40.481423
11.018058,-43.687129,40.481423
17.481625,-41.375680,40.481423
23.589207,-37.782509,40.481424
28.598618,-33.089966,40.481423
32.357968,-27.344972,40.481421
34.774345,-20.919974,40.481425
35.841901,-14.588849,40.481426
35.817216,-8.389179,40.481423
34.841204,-2.494507,40.481422
33.101435,2.760213,40.481423
30.642362,7.507647,40.481424
27.593050,11.628750,40.481424
28.358688,17.624415,36.227814
24.889852,21.726147,36.227924
20.608834,24.546736,36.233220
15.876131,26.564111,36.229304
11.219276,28.073014,36.225787
6.676923,29.134416,36.232027
1.794827,29.520913,36.227636
-2.852367,29.418515,36.229733
-7.524885,28.950148,36.239226
-12.020529,27.597869,36.239192
-15.633142,24.343367,36.235953
-19.226988,21.464307,36.237066
-23.877021,19.642676,36.235101
-29.006640,16.924138,36.224807
-31.939403,12.486140,36.236084
-34.716237,7.526747,36.234284
-36.582455,2.111356,36.223003
-37.072224,-3.769713,36.230126
-36.771017,-9.559359,36.241305
-35.216658,-15.423331,36.224254
-33.614376,-21.532756,36.224634
-30.647389,-27.041003,36.223164
-26.295190,-31.947314,36.219454
-21.332218,-36.184653,36.224462
-15.732761,-39.531415,36.227521
-9.348191,-41.780687,36.223431
-2.930456,-42.982801,36.230119
3.826607,-43.158761,36.239859
10.547702,-42.331237,36.243177
17.228921,-40.304845,36.236804
23.283507,-37.238315,36.226812
28.583066,-33.056320,36.222895
32.683664,-27.380112,36.227361
35.440039,-21.447317,36.227198
37.095643,-15.148932,36.227263
37.622315,-8.838416,36.224072
36.711876,-2.638027,36.223747
34.455231,2.999801,36.235798
32.591444,8.051842,36.238077
30.716648,13.073177,36.232960
30.288972,18.891055,31.974414
26.829853,23.239597,31.978627
22.126554,26.596414,31.982979
17.340778,28.899422,31.978268
12.371679,30.736365,31.977979
7.234899,32.042943,31.990836
1.954805,32.520813,31.987376
-3.080141,32.472260,31.977621
-8.163285,32.010522,31.971653
-13.244611,30.406223,31.971522
-17.078470,26.454433,31.983816
-20.675173,23.365500,31.986735
-26.021831,21.390662,31.980725
-31.755313,18.521158,31.984351
-34.427730,13.429206,31.988939
-37.025456,8.132261,31.980783
-38.576798,2.222823,31.983837
-38.482872,-3.898810,31.985683
-37.642169,-9.817241,31.973582
-35.626425,-15.497065,31.980336
-33.884042,-21.537305,31.973451
-30.617420,-27.097253,31.986211
-26.215667,-31.604827,31.990552
-21.142283,-35.664044,31.980202
-15.474013,-38.836134,31.979631
-9.275508,-40.829366,31.979459
-2.872892,-41.966501,31.973155
3.864999,-42.124559,31.979869
10.340113,-41.420687,31.975889
16.835175,-39.661071,31.982257
22.981204,-36.822713,31.987846
28.414738,-32.851413,31.972925
32.609426,-27.563301,31.974070
35.885801,-21.648106,31.974369
37.941961,-15.507502,31.981370
38.854590,-9.012821,31.986794
38.195292,-2.823971,31.984795
35.883888,3.007107,31.985078
34.098456,8.534158,31.981183
32.542418,13.856173,31.975875
31.177219,19.485043,27.739387
27.624879,23.893677,27.725382
22.927779,27.450343,27.722617
17.918820,30.073130,27.722713
12.891851,32.045367,27.727017
7.670895,33.432048,27.737688
2.055321,34.045549,27.731512
-3.323853,34.030369,27.725165
-8.747362,33.526885,27.724346
-13.935012,31.978279,27.724694
-18.160223,28.285153,27.737865
-22.368403,24.974629,27.734524
-27.760897,22.847466,27.722535
-33.710076,19.676374,27.731748
-36.255930,14.098398,27.739544
-38.769014,8.369055,27.734610
-40.007771,2.266598,27.731867
-39.618702,-3.959651,27.735863
-38.558614,-9.962886,27.739513
-36.323416,-15.946621,27.741568
-34.257083,-21.745623,27.736818
-30.673648,-27.271442,27.740103
-26.100989,-31.762528,27.738495
-21.019769,-35.619159,27.737982
-15.373750,-38.580086,27.743196
-9.260890,-40.437797,27.739217
-2.723012,-41.519719,27.735087
3.655063,-41.579445,27.736508
10.246274,-40.825577,27.741785
16.655512,-39.164803,27.736333
22.706313,-36.427321,27.728892
28.236653,-32.359717,27.734531
32.546597,-27.319229,27.738058
36.111120,-21.711656,27.730523
38.500198,-15.562224,27.726511
39.640539,-9.224190,27.731526
39.272045,-2.890099,27.733962
37.171855,3.144965,27.727223
35.367884,8.801358,27.732447
33.681324,14.193306,27.741736
31.501291,19.713249,23.473853
27.844248,24.111543,23.484970
23.175110,27.815042,23.481113
18.186213,30.604575,23.478370
13.125848,32.659502,23.485629
7.606763,34.127892,23.492323
2.182434,34.797172,23.484455
-3.266064,34.817327,23.481159
-8.976801,34.265783,23.489287
-14.269409,32.895274,23.492307
-19.055182,29.826390,23.477821
-23.712608,26.544274,23.474439
-29.215352,23.979713,23.483852
-35.051749,20.469587,23.484601
-37.487580,14.757008,23.480525
-39.904282,8.643682,23.481113
-40.971940,2.420938,23.483143
-40.450527,-4.101103,23.483676
-39.397225,-10.185475,23.483228
-37.281744,-16.288449,23.480982
-34.591933,-22.165744,23.481009
-30.860516,-27.415075,23.489466
-26.266433,-31.964167,23.481718
-21.063333,-35.783163,23.472081
-15.276390,-38.632404,23.475686
-9.074163,-40.437443,23.473499
-2.691755,-41.396337,23.472672
3.759457,-41.299862,23.486877
10.153510,-40.416510,23.482682
16.412244,-38.800584,23.478773
22.475856,-35.968991,23.481824
27.778520,-31.855181,23.478724
32.197147,-27.152210,23.480387
36.120043,-21.698368,23.475452
38.687765,-15.805640,23.480483
40.041202,-9.444960,23.480538
39.968904,-2.773928,23.475580
38.313435,3.214029,23.489870
36.448542,8.930658,23.487702
34.335914,14.505253,23.475001
31.531663,19.748154,19.229610
27.788682,24.116116,19.229259
23.374479,27.802500,19.238136
18.442091,30.769995,19.242036
13.141397,32.996628,19.237536
7.826773,34.419779,19.234534
2.126338,35.207308,19.236653
-3.366437,35.233513,19.236713
-8.845844,34.659202,19.235957
-14.464974,33.435916,19.237211
-19.957399,31.014445,19.228422
-24.806632,27.969004,19.219817
-30.326170,24.846122,19.226859
-35.800195,21.091806,19.241970
-38.312418,15.099175,19.230824
-40.569293,8.890285,19.220044
-41.529856,2.331627,19.228485
-40.999830,-3.961225,19.240041
-40.065573,-10.379681,19.238433
-38.232321,-16.619985,19.230170
-35.032356,-22.270471,19.226120
-31.112423,-27.466634,19.235936
-26.589250,-32.130575,19.243157
-21.324380,-35.943245,19.237618
-15.446482,-38.720247,19.226595
-9.202073,-40.531768,19.223130
-2.762438,-41.420800,19.231025
3.731040,-41.155753,19.223527
10.131609,-40.063260,19.227574
16.432795,-38.350682,19.236759
22.190289,-35.422206,19.234710
27.184598,-31.223703,19.228174
31.859721,-26.715791,19.227658
35.921094,-21.622854,19.224907
38.674671,-15.757685,19.222042
40.147225,-9.390533,19.229656
40.385560,-2.909839,19.240815
39.230044,3.236259,19.237239
37.256774,9.206016,19.233253
34.730380,14.666578,19.231784
31.487770,19.727842,14.976192
27.685880,24.064449,14.984478
23.341447,27.864395,14.991197
18.477359,30.987830,14.987824
13.187460,33.292601,14.978870
7.850595,34.719658,14.973993
2.384069,35.545537,14.971953
-3.382296,35.594519,14.974594
-9.114505,34.905965,14.980747
-14.776900,33.792673,14.985724
-20.592970,32.087114,14.987437
-25.749498,29.121481,14.990030
-31.008007,25.521157,14.989824
-36.220332,21.340444,14.979726
-38.807333,15.069384,14.971048
-40.851847,9.050795,14.985378
-41.733468,2.427966,14.986542
-41.185417,-4.116356,14.974929
-40.405929,-10.603322,14.972995
-38.874687,-16.946472,14.972528
-35.269409,-22.356973,14.984820
-31.215461,-27.502696,14.983538
-26.790109,-32.286720,14.981082
-21.490927,-36.090375,14.978014
-15.542891,-38.791117,14.974105
-9.279064,-40.616202,14.983447
-2.801764,-41.422642,14.984162
3.710206,-40.987632,14.976991
9.842917,-39.725819,14.980942
16.155395,-37.890416,14.987875
21.792374,-34.742741,14.985450
26.453627,-30.494796,14.978806
31.199565,-26.399451,14.975254
35.521257,-21.491593,14.973903
38.415975,-15.659988,14.982049
39.973511,-9.300374,14.983164
40.475275,-3.047523,14.974521
39.794938,3.448335,14.976207
37.844156,9.406974,14.975789
34.986157,14.761274,14.973652
31.594135,19.792145,10.726171
27.781739,24.113905,10.731057
23.540485,28.027448,10.731657
18.785716,31.320069,10.736055
13.549148,33.743558,10.737267
7.975139,35.260980,10.730181
2.260150,36.138581,10.738836
-3.507642,36.147719,10.742516
-9.224628,35.354361,10.732423
-14.889752,34.256412,10.725366
-21.101078,32.970894,10.734831
-26.479069,30.003547,10.731037
-31.641553,25.809908,10.726218
-36.283588,21.338030,10.739000
-38.890294,15.074239,10.740944
-40.822653,9.039021,10.740781
-41.612493,2.374909,10.732531
-41.024365,-4.148340,10.723472
-40.268400,-10.394974,10.724303
-38.882561,-17.025482,10.730195
-35.124136,-22.324681,10.737066
-31.050528,-27.461747,10.734243
-26.690289,-32.309783,10.725069
-21.368454,-36.072255,10.731231
-15.377518,-38.695102,10.738715
-9.113472,-40.511362,10.723584
-2.619984,-41.193000,10.723258
3.634587,-40.632676,10.728370
9.718857,-39.171413,10.725426
15.748071,-37.231372,10.730482
21.244974,-33.868367,10.733686
25.610683,-29.678831,10.726539
30.579260,-25.849690,10.732310
35.076062,-21.098030,10.732179
37.924598,-15.517786,10.728173
39.542873,-9.180387,10.725069
40.263019,-2.940207,10.723367
40.069361,3.342456,10.722347
38.214269,9.553088,10.721536
35.233549,14.876731,10.722262
32.099119,20.094395,6.482877
28.213449,24.642492,6.490632
24.107956,28.659175,6.491643
19.256936,32.190442,6.480155
13.837596,34.749733,6.470255
8.297827,36.280999,6.474944
2.362810,37.175230,6.480208
-3.626998,37.118432,6.488099
-9.293708,36.192481,6.491934
-15.140837,34.890587,6.484877
-21.590155,33.638226,6.481667
-27.084030,30.480634,6.483938
-31.697544,26.087604,6.483871
-36.070632,21.036073,6.477610
-38.609929,15.053652,6.471464
-40.512726,8.802103,6.471889
-41.192939,2.383184,6.477449
-40.510355,-4.089156,6.486515
-39.404448,-10.242611,6.487814
-37.833347,-16.540985,6.474652
-34.409146,-22.036937,6.480317
-30.634552,-27.032689,6.482307
-26.257650,-31.830344,6.480030
-20.941722,-35.529610,6.474600
-15.199465,-38.026013,6.473183
-8.977655,-39.855997,6.481969
-2.758289,-40.442012,6.479040
3.465816,-39.873612,6.479306
9.487773,-38.299868,6.482134
15.393702,-36.123311,6.477578
20.534242,-32.692206,6.477343
24.931227,-28.608805,6.484362
29.871360,-25.210329,6.484045
34.327720,-20.808615,6.489684
37.311003,-15.057129,6.479162
38.880613,-8.999317,6.474330
39.774155,-2.813691,6.486353
39.922237,3.435792,6.489205
38.473327,9.463036,6.484995
35.608103,15.111950,6.480689
32.954870,20.597361,2.230840
29.194559,25.475990,2.224687
24.926456,29.939067,2.235407
19.936067,33.549784,2.235608
14.315533,36.119631,2.232946
8.617411,37.731323,2.241570
2.505935,38.588775,2.229854
-3.663367,38.429704,2.232308
-9.710134,37.249976,2.240849
-15.413417,35.666657,2.230080
-21.715643,34.151992,2.235446
-27.288140,30.762252,2.230726
-31.685108,25.944722,2.223083
-35.418305,20.772950,2.231030
-38.018922,14.909664,2.233113
-39.851380,8.739255,2.224839
-40.479953,2.372441,2.226889
-39.662225,-3.999886,2.229974
-37.889909,-9.906246,2.225903
-35.640613,-15.646876,2.231530
-33.181791,-21.039228,2.224933
-29.692262,-26.110263,2.228353
-25.272516,-30.432397,2.226681
-20.163876,-33.866692,2.227645
-14.545834,-36.439588,2.235535
-8.634503,-38.169731,2.227626
-2.486731,-38.689406,2.229191
3.430795,-38.325346,2.238101
9.152341,-36.860233,2.232520
14.608724,-34.504224,2.224692
19.503597,-31.203257,2.222533
23.955337,-27.697484,2.225173
28.974833,-24.554611,2.233673
33.486846,-20.315386,2.228348
36.367883,-14.884951,2.225628
37.965798,-8.905001,2.229127
38.984192,-2.822952,2.233507
39.394966,3.335481,2.239336
38.427276,9.411305,2.241855
36.140002,15.224425,2.239154
33.857752,21.098419,-2.027419
30.416528,26.354397,-2.025165
26.088596,31.266016,-2.020081
20.808744,35.054745,-2.017621
15.040303,37.618118,-2.022110
9.013902,39.391241,-2.027264
2.539942,40.176167,-2.015679
-3.752746,39.864201,-2.009403
-9.870814,38.487524,-2.012428
-15.803259,36.412979,-2.011369
-22.013036,34.278011,-2.007915
-27.317621,30.609719,-2.014348
-31.293986,25.662924,-2.023212
-34.516490,20.284457,-2.022515
-37.149490,14.578958,-2.017393
-38.926947,8.546728,-2.025089
-39.473608,2.284827,-2.031279
-38.499046,-3.929812,-2.024464
-35.970973,-9.427397,-2.014631
-32.839460,-14.312712,-2.014040
-31.051693,-19.829427,-2.021664
-27.900577,-24.650097,-2.024407
-23.136134,-28.017870,-2.024820
-18.296641,-30.734927,-2.017235
-13.354015,-33.275721,-2.013054
-7.762064,-34.808090,-2.022947
-2.468986,-35.302862,-2.013524
3.089820,-35.613199,-2.022789
8.548102,-34.606845,-2.024360
13.505817,-32.085139,-2.015357
18.262824,-29.217299,-2.016109
23.196813,-26.657542,-2.021303
28.171549,-23.674927,-2.014499
32.471082,-19.734626,-2.012038
35.302624,-14.441733,-2.008380
36.866568,-8.567208,-2.009277
37.900961,-2.870772,-2.015887
38.480175,3.386799,-2.019057
38.001407,9.433591,-2.022353
36.454553,15.336183,-2.025907
34.390003,21.342172,-6.261927
31.214867,27.122979,-6.267111
27.014272,32.231714,-6.263066
21.567423,36.301800,-6.259445
15.561283,39.088139,-6.264190
9.250704,40.981304,-6.272199
2.702082,41.652200,-6.272249
-3.896341,41.183221,-6.273682
-10.261100,39.540388,-6.278656
-16.099051,37.016625,-6.277324
-21.812184,34.200925,-6.266021
-26.829682,30.315694,-6.268433
-30.588538,25.185646,-6.276756
-33.416089,19.488756,-6.274158
-36.052544,13.964830,-6.272660
-37.719468,8.330555,-6.276530
-38.189104,2.209837,-6.276303
-37.134888,-3.580667,-6.272275
-33.958788,-8.842705,-6.273224
-29.929255,-13.162054,-6.275591
-28.501438,-18.347349,-6.269065
-25.595649,-22.573514,-6.266318
-20.585444,-24.803465,-6.265820
-15.848749,-26.737851,-6.265679
-11.505408,-29.112453,-6.270074
-6.914312,-30.198604,-6.274709
-2.013170,-30.807679,-6.272229
2.799670,-31.954911,-6.268632
7.955328,-31.549997,-6.264043
12.301561,-29.126078,-6.269868
16.948149,-27.049946,-6.273919
22.210510,-25.707077,-6.272650
27.084708,-22.807858,-6.277046
31.320670,-19.008397,-6.267924
34.041799,-13.865972,-6.268232
35.491380,-8.350121,-6.275433
36.588270,-2.590285,-6.273438
37.232731,3.259060,-6.261556
37.212307,9.188640,-6.254949
36.339225,15.289709,-6.255945
34.119435,21.333175,-10.520778
31.237844,27.279814,-10.512645
27.138360,32.457948,-10.513539
21.883739,36.815121,-10.517366
16.074873,39.964683,-10.518746
9.554577,41.996850,-10.520009
2.763255,42.603802,-10.522431
-4.057155,42.005247,-10.527155
-10.396129,40.221466,-10.523722
-16.279461,37.221662,-10.511162
-21.533078,33.636667,-10.513342
-26.148854,29.518797,-10.521872
-29.670881,24.274667,-10.520324
-31.926912,18.787952,-10.514738
-34.556180,13.486135,-10.524540
-36.272741,7.847726,-10.516113
-36.627544,2.138066,-10.514659
-35.350103,-3.625908,-10.523848
-31.859182,-8.445480,-10.520880
-27.720403,-12.065208,-10.517595
-25.954718,-16.696349,-10.517396
-22.946616,-20.314414,-10.522943
-18.084894,-21.857144,-10.521818
-13.847623,-23.267838,-10.514914
-10.004861,-25.261758,-10.515977
-5.981532,-26.096159,-10.523318
-1.722409,-26.784380,-10.524258
2.599603,-28.202075,-10.514571
6.933997,-28.295649,-10.511655
11.113607,-26.418109,-10.515287
15.606890,-25.183534,-10.522568
21.248267,-24.595176,-10.526002
25.798745,-21.892352,-10.522498
30.082372,-18.086574,-10.528892
32.533873,-13.293728,-10.521120
33.919089,-7.947349,-10.511098
34.964991,-2.616088,-10.510251
35.664454,3.027607,-10.511323
35.966841,8.988059,-10.516581
35.591463,15.149473,-10.522262
33.137276,20.595782,-14.773263
30.481206,26.567334,-14.772780
26.507361,31.732737,-14.766604
21.676219,36.144678,-14.761217
15.957165,39.693970,-14.763039
9.540891,41.791799,-14.770216
2.613311,42.405543,-14.769598
-3.895137,41.823793,-14.769836
-10.378323,39.982887,-14.773625
-16.084819,36.811402,-14.775860
-20.838555,32.709485,-14.777164
-25.172555,28.332506,-14.777220
-28.353097,23.244817,-14.775893
-30.272256,17.673181,-14.770984
-32.772017,12.843501,-14.761138
-34.500441,7.492429,-14.756833
-34.772067,2.018758,-14.766151
-33.396434,-3.438922,-14.773652
-30.188548,-7.860375,-14.771622
-26.157552,-11.518824,-14.778938
-23.790152,-15.167668,-14.765407
-20.453599,-18.179949,-14.768667
-16.329174,-19.728363,-14.766958
-12.531888,-21.273457,-14.765036
-8.983864,-22.903626,-14.778994
-5.368963,-23.711255,-14.773737
-1.736056,-24.362304,-14.759761
2.316876,-25.136015,-14.764327
6.237992,-25.355113,-14.763637
10.249671,-24.412352,-14.765226
14.766417,-23.872864,-14.768705
20.093591,-23.359798,-14.763868
24.468901,-20.793647,-14.758276
28.435595,-17.339190,-14.764014
30.820272,-12.548624,-14.763398
32.053082,-7.638995,-14.765266
33.104392,-2.337705,-14.768956
33.794332,2.835127,-14.762433
34.292687,8.520118,-14.761521
34.262879,14.414864,-14.767395
31.426367,19.626047,-19.016997
28.998767,25.307252,-19.009121
25.322398,30.257411,-19.021379
20.577895,34.511619,-19.026856
15.112338,37.786220,-19.021303
9.089921,39.870174,-19.021687
2.559145,40.591224,-19.018257
-3.794430,40.111003,-19.018021
-9.962567,38.473280,-19.022487
-15.396908,35.552614,-19.023122
-19.957425,31.166847,-19.016190
-23.869935,26.832183,-19.021716
-26.715221,21.947063,-19.027780
-28.242969,16.592131,-19.018710
-30.748103,11.877419,-19.012667
-32.407947,7.046482,-19.013169
-32.609202,1.865155,-19.018448
-31.290872,-3.066345,-19.023824
-28.313799,-7.521238,-19.026028
-25.152278,-11.025077,-19.027037
-22.072646,-14.055053,-19.022230
-18.525442,-16.476683,-19.011940
-15.119322,-18.386912,-19.016830
-11.902780,-20.209344,-19.019525
-8.516410,-21.667772,-19.015045
-5.145964,-22.599484,-19.023906
-1.517104,-23.266513,-19.022206
1.972584,-23.288044,-19.025342
5.874940,-23.409962,-19.012386
9.754083,-23.185400,-19.015089
14.299776,-22.901422,-19.025884
18.856561,-21.967788,-19.026338
22.974020,-19.550713,-19.021753
26.709718,-16.286242,-19.014355
28.843957,-11.693749,-19.011738
29.961120,-7.046793,-19.019098
30.918426,-2.242211,-19.024970
31.607670,2.641439,-19.019664
32.207655,8.005848,-19.018873
32.365891,13.572391,-19.021397
29.116576,18.229074,-23.266204
26.974210,23.354508,-23.276093
23.576418,28.262416,-23.266975
18.893349,31.760084,-23.260081
13.616803,34.118167,-23.263519
8.059701,36.117308,-23.266443
2.398653,36.939198,-23.264590
-3.510523,36.622905,-23.266398
-9.117038,35.355746,-23.268824
-14.344987,33.003881,-23.265967
-18.689676,29.063140,-23.269518
-22.272146,24.960593,-23.273873
-24.749407,20.327509,-23.277927
-25.970747,15.105036,-23.277235
-28.265998,10.933588,-23.263485
-29.957365,6.493078,-23.272084
-30.108462,1.677974,-23.272220
-28.821791,-2.887303,-23.260601
-26.414777,-7.018441,-23.272763
-24.123982,-10.565901,-23.264516
-20.724473,-13.260682,-23.272936
-17.286238,-15.370763,-23.264932
-14.446400,-17.618469,-23.264837
-11.651843,-19.592245,-23.268801
-8.312908,-21.018632,-23.264814
-5.060309,-22.128591,-23.276266
-1.515483,-22.850047,-23.260241
1.913906,-22.652044,-23.271607
5.536641,-22.527596,-23.265843
9.548422,-22.596181,-23.267238
13.688902,-21.975005,-23.269782
17.578954,-20.400592,-23.268350
21.344986,-18.111467,-23.272793
24.755368,-15.025706,-23.272005
26.523936,-10.854794,-23.266459
27.519856,-6.529929,-23.273053
28.416243,-2.068231,-23.276174
29.092886,2.468428,-23.259790
29.713144,7.266417,-23.250466
29.961970,12.631594,-23.253351
26.224140,16.395865,-27.511174
24.285149,21.074986,-27.515523
21.388354,25.588608,-27.521742
16.645182,27.960732,-27.526528
11.606954,28.991078,-27.523132
6.901914,30.745449,-27.513434
1.963248,31.678419,-27.512574
-3.068781,31.494658,-27.517168
-7.862611,30.633573,-27.520834
-12.675407,29.143577,-27.521485
-16.851472,26.404474,-27.517657
-20.262892,22.823105,-27.515547
-22.426025,18.335217,-27.516913
-23.288306,13.536513,-27.518171
-25.368890,9.769694,-27.518424
-27.091831,5.786067,-27.517147
-27.219254,1.425002,-27.520356
-25.972772,-2.718507,-27.524727
-24.162040,-6.466096,-27.521276
-22.727246,-10.078854,-27.523734
-19.506626,-12.485432,-27.524138
-16.249483,-14.551326,-27.524805
-13.974322,-16.968275,-27.517411
-11.282544,-19.084819,-27.517991
-8.055697,-20.416330,-27.526831
-4.842779,-21.718359,-27.514259
-1.460394,-22.470696,-27.519542
2.006475,-22.289694,-27.517991
5.452934,-21.938055,-27.510602
9.334334,-22.135836,-27.508359
12.944767,-20.840600,-27.512443
16.101465,-18.581807,-27.518730
19.486676,-16.461010,-27.519599
22.388891,-13.705176,-27.511010
23.845786,-9.842471,-27.511473
24.710612,-5.906195,-27.520349
25.502991,-2.023305,-27.524096
26.143486,2.101118,-27.517720
26.747573,6.476913,-27.512164
27.005314,11.358290,-27.509808
22.681312,14.080253,-31.775616
20.962861,18.248024,-31.772113
18.620435,22.161666,-31.764170
13.920786,23.360846,-31.764704
9.327485,23.165644,-31.771424
5.575971,24.534896,-31.773187
1.537328,25.470498,-31.771824
-2.454186,25.423253,-31.768859
-6.400047,24.869303,-31.765041
-10.614597,24.091041,-31.762030
-14.582948,22.780403,-31.764995
-17.910620,20.106361,-31.767282
-19.650875,15.958530,-31.768313
-20.149769,11.667105,-31.773585
-21.929873,8.365646,-31.771086
-23.632980,5.065462,-31.765873
-23.854640,1.236927,-31.769244
-22.713577,-2.430515,-31.773870
-21.373601,-5.678828,-31.763352
-20.766197,-9.135773,-31.771541
-17.922517,-11.475840,-31.776500
-15.065729,-13.344043,-31.765377
-13.167018,-16.023705,-31.767228
-10.639896,-18.126221,-31.773503
-7.599306,-19.279325,-31.765992
-4.686827,-20.636027,-31.771147
-1.412431,-21.448213,-31.770274
1.808183,-21.346030,-31.765622
5.125234,-20.819012,-31.771030
8.816501,-21.097711,-31.764043
11.797550,-19.073204,-31.766415
14.115784,-16.524770,-31.766469
17.140117,-14.643140,-31.762895
19.653156,-11.971816,-31.773091
20.675305,-8.607226,-31.767766
21.428293,-5.135820,-31.763669
22.141430,-1.708404,-31.769336
22.697975,1.791494,-31.777990
23.225118,5.676920,-31.780805
23.400320,9.836057,-31.778540
18.323982,11.300271,-36.012098
16.896764,14.702805,-36.012796
14.957642,17.894844,-36.021742
10.845955,18.011167,-36.026381
6.822820,17.128522,-36.023770
4.028690,18.145351,-36.023401
1.156375,18.892309,-36.023912
-1.794688,18.953007,-36.023951
-4.850957,18.598486,-36.022935
-8.004305,18.187253,-36.021241
-11.605844,18.079506,-36.018158
-14.919470,16.643505,-36.019050
-16.281160,13.145782,-36.024516
-16.409119,9.459525,-36.024487
-17.661430,6.696159,-36.021593
-19.364629,4.047040,-36.018584
-19.779649,1.007958,-36.016940
-18.813359,-2.060116,-36.019077
-17.702527,-4.789030,-36.022944
-17.633718,-7.776006,-36.016152
-15.492430,-10.026091,-36.010970
-13.000637,-11.677856,-36.017739
-11.620929,-14.247531,-36.021390
-9.530081,-16.174274,-36.015738
-6.837563,-17.132454,-36.010759
-4.217572,-18.473235,-36.015787
-1.360266,-19.224337,-36.024418
1.713403,-19.121844,-36.023329
4.603703,-18.594296,-36.019779
7.883705,-18.776478,-36.018776
9.909867,-16.143810,-36.015044
11.886164,-13.820941,-36.020238
14.373891,-12.307881,-36.021193
16.195931,-9.889597,-36.015128
16.806852,-6.984358,-36.017312
17.442879,-4.228017,-36.013951
18.051112,-1.492706,-36.018461
18.541671,1.443125,-36.027464
18.932486,4.574898,-36.026817
18.989962,7.917306,-36.019357
12.582774,7.712387,-40.265845
11.584140,9.976292,-40.269628
10.229915,12.100772,-40.271597
6.784235,11.245706,-40.268608
4.153762,10.285204,-40.268460
2.453866,10.846787,-40.269832
0.725277,11.373570,-40.266457
-1.132443,11.508624,-40.263460
-2.996637,11.352631,-40.267067
-4.934625,11.075033,-40.266430
-7.422365,11.373361,-40.263560
-10.679381,11.849083,-40.268008
-11.900692,9.508783,-40.266676
-11.798716,6.716631,-40.266255
-12.036358,4.509901,-40.265734
-13.478888,2.740110,-40.265007
-14.316753,0.626362,-40.269596
-13.814561,-1.515448,-40.264528
-12.807721,-3.470171,-40.267793
-12.671348,-5.676500,-40.272329
-11.842691,-7.748857,-40.269777
-9.871458,-8.815687,-40.270983
-8.947157,-10.929749,-40.267261
-7.478037,-12.661281,-40.268131
-5.396572,-13.564889,-40.264406
-3.344992,-14.668419,-40.270688
-1.077667,-15.261934,-40.272699
1.333655,-15.126107,-40.264222
3.558703,-14.702795,-40.274635
5.982029,-14.334131,-40.266398
6.980644,-11.447808,-40.267977
8.805533,-10.380427,-40.267105
10.541329,-9.152207,-40.268267
11.337869,-7.104348,-40.270913
11.656004,-4.962306,-40.269156
12.239567,-3.089072,-40.265500
12.746406,-1.102747,-40.266583
13.105756,0.958047,-40.267329
13.298792,3.151306,-40.265549
13.182712,5.469067,-40.263882
-1.163525,-2.772805,-44.518577
4.850218,10.981367,40.481423
4.236788,11.119790,40.481423
3.776712,11.223634,40.481423
3.316731,11.327899,40.481423
2.856930,11.432944,40.481423
2.397370,11.539026,40.481423
1.938033,11.646062,40.481423
1.478881,11.753899,40.481423
0.866901,11.898661,40.481423
0.102086,12.080329,40.481423
-0.969556,12.330737,40.481423
-2.505934,12.664045,40.481423
-5.143934,13.097515,40.481423
-9.069573,13.194063,40.481423
-13.523677,12.225641,40.481423
-17.090026,9.925953,40.481423
-19.187020,6.793309,40.481423
-20.249523,3.004422,40.481423
-20.474188,-1.076628,40.481423
-20.060490,-5.301463,40.481423
-19.044624,-9.906991,40.481423
-17.403174,-14.828249,40.481423
-15.008006,-20.128885,40.481423
-11.606484,-25.787667,40.481423
-6.894024,-31.273063,40.481423
-0.637740,-35.214985,40.481423
6.356736,-36.278641,40.481423
13.314402,-34.978292,40.481423
19.739443,-32.011793,40.481423
25.044236,-27.552397,40.481423
28.603699,-21.266691,40.481423
29.649787,-14.107782,40.481423
28.370605,-6.830303,40.481423
25.273073,-0.474412,40.481423
20.901001,4.468141,40.481423
15.395952,7.835493,40.481423
10.797204,9.496494,40.481423
8.064658,10.227320,40.481423
6.535804,10.594920,40.481423
11.995094,14.847355,36.728218
10.035349,15.599569,36.727617
8.379122,16.231969,36.735492
6.972128,16.639620,36.737371
5.517808,16.886184,36.731945
4.041519,17.026495,36.728322
2.713456,17.102216,36.731919
1.387027,17.124943,36.736807
0.060199,17.081956,36.736594
-1.264310,16.971512,36.732431
-2.872453,16.751818,36.729599
-4.613480,16.430569,36.731815
-6.637221,15.993063,36.733990
-8.888323,15.298122,36.732090
-11.449811,14.153780,36.729189
-14.780636,12.561962,36.738450
-17.693308,10.064422,36.731963
-19.543717,6.706292,36.731730
-20.513056,2.989394,36.727261
-20.860699,-1.274079,36.733179
-20.560703,-5.690343,36.729089
-19.472150,-10.287067,36.732888
-17.375256,-14.838010,36.733372
-14.608972,-19.550722,36.728412
-10.708871,-23.774334,36.726180
-5.906066,-26.948193,36.739185
-0.148036,-28.233103,36.731441
5.604560,-28.084347,36.731108
11.238488,-26.908195,36.727137
16.564032,-24.735789,36.733231
21.621217,-21.961627,36.732521
25.265772,-17.522412,36.736039
26.926565,-11.848743,36.736832
26.673808,-5.806877,36.727262
25.058775,-0.436092,36.733037
22.410370,4.171530,36.730266
19.422012,7.605614,36.731025
17.105295,10.092005,36.735895
15.515741,12.078559,36.738774
13.918353,13.797640,36.736610
14.848750,16.700949,32.987476
12.586519,17.823712,32.989205
10.570355,18.749938,32.979938
8.668123,19.471245,32.973967
6.667840,19.894351,32.981780
4.760978,20.072340,32.987327
3.001533,20.119153,32.980630
1.101358,20.050875,32.974119
-0.647825,19.872571,32.980438
-2.524124,19.547264,32.988111
-4.368449,19.085049,32.982416
-6.330234,18.477367,32.973160
-8.527546,17.648998,32.974218
-10.693181,16.441854,32.977306
-13.143214,14.827564,32.976192
-16.225762,12.858169,32.974463
-18.784589,10.034213,32.977047
-20.375651,6.575627,32.979917
-21.299708,2.729238,32.976347
-21.656152,-1.500664,32.985117
-21.350677,-6.174739,32.980201
-20.093911,-10.844113,32.988727
-17.637822,-15.162642,32.980326
-14.511868,-19.416390,32.975621
-10.351736,-22.638849,32.987672
-5.340432,-24.698766,32.973757
0.057750,-25.138216,32.977923
5.310254,-24.709478,32.978340
10.434386,-23.486211,32.986362
15.159322,-21.495291,32.983085
19.691111,-19.103082,32.982847
23.174185,-15.147079,32.974482
25.049455,-10.216485,32.984058
25.424402,-5.107621,32.974604
24.740117,-0.321275,32.976687
23.186141,3.944693,32.980058
21.234531,7.526497,32.984170
19.556069,10.264973,32.987964
18.137757,12.697730,32.987836
16.759509,14.980908,32.984944
16.000216,17.369978,29.228782
13.699896,18.724318,29.236376
11.437674,19.851993,29.238356
9.408455,20.695572,29.234745
7.275820,21.252862,29.229157
5.076720,21.539415,29.227337
3.015642,21.616290,29.232161
0.955381,21.548292,29.236611
-0.953055,21.372860,29.235654
-3.129051,21.004530,29.233740
-5.262495,20.442560,29.235733
-7.505498,19.696710,29.238042
-9.808321,18.713292,29.237215
-12.164557,17.222170,29.233242
-14.709266,15.450990,29.228758
-17.643976,13.240904,29.229752
-20.007729,10.222587,29.234616
-21.551720,6.558668,29.229044
-22.477909,2.390267,29.238422
-22.771495,-2.016134,29.229878
-22.325211,-6.851768,29.228503
-20.863612,-11.490260,29.224499
-18.129694,-15.669867,29.225124
-14.602106,-19.636116,29.232543
-10.170965,-22.249945,29.227162
-5.064206,-23.667785,29.228918
0.086176,-23.788264,29.232061
5.200347,-23.167526,29.232847
10.010116,-21.795908,29.236626
14.417035,-19.740703,29.230578
18.581089,-17.250820,29.235841
21.754627,-13.565138,29.237154
23.693077,-9.109925,29.229439
24.459918,-4.462165,29.227329
24.337067,-0.045315,29.227492
23.432089,3.978004,29.227862
22.116210,7.399667,29.229751
20.642014,10.437360,29.231319
19.251053,13.064303,29.229961
17.900541,15.383501,29.226531
16.018337,17.448862,25.488248
13.749026,18.889012,25.484977
11.634916,20.010783,25.481107
9.462899,20.959676,25.478453
7.326742,21.589308,25.478247
5.272857,21.955616,25.479431
3.051227,22.147629,25.481247
0.970507,22.170956,25.483539
-1.108898,22.061121,25.486176
-3.464103,21.747544,25.487332
-5.638649,21.263955,25.485821
-8.209768,20.502298,25.484775
-10.691499,19.508502,25.484579
-13.385105,17.944628,25.481228
-16.239206,16.046168,25.483250
-19.192273,13.568175,25.484913
-21.521260,10.295582,25.479486
-23.048569,6.423420,25.484183
-23.928337,2.053959,25.486594
-24.086513,-2.548973,25.487058
-23.440961,-7.407897,25.485753
-21.643532,-12.289554,25.489703
-18.689221,-16.378181,25.483455
-14.944027,-19.995775,25.480492
-10.142204,-22.333011,25.489975
-5.049549,-23.383858,25.484676
0.149018,-23.379608,25.483162
5.135442,-22.577537,25.479265
9.776600,-21.008048,25.475393
13.975509,-18.770503,25.488137
17.838837,-16.011024,25.487963
20.748343,-12.434832,25.478235
22.699804,-8.264126,25.480785
23.669482,-4.065400,25.476744
23.899902,0.089497,25.476467
23.402148,3.922768,25.478668
22.314903,7.464402,25.479725
20.970956,10.444188,25.480395
19.528816,13.071912,25.482747
17.983062,15.462939,25.486974
15.432360,17.116308,21.736272
13.299456,18.532796,21.724827
11.324093,19.630260,21.727823
9.278924,20.564986,21.736696
7.144465,21.280225,21.737203
5.093924,21.758216,21.732461
3.014622,22.073481,21.728140
0.918498,22.231685,21.726362
-1.184496,22.234772,21.727732
-3.579532,22.048155,21.730886
-5.951235,21.668369,21.733598
-8.584169,21.045361,21.735690
-11.429211,20.088830,21.736849
-14.405568,18.660927,21.736224
-17.729055,16.599276,21.730114
-20.748891,13.901260,21.730872
-23.123397,10.428586,21.735798
-24.735492,6.220257,21.731297
-25.530503,1.635115,21.730197
-25.487052,-3.168920,21.723573
-24.527575,-8.180996,21.728801
-22.468616,-13.015734,21.730102
-19.264627,-17.175467,21.735304
-15.252592,-20.572414,21.727255
-10.286574,-22.692589,21.738050
-5.107582,-23.573406,21.727776
0.144240,-23.508444,21.737445
5.147683,-22.505632,21.731257
9.749932,-20.680560,21.733172
13.835669,-18.151477,21.732578
17.246231,-15.215122,21.726498
19.991444,-11.643720,21.725840
21.895629,-7.729733,21.727371
22.995035,-3.672285,21.727513
23.391966,0.211289,21.735113
23.097782,3.956450,21.738069
22.127692,7.420434,21.731104
20.722305,10.423196,21.723414
19.133592,13.005009,21.725829
17.399793,15.284808,21.738177
14.525048,16.551310,17.979249
12.657932,17.856568,17.974105
10.685390,18.995003,17.981187
8.904118,19.840861,17.988061
6.921336,20.600315,17.984648
5.033666,21.176134,17.978497
3.113657,21.634170,17.977855
1.017104,21.969070,17.981281
-1.253074,22.121416,17.984942
-3.530508,22.089607,17.986096
-6.100037,21.865248,17.983203
-8.940033,21.380378,17.976874
-12.021592,20.567482,17.973642
-15.424847,19.270348,17.981359
-18.959597,17.201036,17.986209
-22.219496,14.240423,17.979139
-24.781046,10.480573,17.973666
-26.433599,6.073885,17.977767
-27.122846,1.269011,17.982490
-26.832279,-3.728916,17.984825
-25.528854,-8.874316,17.973486
-23.231265,-13.659896,17.984616
-19.938988,-17.823805,17.974634
-15.611321,-21.152129,17.979147
-10.546420,-23.187874,17.989616
-5.151209,-24.017234,17.983422
0.153826,-23.901925,17.988893
5.167904,-22.700740,17.973515
9.725525,-20.635638,17.982141
13.687653,-17.836663,17.977568
16.864149,-14.578253,17.987717
19.428410,-11.005791,17.974815
21.287702,-7.188626,17.989288
22.396619,-3.245973,17.983748
22.817171,0.523064,17.979589
22.562901,4.158546,17.983484
21.575789,7.504827,17.985374
20.097673,10.356074,17.984425
18.312963,12.846057,17.984724
16.471353,14.864844,17.985625
13.539480,15.914129,14.227817
11.820576,17.190475,14.224024
10.114306,18.211727,14.230770
8.331116,19.100089,14.239179
6.648489,19.835624,14.240815
4.934664,20.495286,14.238757
3.041491,21.114775,14.236308
0.959663,21.616668,14.235061
-1.162430,21.904933,14.235540
-3.458831,22.027929,14.235687
-6.214563,21.979889,14.233015
-9.100362,21.664740,14.228283
-12.557468,20.973774,14.226459
-16.361371,19.799014,14.233313
-20.200151,17.582597,14.233890
-23.481959,14.576733,14.226861
-26.270251,10.555076,14.231145
-27.979380,5.961691,14.239559
-28.553318,0.942589,14.235801
-27.990211,-4.231251,14.238653
-26.375286,-9.337427,14.236122
-23.814194,-14.214350,14.223505
-20.355392,-18.502196,14.232686
-15.859747,-21.682811,14.232007
-10.736266,-23.707735,14.226598
-5.289768,-24.519647,14.230471
0.061685,-24.369582,14.233302
5.080573,-23.002070,14.241089
9.727192,-20.662527,14.237639
13.563597,-17.630991,14.225090
16.601650,-13.982932,14.227200
18.988524,-10.427718,14.225344
20.763095,-6.697406,14.230525
21.786242,-3.010719,14.237415
22.177832,0.795502,14.232090
21.889419,4.306429,14.235564
20.850172,7.520278,14.234917
19.215431,10.332238,14.230886
17.324570,12.572107,14.231044
15.414545,14.336229,14.233459
12.705150,15.358522,10.478573
11.154563,16.614619,10.478788
9.589725,17.590376,10.476398
7.953277,18.456374,10.474443
6.439840,19.213789,10.474940
4.766899,19.991258,10.475781
3.055517,20.690102,10.474893
1.003487,21.341724,10.473945
-1.106206,21.767068,10.475323
-3.557726,22.042367,10.475387
-6.327077,22.146922,10.472457
-9.388919,21.942025,10.479620
-13.044890,21.354111,10.489596
-17.198240,20.215597,10.479299
-21.038234,17.955230,10.478372
-24.551313,14.708543,10.486834
-27.394617,10.690990,10.483260
-29.216452,5.787922,10.474733
-29.634544,0.569868,10.481910
-28.803156,-4.596047,10.486882
-26.906678,-9.634461,10.475054
-24.187078,-14.458376,10.476829
-20.738580,-18.793123,10.477760
-16.024636,-21.975566,10.485148
-10.891687,-24.057097,10.477412
-5.420719,-24.896385,10.488365
-0.041828,-24.707101,10.476337
5.107489,-23.141890,10.483201
9.688940,-20.616932,10.487425
13.411245,-17.413630,10.485294
16.239213,-13.566143,10.480323
18.553291,-9.937016,10.475877
20.234848,-6.309039,10.478683
21.200057,-2.586537,10.475101
21.482877,1.095457,10.483435
21.130232,4.462808,10.486669
20.061502,7.543543,10.488771
18.409317,10.192506,10.488895
16.364185,12.298611,10.484337
14.328214,13.938544,10.478777
12.255632,15.044495,6.734039
10.900971,16.286963,6.728032
9.372181,17.311153,6.723285
7.896188,18.149553,6.722644
6.287320,19.050692,6.726448
4.796385,19.840291,6.729576
2.981180,20.676615,6.728070
1.104190,21.359268,6.724118
-1.129995,21.915222,6.722052
-3.564058,22.290460,6.723453
-6.478378,22.495196,6.728567
-9.689460,22.329524,6.735678
-13.499084,21.738488,6.737480
-17.781211,20.530811,6.727396
-21.555192,18.171578,6.723416
-25.031202,14.896028,6.733309
-28.066016,10.645250,6.741044
-29.857810,5.742790,6.734515
-30.152342,0.521736,6.726566
-29.079708,-4.747674,6.728484
-26.950449,-9.682763,6.733567
-24.115795,-14.430024,6.731733
-20.706131,-18.784369,6.727654
-15.951399,-21.887807,6.736876
-10.862063,-24.051964,6.727173
-5.407252,-24.936572,6.730606
-0.039914,-24.677545,6.734128
5.059588,-22.984671,6.727357
9.563777,-20.338006,6.729461
13.281509,-16.920978,6.729960
15.932741,-12.954933,6.724553
18.098967,-9.423048,6.734248
19.728188,-5.778000,6.739478
20.576348,-2.191467,6.735477
20.759269,1.336229,6.735706
20.390392,4.542046,6.731497
19.334332,7.649455,6.724005
17.765301,10.160468,6.720950
15.644127,12.161702,6.728256
13.690636,13.652996,6.736286
12.448882,15.145946,2.975521
11.103680,16.579278,2.973193
9.638053,17.651350,2.975123
8.067399,18.597621,2.979990
6.500981,19.530442,2.985758
4.913009,20.411635,2.988897
2.984728,21.303239,2.986268
0.981862,22.017618,2.981666
-1.372879,22.605091,2.979826
-3.926535,23.000143,2.977612
-6.959456,23.168025,2.973454
-10.274592,22.881831,2.979228
-14.011095,22.128588,2.983628
-18.023698,20.752577,2.973267
-21.638212,18.249706,2.975236
-24.967764,14.909564,2.983779
-27.916399,10.672570,2.988259
-29.644051,5.817875,2.981201
-29.810134,0.502203,2.977885
-28.606143,-4.516006,2.988839
-26.329521,-9.312433,2.983753
-23.508293,-13.808687,2.976088
-20.188789,-18.152298,2.988341
-15.607476,-21.107917,2.974467
-10.633254,-23.373032,2.986753
-5.261324,-24.334363,2.977701
0.035283,-23.995031,2.987429
5.037685,-22.224153,2.980020
9.443223,-19.531226,2.974164
12.953315,-16.212883,2.984983
15.509567,-12.251038,2.984321
17.615319,-8.742628,2.983290
19.124071,-5.262370,2.984856
19.893027,-1.859588,2.976822
20.048148,1.622504,2.980410
19.725906,4.800850,2.980098
18.940888,7.656515,2.982272
17.665034,10.110531,2.984728
15.672096,12.162166,2.984119
13.774428,13.682240,2.980034
13.618915,15.876040,-0.775709
12.237619,17.600022,-0.773484
10.658813,18.918926,-0.766969
8.894831,20.036701,-0.760750
7.103930,21.086370,-0.759596
5.271967,22.034649,-0.763656
3.080412,22.922311,-0.772063
0.807251,23.590587,-0.775725
-1.659838,24.069001,-0.769397
-4.460117,24.341151,-0.765813
-7.566942,24.287857,-0.771270
-10.907102,23.696320,-0.766342
-14.444183,22.568537,-0.761187
-18.156726,20.750572,-0.770643
-21.339226,18.106065,-0.776461
-24.265135,14.761079,-0.774682
-26.842837,10.615062,-0.771152
-28.319659,5.970044,-0.767096
-28.358022,0.936993,-0.761897
-27.072273,-3.923476,-0.764162
-24.805153,-8.408869,-0.768464
-22.021418,-12.588326,-0.763260
-18.822688,-16.666140,-0.766539
-14.479809,-19.453838,-0.771765
-9.934037,-21.607029,-0.774705
-4.869367,-22.637788,-0.775702
0.137181,-22.224833,-0.770925
4.877798,-20.572602,-0.774206
9.086393,-18.088408,-0.767568
12.448634,-15.020416,-0.773763
14.944264,-11.337446,-0.774392
16.937197,-8.058680,-0.765582
18.412745,-4.668195,-0.759636
19.191033,-1.360300,-0.761991
19.414312,1.876395,-0.766601
19.321282,4.845906,-0.769818
18.974276,7.568756,-0.769942
18.197440,10.145668,-0.769408
16.693891,12.459520,-0.770966
15.027711,14.149666,-0.774078
15.826972,17.299383,-4.521333
14.308542,19.370757,-4.520164
12.469528,21.145905,-4.517741
10.459114,22.531834,-4.516377
8.192642,23.762111,-4.518654
5.826520,24.759456,-4.520462
3.368228,25.514574,-4.517449
0.562990,26.065526,-4.514868
-2.282959,26.313476,-4.518103
-5.287561,26.252055,-4.522184
-8.535353,25.749144,-4.523612
-11.778108,24.639820,-4.522810
-14.928624,22.940786,-4.523359
-17.886662,20.695619,-4.525700
-20.638590,17.795409,-4.524760
-23.055276,14.426492,-4.519319
-25.010411,10.452250,-4.514493
-26.011855,6.139563,-4.518596
-25.856008,1.568001,-4.524583
-24.628754,-2.835068,-4.513471
-22.535034,-6.897806,-4.512113
-19.852849,-10.591027,-4.520616
-16.724958,-14.128418,-4.523029
-12.937583,-16.660832,-4.514828
-8.670446,-18.665532,-4.513489
-4.212688,-19.656972,-4.524095
0.330026,-19.169190,-4.524621
4.698897,-17.868148,-4.515726
8.528044,-15.915528,-4.513642
11.751069,-13.366340,-4.509821
14.237689,-10.216249,-4.516702
16.124984,-7.195808,-4.520586
17.550610,-4.074770,-4.512265
18.442341,-0.916729,-4.517222
18.852382,2.047911,-4.523702
19.086728,4.906826,-4.521070
19.229203,7.533156,-4.520343
19.104084,10.269212,-4.521244
18.444966,12.856464,-4.522155
17.243974,15.119406,-4.521983
18.552583,18.999546,-8.264121
16.909708,21.562496,-8.266052
14.846448,23.817103,-8.268913
12.329965,25.769212,-8.269178
9.612466,27.120818,-8.265501
6.562790,28.063359,-8.261533
3.572368,28.644744,-8.262212
0.407898,28.911275,-8.265468
-2.908807,28.789220,-8.267864
-6.191142,28.257110,-8.266525
-9.479859,27.189289,-8.263989
-12.504396,25.497592,-8.265931
-15.208577,23.133499,-8.272522
-17.497072,20.355504,-8.275671
-19.562035,17.413309,-8.267317
-21.432910,14.022777,-8.268447
-22.674720,10.359286,-8.276279
-23.112565,6.370077,-8.272477
-22.744365,2.377268,-8.264981
-21.600644,-1.464041,-8.263356
-19.696586,-5.146875,-8.270236
-17.232396,-8.309456,-8.269369
-14.229558,-10.955020,-8.269803
-10.783048,-13.270425,-8.272056
-7.124510,-14.878727,-8.270962
-3.357357,-15.776415,-8.264424
0.619569,-15.272290,-8.264800
4.406516,-14.547636,-8.273618
7.797493,-13.320101,-8.268324
10.880044,-11.513895,-8.268605
13.418958,-8.959752,-8.265153
15.210815,-6.177087,-8.261172
16.621584,-3.325203,-8.270605
17.640587,-0.463343,-8.266511
18.312247,2.357485,-8.261975
18.854631,4.932248,-8.266013
19.437728,7.519777,-8.269774
19.949303,10.391780,-8.271850
20.086148,13.274280,-8.270923
19.642981,16.145065,-8.266945
20.921994,20.542061,-12.020849
19.278133,23.769259,-12.019861
17.050490,26.542055,-12.019987
14.318189,28.962906,-12.020924
10.945023,30.575274,-12.017974
7.348861,31.316524,-12.013278
3.712935,31.562756,-12.012034
0.085144,31.422240,-12.015192
-3.382871,30.919790,-12.018808
-6.886172,29.918926,-12.015212
-10.152670,28.305745,-12.011805
-12.988004,25.997845,-12.018722
-15.153137,23.088343,-12.022593
-16.748002,19.961614,-12.020929
-18.273340,16.808418,-12.023105
-19.512550,13.673849,-12.022609
-20.204832,10.242370,-12.019285
-20.077816,6.607704,-12.021501
-19.439038,3.159169,-12.021366
-18.340012,-0.161855,-12.022693
-16.748785,-3.279838,-12.022268
-14.572338,-6.033854,-12.022267
-11.666552,-7.952483,-12.021616
-8.744810,-9.633732,-12.015844
-5.699317,-10.972398,-12.016636
-2.399047,-11.691383,-12.022254
0.942854,-11.317122,-12.013815
4.032743,-11.228317,-12.019957
7.078116,-10.652347,-12.027062
10.128960,-9.584744,-12.013424
12.514981,-7.620697,-12.019085
14.217662,-5.035073,-12.014728
15.655852,-2.445272,-12.019939
16.755674,0.012341,-12.021171
17.654877,2.550005,-12.022299
18.481726,4.972397,-12.024768
19.473062,7.629541,-12.025149
20.454649,10.429663,-12.023751
21.246742,13.561776,-12.021819
21.517781,16.951450,-12.021049
22.233273,21.302176,-15.769182
20.800223,25.065297,-15.767115
18.569265,28.382288,-15.764858
15.695588,31.291403,-15.766259
11.969823,33.081733,-15.766931
7.890489,33.609193,-15.766414
3.833500,33.390077,-15.767665
-0.047450,32.836340,-15.771572
-3.759743,32.047439,-15.775158
-7.202402,30.773903,-15.772690
-10.420248,28.741637,-15.767965
-12.946973,26.052779,-15.766750
-14.701728,22.701037,-15.763326
-15.748635,19.318365,-15.760293
-16.706973,16.189092,-15.765499
-17.483347,13.144483,-15.768017
-17.747640,10.008449,-15.764339
-17.262875,6.916467,-15.771929
-16.398776,4.022214,-15.772240
-15.359167,1.203129,-15.766533
-14.009990,-1.486118,-15.770952
-12.235019,-3.917211,-15.764160
-9.576913,-5.558525,-15.773923
-6.866526,-6.465884,-15.763098
-4.333735,-7.717087,-15.765692
-1.606995,-8.168142,-15.773925
1.122882,-8.081780,-15.768463
3.852657,-8.417023,-15.762046
6.594799,-8.278413,-15.768156
9.311660,-7.890220,-15.775847
11.606200,-6.160569,-15.765059
13.209274,-3.772256,-15.773829
14.601298,-1.557837,-15.770736
15.800115,0.619125,-15.766019
16.850941,2.869650,-15.769461
17.898126,5.126173,-15.774226
19.126132,7.592152,-15.774318
20.479763,10.430149,-15.770539
21.682622,13.609751,-15.766259
22.425712,17.370000,-15.766533
21.974887,21.238209,-19.522473
20.719572,24.955486,-19.522143
18.640692,28.408533,-19.522434
15.784444,31.548133,-19.523511
12.053714,33.316904,-19.524424
7.792639,33.663588,-19.523084
3.858779,33.210168,-19.518424
-0.016472,32.483971,-19.513576
-3.624506,31.638318,-19.512246
-7.075280,30.253016,-19.516105
-10.015046,28.187694,-19.519481
-12.347885,25.272867,-19.517135
-13.714731,21.962342,-19.517188
-14.371058,18.563183,-19.521655
-14.888558,15.513287,-19.522739
-15.304876,12.706043,-19.518979
-15.337327,9.853120,-19.512851
-14.790434,7.201467,-19.513548
-13.779085,4.673534,-19.521261
-12.743187,2.295155,-19.524974
-11.591735,-0.027226,-19.523661
-10.173304,-2.192955,-19.527224
-8.125541,-3.795856,-19.512397
-5.432315,-4.228251,-19.518174
-3.437089,-5.376584,-19.513077
-1.087105,-5.640806,-19.512458
1.232941,-5.952433,-19.519548
3.539250,-6.375868,-19.514276
6.014167,-6.424421,-19.523227
8.680275,-6.287554,-19.521186
10.681840,-4.615907,-19.520148
12.091912,-2.591467,-19.522058
13.428308,-0.662158,-19.520637
14.700943,1.306125,-19.515830
15.788792,3.243128,-19.517450
17.019080,5.393966,-19.520701
18.352620,7.634967,-19.522685
19.856554,10.340196,-19.523594
21.228274,13.507536,-19.523493
22.083002,17.274365,-19.522985
20.232793,20.084536,-23.271458
18.847297,23.299688,-23.268564
16.790442,26.305108,-23.267480
14.225219,28.938583,-23.270347
10.848928,30.323859,-23.270855
7.128817,30.610025,-23.269017
3.684467,30.579050,-23.268408
0.198160,30.218212,-23.268396
-3.029093,29.453458,-23.267590
-6.141313,28.220670,-23.264767
-8.887474,26.364705,-23.261408
-10.933050,23.739559,-23.260425
-12.139283,20.623976,-23.262056
-12.588486,17.565832,-23.265046
-12.801225,14.694814,-23.267567
-12.976122,12.161916,-23.268547
-12.924067,9.727131,-23.267967
-12.466397,7.336627,-23.267859
-11.580967,5.198884,-23.270820
-10.587274,3.220725,-23.270348
-9.618854,1.237174,-23.269748
-8.541775,-0.690619,-23.272330
-6.982803,-2.411416,-23.265192
-4.720009,-2.927259,-23.264810
-2.804689,-3.898340,-23.263733
-0.706764,-4.129734,-23.273526
1.348827,-4.866271,-23.277149
3.428467,-5.035197,-23.268516
5.726422,-5.079057,-23.266588
7.958472,-4.770334,-23.270887
9.646327,-3.157951,-23.273296
10.953961,-1.244871,-23.265838
12.215794,0.431822,-23.268799
13.347300,2.062258,-23.269265
14.465720,3.840746,-23.263040
15.683324,5.694342,-23.258902
17.019841,7.734998,-23.258004
18.471432,10.213944,-23.260353
19.747439,13.158908,-23.265125
20.473190,16.569509,-23.269909
16.999895,18.022163,-27.018774
15.169693,20.114531,-27.022921
13.231781,22.006149,-27.024655
11.051709,23.646679,-27.021993
8.440992,24.238378,-27.015676
5.835289,24.571245,-27.013362
3.292745,25.530494,-27.019952
0.605909,26.174607,-27.025329
-2.092947,25.610412,-27.022097
-4.575238,24.590461,-27.021540
-6.967638,23.215830,-27.024681
-8.783834,21.186619,-27.019757
-9.842644,18.785075,-27.012754
-10.306199,16.139936,-27.016613
-10.374232,13.749738,-27.023158
-10.374382,11.540548,-27.019659
-10.310050,9.518896,-27.013145
-10.043733,7.599585,-27.016872
-9.477995,5.751705,-27.024599
-8.610533,4.027909,-27.024986
-7.754264,2.398492,-27.027290
-6.928187,0.652843,-27.017807
-5.878652,-1.072673,-27.018338
-4.221265,-2.019302,-27.010773
-2.390662,-2.739879,-27.014553
-0.500646,-3.118567,-27.024186
1.371383,-4.166652,-27.012307
3.381166,-3.754536,-27.012874
5.440036,-3.899148,-27.023017
7.270276,-3.035855,-27.020711
8.564798,-1.395540,-27.018403
9.619197,0.219310,-27.016841
10.714701,1.583815,-27.023405
11.695292,3.030265,-27.021731
12.738965,4.533792,-27.019419
13.852460,6.092115,-27.018557
15.080272,7.907956,-27.018715
16.268547,9.996662,-27.019183
17.296712,12.578919,-27.018638
17.737966,15.409204,-27.017345
10.840269,14.140930,-30.764153
9.014507,14.703676,-30.766093
7.637765,15.285597,-30.770346
6.282214,15.503760,-30.773006
4.915928,15.506822,-30.773350
3.795823,15.815557,-30.772493
2.746811,17.181804,-30.770558
1.179386,19.749935,-30.766312
-0.599822,19.804636,-30.763702
-2.262134,19.151664,-30.763276
-3.879862,18.422646,-30.765427
-5.435598,17.415324,-30.768608
-6.511106,15.955818,-30.768996
-7.118140,14.289900,-30.768537
-7.363131,12.556901,-30.769991
-7.341165,10.842150,-30.772185
-7.221592,9.338227,-30.771742
-7.072140,7.834354,-30.768467
-6.838815,6.409885,-30.767728
-6.443936,5.018566,-30.771611
-5.810650,3.648740,-30.771531
-5.085555,2.322600,-30.769530
-4.417354,0.740950,-30.767076
-3.418832,-0.724709,-30.763820
-1.800708,-1.421074,-30.771159
-0.243173,-2.074085,-30.773401
1.442335,-3.044258,-30.768846
3.215042,-2.166905,-30.760502
4.911056,-1.980265,-30.771389
6.210331,-0.556908,-30.767818
7.153122,0.941347,-30.770235
8.049540,2.082436,-30.768877
8.834147,3.177287,-30.768869
9.685673,4.263558,-30.769922
10.584224,5.397518,-30.771622
11.459565,6.601407,-30.773323
12.352418,8.082861,-30.774453
13.106374,9.746131,-30.774126
13.587205,11.571714,-30.772179
13.096802,13.391413,-30.767957
0.585586,1.251666,-34.518577
