-1.353861,28.342267,30.956327
-5.272605,27.470972,30.956327
-9.034652,26.063235,30.956327
-12.579926,24.176991,30.956327
-15.728509,21.977103,30.956327
-18.605732,19.432465,30.956327
-21.177487,16.579692,30.956327
-23.411849,13.455651,30.956327
-25.354595,9.941182,30.956326
-26.852572,6.215284,30.956326
-27.836846,2.321344,30.956326
-28.211381,-1.855372,30.956326
-27.728980,-6.193600,30.956326
-26.298531,-10.320758,30.956326
-24.147359,-13.920326,30.956326
-21.286715,-17.217865,30.956327
-17.947981,-20.030358,30.956327
-14.403038,-22.265999,30.956327
-10.442270,-24.100217,30.956327
-6.276567,-25.404647,30.956327
-1.972401,-26.133737,30.956327
2.568525,-26.209987,30.956327
6.881303,-25.529364,30.956327
11.161869,-24.012449,30.956327
15.102926,-21.755694,30.956327
18.629991,-18.896272,30.956327
21.805241,-15.411372,30.956327
24.356385,-11.655156,30.956327
26.368899,-7.584929,30.956327
27.830552,-3.102157,30.956327
28.571918,1.555274,30.956327
28.489483,6.271246,30.956326
27.465049,11.052351,30.956326
25.604737,15.388145,30.956326
22.984035,19.309769,30.956326
19.683503,22.680553,30.956326
15.799941,25.351269,30.956327
11.636209,27.187233,30.956327
7.377184,28.255342,30.956327
3.020089,28.692600,27.702209
-1.288087,28.209687,27.702955
-5.278620,27.148217,27.705196
-8.916596,25.570954,27.709829
-12.324939,23.552886,27.713692
-15.320299,21.246143,27.710736
-17.844493,18.682135,27.710753
-20.274508,15.781248,27.705715
-22.343597,12.840701,27.705190
-24.199931,9.542635,27.709469
-25.703717,6.075252,27.703827
-26.714062,2.250164,27.699775
-27.392357,-1.845690,27.707811
-27.379436,-6.154256,27.710350
-26.358934,-10.368061,27.705855
-24.414057,-14.225559,27.709496
-21.650389,-17.544858,27.711671
-18.395902,-20.663116,27.711402
-14.946022,-23.257898,27.705949
-10.815442,-25.460512,27.703941
-6.589059,-27.012383,27.709340
-2.048182,-28.149698,27.707106
2.788563,-28.638038,27.711368
7.816662,-28.193353,27.709706
12.612436,-26.654986,27.703390
16.843643,-24.245945,27.706525
20.776551,-21.086789,27.711790
24.040945,-17.251406,27.707978
26.669426,-12.944254,27.705453
28.708243,-8.330759,27.705092
30.002180,-3.459334,27.703827
30.348744,1.566851,27.712320
29.992386,6.609853,27.709550
28.714937,11.471056,27.704382
26.525663,15.829932,27.707733
23.590773,19.704986,27.711806
19.978055,22.940529,27.709112
16.207437,25.768602,27.711520
12.056913,27.828895,27.713303
7.432537,28.679656,27.707351
3.016798,28.655327,24.460106
-1.203625,28.053015,24.458206
-5.254191,26.848133,24.457547
-8.758473,25.183215,24.460473
-12.031151,23.109436,24.463139
-14.892228,20.779540,24.458838
-17.364109,18.046289,24.451520
-19.566107,15.313424,24.453694
-21.581702,12.455025,24.456476
-23.427240,9.253484,24.456265
-24.973596,5.906309,24.460702
-25.991678,2.174563,24.456967
-26.880991,-1.798262,24.453032
-27.215278,-6.009018,24.451190
-26.489475,-10.399333,24.450352
-24.740634,-14.462106,24.453353
-22.012342,-17.945709,24.459947
-18.978413,-21.183654,24.462993
-15.325328,-24.279312,24.455112
-11.342618,-26.609220,24.451416
-6.894498,-28.407264,24.459976
-1.925463,-29.817624,24.458431
3.016291,-30.444749,24.460742
8.362453,-30.090723,24.456074
13.477716,-28.539975,24.453447
18.145545,-25.908241,24.460244
22.294726,-22.525246,24.450780
25.711633,-18.414156,24.455027
28.424500,-13.797838,24.462610
30.472275,-8.850996,24.457740
31.650551,-3.822229,24.449858
31.815512,1.521458,24.455300
31.228823,6.670256,24.460878
29.647096,11.762203,24.459752
27.209860,16.127985,24.458022
23.911536,20.100410,24.460838
20.211568,23.130427,24.462161
16.365957,26.070845,24.461157
12.157247,28.195946,24.460250
7.571644,28.852816,24.460504
2.994039,28.521658,21.206717
-1.288623,27.822084,21.210288
-5.207896,26.562746,21.204603
-8.737125,24.789851,21.204305
-11.868801,22.713621,21.210476
-14.599950,20.415975,21.204109
-16.948982,17.735602,21.199462
-19.172088,14.937926,21.204452
-21.119217,12.183569,21.211680
-22.933741,9.103185,21.209960
-24.492146,5.894836,21.199627
-25.524695,2.290342,21.199562
-26.578888,-1.718430,21.208302
-27.145477,-5.978684,21.212789
-26.623009,-10.482820,21.208930
-25.040590,-14.696849,21.203345
-22.398982,-18.346403,21.201056
-19.325944,-21.912126,21.207956
-15.866123,-25.073038,21.205258
-11.721379,-27.663732,21.203415
-7.056427,-29.656093,21.214205
-2.013139,-31.148855,21.203046
3.390083,-31.844691,21.201431
8.830092,-31.455660,21.210422
14.044482,-29.883639,21.210663
18.966224,-27.125738,21.203098
23.298137,-23.517226,21.208046
26.779723,-19.329640,21.205412
29.638794,-14.470180,21.199416
31.668352,-9.411775,21.204278
32.851062,-3.902469,21.213131
32.927803,1.543611,21.204321
32.091608,6.938507,21.206114
30.312158,11.875863,21.209951
27.590444,16.394231,21.206987
24.240205,20.200688,21.205904
20.257689,23.317777,21.207009
16.442385,26.127967,21.209549
12.119371,28.217996,21.209701
7.434125,28.795551,21.206893
2.951584,28.286775,17.949244
-1.370361,27.541325,17.947977
-5.147163,26.280877,17.952749
-8.702470,24.459454,17.956385
-11.698399,22.440469,17.957947
-14.452595,20.104398,17.962367
-16.713195,17.541647,17.962250
-18.853138,14.866261,17.958973
-20.836481,12.087569,17.952014
-22.598203,9.148297,17.949923
-24.292803,5.747954,17.962291
-25.309854,2.288829,17.963402
-26.452720,-1.746008,17.958921
-27.131999,-6.042336,17.954950
-26.771694,-10.425411,17.954565
-25.370400,-14.762058,17.959736
-22.767294,-18.732662,17.962758
-19.784302,-22.448711,17.952947
-16.219540,-25.854137,17.951564
-11.903096,-28.643199,17.959718
-7.209473,-30.720591,17.958775
-2.102185,-32.221119,17.955977
3.370698,-32.896897,17.961878
9.061371,-32.458520,17.961600
14.510272,-30.774869,17.953511
19.473945,-27.955204,17.950999
23.832436,-24.273452,17.952203
27.590914,-19.735792,17.952565
30.466343,-14.807745,17.950156
32.470626,-9.670674,17.950057
33.609721,-4.081368,17.953396
33.675019,1.433533,17.951211
32.686904,6.862544,17.951266
30.649398,11.981502,17.953354
27.785239,16.478477,17.952183
24.314830,20.260038,17.949255
20.247910,23.373278,17.953092
16.274682,26.035969,17.960454
11.962202,27.909566,17.962176
7.413938,28.508105,17.955913
2.889957,27.949660,14.701106
-1.266404,27.254753,14.706082
-5.074622,25.989321,14.705491
-8.492054,24.269884,14.702801
-11.673993,22.145026,14.703038
-14.310592,19.931881,14.704469
-16.638952,17.400781,14.706740
-18.817883,14.730870,14.707510
-20.809226,11.931023,14.703469
-22.583862,8.974931,14.699275
-24.201919,5.724165,14.700622
-25.257928,2.252867,14.699408
-26.378330,-1.614972,14.704926
-27.127793,-5.929516,14.707392
-26.846819,-10.533032,14.701650
-25.559333,-14.934443,14.701901
-23.121301,-19.043653,14.705963
-20.220030,-22.861345,14.703756
-16.542207,-26.467220,14.704009
-12.241982,-29.342568,14.709148
-7.375924,-31.576964,14.711680
-2.038217,-33.087104,14.712298
3.481251,-33.674793,14.706902
9.384813,-33.104271,14.708071
14.836908,-31.307585,14.711718
19.797267,-28.413774,14.706271
24.279821,-24.530132,14.701319
27.921872,-20.095557,14.701483
30.821782,-15.140951,14.705690
32.879337,-9.784963,14.707094
33.976003,-4.150055,14.703017
34.006872,1.592754,14.702900
32.860676,7.018991,14.706421
30.743837,11.944351,14.707490
27.791400,16.414871,14.706360
24.249977,20.175322,14.708533
20.143550,23.301017,14.712646
15.998886,25.703827,14.707576
11.704930,27.310603,14.700135
7.139586,28.019151,14.698297
2.809842,27.512244,11.461889
-1.346893,26.861082,11.450648
-4.991017,25.672901,11.451875
-8.432187,24.003456,11.458203
-11.484096,22.024507,11.457835
-14.302066,19.727690,11.457530
-16.579146,17.406609,11.456272
-18.800225,14.770735,11.455934
-20.796502,11.969293,11.452861
-22.571348,9.012752,11.450024
-24.183317,5.755463,11.454420
-25.278858,2.293598,11.453185
-26.379344,-1.581220,11.450511
-27.108719,-5.906442,11.455439
-26.880708,-10.509888,11.460210
-25.637632,-15.126267,11.456569
-23.364710,-19.335186,11.460565
-20.409238,-23.352182,11.455299
-16.725593,-26.959905,11.452441
-12.454306,-29.886194,11.452977
-7.438212,-32.256632,11.448764
-2.076771,-33.696110,11.453920
3.650082,-34.182223,11.458152
9.353591,-33.515360,11.460152
14.960418,-31.565362,11.459746
20.037987,-28.489152,11.457459
24.335569,-24.678753,11.459109
27.963586,-20.227783,11.457904
30.939138,-15.091732,11.461188
32.950739,-9.715054,11.460245
33.988839,-4.064575,11.450708
33.977276,1.492272,11.455616
32.772951,6.906386,11.452601
30.499952,11.980727,11.448551
27.471082,16.396917,11.453129
24.015310,19.980990,11.458881
20.055532,23.009895,11.461226
15.599250,25.181867,11.458114
11.366753,26.503039,11.458303
7.011542,27.354068,11.463089
2.711702,26.976008,8.207124
-1.241707,26.446467,8.199128
-5.072177,25.252216,8.205548
-8.351856,23.735360,8.208869
-11.423790,21.820976,8.201722
-14.125497,19.711991,8.202817
-16.625795,17.367035,8.207477
-18.877747,14.783263,8.212776
-20.861004,11.989359,8.209283
-22.618139,9.044049,8.199951
-24.199361,5.790512,8.201367
-25.380307,2.173331,8.209933
-26.420235,-1.695298,8.206058
-27.049889,-6.020251,8.205581
-26.813368,-10.594656,8.209720
-25.704499,-15.028738,8.201675
-23.536071,-19.480561,8.202928
-20.642266,-23.507690,8.208156
-16.985850,-27.113655,8.203146
-12.459895,-30.295831,8.201262
-7.485912,-32.689944,8.211273
-2.130303,-34.047644,8.204176
3.770280,-34.415277,8.209813
9.425649,-33.604898,8.212338
14.958149,-31.532071,8.203462
19.958895,-28.386643,8.201703
24.202072,-24.557142,8.209822
27.885367,-19.942894,8.205152
30.703019,-14.968825,8.199311
32.674965,-9.606101,8.199778
33.647320,-4.165917,8.199506
33.568250,1.552435,8.200530
32.317286,6.930485,8.210209
30.105409,11.793901,8.209243
27.056348,16.160828,8.202158
23.591992,19.703781,8.205563
19.628660,22.710897,8.202562
15.252810,24.475638,8.207801
10.774817,25.634282,8.215104
6.657478,26.601884,8.213959
2.597256,26.352371,4.958180
-1.320060,25.916139,4.951597
-4.954915,24.857412,4.951709
-8.238060,23.446162,4.958135
-11.320742,21.624407,4.960309
-14.038140,19.596394,4.954821
-16.609743,17.381637,4.954326
-18.887575,14.874893,4.957837
-20.855834,12.110037,4.958334
-22.680755,9.031066,4.954201
-24.210939,5.795055,4.950208
-25.415511,2.226644,4.948329
-26.374098,-1.615926,4.957224
-26.905327,-5.913171,4.957143
-26.674266,-10.432586,4.952310
-25.587732,-15.017974,4.963023
-23.578131,-19.489506,4.956665
-20.612667,-23.623972,4.955790
-16.971130,-27.176587,4.960588
-12.533001,-30.377792,4.961883
-7.636596,-32.798116,4.960405
-2.139071,-34.120618,4.960031
3.707651,-34.360789,4.960786
9.464453,-33.384601,4.958826
14.711822,-31.269366,4.955176
19.612571,-28.084415,4.952984
23.918987,-24.134996,4.953917
27.405550,-19.685621,4.961987
30.157202,-14.745006,4.957553
32.089072,-9.429845,4.948555
33.020047,-4.043393,4.952283
32.839213,1.609395,4.952231
31.640099,6.751260,4.956774
29.474583,11.568961,4.960002
26.433213,15.871566,4.957381
22.982541,19.355475,4.955107
19.188036,22.205426,4.955211
14.605554,23.757134,4.954720
10.319652,24.708477,4.956019
6.463399,25.769141,4.958896
2.467886,25.650928,1.705971
-1.390866,25.315713,1.709736
-4.808851,24.408962,1.704604
-8.242810,23.038047,1.705596
-11.151929,21.410048,1.713808
-14.015805,19.367454,1.710027
-16.623281,17.283820,1.712958
-18.898815,14.859725,1.708107
-20.837400,12.139884,1.706336
-22.625240,9.113084,1.713107
-24.175937,5.749542,1.707363
-25.388965,2.249921,1.706678
-26.280150,-1.724244,1.703753
-26.659301,-5.783601,1.707461
-26.413486,-10.218691,1.711527
-25.331609,-14.914486,1.699341
-23.453616,-19.355521,1.698880
-20.529225,-23.401323,1.703613
-16.800606,-27.017199,1.703507
-12.475563,-30.207065,1.700332
-7.490802,-32.656344,1.702257
-2.063773,-33.859386,1.708710
3.687167,-33.962936,1.708225
9.141592,-32.914249,1.710818
14.421567,-30.651012,1.711972
19.178901,-27.430720,1.704167
23.256325,-23.652897,1.703212
26.756343,-19.104646,1.700421
29.329540,-14.387729,1.704972
31.226379,-9.160816,1.714035
32.120296,-3.864791,1.711582
31.865401,1.500121,1.701934
30.715247,6.566861,1.709874
28.624886,11.311197,1.711545
25.734482,15.388252,1.701179
22.342824,18.809213,1.700764
18.590767,21.587687,1.702330
14.051409,22.992858,1.702685
9.833930,23.875200,1.702520
6.247050,24.945966,1.703194
2.325581,24.885831,-1.540732
-1.267013,24.674255,-1.545065
-4.797926,23.847271,-1.542291
-8.013913,22.662822,-1.538636
-11.047194,21.061156,-1.542421
-13.877739,19.123259,-1.544581
-16.484790,17.171654,-1.544869
-18.860195,14.713228,-1.540353
-20.755589,12.060039,-1.538643
-22.492833,9.107161,-1.539671
-23.980750,5.815866,-1.535908
-25.250808,2.239711,-1.543159
-26.029457,-1.649497,-1.541617
-26.284432,-5.803316,-1.538209
-25.980600,-10.119239,-1.542720
-24.971947,-14.525597,-1.546465
-23.139764,-19.055436,-1.547212
-20.251833,-22.962294,-1.540470
-16.607720,-26.495180,-1.542818
-12.275181,-29.739355,-1.550809
-7.372252,-32.051094,-1.546986
-2.063780,-33.150367,-1.543075
3.543725,-33.147807,-1.542141
9.010981,-31.948104,-1.542932
13.939128,-29.690093,-1.543153
18.532624,-26.483638,-1.541109
22.487142,-22.776609,-1.539616
25.760698,-18.462836,-1.548265
28.323317,-13.687664,-1.546248
30.103235,-8.754869,-1.541236
30.965419,-3.591012,-1.546808
30.639666,1.634843,-1.540003
29.570673,6.407204,-1.536105
27.562457,11.039320,-1.540588
24.727638,15.008924,-1.546047
21.400117,18.325954,-1.543813
17.853710,20.870396,-1.536517
13.604926,22.243444,-1.542239
9.509185,23.147175,-1.548072
5.840336,24.231564,-1.543706
2.171768,24.065883,-4.790020
-1.308489,23.933400,-4.785318
-4.733333,23.228829,-4.795268
-7.867165,22.149516,-4.799138
-10.829774,20.667265,-4.788744
-13.595882,18.842205,-4.790030
-16.291811,16.901709,-4.793350
-18.612526,14.554149,-4.791511
-20.560487,11.857078,-4.787985
-22.233140,9.002748,-4.786687
-23.714772,5.650954,-4.789202
-24.948957,2.196265,-4.797858
-25.612341,-1.572782,-4.790783
-25.743254,-5.595836,-4.788864
-25.403432,-9.758817,-4.799520
-24.375988,-14.184013,-4.799402
-22.612999,-18.566429,-4.797256
-19.766892,-22.287367,-4.800416
-16.241135,-25.712283,-4.794050
-12.071606,-28.844437,-4.786894
-7.258658,-30.931183,-4.793396
-2.116847,-31.927954,-4.788443
3.295316,-31.839210,-4.787205
8.556524,-30.577936,-4.788798
13.282914,-28.324966,-4.789781
17.690556,-25.184982,-4.792772
21.369136,-21.707834,-4.796554
24.534057,-17.541385,-4.800170
26.940542,-13.090895,-4.794027
28.700044,-8.337352,-4.788541
29.568504,-3.356418,-4.794803
29.248863,1.515368,-4.796414
28.209564,6.307935,-4.797569
26.371088,10.630268,-4.793375
23.638796,14.478058,-4.793504
20.550558,17.559223,-4.801519
16.961023,20.066210,-4.789406
13.060036,21.512565,-4.788918
9.148780,22.536219,-4.796245
5.761932,23.466842,-4.795567
2.007765,23.200638,-8.040656
-1.326836,23.129082,-8.043603
-4.610130,22.547107,-8.049983
-7.782270,21.508299,-8.048948
-10.629503,20.125835,-8.040363
-13.291837,18.409539,-8.036737
-15.875154,16.564370,-8.040055
-18.120830,14.347553,-8.048940
-20.111137,11.657202,-8.049298
-21.797254,8.788214,-8.041819
-23.198652,5.577768,-8.046261
-24.387052,2.276287,-8.049093
-24.979774,-1.496645,-8.046259
-25.004698,-5.346981,-8.041625
-24.600840,-9.483327,-8.044544
-23.621507,-13.542702,-8.050890
-21.851342,-17.878620,-8.038637
-19.073300,-21.382723,-8.039422
-15.567296,-24.772033,-8.047157
-11.674110,-27.581199,-8.047540
-6.965003,-29.332268,-8.045944
-2.029925,-30.168528,-8.047991
2.968468,-29.988023,-8.042579
7.978317,-28.697466,-8.037295
12.477534,-26.508088,-8.041984
16.551657,-23.601666,-8.049168
20.055901,-20.267731,-8.045596
23.013004,-16.440193,-8.041096
25.356366,-12.214611,-8.039624
27.077934,-7.682474,-8.041862
27.931465,-3.097200,-8.044723
27.646909,1.559138,-8.042001
26.688915,6.151000,-8.040459
24.942487,10.279158,-8.044990
22.429777,13.832129,-8.051158
19.487332,16.784419,-8.050576
16.032808,19.120031,-8.042130
12.388131,20.764606,-8.044233
8.894234,21.917007,-8.047906
5.479918,22.757360,-8.044153
1.835051,22.297445,-11.286195
-1.320781,22.269095,-11.296117
-4.578903,21.761766,-11.295177
-7.435704,20.857431,-11.295926
-10.280821,19.516459,-11.300685
-12.936006,17.825794,-11.286507
-15.339366,16.039093,-11.290768
-17.565060,13.824060,-11.295591
-19.468508,11.306587,-11.289573
-21.070104,8.602837,-11.288804
-22.394347,5.573701,-11.299601
-23.606517,2.153904,-11.291818
-24.079585,-1.260592,-11.292906
-24.026604,-5.053844,-11.296561
-23.590635,-8.953038,-11.291160
-22.583292,-12.927014,-11.290189
-20.908660,-16.848260,-11.295222
-18.160396,-20.253395,-11.296486
-14.944917,-23.338223,-11.296140
-11.061946,-25.932403,-11.294356
-6.652432,-27.227826,-11.290937
-1.973095,-27.881616,-11.294061
2.733021,-27.574744,-11.298565
7.139985,-26.359208,-11.298410
11.406144,-24.330211,-11.293085
15.160262,-21.733747,-11.287962
18.454048,-18.573200,-11.289215
21.208648,-15.126174,-11.296246
23.508260,-11.192784,-11.296236
25.155404,-7.088941,-11.292660
26.054507,-2.779996,-11.293826
25.847557,1.618710,-11.292055
25.023104,5.811483,-11.297839
23.417660,9.721379,-11.302312
21.073319,13.101519,-11.300918
18.186543,15.999950,-11.300860
14.885450,18.127580,-11.300627
11.718702,19.910892,-11.297107
8.553516,21.268643,-11.290459
5.164378,22.015794,-11.284556
1.647059,21.315811,-14.547078
-1.444357,21.314735,-14.544488
-4.332307,20.913978,-14.546373
-7.276314,19.991907,-14.543744
-9.924322,18.743292,-14.537520
-12.392656,17.164006,-14.541191
-14.674980,15.325138,-14.538690
-16.726458,13.235888,-14.539486
-18.612547,10.801646,-14.541808
-20.109078,8.286312,-14.539052
-21.403430,5.334112,-14.537314
-22.455955,2.279332,-14.539583
-22.892131,-1.193945,-14.545641
-22.788711,-4.575304,-14.550377
-22.313434,-8.345191,-14.551088
-21.327874,-12.030384,-14.548415
-19.702892,-15.649211,-14.545532
-17.144491,-18.819850,-14.545158
-13.993632,-21.751835,-14.544825
-10.363164,-23.837296,-14.543909
-6.165239,-24.694853,-14.544058
-1.937784,-25.126845,-14.543404
2.284802,-24.741540,-14.539130
6.369499,-23.551483,-14.538954
10.103943,-21.842418,-14.540549
13.644359,-19.501882,-14.540312
16.584496,-16.641450,-14.544911
19.149153,-13.618271,-14.548521
21.348173,-10.170810,-14.542669
22.979937,-6.389981,-14.542047
23.924466,-2.403957,-14.550481
23.844024,1.694852,-14.538846
23.121295,5.605417,-14.546132
21.628196,9.243713,-14.546599
19.459186,12.403727,-14.537508
16.880261,15.002830,-14.544328
13.782994,16.938952,-14.547495
11.005337,18.883162,-14.549802
8.111260,20.495294,-14.551596
4.953049,21.148311,-14.550211
1.573450,20.200997,-17.794509
-1.403034,20.225519,-17.796608
-4.177152,19.881446,-17.790545
-6.873268,19.037771,-17.787631
-9.417295,17.832835,-17.795712
-11.783624,16.304696,-17.799188
-13.770504,14.508274,-17.790770
-15.700866,12.454361,-17.796755
-17.456806,10.255364,-17.798265
-18.903777,7.841060,-17.788914
-20.085115,5.137992,-17.800862
-21.041520,2.199723,-17.797223
-21.395001,-0.987654,-17.794740
-21.253544,-4.211936,-17.799834
-20.787739,-7.526567,-17.798042
-19.850005,-10.886804,-17.791257
-18.222250,-14.276368,-17.800553
-15.897505,-17.204368,-17.791942
-13.040654,-19.710473,-17.789700
-9.561656,-21.329854,-17.799126
-5.672141,-21.803869,-17.796015
-1.924899,-22.039098,-17.789442
1.792672,-21.585130,-17.794777
5.392385,-20.502089,-17.793447
8.727268,-19.074642,-17.789957
11.903844,-17.089240,-17.795770
14.487207,-14.552877,-17.796359
16.934576,-11.870442,-17.794584
18.997013,-8.915360,-17.790966
20.537617,-5.620633,-17.789301
21.538800,-2.007860,-17.791245
21.625071,1.609654,-17.789349
21.045388,5.203666,-17.787680
19.710185,8.545819,-17.788134
17.755435,11.459587,-17.790762
15.316115,13.948741,-17.795000
12.451633,15.684461,-17.796409
10.097209,17.700179,-17.790924
7.545872,19.503078,-17.786462
4.519766,20.115376,-17.789599
1.307936,18.871214,-21.048163
-1.364869,18.918865,-21.050392
-4.082446,18.593067,-21.052346
-6.490038,17.817701,-21.048721
-8.871111,16.671402,-21.042821
-10.983450,15.288775,-21.045295
-12.792894,13.376146,-21.040441
-14.464549,11.482567,-21.043128
-16.060238,9.537287,-21.047063
-17.417092,7.269120,-21.041063
-18.478858,4.851251,-21.037705
-19.264582,2.201051,-21.044220
-19.557399,-0.660549,-21.039355
-19.418124,-3.541742,-21.040732
-18.941078,-6.626765,-21.048829
-18.056631,-9.619318,-21.040799
-16.524383,-12.610546,-21.037326
-14.488155,-15.294781,-21.036822
-11.830253,-17.364725,-21.041301
-8.535868,-18.457845,-21.046711
-5.171681,-18.696302,-21.047330
-1.930927,-18.770501,-21.047710
1.389643,-18.279440,-21.043680
4.370565,-17.356423,-21.041494
7.272159,-16.176292,-21.045395
10.051014,-14.531150,-21.047806
12.268952,-12.333887,-21.039721
14.458503,-10.094434,-21.040290
16.416370,-7.533351,-21.046088
17.877998,-4.623022,-21.046716
18.860298,-1.538523,-21.042005
19.117679,1.693802,-21.038520
18.656072,4.915860,-21.036039
17.443521,7.905787,-21.043043
15.706071,10.522566,-21.050071
13.623683,12.684417,-21.045930
11.042022,14.227119,-21.049233
8.991305,16.249689,-21.049168
6.906446,18.092378,-21.045880
4.108841,18.767453,-21.046145
0.979563,17.212281,-24.294391
-1.442377,17.290137,-24.287706
-3.797839,17.011821,-24.291070
-6.072515,16.254760,-24.295530
-8.127000,15.235412,-24.289296
-10.115597,13.894967,-24.288673
-11.497853,12.085003,-24.291811
-12.866893,10.379904,-24.298469
-14.344258,8.637281,-24.297606
-15.523036,6.670995,-24.291394
-16.480117,4.478870,-24.296607
-17.076746,2.161259,-24.292955
-17.295589,-0.326721,-24.294355
-17.159203,-2.921522,-24.297472
-16.731638,-5.493391,-24.296533
-15.883015,-8.164936,-24.296641
-14.521323,-10.612639,-24.295221
-12.830076,-13.050894,-24.293176
-10.342626,-14.604989,-24.293637
-7.427015,-15.167186,-24.296270
-4.541338,-15.440590,-24.296896
-1.835078,-15.401286,-24.293565
0.830983,-14.935080,-24.290941
3.403323,-14.119102,-24.292686
5.835997,-13.157894,-24.297697
8.160199,-11.805915,-24.297463
9.982896,-9.946243,-24.289307
11.857894,-8.133040,-24.296019
13.581805,-6.066708,-24.297806
14.879836,-3.681551,-24.289391
15.840345,-1.043478,-24.288675
16.254012,1.739864,-24.297439
15.910867,4.530356,-24.300724
14.905197,7.038692,-24.294682
13.375345,9.409090,-24.290309
11.571584,11.284215,-24.296328
9.325081,12.622637,-24.300558
7.648439,14.448769,-24.295460
5.903890,16.268101,-24.290745
3.520762,17.010076,-24.293682
0.635776,14.993195,-27.543821
-1.429094,15.104502,-27.546856
-3.528990,14.859154,-27.545983
-5.458527,14.200202,-27.541579
-7.204477,13.298086,-27.540961
-8.827196,12.183767,-27.547345
-9.867473,10.448889,-27.544472
-10.943065,8.924594,-27.545189
-12.165284,7.507633,-27.548877
-13.166702,5.820448,-27.546889
-13.944882,4.027294,-27.543210
-14.314262,2.108852,-27.540577
-14.460623,0.066006,-27.545192
-14.361685,-2.049040,-27.545800
-13.991834,-4.156943,-27.541278
-13.256180,-6.319126,-27.542854
-12.069789,-8.271610,-27.546039
-10.819524,-10.339391,-27.542770
-8.594422,-11.253747,-27.541372
-6.125999,-11.393508,-27.544797
-3.981627,-11.838687,-27.546773
-1.767702,-11.708495,-27.545569
0.322225,-11.280348,-27.540548
2.335467,-10.631711,-27.537017
4.255342,-9.886933,-27.540909
6.007051,-8.871174,-27.546097
7.469974,-7.322186,-27.543109
8.988265,-5.951954,-27.545891
10.407983,-4.381328,-27.547112
11.506314,-2.455136,-27.544815
12.341330,-0.405484,-27.545648
12.879635,1.750327,-27.547480
12.677781,4.025730,-27.542975
11.795596,6.157462,-27.542460
10.595946,8.021400,-27.546511
9.135346,9.569583,-27.546046
7.302567,10.678539,-27.548329
6.005190,12.101716,-27.545766
4.621220,13.787839,-27.540457
2.673385,14.653920,-27.540796
0.029370,11.653857,-30.793375
-1.481415,11.816686,-30.794582
-3.048263,11.653480,-30.792239
-4.473736,11.177737,-30.790716
-5.815254,10.461834,-30.792244
-7.030800,9.630950,-30.789443
-7.654669,8.153197,-30.790229
-8.333079,6.955330,-30.795563
-9.198477,5.938178,-30.797977
-9.906463,4.734030,-30.793875
-10.453795,3.457198,-30.789625
-10.551289,2.075636,-30.790288
-10.635057,0.619041,-30.790377
-10.615747,-0.819370,-30.789286
-10.334062,-2.385258,-30.791258
-9.804938,-3.845944,-30.796072
-8.921149,-5.210278,-30.797461
-8.131658,-6.818785,-30.794648
-6.305009,-6.956725,-30.795824
-4.593116,-6.923086,-30.793261
-3.244747,-7.444064,-30.789456
-1.729915,-7.239230,-30.793952
-0.314865,-6.888221,-30.797694
0.991987,-6.449033,-30.798043
2.308333,-5.950428,-30.798452
3.488482,-5.248883,-30.796746
4.434481,-4.221905,-30.790302
5.515457,-3.345748,-30.790249
6.530942,-2.315244,-30.794808
7.274696,-1.067389,-30.797657
7.922788,0.301519,-30.797265
8.565332,1.822911,-30.797309
8.473695,3.417051,-30.795043
7.826190,4.881935,-30.794240
6.980645,6.201407,-30.793592
5.948651,7.309951,-30.789857
4.704643,8.077883,-30.792857
3.688651,9.071285,-30.793789
2.755851,10.277517,-30.791167
1.495316,11.147462,-30.791489
-1.914513,1.958674,-34.043673
-1.464093,20.633638,30.956327
-4.503514,19.010012,30.956327
-7.090400,17.303751,30.956327
-9.335253,15.534733,30.956327
-11.258087,13.754416,30.956327
-13.029020,11.823133,30.956327
-14.550506,9.837655,30.956327
-15.870769,7.712973,30.956327
-16.985958,5.341586,30.956327
-17.732110,2.953249,30.956327
-18.095629,0.477424,30.956326
-18.004893,-2.142535,30.956326
-17.421703,-4.699214,30.956326
-16.448324,-7.005217,30.956326
-15.027147,-9.208409,30.956326
-13.315957,-11.036913,30.956327
-11.191308,-12.573337,30.956327
-9.022686,-13.566312,30.956327
-6.602478,-14.205088,30.956327
-4.234579,-14.477583,30.956327
-1.851612,-14.473607,30.956327
0.400505,-14.245886,30.956327
2.623925,-13.821564,30.956327
4.917363,-13.175660,30.956327
7.144813,-12.329429,30.956327
9.388740,-11.222394,30.956327
11.702177,-9.753574,30.956327
13.915510,-7.942884,30.956327
15.958898,-5.774700,30.956327
17.819477,-3.149815,30.956327
19.379907,-0.066290,30.956327
20.495664,3.456596,30.956327
20.948892,7.243689,30.956327
20.542195,11.158343,30.956327
19.186384,14.976583,30.956327
16.980889,18.383672,30.956327
13.850258,21.149119,30.956327
10.103462,22.689571,30.956327
5.927121,22.851207,30.956327
1.335831,18.171060,28.206773
-1.446441,17.977863,28.209638
-4.145731,17.188263,28.206988
-6.540439,15.817324,28.206615
-8.672641,14.278501,28.210963
-10.447299,12.623146,28.208376
-12.048332,10.802797,28.210780
-13.385476,8.907651,28.210111
-14.547304,6.899991,28.201719
-15.451533,4.879161,28.201752
-16.129970,2.660492,28.202342
-16.473222,0.365985,28.204356
-16.438882,-1.953423,28.208467
-16.034755,-4.239129,28.206853
-15.292763,-6.439913,28.205827
-14.130531,-8.562204,28.205473
-12.636285,-10.490405,28.203287
-10.897545,-12.014995,28.204318
-8.736047,-13.115206,28.212448
-6.583573,-14.000575,28.207844
-4.276400,-14.730180,28.203754
-1.877087,-15.106748,28.208518
0.550739,-15.094723,28.205759
2.938780,-14.672623,28.203969
5.236276,-13.887833,28.203226
7.505674,-12.766638,28.200890
9.631207,-11.392057,28.204720
11.670993,-9.721474,28.204642
13.500499,-7.822561,28.200396
15.187906,-5.527897,28.204696
16.547861,-2.906418,28.210644
17.478022,0.009680,28.210833
17.834468,3.048860,28.205897
17.493113,6.197505,28.202361
16.392198,9.166477,28.204291
14.608814,11.786567,28.204713
12.317203,13.955379,28.206266
9.869243,15.811618,28.208644
7.289178,17.435060,28.206474
4.358786,18.136780,28.205404
0.977923,15.757617,25.453732
-1.543429,15.958736,25.451361
-3.950082,15.560039,25.456072
-6.183211,14.415168,25.462372
-8.064370,13.134342,25.460922
-9.742773,11.580420,25.459672
-11.168807,9.925824,25.457825
-12.346908,8.204544,25.459160
-13.390521,6.398391,25.451605
-14.258789,4.502117,25.458227
-14.903691,2.517986,25.455066
-15.294608,0.367673,25.450823
-15.367432,-1.815976,25.453926
-15.130853,-3.990287,25.452235
-14.590982,-6.111164,25.456693
-13.645784,-8.182292,25.461633
-12.343951,-10.204285,25.457006
-10.768673,-11.841685,25.451336
-8.712431,-13.048723,25.459317
-6.624852,-14.216987,25.463656
-4.401892,-15.310059,25.461092
-1.909065,-16.007548,25.458097
0.674299,-16.171317,25.458143
3.223074,-15.753239,25.455714
5.728756,-14.781774,25.453406
7.952777,-13.465851,25.456211
10.058692,-11.803277,25.459540
11.877582,-9.968368,25.457103
13.574269,-7.763211,25.451643
14.896043,-5.427346,25.451788
15.856057,-2.815581,25.452593
16.347361,0.026621,25.457058
16.269893,2.808699,25.458787
15.563886,5.605388,25.451381
14.312124,8.091790,25.455019
12.561648,10.260738,25.454145
10.407934,12.011694,25.452651
8.138360,13.452418,25.458210
5.918489,14.774547,25.456534
3.480019,15.488232,25.454838
0.682905,14.264706,22.704553
-1.570078,14.490030,22.703875
-3.751770,14.197105,22.703650
-5.789598,13.235154,22.704560
-7.570815,12.069192,22.702355
-9.084182,10.699075,22.705159
-10.426867,9.165868,22.708674
-11.535440,7.571453,22.704324
-12.538351,5.908668,22.709914
-13.383259,4.160655,22.709810
-14.042966,2.333666,22.710691
-14.500160,0.346644,22.712199
-14.695451,-1.682833,22.707265
-14.623909,-3.819537,22.701031
-14.252042,-5.926401,22.705362
-13.436331,-8.100322,22.710389
-12.309611,-10.165040,22.709846
-10.836636,-11.953767,22.708110
-8.845009,-13.341829,22.709476
-6.765996,-14.788263,22.704388
-4.544618,-16.167991,22.699675
-1.980087,-17.095174,22.702189
0.828526,-17.396965,22.704303
3.608733,-16.952914,22.704578
6.212979,-15.860053,22.704260
8.562336,-14.304075,22.705086
10.645532,-12.407553,22.707901
12.395399,-10.324698,22.707199
13.905540,-7.946668,22.702914
15.011113,-5.460563,22.700401
15.702562,-2.728882,22.699040
15.875016,-0.012662,22.704506
15.528634,2.686199,22.710795
14.659209,5.265244,22.706206
13.304139,7.624519,22.702361
11.568751,9.595752,22.701597
9.471932,11.163126,22.705373
7.332894,12.318160,22.708698
5.135191,13.354127,22.701916
2.907929,13.960979,22.701187
0.509062,13.377651,19.954092
-1.546250,13.440528,19.952942
-3.548779,13.087966,19.957394
-5.422303,12.250488,19.960717
-7.141082,11.149148,19.956706
-8.535073,9.931602,19.958903
-9.846136,8.493012,19.950828
-10.894582,7.088822,19.958433
-11.901792,5.537578,19.956294
-12.726402,3.991475,19.957043
-13.471168,2.192211,19.960693
-13.986970,0.415691,19.958518
-14.324261,-1.600709,19.957594
-14.406037,-3.742585,19.962189
-14.156366,-5.970699,19.957964
-13.507786,-8.107294,19.953574
-12.466683,-10.327881,19.953556
-11.053455,-12.296785,19.956873
-9.111768,-13.919950,19.960897
-7.058383,-15.575894,19.964033
-4.667112,-17.239941,19.958905
-1.946378,-18.328855,19.950121
1.060164,-18.695220,19.955865
4.038674,-18.206963,19.958435
6.807150,-16.980262,19.954531
9.267139,-15.227158,19.953596
11.335737,-13.162772,19.956100
13.088596,-10.823754,19.958588
14.492989,-8.261287,19.957457
15.455962,-5.604780,19.953235
15.950130,-2.822242,19.952458
15.922675,0.003124,19.955959
15.392813,2.679738,19.957364
14.392472,5.217900,19.952609
13.004963,7.454085,19.951177
11.206926,9.373961,19.952589
9.136543,10.831127,19.954401
6.934657,11.872498,19.954955
4.816412,12.599957,19.952759
2.637096,13.104935,19.952891
0.408786,12.886189,17.204339
-1.560641,12.714448,17.203562
-3.475130,12.171516,17.208523
-5.191954,11.391543,17.209508
-6.779906,10.372441,17.206247
-8.152826,9.227925,17.207998
-9.338257,8.026353,17.207248
-10.417580,6.728408,17.209254
-11.402921,5.357808,17.204230
-12.319488,3.823364,17.211381
-13.085961,2.208452,17.210423
-13.744578,0.334627,17.208741
-14.185767,-1.601954,17.207403
-14.396892,-3.777925,17.203415
-14.280349,-5.962522,17.210681
-13.731396,-8.277355,17.214553
-12.785618,-10.587092,17.209592
-11.411803,-12.766868,17.205292
-9.521133,-14.665214,17.209730
-7.369385,-16.596579,17.205010
-4.881783,-18.395758,17.202171
-1.930849,-19.603764,17.211305
1.234440,-20.001910,17.209125
4.370691,-19.491847,17.205702
7.367198,-18.137031,17.206431
9.928797,-16.251281,17.208130
12.124113,-13.951311,17.210323
13.891349,-11.426825,17.206793
15.263997,-8.669937,17.204522
16.147072,-5.822074,17.210123
16.523306,-2.863359,17.204827
16.354674,0.013043,17.205046
15.699009,2.718259,17.210382
14.596558,5.272942,17.204925
13.117018,7.513997,17.202678
11.225427,9.411979,17.207319
9.157874,10.796899,17.207513
6.876206,11.773746,17.202789
4.655618,12.297704,17.208716
2.487193,12.688654,17.208996
0.450129,12.635109,14.458664
-1.526284,12.235258,14.457804
-3.339425,11.504491,14.456380
-4.996936,10.711744,14.451050
-6.459776,9.768145,14.451573
-7.753667,8.766377,14.456596
-8.965371,7.665739,14.453806
-10.089062,6.475678,14.460658
-11.108986,5.195290,14.459553
-12.069638,3.745373,14.456849
-12.933750,2.119089,14.454725
-13.663916,0.317245,14.456744
-14.193888,-1.553455,14.458999
-14.528406,-3.780520,14.455604
-14.513336,-6.136266,14.451232
-14.061878,-8.548653,14.458598
-13.182279,-10.958563,14.460048
-11.816395,-13.358452,14.449586
-9.967973,-15.545195,14.453879
-7.750833,-17.683517,14.458082
-5.094625,-19.588344,14.457628
-1.953515,-20.853390,14.456918
1.411885,-21.253328,14.452546
4.741365,-20.692043,14.453323
7.914787,-19.238646,14.454845
10.624352,-17.218736,14.450820
12.929066,-14.748826,14.452319
14.762717,-12.032075,14.453054
16.118606,-9.163122,14.453097
16.987133,-6.109877,14.457663
17.297893,-3.052699,14.460581
17.041801,0.007713,14.457511
16.263032,2.873708,14.454260
15.049281,5.470888,14.456544
13.452696,7.731677,14.456066
11.523513,9.557056,14.455175
9.272211,10.995396,14.456180
6.989177,11.889708,14.458796
4.567656,12.268674,14.462350
2.500909,12.532402,14.461545
0.417020,12.496164,11.701935
-1.568466,11.883225,11.703808
-3.278955,11.020504,11.703094
-4.871556,10.193442,11.706817
-6.203380,9.328121,11.710222
-7.491934,8.402920,11.700824
-8.727053,7.406494,11.704438
-9.883414,6.320169,11.700716
-10.994212,5.042823,11.702759
-11.982930,3.668841,11.710958
-12.886961,2.114096,11.713059
-13.674347,0.379797,11.710733
-14.331821,-1.631912,11.705160
-14.743664,-3.816153,11.699915
-14.824174,-6.250191,11.703988
-14.473453,-8.767303,11.701920
-13.616774,-11.382969,11.703410
-12.286158,-13.913743,11.712724
-10.480565,-16.395494,11.704413
-8.180982,-18.742705,11.703611
-5.310935,-20.732131,11.710998
-2.044542,-21.988298,11.709130
1.543412,-22.376563,11.707184
5.088034,-21.757510,11.703051
8.366784,-20.251908,11.703965
11.252601,-18.098772,11.711940
13.637838,-15.546111,11.706042
15.588467,-12.646365,11.699813
17.011449,-9.572586,11.702738
17.876168,-6.406005,11.706497
18.168468,-3.241437,11.701365
17.871397,-0.079996,11.705684
16.993427,2.973547,11.711968
15.687762,5.635056,11.701739
13.982167,7.933812,11.697336
11.859475,9.835716,11.706335
9.592566,11.227499,11.710630
7.117495,12.138065,11.702899
4.702380,12.389921,11.701449
2.434311,12.542301,11.701588
0.400405,12.385246,8.954137
-1.615652,11.622765,8.952970
-3.246159,10.717754,8.953759
-4.764725,9.858668,8.952317
-6.046859,9.024177,8.949825
-7.320735,8.179202,8.950875
-8.560191,7.283726,8.950412
-9.807531,6.222389,8.950397
-10.924897,5.023954,8.953674
-11.927059,3.727756,8.950653
-12.912553,2.154371,8.952793
-13.778437,0.388937,8.959309
-14.515421,-1.668047,8.958272
-15.000746,-3.910642,8.952544
-15.152314,-6.419611,8.959885
-14.854633,-9.138983,8.957802
-14.026176,-11.852363,8.954732
-12.708104,-14.495867,8.962716
-10.914186,-17.244159,8.961529
-8.505357,-19.775121,8.960162
-5.485917,-21.759071,8.958208
-1.977878,-22.996864,8.951624
1.733238,-23.311752,8.955281
5.385355,-22.629928,8.958782
8.766842,-21.070305,8.959782
11.754932,-18.859580,8.961558
14.299951,-16.152300,8.957552
16.263464,-13.256285,8.956271
17.792837,-9.990750,8.960820
18.694346,-6.724067,8.962735
19.005738,-3.348458,8.953617
18.684381,-0.085626,8.952574
17.750429,3.058857,8.959482
16.300358,5.877711,8.961378
14.478373,8.203983,8.963660
12.242894,10.117360,8.957808
9.881072,11.519439,8.953048
7.419473,12.399930,8.956852
4.811476,12.611359,8.958855
2.469835,12.612242,8.956950
0.398376,12.307488,6.201298
-1.564720,11.512237,6.209815
-3.230979,10.578817,6.210215
-4.671628,9.713703,6.202622
-5.991808,8.864296,6.202852
-7.229573,8.094942,6.203850
-8.534837,7.223028,6.210668
-9.761144,6.243824,6.201039
-10.937082,5.041119,6.208963
-11.991706,3.730770,6.209471
-13.030388,2.132811,6.210523
-13.947152,0.334276,6.208251
-14.700605,-1.659193,6.203378
-15.245275,-3.950909,6.204784
-15.459059,-6.521820,6.210211
-15.229900,-9.323007,6.210040
-14.406458,-12.229941,6.207598
-13.094115,-14.964729,6.209025
-11.291098,-17.949035,6.207431
-8.758133,-20.632683,6.208208
-5.593672,-22.581888,6.209859
-2.069536,-23.726572,6.207405
1.855323,-23.996974,6.206129
5.597780,-23.261244,6.210141
9.065287,-21.653550,6.212027
12.138751,-19.392344,6.205993
14.764998,-16.625849,6.202999
16.854445,-13.567780,6.207459
18.393025,-10.324046,6.211471
19.348096,-6.978829,6.209889
19.694728,-3.403859,6.211484
19.365405,-0.053244,6.206914
18.392469,3.170470,6.203929
16.866869,6.045593,6.211368
14.957819,8.402671,6.212218
12.635557,10.336507,6.209127
10.099567,11.804002,6.205211
7.562650,12.679468,6.202988
4.878084,12.866293,6.204111
2.495243,12.716187,6.201746
0.302366,12.256437,3.447463
-1.594895,11.467337,3.455833
-3.202479,10.602848,3.460107
-4.662130,9.710052,3.456118
-6.014919,8.861588,3.457530
-7.288075,8.101174,3.453715
-8.625428,7.228022,3.454230
-9.875645,6.234891,3.450171
-10.997122,5.097211,3.451762
-12.079635,3.771633,3.460692
-13.148862,2.153909,3.455332
-14.095473,0.331089,3.452630
-14.877566,-1.691312,3.459062
-15.452932,-4.017911,3.460078
-15.704794,-6.744789,3.457043
-15.516318,-9.485400,3.458704
-14.722448,-12.453746,3.462513
-13.360323,-15.350181,3.461439
-11.508457,-18.513442,3.458341
-9.002508,-21.146500,3.452098
-5.738275,-23.066826,3.451555
-2.017852,-24.177367,3.459830
1.865112,-24.377432,3.456410
5.669005,-23.607462,3.458391
9.194937,-21.969414,3.460219
12.325562,-19.673594,3.451542
15.008836,-16.869448,3.457728
17.094678,-13.868981,3.458502
18.742028,-10.481545,3.454454
19.743865,-7.086754,3.458799
20.129110,-3.567016,3.458590
19.817951,-0.041195,3.458022
18.832202,3.240531,3.458999
17.264385,6.157907,3.460040
15.218303,8.617418,3.462669
12.826655,10.553511,3.456100
10.338827,11.970011,3.448258
7.758698,12.875747,3.450253
5.028257,13.105803,3.457473
2.517344,12.839444,3.452572
0.327155,12.333677,0.713796
-1.595675,11.555436,0.707743
-3.233564,10.732644,0.701208
-4.715903,9.857940,0.698965
-6.091519,9.029999,0.700837
-7.373175,8.268044,0.703898
-8.704748,7.370244,0.704067
-9.948514,6.354899,0.709318
-11.143343,5.116516,0.707872
-12.218296,3.772777,0.705588
-13.223973,2.237653,0.707183
-14.178293,0.406080,0.707273
-15.007243,-1.733793,0.706633
-15.585654,-4.073213,0.708264
-15.850180,-6.813841,0.702289
-15.664183,-9.685406,0.699930
-14.864496,-12.668520,0.701604
-13.487630,-15.578528,0.702410
-11.677129,-18.659139,0.708392
-9.051655,-21.358019,0.711641
-5.724359,-23.215041,0.709830
-2.075145,-24.234186,0.707374
1.830208,-24.390630,0.703825
5.650257,-23.590395,0.703427
9.187965,-21.929555,0.706217
12.328233,-19.610907,0.707371
14.951318,-16.878040,0.703711
17.122035,-13.773260,0.699873
18.743313,-10.477327,0.702301
19.784605,-7.074350,0.708852
20.209880,-3.539806,0.708230
19.950319,-0.104725,0.710386
18.997006,3.206273,0.710599
17.434983,6.147677,0.702247
15.380757,8.622415,0.701206
12.979225,10.577491,0.702788
10.380578,12.052785,0.701707
7.787781,12.978762,0.701563
5.163328,13.286923,0.707289
2.655845,13.008763,0.713051
0.361325,12.513517,-2.047090
-1.561660,11.766928,-2.041797
-3.313627,10.955034,-2.039668
-4.817626,10.147194,-2.047788
-6.200765,9.357360,-2.048931
-7.557875,8.524304,-2.041072
-8.839437,7.577857,-2.046323
-10.118550,6.448631,-2.041763
-11.267855,5.186733,-2.041692
-12.306403,3.832219,-2.048903
-13.338542,2.196623,-2.044528
-14.257692,0.365897,-2.038615
-15.055041,-1.766043,-2.039312
-15.610454,-4.090944,-2.041638
-15.865309,-6.810129,-2.047857
-15.680483,-9.658153,-2.042837
-14.890730,-12.618960,-2.039080
-13.455751,-15.598654,-2.048652
-11.587015,-18.608376,-2.043572
-8.996838,-21.143395,-2.041477
-5.670043,-22.933314,-2.046308
-2.036646,-23.893437,-2.045310
1.838455,-23.994814,-2.041394
5.509145,-23.188616,-2.043121
9.007386,-21.520139,-2.047768
12.022095,-19.276111,-2.046549
14.625286,-16.566465,-2.041041
16.722012,-13.586971,-2.043108
18.352975,-10.328820,-2.044347
19.421701,-6.964929,-2.037356
19.884733,-3.464658,-2.044833
19.667001,-0.054291,-2.045972
18.749037,3.237490,-2.044899
17.206753,6.158978,-2.050236
15.167230,8.610896,-2.038775
12.878057,10.488707,-2.041052
10.309360,11.957398,-2.044568
7.750472,12.920785,-2.036574
5.168278,13.371096,-2.038768
2.684198,13.168092,-2.044890
0.395813,12.727093,-4.790920
-1.612721,12.003495,-4.785894
-3.357047,11.278239,-4.790926
-4.968099,10.517169,-4.796821
-6.432809,9.713812,-4.793526
-7.827031,8.796327,-4.793728
-9.103173,7.717723,-4.792162
-10.289565,6.542921,-4.790242
-11.364001,5.264110,-4.798947
-12.401449,3.815765,-4.794664
-13.369145,2.189122,-4.788051
-14.233068,0.380175,-4.785433
-14.980745,-1.717894,-4.789956
-15.517277,-4.108862,-4.800228
-15.737287,-6.661108,-4.801255
-15.532787,-9.556935,-4.797659
-14.738700,-12.450683,-4.793115
-13.297018,-15.348045,-4.788726
-11.354821,-18.215842,-4.790079
-8.729802,-20.610473,-4.795361
-5.551009,-22.258571,-4.797464
-1.985172,-23.161282,-4.792783
1.696672,-23.223231,-4.787569
5.283005,-22.407846,-4.789323
8.691500,-20.745424,-4.791878
11.536177,-18.594077,-4.789405
14.070773,-15.930148,-4.793772
16.053007,-13.101813,-4.799209
17.655394,-9.916668,-4.799167
18.690772,-6.738456,-4.795462
19.185304,-3.318951,-4.797326
19.028310,-0.090091,-4.801044
18.182935,3.145908,-4.798682
16.769981,5.929693,-4.791859
14.809044,8.356008,-4.793983
12.504022,10.294802,-4.795994
10.099094,11.689235,-4.794165
7.616118,12.690594,-4.794555
5.131776,13.329915,-4.799373
2.699975,13.285113,-4.797555
0.419062,12.900654,-7.545507
-1.554559,12.295251,-7.537971
-3.372159,11.647900,-7.539527
-5.062434,10.955613,-7.546146
-6.577919,10.142535,-7.545215
-7.979263,9.149039,-7.549790
-9.220931,7.959041,-7.547550
-10.366886,6.678296,-7.544330
-11.410252,5.312137,-7.547370
-12.415195,3.787009,-7.539469
-13.298729,2.188559,-7.541666
-14.128511,0.323034,-7.542869
-14.799738,-1.718511,-7.539598
-15.273053,-4.035274,-7.542401
-15.453477,-6.608597,-7.546008
-15.222865,-9.290868,-7.545845
-14.388268,-12.178322,-7.546667
-12.987296,-14.847896,-7.549403
-11.041512,-17.426906,-7.544139
-8.428486,-19.658753,-7.544895
-5.351962,-21.215590,-7.546214
-2.008294,-22.038099,-7.538638
1.544774,-22.069271,-7.537401
4.996236,-21.243169,-7.543669
8.081490,-19.711736,-7.545352
10.898580,-17.553656,-7.538010
13.187660,-15.130270,-7.538020
15.155185,-12.309127,-7.543438
16.604811,-9.427386,-7.548068
17.627673,-6.368766,-7.549191
18.133550,-3.182190,-7.546168
18.036371,-0.064759,-7.545183
17.303690,2.968153,-7.544707
15.988769,5.678527,-7.540610
14.129694,8.044485,-7.539225
12.018849,9.886535,-7.537715
9.622189,11.308719,-7.541585
7.347571,12.285830,-7.550093
5.017268,13.123288,-7.550720
2.680383,13.292640,-7.549168
0.413171,12.949664,-10.299989
-1.603096,12.512767,-10.297072
-3.463843,11.986691,-10.294103
-5.187316,11.353965,-10.298471
-6.794357,10.464664,-10.298551
-8.149353,9.384009,-10.288103
-9.386539,8.026726,-10.291683
-10.387193,6.738012,-10.298776
-11.365417,5.306475,-10.294506
-12.257670,3.819755,-10.294321
-13.091305,2.184096,-10.293254
-13.828746,0.391561,-10.293374
-14.446078,-1.659465,-10.294107
-14.847674,-3.868254,-10.294055
-14.982140,-6.313965,-10.298278
-14.706784,-8.954663,-10.293830
-13.861495,-11.685769,-10.286943
-12.454162,-14.175639,-10.287898
-10.500251,-16.399371,-10.289150
-8.004219,-18.353744,-10.289273
-5.174269,-19.766074,-10.289389
-1.992976,-20.526123,-10.290777
1.278438,-20.530695,-10.292973
4.454387,-19.761222,-10.292329
7.375310,-18.293575,-10.293406
9.952053,-16.284880,-10.297821
12.118475,-13.977219,-10.293217
13.870487,-11.467991,-10.291724
15.256978,-8.737067,-10.294434
16.247941,-5.840406,-10.291997
16.743067,-2.921207,-10.290254
16.701089,-0.062730,-10.295230
16.059248,2.828935,-10.299287
14.851316,5.421186,-10.292960
13.179831,7.609552,-10.292261
11.205918,9.394158,-10.293178
9.038574,10.725923,-10.291810
6.904685,11.706453,-10.290928
4.869914,12.667448,-10.292646
2.690869,13.103963,-10.297013
0.444426,12.782445,-13.037799
-1.561985,12.631943,-13.040819
-3.514387,12.260455,-13.043901
-5.305648,11.636716,-13.041065
-6.855836,10.718437,-13.040923
-8.258892,9.442830,-13.044546
-9.381905,8.034095,-13.040089
-10.327999,6.613856,-13.047245
-11.206613,5.150883,-13.047526
-11.969131,3.730879,-13.041215
-12.721432,2.094146,-13.041777
-13.348646,0.404866,-13.043482
-13.865423,-1.517510,-13.046679
-14.201232,-3.673796,-13.049114
-14.281090,-5.949816,-13.040239
-13.943210,-8.485986,-13.042716
-13.119865,-10.923251,-13.044335
-11.720768,-13.176826,-13.039787
-9.712946,-15.055334,-13.048163
-7.457009,-16.653175,-13.046775
-4.824390,-17.942057,-13.040996
-1.948156,-18.591459,-13.042356
0.998830,-18.567247,-13.041079
3.939960,-17.814079,-13.045296
6.552968,-16.456241,-13.046661
8.788483,-14.692665,-13.038766
10.732062,-12.611642,-13.039003
12.353562,-10.274266,-13.044048
13.598176,-7.819569,-13.044870
14.481689,-5.314342,-13.040816
14.983734,-2.608952,-13.042090
14.989696,0.048869,-13.044632
14.492420,2.563702,-13.043971
13.476449,4.918136,-13.042861
11.979531,6.993794,-13.042132
10.261248,8.638676,-13.039868
8.283682,9.938877,-13.039375
6.237692,10.936748,-13.043406
4.423701,11.974479,-13.042334
2.458867,12.630186,-13.039093
0.348398,12.248163,-15.785720
-1.536060,12.456733,-15.794237
-3.489965,12.304735,-15.796055
-5.274427,11.701479,-15.789302
-6.848517,10.677106,-15.796920
-8.142522,9.310952,-15.797880
-9.168650,7.839593,-15.795823
-10.013693,6.353872,-15.791225
-10.728601,4.992123,-15.796169
-11.426177,3.526078,-15.793426
-12.040875,2.023416,-15.795262
-12.600680,0.317925,-15.794339
-13.000231,-1.430707,-15.795563
-13.243003,-3.383500,-15.799633
-13.254426,-5.520828,-15.796772
-12.884069,-7.707582,-15.794581
-12.070338,-9.890887,-15.795074
-10.680852,-11.821961,-15.793794
-8.753932,-13.247586,-15.788776
-6.724762,-14.542154,-15.789846
-4.416962,-15.631289,-15.791827
-1.896602,-16.156200,-15.790415
0.672917,-16.096253,-15.791906
3.153067,-15.437774,-15.795867
5.426055,-14.242708,-15.797113
7.427750,-12.636713,-15.792975
9.059691,-10.882130,-15.789605
10.471806,-8.846502,-15.793078
11.552739,-6.708868,-15.798460
12.336780,-4.537366,-15.795569
12.801924,-2.275731,-15.790788
12.873286,0.032803,-15.789849
12.491440,2.311352,-15.791945
11.668884,4.379845,-15.792362
10.423047,6.218383,-15.795733
8.914732,7.740511,-15.798635
7.242675,8.926402,-15.795343
5.497442,9.831741,-15.788712
3.919327,10.853295,-15.789106
2.178286,11.753349,-15.787756
0.112023,11.095671,-18.543052
-1.552411,11.684881,-18.541578
-3.427065,11.800224,-18.542207
-5.159218,11.197817,-18.539890
-6.615879,10.114039,-18.540350
-7.746492,8.680905,-18.547752
-8.597868,7.239086,-18.545936
-9.261738,5.859908,-18.543683
-9.867175,4.534516,-18.542727
-10.427088,3.189088,-18.542184
-10.919404,1.817485,-18.542181
-11.339398,0.345645,-18.543394
-11.641564,-1.227625,-18.544339
-11.803220,-2.899254,-18.546079
-11.759804,-4.719337,-18.546951
-11.349657,-6.638935,-18.541502
-10.589700,-8.411046,-18.543286
-9.238549,-9.896173,-18.545578
-7.497950,-10.845020,-18.541067
-5.792095,-11.840547,-18.545143
-3.938144,-12.665402,-18.545443
-1.847522,-13.045285,-18.539260
0.196284,-12.965532,-18.539303
2.234103,-12.400777,-18.543798
4.036429,-11.435880,-18.545909
5.627986,-10.155761,-18.543899
6.974468,-8.717001,-18.544567
8.107782,-7.109405,-18.544790
8.982307,-5.426541,-18.542667
9.653702,-3.653248,-18.541506
10.078338,-1.805819,-18.540357
10.196398,0.086979,-18.540257
9.970203,1.897260,-18.542571
9.347914,3.690128,-18.544178
8.389553,5.239342,-18.544246
7.201286,6.527739,-18.544104
5.818477,7.599889,-18.544560
4.350714,8.411417,-18.544795
3.031609,9.315461,-18.546256
1.666104,10.287739,-18.546049
-0.296945,8.637699,-21.292619
-1.614131,9.525604,-21.293102
-3.142897,9.959262,-21.296077
-4.594170,9.470078,-21.290114
-5.776917,8.456302,-21.292699
-6.623137,7.135137,-21.292508
-7.220809,5.866424,-21.296839
-7.714298,4.668143,-21.296116
-8.136315,3.616044,-21.295637
-8.528238,2.552299,-21.295016
-8.890359,1.420985,-21.291379
-9.165118,0.321297,-21.291804
-9.365709,-0.903606,-21.293427
-9.467057,-2.200488,-21.293259
-9.366970,-3.537921,-21.292260
-8.972413,-4.893632,-21.292222
-8.275915,-6.146806,-21.293208
-7.053949,-6.963297,-21.295337
-5.782877,-7.473737,-21.296328
-4.560541,-8.164530,-21.295089
-3.244439,-8.628575,-21.293789
-1.836348,-8.787302,-21.292981
-0.434018,-8.698942,-21.293076
0.916807,-8.317089,-21.295472
2.163110,-7.663050,-21.296303
3.272349,-6.800690,-21.293900
4.219285,-5.834929,-21.294009
4.994502,-4.797217,-21.293905
5.618488,-3.660425,-21.291446
6.107667,-2.458313,-21.292038
6.447034,-1.207771,-21.295103
6.604598,0.133893,-21.296320
6.536180,1.430460,-21.293224
6.210333,2.685918,-21.290671
5.614243,3.838761,-21.291772
4.787389,4.837696,-21.294529
3.844580,5.648542,-21.297227
2.835912,6.276789,-21.294984
1.785142,6.933336,-21.292978
0.838046,7.737059,-21.296622
-2.529086,1.941964,-24.043673
