22.648325,-24.972816,35.718788
26.067400,-21.365685,35.718788
28.937542,-17.309197,35.718788
31.008151,-13.066633,35.718788
32.359821,-8.541776,35.718788
32.966845,-4.109674,35.718787
32.903814,0.362866,35.718787
32.210434,4.529838,35.718788
30.874014,8.537658,35.718788
29.006072,12.048416,35.718788
26.565963,15.187805,35.718788
23.872082,17.764318,35.718788
20.896586,20.007341,35.718788
17.721316,21.957198,35.718787
14.628842,23.547448,35.718787
11.216941,25.043633,35.718788
7.738445,26.377847,35.718788
3.983254,27.677784,35.718788
-0.523851,29.075797,35.718788
-5.817709,30.430004,35.718788
-11.932620,31.505076,35.718788
-19.136096,31.892871,35.718788
-27.237846,30.667172,35.718787
-34.769145,27.396500,35.718785
-41.447135,22.208834,35.718786
-47.041035,15.219670,35.718787
-50.962586,6.899100,35.718786
-52.750601,-2.134776,35.718786
-52.074525,-11.308953,35.718786
-48.726843,-20.152534,35.718788
-43.371561,-27.630527,35.718788
-36.547388,-33.802523,35.718787
-28.994439,-38.134613,35.718786
-20.629138,-40.503899,35.718786
-12.171476,-40.694059,35.718786
-4.103606,-39.228176,35.718788
2.737419,-36.976091,35.718788
8.659771,-34.374660,35.718788
13.902984,-31.511844,35.718788
19.340216,-30.171603,31.966258
23.602087,-26.523743,31.962740
27.178652,-22.551345,31.957946
30.034846,-18.328871,31.965310
32.476992,-13.795271,31.966664
33.826119,-9.167884,31.956995
33.431625,-4.076743,31.968910
33.405665,0.261047,31.974215
33.303872,4.609844,31.968923
32.125591,8.776344,31.966217
29.869184,12.494745,31.972906
27.396743,15.738317,31.975706
25.017637,18.770317,31.977789
21.949865,21.397805,31.971249
18.504070,23.130158,31.962253
15.079232,24.834957,31.966844
11.653998,27.015201,31.970111
8.028184,30.902091,31.969727
3.458711,33.356365,31.967854
-1.550503,33.008228,31.967845
-7.108877,33.694028,31.973094
-13.498440,34.006100,31.977189
-19.941982,32.558076,31.970169
-26.818307,30.485763,31.965492
-35.194428,27.540462,31.970466
-41.810903,22.258056,31.968442
-47.244569,15.144382,31.973919
-50.962308,7.036551,31.969450
-52.721477,-2.042203,31.967934
-51.509079,-11.370104,31.967046
-47.249191,-19.554251,31.958268
-41.864081,-26.663246,31.972181
-36.306523,-33.430223,31.964381
-29.156712,-38.523103,31.968189
-20.971514,-41.160774,31.975918
-12.366758,-41.409721,31.960021
-4.122825,-38.562665,31.962168
2.504363,-38.810575,31.963564
9.053274,-37.995892,31.964289
14.676780,-34.240665,31.966264
19.698706,-31.181308,28.224865
24.025026,-27.470130,28.217583
27.835274,-23.246187,28.215376
30.717909,-18.963704,28.220085
33.279686,-14.354775,28.222095
34.601356,-9.408444,28.217305
33.368210,-4.079629,28.215278
33.408911,0.280730,28.217758
33.766270,4.744719,28.216000
32.706946,8.975543,28.216453
30.194353,12.630942,28.226251
27.716260,15.951343,28.226950
25.625440,19.297220,28.220941
22.704109,22.088998,28.218785
18.835055,23.771813,28.223673
15.354963,25.502037,28.225469
11.933588,28.179641,28.220747
8.320720,33.144905,28.217805
3.314993,35.849082,28.218952
-1.748513,34.761040,28.215390
-7.688045,35.123019,28.211569
-14.202140,35.009843,28.224687
-20.011048,32.869198,28.219355
-26.774229,30.240020,28.206007
-35.136162,27.568803,28.213347
-41.852063,22.179767,28.217329
-47.141539,15.099221,28.210894
-50.843872,6.838775,28.212700
-52.477261,-2.180384,28.217930
-50.992639,-11.067192,28.218147
-46.072413,-19.064663,28.219739
-40.655866,-26.004228,28.224264
-35.865398,-33.232721,28.214585
-29.260767,-38.653175,28.219267
-21.153037,-41.461063,28.222961
-12.465297,-41.826569,28.210164
-4.017042,-38.244261,28.227115
2.588955,-39.115582,28.222994
9.010281,-39.010842,28.218624
14.870347,-35.362565,28.224050
19.666539,-31.250581,24.468476
24.150034,-27.393091,24.477261
27.842572,-23.442268,24.476881
30.877312,-19.020004,24.471559
33.352621,-14.379179,24.465586
34.479460,-9.431271,24.463981
32.735952,-4.000721,24.471567
32.800107,0.279013,24.463392
33.491829,4.740342,24.463776
32.596387,8.920957,24.473226
29.904981,12.430484,24.472336
27.470326,15.749288,24.473208
25.628013,19.232730,24.468738
22.674826,22.230666,24.467913
19.004018,23.708673,24.471034
15.341381,25.593628,24.463593
12.079647,28.405370,24.462801
8.233131,32.991614,24.464558
3.246424,35.157901,24.465284
-1.767395,34.452181,24.467923
-7.659249,34.912263,24.469690
-13.865975,34.787360,24.473016
-19.912025,32.670058,24.466241
-26.398451,30.169427,24.460299
-34.924299,27.367796,24.470367
-41.600127,22.032949,24.473526
-46.700006,15.211644,24.463343
-50.398528,7.021104,24.464524
-52.018622,-1.942034,24.470063
-50.326446,-10.967022,24.464868
-45.129319,-18.719182,24.460866
-39.891677,-25.396748,24.469347
-35.557787,-32.852542,24.462165
-29.333802,-38.526413,24.464843
-21.028740,-41.528926,24.472032
-12.691357,-42.076836,24.464965
-3.891386,-38.232267,24.475459
2.725624,-38.523783,24.476198
9.001200,-38.150725,24.470429
14.780117,-35.072439,24.465792
19.405207,-30.120619,20.724118
23.529385,-26.459714,20.720397
27.219935,-22.674524,20.714649
30.196820,-18.387745,20.718787
32.360989,-13.752422,20.721599
33.118778,-8.849432,20.716544
31.487222,-3.797880,20.721535
31.529483,0.360426,20.721774
32.331018,4.466944,20.715026
31.703279,8.543484,20.713882
28.792436,12.073676,20.724039
26.616658,15.141453,20.718097
24.940905,18.602198,20.714969
22.154150,21.604722,20.717696
18.609920,23.118382,20.720447
15.129563,25.115165,20.725681
11.970676,27.989568,20.726504
7.972049,30.507676,20.721595
3.609608,31.815394,20.714893
-1.298092,32.806635,20.713904
-7.008060,33.635384,20.723822
-13.301575,33.671949,20.713289
-19.614575,32.161722,20.717971
-26.341457,30.032125,20.728009
-34.324323,27.130088,20.720402
-41.071552,21.854738,20.724401
-46.211175,15.026375,20.719927
-49.892857,6.794020,20.714310
-51.384412,-1.951803,20.721547
-49.646560,-10.735647,20.726900
-44.577745,-18.284057,20.719264
-39.231076,-25.242481,20.727337
-35.159231,-32.595007,20.720381
-28.974964,-38.359406,20.712798
-20.902731,-41.328035,20.719372
-12.549048,-42.035616,20.728317
-3.925211,-38.500875,20.728458
2.737846,-37.381142,20.724992
8.888037,-36.169658,20.723755
14.405094,-33.609594,20.724524
18.487686,-28.037382,16.966311
22.285285,-24.282833,16.963474
25.649807,-20.754895,16.963298
28.254968,-16.694797,16.966978
29.717361,-12.284628,16.970977
30.141415,-7.698282,16.971349
29.633243,-3.350496,16.968253
29.688164,0.487293,16.968727
30.297761,4.457926,16.971408
29.783704,8.148586,16.973983
27.281291,11.196049,16.973996
25.247272,14.221254,16.967937
23.607187,17.529639,16.965601
21.076599,20.353765,16.970449
17.852416,22.134501,16.973032
14.868379,24.199590,16.968716
11.826114,26.828626,16.973235
7.950773,27.544899,16.974860
3.937868,27.875729,16.971625
-1.048124,31.090340,16.974494
-6.532798,32.211650,16.975320
-12.381732,32.405658,16.974598
-19.097376,31.620491,16.975355
-26.186596,29.817488,16.970347
-33.580511,26.779983,16.961705
-40.337373,21.601742,16.964848
-45.504606,14.847438,16.961832
-49.107546,6.884986,16.961529
-50.571445,-2.042445,16.965859
-48.853389,-10.554818,16.967623
-44.007208,-18.172565,16.967006
-38.953121,-24.988937,16.969851
-34.788306,-32.239052,16.967661
-28.776935,-37.868584,16.965817
-20.830678,-40.883712,16.967747
-12.486690,-41.828828,16.970966
-4.209340,-38.997068,16.973430
2.779156,-36.135400,16.964915
8.671958,-33.801486,16.961660
13.949648,-31.232469,16.964885
17.168851,-24.990850,13.213513
20.191192,-21.128224,13.213090
22.765098,-17.485284,13.219934
24.479686,-13.430878,13.218642
24.920364,-9.186858,13.215536
25.541385,-5.780811,13.220262
27.402690,-2.761325,13.224699
27.654847,0.840417,13.221955
27.504953,4.219752,13.217725
27.023047,7.575646,13.218714
25.233321,10.358737,13.222257
23.604565,13.204523,13.216617
21.833271,16.225496,13.214883
19.693556,18.694008,13.217105
17.225621,20.836061,13.216389
14.443849,23.313719,13.214889
11.295283,25.495287,13.214843
7.595226,25.612227,13.221182
3.926055,26.027144,13.223413
-0.666785,29.959540,13.211486
-6.131781,31.283940,13.213844
-11.989951,31.528035,13.221025
-18.501643,31.151801,13.225407
-25.794053,29.499566,13.218501
-32.811519,26.286059,13.212710
-39.509194,21.195591,13.224988
-44.667509,14.553057,13.215855
-48.246015,6.669049,13.209379
-49.587057,-1.902401,13.222126
-47.970835,-10.368232,13.226311
-43.697484,-17.913025,13.210222
-38.861328,-24.774946,13.219307
-34.308449,-31.943441,13.220330
-28.122321,-37.376748,13.211433
-20.339876,-40.361556,13.210814
-12.280593,-41.396166,13.220354
-4.122747,-39.263469,13.226468
2.807351,-35.382321,13.224646
8.575794,-31.751496,13.220476
13.237607,-28.583242,13.216928
15.862769,-21.951556,9.470842
18.154871,-17.776305,9.466816
19.584246,-13.688270,9.465545
20.212540,-9.719431,9.464538
20.443694,-6.429647,9.464029
21.560273,-4.041919,9.465794
25.444345,-2.204145,9.470353
25.533543,0.932206,9.466591
24.513429,3.973910,9.465465
23.894040,6.768584,9.465064
23.084199,9.615341,9.463364
21.916841,12.338757,9.473639
20.119836,14.655191,9.472459
18.238976,16.920538,9.469231
16.395837,19.787743,9.474566
14.172425,22.368898,9.467184
11.048848,24.225275,9.462409
7.627225,24.703913,9.464712
4.071757,25.675231,9.466604
-0.540883,29.497280,9.464915
-5.848356,30.790327,9.469979
-11.537573,30.991709,9.464521
-18.332064,30.674589,9.469103
-25.157226,29.090174,9.471475
-32.073441,25.614491,9.459271
-38.399308,20.824932,9.465752
-43.630127,14.268374,9.470918
-47.162506,6.622708,9.467401
-48.432568,-1.671451,9.467960
-46.974351,-10.174061,9.471630
-43.231033,-17.947997,9.466941
-38.728339,-24.743119,9.463678
-33.897362,-31.391645,9.465710
-27.478174,-36.658218,9.465351
-20.025279,-39.597538,9.468231
-12.181497,-40.765141,9.478510
-4.314083,-39.484746,9.477624
2.898784,-35.276308,9.464212
8.450554,-30.488375,9.462483
12.725088,-26.089861,9.469100
15.337868,-20.684723,5.717204
17.373348,-16.502262,5.723986
18.362657,-12.186732,5.721430
18.956072,-8.729051,5.723483
19.435743,-5.810081,5.723794
20.525050,-3.688045,5.719911
24.093935,-1.926908,5.717784
23.916091,1.039191,5.717774
22.073685,3.738133,5.722348
21.211233,6.061059,5.722508
21.389061,8.966136,5.714540
20.588413,11.523176,5.720709
18.693719,13.429778,5.720190
17.025328,15.382069,5.716128
15.865969,18.790705,5.720580
13.828446,21.705295,5.721203
10.841354,23.585136,5.723892
7.656284,24.637386,5.718631
4.074595,26.269616,5.714089
-0.688250,29.494734,5.726081
-5.692563,30.541962,5.719386
-11.461199,30.625285,5.717803
-17.880669,30.210348,5.724253
-24.488970,28.514789,5.723007
-30.950000,25.026483,5.713335
-37.138622,20.374642,5.711323
-42.343894,14.060194,5.710795
-45.885958,6.626255,5.717103
-47.109189,-1.664780,5.719224
-45.836203,-10.014655,5.714771
-42.879036,-17.650191,5.713387
-38.583041,-24.619350,5.710125
-33.276502,-30.884541,5.714056
-26.725233,-35.786220,5.715435
-19.323958,-38.741521,5.719791
-11.646241,-39.943957,5.726230
-4.322564,-39.429016,5.714483
2.874037,-35.653868,5.719712
8.360351,-30.382291,5.721898
12.463645,-25.168395,5.715560
15.840750,-21.814514,1.968213
18.187648,-17.660128,1.964389
19.495162,-13.536761,1.961361
20.433307,-9.967374,1.967490
21.110645,-7.009279,1.968072
22.044720,-4.344467,1.964408
23.703573,-1.739842,1.972016
23.159903,1.040410,1.967527
20.889651,3.558404,1.964116
19.804926,5.852074,1.966340
20.438874,8.445860,1.963420
19.838750,11.004516,1.961723
17.864503,12.799207,1.970978
16.295863,14.670307,1.975461
15.583105,18.162289,1.962296
13.611479,21.281516,1.962480
10.990286,23.584753,1.971718
7.758632,25.318086,1.975752
3.851881,27.217943,1.971969
-0.552654,29.515235,1.969722
-5.694830,30.379190,1.970116
-11.119210,30.295968,1.962988
-17.393344,29.665041,1.967331
-23.792991,27.754780,1.980398
-29.839932,24.281733,1.976372
-35.883653,19.706093,1.961376
-40.925983,13.755923,1.972258
-44.471819,6.504626,1.978720
-45.616039,-1.604369,1.966483
-44.599754,-9.608194,1.961880
-42.240112,-17.491487,1.975016
-38.222009,-24.450522,1.971540
-32.444447,-30.301898,1.965826
-25.951332,-34.718375,1.962894
-18.772131,-37.646682,1.961855
-11.251311,-38.925557,1.966644
-4.066877,-39.054411,1.975845
2.828577,-36.069997,1.977189
8.477476,-31.181038,1.974040
12.699310,-26.246336,1.971244
16.666237,-23.719415,-1.778388
19.434198,-19.646777,-1.786024
21.320014,-15.566891,-1.783060
22.545328,-11.919983,-1.781998
23.659038,-8.438642,-1.778990
24.338709,-5.314357,-1.774924
23.992079,-1.905561,-1.780707
23.001600,1.153728,-1.778792
21.025868,3.578850,-1.775534
19.847385,5.852852,-1.774557
20.413470,8.425173,-1.774424
19.809999,10.947074,-1.780084
17.892030,12.755869,-1.780138
16.347870,14.625889,-1.774521
15.553446,18.254979,-1.773782
13.654011,21.101424,-1.783931
11.112178,24.066636,-1.785647
7.815776,26.312006,-1.784204
3.808054,27.958112,-1.781968
-0.594574,29.560868,-1.777486
-5.491606,30.131341,-1.784964
-10.838590,29.880908,-1.788799
-16.783784,28.995190,-1.778830
-22.822834,26.908774,-1.777069
-28.540841,23.488528,-1.788255
-34.335934,19.095053,-1.783428
-39.400671,13.292572,-1.780317
-42.868017,6.353568,-1.774587
-43.959404,-1.436710,-1.771385
-43.141032,-9.361531,-1.774854
-41.376111,-17.072301,-1.779335
-37.589341,-24.067878,-1.785195
-31.557642,-29.454999,-1.788535
-24.950359,-33.574741,-1.782270
-18.094385,-36.396398,-1.777521
-10.888113,-37.691040,-1.782362
-4.037607,-38.362945,-1.783352
2.811787,-36.172252,-1.783406
8.529979,-32.196780,-1.779221
13.057180,-27.949144,-1.774836
17.290000,-25.160531,-5.527426
20.325982,-21.363734,-5.538875
22.748760,-17.377894,-5.528350
24.434202,-13.546469,-5.521381
25.828604,-9.921564,-5.524206
26.470906,-6.036900,-5.531103
24.800539,-2.138538,-5.539812
23.748267,1.102770,-5.527543
22.260721,3.689104,-5.530214
21.112972,6.075274,-5.537489
21.288316,8.852072,-5.527059
20.441961,11.481877,-5.526160
18.666227,13.351842,-5.526530
17.054009,15.476120,-5.523051
15.838892,18.884491,-5.524179
13.715688,21.518442,-5.535832
11.174148,24.694713,-5.531330
7.808656,27.084607,-5.524105
3.925430,28.350814,-5.525966
-0.589022,29.370676,-5.525442
-5.444259,29.678969,-5.521135
-10.499815,29.271060,-5.536007
-16.103476,28.130852,-5.532833
-21.599560,25.983792,-5.524359
-27.026482,22.674926,-5.538368
-32.571727,18.448987,-5.541412
-37.551993,12.979137,-5.533597
-41.057941,6.177923,-5.534151
-42.109363,-1.310361,-5.531027
-41.480818,-8.933200,-5.522271
-40.090357,-16.621413,-5.524668
-36.572869,-23.427696,-5.530819
-30.408171,-28.464258,-5.534571
-23.928702,-32.223868,-5.537368
-17.165930,-34.997178,-5.537365
-10.263856,-36.273687,-5.534753
-3.754643,-37.231666,-5.537273
2.753724,-35.721014,-5.537854
8.602819,-32.510743,-5.529917
13.360961,-28.972651,-5.522177
17.502138,-25.648470,-9.275581
20.825593,-21.953377,-9.279644
23.508537,-18.250601,-9.279093
25.593220,-14.492464,-9.282686
27.315960,-10.608403,-9.286834
27.888528,-6.603416,-9.281870
25.827473,-2.279203,-9.272484
25.099951,0.958425,-9.278841
24.140303,3.894295,-9.288697
23.133506,6.591588,-9.290506
22.817074,9.482073,-9.284023
21.769671,12.191873,-9.280355
19.969986,14.480114,-9.276101
18.156088,16.982787,-9.275710
16.455691,19.815428,-9.282379
14.081656,22.126902,-9.284804
11.325076,24.974859,-9.281361
7.733761,27.322863,-9.279339
3.891186,28.341638,-9.278623
-0.421158,28.826443,-9.275763
-5.182795,28.926137,-9.276049
-10.121817,28.381817,-9.278118
-15.141459,27.096437,-9.284552
-20.273978,24.892347,-9.286617
-25.570229,21.637188,-9.282554
-30.806433,17.579049,-9.285354
-35.627390,12.440970,-9.278024
-39.020896,6.003152,-9.284113
-40.055819,-1.135077,-9.286237
-39.567790,-8.396015,-9.282861
-38.449757,-15.761195,-9.289767
-35.138193,-22.509522,-9.277022
-28.999864,-27.288744,-9.274159
-22.565812,-30.834642,-9.273794
-16.112490,-33.417163,-9.276623
-9.557395,-34.638784,-9.285227
-3.414016,-35.695756,-9.281461
2.835859,-34.601904,-9.284108
8.604625,-32.006172,-9.283639
13.386510,-29.073994,-9.277401
17.370209,-25.339129,-13.035676
20.766433,-21.909549,-13.024719
23.591941,-18.488078,-13.027513
26.012584,-14.832018,-13.028090
27.920841,-10.967920,-13.027042
28.578309,-7.051002,-13.029973
27.013084,-2.685924,-13.027381
26.629866,0.898071,-13.031393
26.263267,4.082383,-13.032472
25.426574,7.201840,-13.032802
24.580592,10.301791,-13.036584
23.329916,13.046100,-13.031432
21.596630,15.758946,-13.028424
19.519835,18.480777,-13.034417
17.160113,20.945096,-13.035380
14.405092,22.970051,-13.023262
11.242892,25.113881,-13.035460
7.856177,26.909856,-13.036669
3.768327,27.883844,-13.025501
-0.266865,27.949584,-13.031185
-4.687855,27.881369,-13.038185
-9.273426,27.282515,-13.039032
-14.088073,25.837954,-13.036492
-18.835352,23.639398,-13.035940
-23.804811,20.594200,-13.034866
-28.711193,16.748669,-13.026295
-33.485489,11.840242,-13.022096
-36.732237,5.805726,-13.034062
-37.760529,-0.934809,-13.040030
-37.367131,-7.983105,-13.033916
-36.348995,-14.945663,-13.030508
-33.149425,-21.507253,-13.023880
-27.454632,-25.830136,-13.028480
-21.153983,-29.183557,-13.030425
-15.054736,-31.584860,-13.033194
-8.693091,-32.776250,-13.039964
-2.933570,-33.775714,-13.031898
2.983199,-32.952700,-13.027438
8.529676,-30.854888,-13.032980
13.182845,-28.420306,-13.039202
16.953498,-24.367756,-16.783133
20.349265,-21.191081,-16.783804
23.221525,-18.037071,-16.778735
25.796638,-14.655276,-16.772666
27.721755,-11.039207,-16.776749
28.512499,-6.865917,-16.787871
27.937497,-2.830944,-16.784597
28.076424,0.630502,-16.775429
28.331990,4.130335,-16.778948
27.732051,7.750744,-16.788747
26.359164,10.962384,-16.786118
24.770435,14.059010,-16.786591
23.146306,17.176434,-16.781290
20.835058,19.976144,-16.779328
17.930239,21.963837,-16.782563
14.701321,23.735201,-16.776750
11.196531,24.800008,-16.786332
7.709304,26.065105,-16.787459
4.008554,26.971927,-16.784024
0.106357,26.741257,-16.787074
-4.147239,26.546931,-16.774226
-8.549850,25.867204,-16.778953
-12.758376,24.417256,-16.778645
-17.291200,22.202409,-16.771825
-21.761774,19.505396,-16.776562
-26.309000,15.886957,-16.782532
-31.009079,11.250322,-16.787994
-34.119227,5.667600,-16.789340
-35.181713,-0.829705,-16.784368
-34.868329,-7.226908,-16.781549
-33.823069,-13.926715,-16.786655
-30.852817,-20.084372,-16.785287
-25.382155,-24.267619,-16.780543
-19.635746,-27.268101,-16.783699
-13.733825,-29.535352,-16.784374
-7.798938,-30.637016,-16.778914
-2.238875,-31.477890,-16.784216
3.297702,-30.787920,-16.785729
8.346557,-29.156701,-16.783834
12.948436,-27.046624,-16.782563
16.278793,-22.793204,-20.533651
19.486786,-19.994713,-20.527986
22.464143,-16.962471,-20.528600
24.999788,-13.987301,-20.533383
26.902361,-10.426528,-20.533450
27.795698,-6.623423,-20.528428
28.456672,-2.980977,-20.526776
29.251811,0.604703,-20.522226
30.054405,4.294752,-20.525859
29.747072,8.259531,-20.534878
27.858398,11.489572,-20.533707
25.959181,14.868772,-20.533748
24.500624,18.373286,-20.537320
21.918285,21.266451,-20.532912
18.429397,22.799269,-20.526833
14.805246,24.217214,-20.536330
11.119923,24.059595,-20.538735
7.534012,24.757906,-20.539645
3.994465,25.634838,-20.532546
0.460898,25.191056,-20.522619
-3.409669,24.892889,-20.534114
-7.425375,24.216359,-20.530081
-11.388934,22.692650,-20.529426
-15.354897,20.668195,-20.534273
-19.657407,18.157145,-20.526665
-23.823680,14.773123,-20.522309
-28.142324,10.689373,-20.534628
-31.188005,5.423992,-20.535277
-32.234845,-0.422159,-20.533107
-31.966656,-6.525091,-20.536723
-30.841284,-12.719104,-20.533774
-28.192425,-18.277506,-20.533421
-23.224215,-22.304523,-20.528217
-17.739535,-25.166926,-20.521710
-12.415838,-27.154428,-20.527063
-6.931036,-28.141319,-20.539587
-1.598682,-28.765453,-20.537283
3.345487,-28.239450,-20.529894
8.214254,-26.894085,-20.529246
12.514252,-25.119652,-20.533614
15.347125,-20.622120,-24.287329
18.438971,-18.062238,-24.289158
21.205633,-15.418559,-24.278162
23.620817,-12.841739,-24.277342
25.358475,-9.478472,-24.281324
26.331561,-6.119710,-24.279295
28.234559,-2.980106,-24.282686
29.827182,0.636732,-24.284700
31.147558,4.427800,-24.286475
31.185455,8.541392,-24.286154
28.686933,11.808571,-24.279835
26.604586,15.228890,-24.277490
25.361732,19.053570,-24.281297
22.553199,22.062414,-24.284507
18.450364,23.127267,-24.284605
14.896309,24.082816,-24.286467
10.740150,22.742184,-24.281164
7.426441,22.984228,-24.279824
4.221886,23.805259,-24.282777
0.914861,23.235631,-24.284372
-2.553615,22.881987,-24.282274
-6.162026,22.223942,-24.274794
-9.691182,20.745654,-24.274400
-13.256831,18.877973,-24.276693
-17.205210,16.679753,-24.274091
-20.960042,13.550981,-24.280119
-24.990600,9.900806,-24.282989
-27.812371,5.136768,-24.284422
-28.829078,-0.217893,-24.280449
-28.576207,-5.783621,-24.276141
-27.340346,-11.237760,-24.279684
-24.902449,-16.302133,-24.277340
-20.594625,-20.029256,-24.283665
-15.601097,-22.661674,-24.288443
-10.709725,-24.429698,-24.284199
-5.713351,-25.305987,-24.278384
-0.837691,-25.608759,-24.275988
3.663102,-25.140623,-24.274229
7.938605,-24.116520,-24.275768
11.881638,-22.631533,-24.280956
14.265164,-17.714187,-28.036732
16.903641,-15.629898,-28.031669
19.384994,-13.378643,-28.029700
21.659664,-11.069863,-28.030018
23.122084,-8.070550,-28.034184
24.161998,-5.085475,-28.037919
26.937344,-2.627537,-28.031582
29.134872,0.581798,-28.026462
31.050236,4.454045,-28.028517
31.411274,8.588858,-28.031483
28.207298,11.773573,-28.027842
26.210290,14.854943,-28.024185
25.199353,19.016811,-28.024075
22.484809,21.894723,-28.028223
18.005605,22.390853,-28.030977
14.352476,22.957739,-28.029816
10.231755,20.699465,-28.028726
7.282777,20.665136,-28.035277
4.306554,21.379807,-28.036263
1.450691,20.797228,-28.026535
-1.564592,20.419639,-28.023315
-4.709544,19.790918,-28.026756
-7.759101,18.406630,-28.028528
-10.880710,16.755723,-28.031692
-14.413677,14.917197,-28.036161
-17.587799,12.221747,-28.026674
-21.358869,8.943250,-28.024139
-23.808624,4.885773,-28.030695
-24.764615,0.115267,-28.035966
-24.495275,-4.812929,-28.036786
-23.107853,-9.592948,-28.035004
-20.967263,-13.913826,-28.030762
-17.409255,-17.326837,-28.027366
-13.023046,-19.711703,-28.032318
-8.641105,-21.227214,-28.032746
-4.217976,-21.943385,-28.027865
-0.055923,-21.881338,-28.034575
3.921098,-21.462877,-28.034808
7.700496,-20.675773,-28.035104
11.045032,-19.499440,-28.037650
12.675628,-14.105096,-31.780566
14.882236,-12.425775,-31.782108
16.970050,-10.611531,-31.785108
18.835421,-8.718322,-31.780299
20.008870,-6.194494,-31.775324
20.932169,-3.803200,-31.777786
24.078022,-1.972486,-31.779665
26.735937,0.849134,-31.777049
28.956599,4.208782,-31.779859
29.715360,8.115829,-31.787358
26.206809,10.811636,-31.784444
24.227287,13.655009,-31.779359
23.561275,17.543639,-31.777504
21.149990,20.277298,-31.777777
16.695959,20.212872,-31.777632
13.347458,20.439515,-31.778509
9.524749,17.780071,-31.778456
7.040171,17.591250,-31.781244
4.581030,18.186648,-31.783427
2.256002,17.684174,-31.781650
-0.348565,17.298055,-31.778403
-2.932948,16.752223,-31.775324
-5.296572,15.613986,-31.780511
-7.869535,14.244433,-31.789323
-11.011873,12.823855,-31.785917
-13.634889,10.554776,-31.776255
-16.751737,7.951252,-31.779169
-18.957234,4.360581,-31.781378
-19.719970,0.475548,-31.780612
-19.396035,-3.629355,-31.780113
-17.974486,-7.410397,-31.776814
-16.123266,-10.984918,-31.778175
-13.410220,-13.951017,-31.782898
-9.941497,-15.968098,-31.783018
-6.246116,-17.238257,-31.781217
-2.563970,-17.787533,-31.782305
1.023290,-17.385746,-31.782266
4.328575,-17.003630,-31.780818
7.337449,-16.442409,-31.779957
10.112813,-15.495386,-31.780040
10.661426,-9.074880,-35.532995
12.161450,-7.944134,-35.532259
13.671202,-6.659120,-35.532925
14.866911,-5.213242,-35.529725
15.489098,-3.501876,-35.529930
16.194622,-1.859766,-35.534020
19.059346,-0.741331,-35.531557
21.496445,1.179786,-35.531457
23.890805,3.885693,-35.532756
24.749357,7.007906,-35.534765
21.470388,8.888351,-35.535767
19.904609,11.098516,-35.529211
19.573912,14.120318,-35.530558
17.717381,16.373991,-35.532852
14.079352,15.843663,-35.527377
11.421432,15.785017,-35.531179
8.484533,13.480341,-35.534698
6.677111,13.172296,-35.532224
4.929912,13.656401,-35.531808
3.282669,13.336215,-35.535915
1.428548,13.029141,-35.535675
-0.419571,12.663489,-35.529986
-2.110280,11.860327,-35.527349
-3.956214,10.897864,-35.531353
-6.522026,10.047970,-35.534340
-8.426327,8.426858,-35.527691
-10.798680,6.474346,-35.527152
-12.334021,3.850072,-35.534339
-12.766662,0.987053,-35.532515
-12.377724,-1.865224,-35.528549
-11.085928,-4.503949,-35.533641
-9.682355,-7.061998,-35.529015
-7.967159,-9.323740,-35.532016
-5.554452,-10.892175,-35.532680
-2.958508,-11.856181,-35.528534
-0.216870,-12.205211,-35.528862
2.533317,-11.509722,-35.532735
4.807181,-11.206870,-35.531838
6.865402,-10.816701,-35.531845
8.843879,-10.105407,-35.533052
5.268450,2.345797,-39.281212
16.271168,-16.923707,35.718788
17.834753,-14.299481,35.718788
18.851677,-11.802288,35.718788
19.482924,-9.181817,35.718788
19.728662,-6.858569,35.718788
19.713959,-4.523106,35.718788
19.511421,-2.557218,35.718788
19.145645,-0.615233,35.718788
18.625144,1.290888,35.718788
17.956448,3.150299,35.718788
17.223881,4.790516,35.718788
16.283644,6.528416,35.718788
15.203225,8.182937,35.718788
13.866944,9.874388,35.718788
12.244951,11.554506,35.718788
10.319694,13.173048,35.718788
8.085844,14.680201,35.718788
5.549340,16.032972,35.718788
2.386154,17.316096,35.718788
-1.413264,18.406407,35.718788
-5.837381,19.183667,35.718788
-11.038886,19.498654,35.718788
-17.134907,19.064381,35.718788
-23.963423,17.479315,35.718788
-31.239637,14.379396,35.718788
-38.305272,9.426795,35.718788
-43.562302,2.456265,35.718788
-44.786792,-5.450583,35.718788
-42.337656,-13.267080,35.718788
-37.544334,-19.780896,35.718788
-31.203591,-24.812794,35.718788
-24.376646,-28.045444,35.718788
-17.395617,-29.779350,35.718788
-10.757857,-30.195792,35.718788
-4.858290,-29.574437,35.718788
0.356328,-28.198578,35.718788
4.830219,-26.328789,35.718788
8.577117,-24.179976,35.718788
11.761967,-21.806796,35.718788
14.681361,-20.258333,32.473466
16.653489,-17.394949,32.477334
18.027243,-14.628015,32.470809
18.975614,-11.920924,32.468020
20.115759,-9.542352,32.466139
20.539862,-7.155850,32.468078
19.793735,-4.594352,32.477313
20.671597,-2.557070,32.473686
21.209773,-0.377390,32.460805
20.264651,1.733360,32.471440
19.582491,3.798890,32.465303
19.376208,6.165658,32.474193
18.396428,8.286696,32.473462
17.118081,10.489483,32.462775
15.538223,12.474371,32.470565
13.449036,14.222356,32.478020
11.029455,15.826057,32.470562
8.388519,17.418336,32.461981
5.310148,18.967665,32.469938
1.713207,20.216666,32.476329
-2.523464,21.242158,32.475965
-7.388224,21.781083,32.473601
-12.827677,21.505302,32.469294
-18.704270,20.387937,32.458803
-25.514797,18.331957,32.458777
-32.172702,14.723086,32.470747
-37.688133,9.137361,32.476913
-41.426776,2.368101,32.467413
-41.947609,-5.303132,32.463915
-39.384100,-12.591068,32.466990
-35.019041,-18.813628,32.468991
-29.343032,-23.629256,32.477412
-23.153779,-27.107461,32.472981
-16.786170,-29.211452,32.466973
-10.659601,-30.009319,32.463801
-4.852293,-29.857503,32.456653
0.162205,-29.029188,32.468185
4.833745,-27.551364,32.475441
8.720397,-25.580822,32.459703
12.056795,-23.055937,32.461226
14.941217,-21.108678,29.216401
16.977066,-18.000107,29.211865
18.399377,-14.997390,29.215995
19.278884,-12.234708,29.219025
20.359315,-9.844140,29.223648
21.512346,-7.529617,29.228885
20.406515,-4.699738,29.214188
21.530034,-2.612220,29.226736
22.555538,-0.264673,29.222608
21.249911,2.027911,29.222170
20.588668,4.131376,29.219450
20.960527,7.086565,29.211040
19.818839,9.553541,29.229035
18.389297,12.115516,29.216872
16.576991,14.194286,29.215448
14.074860,16.062140,29.217319
11.426011,17.707125,29.224198
8.570795,19.366461,29.223852
5.101722,21.039548,29.213289
1.103438,22.388928,29.229390
-3.399596,23.274386,29.225422
-8.354031,23.459878,29.222878
-13.812465,22.782434,29.224891
-19.676398,21.277887,29.215512
-26.490257,18.913044,29.213770
-32.554477,14.922902,29.219877
-37.097822,9.052795,29.222885
-39.979699,2.188544,29.218284
-40.054923,-5.241055,29.211592
-37.471910,-12.197639,29.218363
-33.249428,-18.174218,29.225180
-27.951574,-22.715769,29.209189
-22.150111,-26.297307,29.221099
-16.365468,-28.601665,29.224660
-10.402512,-29.716461,29.209211
-4.894731,-29.855615,29.220376
0.218404,-29.325247,29.224864
4.682477,-28.265384,29.214582
8.740636,-26.530480,29.221205
12.183776,-24.092518,29.224045
15.077866,-21.532732,25.978059
17.114538,-18.394327,25.975113
18.660401,-15.231728,25.971479
19.641149,-12.478641,25.968531
20.783972,-10.124278,25.964165
22.037404,-7.847272,25.962528
21.419436,-5.009269,25.979727
22.557087,-2.720537,25.976844
23.191205,-0.152084,25.971748
21.590830,2.055328,25.968858
20.897228,4.358862,25.967255
21.634313,7.480950,25.964048
20.582500,10.125796,25.963547
19.039410,12.870190,25.972552
17.136951,15.123243,25.961555
14.500052,17.146755,25.966907
11.702359,18.926659,25.968293
8.661550,20.658161,25.957035
4.972259,22.342513,25.959824
0.784950,23.761346,25.968218
-3.950620,24.496489,25.968045
-8.938382,24.445487,25.962035
-14.563573,23.515711,25.962201
-20.391689,21.774290,25.972735
-26.983005,19.222449,25.971369
-32.837834,14.892217,25.964163
-36.750434,8.970012,25.964714
-39.060562,2.067706,25.971627
-38.954131,-5.059421,25.966845
-36.464359,-11.858285,25.962317
-32.283289,-17.685760,25.973582
-26.922810,-22.202548,25.974397
-21.465675,-25.685075,25.965685
-15.902040,-28.114166,25.962026
-10.322104,-29.394588,25.967132
-4.799501,-29.728611,25.970873
0.169129,-29.390450,25.968909
4.694386,-28.520970,25.966361
8.839510,-26.932962,25.972522
12.328036,-24.545354,25.978165
15.120780,-21.343232,22.712813
17.182507,-18.237674,22.719388
18.674146,-15.489518,22.727733
19.992123,-12.669824,22.723872
21.265837,-10.401884,22.725081
22.274233,-7.880475,22.723185
22.597129,-5.320605,22.712739
23.407202,-2.875482,22.727728
22.746573,-0.223198,22.712816
21.222070,1.849268,22.714137
20.490286,4.141752,22.722500
21.196996,7.279267,22.724027
20.536719,10.098605,22.715990
19.008075,12.697291,22.716276
17.119281,15.372768,22.716810
14.757796,17.449615,22.712773
11.901687,19.450904,22.717836
8.718340,21.289735,22.728364
5.004274,22.890493,22.721382
0.619549,24.276547,22.725239
-4.106698,24.960366,22.719426
-9.264656,24.823460,22.711739
-14.691500,23.858833,22.715667
-20.636211,21.962771,22.714744
-26.969901,19.308139,22.711770
-32.820336,14.967281,22.712807
-36.592040,8.998646,22.716355
-38.580984,2.036617,22.715523
-38.386572,-5.103754,22.720705
-36.067867,-11.722921,22.726475
-31.854454,-17.513928,22.719649
-26.449790,-21.952762,22.715220
-21.168594,-25.324064,22.719883
-15.638943,-27.801629,22.724373
-10.096340,-29.172728,22.724581
-4.779383,-29.596876,22.722790
0.183231,-29.369135,22.716001
4.710165,-28.553152,22.709901
8.840232,-26.962148,22.711511
12.410234,-24.397516,22.712095
14.927140,-20.823718,19.464725
17.011171,-18.028926,19.472637
18.743492,-15.459887,19.472070
20.236198,-12.949701,19.462622
21.396231,-10.468178,19.473402
22.648476,-8.049025,19.471878
23.482206,-5.585612,19.471849
22.851791,-2.829328,19.475451
21.112416,-0.438334,19.465958
20.059531,1.687912,19.464078
19.461605,3.624802,19.468826
19.658526,6.392211,19.472431
19.608498,9.334916,19.471058
18.055975,11.680595,19.472302
16.667613,14.439425,19.472416
14.465261,16.893467,19.470641
11.859079,19.178067,19.464427
8.632365,21.243050,19.476102
4.947363,22.850912,19.470501
0.716203,23.974589,19.460563
-3.997976,24.564546,19.466994
-9.109105,24.568578,19.473189
-14.696769,23.661315,19.470118
-20.429077,21.840358,19.471633
-26.631601,19.085227,19.473880
-32.619842,14.937554,19.465820
-36.636021,9.012443,19.461110
-38.466490,2.098940,19.463378
-38.254516,-5.026193,19.468191
-36.069977,-11.801757,19.470065
-31.901392,-17.574126,19.466190
-26.539386,-21.984734,19.462124
-21.105697,-25.354857,19.470318
-15.574191,-27.736772,19.468308
-10.077417,-29.102311,19.465975
-4.803266,-29.587316,19.470986
0.121387,-29.372202,19.465479
4.775564,-28.377880,19.466716
8.751164,-26.557522,19.471101
12.195530,-23.838518,19.466511
14.588120,-20.278920,16.217041
16.794278,-17.908793,16.217336
18.736498,-15.319521,16.221803
19.740621,-12.633444,16.216340
21.411285,-10.414615,16.218706
22.854229,-8.218435,16.223377
22.000808,-5.130117,16.217221
19.870316,-2.496475,16.220136
19.035248,-0.516370,16.222347
18.520172,1.239118,16.220926
17.996666,3.145778,16.215972
17.704664,5.102939,16.214874
17.508768,7.633602,16.221363
16.437374,9.831808,16.219749
15.032398,11.957248,16.216833
13.576408,14.820295,16.221460
11.374030,17.210199,16.216672
8.565979,19.957273,16.217417
5.068106,21.834447,16.218320
0.951279,23.126575,16.212733
-3.500117,23.487373,16.210318
-8.373083,23.341911,16.214958
-13.910144,22.899643,16.221759
-19.807999,21.311362,16.220216
-25.892891,18.649235,16.221686
-32.097241,14.670296,16.223656
-36.763081,8.948032,16.215701
-38.643088,2.057315,16.215670
-38.364968,-4.994632,16.222812
-36.399221,-11.869194,16.224820
-32.436804,-17.664495,16.220784
-27.158401,-22.265387,16.213840
-21.456581,-25.672976,16.221552
-15.808392,-27.989186,16.213464
-10.228238,-29.376572,16.220846
-4.860638,-29.796480,16.224459
0.148195,-29.282004,16.217289
4.767095,-27.822804,16.214035
8.798852,-25.453073,16.216237
12.023261,-22.804832,16.218364
14.345964,-19.696268,12.969691
15.904144,-16.324421,12.966836
17.272727,-13.680440,12.963494
18.952774,-11.784718,12.965916
19.349417,-9.181563,12.971240
18.295644,-6.307394,12.973171
17.699988,-4.174756,12.970330
17.317430,-2.336942,12.966230
17.019073,-0.632823,12.963593
16.758091,0.911882,12.964416
16.452971,2.444276,12.968317
15.948514,4.085871,12.971538
15.180748,5.623644,12.969710
14.220490,7.070834,12.966093
13.073494,8.592918,12.965627
11.750574,10.399500,12.968455
10.310171,12.782809,12.966904
8.230167,15.035726,12.970520
5.348114,17.999289,12.967653
1.541171,20.589942,12.962355
-2.817061,21.849493,12.967706
-7.405851,21.866265,12.968844
-12.377405,20.983116,12.967855
-18.534360,20.126553,12.972161
-24.887351,17.916304,12.965721
-31.136865,14.262683,12.968374
-36.550404,8.906568,12.968571
-38.976285,2.059437,12.959698
-38.553082,-5.127230,12.964342
-36.869695,-11.928206,12.965744
-33.075306,-17.945429,12.961628
-27.980741,-22.839195,12.970846
-22.229368,-26.330853,12.970498
-16.516692,-28.786138,12.964736
-10.624715,-30.063252,12.969836
-4.923766,-29.966430,12.971248
0.287348,-28.778725,12.961924
4.874028,-26.703959,12.959871
8.702405,-24.304252,12.962129
11.721483,-22.034807,12.965464
11.684608,-13.055728,9.720489
12.579504,-10.781245,9.718427
13.247496,-9.107991,9.717538
13.866615,-7.415161,9.718003
14.309201,-6.014934,9.718585
14.635681,-4.758630,9.718669
14.883871,-3.490871,9.717907
15.043429,-2.206899,9.716595
15.107045,-0.898960,9.715528
15.067208,0.440389,9.715507
14.889445,1.780028,9.716735
14.419192,3.159364,9.718484
13.559320,4.271006,9.719337
12.534279,5.069401,9.719139
11.407825,5.800931,9.718333
10.192693,6.678715,9.717055
9.060540,7.841813,9.715653
7.767513,9.526175,9.714745
5.788572,11.752329,9.716682
3.336836,13.360060,9.719425
0.366047,14.307598,9.719053
-4.892525,17.769926,9.716758
-10.811260,19.134751,9.720673
-16.193039,18.174837,9.721598
-22.557123,16.581500,9.720049
-29.971541,13.731450,9.720396
-35.713952,8.757171,9.713010
-39.332060,2.122635,9.726218
-38.688221,-5.130327,9.717319
-37.280770,-12.035108,9.715094
-33.646523,-18.282561,9.723685
-28.937931,-23.454226,9.718976
-23.591328,-27.458941,9.716484
-17.631483,-30.046020,9.721569
-10.966832,-30.583292,9.721220
-4.823375,-29.777177,9.721187
0.478361,-28.045596,9.717702
4.991211,-25.754832,9.717746
8.530232,-22.608647,9.722144
10.528265,-16.950787,9.717003
9.706613,-8.380254,6.469451
10.379477,-7.351200,6.467813
11.011593,-6.301189,6.466211
11.467703,-5.501365,6.465237
11.915234,-4.692106,6.464617
12.432857,-3.736929,6.464522
12.854187,-2.903537,6.464973
13.218836,-2.047073,6.465787
13.526092,-1.006419,6.467024
13.653548,0.092220,6.468379
13.560794,1.219855,6.469648
13.165140,2.414192,6.470732
12.443619,3.358046,6.471144
11.579961,3.953851,6.470904
10.585079,4.422386,6.470264
9.543916,4.853603,6.469388
8.541411,5.337455,6.468441
7.435802,6.170568,6.467375
6.145985,7.720463,6.466425
4.126218,9.831164,6.466534
1.650043,11.132936,6.467808
-1.375327,12.041612,6.468875
-5.446668,12.906390,6.468515
-11.495543,14.142006,6.469646
-19.793365,14.842401,6.466520
-28.081620,12.974070,6.466680
-34.936868,8.596403,6.471428
-39.571632,2.256858,6.466766
-38.580548,-5.118981,6.470956
-37.470012,-12.170944,6.473748
-33.997789,-18.472173,6.468376
-29.673338,-23.903085,6.474014
-24.707762,-28.342879,6.467610
-17.412083,-29.961517,6.468964
-10.750228,-30.179347,6.465927
-4.449806,-28.696690,6.470205
1.553336,-23.670856,6.470139
5.937048,-12.888901,6.469702
7.641876,-10.964984,6.471433
8.786036,-9.633459,6.471028
8.840639,-6.201438,3.222198
9.343584,-5.482208,3.222029
9.786170,-4.891717,3.221741
10.154788,-4.424120,3.221458
10.632801,-3.844446,3.221091
11.123240,-3.266948,3.220745
11.599954,-2.681946,3.220385
12.111271,-1.954493,3.219861
12.557945,-1.046592,3.219009
12.764881,-0.047286,3.217768
12.716157,0.861244,3.216411
12.405348,1.877046,3.214734
11.836369,2.725272,3.213247
11.046679,3.342756,3.212178
10.124274,3.815049,3.211584
9.164455,4.249200,3.211493
8.384213,4.672117,3.211838
7.413481,5.535665,3.213108
6.163739,7.377186,3.216054
4.387582,8.976549,3.217167
2.175242,9.829648,3.215536
-0.930633,11.281502,3.213322
-5.497530,12.996614,3.217792
-11.017776,13.769192,3.219322
-18.552173,14.062844,3.214491
-26.871183,12.459951,3.221557
-33.692848,8.307933,3.217627
-38.863927,2.149223,3.224592
-38.271328,-5.083607,3.215085
-37.269186,-12.063626,3.218060
-34.057870,-18.399331,3.215295
-29.636283,-23.804741,3.217247
-22.348666,-26.432435,3.217420
-15.140518,-27.178345,3.220915
-7.332137,-24.688058,3.211578
-1.447623,-21.427804,3.217836
2.906857,-17.757695,3.217906
5.965275,-12.536235,3.214358
7.410179,-8.712712,3.220038
8.221025,-7.182430,3.221948
9.436868,-7.720721,-0.029718
9.308084,-5.531685,-0.029084
9.548087,-4.693495,-0.030277
9.876110,-4.045819,-0.031444
10.206203,-3.557647,-0.032188
10.583676,-3.093359,-0.032537
11.092329,-2.535375,-0.032352
11.689906,-1.869539,-0.031454
12.258117,-1.049303,-0.029880
12.555012,-0.124919,-0.028224
12.506652,0.897816,-0.026821
12.220723,1.760739,-0.025841
11.648278,2.633906,-0.024956
10.893012,3.319880,-0.024467
10.194406,3.843563,-0.024623
9.338095,4.599626,-0.026084
8.578491,5.830689,-0.030286
7.591114,7.597529,-0.036593
6.054008,8.610652,-0.037649
4.023706,10.233507,-0.034496
0.854329,13.082504,-0.027685
-2.465368,13.805927,-0.027108
-7.563892,15.344839,-0.031427
-12.574013,15.111303,-0.030346
-18.916685,14.300019,-0.031442
-26.263558,12.281996,-0.033916
-32.561352,8.031225,-0.026962
-37.419028,2.019674,-0.030373
-37.624924,-4.992040,-0.038250
-36.586325,-11.876311,-0.035176
-33.557409,-18.162296,-0.026907
-28.908585,-23.451953,-0.035988
-21.929144,-26.031380,-0.027258
-12.585824,-24.284033,-0.032803
-6.165367,-22.672938,-0.028851
-0.598988,-19.514161,-0.026179
3.287789,-16.285281,-0.027664
5.896898,-13.394207,-0.027981
7.648527,-11.480642,-0.026914
9.022237,-10.613932,-0.030188
10.165758,-9.396640,-3.278344
11.006988,-8.400102,-3.278361
12.512254,-8.044641,-3.277999
13.127597,-6.919833,-3.278826
12.090092,-4.690273,-3.279633
11.449667,-3.461811,-3.277617
11.357924,-2.545798,-3.276553
11.692999,-1.944477,-3.278047
12.416363,-1.118244,-3.281486
13.092036,0.028088,-3.283801
13.050553,1.027421,-3.281862
12.663699,2.045499,-3.278409
12.144335,2.998067,-3.275609
11.557895,4.005941,-3.274887
11.005908,5.175899,-3.278108
10.310563,6.963260,-3.286338
9.219757,8.310815,-3.284625
7.879645,11.106674,-3.273984
5.716081,13.243631,-3.280099
3.138168,14.099555,-3.286913
-0.188342,15.571579,-3.283404
-4.035188,16.207441,-3.276997
-7.991729,15.883823,-3.277122
-13.121053,15.579764,-3.282588
-19.455029,14.611669,-3.278293
-25.660727,12.044806,-3.278122
-31.823952,7.870394,-3.283766
-35.743760,1.807923,-3.282175
-36.512198,-4.923400,-3.278482
-35.430337,-11.671175,-3.274538
-32.516671,-17.746128,-3.280449
-27.846983,-22.766098,-3.280281
-21.081189,-25.324382,-3.276749
-13.245796,-25.046398,-3.275602
-6.254206,-22.911841,-3.274030
-0.676557,-19.743481,-3.283190
3.006088,-17.582800,-3.281950
5.780016,-15.382313,-3.281077
7.771208,-13.233094,-3.282821
9.166077,-11.176231,-3.285606
10.986141,-11.367302,-6.536797
11.934159,-9.880013,-6.525713
12.732293,-8.486994,-6.531238
13.341784,-7.124103,-6.527153
14.795415,-6.362545,-6.523901
15.988306,-5.298946,-6.525252
14.826033,-3.434393,-6.522458
13.075688,-1.992923,-6.541262
13.638393,-0.930053,-6.540245
14.263665,0.287650,-6.536244
14.204631,1.455917,-6.535118
13.741720,2.732680,-6.533789
13.429436,4.175060,-6.527792
13.135424,5.755937,-6.527333
12.401244,7.524170,-6.536818
11.441245,9.513418,-6.526420
10.299501,12.589699,-6.526823
8.075337,13.523454,-6.529850
5.569309,14.729783,-6.528859
2.707031,15.882571,-6.529348
-0.468893,16.370779,-6.532358
-4.160662,16.377481,-6.534565
-8.423671,16.468551,-6.531004
-13.686389,16.024413,-6.532463
-19.181750,14.454493,-6.532356
-25.284352,11.816936,-6.527907
-30.547554,7.455262,-6.532629
-33.724322,1.761337,-6.530945
-34.920589,-4.700776,-6.524437
-33.834277,-11.243549,-6.530512
-30.946267,-17.177089,-6.528755
-26.400740,-21.784201,-6.529094
-20.060746,-24.496779,-6.537137
-12.709168,-24.448230,-6.534566
-6.450293,-23.201648,-6.538822
-1.129661,-20.808150,-6.538556
2.827995,-18.271424,-6.533250
5.668801,-16.433749,-6.536056
7.896427,-14.714027,-6.543234
9.599122,-13.079134,-6.544994
11.424745,-12.581796,-9.784423
12.746085,-11.064938,-9.787010
13.766911,-9.675829,-9.786741
14.725863,-8.238319,-9.780895
15.347067,-6.776454,-9.774664
16.639405,-5.552322,-9.773810
17.647214,-4.080324,-9.780396
15.721077,-2.211546,-9.775619
15.444754,-0.828697,-9.773527
15.897535,0.718006,-9.778671
15.739204,2.155434,-9.779008
15.407598,3.691839,-9.776373
15.371004,5.713105,-9.774466
14.630650,7.562068,-9.775664
13.645967,9.647234,-9.788005
12.469791,11.945476,-9.785553
10.323034,13.120664,-9.788508
8.114645,14.173819,-9.786033
5.588066,15.188142,-9.788026
2.663782,15.958004,-9.787073
-0.603410,16.462989,-9.779810
-4.328741,16.746528,-9.780924
-8.644712,16.611774,-9.783423
-13.293723,15.770671,-9.781428
-18.687980,14.120187,-9.779685
-24.378708,11.413741,-9.783011
-28.391018,6.960668,-9.781750
-31.401071,1.559718,-9.777793
-32.819726,-4.646875,-9.778897
-31.704273,-10.793147,-9.785943
-28.944455,-16.287991,-9.787288
-24.333263,-20.658022,-9.784397
-18.685522,-23.283072,-9.787539
-12.136898,-23.636172,-9.781810
-6.112140,-22.599949,-9.782324
-1.319249,-21.110532,-9.787102
2.697117,-18.899095,-9.778942
5.621807,-17.055439,-9.774580
7.907839,-15.564292,-9.776652
9.847496,-14.062710,-9.780662
11.770283,-13.238511,-13.033336
13.192038,-11.931772,-13.032269
14.506771,-10.526446,-13.040270
15.734373,-9.031469,-13.032992
16.658631,-7.508169,-13.026916
17.470226,-5.906455,-13.039786
18.555153,-4.282213,-13.025906
18.336948,-2.432202,-13.039381
17.690510,-0.670077,-13.029200
17.704538,1.155446,-13.033743
17.468445,2.922915,-13.027448
17.386055,4.878052,-13.027594
17.076930,7.129047,-13.034389
15.791570,8.951562,-13.028051
14.392430,10.744718,-13.034042
12.469387,11.890051,-13.033324
10.321685,13.096183,-13.030763
8.128760,13.925738,-13.028095
5.636957,14.714933,-13.034277
2.662569,15.805087,-13.025101
-0.456041,16.263320,-13.023190
-4.059894,16.295045,-13.026047
-8.019927,15.991284,-13.028687
-12.457544,15.049490,-13.035330
-17.689730,13.531027,-13.033524
-22.334068,10.606810,-13.030979
-25.652806,6.329952,-13.035423
-28.659894,1.333011,-13.037711
-30.162719,-4.380308,-13.036567
-29.043827,-10.147981,-13.038247
-26.384514,-15.224663,-13.034652
-21.926896,-19.184631,-13.024021
-16.769517,-21.676691,-13.030031
-10.958633,-22.287191,-13.030326
-5.339860,-21.372729,-13.026215
-1.023430,-20.400369,-13.033302
2.631367,-18.880012,-13.027573
5.631561,-17.164498,-13.022286
7.918300,-15.887802,-13.032268
10.021557,-14.584920,-13.038011
11.912788,-13.621526,-16.279446
13.483882,-12.413840,-16.274571
14.982133,-11.122321,-16.281771
16.333629,-9.687682,-16.285189
17.547572,-8.134182,-16.276471
18.443003,-6.378198,-16.274613
18.421611,-4.326262,-16.286623
20.509211,-2.532622,-16.272631
19.992634,-0.515468,-16.276027
19.441749,1.546743,-16.273600
19.218743,3.580279,-16.282409
19.273641,6.130748,-16.285822
18.206283,8.137664,-16.281778
16.653397,9.880488,-16.279760
14.234536,10.435093,-16.277573
12.247965,11.325112,-16.287625
10.159981,12.464758,-16.293178
7.969674,12.985219,-16.279485
5.654873,13.892998,-16.274446
2.871067,14.963784,-16.290202
0.068060,15.058454,-16.289135
-3.227714,15.060782,-16.282955
-6.987528,14.676459,-16.277875
-11.022097,13.838122,-16.276386
-15.665240,12.333879,-16.277526
-19.408694,9.458858,-16.280150
-22.442995,5.529991,-16.282126
-25.411824,1.108564,-16.281270
-26.868270,-4.167449,-16.280484
-25.776522,-9.293906,-16.282850
-23.184327,-13.951085,-16.282574
-19.087627,-17.339136,-16.278905
-14.370274,-19.631955,-16.281489
-9.229829,-20.302732,-16.284912
-4.157004,-19.447510,-16.283540
-0.364580,-18.817399,-16.279677
2.920430,-17.969034,-16.281496
5.586925,-16.821983,-16.288364
8.012154,-15.773444,-16.292798
10.026542,-14.817479,-16.289689
11.852603,-13.655696,-19.524743
13.627926,-12.473082,-19.523801
15.242198,-11.285620,-19.530012
16.676395,-9.923693,-19.537040
18.011291,-8.417036,-19.539904
18.980983,-6.529984,-19.536824
18.485344,-4.270822,-19.528701
22.247237,-2.726415,-19.538160
21.962320,-0.267262,-19.530901
20.826589,1.886634,-19.527161
20.666403,4.156924,-19.528925
20.676577,6.935628,-19.533725
18.769128,8.610274,-19.527084
16.897179,10.244417,-19.523850
13.448077,9.322586,-19.535420
11.801424,10.372005,-19.533292
9.970956,11.193052,-19.528954
7.851180,11.512652,-19.529095
5.732002,12.518354,-19.524328
3.374920,13.163652,-19.526174
0.821491,13.158375,-19.530341
-2.150807,13.144166,-19.525384
-5.353110,12.747109,-19.525207
-8.936507,11.974577,-19.530813
-12.728815,10.495266,-19.538053
-15.845766,7.950735,-19.541635
-18.638472,4.625683,-19.539212
-21.514624,0.790896,-19.529058
-22.759017,-3.840557,-19.529836
-21.695429,-8.317356,-19.536416
-19.285254,-12.318748,-19.530669
-15.471446,-15.229770,-19.527530
-11.408719,-17.127369,-19.526625
-7.021748,-17.705468,-19.528280
-2.609894,-16.870332,-19.530797
0.610647,-16.442269,-19.528027
3.346149,-16.277967,-19.527077
5.687408,-15.911302,-19.530983
7.882527,-15.405325,-19.532423
9.991740,-14.659533,-19.529437
11.566464,-12.961495,-22.777024
13.245448,-12.003951,-22.773763
14.875634,-10.958599,-22.774292
16.386479,-9.633201,-22.776325
17.766665,-8.195953,-22.775963
18.593375,-6.347997,-22.775522
17.648316,-4.081273,-22.781818
23.225930,-2.842633,-22.778867
23.140550,-0.251042,-22.782485
21.363447,1.980441,-22.777022
21.324539,4.453334,-22.778942
21.164671,7.267276,-22.780774
18.469179,8.399787,-22.784778
16.513092,9.739186,-22.779833
12.526120,7.794114,-22.781780
11.141716,8.709755,-22.782950
9.431497,9.334950,-22.784314
7.711017,9.467344,-22.787052
5.951495,10.201297,-22.784214
3.962033,10.563437,-22.784725
1.886564,10.556091,-22.782707
-0.476884,10.504752,-22.779008
-3.059032,10.142115,-22.785846
-5.952597,9.446039,-22.786244
-8.934910,8.156937,-22.778952
-11.602992,6.111187,-22.776914
-14.098076,3.513629,-22.779747
-16.580030,0.400257,-22.784857
-17.509092,-3.431711,-22.782409
-16.534925,-7.134790,-22.775980
-14.366857,-10.261461,-22.778363
-11.159616,-12.491342,-22.786345
-7.731910,-13.981378,-22.786744
-4.171936,-14.360877,-22.784895
-0.507761,-13.562324,-22.785752
1.972720,-13.336637,-22.786172
3.866849,-13.728747,-22.782348
5.814090,-14.352450,-22.775086
7.837345,-14.357641,-22.776970
9.821287,-13.775554,-22.779920
10.715981,-10.798601,-26.023195
12.097878,-10.128298,-26.026549
13.491931,-9.260479,-26.034423
14.719122,-8.216319,-26.030261
15.870078,-7.059480,-26.027948
16.476918,-5.490659,-26.033419
15.355127,-3.567606,-26.034943
21.990035,-2.733928,-26.032529
22.191347,-0.300707,-26.033984
19.704263,1.580297,-26.034993
19.815780,3.882526,-26.035163
19.637161,6.346684,-26.033043
16.786507,6.928386,-26.033272
14.822118,7.840274,-26.036864
11.197389,5.541613,-26.027450
10.006646,6.125768,-26.032791
8.787640,6.509590,-26.028053
7.504022,6.548078,-26.028771
6.250547,6.752165,-26.030345
4.805187,6.931801,-26.035249
3.347095,6.958726,-26.036301
1.712015,6.858918,-26.033425
0.002513,6.588494,-26.034828
-1.932983,6.060458,-26.034266
-4.016343,5.158062,-26.032368
-6.082309,3.826699,-26.032625
-8.017399,2.107305,-26.033586
-9.734298,-0.174491,-26.033055
-10.314790,-2.827035,-26.029611
-9.509290,-5.444877,-26.028127
-7.598019,-7.513892,-26.031326
-5.232684,-8.939429,-26.033468
-2.866332,-9.824863,-26.032217
-0.256727,-9.846956,-26.032754
2.147634,-9.221678,-26.034955
3.586518,-9.312176,-26.032097
4.804857,-10.119471,-26.029418
6.072986,-11.409857,-26.031220
7.676545,-11.621372,-26.030035
9.173945,-11.331881,-26.026350
7.340244,-0.571497,-29.281212
