17.260687,21.874859,32.385273
13.935079,24.590974,32.385273
10.170879,26.659493,32.385273
6.074627,27.954744,32.385273
1.803919,28.419240,32.385273
-2.475305,28.044210,32.385273
-6.605662,26.869237,32.385273
-10.334304,25.080393,32.385273
-13.631440,22.857592,32.385273
-16.717157,20.106003,32.385273
-19.297156,17.080720,32.385273
-21.339475,13.854749,32.385273
-22.913031,10.204164,32.385273
-23.846074,6.502152,32.385273
-24.217628,2.702953,32.385273
-24.046207,-1.110260,32.385273
-23.355526,-4.864127,32.385273
-22.224938,-8.343278,32.385273
-20.568947,-11.782640,32.385273
-18.434476,-14.947682,32.385273
-15.710716,-17.845499,32.385273
-12.636647,-20.112337,32.385273
-9.183624,-21.739042,32.385273
-5.324196,-22.706579,32.385273
-1.516990,-22.990362,32.385273
2.131883,-22.730672,32.385273
5.870087,-21.959548,32.385273
9.332588,-20.779758,32.385273
12.767380,-19.115993,32.385273
15.961808,-17.027355,32.385273
18.845237,-14.525989,32.385273
21.328629,-11.625998,32.385273
23.386516,-8.223844,32.385273
24.831574,-4.518482,32.385273
25.642910,-0.625420,32.385273
25.805981,3.507502,32.385273
25.276755,7.607183,32.385273
24.147346,11.425040,32.385273
22.389337,15.187395,32.385273
20.485732,18.991002,28.987623
17.515260,22.106451,28.978969
14.096256,24.731284,28.985749
10.309853,26.766339,28.987328
6.062091,28.201371,28.982370
1.802786,28.795903,28.990589
-2.484117,28.467733,28.984865
-6.794833,28.071286,28.983757
-11.046084,26.825854,28.984957
-14.773888,24.609072,28.982898
-18.064393,21.842713,28.983579
-20.652561,18.392383,28.989312
-22.298883,14.420560,28.989178
-23.401518,10.423704,28.989187
-24.181289,6.529354,28.983248
-24.518416,2.736230,28.978970
-24.370712,-1.069417,28.991467
-23.808897,-4.839391,28.985321
-22.745680,-8.662112,28.981527
-21.276141,-12.363658,28.983383
-19.374348,-15.848584,28.978091
-16.647867,-18.966233,28.981221
-13.496857,-21.400814,28.983810
-9.798814,-23.259768,28.983232
-5.800810,-24.346481,28.984178
-1.673221,-24.685385,28.985979
2.293417,-24.417111,28.979900
6.341345,-23.555234,28.981682
10.087078,-22.220933,28.983493
13.631197,-20.424079,28.982114
16.897937,-18.160041,28.989264
19.818381,-15.460880,28.986810
22.365126,-12.199720,28.979698
24.351958,-8.562669,28.980343
25.732649,-4.660999,28.983480
26.427425,-0.578731,28.978879
26.476632,3.564287,28.988428
25.860330,7.652258,28.990038
24.637763,11.622235,28.985397
22.801649,15.547406,28.987999
20.611670,19.105319,25.592132
17.458233,22.183492,25.591404
14.006499,24.657499,25.591170
10.247516,26.600233,25.592546
6.065071,28.038894,25.590099
1.885435,28.721503,25.583069
-2.511188,28.481765,25.581090
-6.941409,28.303647,25.580419
-11.183896,27.284290,25.584607
-15.069878,25.119660,25.587969
-18.585905,22.199175,25.583345
-21.092174,18.767478,25.580053
-22.693778,14.665318,25.584056
-23.711990,10.542926,25.588880
-24.420537,6.709447,25.588760
-24.791466,2.827484,25.583668
-24.712805,-1.071958,25.578346
-24.253409,-4.948625,25.582185
-23.317104,-8.902423,25.581043
-21.985015,-12.758759,25.580980
-20.115772,-16.558228,25.588621
-17.400148,-19.818375,25.580764
-14.072638,-22.460763,25.580196
-10.147949,-24.468282,25.588885
-6.061674,-25.614500,25.588380
-1.837113,-25.997924,25.578607
2.393797,-25.706719,25.587234
6.540033,-24.819213,25.584912
10.533769,-23.391825,25.581019
14.299300,-21.443191,25.585053
17.612853,-19.078007,25.579603
20.658357,-16.124682,25.585408
23.164577,-12.706427,25.584727
25.085931,-8.921789,25.578993
26.387782,-4.887444,25.580449
26.998343,-0.690890,25.581742
26.950641,3.553079,25.582296
26.214460,7.720089,25.582461
24.879871,11.765510,25.584494
23.032783,15.619978,25.588952
20.498917,19.012250,22.185135
17.350263,21.906628,22.191938
13.797933,24.305328,22.181934
9.965415,26.194421,22.181498
5.898980,27.561509,22.191979
1.853871,28.259440,22.188261
-2.418948,28.137862,22.187140
-6.705406,27.820761,22.188098
-10.986540,26.706753,22.190557
-14.767899,24.653552,22.189008
-18.209373,21.836631,22.181230
-20.845911,18.458803,22.178295
-22.665124,14.585662,22.184401
-23.816947,10.639316,22.186999
-24.597139,6.605246,22.183000
-25.011606,2.691373,22.180034
-25.014176,-1.245912,22.181324
-24.653819,-5.169186,22.180873
-23.832511,-9.189267,22.183984
-22.584436,-13.112468,22.190524
-20.754798,-16.978056,22.191342
-17.975882,-20.459184,22.182001
-14.511287,-23.265904,22.181392
-10.558533,-25.313912,22.188658
-6.277059,-26.544858,22.191150
-1.843332,-26.960734,22.186493
2.597037,-26.639170,22.187700
6.779575,-25.727749,22.189035
10.967685,-24.216780,22.188513
14.759161,-22.230589,22.190313
18.218595,-19.708981,22.192101
21.356634,-16.549187,22.180866
23.809747,-13.041965,22.184104
25.653646,-9.175620,22.188677
26.895440,-4.901288,22.182826
27.399583,-0.650163,22.191530
27.229212,3.630420,22.194694
26.360747,7.812448,22.187507
24.903275,11.860553,22.179951
23.026983,15.556281,22.179492
20.161700,18.722938,18.784436
16.923374,21.511162,18.780207
13.455626,23.715408,18.778970
9.747239,25.466855,18.782453
5.841591,26.740807,18.785851
1.801588,27.461306,18.785936
-2.473953,27.447221,18.783434
-6.531650,26.809734,18.783257
-10.440308,25.555315,18.788570
-14.213646,23.542375,18.787967
-17.416126,20.971238,18.779070
-20.126675,17.887704,18.778889
-22.281544,14.388191,18.781090
-23.736960,10.556270,18.781908
-24.601514,6.713182,18.782851
-25.115227,2.815793,18.787300
-25.248519,-1.115216,18.792296
-24.998981,-5.213344,18.782069
-24.304474,-9.256546,18.779335
-23.070478,-13.354560,18.783529
-21.148075,-17.363936,18.778783
-18.299969,-21.004078,18.780024
-14.856482,-23.824920,18.782967
-10.750625,-25.944700,18.784834
-6.472725,-27.170965,18.784693
-1.873923,-27.609819,18.784772
2.562622,-27.296396,18.789765
6.911076,-26.361281,18.782932
11.097529,-24.859971,18.780514
15.037509,-22.796809,18.790406
18.620373,-20.161323,18.790572
21.722570,-16.973363,18.789081
24.236074,-13.302529,18.792255
26.076879,-9.253422,18.789970
27.207495,-4.951146,18.780300
27.621711,-0.694536,18.780380
27.344577,3.575461,18.788598
26.318168,7.894284,18.785846
24.802215,11.730701,18.779941
22.712148,15.501764,18.782266
19.617436,18.251683,15.387844
16.460400,20.820682,15.385496
12.973718,22.924233,15.386465
9.415278,24.523940,15.384364
5.527210,25.721279,15.382374
1.680433,26.385176,15.386228
-2.395954,26.456559,15.379070
-6.186742,25.588363,15.382579
-9.855157,24.217249,15.387226
-13.464706,22.356226,15.383336
-16.570366,19.988012,15.382582
-19.302137,17.204165,15.390796
-21.655722,14.083812,15.380794
-23.418507,10.424739,15.384173
-24.460349,6.657374,15.388416
-25.080982,2.807975,15.379260
-25.346827,-1.253753,15.384621
-25.199721,-5.321264,15.380390
-24.570317,-9.516838,15.377907
-23.361678,-13.580233,15.380988
-21.408166,-17.537907,15.384013
-18.640584,-21.193639,15.392465
-14.989996,-24.231593,15.384874
-10.903010,-26.311460,15.381848
-6.489593,-27.542918,15.390251
-1.927154,-27.963041,15.390307
2.642716,-27.649828,15.382443
7.119681,-26.682523,15.382669
11.266865,-25.179862,15.388033
15.315230,-23.037061,15.386984
18.853642,-20.402765,15.379781
22.014713,-17.088105,15.379720
24.472600,-13.421729,15.380342
26.255011,-9.388330,15.385677
27.312191,-5.103899,15.392206
27.659875,-0.706626,15.385466
27.246321,3.685713,15.389916
26.150101,7.777778,15.387788
24.445819,11.677906,15.382387
22.287460,15.165075,15.385010
18.882609,17.613190,11.982041
15.695156,20.049426,11.977958
12.358751,21.953437,11.980719
8.817206,23.453954,11.985315
5.288868,24.466530,11.986494
1.490150,25.080337,11.984983
-2.192696,25.204791,11.983968
-5.908951,24.302294,11.984658
-9.352919,22.968352,11.984647
-12.796417,21.282432,11.987629
-15.804861,19.164311,11.991612
-18.581732,16.507742,11.986978
-20.902972,13.652615,11.983572
-22.874271,10.162893,11.986710
-24.121532,6.526506,11.987236
-24.859306,2.753109,11.982883
-25.255356,-1.237224,11.984252
-25.217545,-5.245155,11.985288
-24.694179,-9.396113,11.981581
-23.436149,-13.721923,11.981488
-21.472620,-17.605097,11.989743
-18.678407,-21.365629,11.991900
-15.094308,-24.369162,11.984395
-11.059422,-26.408097,11.981711
-6.543891,-27.637829,11.986365
-1.880374,-28.038502,11.986104
2.622895,-27.740549,11.979434
7.036813,-26.806083,11.978860
11.279789,-25.268865,11.982305
15.265501,-23.152573,11.985605
18.881426,-20.452295,11.990854
21.982708,-17.174825,11.989281
24.482597,-13.413773,11.985601
26.268833,-9.271949,11.979490
27.246092,-5.035044,11.978831
27.495751,-0.696177,11.991329
26.974128,3.617358,11.984816
25.795438,7.625741,11.985179
23.981943,11.396915,11.991660
21.672420,14.704400,11.988727
17.981480,16.829722,8.579876
14.937932,19.036825,8.583877
11.644404,20.832631,8.588829
8.303427,22.165190,8.584053
4.994750,23.043966,8.577582
1.436885,23.570102,8.579272
-2.158561,23.714905,8.580829
-5.492296,22.977345,8.586803
-8.877497,21.730743,8.590500
-12.128884,20.218823,8.590684
-15.004755,18.347227,8.590928
-17.784609,15.820915,8.587483
-20.070474,13.050852,8.580530
-22.069345,9.864302,8.584000
-23.509442,6.403155,8.585688
-24.377817,2.743321,8.579875
-24.899613,-1.140513,8.586020
-24.962166,-5.219038,8.589514
-24.490949,-9.446874,8.587052
-23.343468,-13.526588,8.582937
-21.294332,-17.622761,8.579491
-18.591263,-21.318393,8.579447
-15.103662,-24.270359,8.587379
-11.003635,-26.317003,8.589263
-6.417347,-27.498820,8.584978
-1.856153,-27.845114,8.585358
2.707966,-27.544591,8.579184
7.019450,-26.625616,8.577803
11.309745,-25.040051,8.580493
15.187854,-22.940300,8.580625
18.707117,-20.282109,8.580579
21.828602,-16.940362,8.586554
24.245206,-13.248559,8.589194
25.984345,-9.196321,8.587102
26.947951,-4.891497,8.582880
27.091661,-0.645960,8.578367
26.470298,3.553437,8.583946
25.160914,7.597859,8.591450
23.223489,11.188043,8.590881
20.755187,14.253986,8.584028
16.939780,15.924712,5.181429
13.939745,17.984717,5.189966
11.003559,19.518052,5.191515
7.747541,20.750525,5.184557
4.683140,21.499942,5.179873
1.389658,21.927726,5.181231
-1.929701,22.077585,5.182348
-5.179851,21.469845,5.189224
-8.336100,20.408629,5.187033
-11.360162,19.058193,5.182287
-14.176800,17.299179,5.183303
-16.817509,15.037516,5.179745
-19.076982,12.399293,5.184058
-21.024414,9.510912,5.181984
-22.586885,6.238579,5.183281
-23.588619,2.739029,5.192504
-24.230841,-1.158314,5.186892
-24.374633,-5.103726,5.182772
-23.985489,-9.199901,5.180322
-22.904373,-13.321457,5.181581
-21.011745,-17.327847,5.187639
-18.449174,-20.943524,5.186346
-14.980530,-23.934487,5.181670
-10.866703,-25.973541,5.180512
-6.417630,-27.076105,5.182148
-1.844458,-27.390337,5.184511
2.573017,-27.105021,5.191804
6.897479,-26.178419,5.188692
11.039484,-24.616563,5.179683
14.913549,-22.478170,5.179218
18.415866,-19.773038,5.185556
21.303886,-16.630420,5.182518
23.705377,-12.913771,5.183487
25.395396,-8.991756,5.190470
26.342757,-4.832100,5.192146
26.396231,-0.563005,5.185635
25.684420,3.482137,5.181385
24.322176,7.368664,5.181863
22.317323,10.757598,5.181651
19.757902,13.570462,5.179447
15.786842,14.924424,1.786956
13.000471,16.749095,1.779670
10.171142,18.173615,1.783926
7.179105,19.247484,1.788357
4.232579,19.899867,1.787698
1.224176,20.220359,1.790844
-1.798734,20.323385,1.789205
-4.778911,19.862659,1.781379
-7.690030,19.013750,1.780050
-10.464403,17.832102,1.784267
-13.177598,16.176981,1.784825
-15.669740,14.211137,1.783471
-17.914224,11.762575,1.789057
-19.841982,9.045213,1.791931
-21.437913,5.963344,1.788453
-22.529668,2.658591,1.782514
-23.246855,-1.051159,1.778762
-23.475405,-4.822480,1.787401
-23.155967,-8.892759,1.784939
-22.215724,-12.864073,1.780626
-20.480262,-16.892755,1.790640
-17.972342,-20.495556,1.788662
-14.658952,-23.369070,1.790421
-10.588122,-25.379130,1.790959
-6.172508,-26.421352,1.783442
-1.795256,-26.676832,1.780290
2.578507,-26.356430,1.790402
6.704959,-25.424686,1.787814
10.786422,-23.819494,1.782302
14.457515,-21.712893,1.787814
17.766674,-19.072996,1.789684
20.584127,-15.911538,1.780457
22.750494,-12.456161,1.783273
24.432270,-8.562821,1.789192
25.352383,-4.591467,1.782560
25.312855,-0.506273,1.779674
24.546687,3.348031,1.787817
23.165007,7.039059,1.787886
21.146124,10.212656,1.784559
18.577749,12.783972,1.787449
14.554006,13.855823,-1.608357
11.902132,15.536298,-1.611924
9.340107,16.773587,-1.611399
6.637983,17.691241,-1.613449
3.847316,18.252847,-1.618604
1.147638,18.475190,-1.617570
-1.559927,18.507065,-1.615062
-4.387940,18.182435,-1.616578
-7.026868,17.548276,-1.611201
-9.657876,16.472422,-1.610088
-12.109019,15.008379,-1.617939
-14.534716,13.257000,-1.613290
-16.733867,11.026397,-1.610543
-18.585229,8.491350,-1.607583
-20.144261,5.610295,-1.611665
-21.279959,2.534404,-1.618919
-22.032669,-0.948046,-1.611710
-22.311236,-4.500865,-1.612346
-22.074859,-8.339866,-1.619956
-21.257658,-12.249610,-1.618423
-19.692604,-16.228412,-1.608062
-17.366364,-19.651567,-1.611782
-14.042027,-22.569801,-1.615814
-10.210290,-24.470470,-1.619442
-6.047200,-25.466178,-1.620119
-1.777860,-25.708308,-1.614028
2.479969,-25.309078,-1.617104
6.488598,-24.304733,-1.620201
10.301341,-22.706655,-1.620979
13.713783,-20.637206,-1.618583
16.771051,-18.071643,-1.611631
19.359913,-15.030610,-1.614139
21.388066,-11.601136,-1.618734
22.879039,-8.041136,-1.616310
23.767873,-4.304862,-1.613115
23.675816,-0.453991,-1.618869
22.889910,3.169045,-1.619052
21.519404,6.619973,-1.619045
19.555558,9.575876,-1.617355
17.094521,11.960937,-1.611159
13.273345,12.747099,-5.018788
10.924749,14.229506,-5.014540
8.535258,15.352766,-5.018546
6.020330,16.168000,-5.015057
3.554415,16.636397,-5.007707
1.048651,16.788165,-5.010279
-1.459009,16.687562,-5.007975
-3.961180,16.481942,-5.018151
-6.426714,16.003317,-5.019006
-8.771595,15.113883,-5.012565
-11.090933,13.840875,-5.010943
-13.400551,12.304346,-5.009028
-15.516113,10.310958,-5.014107
-17.258042,7.983462,-5.013056
-18.742545,5.328367,-5.014575
-19.922504,2.386839,-5.018639
-20.658942,-0.834622,-5.009418
-20.952408,-4.259263,-5.015894
-20.763200,-7.819681,-5.014264
-20.059825,-11.457536,-5.009339
-18.680577,-15.173756,-5.019825
-16.407213,-18.586245,-5.021216
-13.357844,-21.334277,-5.015033
-9.722911,-23.219552,-5.011567
-5.744099,-24.228163,-5.011893
-1.653267,-24.458601,-5.011121
2.278104,-23.951936,-5.010635
6.090670,-22.853999,-5.008683
9.580500,-21.272777,-5.010718
12.787610,-19.172870,-5.014389
15.608654,-16.578056,-5.009912
17.790580,-13.752251,-5.008977
19.545824,-10.498415,-5.015261
20.792958,-7.148707,-5.019674
21.484433,-3.786582,-5.017345
21.400756,-0.217194,-5.014800
20.676740,3.008620,-5.012668
19.397230,6.056120,-5.016279
17.654789,8.705082,-5.021646
15.557934,10.918814,-5.022186
11.998290,11.645328,-8.418828
9.865413,13.009199,-8.418537
7.668856,14.015373,-8.420468
5.367055,14.724271,-8.414899
3.106598,15.137402,-8.411463
0.940317,15.222808,-8.417509
-1.332463,14.925536,-8.412228
-3.502356,14.815055,-8.416935
-5.759827,14.465326,-8.419959
-7.946035,13.752503,-8.414971
-10.146335,12.769845,-8.412502
-12.389514,11.349498,-8.418805
-14.286412,9.665280,-8.419593
-15.982574,7.475300,-8.419642
-17.362596,5.060269,-8.421757
-18.524629,2.281441,-8.419340
-19.202796,-0.659441,-8.412008
-19.470606,-3.786605,-8.419461
-19.294478,-7.158288,-8.416670
-18.616086,-10.594948,-8.411291
-17.277984,-14.087163,-8.419113
-15.192999,-17.196622,-8.410961
-12.439638,-19.739932,-8.414543
-9.056455,-21.592004,-8.418952
-5.326768,-22.634512,-8.414442
-1.592763,-22.874601,-8.413574
2.086764,-22.227469,-8.415849
5.636023,-21.020127,-8.414314
8.873876,-19.411060,-8.411388
11.716447,-17.367009,-8.413784
14.081793,-14.952879,-8.418810
15.995686,-12.170321,-8.412846
17.421364,-9.236868,-8.407718
18.352384,-6.244710,-8.410581
18.806780,-3.138189,-8.414319
18.798393,-0.120188,-8.412919
18.170151,2.830155,-8.416357
17.011455,5.480765,-8.413185
15.533983,7.842390,-8.409060
13.860493,9.927065,-8.413876
10.759384,10.576734,-11.812837
8.863498,11.835279,-11.811404
6.876894,12.739163,-11.817687
4.911296,13.339041,-11.814631
2.874497,13.747750,-11.809955
0.821234,13.829878,-11.816798
-1.085033,13.378206,-11.810486
-3.146249,13.297435,-11.811918
-5.072700,13.033825,-11.816053
-7.190090,12.486758,-11.815996
-9.345910,11.775719,-11.814565
-11.290198,10.569079,-11.816085
-13.191430,8.939275,-11.817295
-14.756658,6.998959,-11.816868
-16.073272,4.738310,-11.815953
-17.105604,2.229020,-11.814772
-17.713722,-0.532383,-11.813851
-17.911491,-3.461257,-11.817692
-17.684258,-6.495819,-11.821027
-16.979068,-9.569874,-11.818643
-15.666384,-12.673648,-11.814043
-13.753850,-15.450313,-11.816133
-11.292867,-17.761768,-11.817432
-8.288600,-19.501524,-11.817170
-4.957672,-20.554711,-11.814587
-1.489311,-20.846003,-11.811262
1.894501,-20.087406,-11.818131
5.049242,-18.860329,-11.818296
7.926919,-17.343802,-11.817556
10.431345,-15.424119,-11.819674
12.477699,-13.169028,-11.812428
14.088346,-10.591033,-11.809939
15.243214,-8.002517,-11.810531
15.959993,-5.278280,-11.810853
16.214790,-2.568800,-11.811545
16.257917,0.041051,-11.811262
15.770131,2.603013,-11.809720
14.761279,4.883906,-11.811967
13.543214,6.959557,-11.815499
12.279346,8.894439,-11.815267
9.553351,9.537267,-15.215747
7.899322,10.685401,-15.220956
6.144070,11.504698,-15.214819
4.315714,12.072043,-15.207581
2.513022,12.461750,-15.211585
0.699607,12.560896,-15.218660
-0.988585,12.152259,-15.220019
-2.815767,12.077537,-15.216623
-4.614152,11.808746,-15.215104
-6.507434,11.394692,-15.217485
-8.531604,10.829076,-15.218520
-10.334432,9.697647,-15.215716
-12.027687,8.265153,-15.217456
-13.518708,6.505793,-15.212246
-14.745325,4.428199,-15.207144
-15.619284,2.186168,-15.210727
-16.134209,-0.363617,-15.215472
-16.244227,-2.961398,-15.212574
-15.943195,-5.741376,-15.212555
-15.165776,-8.420799,-15.218623
-13.868769,-11.006380,-15.220756
-12.113882,-13.423979,-15.212592
-9.895478,-15.424843,-15.212054
-7.208960,-16.928241,-15.216179
-4.256135,-17.855093,-15.219088
-1.279589,-18.110807,-15.219572
1.715529,-17.427783,-15.211332
4.422122,-16.377266,-15.214552
6.977394,-15.043631,-15.216731
9.113632,-13.393185,-15.208902
10.895700,-11.367148,-15.210383
12.295669,-9.066599,-15.218220
13.301531,-6.762989,-15.221002
13.856607,-4.430702,-15.220290
13.995037,-2.022927,-15.222248
14.044851,0.192954,-15.222760
13.679508,2.377014,-15.214922
12.805981,4.405649,-15.215609
11.815297,6.184685,-15.221359
10.801645,7.971772,-15.218089
8.380039,8.524855,-18.613119
6.966607,9.552589,-18.620199
5.456986,10.282617,-18.619764
3.877259,10.808301,-18.614769
2.245280,11.181187,-18.615842
0.673166,11.365660,-18.619750
-0.910719,11.277370,-18.613739
-2.579380,11.168723,-18.614359
-4.215024,10.865123,-18.617915
-5.926253,10.449855,-18.616327
-7.656581,9.861693,-18.612431
-9.288358,8.838859,-18.611351
-10.822905,7.548708,-18.609041
-12.191728,5.973683,-18.614370
-13.294163,4.102018,-18.615254
-14.033953,2.059438,-18.611538
-14.423325,-0.161990,-18.615398
-14.428981,-2.582208,-18.611845
-14.058310,-4.898440,-18.609894
-13.176386,-7.233935,-18.613529
-11.890853,-9.294283,-18.614353
-10.305379,-11.237530,-18.608698
-8.252697,-12.806038,-18.615262
-5.949848,-13.816414,-18.621968
-3.498536,-14.318588,-18.617215
-0.993353,-14.384430,-18.610220
1.426139,-14.222583,-18.615852
3.779326,-13.669829,-18.614249
5.912167,-12.698956,-18.609198
7.818906,-11.345637,-18.609683
9.419818,-9.639861,-18.607491
10.667550,-7.766226,-18.615152
11.620211,-5.801687,-18.618250
12.127130,-3.704330,-18.615172
12.167003,-1.612147,-18.615755
12.211091,0.309849,-18.612815
11.925911,2.206231,-18.615153
11.203833,3.982514,-18.613084
10.369896,5.535507,-18.606656
9.501486,7.087940,-18.607031
7.278977,7.478518,-22.010294
6.040281,8.430280,-22.011624
4.704226,9.102408,-22.008433
3.362384,9.576209,-22.010773
1.977534,9.892982,-22.018243
0.577905,10.156595,-22.018019
-0.884739,10.460796,-22.015989
-2.364436,10.306008,-22.021042
-3.830611,9.982100,-22.023444
-5.312408,9.499721,-22.015726
-6.724815,8.817117,-22.011667
-8.171419,7.912918,-22.018977
-9.528468,6.763831,-22.013354
-10.697076,5.419576,-22.009118
-11.660982,3.760373,-22.011417
-12.273008,1.936428,-22.013959
-12.549782,-0.036301,-22.012584
-12.460646,-2.024751,-22.011552
-12.010487,-4.048658,-22.011192
-11.118394,-5.895821,-22.016102
-9.856404,-7.539381,-22.020627
-8.436727,-9.040516,-22.013865
-6.679408,-10.104612,-22.017228
-4.686966,-10.691989,-22.022397
-2.698745,-10.786782,-22.019788
-0.781609,-10.657381,-22.014818
1.109956,-10.996464,-22.014045
3.077676,-10.981287,-22.017944
4.908982,-10.318853,-22.019212
6.606805,-9.287905,-22.016252
8.003303,-7.968052,-22.017084
9.141254,-6.513061,-22.013632
10.072566,-4.898379,-22.015110
10.562466,-3.057990,-22.015458
10.527145,-1.274028,-22.006935
10.557663,0.435250,-22.015555
10.348076,2.054228,-22.015651
9.774237,3.585988,-22.013707
9.038487,4.973339,-22.016689
8.221164,6.326020,-22.013531
6.128984,6.495649,-25.410304
5.107603,7.302038,-25.408713
4.009899,7.879083,-25.409578
2.845416,8.315808,-25.416113
1.695028,8.582897,-25.422264
0.490644,8.885403,-25.418719
-0.757991,9.430220,-25.415858
-2.088287,9.247092,-25.422060
-3.375562,8.943475,-25.414333
-4.596550,8.403846,-25.415482
-5.748390,7.658293,-25.418583
-6.951375,6.913529,-25.410108
-8.064526,5.940252,-25.421387
-9.036066,4.746316,-25.418011
-9.809783,3.349746,-25.407970
-10.293020,1.827268,-25.410107
-10.458195,0.178989,-25.419485
-10.304999,-1.468903,-25.419713
-9.826844,-3.124126,-25.411909
-9.004439,-4.549864,-25.409798
-7.903078,-5.796718,-25.414381
-6.682524,-6.919539,-25.414901
-5.203712,-7.646072,-25.418474
-3.632544,-7.979159,-25.415572
-2.032090,-7.951599,-25.409672
-0.616157,-7.804222,-25.413142
0.847131,-8.232738,-25.418380
2.407149,-8.464761,-25.416942
3.920380,-8.068722,-25.415037
5.342991,-7.353778,-25.418009
6.583268,-6.348995,-25.413725
7.620722,-5.218552,-25.414530
8.496264,-3.935397,-25.412781
8.973663,-2.429681,-25.408440
8.914772,-0.887670,-25.416402
8.939928,0.533703,-25.423103
8.792346,1.940256,-25.412299
8.352490,3.228948,-25.410433
7.720904,4.435346,-25.422100
6.993733,5.522145,-25.418601
4.917317,5.460225,-28.811563
4.114078,6.097637,-28.819941
3.261331,6.567576,-28.819782
2.308849,6.947677,-28.813445
1.359031,7.174472,-28.812920
0.424240,7.450397,-28.816660
-0.626439,8.047437,-28.817853
-1.714062,7.864744,-28.809147
-2.776658,7.601007,-28.814294
-3.760276,7.041716,-28.813827
-4.615653,6.381194,-28.811351
-5.592751,5.754822,-28.818633
-6.445794,4.962322,-28.821841
-7.121505,3.962011,-28.821269
-7.663914,2.875055,-28.813759
-8.039868,1.633683,-28.809845
-8.105080,0.375946,-28.815565
-7.927476,-0.868228,-28.815425
-7.482417,-2.093709,-28.813618
-6.816364,-3.155815,-28.811482
-5.976835,-4.094569,-28.809375
-5.009106,-4.898374,-28.808875
-3.856519,-5.387699,-28.807122
-2.659618,-5.580318,-28.813182
-1.491643,-5.520001,-28.817685
-0.421561,-5.399812,-28.809238
0.611377,-5.774197,-28.809069
1.810645,-6.087446,-28.812804
2.974664,-5.854893,-28.814435
4.087912,-5.388715,-28.817181
5.075284,-4.694531,-28.810035
5.988291,-3.832827,-28.810683
6.741777,-2.874482,-28.815159
7.191593,-1.759644,-28.812231
7.208103,-0.502875,-28.811499
7.229674,0.663120,-28.819334
7.136634,1.770649,-28.815844
6.820051,2.844462,-28.812747
6.318313,3.840039,-28.818504
5.676310,4.696796,-28.814170
3.474329,4.188782,-32.220140
2.932198,4.629768,-32.214806
2.309206,4.995409,-32.214499
1.634479,5.271680,-32.220275
0.960197,5.440976,-32.218105
0.283129,5.704540,-32.210953
-0.464841,6.138401,-32.212840
-1.242411,5.954954,-32.212982
-1.989653,5.763556,-32.215648
-2.628254,5.281354,-32.212121
-3.209846,4.788656,-32.208614
-3.871352,4.348367,-32.209385
-4.422147,3.743441,-32.212682
-4.721665,3.013292,-32.217477
-5.054627,2.256238,-32.214659
-5.272923,1.474397,-32.214794
-5.261997,0.644823,-32.219983
-5.096348,-0.160049,-32.219411
-4.751022,-0.901291,-32.216581
-4.327918,-1.611183,-32.216194
-3.847474,-2.234782,-32.218620
-3.184231,-2.723955,-32.218953
-2.440167,-2.994909,-32.211697
-1.690506,-3.091982,-32.213336
-0.928652,-3.032074,-32.221208
-0.260737,-2.928741,-32.218401
0.395329,-3.176141,-32.218613
1.176904,-3.498730,-32.217281
1.945585,-3.399402,-32.209350
2.696637,-3.147861,-32.208085
3.364560,-2.737108,-32.214873
4.005499,-2.216268,-32.218558
4.595402,-1.601068,-32.214697
4.986399,-0.876558,-32.213101
5.137598,-0.038729,-32.218120
5.174521,0.785081,-32.219099
5.119183,1.601402,-32.213869
4.940084,2.374628,-32.211016
4.591786,3.114265,-32.215352
4.065553,3.695453,-32.219995
0.222534,1.486515,-35.614727
10.522944,12.048356,32.385273
8.932503,14.096993,32.385273
6.845007,15.791192,32.385273
4.423648,16.963158,32.385273
1.729277,17.668071,32.385273
-1.038469,17.970553,32.385273
-3.918105,17.946545,32.385273
-6.971582,17.602756,32.385273
-10.053723,16.871027,32.385273
-13.054575,15.571677,32.385273
-15.621616,13.551226,32.385273
-17.389804,10.801260,32.385273
-18.324516,7.568466,32.385273
-18.504523,4.403169,32.385273
-18.115252,1.257822,32.385273
-17.276732,-1.598846,32.385273
-16.044125,-4.202910,32.385273
-14.517949,-6.418139,32.385273
-12.627729,-8.330784,32.385273
-10.577492,-9.758058,32.385273
-8.395111,-10.761281,32.385273
-6.166140,-11.350091,32.385273
-4.061743,-11.547008,32.385273
-1.953643,-11.405095,32.385273
-0.077255,-10.992466,32.385273
1.553322,-10.419187,32.385273
3.117128,-9.683375,32.385273
4.444613,-8.910290,32.385273
5.707152,-8.035551,32.385273
6.898505,-7.065967,32.385273
7.943285,-6.074875,32.385273
8.969906,-4.932383,32.385273
9.891024,-3.703100,32.385273
10.780092,-2.221250,32.385273
11.497926,-0.649235,32.385273
12.056974,1.087308,32.385273
12.425681,3.069009,32.385273
12.520804,5.179855,32.385273
12.291317,7.387092,32.385273
11.784470,9.837738,29.386135
10.557262,11.992013,29.384949
8.920061,13.999923,29.380994
6.711883,15.472475,29.382888
4.386971,16.769196,29.386533
1.835172,18.905192,29.379068
-1.180379,19.436366,29.384713
-4.221111,19.188073,29.385538
-7.380504,18.634823,29.389948
-10.003514,16.939075,29.388505
-12.009623,14.436279,29.379805
-14.151054,12.266803,29.382094
-15.562434,9.679396,29.389479
-16.256012,6.792983,29.388166
-16.575143,3.948829,29.385001
-16.523678,1.192207,29.383704
-15.964783,-1.427156,29.382099
-15.005122,-3.922324,29.387993
-13.536825,-6.026483,29.390316
-11.826553,-7.838195,29.391235
-10.093094,-9.325302,29.388893
-8.139368,-10.520585,29.383276
-6.198847,-11.323475,29.389358
-4.153922,-11.789355,29.388797
-2.057851,-11.907057,29.382149
-0.158902,-11.719409,29.380814
1.596698,-11.257571,29.380415
3.233158,-10.492474,29.379876
4.722883,-9.630272,29.381762
6.178600,-8.722895,29.386428
7.387142,-7.648129,29.388063
8.558511,-6.522368,29.390234
9.700837,-5.374176,29.388790
10.710210,-3.984352,29.379942
11.490613,-2.458813,29.380446
12.373941,-0.759550,29.382792
12.964726,1.231866,29.383586
13.114262,3.245343,29.384216
13.069285,5.430818,29.384195
12.611745,7.681596,29.385264
11.826901,9.926364,26.388431
10.508231,11.908721,26.385186
8.775709,13.829165,26.381563
6.646832,15.085932,26.381699
4.313445,16.307159,26.381445
1.827347,18.940637,26.379681
-1.159536,19.619397,26.381918
-4.277804,19.270863,26.389622
-7.330521,18.531499,26.389037
-9.721938,16.357160,26.383020
-11.147350,13.458349,26.383492
-12.864837,11.295065,26.387123
-14.085141,8.828919,26.383801
-14.695255,6.125049,26.383606
-15.087002,3.582674,26.387909
-15.221896,1.120035,26.384907
-14.874427,-1.342762,26.380734
-14.154055,-3.715394,26.389623
-12.892652,-5.720115,26.385880
-11.423983,-7.491175,26.385192
-9.858098,-9.148714,26.391198
-8.131845,-10.499770,26.387907
-6.302668,-11.526755,26.385366
-4.327311,-12.223458,26.381097
-2.258384,-12.566434,26.381191
-0.257015,-12.561947,26.386500
1.712895,-12.188574,26.382341
3.544588,-11.405207,26.380898
5.149519,-10.552135,26.384574
6.717272,-9.653328,26.386603
8.070592,-8.459862,26.382412
9.385081,-7.207647,26.381831
10.646389,-5.913812,26.386221
11.648462,-4.404217,26.389110
12.424881,-2.668139,26.388792
13.313045,-0.760045,26.381485
13.726487,1.270524,26.387296
13.717777,3.386548,26.390444
13.507212,5.556889,26.382517
12.868437,7.759042,26.384189
11.866098,9.876152,23.386462
10.368049,11.803929,23.379851
8.605217,13.512214,23.384331
6.462234,14.666271,23.388254
4.174785,15.715445,23.381316
1.720539,17.758806,23.380927
-1.047973,18.323128,23.386537
-3.940619,18.027868,23.385717
-6.817298,17.231521,23.387784
-8.976553,15.210770,23.386217
-10.329130,12.451039,23.380114
-11.781303,10.376546,23.382081
-12.841518,8.078783,23.383487
-13.463636,5.616355,23.385352
-13.927348,3.313509,23.385282
-14.168550,0.986840,23.386769
-14.004719,-1.270457,23.391189
-13.484918,-3.561782,23.390818
-12.449197,-5.552280,23.387108
-11.173353,-7.425639,23.385421
-9.853959,-9.129130,23.386749
-8.297879,-10.629156,23.388224
-6.527226,-11.870564,23.389544
-4.476947,-12.804834,23.387934
-2.376601,-13.317336,23.388970
-0.313150,-13.448320,23.391133
1.833794,-13.171007,23.382762
3.771851,-12.477813,23.386779
5.647839,-11.590265,23.390650
7.375501,-10.647451,23.382952
8.876577,-9.375493,23.385410
10.306404,-8.006156,23.390894
11.625457,-6.545514,23.388690
12.686462,-4.770350,23.380367
13.436160,-2.847784,23.380891
14.150928,-0.801374,23.389598
14.403567,1.327767,23.385954
14.251184,3.497237,23.382799
13.844571,5.707014,23.389659
13.003646,7.907706,23.390836
11.764733,9.900727,20.385519
10.211842,11.595955,20.388417
8.352616,13.105387,20.389545
6.235182,14.189920,20.388076
3.972278,14.980220,20.386442
1.612451,15.731559,20.386284
-0.861815,15.865580,20.382740
-3.348339,15.730570,20.387962
-5.825728,15.036715,20.389157
-7.901729,13.530707,20.382125
-9.465977,11.590136,20.379452
-10.812882,9.510052,20.384559
-11.780160,7.426107,20.387014
-12.483794,5.240434,20.383131
-13.022326,3.099469,20.380114
-13.329915,0.920970,20.381858
-13.317693,-1.197967,20.386322
-12.997936,-3.381216,20.390751
-12.218713,-5.438145,20.390708
-11.188982,-7.398010,20.386055
-9.995928,-9.248014,20.382832
-8.535594,-10.902772,20.386402
-6.751665,-12.354147,20.390479
-4.810842,-13.402094,20.384935
-2.614445,-14.083793,20.378220
-0.329161,-14.332729,20.382558
1.872437,-14.152652,20.388057
4.081367,-13.538186,20.386192
6.124364,-12.689552,20.384710
7.988383,-11.698265,20.388780
9.716450,-10.333186,20.387288
11.238335,-8.856367,20.380817
12.621176,-7.143877,20.381914
13.658338,-5.194854,20.390366
14.373017,-3.109751,20.385439
14.897100,-0.868231,20.382669
14.997967,1.327320,20.381503
14.703544,3.613179,20.379113
14.102742,5.827549,20.378853
13.121900,7.913639,20.381541
11.702140,9.747268,17.391983
9.956203,11.358938,17.387337
8.061098,12.594584,17.381311
5.994870,13.615422,17.383485
3.805766,14.102311,17.388466
1.465376,13.649458,17.387264
-0.605604,13.347412,17.387322
-2.721838,13.305653,17.389502
-4.838974,12.616596,17.384363
-6.819390,11.817487,17.381557
-8.721493,10.732179,17.384525
-9.862004,8.804064,17.382240
-10.895374,6.887437,17.380103
-11.716243,4.963760,17.383962
-12.309820,2.952674,17.388317
-12.670167,0.890877,17.389946
-12.787525,-1.200928,17.386284
-12.630517,-3.289728,17.379834
-12.139166,-5.418963,17.384590
-11.352322,-7.459869,17.389948
-10.245247,-9.448976,17.389860
-8.844102,-11.244615,17.389505
-7.087845,-12.835956,17.391674
-5.054056,-14.050286,17.389725
-2.725626,-14.847188,17.387235
-0.376625,-15.157335,17.387408
1.989612,-15.046927,17.380673
4.308253,-14.565334,17.383812
6.537123,-13.762763,17.390160
8.632878,-12.661205,17.385594
10.534582,-11.250561,17.380892
12.202983,-9.567277,17.379844
13.568995,-7.634456,17.382063
14.579342,-5.491584,17.386521
15.235487,-3.216456,17.390318
15.535820,-0.958908,17.387010
15.482568,1.407884,17.386992
15.053122,3.736867,17.386604
14.288826,5.881832,17.382140
13.126751,7.953247,17.386831
11.500178,9.606783,14.384172
9.681853,11.006254,14.385201
7.756377,12.001688,14.391084
5.697223,12.894563,14.388600
3.614679,13.200568,14.379779
1.360489,12.101528,14.385507
-0.510142,11.683237,14.388845
-2.348514,11.577058,14.385102
-4.035275,10.913490,14.386179
-6.035804,10.615394,14.386944
-7.970342,9.862770,14.384780
-9.096936,8.061541,14.382906
-10.165085,6.501942,14.380090
-11.126212,4.734635,14.384325
-11.744972,2.824678,14.389501
-12.154204,0.853753,14.387028
-12.388877,-1.137221,14.381842
-12.381667,-3.237899,14.383565
-12.197537,-5.425993,14.385173
-11.594998,-7.619916,14.385420
-10.522572,-9.747944,14.385068
-9.133880,-11.672490,14.385561
-7.350112,-13.377359,14.388239
-5.255244,-14.682807,14.385401
-2.933138,-15.518360,14.380187
-0.400152,-15.880096,14.380957
2.062574,-15.813749,14.385936
4.508562,-15.452272,14.386862
6.944332,-14.698936,14.382945
9.127969,-13.546749,14.379997
11.225703,-12.076879,14.379650
12.986994,-10.231151,14.379332
14.308721,-8.143779,14.379977
15.312798,-5.792309,14.383825
15.901123,-3.396843,14.389553
16.035442,-0.938030,14.393270
15.836733,1.434058,14.388248
15.308217,3.744142,14.384319
14.359649,5.923331,14.390044
13.054810,7.918954,14.388483
11.199251,9.381843,11.383979
9.341369,10.564371,11.385897
7.320003,11.349547,11.384299
5.379737,12.036628,11.381259
3.391760,12.251490,11.382662
1.282918,11.061055,11.380128
-0.417267,10.715919,11.385028
-2.046214,10.473494,11.389033
-3.569362,9.830978,11.380821
-5.594400,9.831991,11.382463
-7.239034,8.997037,11.381277
-8.424548,7.498896,11.379147
-9.615053,6.144732,11.384898
-10.663202,4.536403,11.388273
-11.283510,2.725503,11.385479
-11.745896,0.853608,11.380397
-12.096875,-1.115646,11.382040
-12.227918,-3.213228,11.390971
-12.331618,-5.500971,11.385724
-11.872401,-7.811464,11.382751
-10.855495,-9.980974,11.387327
-9.472932,-12.017349,11.390642
-7.654024,-13.816112,11.387332
-5.494220,-15.194292,11.383347
-3.090419,-16.069790,11.381340
-0.466096,-16.440909,11.379734
2.086098,-16.401319,11.379036
4.731731,-16.118114,11.382644
7.269201,-15.418273,11.385580
9.606243,-14.157222,11.381610
11.800067,-12.659059,11.378312
13.572691,-10.710731,11.384246
14.888030,-8.398634,11.387698
15.808071,-6.014891,11.384095
16.332145,-3.510589,11.386154
16.332019,-0.959685,11.390957
16.001720,1.494354,11.388895
15.378826,3.777990,11.385701
14.298897,5.895530,11.390196
12.868245,7.809200,11.388056
10.848228,8.982233,8.380726
8.924273,10.003397,8.378835
6.847597,10.582178,8.384693
4.981125,11.086969,8.391080
3.164045,11.242475,8.388440
1.257066,10.337554,8.381899
-0.351381,10.079691,8.385834
-1.831940,9.664967,8.381090
-3.274778,9.121553,8.380815
-5.095504,9.071770,8.383230
-6.542373,8.241474,8.382562
-7.826305,7.050177,8.382410
-9.160775,5.834942,8.385745
-10.241060,4.394067,8.389135
-10.901431,2.613682,8.387466
-11.421053,0.864105,8.381933
-11.881355,-1.059903,8.381064
-12.143963,-3.217805,8.389565
-12.481836,-5.554412,8.387333
-12.135249,-7.945100,8.383611
-11.134726,-10.210959,8.381721
-9.689952,-12.391255,8.382296
-7.880290,-14.165475,8.389799
-5.654597,-15.570577,8.390215
-3.092916,-16.464660,8.386219
-0.485792,-16.784283,8.387193
2.131971,-16.737158,8.383606
4.761002,-16.508693,8.379964
7.456537,-15.818658,8.380274
9.760336,-14.544821,8.381107
12.018797,-13.015637,8.379413
13.858913,-10.928286,8.383872
15.090942,-8.592771,8.386358
15.971556,-6.124815,8.384775
16.436977,-3.540775,8.388278
16.352706,-1.016430,8.382137
15.921985,1.493071,8.380518
15.228368,3.732804,8.388818
14.002113,5.847469,8.391948
12.526954,7.588756,8.387181
10.190119,8.505615,5.394499
8.322695,9.310915,5.385136
6.330662,9.686219,5.379247
4.581030,9.994583,5.385456
2.853566,10.148578,5.387575
1.209725,9.752580,5.384176
-0.271801,9.554812,5.385627
-1.671118,8.998192,5.380722
-3.018832,8.575485,5.378759
-4.564650,8.202518,5.384493
-5.903889,7.529072,5.386579
-7.301816,6.599964,5.382278
-8.651026,5.581590,5.380606
-9.847006,4.189896,5.384309
-10.543238,2.562410,5.386239
-11.184374,0.800914,5.383032
-11.730286,-1.048912,5.378675
-12.082518,-3.143382,5.380063
-12.561179,-5.580343,5.385905
-12.272491,-8.096481,5.388151
-11.295052,-10.411176,5.386658
-9.893842,-12.545924,5.383717
-7.977002,-14.376590,5.380174
-5.697063,-15.750602,5.381408
-3.179565,-16.571290,5.386031
-0.538925,-16.834895,5.387489
2.105875,-16.754188,5.382906
4.757182,-16.488012,5.384545
7.381566,-15.776390,5.389114
9.763334,-14.407586,5.384506
11.935092,-12.865720,5.383254
13.691734,-10.792635,5.385212
14.886307,-8.407433,5.384012
15.689500,-5.977995,5.383479
16.086989,-3.444791,5.390439
15.965184,-0.980859,5.384923
15.488032,1.459423,5.381740
14.740561,3.624595,5.388521
13.508816,5.563636,5.390595
11.984213,7.196461,5.393981
9.314672,7.740146,2.389247
7.571371,8.375460,2.386543
5.735860,8.645083,2.383418
4.054398,8.777782,2.380155
2.636332,8.973905,2.382761
1.208005,9.149322,2.389794
-0.200508,8.969292,2.381867
-1.504873,8.364739,2.381044
-2.794786,7.977679,2.380119
-3.953523,7.283462,2.379526
-5.290023,6.768803,2.386672
-6.667391,6.144317,2.383435
-8.093280,5.214665,2.382355
-9.354548,3.995154,2.389791
-10.184056,2.524354,2.387099
-10.966077,0.821449,2.387610
-11.627548,-1.075196,2.391156
-12.043037,-3.147854,2.390138
-12.480299,-5.563123,2.390704
-12.244766,-8.060909,2.385561
-11.308860,-10.445194,2.384961
-9.915415,-12.552067,2.389883
-7.979859,-14.309396,2.382147
-5.610290,-15.630674,2.382128
-3.099225,-16.341067,2.386308
-0.485222,-16.496649,2.381564
2.124842,-16.337137,2.381564
4.622871,-15.901037,2.383267
7.074037,-15.012324,2.385980
9.232881,-13.685938,2.389074
11.229080,-12.115410,2.383256
12.827502,-10.169735,2.383078
13.969605,-7.899822,2.387755
14.714434,-5.571571,2.387505
15.059851,-3.233722,2.386123
14.976553,-0.876376,2.386248
14.534859,1.365964,2.388478
13.751370,3.409885,2.390695
12.557063,5.148201,2.390394
11.028191,6.636259,2.390077
8.072678,6.565575,-0.613370
6.462689,7.135743,-0.609279
4.946777,7.410681,-0.614925
3.535179,7.423369,-0.618406
2.334714,7.583903,-0.611561
1.119099,8.270396,-0.617611
-0.118521,8.156076,-0.619811
-1.301321,7.583783,-0.617292
-2.499552,7.262868,-0.619329
-3.389399,6.399153,-0.614776
-4.459270,5.865216,-0.614621
-5.910960,5.509072,-0.619412
-7.256062,4.741397,-0.618552
-8.607000,3.707059,-0.612551
-9.822787,2.405645,-0.610744
-10.801587,0.827170,-0.612323
-11.529089,-1.050573,-0.615270
-11.988968,-3.168602,-0.618738
-12.155687,-5.408089,-0.620655
-11.891328,-7.871033,-0.615262
-11.079133,-10.216389,-0.612659
-9.701075,-12.279291,-0.619855
-7.749460,-13.926671,-0.621672
-5.445113,-15.055486,-0.616949
-2.960256,-15.613971,-0.612266
-0.402394,-15.638862,-0.612785
1.990540,-15.340511,-0.616399
4.281948,-14.455527,-0.616285
6.268259,-13.226192,-0.612953
8.145671,-11.866122,-0.611429
9.700126,-10.357159,-0.612841
10.994280,-8.616677,-0.612343
11.988183,-6.690671,-0.612437
12.615921,-4.778040,-0.615952
12.950354,-2.718508,-0.614050
13.035628,-0.779749,-0.616772
12.763250,1.129405,-0.618542
12.008129,2.915757,-0.613503
10.878696,4.486575,-0.612441
9.548517,5.686982,-0.613661
6.321585,5.058317,-3.610006
5.230246,5.608687,-3.617553
4.158505,6.013703,-3.617066
2.986074,6.036268,-3.609815
1.947419,6.044260,-3.611224
1.074949,6.909742,-3.614786
-0.064877,6.930423,-3.614693
-1.082986,6.549139,-3.616901
-2.089236,6.328281,-3.613890
-2.968772,5.665390,-3.611216
-3.614353,4.889272,-3.612248
-4.867755,4.604708,-3.611008
-6.207025,4.107638,-3.613829
-7.329696,3.237396,-3.618587
-9.189036,2.268459,-3.614905
-10.639692,0.800654,-3.610930
-11.344961,-1.057408,-3.612929
-11.814299,-3.072585,-3.613472
-11.595182,-5.197409,-3.611051
-11.142487,-7.345320,-3.609663
-10.479069,-9.668755,-3.610020
-9.169008,-11.646907,-3.610059
-7.247976,-13.148139,-3.614843
-4.974684,-14.015992,-3.616373
-2.632575,-14.323145,-3.616654
-0.333148,-14.200327,-3.619836
1.832114,-13.596369,-3.619805
3.675685,-12.071852,-3.620764
5.107716,-10.507666,-3.617509
6.433133,-9.167480,-3.611562
7.426416,-7.726064,-3.612013
8.216633,-6.302675,-3.612089
8.914566,-4.916672,-3.610646
9.432339,-3.449040,-3.613312
9.608432,-1.968300,-3.613168
10.035576,-0.546826,-3.612187
10.030012,0.916434,-3.611479
9.322042,2.236052,-3.614417
8.497026,3.434245,-3.618046
7.432984,4.365717,-3.612479
4.647437,3.565109,-6.614830
4.047166,4.181655,-6.611262
3.329447,4.690506,-6.610836
2.458421,4.738151,-6.613391
1.613465,4.597142,-6.616363
0.926273,5.296326,-6.617745
0.119874,5.490856,-6.618284
-0.710111,5.273268,-6.615699
-1.623398,5.196662,-6.612709
-2.515624,4.941104,-6.617510
-3.088070,4.293775,-6.615035
-3.716274,3.659052,-6.612955
-4.967707,3.351686,-6.618571
-6.127878,2.715260,-6.610659
-7.054794,1.789145,-6.613807
-10.027720,0.760868,-6.611585
-10.711796,-1.014701,-6.614814
-11.251239,-2.947483,-6.616135
-10.818419,-4.871139,-6.616337
-10.082008,-6.691237,-6.615780
-9.499980,-8.795121,-6.614492
-8.293350,-10.683313,-6.615324
-6.566532,-11.963233,-6.617916
-4.415094,-12.536763,-6.620293
-2.269588,-12.601253,-6.617581
-0.221564,-12.316234,-6.611401
1.625382,-11.244043,-6.610362
2.988152,-9.400672,-6.615835
4.016808,-7.920527,-6.617172
4.812820,-6.606538,-6.614658
5.275870,-5.245343,-6.612587
5.672695,-4.146743,-6.613836
6.093703,-3.221056,-6.615484
6.366569,-2.230605,-6.614303
6.307033,-1.276438,-6.612513
7.212935,-0.381884,-6.613014
6.812466,0.606765,-6.613079
6.482965,1.540750,-6.617508
5.944986,2.327539,-6.619769
5.258747,2.988581,-6.618062
3.421988,2.528168,-9.614314
3.116397,3.103549,-9.612266
2.676511,3.562045,-9.609772
2.062572,3.666937,-9.611286
1.369403,3.487986,-9.617137
0.862322,3.749638,-9.617555
0.228744,4.152463,-9.613100
-0.397170,3.936235,-9.611545
-1.040880,3.886206,-9.613519
-1.912883,3.997204,-9.614961
-2.603856,3.699856,-9.613421
-3.133397,3.169588,-9.617931
-3.765276,2.666267,-9.620884
-4.898269,2.232472,-9.614562
-5.805058,1.512138,-9.612791
-6.776090,0.536096,-9.613200
-8.853498,-0.807371,-9.616215
-9.490775,-2.497908,-9.610778
-9.596635,-4.356251,-9.612034
-8.880358,-5.947286,-9.617733
-8.248877,-7.703347,-9.619257
-7.232503,-9.385650,-9.618535
-5.678895,-10.515542,-9.618419
-3.755178,-10.822033,-9.614896
-1.830846,-10.675032,-9.612565
-0.061345,-10.142640,-9.612408
1.397581,-8.755048,-9.612312
2.501436,-7.397413,-9.616716
3.292888,-6.200475,-9.616521
3.665290,-4.821470,-9.613602
4.011222,-3.869922,-9.612887
4.338262,-3.053780,-9.613768
4.456602,-2.229542,-9.616007
4.538827,-1.497526,-9.618491
4.649034,-0.875592,-9.617341
4.565461,-0.220034,-9.615655
4.555786,0.426103,-9.619384
4.359626,1.018041,-9.620647
4.027973,1.531895,-9.618843
3.701386,2.001290,-9.616340
2.692990,1.865619,-12.612420
2.495406,2.323901,-12.609894
2.181264,2.723607,-12.612145
1.725622,2.864065,-12.613216
1.200985,2.774582,-12.611016
0.796700,2.830224,-12.610396
0.312923,3.043192,-12.611695
-0.137060,2.993937,-12.611861
-0.595463,2.795884,-12.611869
-1.192866,2.897335,-12.616392
-1.971039,3.006946,-12.620163
-2.587966,2.685447,-12.616792
-3.181852,2.308851,-12.612857
-3.934523,1.852143,-12.611727
-4.733574,1.257400,-12.612306
-5.504819,0.453764,-12.616411
-6.105032,-0.552947,-12.617462
-6.508399,-1.747217,-12.610086
-7.116584,-3.257439,-12.616181
-7.366892,-4.962311,-12.613572
-6.927256,-6.571359,-12.611885
-6.040672,-7.928535,-12.612691
-4.715746,-8.898681,-12.612245
-3.031658,-9.026481,-12.612660
-1.382306,-8.740754,-12.616958
0.072931,-7.864727,-12.617388
1.263444,-6.993428,-12.610879
2.202871,-6.312154,-12.614913
2.847903,-5.179623,-12.611219
3.288719,-4.203468,-12.620453
3.567003,-3.322989,-12.613145
3.661257,-2.496403,-12.620358
3.196955,-1.479321,-12.619160
3.225866,-1.003612,-12.615934
3.321270,-0.559611,-12.616430
3.359345,-0.123997,-12.619709
3.279855,0.302956,-12.622169
3.135762,0.688406,-12.622791
2.969579,1.070088,-12.621437
2.825138,1.449868,-12.617740
2.261151,1.511877,-15.611092
2.087727,1.852418,-15.611963
1.867441,2.159632,-15.617642
1.516971,2.374428,-15.618557
1.146576,2.425080,-15.613719
0.763888,2.427717,-15.613470
0.395699,2.408619,-15.619150
0.035280,2.328181,-15.620840
-0.323320,2.198236,-15.613957
-0.738427,2.162568,-15.606761
-1.463677,2.411297,-15.611706
-2.007612,2.221499,-15.609260
-2.714441,2.014147,-15.609191
-3.445599,1.657226,-15.613388
-3.908980,1.056352,-15.612568
-4.533802,0.378288,-15.612152
-5.068386,-0.476918,-15.618470
-5.129490,-1.417841,-15.620391
-5.092674,-2.392020,-15.617405
-5.246053,-3.639679,-15.615167
-5.600785,-5.398710,-15.616296
-4.793478,-6.436620,-15.620032
-3.728268,-7.209942,-15.615178
-2.322052,-7.275524,-15.615239
-0.983962,-6.935192,-15.620818
0.198543,-5.938307,-15.624465
1.148927,-5.962487,-15.610548
1.987679,-5.413948,-15.614490
2.739952,-4.937302,-15.618134
3.042376,-3.841428,-15.619579
3.329117,-3.068385,-15.617230
2.850022,-1.820546,-15.611218
2.805794,-1.251838,-15.612495
2.869452,-0.853773,-15.613768
2.850093,-0.454477,-15.613212
2.785081,-0.088378,-15.614208
2.708072,0.243087,-15.616889
2.616524,0.569357,-15.619269
2.521843,0.860458,-15.619468
2.406006,1.173848,-15.615988
2.076262,1.359906,-18.609248
1.871489,1.595340,-18.609417
1.674892,1.867440,-18.610469
1.441685,2.144766,-18.613979
1.129799,2.371779,-18.618495
0.741425,2.339835,-18.615751
0.402703,2.101628,-18.609610
0.111909,1.944987,-18.610742
-0.201859,1.904019,-18.617770
-0.626210,1.997430,-18.619036
-1.175452,2.078285,-18.608759
-1.613050,1.893096,-18.614740
-2.636868,1.981461,-18.619067
-2.975606,1.484988,-18.620829
-3.196772,0.906182,-18.617922
-3.738870,0.330485,-18.612816
-4.149696,-0.385212,-18.618627
-4.167301,-1.170775,-18.616636
-4.048593,-1.945738,-18.615062
-3.884382,-2.779187,-18.615566
-4.240668,-4.206391,-18.619925
-3.571772,-4.957426,-18.618542
-2.720185,-5.531726,-18.614949
-1.656421,-5.634210,-18.617625
-0.590476,-5.228965,-18.612972
0.296378,-4.652682,-18.606352
1.045809,-4.901054,-18.617659
1.782241,-4.560077,-18.615116
2.503514,-4.393718,-18.616113
2.766721,-3.378334,-18.619460
3.093335,-2.784996,-18.607808
3.123436,-2.044608,-18.604925
3.064784,-1.424237,-18.610354
3.106517,-0.938469,-18.616070
3.033513,-0.495315,-18.618983
2.777945,-0.087731,-18.617524
2.637836,0.230109,-18.615193
2.549123,0.536873,-18.612856
2.452922,0.835128,-18.610826
2.288318,1.124816,-18.609515
2.118521,1.371406,-21.614754
1.795732,1.485406,-21.618883
1.579645,1.692227,-21.616194
1.400881,2.035321,-21.613691
1.144072,2.467167,-21.617206
0.736736,2.124028,-21.613398
0.439235,1.814715,-21.609604
0.147641,1.821724,-21.609743
-0.215981,1.957111,-21.610960
-0.597303,1.961910,-21.611795
-0.952748,1.817557,-21.616745
-1.781983,2.028836,-21.622996
-2.178031,1.712488,-21.611909
-2.212798,1.168036,-21.612222
-2.542695,0.766508,-21.620596
-2.991492,0.285882,-21.619092
-3.147308,-0.305049,-21.623029
-3.105198,-0.892160,-21.625413
-2.998993,-1.493688,-21.612909
-2.666715,-2.010300,-21.618527
-2.818495,-2.958672,-21.612493
-2.312286,-3.443496,-21.617896
-1.702889,-3.819357,-21.619363
-1.007718,-4.003513,-21.615152
-0.207215,-3.544552,-21.611377
0.385102,-3.376751,-21.615428
0.946852,-3.603796,-21.618747
1.486203,-3.409396,-21.618328
2.218107,-3.708395,-21.618043
2.361277,-2.745856,-21.614322
2.637693,-2.279330,-21.617608
2.942707,-1.908098,-21.610869
3.216656,-1.519109,-21.612689
3.425021,-1.067827,-21.615941
3.505207,-0.604666,-21.612285
3.360955,-0.127117,-21.607290
2.921686,0.268570,-21.611070
2.694266,0.591268,-21.611795
2.569124,0.901381,-21.610436
2.409707,1.193470,-21.610247
2.251373,1.487790,-24.615523
1.809331,1.505444,-24.620957
1.509144,1.561240,-24.616202
1.329119,1.877299,-24.607644
1.122908,2.356461,-24.608930
0.712157,1.662717,-24.607418
0.438713,1.812712,-24.615722
0.129392,1.902408,-24.612158
-0.146118,1.767652,-24.610781
-0.468453,1.749761,-24.620647
-1.213460,2.121367,-24.609005
-1.085431,1.460647,-24.612354
-1.257038,1.163583,-24.612164
-1.549480,0.913510,-24.614278
-1.791873,0.589884,-24.619397
-1.893221,0.217141,-24.622129
-1.917685,-0.188541,-24.617906
-1.803814,-0.560490,-24.609700
-1.449751,-0.833650,-24.616895
-1.483738,-1.266556,-24.610685
-1.243702,-1.564285,-24.615843
-0.942880,-1.799147,-24.616227
-0.627257,-2.014913,-24.613601
-0.307157,-2.214641,-24.615928
0.126811,-2.048313,-24.618614
0.484660,-1.681656,-24.612467
0.800631,-2.123660,-24.609565
1.126805,-1.997221,-24.610933
1.405259,-1.838611,-24.610713
2.007754,-2.183936,-24.610083
1.996987,-1.550052,-24.611451
2.115346,-1.204284,-24.618691
2.349334,-0.989628,-24.613047
2.705358,-0.797599,-24.608269
3.181593,-0.530356,-24.615374
3.415587,-0.139584,-24.619750
3.345379,0.299478,-24.615355
2.953084,0.648778,-24.610814
2.625070,0.923663,-24.610523
2.452435,1.217151,-24.612096
0.913802,0.925434,-27.614727
