18.583057,22.717943,36.195134
15.936519,27.012277,36.195134
12.351787,31.383287,36.195134
7.728126,35.594389,36.195135
2.258957,39.049403,36.195136
-4.283254,41.167643,36.195136
-10.941775,40.815837,36.195136
-17.094356,38.249254,36.195136
-22.467179,34.291470,36.195136
-27.220686,29.631716,36.195136
-31.341863,24.660853,36.195136
-35.014112,19.348689,36.195136
-38.124980,13.689609,36.195135
-40.515983,7.470179,36.195136
-41.699692,0.705687,36.195136
-41.066303,-5.943167,36.195136
-38.201862,-12.186338,36.195136
-33.500895,-17.201302,36.195136
-28.086021,-20.735152,36.195135
-22.614230,-23.324094,36.195135
-17.487702,-25.189021,36.195134
-12.297880,-25.989964,36.195134
-7.087339,-25.399812,36.195135
-2.692080,-23.880077,36.195136
1.139682,-22.069936,36.195136
4.459411,-20.155299,36.195136
7.141341,-18.357231,36.195136
9.707891,-16.399499,36.195136
11.844409,-14.551784,36.195135
13.858480,-12.571323,36.195135
15.592757,-10.603504,36.195136
17.286273,-8.342639,36.195135
18.773677,-5.941071,36.195135
20.110991,-3.225956,36.195135
21.157235,-0.385849,36.195135
21.966163,2.947970,36.195136
22.361037,6.355016,36.195136
22.308748,10.192348,36.195136
21.713068,14.199097,36.195135
21.808403,19.584385,32.397103
19.313610,23.553130,32.392156
16.089966,27.523503,32.388551
12.162377,31.124971,32.390050
7.584862,34.239923,32.391639
2.195049,36.829698,32.389770
-3.836162,38.231271,32.389444
-9.948860,37.321655,32.394215
-15.271180,34.613337,32.392913
-20.245712,30.912391,32.393463
-24.345308,26.893568,32.399994
-27.469195,21.798647,32.401106
-29.532888,16.431409,32.400201
-31.326742,11.404499,32.398234
-32.774955,6.078295,32.394329
-33.624391,0.594046,32.391037
-34.514559,-5.092724,32.393486
-34.036935,-10.834396,32.399436
-31.527723,-16.255049,32.395320
-27.594973,-20.477867,32.386860
-22.900954,-23.806453,32.387699
-18.257496,-26.403570,32.388359
-13.404473,-28.144081,32.389618
-8.051229,-27.976184,32.392913
-3.239090,-27.764981,32.397041
1.040333,-29.942664,32.400427
5.735985,-28.685113,32.400251
10.085610,-27.637386,32.395793
15.270434,-27.837930,32.391492
20.157013,-26.329318,32.391283
23.819773,-23.056930,32.390677
26.648304,-18.765776,32.397037
30.200518,-15.062889,32.401222
33.300088,-10.924498,32.396112
33.686464,-5.697093,32.391531
32.580819,-0.489041,32.397490
30.264581,4.051252,32.399059
27.841812,8.081101,32.394035
25.807913,11.816407,32.392016
23.895829,15.624741,32.395361
22.693545,20.470618,28.599821
19.714702,24.278426,28.589718
16.326945,27.727650,28.599876
12.079194,30.827867,28.595686
7.396851,33.200949,28.587105
2.025304,35.081958,28.596437
-3.574789,36.040515,28.592321
-9.158410,35.059133,28.589838
-14.278059,32.572420,28.589570
-18.928804,29.301438,28.586555
-22.996206,25.353762,28.589022
-25.917885,20.723311,28.602089
-27.961375,15.656804,28.601544
-29.653352,10.672206,28.602429
-30.890918,5.795381,28.600539
-31.704353,0.595859,28.591768
-32.424902,-4.826397,28.594530
-32.038289,-10.266108,28.597490
-30.359176,-15.501572,28.594172
-27.354968,-20.301701,28.594078
-23.426108,-24.116221,28.602748
-19.025113,-27.360098,28.601355
-14.243198,-29.610298,28.592303
-8.817090,-30.208924,28.592163
-3.800431,-30.443947,28.596946
0.979404,-32.230173,28.588328
6.012775,-31.422691,28.593458
10.764028,-30.142517,28.592641
15.878423,-29.092719,28.590703
20.441063,-26.887651,28.599771
24.479220,-23.509768,28.595245
27.531632,-19.513509,28.598967
30.627081,-15.483342,28.598130
33.289987,-10.793054,28.592531
34.124052,-5.761189,28.592825
33.913071,-0.508730,28.591274
32.318935,4.483650,28.599318
30.303154,8.897949,28.596321
28.062361,12.925688,28.593451
25.460565,16.748876,28.599640
23.277038,21.050679,24.790903
20.096634,24.601716,24.800178
16.380415,27.904543,24.789586
11.944837,30.592709,24.794294
7.304717,32.366655,24.800997
2.063918,33.675464,24.791864
-3.278734,34.398523,24.797580
-8.785094,33.465234,24.792977
-13.756511,31.330178,24.789632
-18.274169,28.398439,24.792482
-22.225689,24.729407,24.798129
-25.400244,20.369220,24.801304
-27.744271,15.519887,24.789108
-29.474978,10.628038,24.795284
-30.709212,5.604859,24.798883
-31.466684,0.472147,24.786709
-31.821011,-4.702651,24.794454
-31.169910,-10.034495,24.797469
-29.679202,-15.245617,24.795714
-27.242184,-20.260536,24.795819
-23.822458,-24.441429,24.796677
-19.590421,-28.117153,24.800000
-14.632122,-30.737702,24.792642
-9.376417,-31.864436,24.786684
-3.999459,-32.357953,24.793183
0.931313,-33.103682,24.799183
6.223898,-32.381904,24.794705
11.034938,-30.952671,24.789405
15.806168,-28.984191,24.786658
19.898297,-26.140639,24.788450
23.409125,-22.624780,24.799120
26.651664,-18.813442,24.794903
28.899714,-14.422528,24.796132
30.512973,-9.924000,24.801148
32.347794,-5.292709,24.797539
33.386058,-0.419935,24.800033
32.702597,4.483737,24.801951
31.333439,9.093881,24.798642
29.245718,13.553730,24.791692
26.426866,17.404298,24.787134
23.606458,21.377877,20.998147
20.157567,24.917023,20.988387
16.294690,27.995488,20.997522
11.917610,30.301818,21.003943
7.193839,31.735907,21.002792
2.116175,32.635831,21.001019
-3.212057,33.150140,20.993631
-8.297362,32.406063,20.990349
-13.367681,30.609982,20.993941
-17.968649,27.902912,20.998807
-22.002782,24.364077,20.997971
-25.469870,20.284158,20.992522
-28.063694,15.836892,20.992236
-29.971578,10.832089,20.996784
-31.194934,5.830988,20.999035
-31.912747,0.523907,20.994349
-31.914238,-4.629580,20.987606
-30.989740,-9.891902,20.990197
-29.427757,-15.246877,20.994054
-27.327351,-20.157856,20.993099
-24.136018,-24.721592,20.994815
-19.938858,-28.694350,21.002912
-15.103934,-31.426577,20.999525
-9.758479,-33.004175,20.996732
-4.230096,-33.583834,20.998809
1.119556,-33.385018,20.988387
6.225070,-32.651450,20.986944
11.101468,-31.034219,20.991867
15.555272,-28.420102,20.993595
19.268186,-25.165667,20.991046
22.358011,-21.592555,20.990189
25.531201,-17.984453,20.992834
27.308153,-13.706638,20.998532
28.517077,-9.117772,21.000156
30.599265,-5.066858,20.995050
32.335261,-0.431384,20.991219
32.302798,4.481649,20.992956
31.434586,9.190955,20.999170
29.664778,13.735609,21.005005
26.812113,17.786681,21.005193
23.723890,21.493573,17.192202
20.206772,24.944330,17.192386
16.251698,27.882634,17.197655
11.806209,30.013445,17.193020
7.038060,31.247968,17.194493
2.146809,31.884822,17.202606
-2.977186,32.169067,17.191056
-8.066946,31.561615,17.193442
-13.218807,30.077497,17.191599
-17.908395,27.575690,17.190341
-21.901926,24.323951,17.196454
-25.645137,20.520764,17.194206
-28.663428,16.111057,17.185005
-30.690760,11.180836,17.194952
-31.963854,5.982654,17.202729
-32.621739,0.484584,17.193237
-32.271989,-4.845984,17.200387
-31.125995,-10.058797,17.203802
-29.536689,-15.159725,17.196881
-27.379415,-20.262326,17.187785
-24.228884,-25.077217,17.188483
-20.253042,-28.960460,17.199402
-15.310693,-31.862195,17.197360
-10.027231,-33.672398,17.192427
-4.340621,-34.308064,17.194850
0.942501,-33.533787,17.193020
6.241542,-32.667870,17.200050
11.011086,-30.899623,17.197501
15.246029,-27.931679,17.190802
18.820860,-24.555354,17.194225
21.933089,-21.016885,17.195534
24.932738,-17.569135,17.200494
26.815697,-13.328165,17.203300
28.090182,-8.977277,17.196134
29.987065,-4.869953,17.187249
31.431356,-0.370652,17.189973
31.693889,4.334870,17.191697
31.078719,9.042928,17.196581
29.461808,13.664678,17.200091
26.819520,17.846489,17.196547
23.656808,21.425014,13.398723
20.118870,24.833735,13.390850
16.102053,27.670959,13.390257
11.624865,29.685404,13.397258
7.047554,30.808100,13.402478
2.161165,31.324703,13.401703
-2.955859,31.330533,13.399535
-7.840256,30.834205,13.396702
-12.847375,29.692287,13.394149
-17.658170,27.465140,13.394762
-21.945518,24.283242,13.398256
-25.851209,20.671057,13.399840
-29.206152,16.264338,13.396576
-31.346850,11.409388,13.390778
-32.689074,6.020047,13.389195
-33.262141,0.535266,13.395679
-32.691252,-4.758470,13.403489
-31.430428,-10.148541,13.403875
-29.759381,-15.195603,13.398186
-27.399803,-20.425016,13.397475
-24.405166,-25.073090,13.403462
-20.303740,-29.092420,13.396173
-15.393459,-32.016844,13.393019
-10.155583,-33.932905,13.391594
-4.499090,-34.616090,13.390934
0.935750,-33.598393,13.401534
6.193933,-32.559816,13.394839
11.059867,-30.544811,13.390607
15.027348,-27.580227,13.397845
18.632330,-24.256262,13.400411
21.874110,-20.846864,13.389735
24.749913,-17.358023,13.386351
26.876305,-13.418838,13.397769
28.527982,-9.207944,13.400628
30.000504,-4.964411,13.387331
30.717357,-0.517657,13.387469
31.002538,4.193728,13.386904
30.409280,8.848637,13.396275
28.873191,13.324178,13.407075
26.523749,17.669877,13.406176
23.425688,21.192640,9.586862
19.914380,24.580500,9.584685
16.054035,27.240591,9.596453
11.604731,29.212624,9.601289
6.858561,30.409749,9.601386
2.007586,30.847993,9.601631
-2.863452,30.526192,9.589245
-7.719852,30.057613,9.586600
-12.711473,29.071392,9.587076
-17.414687,27.157608,9.586940
-21.821580,24.224910,9.587988
-25.873533,20.521762,9.589610
-29.185088,16.382932,9.591872
-31.577707,11.465804,9.595583
-33.010889,6.134637,9.597619
-33.547442,0.683521,9.597450
-32.834440,-4.963517,9.597849
-31.676100,-10.135185,9.591433
-29.913254,-15.317093,9.587249
-27.398893,-20.438993,9.590304
-24.368286,-25.015088,9.594796
-20.259706,-28.964542,9.599338
-15.387919,-31.890518,9.593157
-10.008626,-33.883753,9.587713
-4.385661,-34.531417,9.592123
1.010579,-33.497339,9.594749
6.183325,-32.259701,9.594569
10.793242,-30.219936,9.593304
14.914124,-27.198714,9.588808
18.434013,-24.128340,9.588038
21.747534,-20.825319,9.601833
24.436569,-17.260772,9.601694
26.874939,-13.502090,9.592423
28.979407,-9.327105,9.588858
29.975269,-4.965865,9.594303
30.068123,-0.495787,9.600172
30.236973,4.194136,9.594143
29.531462,8.568980,9.590259
27.947497,13.033816,9.590834
26.093737,17.145343,9.590150
23.049111,20.815178,5.793580
19.613434,24.182785,5.799985
15.779538,26.775619,5.801274
11.388477,28.688521,5.793199
6.713405,29.942751,5.789871
2.142289,30.357163,5.798136
-2.634538,29.741287,5.803533
-7.421942,29.233717,5.792780
-12.332114,28.290869,5.787188
-17.068042,26.592542,5.789681
-21.543057,23.945080,5.793575
-25.307377,20.330928,5.796715
-28.668778,16.075051,5.789119
-31.251595,11.330011,5.794320
-32.863104,6.145067,5.798841
-33.365508,0.558775,5.788957
-32.731744,-4.814381,5.791966
-31.681696,-10.140983,5.799125
-29.866218,-15.427387,5.797871
-27.329473,-20.229906,5.791527
-24.126788,-24.836294,5.790569
-20.012636,-28.657938,5.793185
-15.197920,-31.541319,5.797058
-9.901444,-33.481237,5.802186
-4.342326,-34.115360,5.800498
0.995888,-33.198086,5.788482
6.035481,-31.784622,5.793763
10.737272,-29.586863,5.794507
14.688985,-26.825048,5.795643
18.234892,-23.879351,5.802182
21.540802,-20.654500,5.788296
24.136711,-16.865280,5.795772
26.638414,-13.209326,5.796914
28.739485,-9.367141,5.788102
29.454984,-4.788367,5.790073
29.325529,-0.384531,5.790357
29.398099,4.044022,5.792502
28.508233,8.308262,5.798523
26.967726,12.516157,5.800441
25.398724,16.690319,5.795781
22.538327,20.304643,1.996946
19.218063,23.638405,1.995951
15.457651,26.165358,1.999732
11.168206,28.030371,1.994628
6.606655,29.343394,1.992771
1.958641,29.751702,1.999459
-2.489053,28.940227,1.997144
-7.164464,28.362741,1.997685
-11.750215,27.417616,1.996478
-16.620657,25.790166,1.998544
-21.070138,23.371665,2.000146
-24.648086,19.718928,1.991696
-27.703483,15.633435,1.995058
-30.449806,11.097723,1.996649
-32.311038,5.947458,1.988957
-32.778004,0.660546,1.987844
-32.300323,-4.804604,2.001923
-31.403361,-10.035973,1.996436
-29.640191,-15.209737,1.994429
-26.971664,-20.030210,2.003170
-23.718083,-24.447622,2.000585
-19.635910,-28.116569,1.995865
-14.914573,-30.931629,1.991043
-9.735756,-32.780734,1.994508
-4.281761,-33.385347,2.001361
0.962051,-32.632795,1.995159
6.015000,-31.033336,1.994801
10.432935,-28.913477,1.994625
14.366342,-26.338748,1.995615
18.033424,-23.384767,2.000052
21.282798,-20.244526,1.995678
23.600273,-16.635255,1.991823
25.905568,-12.960230,1.992754
27.928728,-8.976815,1.996149
28.513387,-4.675529,1.999432
28.486479,-0.368350,2.001030
28.492704,3.772071,1.992434
27.474992,7.905119,1.993389
25.947032,12.006458,2.000304
24.612860,16.167772,2.000297
21.901757,19.670814,-1.807569
18.725441,22.953316,-1.811193
15.076151,25.408742,-1.807706
10.916371,27.224032,-1.806236
6.501588,28.560955,-1.803725
2.001617,29.005197,-1.796876
-2.491587,28.103565,-1.798459
-6.832494,27.493201,-1.810742
-11.438880,26.414723,-1.809303
-15.981773,24.878926,-1.801289
-20.347632,22.626055,-1.800103
-23.828983,19.083562,-1.799750
-26.688344,15.047094,-1.801565
-29.447094,10.683637,-1.803853
-31.385356,5.764103,-1.802600
-31.854288,0.618543,-1.799620
-31.591751,-4.700619,-1.802201
-30.753110,-9.970619,-1.807570
-29.005315,-14.989111,-1.803197
-26.367416,-19.637358,-1.795857
-23.106021,-23.848929,-1.800432
-19.097629,-27.356095,-1.807383
-14.331547,-30.164851,-1.806413
-9.285562,-31.862085,-1.799243
-4.162187,-32.366317,-1.797197
1.132204,-31.717853,-1.804385
5.808683,-30.122434,-1.801909
10.109056,-28.057724,-1.796623
14.136558,-25.552175,-1.796778
17.563403,-22.818643,-1.803169
20.755368,-19.805787,-1.810963
23.078994,-16.131747,-1.801098
25.095954,-12.430832,-1.800011
26.744387,-8.614382,-1.805305
27.376496,-4.459942,-1.801560
27.550589,-0.472868,-1.808215
27.494924,3.735188,-1.812553
26.373458,7.723116,-1.806904
24.984902,11.523025,-1.801325
23.796280,15.596969,-1.802387
21.149015,18.924605,-5.606808
18.131304,22.134711,-5.605395
14.620592,24.507950,-5.606619
10.603496,26.258646,-5.610218
6.356566,27.561902,-5.610560
2.018378,28.049817,-5.610575
-2.332752,27.282504,-5.611947
-6.694601,26.626355,-5.597822
-10.937066,25.524696,-5.601313
-15.275935,23.961263,-5.608725
-19.523059,21.825875,-5.604910
-23.050052,18.592364,-5.605850
-25.907158,14.552514,-5.605238
-28.447480,10.264110,-5.607919
-30.169267,5.660299,-5.607286
-30.692624,0.522339,-5.600309
-30.609680,-4.614326,-5.601593
-29.774590,-9.684322,-5.609430
-28.042206,-14.521368,-5.610884
-25.501806,-18.996400,-5.604785
-22.293409,-23.011373,-5.600309
-18.256053,-26.474881,-5.599871
-13.802806,-29.072153,-5.603189
-8.926643,-30.650209,-5.602324
-3.790110,-31.083600,-5.596093
1.142090,-30.543881,-5.596418
5.632998,-28.976663,-5.607108
9.794639,-27.000024,-5.613073
13.721558,-24.662165,-5.608071
17.032841,-22.032539,-5.603273
20.109071,-19.127336,-5.608699
22.387303,-15.603835,-5.613843
24.162113,-11.950000,-5.608545
25.540831,-8.174249,-5.600189
26.208605,-4.371667,-5.598008
26.555546,-0.352209,-5.598033
26.441587,3.513158,-5.607941
25.409663,7.388637,-5.610218
24.160674,11.073849,-5.606490
23.000107,14.991904,-5.606347
20.284620,18.070839,-9.396765
17.427458,21.180600,-9.402788
14.075481,23.458359,-9.405872
10.211440,25.128516,-9.408952
6.147533,26.345655,-9.408608
1.984584,26.883852,-9.404815
-2.219548,26.418879,-9.405374
-6.396757,25.784222,-9.403813
-10.457669,24.677230,-9.398435
-14.559554,23.078184,-9.401828
-18.803492,20.942486,-9.411584
-22.434202,18.154910,-9.407641
-25.374487,14.216870,-9.400781
-27.472100,9.929623,-9.404771
-28.791109,5.387627,-9.411522
-29.339249,0.482765,-9.409155
-29.354217,-4.442974,-9.401825
-28.472654,-9.281144,-9.402153
-26.755406,-13.906491,-9.409151
-24.332258,-18.192371,-9.408372
-21.214525,-22.007495,-9.396348
-17.474894,-25.208086,-9.396553
-13.213053,-27.710558,-9.401243
-8.534321,-29.189018,-9.407813
-3.606133,-29.555061,-9.413508
1.127484,-29.098187,-9.408949
5.439733,-27.633675,-9.407082
9.448590,-25.781447,-9.409807
13.104497,-23.701809,-9.411239
16.418225,-21.078800,-9.409933
19.302055,-18.236861,-9.411468
21.488669,-15.054815,-9.410547
23.182325,-11.371494,-9.407402
24.281070,-7.850680,-9.402388
25.045121,-4.056658,-9.396102
25.474545,-0.388706,-9.396403
25.279089,3.475593,-9.401631
24.483260,7.073768,-9.404767
23.448468,10.643118,-9.402896
22.152201,14.511887,-9.397918
19.294755,17.095093,-13.211712
16.609727,20.082096,-13.207273
13.436733,22.251009,-13.203145
9.743272,23.825370,-13.203484
5.878006,24.918235,-13.205065
1.914439,25.516358,-13.203847
-2.100582,25.450748,-13.204282
-6.071027,24.863710,-13.209667
-10.092253,23.716986,-13.202978
-13.928269,22.073259,-13.201380
-17.801662,20.076760,-13.208657
-21.758856,17.577268,-13.205696
-24.715462,13.938978,-13.209185
-26.353049,9.548256,-13.206075
-27.174624,5.102763,-13.200084
-27.737241,0.455587,-13.201354
-27.785612,-4.063925,-13.205587
-26.892453,-8.649653,-13.208639
-25.239380,-13.046638,-13.203056
-22.963023,-17.130990,-13.194868
-19.975957,-20.741998,-13.195747
-16.424208,-23.791478,-13.199793
-12.371162,-26.169848,-13.199699
-7.907590,-27.520860,-13.205600
-3.384524,-27.802694,-13.211374
1.120837,-27.409902,-13.197906
5.243494,-26.086411,-13.208046
9.078501,-24.383048,-13.215563
12.590019,-22.458515,-13.208550
15.610766,-20.072246,-13.203842
18.243545,-17.272379,-13.198686
20.519232,-14.157668,-13.195340
22.050665,-10.829015,-13.198423
23.022698,-7.273261,-13.207283
23.795428,-3.848888,-13.212749
24.290590,-0.369161,-13.207060
24.035930,3.291182,-13.199684
23.505745,6.769202,-13.202473
22.672743,10.349886,-13.209733
21.295533,13.781999,-13.212792
18.082437,16.123288,-17.003918
15.676530,18.824358,-17.006589
12.562327,20.934557,-17.007389
9.211650,22.325160,-17.000840
5.569342,23.273846,-16.995671
2.003748,23.921196,-16.998236
-1.902757,24.313202,-17.001159
-5.788687,23.759549,-17.000356
-9.568472,22.625225,-17.010372
-13.108765,20.952841,-17.009026
-16.685365,18.964340,-16.999560
-20.656122,16.729478,-17.010925
-23.623360,13.422005,-17.012938
-24.856207,9.076999,-17.012763
-25.259419,4.665091,-17.006360
-25.791638,0.459600,-16.998907
-25.826269,-3.790391,-17.006981
-24.952013,-8.096563,-17.002172
-23.378126,-12.222719,-17.004187
-21.211501,-16.046407,-17.012538
-18.482559,-19.303681,-17.005210
-15.154207,-22.185564,-16.998425
-11.337935,-24.408195,-17.001866
-7.276868,-25.593740,-17.003016
-3.024201,-25.821262,-16.995375
1.209745,-25.452087,-16.994680
4.970652,-24.352360,-17.005403
8.606675,-22.836639,-17.001509
11.944534,-21.077626,-16.997420
14.782494,-18.834313,-17.011021
17.096817,-16.066495,-17.002560
19.215893,-13.302398,-17.007218
20.792540,-10.090699,-17.015115
21.628326,-6.878226,-17.006936
22.441945,-3.681200,-16.998895
22.984175,-0.259874,-17.008980
22.685500,3.014893,-17.008987
22.399125,6.478859,-17.007958
21.755974,9.988147,-17.008457
20.219424,13.102007,-17.005513
16.816560,14.859650,-20.809470
14.619440,17.373164,-20.805419
11.754581,19.326158,-20.799147
8.645570,20.589296,-20.796326
5.265040,21.376665,-20.804647
1.849667,22.120735,-20.813243
-1.680898,22.911819,-20.807421
-5.264905,22.425960,-20.805517
-8.896932,21.279914,-20.811433
-12.216355,19.539180,-20.810090
-15.376215,17.473880,-20.803420
-18.820696,15.315495,-20.803425
-21.683979,12.339036,-20.799700
-22.742724,8.358756,-20.799907
-22.964880,4.248582,-20.807111
-23.413803,0.366573,-20.812736
-23.414378,-3.556298,-20.809333
-22.681895,-7.403827,-20.803805
-21.261592,-11.221449,-20.807702
-19.315253,-14.618780,-20.808891
-16.693744,-17.728760,-20.797850
-13.735717,-20.301937,-20.804592
-10.211630,-22.349637,-20.812696
-6.449688,-23.409677,-20.805969
-2.522333,-23.569622,-20.799553
1.238206,-23.228129,-20.812600
4.753707,-22.346180,-20.805881
8.009047,-21.107297,-20.795178
11.125649,-19.530595,-20.800147
13.871173,-17.387691,-20.809206
15.839264,-14.702923,-20.805230
17.813435,-12.162157,-20.809512
19.309627,-9.392358,-20.813228
20.149089,-6.287472,-20.811866
20.968332,-3.354065,-20.814418
21.505018,-0.344362,-20.810276
21.187304,2.817196,-20.799331
21.093326,6.033251,-20.796984
20.606971,9.381295,-20.803387
18.895504,12.267804,-20.808444
15.370793,13.411322,-24.606143
13.408083,15.681533,-24.611250
10.839726,17.443167,-24.609378
7.910191,18.597771,-24.605272
4.977224,19.203163,-24.604504
1.937626,19.976381,-24.604212
-1.374890,21.139312,-24.602387
-4.720821,20.681080,-24.604836
-7.977700,19.572339,-24.605059
-11.000965,17.831592,-24.607174
-13.568505,15.598336,-24.609111
-16.037293,13.269880,-24.606000
-18.524819,10.714917,-24.606196
-19.809300,7.381667,-24.610086
-20.213666,3.822888,-24.610037
-20.520419,0.331052,-24.607236
-20.508709,-3.063106,-24.609294
-20.037804,-6.561592,-24.609020
-18.867689,-10.019729,-24.603735
-17.072731,-13.057007,-24.600176
-14.793197,-15.745062,-24.602716
-12.058711,-18.172750,-24.605237
-9.008357,-19.950707,-24.612039
-5.619094,-20.897910,-24.609644
-2.090424,-21.024871,-24.597366
1.287524,-20.711062,-24.602864
4.361225,-20.093614,-24.605096
7.444732,-19.059556,-24.608257
10.270951,-17.670423,-24.613995
12.676073,-15.868931,-24.610971
14.405846,-13.275955,-24.604498
16.144583,-10.971175,-24.603766
17.615255,-8.549763,-24.600985
18.461308,-5.784648,-24.600216
19.298148,-3.040662,-24.606941
19.823394,-0.209222,-24.596574
19.491376,2.628382,-24.602230
19.469194,5.526998,-24.609819
19.036895,8.627869,-24.608408
17.349169,11.135696,-24.605359
13.679945,11.715666,-28.399389
11.901247,13.770083,-28.411690
9.654451,15.284636,-28.407161
7.096648,16.242431,-28.402513
4.526634,16.699527,-28.403249
1.822343,17.529470,-28.404962
-1.158296,18.832609,-28.407892
-4.068980,18.331702,-28.409416
-6.862135,17.271992,-28.404266
-9.415933,15.622098,-28.399597
-11.255036,13.308596,-28.404267
-12.755014,10.780931,-28.410406
-14.746184,8.606504,-28.402617
-16.251946,6.077056,-28.400221
-16.887614,3.304639,-28.406501
-17.011930,0.360975,-28.412824
-17.010362,-2.582679,-28.410902
-16.930975,-5.662459,-28.401520
-16.119719,-8.580611,-28.398826
-14.485157,-11.198368,-28.402187
-12.505147,-13.527428,-28.402976
-10.152135,-15.659312,-28.409123
-7.507420,-17.209608,-28.405610
-4.669009,-18.001830,-28.397859
-1.605213,-18.100309,-28.397481
1.324680,-17.808073,-28.398551
4.026578,-17.424056,-28.403932
6.743092,-16.687514,-28.404019
9.219926,-15.512011,-28.403820
11.346706,-13.987323,-28.413494
12.823873,-11.594128,-28.399122
14.259176,-9.547973,-28.401023
15.642205,-7.497593,-28.406044
16.520161,-5.150018,-28.396503
17.344501,-2.678706,-28.402383
17.815363,-0.220297,-28.414328
17.546466,2.242942,-28.402342
17.469596,4.877846,-28.394381
17.040345,7.559016,-28.396905
15.439136,9.776979,-28.394963
11.548773,9.712647,-32.206771
10.098577,11.393044,-32.206576
8.245516,12.617872,-32.206682
6.139480,13.347881,-32.206949
3.930748,13.693624,-32.204187
1.767195,14.511512,-32.199045
-0.611750,15.655686,-32.200168
-3.081250,15.125768,-32.210480
-5.314079,14.156947,-32.208633
-7.303398,12.637973,-32.209104
-8.485170,10.437473,-32.211154
-9.286550,8.185894,-32.208535
-10.648805,6.541225,-32.209049
-12.127760,4.702080,-32.210298
-12.818592,2.541300,-32.211293
-12.822700,0.285786,-32.208160
-12.852981,-2.025503,-32.201616
-13.224084,-4.539722,-32.207396
-12.740331,-7.002809,-32.210453
-11.347588,-9.043511,-32.203337
-9.723773,-10.936396,-32.199024
-7.960586,-12.579663,-32.208337
-5.814899,-13.873375,-32.206251
-3.401461,-14.549114,-32.199719
-0.988789,-14.619440,-32.207365
1.310689,-14.353817,-32.204467
3.539752,-14.184550,-32.207482
5.799751,-13.804520,-32.211233
7.847365,-12.887095,-32.205477
9.728084,-11.654310,-32.207100
10.924129,-9.602597,-32.206736
11.990737,-7.864527,-32.199294
13.278222,-6.168389,-32.198372
14.166232,-4.327654,-32.205335
14.913064,-2.332302,-32.198461
15.350155,-0.235073,-32.198894
15.130083,1.961001,-32.209298
14.913161,4.108667,-32.207802
14.363351,6.281506,-32.200571
13.022522,8.067386,-32.203154
8.761055,6.973817,-36.008462
7.679679,8.205089,-36.004448
6.351997,9.057145,-36.002427
4.843831,9.505008,-36.002998
3.275809,9.740555,-36.006454
1.719037,10.462112,-36.010799
-0.000455,11.082993,-36.008128
-1.677411,10.567072,-36.003346
-3.174425,9.755593,-36.009847
-4.427802,8.564431,-36.004084
-4.977074,6.770994,-35.998526
-5.348819,5.252830,-35.999787
-6.182147,4.130044,-36.001648
-7.230161,3.012318,-36.006036
-7.662445,1.624226,-36.002830
-7.599790,0.197356,-36.001186
-7.681363,-1.299540,-36.006581
-8.526852,-3.082652,-36.004775
-8.413010,-4.863821,-36.004010
-7.344901,-6.243245,-36.005254
-6.222092,-7.512574,-36.003487
-4.999066,-8.697976,-36.007758
-3.549143,-9.595237,-36.008048
-1.901543,-10.068954,-36.003974
-0.194525,-10.161020,-36.007433
1.428981,-9.908252,-36.010219
2.936860,-9.860505,-36.009570
4.624672,-9.890259,-36.006078
6.152379,-9.271481,-36.003583
7.549623,-8.454423,-36.008197
8.414131,-7.053569,-36.012521
9.070817,-5.611763,-36.009231
10.063658,-4.463444,-36.003326
11.007366,-3.204531,-36.001642
11.627756,-1.757835,-36.000522
11.962360,-0.146236,-36.006421
11.870599,1.487178,-36.007930
11.390023,3.061595,-36.007876
10.657611,4.450218,-36.010080
9.737671,5.727346,-36.010560
2.465749,0.499799,-39.804865
1.955694,3.657634,36.195136
2.141229,4.819496,36.195136
2.291526,6.846270,36.195136
2.066959,10.149968,36.195136
0.801156,14.355055,36.195136
-1.718289,18.102751,36.195136
-5.148312,20.642056,36.195136
-9.260477,22.139879,36.195136
-14.028774,22.718767,36.195136
-19.131143,22.256185,36.195136
-24.188739,20.563280,36.195136
-28.561947,17.342418,36.195136
-31.162215,12.823864,36.195136
-31.983766,7.558549,36.195136
-31.298735,2.376146,36.195136
-29.369896,-2.367296,36.195136
-26.204933,-6.388781,36.195136
-21.867246,-9.092573,36.195136
-16.660204,-10.226241,36.195136
-11.554300,-9.846735,36.195136
-7.107446,-8.339048,36.195136
-3.682623,-6.163943,36.195136
-1.295740,-3.716278,36.195136
-0.049478,-1.847996,36.195136
0.587510,-0.611087,36.195136
0.888412,0.075002,36.195136
1.047208,0.472483,36.195136
1.160043,0.772994,36.195136
1.232289,0.974420,36.195136
1.302156,1.176680,36.195136
1.369645,1.379741,36.195136
1.402499,1.481563,36.195136
1.434759,1.583574,36.195136
1.497500,1.788147,36.195136
1.527982,1.890702,36.195136
1.557871,1.993431,36.195136
1.615873,2.199393,36.195136
1.671509,2.406005,36.195136
1.750530,2.717070,36.195136
8.895214,9.939313,32.791779
7.806678,11.518225,32.790580
6.578382,13.118741,32.791972
5.032493,14.788885,32.793787
3.142438,16.353507,32.792853
0.873911,17.525568,32.790201
-1.841376,18.756760,32.796413
-4.633896,18.797451,32.798121
-7.936475,19.392702,32.790931
-10.871192,18.294322,32.795190
-11.791603,14.689043,32.799834
-16.456233,14.761137,32.799534
-17.812110,11.604263,32.795635
-17.523301,8.147027,32.790900
-16.824896,4.899892,32.795920
-19.187415,2.225655,32.797015
-19.548837,-1.011881,32.791077
-18.402110,-3.945038,32.793112
-16.011272,-6.295765,32.794734
-14.493284,-8.656969,32.797074
-12.668645,-10.944098,32.795295
-10.004764,-12.210694,32.796053
-7.098533,-12.657813,32.798722
-4.511233,-12.915352,32.797873
-2.056185,-13.400289,32.796678
0.381701,-13.910442,32.795807
2.919682,-14.191151,32.795731
5.620735,-14.233453,32.796506
8.590362,-14.353712,32.797490
11.539007,-13.598876,32.798313
13.134661,-11.076869,32.798126
13.571527,-7.800909,32.794958
13.954393,-5.186670,32.792516
14.119753,-2.760668,32.793272
12.525005,-0.176056,32.797593
11.519385,1.748808,32.795718
11.189814,3.420430,32.792963
10.997371,5.124091,32.795422
10.646774,6.770209,32.798755
9.881832,8.400585,32.796135
10.381838,11.367541,29.393725
8.954764,12.948718,29.391572
7.276295,14.426575,29.390778
5.299445,15.676297,29.392541
3.144126,16.598126,29.388859
0.892953,17.238173,29.393466
-1.679017,17.923669,29.392613
-4.511022,18.399054,29.401853
-7.487799,18.396083,29.389688
-9.479906,16.189563,29.397121
-11.815999,14.711022,29.396221
-14.448891,13.215111,29.390849
-15.126737,10.193143,29.400658
-15.237895,7.323998,29.390408
-15.001794,4.640390,29.397227
-15.854200,2.142427,29.398351
-16.567074,-0.552635,29.387814
-15.615841,-3.053670,29.391776
-14.600311,-5.594040,29.399250
-12.915249,-7.649118,29.397471
-11.527228,-9.793837,29.396532
-9.990193,-12.215942,29.398883
-7.756354,-13.873559,29.399971
-5.101954,-14.678339,29.399688
-2.341000,-14.886297,29.398229
0.319450,-15.024198,29.395780
3.085130,-15.269111,29.394007
5.823548,-15.139399,29.397280
8.638522,-14.496824,29.401177
11.473771,-13.513158,29.395304
13.766352,-11.615803,29.395854
14.993095,-8.910248,29.399833
15.540120,-6.067613,29.399395
16.030637,-3.338702,29.399319
15.186618,-0.623272,29.392231
14.550701,1.639785,29.393987
14.234419,3.857660,29.396055
13.705358,5.916211,29.392692
12.791882,7.837304,29.394143
11.656642,9.653226,29.395235
11.151911,12.071196,25.988831
9.437667,13.632838,25.992037
7.515137,14.929730,25.994634
5.408178,15.890750,25.994146
3.204449,16.614450,25.990937
0.864691,17.239368,25.994094
-1.631960,17.655809,26.001321
-4.261853,17.730162,25.997317
-6.971642,17.286148,25.988868
-9.516027,16.248882,25.988151
-11.600188,14.473294,25.992226
-13.078757,12.153415,25.998861
-13.944774,9.663303,26.000141
-14.355074,7.059500,25.991717
-14.454954,4.530714,25.990864
-14.834112,2.128936,25.992711
-15.202108,-0.346935,25.992062
-14.637343,-2.817704,25.993014
-13.920650,-5.270669,25.995570
-12.905453,-7.553032,25.997336
-11.478678,-9.781429,25.998211
-10.069897,-12.258484,26.000122
-8.105348,-14.597152,25.996933
-5.552858,-16.091324,25.995232
-2.660059,-16.725826,26.000454
0.290516,-16.777864,26.001940
3.236077,-16.535818,25.997588
6.125315,-15.940027,25.992914
8.733529,-14.780330,25.992761
11.066619,-12.992433,25.990033
13.114466,-10.985534,25.987451
14.790928,-8.715770,25.993621
15.743185,-6.133809,26.001011
16.381126,-3.464218,25.991659
16.358812,-0.839655,25.999836
16.075014,1.678892,25.997217
15.668402,4.067515,25.989515
14.971568,6.275329,25.989944
13.881280,8.444987,25.991311
12.654205,10.297555,25.989795
11.597099,12.472955,22.592015
9.695457,14.046001,22.590392
7.668501,15.255525,22.598538
5.482084,16.145916,22.599254
3.211975,16.793410,22.592085
0.888032,17.187818,22.599012
-1.591372,17.356411,22.597279
-4.000882,17.059437,22.591981
-6.622703,16.697791,22.592340
-9.576338,16.404491,22.592352
-11.216838,14.151588,22.594041
-12.361696,11.595066,22.595005
-13.512805,9.340986,22.594799
-14.151960,6.946858,22.593898
-14.503034,4.497417,22.590590
-14.720611,2.147889,22.591165
-14.779307,-0.318808,22.595455
-14.487982,-2.766506,22.594439
-13.998256,-5.194788,22.594760
-13.202394,-7.862413,22.598415
-12.018693,-10.387522,22.599690
-10.550029,-13.020961,22.600077
-8.637957,-15.474274,22.597589
-6.003567,-17.343776,22.593969
-2.920610,-18.265694,22.598273
0.319228,-18.438969,22.599758
3.375837,-17.921465,22.594528
6.338975,-16.643302,22.590554
8.843663,-14.947331,22.595449
10.792593,-12.547285,22.592884
12.440620,-10.296922,22.592846
14.186480,-8.254267,22.600095
15.450015,-6.007119,22.599190
16.164976,-3.426842,22.593430
16.801618,-0.917060,22.597189
16.796234,1.635090,22.603045
16.330891,4.182361,22.596529
15.602174,6.531761,22.594366
14.503376,8.751511,22.598173
13.176901,10.715032,22.596934
11.861687,12.720166,19.199315
9.901351,14.310616,19.196146
7.819991,15.532677,19.197164
5.575612,16.424479,19.197592
3.224563,16.972287,19.193065
0.822473,17.196830,19.188058
-1.496760,17.143108,19.189996
-3.925201,16.589711,19.199255
-6.383021,16.211642,19.202484
-9.327491,16.116166,19.192179
-10.936246,13.822227,19.189866
-12.069699,11.441989,19.193478
-13.413168,9.351041,19.197270
-14.318788,6.986461,19.200067
-14.868917,4.620718,19.196840
-15.065596,2.116308,19.192443
-14.954004,-0.299225,19.192419
-14.813292,-2.822315,19.195462
-14.505076,-5.544110,19.195524
-13.859935,-8.326523,19.191604
-12.869170,-11.120910,19.191668
-11.327204,-14.032867,19.194825
-9.221888,-16.573629,19.195681
-6.431953,-18.539667,19.193480
-3.088458,-19.584979,19.196522
0.237691,-19.756194,19.196827
3.541803,-19.022250,19.193115
6.460418,-17.258337,19.191354
8.951885,-15.082146,19.188696
10.775978,-12.495019,19.195833
12.225570,-10.034325,19.195166
13.704739,-7.978891,19.191350
15.164658,-5.789556,19.199899
15.858150,-3.371647,19.192914
16.849253,-0.905859,19.189583
16.985976,1.671925,19.197742
16.560679,4.186722,19.192609
15.877846,6.602915,19.193358
14.800074,8.899000,19.201551
13.475861,10.925605,19.202786
11.940779,12.910702,15.794756
10.048030,14.477929,15.797948
7.945958,15.749397,15.799441
5.666978,16.667855,15.796162
3.263006,17.183911,15.792650
0.809956,17.307537,15.789787
-1.531891,17.076605,15.788206
-3.880075,16.400477,15.793648
-6.169469,15.795574,15.798706
-8.830602,15.315717,15.795254
-10.706677,13.529402,15.799829
-12.139332,11.450982,15.794766
-13.583496,9.361176,15.789138
-14.664651,7.150769,15.800529
-15.431157,4.681071,15.798380
-15.652361,2.136739,15.792499
-15.477961,-0.430916,15.795928
-15.457962,-3.003214,15.796987
-15.323247,-5.893073,15.799246
-14.749588,-8.859440,15.801731
-13.796356,-12.082164,15.790637
-12.161988,-15.121283,15.790962
-9.789960,-17.670443,15.801272
-6.778989,-19.608490,15.800750
-3.356542,-20.621867,15.798119
0.248443,-20.697107,15.797993
3.669149,-19.706488,15.796498
6.610426,-17.658965,15.791144
9.026489,-15.340480,15.791523
11.066167,-12.952698,15.798433
12.477619,-10.305161,15.796736
13.643534,-7.890269,15.794725
15.012938,-5.719383,15.801938
15.686175,-3.248319,15.795978
16.627872,-0.954598,15.799348
16.838910,1.659546,15.798897
16.491464,4.119403,15.794689
15.875219,6.597340,15.799873
14.895042,8.864915,15.802665
13.621071,10.971435,15.797673
11.962008,12.952183,12.394191
10.163310,14.521713,12.390686
8.052750,15.861669,12.387239
5.752013,16.839026,12.391869
3.312481,17.399032,12.400964
0.812641,17.521764,12.401637
-1.547352,17.191493,12.400728
-3.847059,16.533237,12.399582
-6.053174,15.634279,12.396628
-8.265807,14.473946,12.393476
-10.486179,13.283910,12.390595
-12.349326,11.666388,12.393790
-13.785078,9.591530,12.397338
-15.086507,7.326749,12.391503
-16.044856,4.765108,12.391138
-16.341330,2.175729,12.395594
-16.216061,-0.438413,12.398837
-16.313415,-3.281532,12.401528
-16.283963,-6.334224,12.403489
-15.705299,-9.589406,12.401112
-14.754520,-12.998451,12.390914
-12.924884,-16.113599,12.391274
-10.247257,-18.621281,12.398168
-7.086265,-20.423331,12.399219
-3.453487,-21.366777,12.400929
0.198919,-21.259801,12.395700
3.732711,-20.008578,12.395026
6.681116,-17.869025,12.401345
9.157598,-15.539504,12.389999
11.429292,-13.407210,12.397237
12.841445,-10.768060,12.403097
13.800274,-7.947830,12.394737
14.933744,-5.723219,12.387473
15.547125,-3.188721,12.387015
16.315023,-0.793793,12.396911
16.460708,1.669202,12.398716
16.200655,4.060437,12.394094
15.681096,6.492410,12.389195
14.760413,8.830358,12.388491
13.540489,11.017399,12.392588
11.933285,12.842949,9.001274
10.071467,14.569059,8.991845
8.046535,15.899681,8.988529
5.728357,16.933312,8.999227
3.382833,17.548682,9.002650
0.846320,17.765165,9.001599
-1.543977,17.479420,9.000409
-4.037410,16.874531,8.996523
-6.236339,15.901615,8.992549
-8.042860,14.274685,8.996670
-10.363764,13.247024,8.996046
-12.660769,11.825887,8.994237
-14.150014,9.702047,8.997245
-15.513845,7.428583,9.001044
-16.567792,4.868599,8.998250
-17.016236,2.138722,8.992862
-17.054130,-0.632560,8.992282
-17.281898,-3.630588,8.997854
-17.268409,-6.839797,8.995855
-16.653383,-10.263982,8.987593
-15.592416,-13.817713,8.994974
-13.546938,-16.857935,8.999533
-10.568276,-19.291587,8.999747
-7.266008,-20.939699,9.001937
-3.536466,-21.751992,9.001229
0.259784,-21.412466,8.995824
3.687483,-20.014185,8.989533
6.694492,-17.870414,8.988583
9.184281,-15.644575,8.994563
11.505464,-13.512554,8.998479
13.060611,-10.884282,8.999415
13.985730,-8.116933,8.997964
14.876833,-5.624906,8.995243
15.383251,-3.140290,8.993393
15.845967,-0.754963,8.991562
15.937832,1.654459,8.994219
15.755310,4.078727,8.997555
15.306076,6.451011,8.997969
14.486126,8.741451,8.998644
13.382666,10.904479,9.000619
11.760176,12.694605,5.592694
10.035925,14.420218,5.593231
8.030001,15.807249,5.594110
5.713920,16.889043,5.589026
3.376242,17.587904,5.599355
0.835983,17.912354,5.600233
-1.585606,17.777191,5.598239
-4.129870,17.342947,5.598271
-6.525905,16.500191,5.596324
-8.472157,14.842459,5.597936
-10.674347,13.540048,5.595644
-12.844060,12.031420,5.593604
-14.487023,9.890639,5.595235
-15.840873,7.588102,5.595864
-16.940888,5.025049,5.594493
-17.613168,2.204794,5.593076
-17.905933,-0.686559,5.593331
-18.237112,-3.931939,5.594284
-18.167247,-7.276213,5.595154
-17.461404,-10.830757,5.597937
-16.227972,-14.350603,5.602320
-13.883850,-17.351409,5.595624
-10.739900,-19.609705,5.588032
-7.225403,-21.134002,5.590352
-3.548847,-21.754482,5.596251
0.243389,-21.213531,5.595163
3.655444,-19.708391,5.592195
6.626497,-17.673068,5.594849
9.171540,-15.467167,5.599573
11.260712,-13.284021,5.597435
12.994149,-10.807084,5.595363
14.078484,-8.241606,5.598007
14.703145,-5.522526,5.601464
15.130383,-3.120487,5.600867
15.318220,-0.691072,5.598891
15.341810,1.632284,5.600969
15.237663,3.953528,5.594256
14.864654,6.243221,5.591338
14.128561,8.574023,5.600006
13.139644,10.683499,5.598917
11.491351,12.483150,2.199158
9.830814,14.261524,2.192435
7.848886,15.674152,2.186361
5.649235,16.720162,2.190571
3.335151,17.479331,2.195438
0.818215,17.889312,2.197230
-1.613619,17.912995,2.193702
-4.272017,17.627766,2.188798
-6.735335,16.980439,2.189991
-9.046347,15.649100,2.195213
-11.097144,13.942324,2.195143
-13.026638,12.094804,2.195190
-14.755184,10.071922,2.195595
-16.112521,7.643646,2.189967
-17.243688,4.966333,2.193152
-18.103559,2.206354,2.194691
-18.702277,-0.868722,2.187828
-19.048848,-4.103506,2.192940
-18.864216,-7.678168,2.196154
-18.033982,-11.195216,2.194254
-16.469536,-14.693693,2.198550
-13.897462,-17.509746,2.198763
-10.759087,-19.538636,2.192938
-7.186514,-20.906778,2.190930
-3.494617,-21.362461,2.198680
0.264420,-20.669786,2.192288
3.645122,-19.120958,2.190221
6.453250,-17.265877,2.197365
8.927627,-15.157302,2.199642
10.928802,-12.774530,2.202693
12.644804,-10.539977,2.196581
13.924450,-8.116457,2.188279
14.353724,-5.350278,2.193684
14.756066,-2.944412,2.197582
14.749619,-0.520331,2.190427
14.736394,1.684788,2.187197
14.681533,3.883089,2.189004
14.348560,6.061880,2.191312
13.737035,8.298286,2.195363
12.805814,10.429198,2.199112
11.163817,12.190897,-1.204821
9.668710,13.920199,-1.204580
7.749631,15.365892,-1.202204
5.585682,16.410589,-1.210164
3.313503,17.198372,-1.205925
0.843942,17.662526,-1.201945
-1.675784,17.788871,-1.207909
-4.177677,17.606745,-1.210186
-6.761441,17.067672,-1.202965
-9.340087,16.062342,-1.204930
-11.291915,14.187118,-1.208078
-13.044667,12.188034,-1.207486
-14.894271,10.179747,-1.205734
-16.251469,7.662519,-1.205729
-17.369541,5.017745,-1.202981
-18.428372,2.242835,-1.198749
-19.302175,-0.958503,-1.198213
-19.591929,-4.265197,-1.204280
-19.275060,-7.803671,-1.211275
-18.262151,-11.328556,-1.212230
-16.403011,-14.623422,-1.208100
-13.797337,-17.194941,-1.209195
-10.550778,-19.153371,-1.204477
-6.966438,-20.348459,-1.199425
-3.306052,-20.606203,-1.208497
0.273699,-19.839047,-1.210164
3.503974,-18.361773,-1.206609
6.292243,-16.553354,-1.206275
8.640461,-14.534013,-1.209874
10.468432,-12.214828,-1.212841
12.151036,-9.998894,-1.206396
13.440589,-7.756224,-1.196354
13.818266,-5.136608,-1.197252
14.232702,-2.758920,-1.204025
14.166265,-0.487056,-1.206119
14.146189,1.688718,-1.201673
14.105189,3.854433,-1.201442
13.783421,5.893923,-1.208511
13.255132,8.116329,-1.212323
12.416768,10.128693,-1.207758
10.812088,11.807920,-4.600309
9.409671,13.532756,-4.595750
7.569360,14.974196,-4.609540
5.465466,15.989729,-4.614366
3.256580,16.761849,-4.606921
0.859627,17.232336,-4.611330
-1.591589,17.394113,-4.604112
-4.130575,17.225427,-4.598568
-6.659874,16.738986,-4.613321
-9.234258,15.939278,-4.604860
-11.250957,14.104278,-4.602508
-12.980564,12.166988,-4.607442
-14.874324,10.156276,-4.608903
-16.211377,7.716664,-4.606051
-17.377811,5.057413,-4.602740
-18.589471,2.185311,-4.604226
-19.552015,-1.007299,-4.609073
-19.704174,-4.339299,-4.606256
-19.245659,-7.782507,-4.599687
-18.041859,-11.240356,-4.600196
-16.035597,-14.197336,-4.607144
-13.317364,-16.677061,-4.601824
-10.216365,-18.441995,-4.599539
-6.685810,-19.468874,-4.601050
-3.118398,-19.551076,-4.596120
0.244157,-18.771047,-4.603274
3.391271,-17.350413,-4.610652
6.013679,-15.659375,-4.607933
8.279475,-13.673478,-4.602206
9.973510,-11.489209,-4.604306
11.466957,-9.379337,-4.602381
12.717276,-7.175650,-4.597601
13.148520,-4.760578,-4.604407
13.590419,-2.564725,-4.599016
13.548377,-0.358146,-4.595345
13.544289,1.647285,-4.599985
13.511159,3.748844,-4.604658
13.177632,5.731718,-4.608139
12.765008,7.799552,-4.612621
11.945744,9.874320,-4.609644
10.391215,11.420045,-8.009584
9.073934,13.092406,-8.011508
7.329053,14.494494,-7.995623
5.309531,15.454201,-8.007187
3.085352,16.204040,-7.996863
0.891187,16.616393,-8.007030
-1.455537,16.766908,-8.007382
-3.887017,16.596085,-7.999517
-6.309549,16.141026,-8.014461
-8.886345,15.413147,-8.012182
-10.959832,13.805101,-8.006219
-12.793689,11.970695,-8.007598
-14.667239,9.958301,-8.009778
-16.049069,7.554036,-8.002542
-17.210065,5.032498,-7.998108
-18.391257,2.171805,-8.001791
-19.227792,-0.908699,-8.009010
-19.244782,-4.206218,-8.010449
-18.672530,-7.597959,-8.008519
-17.422125,-10.748670,-8.005584
-15.279747,-13.555610,-8.003719
-12.699432,-15.799306,-8.006781
-9.608765,-17.484106,-8.009643
-6.296521,-18.309205,-8.006954
-2.881234,-18.226167,-8.001833
0.329791,-17.433198,-8.005271
3.159939,-16.188465,-8.002933
5.675948,-14.580194,-7.996744
7.746204,-12.730298,-8.001891
9.396030,-10.650818,-8.001156
10.747846,-8.591796,-7.999537
11.832853,-6.522175,-8.002815
12.375110,-4.354863,-7.999874
12.873407,-2.268591,-8.001288
12.895199,-0.261944,-8.009355
12.922980,1.659601,-8.007598
12.886251,3.666108,-7.995965
12.540914,5.561097,-8.000566
12.201153,7.550808,-8.015534
11.454761,9.552339,-8.012271
9.953209,10.937281,-11.401014
8.664608,12.601300,-11.397983
7.018574,13.917592,-11.399719
5.013557,14.836159,-11.398109
3.001731,15.467934,-11.406910
0.830958,15.845913,-11.399652
-1.377921,15.951564,-11.405295
-3.667139,15.747145,-11.412177
-5.944177,15.313332,-11.400307
-8.362697,14.640690,-11.397065
-10.458141,13.296461,-11.404987
-12.350916,11.613432,-11.408924
-14.103320,9.698678,-11.407613
-15.520301,7.387294,-11.410035
-16.645800,4.921625,-11.407172
-17.621403,2.174976,-11.401728
-18.238309,-0.767502,-11.403070
-18.181548,-3.870674,-11.411122
-17.615740,-7.060727,-11.405371
-16.382200,-9.998238,-11.397856
-14.278140,-12.573995,-11.402007
-11.831156,-14.670266,-11.397630
-9.002137,-16.190006,-11.402923
-5.864037,-16.886643,-11.409405
-2.655278,-16.684805,-11.397684
0.362824,-15.908756,-11.406620
2.946106,-14.804294,-11.412543
5.321244,-13.300887,-11.404401
7.178952,-11.613977,-11.405700
8.766170,-9.671356,-11.402602
9.942562,-7.802436,-11.394841
10.891750,-5.810295,-11.396377
11.533105,-3.913624,-11.409111
12.078938,-2.075329,-11.400724
12.207257,-0.090179,-11.396382
12.278578,1.720554,-11.400719
12.240274,3.506288,-11.398319
11.875849,5.384666,-11.398976
11.596508,7.265148,-11.404085
10.930104,9.163134,-11.404450
9.415301,10.428518,-14.811029
8.229741,11.966687,-14.802217
6.629829,13.227053,-14.808521
4.764341,14.040786,-14.810146
2.805398,14.601064,-14.811479
0.793485,14.902004,-14.802646
-1.244513,14.953728,-14.807906
-3.355413,14.719788,-14.813571
-5.447553,14.296972,-14.808469
-7.673904,13.672064,-14.806644
-9.714809,12.586058,-14.808231
-11.586370,11.060720,-14.808382
-13.182643,9.260428,-14.808113
-14.568802,7.068208,-14.809019
-15.547968,4.768307,-14.802026
-16.227000,2.168378,-14.800381
-16.550011,-0.496329,-14.810257
-16.514933,-3.360962,-14.812308
-16.061443,-6.311658,-14.803055
-14.921932,-9.022219,-14.799207
-13.011149,-11.303534,-14.809659
-10.756024,-13.243232,-14.815657
-8.145233,-14.647411,-14.807198
-5.238032,-15.227073,-14.797726
-2.289160,-14.916268,-14.804015
0.315150,-14.224630,-14.805650
2.795907,-13.205969,-14.802833
4.843861,-11.934970,-14.801742
6.624847,-10.320393,-14.801222
8.000806,-8.686851,-14.808321
9.137933,-6.891184,-14.814037
9.922383,-5.112719,-14.804977
10.668403,-3.420652,-14.804003
11.273812,-1.762664,-14.808147
11.480738,-0.026829,-14.810563
11.585084,1.736169,-14.812079
11.526902,3.474081,-14.813353
11.193892,5.112649,-14.809013
10.939941,6.942763,-14.803423
10.346975,8.702034,-14.809472
8.810857,9.789156,-18.201352
7.624884,11.289664,-18.205262
6.160395,12.389807,-18.201584
4.465441,13.082869,-18.199827
2.608758,13.551278,-18.196486
0.791048,13.765692,-18.209644
-1.041462,13.766171,-18.200503
-2.936396,13.512692,-18.200452
-4.889286,13.083784,-18.212218
-6.808795,12.532152,-18.209308
-8.772253,11.608464,-18.200054
-10.458578,10.259715,-18.205167
-11.905583,8.529044,-18.212741
-13.087556,6.617650,-18.204286
-13.943196,4.441498,-18.197451
-14.281854,2.142202,-18.199404
-14.272750,-0.192511,-18.203049
-14.298675,-2.686993,-18.198775
-14.045015,-5.269156,-18.202643
-13.095036,-7.745290,-18.209317
-11.482206,-9.771529,-18.205520
-9.479916,-11.548418,-18.205584
-7.213943,-12.788669,-18.205127
-4.594795,-13.299368,-18.200047
-1.952950,-12.962773,-18.196582
0.385310,-12.314226,-18.198294
2.474012,-11.493665,-18.201690
4.408272,-10.339892,-18.204341
5.957306,-8.957987,-18.210138
7.220304,-7.507539,-18.215877
8.243889,-5.991272,-18.211803
8.924825,-4.381523,-18.195876
9.712277,-2.918713,-18.209506
10.391974,-1.490538,-18.207551
10.683626,0.144983,-18.192109
10.814839,1.727123,-18.198639
10.759266,3.375033,-18.200014
10.443543,4.929315,-18.204407
10.205147,6.574558,-18.214976
9.646535,8.237193,-18.208134
8.010416,9.097640,-21.599792
6.958443,10.376667,-21.597743
5.602779,11.332927,-21.604842
4.048723,11.915155,-21.595896
2.424502,12.248427,-21.614148
0.772873,12.398295,-21.610997
-0.884119,12.325701,-21.613500
-2.520082,12.054577,-21.608204
-4.205095,11.662556,-21.607626
-5.860875,11.150437,-21.608638
-7.549072,10.325128,-21.597531
-8.964830,9.101451,-21.604841
-10.110060,7.609816,-21.613540
-11.072893,5.916726,-21.609502
-11.756547,4.070396,-21.612540
-11.813777,2.076908,-21.608707
-11.542145,0.140329,-21.598026
-11.613593,-1.873186,-21.597646
-11.556480,-4.048518,-21.604750
-10.888023,-6.178616,-21.608474
-9.599923,-8.013044,-21.604957
-7.958330,-9.546946,-21.607524
-6.001613,-10.639898,-21.607023
-3.802294,-11.076463,-21.598290
-1.593647,-10.768649,-21.594509
0.428062,-10.175654,-21.600051
2.246833,-9.491198,-21.605816
3.825116,-8.609205,-21.602260
5.202257,-7.453296,-21.602434
6.316832,-6.217706,-21.607987
7.265364,-4.941811,-21.608720
7.854220,-3.543035,-21.602065
8.601376,-2.325461,-21.608977
9.392562,-1.128023,-21.606949
9.727549,0.282131,-21.600374
9.892821,1.716330,-21.609045
9.856599,3.220490,-21.602824
9.574381,4.637957,-21.612444
9.327715,6.202675,-21.597926
8.821901,7.635584,-21.598795
7.035321,8.103134,-25.008181
6.074526,9.206880,-24.997627
4.887473,9.965540,-25.004624
3.547827,10.401384,-25.007216
2.157270,10.624509,-25.011424
0.752316,10.701031,-25.001652
-0.591474,10.572180,-25.003892
-1.972653,10.299918,-25.004435
-3.341391,9.962186,-25.008353
-4.709736,9.436116,-25.005512
-5.945611,8.639745,-24.999539
-6.980845,7.593595,-25.007881
-7.793423,6.385238,-25.012335
-8.493238,5.010898,-25.008430
-8.996258,3.606409,-25.005760
-8.826211,2.073090,-25.005494
-8.434615,0.589304,-25.003763
-8.549325,-0.927327,-24.998781
-8.629426,-2.641993,-25.002710
-8.241724,-4.301779,-25.011494
-7.383426,-5.843938,-25.011191
-6.165746,-7.122766,-25.011475
-4.649404,-8.034643,-25.009085
-2.925290,-8.443130,-25.001337
-1.134214,-8.216170,-25.005600
0.446962,-7.712474,-25.012719
1.884653,-7.204434,-25.011632
3.197340,-6.547621,-25.005937
4.322181,-5.699900,-25.001145
5.253009,-4.724138,-25.000198
6.086564,-3.729631,-25.000413
6.630849,-2.618469,-25.001260
7.178186,-1.602932,-25.003254
8.146112,-0.672872,-25.004763
8.517440,0.516974,-25.002727
8.730075,1.786246,-24.999022
8.697069,3.074640,-25.001352
8.476817,4.287860,-25.013941
8.230360,5.612522,-25.009084
7.746497,6.876064,-25.013779
5.600657,6.720994,-28.404434
4.812169,7.507858,-28.406498
3.868200,8.029450,-28.404910
2.784726,8.293855,-28.403514
1.756056,8.417046,-28.406583
0.722269,8.390043,-28.406730
-0.296874,8.225097,-28.408497
-1.281974,8.033482,-28.411036
-2.217025,7.717974,-28.410144
-3.023758,7.076042,-28.405097
-3.714872,6.396757,-28.402949
-4.329401,5.635135,-28.401416
-4.772854,4.754025,-28.398218
-5.197011,3.894251,-28.402391
-5.416140,2.955665,-28.409550
-5.018307,2.002225,-28.407068
-4.757836,1.142146,-28.402550
-4.918750,0.198597,-28.400876
-5.085440,-0.885532,-28.400164
-4.965383,-1.997987,-28.399890
-4.574120,-3.098083,-28.401238
-3.865626,-4.064918,-28.403870
-2.911422,-4.737871,-28.405520
-1.793227,-5.102157,-28.403958
-0.602795,-5.072527,-28.402507
0.502597,-4.711689,-28.404033
1.514794,-4.320094,-28.406862
2.389643,-3.951230,-28.407160
3.239752,-3.433138,-28.402782
3.918779,-2.826391,-28.402699
4.522046,-2.143216,-28.404553
5.059632,-1.460526,-28.398493
5.385538,-0.623527,-28.402591
6.157307,-0.013114,-28.406551
6.773158,0.800875,-28.405735
7.037251,1.815452,-28.400146
7.017217,2.807082,-28.410348
6.902024,3.834601,-28.403279
6.642165,4.835813,-28.405101
6.186828,5.812851,-28.408126
2.570778,2.811489,-31.804865
