13.542111,33.180211,30.956404
8.054727,33.441122,30.956404
2.801777,32.854222,30.956404
-1.919146,31.697107,30.956404
-6.101500,30.212978,30.956404
-10.147441,28.391108,30.956404
-13.870007,26.390664,30.956404
-17.271212,24.257431,30.956404
-20.671980,21.748434,30.956404
-23.827441,18.936864,30.956404
-26.638236,15.779052,30.956404
-29.139126,11.852928,30.956404
-30.643771,7.678039,30.956404
-31.113519,3.046149,30.956404
-30.581887,-1.364521,30.956404
-29.204758,-5.806261,30.956404
-27.277081,-9.804554,30.956404
-24.874345,-13.536830,30.956404
-22.082934,-16.986792,30.956404
-18.960939,-20.140572,30.956404
-15.379079,-23.104873,30.956404
-11.511560,-25.685053,30.956404
-6.998081,-28.000804,30.956404
-2.215148,-29.690782,30.956404
3.191428,-30.680793,30.956404
8.899463,-30.725122,30.956404
14.532300,-29.797301,30.956404
20.324077,-27.788614,30.956404
25.685428,-24.813956,30.956404
30.607722,-20.812561,30.956404
34.709640,-15.973277,30.956404
37.955669,-10.034326,30.956404
39.784079,-3.740873,30.956404
40.270911,2.798738,30.956404
39.451362,9.514599,30.956404
37.393475,15.740449,30.956404
34.173205,21.201716,30.956404
29.823967,25.847838,30.956404
24.567953,29.497785,30.956404
18.391610,30.896077,27.710976
12.948477,31.948106,27.713194
7.631961,32.019873,27.705894
2.568914,31.419044,27.701158
-1.980077,30.445254,27.705914
-5.988547,29.158757,27.712865
-9.796731,27.361111,27.714318
-13.120202,25.161497,27.711831
-16.240645,22.672635,27.709372
-19.093821,20.222006,27.706605
-21.905026,17.711376,27.703589
-24.856898,14.692512,27.705547
-26.830381,11.253711,27.707577
-28.362773,7.313969,27.704529
-29.868567,3.147975,27.700926
-31.107591,-1.564725,27.702663
-31.226014,-6.437145,27.699672
-30.496574,-11.479985,27.702770
-29.094268,-16.410281,27.707003
-26.412755,-21.220159,27.705828
-22.585946,-24.933899,27.705365
-18.227192,-28.716089,27.708623
-13.435709,-31.887197,27.708955
-8.147135,-34.205126,27.707842
-2.131455,-35.711278,27.705296
4.064785,-36.091084,27.700510
10.230190,-35.387904,27.706283
16.418353,-33.636253,27.710354
22.411670,-30.774211,27.711115
27.833792,-26.904892,27.712990
32.400898,-22.074496,27.710823
35.763056,-16.342900,27.701423
38.783997,-10.444007,27.705458
41.539242,-4.057423,27.706519
42.317491,2.871788,27.702179
40.730815,9.612114,27.710231
39.256301,16.162284,27.711445
35.151330,21.741414,27.704415
29.611592,25.741517,27.701119
23.963001,28.835044,27.705086
17.325698,29.458425,24.463992
12.023342,30.340879,24.464316
7.094060,30.313837,24.453368
2.433227,29.734459,24.451784
-1.942454,28.793717,24.451753
-5.778578,27.566930,24.448763
-9.410536,25.822536,24.462609
-12.532204,23.654437,24.453419
-15.285629,21.359542,24.453661
-17.960191,18.989867,24.458217
-20.638552,16.606643,24.449837
-23.385316,13.954484,24.455215
-25.284323,10.694945,24.456080
-26.944147,7.004458,24.456223
-29.026943,3.043456,24.457212
-31.068682,-1.433768,24.451737
-32.049019,-6.710869,24.458857
-31.974472,-12.088890,24.458369
-30.808566,-17.814142,24.454178
-28.169340,-22.970913,24.457850
-24.160153,-27.207507,24.462745
-19.706564,-31.305196,24.464202
-14.555577,-34.846608,24.459110
-8.587068,-37.427876,24.457893
-2.253618,-38.837827,24.461415
4.460943,-39.025794,24.457297
11.100701,-38.025141,24.454058
17.698302,-35.868606,24.460129
23.638294,-32.745574,24.460605
29.121878,-28.477855,24.452938
33.597419,-23.172955,24.451650
36.638541,-16.936338,24.453049
38.984788,-10.445240,24.461877
41.201280,-3.967691,24.460545
41.620593,2.763372,24.453894
39.344406,9.402383,24.460840
37.803267,15.795766,24.462363
33.400185,20.836295,24.459428
27.703563,24.464435,24.458314
22.646166,27.367518,24.460319
16.074890,27.803249,21.210356
11.048273,28.587290,21.212533
6.399469,28.549972,21.205697
2.023296,27.961278,21.200556
-1.850785,27.047817,21.205148
-5.417478,25.869389,21.211642
-8.821296,24.277382,21.208900
-11.802264,22.378404,21.212400
-14.439502,20.365890,21.207563
-16.969388,18.230241,21.200248
-19.625773,15.891962,21.204218
-22.214863,13.468261,21.203676
-24.274495,10.354601,21.199736
-26.174272,6.844923,21.204344
-28.449170,3.054883,21.213275
-30.716831,-1.492493,21.208267
-31.971804,-6.645607,21.200117
-32.207608,-12.178093,21.201067
-31.252121,-18.078029,21.208590
-28.859071,-23.537922,21.213259
-25.047440,-28.424325,21.212632
-20.471084,-32.922558,21.209793
-15.045073,-36.723907,21.207176
-8.965611,-39.392216,21.209409
-2.266204,-40.839051,21.213654
4.809804,-40.937753,21.211877
11.785025,-39.756689,21.208858
18.466234,-37.424508,21.206608
24.652582,-33.995769,21.209839
30.116258,-29.489787,21.211546
34.620235,-23.747933,21.204413
37.458099,-17.265716,21.206374
38.990599,-10.592522,21.210444
39.575869,-3.730247,21.209122
38.740888,2.803545,21.202740
36.391543,9.030070,21.200078
33.911723,14.485057,21.207500
29.937314,19.141754,21.206473
25.390458,22.830031,21.203487
20.925131,25.781743,21.205703
15.061048,26.151004,17.949908
10.309755,26.950824,17.959553
5.926295,26.992854,17.959424
1.807844,26.426491,17.960334
-2.002609,25.411402,17.963901
-5.297702,24.224026,17.963708
-8.297067,22.886506,17.961896
-11.186617,21.326584,17.957246
-13.946417,19.544418,17.958741
-16.542922,17.537886,17.958299
-19.016638,15.374739,17.951733
-21.563235,12.964851,17.956654
-23.696058,10.197554,17.955280
-25.847449,6.885813,17.957724
-28.108811,3.139382,17.964543
-30.086015,-1.255160,17.955656
-31.356281,-6.354315,17.951677
-31.741218,-12.043635,17.951229
-30.976589,-17.904882,17.951852
-28.877943,-23.672837,17.956900
-25.488991,-29.048370,17.961225
-20.957513,-33.807757,17.951702
-15.441360,-37.776741,17.957362
-9.052166,-40.655922,17.959985
-2.195817,-42.129345,17.950194
5.034079,-42.199061,17.952939
12.153988,-40.949578,17.951371
18.954398,-38.497527,17.951025
25.233748,-34.914352,17.950784
30.894927,-30.070688,17.952424
35.246204,-24.293894,17.960014
38.057883,-17.630051,17.961024
39.153815,-10.475974,17.953376
38.610479,-3.498149,17.955383
37.020319,2.892722,17.961817
34.642992,8.774619,17.955932
31.394040,13.712674,17.949195
27.750264,18.089427,17.956065
23.857910,21.657845,17.957892
19.563489,24.391955,17.950799
14.102377,24.925407,14.709222
9.598015,25.729917,14.709778
5.459295,25.850937,14.705600
1.576211,25.310680,14.698748
-1.981500,24.272900,14.702536
-5.031333,23.101035,14.711609
-8.042678,21.833849,14.706462
-10.835866,20.607547,14.700707
-13.527268,19.174200,14.700502
-16.203606,17.299485,14.702181
-18.674585,15.159973,14.700406
-21.021312,12.885667,14.699337
-23.496723,10.134380,14.709560
-25.996488,6.826453,14.709349
-28.115176,3.026446,14.699153
-29.602228,-1.305761,14.706089
-30.646275,-6.208179,14.708330
-31.053692,-11.644614,14.712105
-30.440688,-17.488059,14.711339
-28.682778,-23.345679,14.703191
-25.689305,-29.158686,14.702877
-21.190172,-34.190264,14.705286
-15.563850,-38.343182,14.705116
-9.248531,-41.282980,14.703258
-2.221349,-42.847621,14.703616
5.189698,-42.943358,14.703852
12.276819,-41.709244,14.696991
19.237283,-39.167193,14.709180
25.638447,-35.427334,14.711088
31.219018,-30.550465,14.700045
35.639109,-24.597489,14.707764
38.499133,-17.752883,14.704931
39.380857,-10.604086,14.707401
38.406331,-3.495287,14.707517
36.548294,2.801657,14.707694
34.080534,8.603832,14.712274
30.392851,13.453520,14.701896
26.861038,17.629819,14.704889
22.956753,21.068873,14.710609
18.501989,23.463596,14.710083
13.605775,24.316852,11.459769
9.333437,25.140994,11.463668
5.425110,25.350175,11.455166
1.536110,24.883705,11.452261
-2.014275,23.846820,11.458014
-5.047079,22.643475,11.460045
-7.870067,21.503275,11.457940
-10.722436,20.433276,11.456746
-13.664470,19.030268,11.454986
-16.194953,17.330165,11.452699
-18.663489,15.197041,11.452310
-20.949804,12.869987,11.454216
-23.695368,10.080791,11.454796
-26.327597,6.882785,11.452004
-28.204352,3.207205,11.452763
-29.334897,-1.225185,11.459148
-30.159185,-5.941746,11.453316
-30.521693,-11.368772,11.455828
-29.920919,-17.203023,11.462397
-28.311694,-23.096371,11.461454
-25.590408,-29.029067,11.462114
-21.221119,-34.155276,11.452216
-15.657738,-38.385464,11.453981
-9.191458,-41.480951,11.463317
-2.184766,-43.092841,11.463050
5.213985,-43.240608,11.455747
12.508037,-41.990996,11.453657
19.445832,-39.419912,11.461492
25.803165,-35.627159,11.458465
31.331105,-30.709017,11.449259
35.735671,-24.759172,11.457912
38.660816,-17.952970,11.464832
39.594075,-10.605336,11.455303
38.582661,-3.512296,11.446228
36.676194,2.761821,11.449826
34.147912,8.528163,11.458268
30.369166,13.288322,11.462062
26.619720,17.569266,11.460962
22.621906,20.840918,11.458089
18.058076,22.985467,11.456748
13.682284,24.464080,8.200757
9.416167,25.339517,8.203820
5.509723,25.582129,8.204832
1.599925,25.246615,8.200247
-1.992023,24.369777,8.205952
-5.055679,23.236303,8.214395
-8.087455,22.026693,8.200738
-10.929204,20.921790,8.200271
-13.852823,19.477517,8.203625
-16.553041,17.633323,8.202175
-18.998791,15.471737,8.202586
-21.360888,12.912795,8.201743
-23.976964,10.297400,8.201066
-26.766063,6.948220,8.202239
-28.527527,3.207280,8.205926
-29.498613,-1.265315,8.209117
-30.201635,-6.005313,8.202250
-30.401632,-11.224418,8.196146
-29.694127,-16.836024,8.201851
-28.020105,-22.710495,8.209821
-25.288635,-28.643664,8.205008
-20.979184,-33.830055,8.207711
-15.457303,-38.113865,8.206397
-9.204089,-41.171370,8.206430
-2.213570,-42.867979,8.209449
5.188746,-43.091412,8.202641
12.496886,-41.890287,8.197648
19.438138,-39.313187,8.201441
25.770542,-35.468742,8.203278
31.256831,-30.496664,8.201405
35.648980,-24.531854,8.205552
38.570117,-17.955941,8.210124
39.682310,-10.630343,8.205985
38.921137,-3.714840,8.203803
37.049777,2.797975,8.204271
34.476181,8.552737,8.203020
30.563859,13.493163,8.210956
26.873561,17.533340,8.212176
22.650091,20.895810,8.206938
18.103840,23.070846,8.201863
14.088877,25.036495,4.954346
9.842599,26.008769,4.962737
5.724744,26.320133,4.965274
1.800547,26.202684,4.957967
-1.853879,25.657549,4.954558
-5.398032,24.584900,4.961602
-8.424901,23.362797,4.963850
-11.572539,21.870774,4.954075
-14.384889,20.217006,4.948353
-17.021717,18.285841,4.950355
-19.582499,15.927625,4.954847
-21.855844,13.290325,4.963079
-24.547416,10.441503,4.965417
-27.220910,7.011735,4.963136
-28.977800,3.022451,4.958721
-29.942993,-1.225480,4.952089
-30.613491,-6.190756,4.952827
-30.572419,-11.411224,4.949079
-29.616373,-16.770830,4.953547
-27.653707,-22.547149,4.962793
-24.729314,-28.142483,4.948593
-20.545629,-33.158772,4.949547
-15.240522,-37.346676,4.951214
-8.997081,-40.438585,4.951374
-2.237749,-42.150403,4.958602
4.943225,-42.468347,4.963685
12.264252,-41.350393,4.950311
19.212199,-38.792133,4.952926
25.343950,-35.038479,4.957615
30.808435,-30.042999,4.953482
35.098387,-24.275127,4.957834
38.215937,-17.552921,4.963455
39.497628,-10.700333,4.961328
39.104955,-3.746116,4.956971
37.432813,2.809773,4.958124
34.724448,8.746900,4.959148
31.019835,13.581454,4.951323
27.101584,17.685862,4.957941
23.023262,20.934486,4.961738
18.609909,23.351558,4.955563
14.497889,25.591045,1.706937
10.314939,26.732989,1.707338
6.017373,27.255468,1.712243
1.900817,27.457339,1.711420
-1.991733,27.285065,1.704092
-5.596661,26.513717,1.702692
-9.012357,25.128965,1.710103
-12.167639,23.231240,1.704149
-14.974256,21.196002,1.705298
-17.834525,18.873069,1.708382
-20.308246,16.447066,1.700250
-22.623912,13.584872,1.705733
-25.162794,10.617510,1.703613
-27.518999,7.257724,1.701038
-29.333243,3.072031,1.702665
-30.521380,-1.319115,1.698523
-31.170053,-6.265684,1.704973
-30.879789,-11.452792,1.710401
-29.524680,-16.929890,1.707321
-27.312751,-22.108451,1.702923
-24.094812,-27.254641,1.702299
-20.007354,-32.034824,1.700619
-14.923409,-36.083131,1.708458
-8.907507,-39.089825,1.708669
-2.198208,-40.852771,1.701901
4.729264,-41.238459,1.709849
11.814977,-40.241415,1.702705
18.547119,-37.822802,1.699974
24.651461,-34.089510,1.706458
29.921842,-29.253033,1.711621
34.216376,-23.531559,1.709953
37.266764,-17.295321,1.701251
38.868456,-10.329746,1.698592
38.885766,-3.599004,1.700465
37.540792,2.761055,1.704990
34.848917,8.684210,1.712804
31.304959,13.611848,1.712737
27.203195,17.778334,1.702318
23.119105,21.023083,1.697883
18.862487,23.657859,1.702623
14.637868,25.758822,-1.543647
10.383895,27.173188,-1.539607
6.216868,28.106255,-1.546222
2.212380,28.744550,-1.550001
-1.838226,29.007931,-1.543854
-5.867697,28.532690,-1.538594
-9.637396,27.011620,-1.544463
-12.889520,24.595233,-1.541127
-15.763477,22.040112,-1.534406
-18.455641,19.606365,-1.540034
-20.978328,17.000037,-1.551455
-23.320471,13.957088,-1.543826
-25.635854,10.880427,-1.544118
-27.830462,7.237675,-1.550479
-29.572694,3.093377,-1.548117
-31.025896,-1.369421,-1.540494
-31.687643,-6.457735,-1.539373
-31.080605,-11.754564,-1.538997
-29.400296,-16.838020,-1.543093
-26.866583,-21.524778,-1.549806
-23.315941,-26.070039,-1.549053
-19.261154,-30.473206,-1.549550
-14.376971,-34.259738,-1.551618
-8.610725,-37.079615,-1.546441
-2.214264,-38.776262,-1.539143
4.609730,-39.175832,-1.544670
11.174067,-38.291617,-1.549431
17.624360,-36.031438,-1.547959
23.467680,-32.484746,-1.545292
28.513345,-27.873506,-1.545297
32.658907,-22.440411,-1.546348
35.752216,-16.342649,-1.548609
37.491027,-9.963386,-1.549132
37.938492,-3.548403,-1.544004
36.849807,2.959034,-1.538032
34.306423,8.621762,-1.540733
30.990190,13.607105,-1.547798
26.946089,17.687300,-1.547789
22.908189,20.891987,-1.546248
18.818269,23.644660,-1.546280
14.467112,25.486462,-4.792314
10.436041,27.113083,-4.792910
6.354990,28.631960,-4.794530
2.380727,29.758065,-4.792183
-1.936539,30.413893,-4.792763
-6.274838,30.216776,-4.796522
-10.121794,28.635005,-4.788828
-13.431842,25.819871,-4.793838
-16.306263,22.831428,-4.796185
-18.942159,20.196482,-4.792771
-21.609993,17.307123,-4.792004
-23.832102,14.316645,-4.786859
-25.997202,11.021885,-4.788160
-27.950233,7.150767,-4.794221
-29.587340,3.113129,-4.797222
-31.311439,-1.544697,-4.796439
-31.926113,-6.489210,-4.793987
-31.096208,-11.594762,-4.798849
-29.119811,-16.406924,-4.798213
-26.109244,-20.852374,-4.790682
-22.297663,-24.663599,-4.792238
-18.231231,-28.511581,-4.789714
-13.521668,-31.874613,-4.793795
-8.035768,-34.351366,-4.795931
-2.203447,-35.782172,-4.793331
4.004179,-36.118827,-4.797467
10.372692,-35.274103,-4.791065
16.250949,-33.249291,-4.787340
21.770374,-29.966633,-4.789769
26.555982,-25.677319,-4.792974
30.379126,-20.777455,-4.794818
33.333003,-15.077528,-4.794448
35.267990,-9.168571,-4.789901
36.021952,-3.194827,-4.792446
35.202508,2.947749,-4.797388
33.020579,8.337081,-4.792296
30.074423,13.349535,-4.789206
26.385159,17.232291,-4.789032
22.327023,20.512268,-4.790105
18.433024,23.284453,-4.791423
14.050556,24.866954,-8.051739
10.136292,26.706497,-8.050979
6.450027,28.588286,-8.041854
2.439447,30.149315,-8.037574
-1.824396,31.052901,-8.037799
-6.335600,31.111945,-8.037441
-10.538520,29.388511,-8.046504
-13.747102,26.487028,-8.040951
-16.619762,23.243335,-8.041567
-19.303893,20.370484,-8.047984
-21.806264,17.596662,-8.046501
-24.133056,14.425740,-8.045785
-26.101802,11.015998,-8.041076
-27.716216,7.219766,-8.035671
-29.254139,3.173162,-8.039725
-31.010001,-1.417138,-8.051012
-31.551021,-6.514889,-8.042949
-30.514953,-11.318889,-8.042957
-28.208761,-15.913358,-8.048357
-24.942443,-19.827260,-8.045397
-21.109110,-22.916344,-8.041663
-16.907211,-26.169420,-8.046042
-12.562223,-28.857986,-8.042363
-7.438052,-30.888248,-8.037796
-2.228536,-31.932830,-8.041076
3.475483,-32.074836,-8.042098
8.924670,-31.262267,-8.040797
14.334282,-29.438211,-8.038310
19.303750,-26.642654,-8.041666
23.691295,-22.982690,-8.048149
27.325684,-18.585029,-8.047839
29.970220,-13.541162,-8.047019
32.080080,-8.214597,-8.047224
33.080210,-2.619745,-8.048402
32.533261,2.872101,-8.044252
30.876074,8.129659,-8.037660
28.619134,12.738356,-8.046397
25.155336,16.720687,-8.049606
21.372852,19.928405,-8.048394
17.745447,22.652644,-8.049740
13.450736,23.989653,-11.300406
9.750373,25.924796,-11.296017
6.253170,27.878644,-11.294007
2.250860,29.542837,-11.293423
-1.860675,30.450185,-11.293647
-6.208053,30.539492,-11.292879
-10.301840,28.997527,-11.288082
-13.678446,26.236310,-11.287595
-16.526385,23.172569,-11.290381
-19.108655,20.369024,-11.296965
-21.771863,17.389784,-11.301447
-24.021085,14.306225,-11.289057
-25.780380,10.923311,-11.289268
-27.168094,7.174995,-11.296933
-28.555882,3.040185,-11.299065
-29.875673,-1.302257,-11.297603
-30.071441,-6.029863,-11.292411
-28.850972,-10.599517,-11.287043
-26.472156,-14.689728,-11.291168
-23.260782,-18.154046,-11.294798
-19.501572,-21.016587,-11.287966
-15.631681,-23.390991,-11.296511
-11.396760,-25.494469,-11.293176
-6.907627,-26.941245,-11.291065
-2.036482,-27.570101,-11.297121
2.685190,-27.436883,-11.288827
7.503539,-26.521963,-11.291766
12.138657,-24.907496,-11.295949
16.487047,-22.642849,-11.293188
20.424439,-19.704620,-11.291143
23.802801,-15.900566,-11.294973
26.174933,-11.411304,-11.291452
28.085880,-6.865962,-11.290862
29.147124,-2.106374,-11.292612
29.044220,2.815297,-11.291297
28.162290,7.640044,-11.289105
26.500515,12.080523,-11.292188
23.547260,15.959335,-11.298126
20.191485,19.079589,-11.302101
16.935823,21.716240,-11.302785
12.538584,22.958989,-14.540325
9.258114,24.798382,-14.540522
5.743630,26.562330,-14.537074
2.056668,27.879480,-14.537580
-1.822888,28.574391,-14.541549
-5.907869,28.490237,-14.544493
-9.801031,27.217337,-14.546821
-13.128477,25.125132,-14.540010
-16.071332,22.526219,-14.543162
-18.690930,19.827120,-14.547604
-21.200365,17.023377,-14.541171
-23.433240,13.989228,-14.545904
-25.053541,10.603136,-14.544666
-26.269854,7.035397,-14.545045
-27.326131,3.084400,-14.545900
-27.831285,-0.974317,-14.538589
-27.395423,-5.204320,-14.546688
-26.110500,-9.107745,-14.543293
-23.883144,-12.706163,-14.538389
-21.029578,-15.890217,-14.542746
-17.872128,-18.734556,-14.542643
-14.078436,-20.627028,-14.543897
-10.222236,-22.055349,-14.546431
-6.266073,-23.024409,-14.547415
-2.174139,-23.263614,-14.545782
2.061359,-22.883254,-14.542684
6.039703,-21.937649,-14.540367
9.880917,-20.532325,-14.543996
13.701709,-18.661755,-14.542581
17.225364,-16.274263,-14.539193
20.160122,-13.192200,-14.547544
22.231497,-9.479842,-14.548312
23.735224,-5.492439,-14.544225
24.766342,-1.369364,-14.541861
25.236059,2.858075,-14.541068
25.034661,7.109487,-14.541972
23.883154,11.387927,-14.548687
21.617649,14.964868,-14.543499
18.809020,17.982279,-14.536994
15.739987,20.702336,-14.537676
11.577382,21.562489,-17.791373
8.443827,23.414697,-17.800069
5.186262,24.659572,-17.793738
1.644993,25.531625,-17.790483
-1.969690,25.894194,-17.796441
-5.453620,25.588824,-17.798684
-8.977796,24.685566,-17.795860
-12.212056,23.351708,-17.793130
-15.263062,21.379389,-17.795080
-17.836848,19.014084,-17.794366
-20.172908,16.416671,-17.790142
-22.364550,13.500810,-17.798978
-23.855642,10.206600,-17.801842
-25.009198,6.723215,-17.795916
-25.670950,3.172767,-17.793349
-25.232163,-0.600289,-17.798331
-24.235137,-4.098663,-17.798430
-22.869359,-7.484932,-17.798530
-20.844124,-10.647696,-17.798539
-18.547734,-13.506748,-17.794176
-16.171709,-16.261322,-17.787750
-12.779982,-17.850088,-17.789205
-9.237750,-18.868956,-17.795085
-5.686252,-19.529417,-17.798731
-2.037282,-19.539194,-17.798670
1.423119,-19.073186,-17.796800
4.793485,-18.159454,-17.791590
8.047426,-16.890993,-17.788313
11.184664,-15.351762,-17.792610
14.240238,-13.377601,-17.799253
16.845800,-10.834404,-17.797563
18.764611,-7.737734,-17.795032
20.021496,-4.171619,-17.796128
20.954982,-0.651838,-17.793945
21.697824,2.907169,-17.789432
21.839661,6.691370,-17.792089
21.100853,10.410743,-17.799108
19.411962,13.790436,-17.795431
17.075550,16.783312,-17.787624
14.467500,19.332476,-17.785672
10.368750,19.840105,-21.040794
7.518917,21.619307,-21.047889
4.419666,22.415539,-21.049685
1.200793,22.846601,-21.047456
-1.874088,22.967656,-21.047427
-4.949386,22.565254,-21.048902
-8.106685,21.925121,-21.047632
-11.099209,21.131845,-21.049796
-14.041523,19.811766,-21.048693
-16.686395,17.760175,-21.043215
-18.843957,15.357598,-21.041939
-20.884049,12.682638,-21.044883
-22.208521,9.642588,-21.042278
-23.211666,6.516711,-21.042625
-23.617792,3.125959,-21.043206
-22.625079,-0.106407,-21.037264
-21.412882,-3.237908,-21.045935
-20.079182,-6.171600,-21.048966
-18.408579,-8.760941,-21.047783
-16.426716,-11.322526,-21.047046
-14.347800,-13.787432,-21.042065
-11.395907,-15.321464,-21.042285
-8.259364,-16.199629,-21.045146
-5.215203,-16.654427,-21.044142
-2.115452,-16.624519,-21.041008
0.945558,-16.175983,-21.040656
3.920404,-15.324042,-21.037478
6.645785,-14.160937,-21.042999
9.381280,-12.708899,-21.046889
11.955086,-10.996095,-21.041193
14.194619,-8.858188,-21.039632
16.032955,-6.205867,-21.044267
17.239139,-3.360411,-21.041618
18.145330,-0.264537,-21.037138
18.798802,2.893382,-21.038390
18.922774,6.241857,-21.041324
18.227584,9.520941,-21.044096
16.935950,12.625880,-21.049268
15.102113,15.409305,-21.048685
12.881848,17.750843,-21.042474
8.756770,17.772221,-24.294279
6.417361,19.349439,-24.292028
3.578326,19.812732,-24.295424
0.737672,19.945123,-24.293117
-1.938407,19.951063,-24.286471
-4.501971,19.567300,-24.287481
-7.155865,19.092462,-24.296860
-9.791387,18.557371,-24.298951
-12.604524,17.688538,-24.292431
-15.057200,16.155001,-24.286375
-17.023560,13.970147,-24.289121
-18.821022,11.650053,-24.298578
-20.007745,8.906256,-24.293059
-20.885538,6.040802,-24.286928
-21.079394,3.097925,-24.289280
-19.930320,0.253896,-24.291817
-18.966938,-2.394345,-24.297531
-17.777964,-4.921075,-24.298085
-16.237704,-7.284731,-24.296036
-14.531580,-9.364858,-24.295504
-12.442684,-11.243582,-24.293516
-10.099360,-12.813915,-24.291908
-7.459684,-13.726195,-24.296046
-4.769844,-14.062635,-24.297607
-2.078204,-14.067807,-24.295423
0.591894,-13.685302,-24.297381
3.080707,-12.978791,-24.291276
5.524967,-11.851292,-24.293631
7.750425,-10.529451,-24.297289
9.942979,-8.965630,-24.294220
11.899776,-7.108721,-24.295651
13.599572,-5.013564,-24.295977
14.977026,-2.564261,-24.292389
15.869151,0.095260,-24.294365
16.312354,2.994152,-24.296132
16.183454,5.794847,-24.288852
15.293966,8.572669,-24.289990
14.322310,11.229876,-24.288330
12.927634,13.736570,-24.288099
10.944088,15.879342,-24.292497
6.825011,15.044908,-27.540971
4.956541,16.478402,-27.545083
2.501512,16.663976,-27.543705
0.218177,16.600577,-27.546293
-1.913134,16.571115,-27.550141
-4.049466,16.267166,-27.545633
-6.171503,15.918690,-27.537583
-8.265203,15.480619,-27.545071
-10.599035,15.022775,-27.547397
-12.920431,13.962228,-27.541769
-14.513842,12.204810,-27.545550
-16.041406,10.291464,-27.546195
-17.064135,7.933184,-27.544175
-17.748319,5.525791,-27.542558
-17.833798,3.077245,-27.541891
-16.854040,0.722336,-27.541204
-16.240272,-1.547976,-27.539412
-15.207967,-3.704651,-27.539885
-13.944781,-5.616640,-27.539723
-12.386141,-7.307180,-27.541215
-10.324151,-8.427866,-27.548397
-8.668310,-9.976304,-27.547072
-6.639945,-10.976573,-27.547502
-4.352634,-11.221163,-27.549408
-2.032905,-11.293900,-27.546889
0.194724,-11.004131,-27.545707
2.270993,-10.421688,-27.547283
4.276029,-9.428601,-27.541656
6.066519,-8.228099,-27.540474
7.828484,-6.842579,-27.544816
9.390649,-5.364064,-27.538684
11.017204,-3.688479,-27.541700
12.507542,-1.751983,-27.544687
13.414350,0.486245,-27.543392
13.603653,2.931768,-27.541125
13.129908,5.311355,-27.540837
12.037188,7.481718,-27.546611
11.272242,9.705763,-27.549612
10.206028,11.805265,-27.546664
8.579684,13.480016,-27.541740
4.142052,11.396830,-30.796329
2.919824,12.583130,-30.797804
1.153893,12.509919,-30.793927
-0.508943,12.358862,-30.794510
-1.986682,12.340192,-30.795723
-3.406720,12.159005,-30.793048
-4.878356,11.908673,-30.790393
-6.325896,11.562092,-30.792625
-8.054682,11.428919,-30.793270
-9.866185,10.917699,-30.790479
-11.062064,9.649497,-30.789807
-12.176758,8.262157,-30.789774
-12.856160,6.603493,-30.790177
-13.293191,4.838527,-30.793810
-13.321360,3.055499,-30.795375
-12.619848,1.345637,-30.789984
-12.289239,-0.265766,-30.792076
-11.565916,-1.820837,-30.792538
-10.621382,-3.218103,-30.792197
-9.460537,-4.395803,-30.795880
-7.817431,-4.903960,-30.797908
-6.752124,-6.212146,-30.792637
-5.318693,-7.172747,-30.790747
-3.690108,-7.323256,-30.791836
-2.017079,-7.433971,-30.789675
-0.397426,-7.246120,-30.789674
1.178488,-6.802679,-30.794584
2.600729,-6.024803,-30.798463
3.843923,-5.070995,-30.794401
5.007504,-4.032525,-30.790253
6.105132,-2.922238,-30.795577
7.397171,-1.832161,-30.792843
8.846842,-0.559175,-30.794481
9.689251,1.109161,-30.793681
9.623301,2.965096,-30.792260
8.860558,4.707324,-30.797441
7.915202,6.199582,-30.790075
7.448375,7.776145,-30.789860
6.631207,9.224226,-30.793121
5.315287,10.312921,-30.794648
-1.774250,2.911530,-34.043596
6.307697,24.336303,30.956404
2.487812,23.839263,30.956404
-0.865670,22.965984,30.956404
-3.868424,21.834556,30.956404
-6.406985,20.598633,30.956404
-8.609848,19.281079,30.956404
-10.587127,17.853849,30.956404
-12.329337,16.336705,30.956404
-13.907981,14.650019,30.956404
-15.272779,12.785707,30.956404
-16.303014,10.860579,30.956404
-17.007252,8.795185,30.956404
-17.336819,6.637221,30.956404
-17.314405,4.582979,30.956404
-16.973815,2.427743,30.956404
-16.394625,0.457594,30.956404
-15.600763,-1.436136,30.956404
-14.622239,-3.241231,30.956404
-13.483158,-4.949548,30.956404
-12.118166,-6.651212,30.956404
-10.518273,-8.317197,30.956404
-8.674621,-9.912779,30.956404
-6.469915,-11.462680,30.956404
-3.992181,-12.817033,30.956404
-0.997089,-13.967716,30.956404
2.269861,-14.653352,30.956404
5.862497,-14.765327,30.956404
9.545913,-14.217855,30.956404
13.429587,-12.874254,30.956404
16.976841,-10.800616,30.956404
20.228417,-7.885764,30.956404
22.911173,-4.279735,30.956404
24.798863,-0.195876,30.956404
25.730749,4.332134,30.956404
25.507429,9.081738,30.956404
24.176758,13.512340,30.956404
21.831040,17.495834,30.956404
18.609172,20.683736,30.956404
14.774907,22.928770,30.956404
8.276315,21.052553,28.205512
4.608127,20.995332,28.206125
1.345866,20.505163,28.205392
-1.401863,19.866098,28.207207
-3.776200,18.924340,28.209929
-5.899924,17.276674,28.208621
-7.384429,15.549749,28.204382
-9.091858,14.789648,28.202244
-10.992261,14.376219,28.204647
-12.289868,13.066352,28.208056
-13.520049,11.514535,28.203453
-14.519960,10.000283,28.205293
-15.342696,8.218454,28.208010
-15.912437,6.478280,28.201831
-16.252092,4.552510,28.210103
-16.263015,2.599128,28.210829
-16.012095,0.658312,28.205090
-15.599112,-1.370979,28.201287
-15.067802,-3.515588,28.200461
-14.126891,-5.633716,28.205178
-12.446766,-7.234795,28.205559
-11.015972,-9.352917,28.202169
-9.243404,-11.670993,28.205572
-6.824297,-13.767086,28.208603
-3.908799,-15.523525,28.205705
-0.695827,-16.309075,28.207096
2.840740,-16.436193,28.208116
6.657902,-16.406716,28.206702
10.451672,-15.288876,28.200956
13.923234,-13.508599,28.204061
16.900474,-10.774050,28.212548
18.607265,-7.089964,28.207343
21.713873,-3.940739,28.203457
23.566934,0.058543,28.207066
23.720807,4.422971,28.211227
23.230751,8.664821,28.208417
21.880163,12.729256,28.201663
18.959538,15.969518,28.205634
15.459535,18.416483,28.208743
11.920008,20.178217,28.207007
6.381044,18.447993,25.452863
3.160491,18.248822,25.459350
0.459025,17.785462,25.455915
-1.772314,17.280633,25.457164
-3.851434,16.432925,25.462389
-5.455586,15.011942,25.461704
-6.683916,13.402392,25.460274
-8.117481,12.816836,25.460314
-9.797391,12.741454,25.461041
-10.962588,11.725316,25.459974
-12.013136,10.529607,25.453938
-13.035869,9.238753,25.453351
-13.888907,7.791925,25.459184
-14.725519,6.210843,25.455601
-15.344820,4.530020,25.450804
-15.680110,2.651651,25.453547
-15.781439,0.740933,25.456156
-15.753794,-1.517722,25.456873
-15.595976,-3.917732,25.458033
-14.906389,-6.442225,25.452820
-13.253013,-8.326645,25.456588
-11.842902,-10.944545,25.455128
-9.958545,-13.964363,25.457785
-7.253463,-16.549808,25.461022
-3.977087,-18.461510,25.455292
-0.187386,-19.046495,25.454479
3.612336,-18.707090,25.461556
7.561634,-18.222588,25.454883
11.287851,-16.554048,25.457511
14.595908,-14.192954,25.460098
17.240979,-10.963615,25.455175
18.487275,-6.947414,25.461124
21.150480,-3.694640,25.460782
22.418908,0.175235,25.457262
22.012272,4.421457,25.454853
21.109332,8.381083,25.453233
19.587781,12.013708,25.453063
16.460565,14.725578,25.457779
12.995624,16.598710,25.456411
9.635773,17.908166,25.451561
4.653992,16.224968,22.708300
2.045138,15.954935,22.704306
-0.291413,15.512192,22.701222
-2.159556,15.069874,22.706592
-3.808794,14.412609,22.710356
-5.227035,13.328855,22.703838
-6.376538,12.241013,22.705318
-7.530087,11.681423,22.707241
-8.806978,11.368523,22.704527
-9.849446,10.591754,22.701940
-10.895171,9.588432,22.700300
-11.854589,8.544915,22.703499
-12.696298,7.384661,22.709889
-13.702317,6.055232,22.711222
-14.602490,4.511038,22.710945
-15.252702,2.721245,22.704568
-15.734021,0.750517,22.701345
-16.121841,-1.714006,22.707174
-16.240498,-4.463661,22.708038
-15.844863,-7.407765,22.703758
-14.544232,-10.085202,22.710112
-13.096703,-13.363040,22.711806
-10.940161,-16.901808,22.705956
-7.809628,-19.888295,22.705829
-3.992228,-21.802834,22.708748
0.293482,-22.194864,22.704962
4.396101,-21.468049,22.703453
8.636579,-20.172115,22.710443
12.247166,-17.951638,22.709635
15.456040,-15.000227,22.704108
17.898879,-11.408992,22.704916
19.148140,-7.410153,22.706475
20.900811,-3.607972,22.701032
21.462343,0.364055,22.703379
20.614867,4.354771,22.707453
19.182519,8.030387,22.706434
17.299121,11.336546,22.704513
14.307031,13.677421,22.702625
10.983350,15.176119,22.704761
7.735122,16.023688,22.708295
3.254780,14.290164,19.957521
0.946046,13.986998,19.953579
-0.858642,13.628554,19.958011
-2.513267,13.157439,19.956246
-3.898199,12.664198,19.952018
-5.048569,12.244126,19.953011
-6.232514,11.846818,19.953173
-7.246032,11.200751,19.955778
-8.060765,10.271614,19.960783
-8.933554,9.598881,19.958799
-9.941852,8.891891,19.956798
-10.836976,8.054137,19.955222
-11.738220,7.048636,19.952540
-12.865876,5.920111,19.961591
-13.953959,4.589435,19.955710
-14.979657,2.774681,19.955644
-15.914836,0.632825,19.957008
-16.683817,-1.947760,19.950537
-17.013495,-5.004827,19.954856
-16.988592,-8.440088,19.950556
-16.344773,-12.564562,19.959677
-14.778835,-16.698112,19.955741
-12.165086,-20.570020,19.952845
-8.504981,-23.669122,19.954760
-3.936157,-25.471287,19.956240
0.736602,-25.671028,19.957463
5.393408,-24.535514,19.951586
9.635526,-22.322969,19.956595
13.342683,-19.470638,19.956769
16.454625,-16.013538,19.951091
18.823105,-12.119586,19.954059
20.425906,-8.003903,19.960575
20.918557,-3.621577,19.952337
20.708293,0.459741,19.956673
19.448391,4.397466,19.959239
17.365318,7.757086,19.955721
15.070231,10.632506,19.958150
12.511749,12.759062,19.954861
9.346062,14.038960,19.956254
6.126372,14.408649,19.960046
2.040070,12.608128,17.208240
0.159908,12.335271,17.208096
-1.453470,12.000228,17.208366
-2.790260,11.535609,17.212446
-3.874526,11.232236,17.211558
-4.879202,11.211174,17.204108
-5.985324,11.222953,17.206150
-6.994616,10.663339,17.209593
-7.456957,9.433451,17.201144
-8.220879,8.805608,17.204570
-9.149032,8.329253,17.208114
-10.052303,7.636418,17.204306
-11.005540,6.794896,17.203077
-12.191417,5.835880,17.211576
-13.568204,4.516613,17.206919
-14.875539,2.800563,17.202688
-16.294404,0.525578,17.208014
-17.432629,-2.282605,17.205340
-17.952639,-5.689672,17.201500
-18.290396,-9.740653,17.210839
-17.900365,-14.690597,17.207864
-16.014535,-19.121915,17.201989
-12.949809,-23.226275,17.204655
-8.902094,-26.266043,17.206477
-4.051780,-27.863380,17.206873
1.162151,-28.060126,17.210030
6.130232,-26.922067,17.203774
10.659400,-24.381295,17.202896
14.623763,-21.126410,17.207503
17.667427,-17.284796,17.208266
19.937040,-12.960742,17.205889
21.598394,-8.574757,17.205237
21.093104,-3.673710,17.200801
20.082284,0.585858,17.208299
18.388150,4.385205,17.211133
15.617417,7.548504,17.205542
12.923862,9.881934,17.206489
10.680568,11.788673,17.210416
7.788795,12.856712,17.211408
4.520897,12.888846,17.209336
0.986133,11.144390,14.456677
-0.553415,10.914691,14.463044
-1.819457,10.638656,14.456586
-2.942893,10.223644,14.458010
-3.806543,9.986411,14.460722
-4.690769,10.078989,14.453191
-5.687422,10.223512,14.448581
-6.582515,9.889215,14.452217
-6.999027,8.757565,14.457587
-7.550224,8.258777,14.456341
-8.554710,7.862918,14.456133
-9.439587,7.325337,14.459985
-10.411973,6.670962,14.453709
-11.699358,5.783925,14.449831
-13.232333,4.571325,14.450083
-14.953763,2.802502,14.452721
-16.899607,0.327837,14.454391
-18.373349,-2.821940,14.451894
-19.052836,-6.433002,14.451028
-19.668420,-11.203620,14.452504
-19.018336,-16.123175,14.459664
-16.794163,-20.679623,14.453861
-13.513846,-24.774598,14.456928
-9.172999,-27.835192,14.457152
-4.031763,-29.382869,14.453069
1.436634,-29.566070,14.458072
6.668643,-28.459757,14.451962
11.601478,-26.110666,14.456709
15.866442,-22.832854,14.454731
19.047151,-18.607109,14.452245
21.149930,-13.779891,14.456255
22.370812,-8.991834,14.451636
21.322961,-3.781316,14.451052
19.505947,0.721661,14.456015
17.298069,4.421185,14.456325
14.118236,7.271315,14.454555
10.863523,9.216064,14.457961
8.610340,10.786332,14.459868
5.926196,11.528697,14.453249
3.114360,11.421653,14.448732
0.078500,9.876941,11.705281
-1.216328,9.680928,11.704322
-2.235448,9.440281,11.704501
-3.109626,9.131662,11.701275
-3.862623,8.924189,11.699371
-4.512356,8.912575,11.702684
-5.315741,8.895877,11.705615
-5.944195,8.715421,11.705165
-6.573749,8.246728,11.704576
-7.247038,7.852034,11.705897
-7.992243,7.583478,11.708718
-8.941053,7.137344,11.710482
-10.116088,6.555377,11.703989
-11.454910,5.731483,11.706044
-13.172252,4.524191,11.707065
-15.277719,2.754282,11.706428
-17.512500,0.169614,11.706301
-19.309751,-3.315599,11.705770
-20.270802,-7.278125,11.710832
-20.575290,-12.119210,11.707296
-19.678849,-17.029724,11.708933
-17.339491,-21.567529,11.712756
-13.851286,-25.699002,11.703967
-9.315317,-28.784990,11.702839
-4.013911,-30.361179,11.711745
1.492648,-30.512674,11.709741
7.006330,-29.316090,11.707891
12.035320,-27.064415,11.704230
16.455929,-23.743743,11.704310
19.732516,-19.349611,11.706840
21.701073,-14.165897,11.709228
22.394681,-8.968851,11.710377
21.138708,-3.749364,11.701564
18.845021,0.838598,11.707549
16.200634,4.450318,11.707858
12.956299,7.069971,11.705329
9.221627,8.721541,11.711042
6.358503,9.664889,11.710139
3.766451,10.025555,11.708711
1.654303,10.014146,11.707186
-0.623508,8.901335,8.958668
-1.662348,8.752363,8.955171
-2.555126,8.542227,8.951812
-3.193287,8.381659,8.956410
-3.824667,8.207491,8.960802
-4.429507,7.972959,8.953241
-4.891826,7.681353,8.951397
-5.348622,7.405992,8.957299
-6.073119,7.550919,8.955262
-7.074103,7.723412,8.955697
-7.809520,7.356624,8.962483
-8.781560,6.973726,8.950968
-10.015943,6.530835,8.956433
-11.372189,5.737864,8.954761
-13.237149,4.515943,8.953104
-15.787718,2.658161,8.961107
-18.169519,-0.108266,8.958147
-20.154030,-3.703025,8.958056
-21.356079,-8.084526,8.960364
-21.045757,-12.564390,8.950242
-19.940210,-17.423290,8.954956
-17.576083,-22.101041,8.961936
-14.015949,-26.151189,8.956243
-9.317435,-29.273263,8.950806
-4.050459,-30.918964,8.951686
1.593908,-30.997570,8.950397
7.059638,-29.599383,8.953266
12.163007,-27.170464,8.956863
16.487176,-23.768628,8.954789
19.767988,-19.308610,8.950455
21.455038,-14.080591,8.951986
21.344610,-8.427392,8.956589
20.379812,-3.516381,8.952074
18.130235,0.898966,8.956762
15.173279,4.444951,8.961810
11.963641,6.941191,8.961791
8.012815,8.343238,8.959375
4.348732,8.640086,8.955710
2.123117,8.853694,8.958027
0.554685,8.943907,8.959439
-0.858493,8.570005,6.209226
-1.885875,8.437485,6.207780
-2.647051,8.289900,6.200760
-3.298334,8.189096,6.203928
-3.920104,8.031959,6.208911
-4.349731,7.771425,6.203894
-4.761190,7.408828,6.200047
-5.194229,7.080630,6.204634
-5.859601,7.232299,6.212449
-7.032052,7.687541,6.209172
-7.770054,7.320692,6.204181
-8.737873,6.962394,6.208003
-10.115029,6.586646,6.206527
-11.556089,5.728803,6.209617
-13.411702,4.538015,6.205399
-16.186229,2.611261,6.198676
-18.612646,-0.225817,6.206625
-20.739827,-4.007174,6.208021
-21.836828,-8.461681,6.199839
-21.185670,-12.602320,6.200376
-19.867173,-17.343613,6.209321
-17.513946,-22.114643,6.207860
-13.962311,-26.057538,6.204831
-9.289877,-29.144672,6.201485
-4.005198,-30.894517,6.202422
1.580687,-30.898005,6.211450
6.928765,-29.315919,6.211440
11.836004,-26.650631,6.210249
15.958590,-23.105351,6.209984
19.081779,-18.607306,6.209180
20.582132,-13.399124,6.208765
20.253368,-7.947272,6.209900
19.252901,-3.106529,6.210323
17.160960,1.043131,6.210059
14.286061,4.399594,6.208036
11.074979,6.846745,6.205699
7.431722,8.143136,6.205000
3.666984,8.310947,6.204207
1.726704,8.490092,6.203124
0.307308,8.592448,6.204823
-0.636150,8.889348,3.458313
-1.640326,8.807024,3.457196
-2.510158,8.678432,3.450593
-3.269935,8.592340,3.455617
-3.883423,8.472852,3.462773
-4.436515,8.198353,3.459801
-4.977847,7.821046,3.453795
-5.431767,7.592630,3.451673
-6.261355,7.790353,3.451728
-7.220375,7.903587,3.453412
-8.041613,7.491351,3.456980
-8.978657,7.136200,3.462257
-10.550753,6.675001,3.450342
-11.935775,5.811578,3.454975
-13.824246,4.550989,3.457635
-16.549387,2.512901,3.455539
-18.973209,-0.364500,3.456078
-21.029304,-4.179484,3.457013
-21.845690,-8.451952,3.463208
-21.000636,-12.558771,3.462193
-19.504298,-16.833889,3.455011
-17.201696,-21.327952,3.451114
-13.672463,-25.240181,3.449916
-9.145767,-28.286241,3.453096
-4.048481,-30.059455,3.455064
1.513011,-30.035291,3.453251
6.696828,-28.441521,3.459526
11.319744,-25.617806,3.452639
15.158671,-21.963147,3.457252
18.005260,-17.494515,3.459837
19.346912,-12.509544,3.451771
19.140158,-7.338325,3.456134
17.998742,-2.685447,3.454306
16.044429,1.273778,3.457964
13.370514,4.438495,3.456697
10.476002,6.717436,3.454469
7.391271,8.092303,3.454913
4.003776,8.486475,3.450695
1.996832,8.731814,3.451483
0.496268,8.875460,3.454664
0.007322,9.824552,0.701130
-1.083447,9.825216,0.702535
-2.165518,9.692711,0.703805
-3.004918,9.569967,0.707396
-3.846833,9.464695,0.709639
-4.567262,9.354555,0.705266
-5.377788,9.107177,0.706127
-6.064766,8.870939,0.709940
-6.905273,8.748964,0.702940
-7.830401,8.483252,0.702804
-8.715339,8.071976,0.707246
-9.815074,7.567853,0.702411
-11.088199,6.864486,0.704741
-12.786968,5.925848,0.709770
-14.490802,4.573094,0.708899
-16.707570,2.496533,0.710889
-19.214849,-0.452631,0.705287
-21.003237,-4.183271,0.705337
-21.471460,-8.145583,0.711851
-20.624062,-12.068671,0.699582
-18.896823,-15.943238,0.700721
-16.430611,-19.835435,0.709762
-13.096889,-23.518268,0.709525
-8.921733,-26.464865,0.707809
-3.999270,-28.130085,0.707056
1.111622,-28.212051,0.702086
6.204081,-27.048374,0.707020
10.657073,-24.367538,0.704939
14.269654,-20.745205,0.706942
16.916813,-16.398230,0.707950
18.167968,-11.588226,0.702892
18.027201,-6.732791,0.701581
16.991881,-2.363590,0.699529
15.068748,1.420952,0.707375
12.482016,4.461017,0.710892
10.023584,6.648058,0.709158
7.577675,8.196876,0.708451
5.029302,8.999974,0.706390
3.009420,9.439304,0.702789
1.335719,9.703011,0.700643
0.796194,10.956994,-2.044126
-0.484897,11.078059,-2.048197
-1.767212,10.991895,-2.039912
-2.815227,10.841717,-2.041207
-3.865687,10.778287,-2.049663
-4.803441,10.855848,-2.048733
-5.840224,10.753523,-2.048241
-6.849656,10.415998,-2.047166
-7.833932,10.040313,-2.040496
-8.896059,9.566858,-2.044424
-10.102731,9.047333,-2.045029
-11.099082,8.271431,-2.039062
-11.892158,7.115204,-2.041434
-14.166674,6.143146,-2.041375
-15.352285,4.581811,-2.042152
-16.883955,2.485966,-2.041402
-19.377100,-0.481375,-2.039416
-20.740311,-3.955537,-2.038678
-20.835143,-7.721571,-2.038888
-19.929422,-11.477422,-2.041411
-18.115831,-14.895817,-2.041312
-15.513513,-18.056533,-2.044481
-12.376021,-21.397049,-2.043289
-8.495961,-24.205206,-2.039702
-4.019067,-25.592078,-2.040215
0.792882,-25.834518,-2.042006
5.692588,-25.241659,-2.042518
9.939020,-22.823853,-2.043526
13.335791,-19.371778,-2.044553
15.796226,-15.387726,-2.048333
17.031733,-10.756114,-2.047224
16.940884,-6.176651,-2.038571
16.209502,-2.128706,-2.045444
14.250276,1.582469,-2.049670
11.812263,4.445788,-2.040548
9.866822,6.633815,-2.042013
8.127667,8.367795,-2.047709
6.125012,9.590675,-2.040253
4.142570,10.297851,-2.034892
2.307596,10.704763,-2.036668
1.690261,12.030268,-4.796395
0.116090,12.321962,-4.787971
-1.253952,12.370203,-4.789449
-2.627597,12.262958,-4.795809
-3.883803,12.251454,-4.799311
-5.136487,12.431832,-4.798239
-6.363432,12.273684,-4.797834
-7.727683,12.012933,-4.798891
-9.194717,11.865114,-4.799155
-10.510721,11.227336,-4.797159
-12.058421,10.467396,-4.792021
-12.812798,9.086874,-4.792656
-13.026409,7.558041,-4.797090
-15.992026,6.494661,-4.788763
-16.446430,4.515349,-4.795254
-17.380863,2.424411,-4.793722
-19.508582,-0.482050,-4.786911
-20.339717,-3.776652,-4.791306
-19.999722,-7.100753,-4.795853
-18.982416,-10.496122,-4.794684
-17.187928,-13.695378,-4.790198
-14.602076,-16.271159,-4.793478
-11.653592,-19.173885,-4.791506
-8.151733,-21.699247,-4.787736
-3.961066,-22.908025,-4.788658
0.381796,-23.272641,-4.788500
4.975076,-23.117571,-4.790264
9.014301,-21.057484,-4.788051
12.268484,-17.940642,-4.794225
14.748384,-14.221817,-4.794749
15.934351,-10.063522,-4.787462
15.886492,-5.698487,-4.789295
15.585900,-1.911070,-4.787797
13.820000,1.626469,-4.797344
11.567022,4.416813,-4.794869
10.146185,6.620909,-4.794759
8.849039,8.634394,-4.799210
7.061920,10.074525,-4.794423
5.099823,11.024029,-4.796799
3.248426,11.630455,-4.800377
2.460111,13.072199,-7.543181
0.779568,13.556698,-7.544123
-0.837193,13.843650,-7.545567
-2.364803,13.915723,-7.546186
-3.787995,13.926071,-7.544562
-5.320743,13.993453,-7.541530
-6.828806,13.804040,-7.544211
-8.455582,13.496775,-7.546083
-10.041713,13.132833,-7.542903
-11.589538,12.342397,-7.543255
-13.279259,11.391006,-7.546715
-14.198081,9.868878,-7.548009
-14.970683,8.124252,-7.545709
-17.195443,6.685975,-7.544476
-17.769143,4.578919,-7.547632
-18.529454,2.270747,-7.545212
-19.515814,-0.506515,-7.544637
-19.645296,-3.456137,-7.545383
-18.994432,-6.341211,-7.544721
-17.857556,-9.305187,-7.548732
-16.156725,-12.249441,-7.545705
-13.636310,-14.490601,-7.546192
-10.901822,-16.878484,-7.543097
-7.741659,-18.980651,-7.542442
-3.930496,-20.042172,-7.544711
-0.013042,-20.487338,-7.541541
4.154684,-20.462934,-7.544651
7.953703,-18.834184,-7.545204
11.058337,-16.191088,-7.546681
13.415044,-12.893674,-7.543263
14.674070,-9.062567,-7.538282
14.876595,-5.115914,-7.541249
14.721165,-1.608402,-7.540649
13.538410,1.661647,-7.544007
11.942160,4.422374,-7.544569
10.537580,6.762757,-7.542292
9.262092,8.673797,-7.540903
7.688469,10.350549,-7.540159
5.897512,11.600869,-7.540803
4.113120,12.461125,-7.542108
3.004912,13.947875,-10.292951
1.364565,14.603510,-10.299146
-0.414311,15.186845,-10.292334
-2.047858,15.495674,-10.288433
-3.813444,15.492556,-10.294317
-5.557759,15.223708,-10.299415
-7.207916,14.940059,-10.293017
-8.843705,14.332382,-10.287791
-10.390969,13.455758,-10.290732
-11.964656,12.645951,-10.292319
-13.422837,11.514565,-10.291282
-15.390465,10.382590,-10.290697
-16.940605,8.829674,-10.292064
-17.339893,6.733529,-10.291898
-19.112748,4.550613,-10.289596
-19.805424,2.075081,-10.293877
-19.312748,-0.403693,-10.292751
-18.564444,-2.879795,-10.289325
-17.759953,-5.561571,-10.291406
-16.526588,-8.087967,-10.292116
-14.920195,-10.643275,-10.290105
-12.681749,-12.636196,-10.293121
-10.141548,-14.477707,-10.292456
-7.230344,-16.033993,-10.291613
-3.920502,-16.998627,-10.292704
-0.527733,-17.427387,-10.291609
2.988164,-17.086235,-10.295592
6.511160,-16.107855,-10.293296
9.492196,-14.050924,-10.295116
11.607322,-11.089221,-10.293475
13.022416,-7.825658,-10.289182
13.708612,-4.587364,-10.292830
13.287168,-1.184665,-10.293377
13.204773,1.726126,-10.296831
12.629472,4.471964,-10.294100
10.915867,6.817677,-10.293589
8.931014,8.649469,-10.297458
7.609437,10.251982,-10.292678
6.180899,11.782651,-10.287738
4.716612,12.966070,-10.287166
2.976266,13.844913,-13.049480
1.356483,14.627328,-13.049071
-0.355201,15.182268,-13.046750
-2.127285,15.460778,-13.046232
-3.827263,15.405530,-13.044303
-5.493877,15.068280,-13.038156
-7.128451,14.584190,-13.041218
-8.598593,13.955805,-13.045274
-10.109059,13.163605,-13.045769
-11.605612,12.342674,-13.047429
-12.946718,11.184160,-13.043090
-14.931984,10.224414,-13.042283
-16.688152,8.709769,-13.049877
-16.631441,6.535729,-13.049424
-18.411206,4.568436,-13.047902
-19.061112,2.134476,-13.044548
-18.207039,-0.107729,-13.043565
-17.153747,-2.199869,-13.047244
-16.309410,-4.410573,-13.047298
-15.059796,-6.634914,-13.038960
-13.557656,-8.696311,-13.042611
-11.635994,-10.517965,-13.039809
-9.253238,-11.863739,-13.042205
-6.689775,-12.818467,-13.044867
-3.969819,-13.684444,-13.041967
-1.000087,-14.076303,-13.042461
1.854149,-13.390249,-13.041626
4.823502,-12.709676,-13.040674
7.362114,-11.131886,-13.042170
9.149742,-8.678430,-13.044747
10.535837,-6.065621,-13.043926
11.368321,-3.386910,-13.042615
11.071592,-0.455770,-13.047929
11.898049,1.944470,-13.045717
11.957299,4.456151,-13.043013
10.285317,6.671088,-13.041423
8.092983,8.301604,-13.041991
6.722578,9.866186,-13.047213
5.615934,11.316371,-13.049647
4.366400,12.743784,-13.049789
2.395112,13.095422,-15.792819
0.909174,13.857522,-15.800539
-0.614892,14.305992,-15.797303
-2.266161,14.502648,-15.791937
-3.850056,14.424508,-15.793804
-5.323413,14.110568,-15.797747
-6.811853,13.565951,-15.789619
-8.172760,12.927488,-15.787353
-9.440431,12.270613,-15.795160
-10.800791,11.446386,-15.794920
-11.951874,10.380776,-15.790268
-13.545655,9.484360,-15.788163
-15.129697,8.197623,-15.790430
-15.118759,6.297626,-15.790939
-16.369978,4.567134,-15.789237
-16.930936,2.467282,-15.792876
-16.322317,0.539181,-15.796016
-15.362240,-1.269191,-15.792279
-14.456762,-3.126762,-15.789631
-13.392269,-4.978659,-15.797289
-11.906978,-6.507536,-15.794209
-10.360567,-8.036416,-15.795500
-8.292220,-8.887389,-15.794396
-6.098517,-9.322819,-15.794726
-3.899540,-10.083836,-15.795269
-1.591898,-10.402978,-15.791130
0.622409,-9.480460,-15.795844
2.704560,-8.495420,-15.794453
4.521770,-7.090511,-15.791910
5.798441,-5.293717,-15.790923
7.146769,-3.567121,-15.790027
8.130077,-1.683396,-15.791719
8.010312,0.625341,-15.797031
9.332538,2.325839,-15.795739
9.684948,4.418284,-15.795415
8.318153,6.368366,-15.795593
6.585238,7.839032,-15.792411
5.530112,9.233441,-15.789027
4.610310,10.658236,-15.786395
3.666110,11.938933,-15.786634
1.510019,11.856640,-18.541854
0.218667,12.508685,-18.550457
-1.116266,12.879736,-18.545743
-2.493570,13.014819,-18.542791
-3.874563,12.925287,-18.549065
-5.109765,12.661217,-18.552104
-6.358420,12.212244,-18.542270
-7.455245,11.593578,-18.538624
-8.477027,10.849161,-18.549083
-9.472469,10.166711,-18.549838
-10.459217,9.303674,-18.543051
-11.485832,8.435918,-18.538745
-12.617927,7.395592,-18.542284
-12.999024,6.003096,-18.546578
-13.600451,4.533500,-18.538526
-13.820535,2.980644,-18.542627
-13.643192,1.370682,-18.550873
-13.087939,-0.162210,-18.546019
-12.111733,-1.402890,-18.541004
-11.425163,-3.017516,-18.542261
-10.005351,-3.866699,-18.546618
-8.801863,-5.042716,-18.543441
-7.158550,-5.477068,-18.543065
-5.498919,-5.480773,-18.543222
-3.938776,-6.085308,-18.543983
-2.233811,-6.271241,-18.546799
-0.723191,-5.314742,-18.540490
0.714293,-4.563541,-18.541692
1.854127,-3.501985,-18.546441
2.798726,-2.251491,-18.544443
3.713546,-1.045675,-18.542219
4.334994,0.304288,-18.540380
4.788950,1.673180,-18.540930
5.555446,2.971796,-18.547796
5.697333,4.459082,-18.543343
5.232010,5.907884,-18.543592
4.638686,7.215269,-18.549847
4.093785,8.554576,-18.550241
3.440136,9.798427,-18.544371
2.601846,10.916654,-18.538843
0.307071,10.239134,-21.290352
-0.682679,10.675528,-21.297415
-1.725207,10.982988,-21.297618
-2.812206,11.109000,-21.294320
-3.852886,11.028587,-21.293286
-4.862252,10.803995,-21.295507
-5.832918,10.541667,-21.297726
-6.643590,9.963033,-21.297543
-7.043150,8.878993,-21.294091
-7.590193,8.232219,-21.291973
-8.287544,7.753284,-21.291713
-8.915944,7.090841,-21.291883
-9.391032,6.311451,-21.289924
-9.988394,5.494660,-21.292617
-10.357527,4.537708,-21.296043
-10.197850,3.533497,-21.293089
-10.057223,2.538701,-21.289968
-10.266966,1.279933,-21.296954
-9.002349,0.808175,-21.295531
-8.915508,-0.499840,-21.289875
-7.664484,-0.692755,-21.294064
-6.845154,-1.278958,-21.293417
-5.847462,-1.452634,-21.296083
-4.831306,-1.234247,-21.293852
-3.891956,-1.669009,-21.292559
-2.966999,-1.490755,-21.296351
-2.117556,-1.042737,-21.292780
-1.046881,-1.113000,-21.292299
-0.395055,-0.319635,-21.294578
0.149466,0.437333,-21.293638
-0.126680,1.761605,-21.296249
0.832463,2.063006,-21.295847
0.413066,3.080311,-21.292163
0.377781,3.803560,-21.292069
1.031131,4.478440,-21.293394
1.714897,5.373658,-21.295535
2.278681,6.461560,-21.296819
2.500568,7.730991,-21.294870
2.042025,8.794224,-21.289945
1.265679,9.599861,-21.287146
-4.170088,3.542895,-24.043596
