18.133191,23.621725,32.385005
14.246848,26.276852,32.385005
9.906441,28.100737,32.385005
5.293221,29.029888,32.385005
0.586628,29.016563,32.385005
-3.869881,28.129497,32.385005
-7.962127,26.564036,32.385005
-11.760698,24.382179,32.385005
-15.052236,21.744264,32.385005
-17.789974,18.751316,32.385005
-20.042132,15.378899,32.385005
-21.730505,11.870741,32.385005
-22.910916,8.331686,32.385005
-23.659514,4.676864,32.385005
-23.968723,0.959318,32.385005
-23.821937,-2.768099,32.385005
-23.229495,-6.287598,32.385005
-22.102097,-9.844316,32.385005
-20.415703,-13.172943,32.385005
-18.145051,-16.135771,32.385004
-15.324665,-18.578544,32.385004
-12.094324,-20.447968,32.385004
-8.603576,-21.763887,32.385004
-5.121089,-22.542874,32.385004
-1.569157,-22.884447,32.385005
1.997941,-22.809730,32.385005
5.692493,-22.296618,32.385005
9.297130,-21.336428,32.385005
12.747472,-19.917530,32.385005
15.961473,-18.022548,32.385005
18.951815,-15.528324,32.385005
21.550886,-12.416182,32.385005
23.585868,-8.907710,32.385005
25.065758,-5.132067,32.385005
26.032924,-1.026398,32.385005
26.430194,3.172365,32.385004
26.239508,7.543894,32.385004
25.401809,11.869378,32.385004
23.815402,16.168345,32.385005
21.395789,20.219790,28.991246
18.032886,23.580766,28.981156
14.167948,26.042383,28.977174
9.796488,27.933352,28.985593
5.335483,28.973792,28.990664
0.580957,28.972047,28.983486
-3.768146,28.196581,28.979946
-8.096051,27.213311,28.978385
-12.316692,25.482184,28.985442
-15.777449,22.967403,28.992224
-18.848760,19.787472,28.986417
-21.145597,16.401966,28.983295
-22.958301,12.532614,28.979750
-23.887319,8.726391,28.981368
-24.144464,4.797099,28.989923
-24.208174,1.032011,28.992772
-24.014266,-2.729183,28.988299
-23.376519,-6.440231,28.986172
-22.285934,-9.877299,28.989153
-20.620167,-13.255484,28.990548
-18.361051,-16.271695,28.985813
-15.469687,-18.935084,28.983887
-12.283923,-20.954749,28.981165
-8.807055,-22.376311,28.979527
-5.305993,-23.286045,28.980433
-1.562336,-23.730345,28.979822
2.109646,-22.967112,28.986464
5.616624,-22.080858,28.989422
9.032269,-20.980378,28.985202
12.265823,-19.371728,28.979150
15.430896,-17.334898,28.978288
18.291211,-14.883612,28.984961
20.795784,-12.069253,28.987807
22.966750,-8.789926,28.982038
24.683170,-5.079453,28.977843
25.994907,-1.019364,28.982193
26.852899,3.153120,28.984319
26.657416,7.555364,28.979268
25.589538,12.067841,28.980749
23.863511,16.351569,28.989355
21.322598,20.144143,25.591983
17.986088,23.340214,25.591348
13.892418,25.789846,25.593584
9.641391,27.628708,25.586062
5.174390,28.732054,25.577136
0.552023,28.725873,25.579582
-3.836362,28.023710,25.583755
-8.256261,27.374697,25.586051
-12.449077,25.997130,25.585240
-16.155426,23.480026,25.582930
-19.304513,20.341121,25.581076
-21.730205,16.816728,25.578942
-23.543566,12.910611,25.581918
-24.396559,8.900789,25.586438
-24.431722,4.770976,25.588254
-24.339433,0.984559,25.589135
-24.100322,-2.797578,25.586487
-23.487605,-6.366999,25.588195
-22.348886,-9.986365,25.587510
-20.689364,-13.391437,25.582714
-18.427060,-16.433107,25.591671
-15.710794,-19.077464,25.584148
-12.591437,-21.241798,25.577015
-8.992821,-22.836216,25.583923
-5.322292,-23.882232,25.591927
-1.563847,-24.383213,25.592262
2.192278,-23.232301,25.589848
5.664864,-22.126209,25.588496
9.041828,-20.865515,25.588867
12.203148,-19.067524,25.591507
15.177594,-17.003341,25.592093
17.905268,-14.616278,25.586230
20.472536,-11.828459,25.589520
22.758283,-8.597910,25.589397
24.535176,-5.075713,25.586222
26.034042,-1.048697,25.587629
27.140979,3.261200,25.586825
26.873511,7.679730,25.585348
25.702806,12.041436,25.586698
23.879279,16.310188,25.590244
21.149876,19.974944,22.187574
17.739127,23.090044,22.189528
13.731890,25.354612,22.182835
9.469275,27.170287,22.177696
5.175049,28.260717,22.180963
0.551951,28.280302,22.186643
-3.847663,27.659263,22.185710
-8.108872,27.088625,22.189032
-12.324048,25.774033,22.192350
-16.076599,23.333600,22.188915
-19.276269,20.247827,22.184274
-21.735217,16.746022,22.188808
-23.501606,13.005406,22.191176
-24.449495,8.844554,22.184952
-24.531062,4.883171,22.181125
-24.361534,0.935599,22.189179
-24.110664,-2.680553,22.186665
-23.479160,-6.410652,22.184713
-22.344367,-10.031787,22.190591
-20.704849,-13.444111,22.191058
-18.461247,-16.497870,22.180753
-15.803444,-19.200318,22.186495
-12.607853,-21.539325,22.191738
-9.193852,-23.137661,22.189090
-5.383378,-24.296165,22.189272
-1.633528,-24.859517,22.191042
2.113009,-23.706217,22.189533
5.719481,-22.461089,22.187320
9.060989,-21.119008,22.185340
12.177569,-19.245384,22.184498
15.116115,-17.131884,22.186459
17.944265,-14.612042,22.189083
20.510412,-11.825073,22.186933
22.822330,-8.614036,22.182323
24.633676,-5.111751,22.184344
26.157091,-1.094278,22.188380
27.267300,3.214826,22.179340
26.945708,7.625432,22.176954
25.690518,11.965887,22.179754
23.784511,16.196279,22.183399
20.873583,19.708312,18.779505
17.419252,22.725521,18.788684
13.390490,24.883174,18.789441
9.280039,26.558237,18.780313
5.007602,27.591468,18.780528
0.578941,27.627270,18.791477
-3.641379,27.118585,18.785452
-7.977289,26.246378,18.785379
-11.950418,24.754681,18.787593
-15.555518,22.478583,18.784080
-18.682130,19.594299,18.781556
-21.105470,16.299084,18.785610
-22.909267,12.624847,18.788701
-24.043285,8.693129,18.786643
-24.443248,4.788334,18.782417
-24.287781,1.030816,18.780135
-24.009336,-2.724758,18.779953
-23.385943,-6.427032,18.783077
-22.322837,-9.872882,18.787373
-20.658706,-13.424557,18.787222
-18.457119,-16.475912,18.782207
-15.870296,-19.211735,18.789097
-12.758101,-21.611909,18.785630
-9.251275,-23.343889,18.783221
-5.485431,-24.526857,18.789850
-1.607444,-25.144378,18.778565
2.191731,-24.252655,18.784591
5.952029,-23.036774,18.784952
9.402184,-21.589722,18.779907
12.498323,-19.734603,18.778916
15.543852,-17.532339,18.780131
18.323835,-14.998004,18.783457
20.932271,-12.064249,18.786789
23.175408,-8.838467,18.784095
24.992612,-5.184759,18.781886
26.373592,-1.150396,18.786694
27.252724,3.180200,18.790177
26.810629,7.720368,18.787690
25.492879,11.997178,18.781698
23.576144,16.008166,18.777075
20.490081,19.342978,15.382972
17.012162,22.249579,15.378596
13.139949,24.244520,15.380674
9.036228,25.803856,15.388256
4.791900,26.706876,15.388337
0.572640,26.750276,15.379656
-3.622061,26.330199,15.379077
-7.554482,24.915315,15.383218
-11.165329,23.051769,15.381395
-14.477991,21.046900,15.378854
-17.554090,18.418620,15.383978
-19.965932,15.369937,15.383491
-21.760343,11.943366,15.384808
-23.168849,8.477707,15.383292
-24.173820,4.747552,15.379149
-24.106446,1.028600,15.388131
-23.822153,-2.692272,15.392445
-23.224226,-6.349614,15.386757
-22.130508,-9.914322,15.382414
-20.574540,-13.288290,15.386297
-18.443595,-16.336061,15.387832
-15.820551,-19.202093,15.383098
-12.781949,-21.616480,15.383251
-9.338688,-23.397925,15.384553
-5.477086,-24.620760,15.381685
-1.645518,-25.238926,15.384783
2.375907,-24.885429,15.386146
6.139745,-23.900349,15.379012
9.719828,-22.421850,15.382535
13.110928,-20.525570,15.391015
16.286147,-18.298559,15.385134
19.124848,-15.651971,15.381904
21.706524,-12.541009,15.390208
23.879887,-9.129869,15.389218
25.593805,-5.294680,15.378726
26.707579,-1.067589,15.380035
27.097432,3.281644,15.392057
26.549850,7.607264,15.384362
25.234912,11.807255,15.377923
23.172323,15.877360,15.381324
19.994758,18.875217,11.987988
16.509430,21.669067,11.986878
12.660573,23.581383,11.985115
8.711581,24.901196,11.987027
4.647190,25.599380,11.986240
0.488507,25.648030,11.982178
-3.501122,25.269064,11.987175
-7.227173,23.559430,11.990805
-10.531592,21.575707,11.988265
-13.677826,19.713038,11.983451
-16.533915,17.408084,11.982334
-18.925516,14.618303,11.989428
-20.738051,11.448572,11.993636
-22.361225,8.133418,11.989178
-23.679209,4.733896,11.984308
-23.797167,0.909105,11.988794
-23.557143,-2.606724,11.987323
-22.979310,-6.212243,11.979627
-21.924322,-9.733221,11.979278
-20.346445,-13.215053,11.987380
-18.285664,-16.247868,11.983224
-15.733412,-19.104761,11.980372
-12.762580,-21.511448,11.986762
-9.240880,-23.385212,11.987414
-5.591871,-24.533935,11.978914
-1.654502,-25.147825,11.981757
2.339258,-25.304616,11.987785
6.229580,-24.523702,11.986136
9.939647,-23.027915,11.981957
13.459566,-21.168791,11.984341
16.732805,-18.893904,11.989470
19.744935,-16.045964,11.986218
22.305339,-12.786013,11.984881
24.399073,-9.208726,11.980174
25.952108,-5.360914,11.979299
26.805225,-1.144167,11.986076
26.787419,3.162678,11.985362
26.155220,7.421257,11.978972
24.785796,11.689068,11.978136
22.730043,15.516268,11.983671
19.381851,18.297142,8.580194
16.046784,20.887778,8.585805
12.260949,22.758535,8.579624
8.337683,23.833159,8.580743
4.302573,24.288201,8.586235
0.388143,24.312339,8.583932
-3.354367,23.890927,8.581615
-6.791321,22.456431,8.583759
-10.092842,20.631757,8.588589
-13.069654,18.924990,8.592780
-15.913759,16.720758,8.592143
-18.336112,14.055644,8.580274
-20.220809,11.005108,8.584330
-21.738663,7.902834,8.591701
-22.987372,4.540781,8.583161
-23.370863,0.964127,8.577462
-23.205235,-2.635708,8.587009
-22.613801,-6.177262,8.589915
-21.594062,-9.628935,8.587157
-20.136435,-12.915221,8.591324
-18.104294,-16.069235,8.586610
-15.634874,-18.899627,8.579680
-12.607165,-21.364676,8.578133
-9.160602,-23.227118,8.582069
-5.428870,-24.367101,8.585534
-1.553832,-24.884216,8.585781
2.351470,-25.308505,8.588354
6.322250,-24.650561,8.586840
9.987358,-23.204217,8.588828
13.591096,-21.351360,8.588599
16.911661,-19.000789,8.579428
19.858313,-16.199794,8.582790
22.341542,-12.981214,8.582482
24.403256,-9.300119,8.584862
25.905581,-5.343793,8.585905
26.602104,-1.188428,8.582163
26.312804,3.183391,8.584180
25.599301,7.347284,8.579465
24.254028,11.358910,8.574574
22.150720,15.069290,8.574771
18.652530,17.609902,5.188902
15.358412,20.073282,5.190915
11.792140,21.830714,5.192627
7.784663,22.667874,5.184373
3.966830,22.873890,5.179181
0.315393,22.865821,5.184003
-3.157421,22.381704,5.184039
-6.509423,21.366148,5.181684
-9.727386,19.970825,5.185397
-12.777613,18.249683,5.191281
-15.443496,16.215676,5.188513
-17.870587,13.685987,5.181504
-19.819832,10.771820,5.180988
-21.187079,7.713489,5.186808
-22.189416,4.352431,5.191264
-22.838171,0.905125,5.188289
-22.770390,-2.589400,5.182557
-22.173053,-6.052877,5.179312
-21.202226,-9.414556,5.180720
-19.733985,-12.765283,5.183668
-17.833227,-15.889826,5.182933
-15.451040,-18.666219,5.186196
-12.496067,-21.064069,5.190400
-9.148145,-22.906327,5.189373
-5.363536,-24.039486,5.184096
-1.571451,-24.412871,5.182236
2.380454,-24.895935,5.188685
6.251828,-24.303502,5.192628
9.984670,-22.869910,5.189189
13.493927,-21.069253,5.185602
16.705297,-18.740220,5.188081
19.583175,-16.017594,5.191725
22.091151,-12.756855,5.191597
24.050397,-9.143778,5.185811
25.464380,-5.265797,5.181317
26.093626,-1.059287,5.185047
25.708300,3.041693,5.190328
24.954715,7.090884,5.183493
23.512231,11.112533,5.179600
21.341685,14.661352,5.184036
17.684810,16.901762,1.789130
14.574681,19.135288,1.790184
11.108521,20.811225,1.783206
7.361892,21.451913,1.781477
3.806430,21.546889,1.781785
0.280478,21.525838,1.781903
-3.065711,21.004133,1.789869
-6.237937,20.303126,1.785806
-9.424100,19.178659,1.777024
-12.264695,17.604219,1.780025
-14.980480,15.579029,1.789695
-17.273526,13.291611,1.780332
-19.260362,10.531511,1.781819
-20.589989,7.430777,1.791042
-21.425953,4.138490,1.788674
-22.226093,0.840668,1.786468
-22.232236,-2.528196,1.783992
-21.655553,-5.888759,1.785807
-20.681955,-9.274997,1.786058
-19.337587,-12.389618,1.779414
-17.548278,-15.611390,1.778106
-15.169052,-18.419030,1.780342
-12.284685,-20.707955,1.788004
-8.910376,-22.553050,1.787204
-5.383441,-23.568939,1.779319
-1.555489,-23.750772,1.787305
2.278812,-24.029611,1.785502
6.029259,-23.438894,1.788109
9.517181,-22.167307,1.789092
13.052076,-20.378900,1.785008
16.146163,-18.111046,1.785359
18.945954,-15.497449,1.784416
21.402150,-12.368340,1.779889
23.297392,-8.875823,1.779059
24.648532,-5.120958,1.785042
25.278538,-1.055740,1.790577
24.953084,2.913138,1.788676
24.148218,6.964662,1.788617
22.689283,10.669031,1.788567
20.478168,14.028896,1.787864
16.698681,15.968683,-1.617621
13.688705,18.070450,-1.616787
10.488291,19.609074,-1.620621
6.895799,20.216297,-1.622361
3.485152,20.316003,-1.615743
0.246719,20.298590,-1.608050
-2.820138,19.810956,-1.610533
-5.892600,19.278374,-1.615991
-8.988463,18.344908,-1.616873
-11.732572,16.861219,-1.615663
-14.356919,14.947478,-1.617677
-16.695107,12.696959,-1.615282
-18.583408,10.206308,-1.611232
-19.887351,7.250924,-1.608352
-20.651394,4.083823,-1.607678
-21.505452,0.940011,-1.609442
-21.593816,-2.423154,-1.612373
-21.062528,-5.655086,-1.616888
-20.141232,-8.902228,-1.622109
-18.762105,-12.159575,-1.620095
-17.179433,-15.321654,-1.607785
-14.918676,-18.023426,-1.613231
-12.005487,-20.267879,-1.619142
-8.760584,-22.025048,-1.616117
-5.234178,-22.990931,-1.612280
-1.557199,-22.919426,-1.607792
2.120832,-22.785295,-1.614924
5.582724,-22.165554,-1.612183
9.072568,-20.973840,-1.608618
12.342686,-19.323429,-1.615481
15.312539,-17.154466,-1.621437
18.024698,-14.678570,-1.618078
20.352994,-11.835610,-1.611219
22.212627,-8.509328,-1.612280
23.546546,-4.776372,-1.617670
24.184488,-1.021214,-1.620174
24.043149,2.793659,-1.621339
23.247985,6.674562,-1.615655
21.716676,10.169968,-1.613372
19.464706,13.297276,-1.616128
15.577734,14.914231,-5.014104
12.804968,16.818838,-5.013520
9.760093,18.281960,-5.018356
6.480493,18.961558,-5.014431
3.239049,19.173231,-5.011303
0.284015,19.178378,-5.014306
-2.778878,18.733280,-5.009629
-5.710252,18.246957,-5.008544
-8.538214,17.406905,-5.014486
-11.168516,16.021440,-5.020856
-13.688652,14.222065,-5.019430
-15.950596,12.110811,-5.010984
-17.799666,9.775766,-5.008619
-19.166826,6.867185,-5.011797
-19.950141,3.860478,-5.013815
-20.738979,0.858322,-5.016189
-20.845113,-2.351413,-5.015082
-20.349083,-5.568137,-5.013833
-19.454973,-8.659169,-5.014822
-18.202350,-11.643987,-5.016810
-16.735024,-14.831721,-5.018782
-14.514826,-17.520343,-5.013178
-11.595628,-19.702201,-5.014851
-8.483874,-21.345982,-5.018765
-5.113159,-22.229164,-5.017399
-1.478566,-21.989726,-5.020658
1.868010,-21.575940,-5.012240
5.293710,-20.886924,-5.013462
8.498709,-19.835230,-5.013266
11.623419,-18.267494,-5.010421
14.362495,-16.304388,-5.014102
16.980482,-13.979622,-5.007785
19.319166,-11.193687,-5.016576
21.102151,-8.026219,-5.020603
22.306822,-4.591737,-5.018494
22.950558,-1.012759,-5.018374
22.949343,2.759649,-5.013231
22.189116,6.322674,-5.012289
20.524578,9.701566,-5.013932
18.212754,12.552973,-5.014999
14.319765,13.735348,-8.421304
11.682791,15.518994,-8.418016
8.919736,16.836275,-8.409057
5.979723,17.690188,-8.412386
3.073317,18.104923,-8.420506
0.141527,18.141717,-8.418798
-2.643998,17.810642,-8.411809
-5.396088,17.249778,-8.411686
-8.057671,16.370479,-8.417118
-10.560772,15.097775,-8.417876
-12.962577,13.413358,-8.412529
-15.034495,11.522161,-8.418541
-16.899456,9.249469,-8.419226
-18.342940,6.558721,-8.412176
-19.242724,3.761058,-8.411495
-19.899736,0.768156,-8.415297
-19.991512,-2.283527,-8.412897
-19.570893,-5.326447,-8.417598
-18.718925,-8.257553,-8.420057
-17.491585,-11.203582,-8.408676
-16.124727,-14.234089,-8.415451
-13.937587,-16.872092,-8.413259
-11.149639,-18.910362,-8.409003
-8.189323,-20.435359,-8.413087
-4.864998,-21.272789,-8.413979
-1.426118,-20.985910,-8.407890
1.839417,-20.390143,-8.417580
4.951719,-19.710477,-8.423328
7.984967,-18.727830,-8.417814
10.950888,-17.246056,-8.411328
13.576887,-15.436371,-8.411688
16.064397,-13.243839,-8.412195
18.277658,-10.604043,-8.408821
19.954684,-7.595922,-8.410225
21.030322,-4.325627,-8.413736
21.594881,-0.925009,-8.415112
21.657502,2.645410,-8.418197
20.897942,6.014116,-8.420772
19.168378,9.118237,-8.421901
16.905680,11.583306,-8.421811
13.075125,12.553727,-11.810234
10.693000,14.151465,-11.813382
8.097977,15.371651,-11.816515
5.511761,16.356253,-11.820003
2.838382,16.956843,-11.818263
0.075774,17.020634,-11.811465
-2.548462,16.774907,-11.811287
-5.099616,16.139210,-11.819173
-7.574931,15.220244,-11.819635
-9.931800,14.051572,-11.814971
-12.100635,12.553740,-11.816840
-14.153171,10.713354,-11.809792
-15.908480,8.594942,-11.812909
-17.327786,6.228088,-11.819600
-18.380532,3.554874,-11.816015
-18.872623,0.723647,-11.819695
-18.948689,-2.152900,-11.821783
-18.606793,-5.006626,-11.821553
-17.765875,-7.876479,-11.818746
-16.613904,-10.641512,-11.813670
-15.270113,-13.590628,-11.815469
-13.278392,-15.964239,-11.812525
-10.649690,-17.869899,-11.806762
-7.749311,-19.312872,-11.812086
-4.617172,-20.083994,-11.819481
-1.383824,-19.898127,-11.810385
1.670159,-19.286001,-11.819775
4.590981,-18.625094,-11.819542
7.538787,-17.643626,-11.815782
10.227878,-16.316440,-11.818591
12.855145,-14.649958,-11.816739
15.272002,-12.501135,-11.812657
17.217432,-10.069138,-11.818875
18.751462,-7.218071,-11.817559
19.668667,-4.124062,-11.816561
20.102013,-0.792488,-11.818619
20.152741,2.438872,-11.809114
19.407265,5.596389,-11.809888
17.762826,8.350867,-11.811499
15.462584,10.663059,-11.810014
11.876664,11.395120,-15.207482
9.665111,12.873659,-15.209487
7.249033,13.986561,-15.216926
4.994453,14.971720,-15.219355
2.552381,15.638584,-15.214962
0.094171,15.719011,-15.210794
-2.346733,15.540150,-15.213025
-4.697449,14.908998,-15.213796
-6.977829,14.004071,-15.210667
-9.168275,12.930862,-15.210724
-11.193992,11.560821,-15.216590
-13.028898,9.939966,-15.213746
-14.671891,7.992855,-15.215921
-16.124820,5.742133,-15.219867
-17.204661,3.309710,-15.214634
-17.571322,0.672206,-15.217955
-17.634619,-2.003923,-15.221488
-17.377275,-4.651963,-15.218088
-16.626063,-7.326298,-15.213892
-15.520876,-9.996250,-15.217784
-14.290925,-12.618298,-15.221674
-12.363300,-14.896737,-15.218954
-9.908089,-16.647907,-15.216864
-7.196771,-17.921243,-15.217510
-4.283268,-18.648234,-15.213090
-1.392791,-18.735327,-15.207067
1.558898,-18.225459,-15.219224
4.380335,-17.572755,-15.223143
7.088418,-16.604863,-15.213268
9.701112,-15.351195,-15.207940
12.216576,-13.942845,-15.211306
14.439355,-11.924263,-15.209048
16.205180,-9.498433,-15.214665
17.564315,-6.691817,-15.219647
18.251066,-3.782732,-15.219715
18.450313,-0.781330,-15.215789
18.387194,2.215686,-15.211192
17.642124,5.131538,-15.218915
16.077178,7.659522,-15.220061
14.002871,9.708685,-15.212740
10.644972,10.319497,-18.611000
8.631436,11.656564,-18.617642
6.521231,12.616794,-18.611536
4.473610,13.512638,-18.611577
2.255037,14.127890,-18.614414
0.021885,14.222421,-18.611334
-2.196755,14.069675,-18.609101
-4.335240,13.497331,-18.614364
-6.397272,12.652183,-18.614431
-8.379736,11.655910,-18.609313
-10.235713,10.433472,-18.610086
-11.898281,8.955155,-18.608784
-13.372379,7.170180,-18.615797
-14.651187,5.214761,-18.620393
-15.664296,3.018175,-18.609606
-15.930528,0.616177,-18.608541
-15.986670,-1.818664,-18.617233
-15.844625,-4.231632,-18.619053
-15.255643,-6.687529,-18.616586
-14.272196,-9.122700,-18.620683
-13.073118,-11.465791,-18.610288
-11.297541,-13.519039,-18.616027
-9.067126,-15.116437,-18.619203
-6.582256,-16.206456,-18.614473
-3.935150,-16.900873,-18.616678
-1.250291,-17.383468,-18.611635
1.442993,-17.052684,-18.612130
4.014526,-16.443245,-18.611427
6.546985,-15.482115,-18.615126
8.896596,-14.288002,-18.621170
11.341678,-12.880384,-18.618219
13.314122,-10.992197,-18.611283
14.869099,-8.630469,-18.610739
15.950052,-6.120706,-18.616383
16.507463,-3.458620,-18.621067
16.576212,-0.727736,-18.621038
16.319388,1.986056,-18.618806
15.622454,4.524056,-18.616902
14.321848,6.784772,-18.611692
12.527696,8.734845,-18.607196
9.484528,9.251401,-22.021263
7.710947,10.443169,-22.020848
5.760249,11.314318,-22.020842
3.908395,11.965776,-22.015773
1.912776,12.412322,-22.011249
-0.045881,12.522197,-22.010239
-1.998391,12.359369,-22.008710
-3.915299,11.937619,-22.014519
-5.729237,11.209915,-22.019609
-7.375793,10.314662,-22.019942
-9.114721,9.232097,-22.020466
-10.569426,7.921266,-22.018993
-11.849105,6.322877,-22.013060
-12.929337,4.572331,-22.012059
-13.688676,2.669255,-22.019620
-13.836678,0.544685,-22.015953
-13.901746,-1.508500,-22.016898
-13.959761,-3.732877,-22.014713
-13.632761,-6.025178,-22.010600
-12.837257,-8.107663,-22.021942
-11.540743,-10.133737,-22.013718
-9.970294,-11.835595,-22.012485
-8.027856,-13.265483,-22.013422
-5.803905,-14.156046,-22.009749
-3.564573,-14.762595,-22.013959
-1.223009,-15.644594,-22.019551
1.235958,-15.490877,-22.012799
3.602313,-14.911742,-22.009100
5.814175,-14.029668,-22.014443
7.911938,-12.829672,-22.021468
9.980257,-11.446023,-22.020708
11.662032,-9.723872,-22.011555
12.993207,-7.613245,-22.009587
13.871185,-5.375074,-22.014597
14.345417,-3.013566,-22.014677
14.347908,-0.612156,-22.010393
13.926261,1.667422,-22.010247
13.261558,3.885201,-22.011831
12.304913,5.906663,-22.015532
11.012885,7.742319,-22.019664
8.329665,8.217831,-25.409807
6.726234,9.260586,-25.411075
5.045074,9.954424,-25.413192
3.267649,10.260994,-25.413736
1.530959,10.475776,-25.414263
-0.117984,10.600205,-25.412487
-1.769416,10.408407,-25.408269
-3.439648,10.207136,-25.416368
-4.973745,9.650855,-25.416960
-6.394433,8.752311,-25.411277
-7.824662,7.901427,-25.418512
-9.088804,6.722824,-25.414203
-10.092546,5.380801,-25.409325
-10.911274,3.850882,-25.413036
-11.342196,2.162204,-25.416131
-11.387480,0.424612,-25.414185
-11.465920,-1.234967,-25.416477
-11.714249,-3.109274,-25.419311
-11.770816,-5.155005,-25.415430
-11.177379,-7.040074,-25.413980
-9.749549,-8.477991,-25.409603
-8.338600,-9.752684,-25.415674
-6.741240,-11.014850,-25.419075
-4.887282,-11.685429,-25.415242
-2.999143,-12.201742,-25.419126
-1.139513,-13.402214,-25.418621
0.995875,-13.393979,-25.418694
3.024993,-12.884976,-25.419837
4.940042,-12.065322,-25.413586
6.665063,-10.942188,-25.412564
8.326436,-9.643103,-25.422807
9.653139,-8.088514,-25.419055
10.746157,-6.359482,-25.413257
11.446204,-4.449566,-25.408937
11.771458,-2.498071,-25.412325
11.637514,-0.472276,-25.418779
11.099847,1.344827,-25.418813
10.538447,3.147355,-25.415403
10.095878,4.880042,-25.412380
9.475232,6.689103,-25.410316
6.918090,6.915577,-28.814569
5.552624,7.713406,-28.809834
4.059938,8.216030,-28.818486
2.499551,8.268432,-28.821891
1.101896,8.372831,-28.815577
-0.214899,8.469715,-28.813277
-1.535604,8.289380,-28.820645
-2.889344,8.230875,-28.814737
-4.166754,7.810458,-28.809359
-5.261093,7.003525,-28.811340
-6.307356,6.278325,-28.809826
-7.282260,5.302933,-28.811159
-8.069515,4.208109,-28.812892
-8.655162,3.020662,-28.813746
-8.887105,1.708597,-28.818025
-9.007986,0.378953,-28.822164
-9.151844,-1.008676,-28.822017
-9.377279,-2.432844,-28.819493
-9.628894,-4.117091,-28.817507
-9.315762,-5.784029,-28.811227
-7.680380,-6.503591,-28.815320
-6.300046,-7.238876,-28.818228
-5.223334,-8.229088,-28.816417
-3.840978,-8.717943,-28.814942
-2.377276,-9.065778,-28.813542
-0.997337,-10.472525,-28.815059
0.664231,-10.579188,-28.811179
2.261540,-10.188486,-28.812152
3.731279,-9.450013,-28.818791
5.086244,-8.493226,-28.816918
6.366580,-7.510621,-28.811323
7.266821,-6.207599,-28.815832
8.126273,-4.885322,-28.810244
8.606667,-3.394433,-28.810372
8.680771,-1.869994,-28.813041
8.339615,-0.344096,-28.811561
7.779755,1.004335,-28.813000
7.443594,2.230591,-28.820344
7.510184,3.701366,-28.825247
7.652312,5.454475,-28.824141
5.127173,5.243064,-32.214609
4.024835,5.811432,-32.211440
2.851170,6.108787,-32.221074
1.672938,6.088856,-32.214743
0.660619,6.137405,-32.212373
-0.296244,6.171371,-32.217406
-1.254883,6.062635,-32.220393
-2.270848,6.018515,-32.212509
-3.226205,5.750033,-32.207764
-3.993815,5.143669,-32.213024
-4.600080,4.393044,-32.219340
-5.203644,3.647332,-32.218685
-5.777170,2.920723,-32.213442
-6.198129,2.101191,-32.212180
-6.362649,1.152426,-32.220202
-6.606635,0.269466,-32.219022
-6.927106,-0.731097,-32.215314
-7.043433,-1.818510,-32.221979
-7.262468,-3.054712,-32.212243
-7.140512,-4.355235,-32.218299
-5.234833,-4.275863,-32.215528
-3.890854,-4.182817,-32.211879
-3.273348,-4.767371,-32.217171
-2.473950,-5.125883,-32.219175
-1.628728,-5.244096,-32.216366
-0.834270,-6.413244,-32.215801
0.217347,-6.645512,-32.216529
1.228821,-6.425427,-32.216765
2.095382,-5.840387,-32.219001
2.959446,-5.313614,-32.215172
3.849114,-4.801422,-32.211988
4.300123,-3.860868,-32.217268
4.865969,-3.034716,-32.212770
5.016859,-2.077051,-32.210794
4.682698,-1.033811,-32.211076
4.237703,-0.180785,-32.210668
3.946073,0.514471,-32.210391
3.927971,1.245534,-32.211968
4.462573,2.328219,-32.217736
5.618620,4.135791,-32.224961
-0.360962,-0.728048,-35.614995
11.441185,15.446113,32.385005
9.040947,17.551577,32.385005
6.126269,19.097425,32.385005
3.044183,19.941455,32.385005
-0.248677,20.123126,32.385005
-3.401104,19.606744,32.385005
-6.381815,18.461172,32.385005
-9.027510,16.862818,32.385005
-11.324319,14.953190,32.385005
-13.322485,12.733514,32.385005
-14.860982,10.416480,32.385005
-16.038760,7.897508,32.385005
-16.801758,5.330415,32.385005
-17.171300,2.782030,32.385005
-17.163057,0.207214,32.385005
-16.755230,-2.335308,32.385005
-15.966366,-4.678414,32.385005
-14.829902,-6.758125,32.385004
-13.323528,-8.587897,32.385004
-11.479363,-10.074894,32.385004
-9.563585,-11.081691,32.385004
-7.512133,-11.767421,32.385005
-5.489388,-12.156190,32.385005
-3.436109,-12.316658,32.385005
-1.582860,-12.283185,32.385005
0.260755,-12.092307,32.385005
2.082404,-11.750254,32.385005
3.869754,-11.259605,32.385005
5.609416,-10.619766,32.385005
7.466715,-9.729743,32.385005
9.217215,-8.644176,32.385005
10.901243,-7.285293,32.385005
12.496265,-5.533946,32.385005
13.817728,-3.443999,32.385005
14.764489,-1.159571,32.385005
15.376819,1.448278,32.385005
15.577284,4.220195,32.385005
15.329866,7.101512,32.385005
14.590207,10.019347,32.385005
11.805806,11.369627,29.389771
10.189038,13.799715,29.383488
8.114853,15.813191,29.381415
5.559031,17.456039,29.381597
2.714928,18.347541,29.379450
-0.291657,18.255573,29.378896
-3.310327,18.441868,29.383122
-6.221989,17.922118,29.381778
-8.941674,16.563977,29.382384
-11.343830,14.942902,29.388394
-13.428275,12.912699,29.387928
-14.962840,10.558044,29.383380
-16.042436,7.957630,29.381885
-16.634667,5.316594,29.387520
-16.852505,2.698239,29.390750
-16.658491,0.193402,29.388223
-15.892601,-2.207860,29.389997
-15.141664,-4.412419,29.385412
-14.167149,-6.413924,29.386833
-12.762267,-8.265519,29.386163
-11.213414,-9.743158,29.383323
-9.332897,-10.938699,29.389765
-7.257424,-11.399349,29.384408
-5.225687,-11.614791,29.382022
-3.390271,-11.745815,29.385358
-1.553445,-11.658070,29.388931
0.157266,-11.312943,29.388908
1.857225,-10.921078,29.383192
3.453851,-10.519022,29.381997
5.205051,-9.947810,29.386930
6.872098,-9.166458,29.389601
8.480898,-8.086969,29.385804
10.009370,-6.734074,29.387997
11.321609,-5.062368,29.389100
12.322665,-3.173077,29.386285
13.124976,-1.093355,29.388838
13.578697,1.184437,29.383135
13.740293,3.704115,29.383660
13.563230,6.215953,29.391401
12.905463,8.862334,29.393303
10.825442,10.487355,26.382597
9.315028,12.730432,26.390016
7.406409,14.608152,26.386810
5.073950,16.189639,26.382225
2.468500,17.112357,26.388076
-0.415114,17.132961,26.388181
-3.191277,17.511759,26.388518
-6.016580,17.269481,26.382398
-8.720299,16.185530,26.383258
-11.210552,14.754110,26.390179
-13.365067,12.840358,26.383926
-14.901043,10.406533,26.384927
-15.847653,7.874194,26.384190
-16.316340,5.140763,26.386021
-16.415517,2.616836,26.388128
-16.100097,0.142733,26.387020
-15.158635,-2.083698,26.388362
-14.453809,-4.199029,26.381583
-13.600157,-6.155622,26.379108
-12.332825,-7.982430,26.385483
-10.951456,-9.509341,26.390591
-9.245292,-10.793012,26.389591
-7.157282,-11.169449,26.390295
-5.109180,-11.365698,26.384574
-3.354795,-11.543460,26.382082
-1.595400,-11.458986,26.384323
0.121261,-11.044538,26.384277
1.743022,-10.637719,26.388231
3.366133,-10.239268,26.389583
5.042178,-9.687525,26.384316
6.618280,-8.892276,26.379993
8.120703,-7.801251,26.386591
9.529431,-6.443499,26.390807
10.656923,-4.860233,26.386210
11.533350,-3.007974,26.383229
12.233370,-0.990104,26.390596
12.596047,1.111906,26.387323
12.708128,3.343418,26.382817
12.515562,5.747797,26.382347
11.871883,8.182861,26.380973
10.339637,10.043370,23.386066
8.825714,12.080969,23.385392
6.974757,13.805230,23.385421
4.758952,15.221791,23.384712
2.229054,16.194934,23.383457
-0.361691,16.610696,23.385896
-3.075666,16.787689,23.384136
-5.858270,16.491185,23.384074
-8.529623,15.629519,23.384560
-10.931632,14.354333,23.382472
-13.075117,12.544670,23.381652
-14.555957,10.166226,23.381993
-15.455230,7.592350,23.384684
-15.824018,5.009567,23.389421
-15.863622,2.456463,23.388049
-15.513410,0.145129,23.380492
-14.537422,-1.997969,23.379368
-13.890455,-4.068550,23.384212
-13.119788,-6.001692,23.384005
-12.007764,-7.750645,23.384786
-10.755115,-9.321446,23.388869
-9.185994,-10.687568,23.388366
-7.075036,-11.108859,23.386559
-5.183262,-11.402346,23.381654
-3.402419,-11.702689,23.381183
-1.594525,-11.676660,23.385933
0.177585,-11.306640,23.387328
1.848316,-10.903631,23.386663
3.510925,-10.465622,23.381857
5.119445,-9.864146,23.378621
6.695177,-8.971821,23.380539
8.194496,-7.805336,23.381181
9.516807,-6.437035,23.386637
10.628100,-4.789989,23.390500
11.450203,-2.973503,23.385700
12.063062,-0.985091,23.379775
12.366093,1.071677,23.385776
12.410541,3.335963,23.389302
12.137606,5.581022,23.386218
11.448088,7.844066,23.385598
10.275905,9.972694,20.383183
8.622262,11.865457,20.379541
6.739154,13.393598,20.384835
4.544014,14.601000,20.391012
2.098996,15.506725,20.386903
-0.422337,16.158034,20.384165
-3.008954,16.091669,20.384398
-5.595274,15.688773,20.383881
-8.171388,14.959150,20.381498
-10.559617,13.695804,20.382902
-12.537277,12.005951,20.390030
-13.966253,9.728911,20.390574
-14.817357,7.260354,20.382493
-15.164692,4.784346,20.379992
-15.198544,2.347782,20.384380
-14.882529,0.138505,20.383326
-14.034264,-1.938861,20.378052
-13.472794,-3.922042,20.388733
-12.765662,-5.859932,20.388974
-11.780720,-7.561523,20.381493
-10.618941,-9.175839,20.382620
-9.146760,-10.621654,20.389568
-7.191179,-11.220873,20.389816
-5.276865,-11.754894,20.392178
-3.461579,-12.223614,20.386572
-1.576605,-12.324437,20.378919
0.208134,-12.147515,20.386088
2.056122,-11.783876,20.385881
3.855610,-11.227055,20.386050
5.565909,-10.440256,20.385406
7.159719,-9.435030,20.379168
8.694958,-8.194554,20.378989
10.032590,-6.744622,20.385147
11.181162,-5.029528,20.389751
12.050687,-3.158286,20.386484
12.630659,-1.084257,20.379866
12.865541,1.144936,20.383730
12.788628,3.387571,20.387764
12.360569,5.681778,20.386954
11.526855,7.877391,20.385705
10.580289,10.228571,17.377733
8.729532,11.969352,17.388068
6.683958,13.321093,17.387211
4.360663,14.326189,17.379489
2.007303,15.024366,17.382946
-0.472564,15.586277,17.384816
-2.983904,15.354023,17.389928
-5.396754,14.851174,17.388723
-7.810120,14.096149,17.387959
-9.933650,12.866437,17.389778
-11.779247,11.121583,17.383065
-13.112376,9.066305,17.381002
-13.957093,6.767045,17.388426
-14.342308,4.443485,17.386057
-14.419005,2.173030,17.379793
-14.199596,0.103087,17.382542
-13.647064,-1.907708,17.384449
-13.171686,-3.845307,17.387230
-12.523473,-5.730189,17.388448
-11.596780,-7.493070,17.388131
-10.475026,-9.153021,17.386890
-9.108515,-10.605019,17.384754
-7.356288,-11.538796,17.385238
-5.542202,-12.401623,17.387892
-3.681783,-13.073345,17.390709
-1.612239,-13.400718,17.389567
0.375495,-13.550761,17.384957
2.446876,-13.296057,17.388956
4.397359,-12.561698,17.390431
6.217182,-11.537695,17.384160
8.038846,-10.349711,17.380336
9.662594,-9.038949,17.386432
11.178729,-7.357698,17.385899
12.436829,-5.467042,17.382157
13.402841,-3.417640,17.385596
13.968824,-1.126625,17.390642
14.054502,1.318961,17.382775
13.779663,3.663288,17.385177
13.126993,6.024525,17.391267
12.042970,8.240620,17.383371
11.030568,10.738799,14.386710
9.021446,12.265122,14.381546
6.697098,13.458026,14.380794
4.390191,14.201070,14.387208
1.915930,14.689105,14.390787
-0.498784,14.938163,14.383724
-2.896782,14.623775,14.378593
-5.160945,14.035737,14.383247
-7.336147,13.192209,14.388993
-9.338340,11.829601,14.385901
-10.838379,10.162862,14.379911
-12.160306,8.235569,14.381236
-12.970016,6.256262,14.380947
-13.443369,4.155328,14.379981
-13.622133,2.022226,14.384518
-13.552064,0.062340,14.388758
-13.382880,-1.888948,14.385570
-12.989856,-3.807487,14.389008
-12.363258,-5.664441,14.388914
-11.519311,-7.432501,14.384399
-10.451013,-9.075115,14.384033
-9.102191,-10.622502,14.389203
-7.579721,-11.994715,14.390517
-5.842204,-13.274353,14.385161
-3.816984,-14.187389,14.382729
-1.730043,-14.728482,14.384969
0.630833,-15.283643,14.383771
2.964961,-15.151030,14.388598
5.192326,-14.195729,14.388799
7.147097,-12.913649,14.384561
9.168501,-11.575713,14.383803
11.066503,-10.061386,14.383242
12.671034,-8.248888,14.387447
14.072510,-6.146983,14.386336
15.206884,-3.796045,14.380958
15.781756,-1.147992,14.387384
15.676964,1.460160,14.391475
15.154191,4.026566,14.387787
14.203265,6.559118,14.383912
12.811869,8.794722,14.385910
11.361398,11.025446,11.391967
9.112208,12.461676,11.389507
6.735980,13.437987,11.387604
4.331813,14.026586,11.387738
1.874687,14.321832,11.386469
-0.505010,14.332963,11.379940
-2.761097,13.982741,11.379927
-4.951107,13.334544,11.380599
-7.036055,12.385924,11.385218
-8.783701,11.078894,11.389209
-10.187966,9.395487,11.381976
-11.407249,7.687781,11.382158
-12.271139,5.791019,11.381825
-12.817523,3.858138,11.383461
-13.073398,1.979989,11.388289
-13.146414,-0.020603,11.387976
-13.250089,-1.920744,11.381379
-12.913699,-3.789032,11.385588
-12.311796,-5.601610,11.383629
-11.502326,-7.427102,11.383239
-10.429217,-9.111861,11.386591
-9.152319,-10.649586,11.380343
-7.762430,-12.339213,11.385112
-6.086137,-13.901916,11.388199
-3.990395,-15.004023,11.387319
-1.703248,-15.697232,11.388829
0.703310,-16.276438,11.389275
3.267679,-16.145840,11.386469
5.677721,-15.235622,11.383748
7.866923,-13.887332,11.383814
9.884530,-12.455877,11.386698
11.967176,-10.788814,11.389980
13.737504,-8.807849,11.383360
15.230511,-6.587084,11.378957
16.456330,-4.014068,11.383064
16.996072,-1.204937,11.383680
16.822215,1.645929,11.381980
16.138919,4.323277,11.385447
14.945564,6.922953,11.391235
13.377039,9.107229,11.393013
11.468213,11.115303,8.383280
9.131945,12.439669,8.382068
6.690881,13.291993,8.387422
4.148408,13.777950,8.391098
1.759075,13.925887,8.388221
-0.534713,13.776039,8.389175
-2.707884,13.401644,8.384719
-4.804140,12.736245,8.381306
-6.701300,11.801079,8.382428
-8.373912,10.528503,8.382376
-9.735784,8.917327,8.379290
-10.936738,7.299281,8.381845
-11.804170,5.599754,8.381099
-12.434921,3.780885,8.380251
-12.793468,1.907334,8.381245
-12.981245,-0.003051,8.382841
-13.249975,-1.900711,8.385847
-12.940458,-3.781285,8.379658
-12.336800,-5.611767,8.384815
-11.550172,-7.459274,8.391302
-10.480333,-9.161995,8.387423
-9.215179,-10.725937,8.386993
-7.882411,-12.600601,8.388911
-6.196071,-14.297584,8.384488
-4.105610,-15.472867,8.384993
-1.715182,-16.191851,8.390782
0.758309,-16.500614,8.384251
3.324119,-16.242816,8.381537
5.843076,-15.582083,8.386989
8.172265,-14.492380,8.389280
10.336605,-12.896444,8.383110
12.427965,-11.211328,8.382577
14.294428,-9.168549,8.385194
15.894958,-6.764555,8.388623
17.075351,-4.151829,8.387014
17.587831,-1.221551,8.379192
17.431309,1.653091,8.384632
16.638671,4.511925,8.388519
15.315220,7.077181,8.386497
13.581994,9.283632,8.384908
11.337227,10.992945,5.391157
8.977384,12.245305,5.392008
6.525169,13.022615,5.387792
4.076606,13.419489,5.382425
1.696254,13.490518,5.383602
-0.578678,13.260347,5.386079
-2.646971,12.899947,5.385508
-4.641465,12.269398,5.386708
-6.522085,11.327631,5.384550
-8.130259,10.143176,5.379076
-9.489941,8.672725,5.379951
-10.723733,7.094190,5.380974
-11.655365,5.437067,5.385560
-12.365160,3.660294,5.391509
-12.780346,1.905338,5.389295
-13.054104,0.014427,5.382116
-13.372465,-1.867236,5.385291
-13.052918,-3.829399,5.384078
-12.449591,-5.651208,5.385836
-11.677497,-7.493071,5.390041
-10.622593,-9.193283,5.389193
-9.309460,-10.827557,5.385375
-8.010537,-12.717658,5.387333
-6.240633,-14.423906,5.385866
-4.125602,-15.574356,5.380588
-1.746468,-16.235696,5.380411
0.735603,-16.226442,5.387353
3.182828,-15.855354,5.388827
5.737207,-15.424557,5.383305
8.242151,-14.589433,5.380999
10.440415,-13.049955,5.385223
12.592879,-11.310898,5.382028
14.469883,-9.292964,5.382843
16.027343,-6.883488,5.382085
17.136150,-4.148310,5.379525
17.615761,-1.229832,5.384609
17.479655,1.728125,5.380707
16.694157,4.471169,5.385095
15.267560,7.077771,5.393528
13.485729,9.227612,5.393249
10.951203,10.640933,2.382261
8.627129,11.869944,2.385190
6.305080,12.610210,2.388884
3.893725,12.981535,2.389196
1.644126,13.016920,2.385887
-0.594276,12.795014,2.383610
-2.633085,12.466900,2.387852
-4.517059,11.907945,2.388037
-6.387246,11.027738,2.381351
-8.026228,9.940444,2.381663
-9.469174,8.599586,2.391801
-10.684555,7.169913,2.384046
-11.734118,5.507053,2.378702
-12.511838,3.795603,2.385607
-13.043275,1.906207,2.392555
-13.360309,0.052827,2.388255
-13.622456,-1.901018,2.381209
-13.251778,-3.918896,2.387633
-12.618646,-5.794124,2.383599
-11.845123,-7.601950,2.376767
-10.745322,-9.344882,2.382349
-9.441005,-10.942600,2.390932
-8.048746,-12.846035,2.389813
-6.244052,-14.284888,2.388058
-4.071966,-15.267203,2.385948
-1.725392,-15.849513,2.380249
0.619753,-15.709927,2.379242
3.027964,-15.304420,2.387494
5.529932,-14.898928,2.385063
8.047925,-14.193912,2.379844
10.334692,-12.887429,2.386727
12.455477,-11.186627,2.382992
14.324430,-9.200009,2.383756
15.806249,-6.711573,2.388058
16.675951,-4.025867,2.386373
17.129410,-1.250346,2.382254
17.009056,1.657663,2.385445
16.229265,4.358295,2.389237
14.857499,6.828565,2.388330
13.083545,8.922473,2.384434
10.309969,10.057884,-0.619559
8.161140,11.281166,-0.615723
5.924880,12.079024,-0.610708
3.670594,12.449772,-0.614540
1.477571,12.488781,-0.620916
-0.528422,12.372852,-0.611290
-2.523090,12.117662,-0.607721
-4.468374,11.618319,-0.612148
-6.329239,10.855958,-0.614540
-8.005729,9.922422,-0.612193
-9.610051,8.711614,-0.611027
-10.920967,7.310699,-0.613297
-12.064685,5.656519,-0.612206
-12.916849,3.936714,-0.613139
-13.526904,2.023696,-0.616948
-13.882884,0.042094,-0.619216
-13.976965,-1.967300,-0.621021
-13.562081,-3.928259,-0.616046
-12.908056,-5.834963,-0.617631
-12.056666,-7.756236,-0.621294
-10.916023,-9.515793,-0.619636
-9.563621,-11.124239,-0.618678
-8.073215,-12.891332,-0.614697
-6.114496,-13.953463,-0.617785
-3.965626,-14.572735,-0.616691
-1.664495,-15.062915,-0.610700
0.621709,-14.925658,-0.616409
2.884578,-14.568154,-0.612601
5.098471,-14.053597,-0.608723
7.495233,-13.411187,-0.611782
9.974968,-12.505521,-0.616367
12.051969,-10.874921,-0.616164
13.906044,-8.920671,-0.610292
15.149954,-6.537285,-0.608552
15.739541,-3.829040,-0.611561
16.187978,-1.221688,-0.611183
16.038381,1.510035,-0.615647
15.299806,4.066676,-0.617257
13.995811,6.475615,-0.616800
12.318006,8.429406,-0.618874
9.555837,9.377928,-3.612220
7.670375,10.539491,-3.616087
5.545363,11.406090,-3.614491
3.465124,11.806870,-3.614838
1.345631,11.881712,-3.619346
-0.596593,11.852904,-3.613741
-2.528566,11.654643,-3.619613
-4.340188,11.253053,-3.618268
-6.169818,10.606799,-3.614683
-7.932863,9.783254,-3.618868
-9.595076,8.778377,-3.616137
-11.023535,7.338745,-3.620401
-12.179646,5.769090,-3.614591
-13.124397,3.978018,-3.610808
-13.785844,2.052724,-3.614652
-14.167501,0.059249,-3.616588
-14.137157,-1.973715,-3.620673
-13.706442,-3.957761,-3.622170
-13.025104,-5.965520,-3.615443
-12.173946,-7.812926,-3.610354
-11.009711,-9.576419,-3.614554
-9.617401,-11.174426,-3.619128
-8.036015,-12.769830,-3.611761
-5.931562,-13.499915,-3.613009
-3.797998,-13.823082,-3.620945
-1.641628,-14.208358,-3.619591
0.479885,-14.111262,-3.610358
2.585900,-13.802894,-3.614703
4.687622,-13.164875,-3.617834
6.910009,-12.547078,-3.612201
9.480124,-11.969375,-3.608750
11.499411,-10.417402,-3.613466
13.250907,-8.575517,-3.614246
14.361098,-6.260549,-3.614505
14.737575,-3.685567,-3.618213
15.121163,-1.157409,-3.619900
14.891012,1.382414,-3.617830
14.170071,3.767445,-3.614251
12.976557,6.021099,-3.611216
11.417215,7.839708,-3.610317
8.789554,8.581884,-6.614231
7.021189,9.742004,-6.609312
5.099609,10.604484,-6.612379
3.211798,11.043221,-6.615301
1.276853,11.184761,-6.609564
-0.577439,11.229460,-6.612021
-2.424631,11.084423,-6.614639
-4.247418,10.728413,-6.616732
-6.009728,10.164860,-6.620259
-7.728498,9.454587,-6.619137
-9.446873,8.559450,-6.612217
-10.827119,7.204473,-6.618311
-12.012616,5.656543,-6.612187
-12.944437,3.968816,-6.610983
-13.644499,2.059837,-6.617565
-14.054364,0.084489,-6.616135
-13.960706,-1.938536,-6.619311
-13.580703,-3.928788,-6.616425
-12.937049,-5.932139,-6.612254
-12.065673,-7.764205,-6.611997
-10.893050,-9.506076,-6.614268
-9.476446,-11.069424,-6.614428
-7.848603,-12.469099,-6.609402
-5.687730,-12.934940,-6.618149
-3.639826,-13.073465,-6.617929
-1.649828,-13.371933,-6.609965
0.374303,-13.290782,-6.619720
2.386367,-13.001886,-6.618702
4.284961,-12.324101,-6.617237
6.383928,-11.698362,-6.616718
8.867401,-11.291720,-6.611632
10.751404,-9.891357,-6.617012
12.406741,-8.120978,-6.614646
13.518477,-5.923395,-6.610417
13.917198,-3.472856,-6.612644
14.101027,-1.122464,-6.612744
13.678697,1.272992,-6.610440
12.933163,3.442574,-6.610539
11.883282,5.448328,-6.613278
10.413289,7.195669,-6.615431
7.868123,7.775655,-9.622243
6.292874,8.840349,-9.613976
4.582342,9.658565,-9.609450
2.835762,10.160151,-9.612288
1.112637,10.398505,-9.615395
-0.623716,10.498897,-9.617743
-2.356638,10.384467,-9.616507
-4.071694,10.080631,-9.614760
-5.734805,9.588998,-9.615180
-7.353554,8.942240,-9.617078
-8.976598,8.123660,-9.618720
-10.357766,6.831226,-9.617997
-11.488412,5.395407,-9.615201
-12.417294,3.754287,-9.612224
-13.103606,1.973231,-9.609990
-13.508008,0.048165,-9.610844
-13.384741,-1.926078,-9.617721
-13.151770,-3.813969,-9.620824
-12.588754,-5.780775,-9.617817
-11.713255,-7.562652,-9.615484
-10.608249,-9.191666,-9.614565
-9.200327,-10.691383,-9.612876
-7.520822,-11.927624,-9.619137
-5.460235,-12.259154,-9.615422
-3.464741,-12.330463,-9.610152
-1.588004,-12.548896,-9.608956
0.309361,-12.474783,-9.607865
2.192074,-12.186108,-9.619382
3.953499,-11.494957,-9.615731
5.823537,-10.877244,-9.608821
8.073739,-10.471182,-9.620046
9.871486,-9.193615,-9.619347
11.381442,-7.528377,-9.621005
12.505052,-5.556788,-9.616868
13.020105,-3.308025,-9.610903
12.968954,-1.092902,-9.619585
12.381962,1.117939,-9.612939
11.588483,3.106725,-9.609425
10.603746,4.904982,-9.615959
9.352120,6.444307,-9.622052
6.927554,6.870605,-12.610859
5.489485,7.835297,-12.612363
3.987058,8.549255,-12.614677
2.429017,9.128747,-12.613792
0.893798,9.538520,-12.609305
-0.690264,9.674602,-12.612238
-2.276194,9.567129,-12.620273
-3.844033,9.301461,-12.617756
-5.374363,8.872935,-12.614902
-6.892263,8.196705,-12.621862
-8.292733,7.301588,-12.619511
-9.562778,6.227793,-12.613176
-10.652660,4.880275,-12.617472
-11.499198,3.368398,-12.620280
-12.149462,1.752108,-12.616538
-12.472657,-0.016856,-12.613804
-12.363667,-1.749035,-12.613076
-12.374308,-3.636112,-12.618143
-11.961623,-5.447298,-12.616692
-11.102876,-7.139622,-12.615924
-10.050537,-8.686146,-12.619809
-8.679851,-10.078806,-12.618059
-7.079264,-11.089704,-12.614777
-5.185103,-11.463360,-12.614865
-3.370116,-11.583180,-12.616651
-1.575241,-11.730269,-12.620152
0.230679,-11.654690,-12.622433
1.947764,-11.372023,-12.611134
3.622537,-10.713428,-12.611060
5.301363,-10.046921,-12.616396
7.158396,-9.458981,-12.613260
8.820570,-8.304566,-12.618393
10.178065,-6.794637,-12.621017
11.211669,-5.046537,-12.618963
11.737213,-3.024070,-12.614005
11.557449,-1.002662,-12.608796
10.976907,0.941344,-12.613198
10.160767,2.707166,-12.614621
9.220988,4.258557,-12.611370
8.164231,5.652805,-12.610261
5.836359,5.950600,-15.621648
4.599126,6.726648,-15.615083
3.285244,7.278543,-15.611971
2.015647,7.898354,-15.615793
0.708505,8.584848,-15.616173
-0.691456,8.758691,-15.611755
-2.174940,8.641139,-15.616149
-3.557281,8.397448,-15.617312
-5.000684,8.002624,-15.616851
-6.253097,7.249184,-15.620644
-7.200893,6.109013,-15.615332
-8.454256,5.317025,-15.612866
-9.404726,4.218451,-15.611949
-10.126226,2.903658,-15.610589
-10.729125,1.493064,-15.612707
-10.891971,-0.045505,-15.616798
-10.798798,-1.584853,-15.614197
-11.202650,-3.287307,-15.611391
-10.953296,-5.014586,-15.616738
-10.148126,-6.524253,-15.615691
-9.220974,-7.901953,-15.610419
-7.970495,-9.109348,-15.614128
-6.439973,-9.921048,-15.612905
-4.809771,-10.542252,-15.609515
-3.181640,-10.871729,-15.607963
-1.504824,-10.924801,-15.609717
0.098922,-10.847528,-15.614333
1.736704,-10.528429,-15.618253
3.265067,-10.008874,-15.618721
4.717624,-9.199117,-15.616767
6.015783,-8.246607,-15.615029
7.465202,-7.279254,-15.614823
8.676173,-5.981475,-15.615989
9.611494,-4.474132,-15.619931
10.192665,-2.734024,-15.619900
9.969280,-0.940018,-15.609904
9.479687,0.747659,-15.611096
8.654059,2.244312,-15.614736
7.690975,3.554432,-15.616557
6.841930,4.800549,-15.620589
4.801846,4.937449,-18.606928
3.706512,5.632816,-18.613873
2.585124,6.043324,-18.621136
1.527458,6.650897,-18.621003
0.505963,7.516200,-18.611794
-0.746242,7.718621,-18.609652
-2.043202,7.584400,-18.610785
-3.282610,7.345619,-18.613722
-4.539028,6.969973,-18.615222
-5.536661,6.204010,-18.611014
-6.112590,4.985040,-18.608303
-7.223264,4.360300,-18.618845
-8.035243,3.412285,-18.622350
-8.617145,2.302242,-18.618384
-9.071989,1.127463,-18.618671
-9.134095,-0.167505,-18.620608
-9.165043,-1.389254,-18.616016
-9.684542,-2.878253,-18.616606
-9.507756,-4.320671,-18.616043
-8.816820,-5.635470,-18.611835
-8.006709,-6.831036,-18.610239
-6.919653,-7.788485,-18.613385
-5.536164,-8.386407,-18.615753
-4.390557,-9.391073,-18.621258
-3.014370,-10.052480,-18.618112
-1.508260,-10.003142,-18.611292
-0.015854,-9.909588,-18.614203
1.427872,-9.575991,-18.616433
2.900786,-9.183059,-18.618809
4.022814,-8.170483,-18.619110
4.691316,-6.744310,-18.615190
5.874284,-5.997344,-18.612850
6.859186,-4.978855,-18.612047
7.714447,-3.744757,-18.613382
8.423145,-2.410863,-18.615164
8.192711,-0.859184,-18.613521
7.781435,0.569632,-18.610942
7.019607,1.816283,-18.609931
6.153095,2.863620,-18.609082
5.505000,3.949092,-18.606841
3.782238,4.029897,-21.621487
2.935239,4.624722,-21.615968
1.978286,4.999102,-21.611205
1.093565,5.475660,-21.611494
0.258764,6.274802,-21.612560
-0.803957,6.473153,-21.616879
-1.879425,6.344440,-21.615010
-2.938629,6.119289,-21.614086
-3.970885,5.789638,-21.615442
-4.812419,5.111330,-21.611681
-5.228235,3.980702,-21.609769
-6.105886,3.497364,-21.607945
-6.783322,2.721063,-21.613665
-7.201261,1.773935,-21.614022
-7.461059,0.814630,-21.615097
-7.550739,-0.198789,-21.617158
-7.689159,-1.245400,-21.610509
-7.720305,-2.302834,-21.617095
-7.495651,-3.382668,-21.615388
-7.008688,-4.421183,-21.610540
-6.364257,-5.326459,-21.611018
-5.485577,-5.992559,-21.613010
-4.450440,-6.404936,-21.614833
-3.818256,-7.761162,-21.615883
-2.749025,-8.688162,-21.614301
-1.442261,-8.584753,-21.612548
-0.183144,-8.464858,-21.611110
1.030510,-8.145708,-21.609676
2.257746,-7.822951,-21.615077
2.999102,-6.627519,-21.620567
3.038693,-5.002731,-21.615657
3.956648,-4.472625,-21.614479
4.659004,-3.702781,-21.611481
5.363556,-2.878633,-21.611136
6.264886,-1.966055,-21.613438
6.067694,-0.780788,-21.609752
5.593123,0.311108,-21.615198
5.175659,1.302865,-21.620411
4.802828,2.256823,-21.620423
4.388387,3.165141,-21.621625
2.851244,3.160096,-24.606235
2.182915,3.690064,-24.614507
1.440043,4.054762,-24.621163
0.684192,4.367356,-24.619292
-0.011529,4.868669,-24.619324
-0.861401,5.025852,-24.618782
-1.724870,4.918237,-24.620592
-2.570794,4.713810,-24.618993
-3.363362,4.452363,-24.613249
-4.059596,3.993356,-24.610420
-4.395999,3.124336,-24.609550
-5.060350,2.678897,-24.618009
-5.631149,2.057187,-24.612514
-5.839978,1.294108,-24.606360
-5.897605,0.498170,-24.611891
-6.093898,-0.266474,-24.618728
-6.198299,-1.062167,-24.620109
-4.968685,-1.548931,-24.617834
-4.830495,-2.171546,-24.611919
-4.558398,-2.790170,-24.611895
-4.132234,-3.269914,-24.616986
-3.565943,-3.587322,-24.619379
-3.033734,-3.877718,-24.616617
-3.014848,-5.611617,-24.610629
-2.273649,-6.306278,-24.614587
-1.325672,-6.200563,-24.618112
-0.449304,-6.045281,-24.617739
0.386008,-5.796509,-24.615561
1.208840,-5.511174,-24.616523
1.256902,-4.019534,-24.612110
1.097138,-2.842229,-24.611554
1.586246,-2.602506,-24.615870
1.931544,-2.196574,-24.616296
2.370129,-1.751175,-24.613698
3.391603,-1.366010,-24.612640
3.284190,-0.660723,-24.613621
2.791969,-0.027796,-24.616616
2.578316,0.549905,-24.617823
3.566544,1.660261,-24.606932
3.413673,2.508402,-24.603614
-1.418091,-0.226508,-27.614995
