21.150475,34.498781,36.195173
15.775123,38.027781,36.195173
9.723820,40.228224,36.195173
3.339569,41.053280,36.195173
-3.080247,40.613791,36.195173
-9.109496,39.117835,36.195173
-15.017760,36.573536,36.195173
-20.080901,33.372882,36.195173
-24.590379,29.430127,36.195173
-28.397501,24.806502,36.195173
-31.344811,19.592540,36.195173
-33.290144,14.162204,36.195173
-34.285313,8.706271,36.195173
-34.367289,3.160569,36.195173
-33.521939,-2.095539,36.195173
-31.747068,-7.115707,36.195173
-29.286113,-11.584506,36.195173
-26.371737,-15.498107,36.195173
-23.019270,-19.043061,36.195173
-19.485244,-22.076142,36.195173
-15.679810,-24.760360,36.195173
-11.641750,-27.080294,36.195173
-7.395858,-28.994802,36.195173
-2.751952,-30.491389,36.195173
2.051384,-31.360528,36.195173
7.154872,-31.436063,36.195173
12.380896,-30.402004,36.195173
17.046559,-28.334730,36.195173
21.399722,-25.261502,36.195173
25.034461,-21.680945,36.195173
28.267354,-17.451062,36.195173
30.927955,-12.839661,36.195173
32.979309,-7.927217,36.195173
34.357458,-2.784810,36.195173
35.010965,2.722893,36.195173
34.833101,8.267798,36.195173
33.780240,13.934328,36.195173
31.838764,19.611701,36.195173
29.124349,24.983578,36.195173
23.756720,27.982744,32.389840
19.778944,32.251092,32.396425
15.099188,36.048204,32.400261
9.575756,39.061229,32.395275
3.336312,40.825585,32.388602
-2.936768,40.710438,32.391861
-9.248251,39.119962,32.392620
-14.849878,36.340639,32.389323
-19.769359,32.798631,32.387033
-24.090349,28.589296,32.392493
-27.546242,23.903717,32.402261
-30.598423,19.209039,32.396356
-33.027552,14.175133,32.400605
-34.602641,8.796827,32.402773
-35.314607,3.255892,32.392762
-35.290755,-2.351689,32.390808
-34.526211,-7.681189,32.400913
-32.076045,-12.680620,32.398361
-28.886142,-17.039815,32.392963
-25.293849,-21.013004,32.392403
-21.383170,-24.372386,32.395909
-17.315566,-27.146280,32.402096
-12.809150,-29.592811,32.402997
-8.048495,-31.757601,32.399856
-3.048493,-32.316656,32.397290
2.080644,-31.405807,32.396470
6.960118,-30.797897,32.397360
11.966707,-29.637122,32.402846
16.806590,-27.842614,32.400276
21.347040,-25.443292,32.391485
25.706141,-22.285662,32.387664
29.731377,-18.373444,32.391084
32.490028,-13.537622,32.393469
34.217777,-8.181461,32.397181
35.155261,-2.901445,32.398929
35.200596,2.699071,32.392540
34.304658,8.220916,32.388402
32.706976,13.593509,32.388211
30.416735,18.686754,32.388512
27.407742,23.405945,32.387970
22.496162,26.487481,28.589890
18.713028,30.393950,28.593625
14.229881,34.158170,28.592885
9.012953,37.384436,28.594449
3.300569,39.491516,28.601644
-3.033428,39.599501,28.590774
-8.986005,38.156659,28.598507
-14.424415,35.426624,28.603405
-19.170134,31.931438,28.595099
-23.375757,27.841877,28.593097
-26.837707,23.375505,28.600248
-30.155918,18.800109,28.588841
-32.851302,14.098618,28.591364
-34.876228,8.817143,28.602649
-36.090424,3.308541,28.598921
-36.610756,-2.328755,28.588516
-36.260427,-8.208835,28.594661
-33.937852,-13.572635,28.594408
-30.663627,-18.222366,28.589750
-26.866955,-22.380866,28.593311
-22.697425,-25.864215,28.601274
-18.165674,-28.840819,28.602136
-13.566619,-31.214927,28.601716
-8.527861,-33.453133,28.597550
-3.042871,-34.008076,28.598380
2.118015,-32.949225,28.601817
7.242336,-32.117545,28.596105
12.475329,-30.734082,28.594901
17.345053,-28.875099,28.597009
22.148762,-26.389479,28.592461
26.772626,-23.121039,28.587814
30.872512,-19.201556,28.601667
33.698163,-14.090960,28.599397
35.237487,-8.612508,28.598067
35.901699,-2.786188,28.603138
35.454289,2.852468,28.594623
34.087112,8.098401,28.591450
32.017863,13.368939,28.595766
29.407117,18.103704,28.597785
26.139916,22.427180,28.593245
21.642442,25.481985,24.791389
17.806633,29.038412,24.788078
13.492852,32.335604,24.788114
8.572524,35.202392,24.792134
3.048554,37.249620,24.797262
-2.850418,37.556710,24.798150
-8.643279,36.363663,24.795402
-13.809849,34.033483,24.789222
-18.504956,30.835097,24.786999
-22.719983,27.042385,24.793754
-26.348851,22.981680,24.800359
-29.732624,18.713153,24.797389
-32.778118,13.929214,24.789509
-35.038901,8.970816,24.792917
-36.686841,3.311209,24.801106
-37.518385,-2.539981,24.799629
-37.291723,-8.448045,24.803179
-35.212690,-13.948521,24.804015
-31.909926,-18.874064,24.797754
-27.904280,-23.188916,24.791172
-23.495704,-26.769383,24.793689
-18.912131,-29.709709,24.802199
-13.855790,-32.257528,24.801570
-8.793761,-34.371609,24.798335
-3.265746,-35.367725,24.800660
2.433002,-35.003427,24.799227
7.828895,-34.296829,24.787051
13.295410,-32.809929,24.793174
18.536758,-30.605309,24.801478
23.405895,-27.715319,24.796292
27.816199,-24.131764,24.790520
31.809898,-19.769481,24.800947
34.559838,-14.570499,24.792757
36.100931,-8.846292,24.786393
36.545165,-2.968042,24.793307
35.755605,2.885230,24.793809
33.964136,8.265592,24.797600
31.628586,13.197792,24.801040
28.844688,17.596803,24.800485
25.340867,21.761625,24.796311
21.100144,24.854755,20.988879
17.201725,27.989203,20.994922
12.811048,30.800804,20.997604
8.073927,33.011838,20.992471
2.850263,34.559954,20.990680
-2.583470,35.021120,21.000032
-7.980347,34.268882,21.002370
-13.125830,32.451756,20.996852
-17.839118,29.729009,20.998550
-22.122179,26.353642,21.001831
-26.100410,22.633051,20.986880
-29.607883,18.466507,20.983744
-32.646749,13.940761,20.995054
-35.212839,8.879915,20.997514
-37.030085,3.503053,20.992603
-38.030299,-2.549168,20.995687
-37.775741,-8.456237,20.991938
-35.778725,-14.245012,20.992232
-32.555084,-19.207258,20.990018
-28.506739,-23.499788,20.987973
-23.889250,-27.179084,20.990445
-19.088256,-30.204630,20.989736
-14.010677,-32.740615,20.987676
-8.923123,-34.684015,20.993176
-3.214885,-36.210723,20.997018
2.417033,-36.891249,20.995222
8.308758,-36.465183,20.997057
14.024500,-34.974407,20.988766
19.593070,-32.407055,20.994511
24.451649,-29.053743,21.000736
28.875110,-24.804877,20.991525
32.462574,-20.112251,20.993931
35.218299,-14.636293,20.991995
36.755596,-8.928064,20.985870
37.061182,-3.029449,20.989533
36.078589,2.796818,21.001306
34.091238,8.111748,20.992791
31.419358,13.127157,20.989470
28.435023,17.403706,20.992342
24.946805,21.293071,20.989818
20.777428,24.499190,17.200473
16.677577,27.324140,17.199722
12.253821,29.607235,17.195777
7.546943,31.211538,17.196474
2.660089,32.167682,17.201216
-2.522359,32.653281,17.190032
-7.699872,32.221391,17.192715
-12.533836,30.972531,17.199358
-17.434204,28.674353,17.201667
-21.759310,25.761469,17.198511
-25.844587,22.542717,17.190157
-29.432857,18.478496,17.196739
-32.511578,13.996149,17.190112
-35.192882,9.023057,17.192167
-37.194516,3.489125,17.199326
-38.173479,-2.541088,17.186474
-37.788487,-8.416465,17.198478
-35.866437,-14.219670,17.197773
-32.571955,-19.363076,17.194548
-28.491408,-23.607222,17.193473
-23.867932,-27.238827,17.190089
-19.073246,-30.236523,17.189966
-14.014649,-32.775622,17.186542
-8.689832,-34.639948,17.195230
-3.287122,-36.369794,17.198791
2.616845,-37.845223,17.192636
8.735501,-37.651385,17.199316
14.658763,-36.103525,17.195199
20.127181,-33.399358,17.192504
25.031246,-29.740611,17.192131
29.267995,-25.343001,17.188560
32.735196,-20.316340,17.191140
35.488026,-14.851380,17.191956
37.156827,-8.980231,17.191156
37.414221,-3.094013,17.191108
36.284562,2.913227,17.191269
34.176626,8.161837,17.192931
31.353414,13.063596,17.196887
28.257153,17.248612,17.200130
24.716008,21.079665,17.200906
20.580438,24.303603,13.387399
16.369831,26.867268,13.393878
11.833113,28.825618,13.400528
7.284846,30.013739,13.398593
2.389180,30.645061,13.394917
-2.301461,31.070767,13.398514
-7.221197,30.863679,13.394667
-12.299168,29.877499,13.391874
-16.893603,28.127717,13.395188
-21.381556,25.561389,13.400576
-25.778847,22.460595,13.404736
-29.373000,18.469017,13.393148
-32.534130,13.824945,13.385423
-35.181009,8.890849,13.387385
-37.132441,3.392071,13.393865
-37.960809,-2.380138,13.399683
-37.393852,-8.411104,13.396983
-35.431598,-14.149345,13.394818
-32.292740,-19.055141,13.397037
-28.252669,-23.272242,13.402522
-23.681452,-26.883464,13.401291
-18.935655,-29.865655,13.389160
-13.935631,-32.417642,13.390677
-8.628582,-34.173285,13.399026
-3.284031,-35.908767,13.398399
2.495736,-37.628908,13.391391
8.565629,-37.573203,13.394824
14.456864,-36.097111,13.397974
20.085635,-33.342869,13.395659
24.972439,-29.743729,13.391247
29.343022,-25.242924,13.392343
32.727330,-20.226022,13.401808
35.519331,-14.836395,13.404098
37.275026,-9.051726,13.395759
37.555611,-2.991682,13.389532
36.461579,2.740593,13.392293
34.267135,8.145152,13.388421
31.384708,12.947952,13.393833
28.100355,17.227200,13.399372
24.550932,21.005144,13.392774
20.608758,24.039949,9.599267
16.219530,26.592068,9.596412
11.704717,28.427516,9.593110
7.210746,29.560828,9.593301
2.381754,30.160573,9.594858
-2.245584,30.540620,9.588868
-7.100503,30.376961,9.598102
-12.118108,29.502434,9.600103
-16.922184,27.867950,9.590884
-21.442353,25.518662,9.592154
-25.778796,22.461083,9.601562
-29.324521,18.524065,9.602812
-32.396713,13.917615,9.596296
-35.007263,8.801813,9.589729
-36.780602,3.330662,9.588454
-37.410957,-2.384719,9.593734
-36.671981,-8.310862,9.601845
-34.706637,-13.722155,9.595624
-31.458278,-18.722521,9.588464
-27.474868,-22.878675,9.595763
-23.154821,-26.317874,9.599774
-18.486154,-29.275390,9.587396
-13.770213,-31.730376,9.596978
-8.528738,-33.415382,9.597182
-3.205649,-34.960421,9.590718
2.550494,-36.444178,9.592488
8.312536,-36.284758,9.591061
14.125547,-34.868341,9.591492
19.558086,-32.417348,9.597272
24.521338,-29.077681,9.596950
28.830933,-24.952627,9.588281
32.301094,-20.100145,9.589246
35.280580,-14.654936,9.591337
37.112959,-8.983538,9.588114
37.467588,-3.012572,9.587862
36.378622,2.862066,9.597279
34.221101,8.195856,9.601921
31.337439,12.901013,9.603077
27.902817,17.256039,9.602961
24.373189,20.960369,9.601499
20.418434,23.869052,5.799504
16.128649,26.395126,5.787905
11.737202,28.276700,5.794046
7.160598,29.593371,5.802548
2.446056,30.325627,5.790665
-2.307676,30.704366,5.800548
-7.287649,30.501988,5.792483
-11.978637,29.643490,5.788862
-16.925614,28.025359,5.790537
-21.571855,25.686224,5.787471
-25.865466,22.375787,5.800713
-29.300666,18.468973,5.794882
-32.339492,13.719738,5.796920
-34.601748,8.794642,5.802127
-36.107371,3.362187,5.799181
-36.523461,-2.261523,5.796561
-35.652414,-8.052409,5.795676
-33.583029,-13.299410,5.800154
-30.479440,-18.003371,5.804150
-26.619071,-22.116335,5.800604
-22.413994,-25.528204,5.792761
-18.040878,-28.345980,5.788476
-13.236627,-30.876156,5.787459
-8.299930,-32.447004,5.796493
-2.999865,-33.675721,5.804033
2.333931,-34.521678,5.797822
7.751536,-34.183203,5.788304
13.256505,-32.941691,5.794117
18.520897,-30.939855,5.798318
23.603527,-28.022864,5.799193
28.051115,-24.219377,5.803193
31.670748,-19.622230,5.800025
34.642477,-14.561634,5.800455
36.638569,-8.836613,5.802978
37.096248,-2.991428,5.803556
36.122651,2.786459,5.803282
33.992084,8.245961,5.799364
31.154002,12.850509,5.791614
27.747288,17.091632,5.789971
24.274346,20.710611,5.797269
20.122268,23.580667,2.002182
15.992984,26.135306,1.990445
11.594161,28.216499,1.990048
7.200725,29.728014,1.995490
2.436224,30.697458,1.990717
-2.408615,31.085795,1.989268
-7.268219,30.848566,1.999816
-12.225142,29.824814,1.994963
-17.044220,28.185142,1.986925
-21.721869,25.762944,1.994195
-25.696477,22.269792,1.994343
-29.139758,18.254041,2.001149
-31.902144,13.757284,1.997147
-33.950644,8.652176,1.990437
-35.114663,3.282640,1.989596
-35.290873,-2.213049,1.990655
-34.352157,-7.631994,1.999041
-32.210712,-12.691084,1.995595
-29.147178,-17.258800,1.990295
-25.579850,-21.157109,1.989682
-21.524808,-24.540971,1.993884
-17.282391,-27.321869,1.999663
-12.795984,-29.701092,1.992584
-7.992008,-31.297200,1.991434
-2.977656,-32.132387,1.997391
2.086642,-32.318238,1.999488
7.342928,-31.765656,1.996268
12.299032,-30.690066,1.995500
17.535720,-29.012449,1.995863
22.476223,-26.609509,1.997937
26.871205,-23.303427,2.000822
30.681072,-19.054098,1.998644
33.833692,-14.033745,1.996032
35.801411,-8.675158,1.995222
36.390432,-2.993082,1.992849
35.518725,2.867155,1.988294
33.613653,8.032355,1.990768
30.771070,12.721347,1.998472
27.426453,16.836580,2.005467
23.874927,20.492057,2.007338
19.652467,23.099481,-1.795464
15.719572,25.677344,-1.805561
11.556737,27.872775,-1.803423
7.203749,29.661262,-1.797170
2.450787,30.887429,-1.807782
-2.442409,31.275866,-1.811337
-7.354026,30.967227,-1.812820
-12.111777,29.844616,-1.808463
-16.948570,28.083426,-1.808042
-21.579719,25.537274,-1.812079
-25.183428,21.889913,-1.801750
-28.486450,17.969256,-1.802969
-31.183202,13.403674,-1.802553
-32.911108,8.360740,-1.798602
-33.752374,3.111841,-1.802829
-33.708359,-2.210698,-1.810386
-32.724055,-7.234280,-1.805229
-30.559927,-12.087726,-1.801043
-27.703589,-16.339367,-1.809020
-24.303926,-20.156283,-1.811764
-20.575709,-23.351829,-1.806418
-16.490555,-26.074940,-1.809499
-12.148995,-28.361761,-1.808703
-7.712807,-29.978245,-1.802989
-2.864705,-30.612545,-1.798475
2.050597,-30.302593,-1.801457
6.712078,-29.689154,-1.807848
11.500105,-28.626955,-1.805788
16.407028,-27.155625,-1.805697
21.085865,-25.109355,-1.808774
25.499022,-22.127609,-1.809797
29.443993,-18.255198,-1.811139
32.536101,-13.675293,-1.804774
34.612548,-8.325515,-1.802674
35.298022,-2.843688,-1.803013
34.617276,2.645937,-1.796976
32.805559,7.875280,-1.807577
30.093633,12.438663,-1.811629
26.860063,16.421719,-1.803442
23.421663,19.951100,-1.795646
18.944003,22.356146,-5.611251
15.226884,24.893131,-5.608555
11.309981,27.100948,-5.605148
7.037249,29.063093,-5.600695
2.356992,30.466839,-5.599620
-2.326236,30.787327,-5.609590
-7.216636,30.367550,-5.610754
-11.912361,29.096813,-5.601221
-16.468880,27.217551,-5.601028
-20.621060,24.692411,-5.610387
-24.037036,20.911785,-5.607958
-27.189080,17.153304,-5.610691
-29.714349,12.765028,-5.605571
-31.256278,7.897795,-5.600453
-31.939378,3.061588,-5.603017
-31.796640,-2.028166,-5.604632
-30.802670,-6.820926,-5.602914
-28.713653,-11.452710,-5.600130
-26.130740,-15.384191,-5.600674
-23.067805,-18.935579,-5.601634
-19.543829,-22.044919,-5.600655
-15.656636,-24.676658,-5.602003
-11.659233,-26.720083,-5.608317
-7.300257,-28.568340,-5.611003
-2.721180,-29.308091,-5.612829
1.995128,-28.921455,-5.609183
6.450464,-28.345675,-5.597804
11.000848,-27.216546,-5.605201
15.448755,-25.678290,-5.611761
19.855893,-23.582666,-5.610009
24.088240,-20.746718,-5.606424
27.889526,-17.353883,-5.601826
31.032475,-12.880219,-5.607070
32.987740,-7.948828,-5.607100
33.762360,-2.727677,-5.600038
33.208303,2.535018,-5.601097
31.514448,7.546945,-5.604935
28.981677,11.952813,-5.608488
25.821549,15.951456,-5.611076
22.540232,19.327536,-5.612065
18.137452,21.235928,-9.406567
14.502570,23.748241,-9.410935
10.662817,25.908734,-9.405243
6.642110,27.751824,-9.396533
2.247362,29.080799,-9.400574
-2.161426,29.271677,-9.407408
-6.734462,28.697775,-9.411767
-11.139929,27.406976,-9.407833
-15.249796,25.331454,-9.404749
-18.880822,22.516843,-9.408042
-22.019179,19.158235,-9.406379
-24.997756,15.645003,-9.407145
-27.283669,11.677720,-9.399902
-28.855844,7.336057,-9.404772
-29.683168,2.827452,-9.409700
-29.559886,-1.777332,-9.398005
-28.583821,-6.458884,-9.406950
-26.850072,-10.513350,-9.408540
-24.422909,-14.427372,-9.400111
-21.581451,-17.793636,-9.400963
-18.285083,-20.741035,-9.407305
-14.790121,-23.119183,-9.402153
-10.814786,-25.013366,-9.399542
-6.843087,-27.021398,-9.407597
-2.648624,-28.145190,-9.407752
1.813885,-28.059658,-9.401155
6.376075,-27.574395,-9.405535
10.627900,-26.406258,-9.406308
14.831352,-24.522509,-9.408186
18.742210,-22.121273,-9.409454
22.437935,-19.378233,-9.406285
26.196384,-16.120935,-9.402915
29.061957,-12.087606,-9.400265
30.929249,-7.457091,-9.399200
31.747354,-2.564318,-9.401333
31.291873,2.390556,-9.405421
29.647458,7.074061,-9.405190
27.250085,11.430711,-9.402927
24.543235,15.143627,-9.402037
21.512017,18.364806,-9.403218
16.935026,19.984522,-13.212709
13.577184,22.267715,-13.209104
10.006791,24.156265,-13.204353
6.082401,25.725388,-13.202715
2.157460,26.709295,-13.203385
-2.062502,26.715795,-13.200108
-6.197518,25.932549,-13.205427
-10.097666,24.696832,-13.211527
-13.586049,22.429666,-13.209646
-16.343958,19.436546,-13.204266
-19.257535,16.876042,-13.202640
-21.913617,13.822753,-13.203839
-24.022656,10.370033,-13.207187
-25.890233,6.570014,-13.210070
-27.031866,2.534076,-13.204643
-26.999543,-1.701324,-13.198910
-26.195181,-5.840777,-13.209662
-24.698231,-9.781711,-13.206946
-22.678671,-13.297563,-13.202572
-20.005862,-16.550553,-13.198761
-16.991820,-19.269384,-13.199408
-13.623792,-21.508589,-13.209269
-10.067169,-23.047899,-13.210931
-6.402455,-24.808392,-13.208483
-2.418102,-26.065442,-13.205224
1.655623,-26.313948,-13.202492
5.857115,-25.996924,-13.202821
9.893141,-24.760717,-13.208352
13.545566,-22.654775,-13.208241
17.023400,-20.269601,-13.201760
20.655259,-17.809294,-13.199361
24.072292,-14.786793,-13.207694
26.674012,-11.056519,-13.210265
28.423755,-6.834300,-13.210824
29.259779,-2.352754,-13.208904
28.875827,2.365712,-13.200408
27.250699,6.609232,-13.205438
25.235522,10.526181,-13.210788
22.884914,14.211640,-13.211792
20.173949,17.229843,-13.213002
15.626219,18.409101,-17.013627
12.472296,20.475228,-17.006479
9.080599,22.051241,-16.999339
5.468931,23.083318,-17.002048
1.898588,23.549947,-17.006867
-1.852400,23.319448,-16.999535
-5.314777,22.428639,-17.000087
-8.641378,21.280463,-17.006327
-11.590770,19.113554,-17.004499
-13.635523,16.314976,-16.998751
-16.466446,14.334335,-17.004199
-18.726159,11.746026,-17.005842
-20.636176,8.859641,-17.008822
-22.607183,5.832722,-17.010758
-24.042701,2.233071,-17.007051
-24.201613,-1.534221,-17.002010
-23.589188,-5.232934,-17.000687
-22.473979,-8.815727,-17.009396
-20.751175,-12.147367,-17.010387
-18.422868,-15.086940,-17.002359
-15.642875,-17.612190,-16.998390
-12.508667,-19.669185,-16.999832
-9.170263,-21.020598,-16.997165
-5.673934,-21.882046,-17.007577
-2.103337,-22.377667,-17.006932
1.491870,-22.396895,-16.999919
4.903635,-21.858855,-17.007572
8.365192,-20.848684,-17.007662
11.612139,-19.313935,-17.003154
15.007395,-17.699288,-17.003754
18.499521,-15.990979,-17.006649
21.480182,-13.241109,-17.001335
23.798118,-9.897602,-17.003028
25.498917,-6.064957,-17.002253
26.323950,-2.084826,-17.001831
26.077108,2.119486,-17.012134
24.585695,6.029324,-17.004081
22.933518,9.585655,-16.997743
21.070075,12.989508,-17.002778
18.531720,15.959830,-17.010706
14.076651,16.619623,-20.813182
11.158524,18.415596,-20.804751
7.990897,19.612719,-20.798066
4.748538,20.055608,-20.803149
1.483671,19.927530,-20.805104
-1.501636,19.508361,-20.800204
-4.474029,18.577603,-20.798877
-7.179575,17.492167,-20.806402
-9.618084,15.814130,-20.809770
-11.509261,13.641130,-20.800805
-13.955112,12.117601,-20.799301
-15.833851,9.970149,-20.800371
-17.513496,7.617824,-20.808735
-19.436629,4.975968,-20.805333
-20.815167,2.017723,-20.801295
-21.219359,-1.229557,-20.811910
-20.793750,-4.601700,-20.802924
-20.079122,-7.797353,-20.804310
-18.677552,-10.880574,-20.808801
-16.614908,-13.595554,-20.806082
-14.117805,-15.892342,-20.804019
-11.359772,-17.654771,-20.804916
-8.165158,-18.841254,-20.797780
-4.917719,-19.007215,-20.806094
-1.766690,-18.994444,-20.805489
1.220028,-18.833792,-20.797764
4.168891,-18.217531,-20.800250
7.083175,-17.471767,-20.806611
9.899121,-16.456520,-20.809641
12.844903,-15.314458,-20.808579
15.979929,-13.745159,-20.806181
18.368379,-11.325002,-20.806211
20.477748,-8.462908,-20.808176
22.060726,-5.334937,-20.804541
22.934690,-1.758472,-20.800161
22.926886,1.909241,-20.807446
21.812862,5.374806,-20.813180
20.484606,8.670393,-20.805886
19.000836,11.701800,-20.799021
16.745279,14.419805,-20.806547
12.288548,14.614949,-24.609607
9.734115,16.058832,-24.603120
6.863211,16.896650,-24.601656
3.957417,16.859363,-24.609036
1.235628,16.276398,-24.604531
-1.265656,15.706683,-24.604891
-3.577463,14.916329,-24.609632
-5.693539,13.907879,-24.606994
-7.754477,12.809193,-24.599792
-9.775173,11.629443,-24.601633
-11.832510,10.286811,-24.602021
-13.422262,8.439729,-24.603665
-14.929159,6.492155,-24.607479
-16.387515,4.273216,-24.603425
-17.521909,1.702831,-24.602988
-18.115891,-1.106785,-24.612940
-17.857268,-3.889449,-24.606929
-17.489595,-6.774224,-24.600712
-16.380221,-9.542734,-24.597159
-14.695124,-11.931300,-24.599593
-12.550897,-14.014177,-24.601697
-9.967974,-15.587572,-24.597759
-7.203544,-16.483518,-24.599858
-4.223976,-16.258034,-24.610976
-1.547825,-16.047649,-24.612712
0.990840,-15.815250,-24.612956
3.380884,-15.249177,-24.613726
5.875529,-14.669687,-24.601513
8.455684,-13.969570,-24.601198
10.909438,-12.894663,-24.606211
13.049842,-11.294488,-24.604582
14.880481,-9.199450,-24.601473
16.764388,-6.974734,-24.601743
18.341179,-4.323078,-24.608447
19.172902,-1.402051,-24.609597
19.494389,1.593905,-24.598957
18.944493,4.640500,-24.605560
17.980881,7.639775,-24.607188
16.722632,10.344707,-24.600534
14.711126,12.726273,-24.605044
10.330512,12.329935,-28.406128
8.061286,13.478009,-28.403262
5.643840,14.011728,-28.404169
3.152374,13.694509,-28.408226
0.970043,12.930148,-28.399961
-1.062471,12.308063,-28.403051
-2.809973,11.713813,-28.407035
-4.456723,10.849613,-28.402524
-6.125248,10.076522,-28.396969
-8.232786,9.766097,-28.401536
-9.896282,8.604870,-28.412057
-11.156797,7.114043,-28.407705
-12.513491,5.465945,-28.409935
-13.520697,3.520790,-28.405991
-14.297402,1.412656,-28.398524
-14.955954,-0.859672,-28.405044
-14.802221,-3.185795,-28.405734
-14.698889,-5.691514,-28.411845
-13.851328,-8.006075,-28.407674
-12.517456,-10.166140,-28.402458
-10.751804,-12.007087,-28.404799
-8.544986,-13.246328,-28.409293
-6.135756,-13.905454,-28.411481
-3.507356,-13.440249,-28.412123
-1.297365,-13.183785,-28.404475
0.805446,-12.917302,-28.403539
2.775630,-12.401882,-28.406128
4.758879,-11.967425,-28.397178
6.982765,-11.547086,-28.396630
8.825913,-10.442300,-28.398396
10.149213,-8.719313,-28.400387
11.438713,-7.031892,-28.410066
13.062459,-5.374032,-28.412609
14.425659,-3.430334,-28.408674
15.216808,-1.133312,-28.407875
15.796349,1.392318,-28.410568
15.822848,3.970723,-28.402937
15.295963,6.529320,-28.396499
14.205007,8.863436,-28.399005
12.411812,10.850792,-28.403858
8.117124,9.773801,-32.199117
6.279503,10.606140,-32.199249
4.365360,10.992323,-32.202615
2.411088,10.661506,-32.201241
0.657818,9.923159,-32.195673
-0.845578,9.368396,-32.203734
-2.158047,8.929551,-32.213561
-3.401013,8.296254,-32.209830
-4.640433,7.669962,-32.199069
-6.542445,7.808796,-32.207029
-7.924859,6.928609,-32.205558
-8.969136,5.676971,-32.211481
-10.060524,4.387193,-32.204350
-10.665390,2.857654,-32.202350
-11.157312,1.161328,-32.211297
-11.721059,-0.609935,-32.210422
-11.616620,-2.456124,-32.209944
-11.686083,-4.430483,-32.208563
-11.007440,-6.329279,-32.205085
-10.098090,-8.129068,-32.210667
-8.729088,-9.664137,-32.205800
-6.926440,-10.583979,-32.198162
-4.869022,-10.977284,-32.211413
-2.824730,-10.413222,-32.212600
-1.088026,-10.178100,-32.202259
0.567884,-9.908963,-32.197426
2.109262,-9.480346,-32.196990
3.689353,-9.173214,-32.196203
5.359876,-8.950627,-32.205503
6.619562,-7.858986,-32.213907
7.341917,-6.256139,-32.211133
8.268616,-5.039197,-32.203686
9.568645,-3.850551,-32.198147
10.618516,-2.478170,-32.199258
11.299422,-0.766083,-32.202896
11.927598,1.100418,-32.202504
12.370682,3.104010,-32.205735
12.223276,5.286136,-32.210741
11.347517,7.142724,-32.210422
9.878365,8.656849,-32.204647
5.480590,6.698500,-36.007397
4.175310,7.203914,-36.005408
2.911645,7.526237,-36.000530
1.620775,7.364039,-36.007950
0.407817,6.841386,-36.008061
-0.596010,6.389642,-36.002207
-1.505196,6.094766,-36.001632
-2.373384,5.705429,-36.001869
-3.169311,5.222402,-36.008934
-4.540356,5.414626,-36.006209
-5.644293,4.997075,-35.998913
-6.419676,4.100636,-36.006481
-7.157457,3.195196,-36.010371
-7.462938,2.061061,-36.007188
-7.734885,0.885339,-36.007795
-8.045615,-0.343139,-36.010964
-7.963088,-1.566041,-36.008861
-8.098577,-3.001944,-36.000677
-7.610944,-4.273590,-36.003113
-7.178665,-5.651586,-36.006290
-6.158887,-6.722409,-36.002498
-4.845124,-7.282575,-36.001158
-3.346220,-7.337493,-36.003481
-1.905369,-6.834797,-36.006413
-0.758721,-6.687150,-36.011280
0.323894,-6.445218,-36.002818
1.325861,-6.169799,-36.003869
2.346917,-6.019940,-36.012229
3.506175,-5.878103,-36.008512
4.114898,-4.851031,-36.007638
4.426288,-3.717806,-36.009620
4.995506,-3.013068,-36.008425
5.852810,-2.301950,-36.007634
6.609541,-1.447305,-36.009181
7.127731,-0.402863,-36.009998
7.640488,0.795397,-36.005732
8.253448,2.200512,-36.007792
8.434309,3.719650,-36.009680
7.849237,5.025808,-36.003190
6.749566,6.044098,-36.003679
-1.123889,0.618923,-39.804827
10.624612,17.723830,36.195173
8.723124,20.050075,36.195173
6.337899,22.252497,36.195173
3.403860,24.134235,36.195173
0.042975,25.447022,36.195173
-3.628663,26.093873,36.195173
-7.596153,25.995716,36.195173
-11.464934,25.109905,36.195173
-15.283875,23.337018,36.195173
-18.514006,20.826157,36.195173
-21.118949,17.517345,36.195173
-22.802227,13.656770,36.195173
-23.467643,9.495005,36.195173
-23.039391,5.427694,36.195173
-21.595341,1.599885,36.195173
-19.497600,-1.628451,36.195173
-17.073618,-4.299865,36.195173
-14.495133,-6.464007,36.195173
-11.868009,-8.157383,36.195173
-9.385284,-9.374708,36.195173
-6.783375,-10.309984,36.195173
-4.330439,-10.906912,36.195173
-1.948758,-11.236254,36.195173
0.454110,-11.318859,36.195173
2.732231,-11.153620,36.195173
4.977362,-10.732434,36.195173
7.040513,-10.077860,36.195173
9.103631,-9.096348,36.195173
10.985457,-7.800211,36.195173
12.608187,-6.189996,36.195173
13.890092,-4.298755,36.195173
14.750308,-2.311440,36.195173
15.303619,-0.095180,36.195173
15.537801,2.055856,36.195173
15.528102,4.219207,36.195173
15.284364,6.489799,36.195173
14.853679,8.609709,36.195173
14.204283,10.799129,36.195173
13.318513,13.037056,36.195173
11.274195,14.439399,32.801201
9.971404,16.566761,32.799422
8.174917,18.784546,32.795018
6.003484,21.007961,32.793396
3.288348,22.686493,32.791306
0.276963,23.441339,32.790275
-3.151504,23.853323,32.795567
-6.851433,24.144893,32.791924
-10.295410,23.028168,32.797779
-13.539163,21.277229,32.799313
-16.013786,18.568008,32.792170
-17.538088,15.290323,32.791021
-19.705671,12.304328,32.798276
-21.092370,8.918172,32.796728
-21.612943,5.302314,32.789933
-20.827518,1.664585,32.788842
-18.768973,-1.449700,32.797127
-16.914763,-4.216413,32.802619
-15.057512,-6.829492,32.793015
-13.110998,-9.083905,32.787988
-10.760911,-11.095543,32.792295
-8.186390,-12.594064,32.790560
-5.580280,-13.703995,32.790817
-2.849928,-14.735336,32.794380
0.048972,-15.157699,32.795929
2.857540,-14.165556,32.791577
5.546415,-13.705412,32.791933
8.366927,-13.258218,32.796735
10.757246,-11.895646,32.800761
12.644438,-9.748017,32.800638
13.988347,-7.361609,32.791364
14.909104,-5.033278,32.786129
15.440402,-2.595388,32.790521
15.460628,-0.095754,32.795496
15.269780,2.156607,32.792719
14.982762,4.281526,32.796728
14.459556,6.229636,32.801459
13.638415,8.210458,32.799708
12.879237,10.084040,32.798759
12.186206,12.117606,32.799876
10.384717,13.414190,29.390432
9.154267,15.281791,29.391700
7.521120,17.144935,29.399158
5.597230,19.088912,29.401025
3.176953,20.497043,29.394194
0.369747,20.990271,29.392340
-2.568043,21.308819,29.402508
-5.867987,21.722398,29.401603
-8.794594,20.673524,29.391081
-11.759960,19.149919,29.395032
-13.780973,16.625310,29.397603
-15.037670,13.677558,29.392216
-17.456983,11.396739,29.398602
-19.359323,8.441337,29.396917
-20.513383,5.237610,29.395703
-20.437848,1.697106,29.394568
-18.935849,-1.442847,29.393493
-17.534132,-4.437578,29.401820
-16.076601,-7.391683,29.400077
-14.315837,-10.199172,29.395077
-12.103423,-12.651283,29.397655
-9.400787,-14.563171,29.401029
-6.468262,-16.041408,29.394807
-3.463223,-17.283584,29.387866
-0.130611,-17.787521,29.390912
3.141580,-16.755458,29.401014
6.156363,-16.171540,29.398365
9.262441,-15.447373,29.392298
11.935067,-13.700315,29.393004
13.791250,-11.098610,29.395524
14.949183,-8.250839,29.394263
15.634927,-5.375387,29.392909
15.812970,-2.670859,29.392200
15.480805,-0.093478,29.390788
15.010280,2.098027,29.393115
14.498730,4.165037,29.396414
13.718888,6.131258,29.391708
12.765645,7.766959,29.389317
11.884999,9.435622,29.401040
11.191960,11.324378,29.399748
9.501892,12.386780,25.989367
8.272418,13.932867,25.996889
6.750527,15.377667,25.996633
5.057806,16.825237,25.994451
2.895667,17.922565,25.991842
0.588123,18.328445,25.991993
-1.958568,18.676541,26.001360
-4.741184,18.992760,25.992547
-7.386703,18.207538,25.999108
-9.972906,17.169810,26.002566
-11.944121,15.062183,25.995115
-13.375272,12.656292,25.992099
-16.028696,10.714634,25.999989
-18.107857,8.222689,26.000407
-19.750354,5.168657,25.990955
-20.300069,1.696359,25.990869
-19.460028,-1.629977,26.002299
-18.494021,-4.870986,25.999302
-17.307480,-8.151568,25.995909
-15.661774,-11.245148,25.996631
-13.346683,-14.021566,25.995958
-10.463734,-16.207642,25.992974
-7.257116,-17.858497,25.995318
-3.832470,-19.097865,25.993514
-0.272808,-19.595111,25.990007
3.291287,-18.977068,25.996730
6.677793,-18.077332,25.993145
9.844096,-16.861076,25.991711
12.580487,-14.889241,25.994771
14.511207,-11.958566,25.989745
15.584971,-8.744898,25.989829
16.028597,-5.625030,25.990666
15.937922,-2.714184,25.990213
15.392869,-0.087506,25.992826
14.717895,2.142373,25.997643
14.031668,4.129969,25.998599
13.109765,6.006142,25.997256
12.048130,7.544312,25.999414
11.104107,9.014403,26.002175
10.365387,10.605183,25.995879
8.674708,11.420175,22.599784
7.409005,12.590405,22.601455
5.994003,13.588110,22.597518
4.403458,14.521632,22.594264
2.705600,15.238761,22.591338
0.815932,15.757993,22.590422
-1.341199,16.153579,22.593708
-3.640587,16.291432,22.594050
-6.030447,15.950469,22.595670
-8.416130,15.346207,22.593050
-10.552865,13.875875,22.591588
-12.495656,12.050136,22.592859
-15.103701,10.351269,22.592911
-17.343161,8.043541,22.595589
-19.287666,5.115518,22.591917
-20.349727,1.757745,22.589917
-20.214220,-1.844384,22.597842
-19.636936,-5.371225,22.602250
-18.657742,-8.932897,22.599981
-16.944757,-12.322970,22.593270
-14.429088,-15.191903,22.588474
-11.288281,-17.540890,22.590580
-7.868485,-19.221602,22.593454
-4.220004,-20.270549,22.595210
-0.433828,-20.753531,22.598248
3.380995,-20.651806,22.602348
6.953694,-19.436761,22.597910
10.126676,-17.697297,22.590644
12.983461,-15.401743,22.590915
14.878990,-12.353739,22.599818
15.872678,-9.031031,22.601572
16.153173,-5.697332,22.600056
15.874515,-2.712128,22.599576
15.194809,-0.029192,22.598019
14.416515,2.139855,22.595028
13.561616,4.159377,22.595532
12.610455,5.868628,22.598551
11.589440,7.265806,22.596787
10.558439,8.653262,22.589318
9.680866,10.017822,22.591967
7.943783,10.575555,19.197861
6.668883,11.347096,19.190705
5.308642,11.967350,19.196144
3.870353,12.369345,19.199720
2.477824,12.880111,19.197580
0.905144,13.613854,19.193632
-0.768214,13.960093,19.188902
-2.612024,13.944930,19.191653
-4.903445,14.102203,19.199349
-7.182669,13.845401,19.195410
-9.592616,13.065425,19.195250
-12.076443,11.867611,19.199920
-14.664271,10.160077,19.196326
-16.976652,7.927521,19.194027
-19.088301,5.040659,19.194287
-20.527960,1.669305,19.198668
-21.054352,-1.979732,19.203536
-20.841364,-5.876079,19.198763
-19.975365,-9.711563,19.191179
-18.048840,-13.338222,19.191660
-15.195424,-16.204028,19.196801
-11.907414,-18.518858,19.193717
-8.231666,-20.170062,19.194042
-4.318484,-20.991405,19.193922
-0.407654,-21.376374,19.192778
3.399809,-21.599465,19.195746
7.084679,-20.201093,19.190110
10.277106,-18.012685,19.194031
12.986147,-15.573075,19.200905
14.908328,-12.425960,19.190705
15.877391,-8.991110,19.191947
16.042737,-5.661993,19.191944
15.638441,-2.585472,19.191388
14.931337,-0.039802,19.196493
14.056657,2.207286,19.190451
13.165129,4.073005,19.192623
12.176487,5.755457,19.198140
11.173745,7.155913,19.194805
10.169041,8.410522,19.193546
9.076528,9.602467,19.197173
7.363308,9.923668,15.800732
6.065098,10.394272,15.791695
4.842460,10.714403,15.795098
3.563526,10.755449,15.800163
2.319973,11.213825,15.800701
1.045803,12.089600,15.794621
-0.499721,12.351264,15.791797
-1.996016,12.292877,15.795634
-4.120126,12.827195,15.788907
-6.408366,12.807880,15.797480
-9.087480,12.602982,15.797964
-12.044854,11.866990,15.788107
-14.526242,10.147574,15.789008
-16.863812,7.920592,15.792248
-18.986102,5.078738,15.795877
-20.719355,1.682030,15.796967
-21.865857,-2.171365,15.796589
-21.987274,-6.305090,15.801518
-21.089760,-10.388050,15.800377
-18.944727,-14.020628,15.797114
-15.751815,-16.874239,15.798193
-12.283016,-19.134262,15.797690
-8.433147,-20.672312,15.794303
-4.472319,-21.279555,15.789277
-0.435347,-21.500532,15.789086
3.488033,-21.696872,15.796760
7.175654,-20.263694,15.795831
10.256104,-17.924192,15.791802
12.802989,-15.299432,15.791427
14.686199,-12.129553,15.793239
15.609730,-8.801310,15.795888
15.728723,-5.465274,15.796468
15.289480,-2.506596,15.795995
14.520950,0.143158,15.795458
13.659402,2.275209,15.791631
12.712787,4.114166,15.793377
11.769682,5.692798,15.794698
10.883218,7.035960,15.789874
9.860227,8.278112,15.788850
8.692938,9.215354,15.796607
7.006242,9.525902,12.392283
5.784287,9.854355,12.400688
4.553199,10.108857,12.391152
3.388342,10.087588,12.397175
2.283626,10.552104,12.395596
1.040995,11.474862,12.394564
-0.279303,11.670733,12.397864
-1.764622,11.650236,12.393256
-3.740959,12.276217,12.401500
-6.019175,12.363360,12.397717
-8.950875,12.490645,12.395752
-12.234861,11.981199,12.396786
-14.672399,10.178203,12.390361
-16.960758,7.908818,12.389229
-18.999353,5.039094,12.393483
-20.833064,1.702295,12.394634
-22.506960,-2.307145,12.389388
-22.910187,-6.653334,12.389891
-21.773677,-10.876983,12.396110
-19.360473,-14.358353,12.398279
-16.018457,-17.170681,12.393329
-12.385385,-19.360178,12.391089
-8.488055,-20.723488,12.396887
-4.398431,-21.189377,12.394205
-0.493580,-21.188233,12.388626
3.408307,-21.072263,12.399806
7.063211,-19.777528,12.399808
10.086023,-17.466440,12.392281
12.458164,-14.667249,12.388767
14.231891,-11.585569,12.389397
15.129763,-8.386164,12.389961
15.244663,-5.173864,12.387662
14.790082,-2.228517,12.388745
14.084649,0.190860,12.396165
13.233921,2.319535,12.398366
12.325221,4.040648,12.397854
11.461286,5.524766,12.397127
10.659254,6.913926,12.396240
9.651644,8.162354,12.395979
8.418644,8.984924,12.391961
6.952901,9.444196,9.002528
5.801094,9.917960,8.991986
4.641303,10.356224,8.993117
3.420550,10.612024,8.998401
2.314676,11.129506,8.994317
1.037130,11.897884,8.990384
-0.381452,12.179705,8.995689
-1.964638,12.220952,9.000153
-3.952261,12.645772,8.992024
-6.195189,12.641461,8.990409
-9.198284,12.718413,8.992874
-12.529062,12.144390,8.994486
-14.865620,10.280357,8.994475
-17.037188,7.961747,8.990020
-18.938318,5.061411,8.994582
-20.782887,1.677122,8.999907
-22.701054,-2.403899,8.991832
-23.216826,-6.818660,8.990134
-21.783959,-10.818200,8.995306
-19.099303,-14.230576,8.996455
-15.989219,-16.998563,8.992698
-12.258045,-19.122698,8.994532
-8.368890,-20.313305,8.995656
-4.322274,-20.707967,8.995225
-0.380210,-20.479671,8.994304
3.285809,-19.854755,8.994351
6.767317,-18.765121,9.000838
9.772237,-16.651027,8.996087
11.983766,-13.745605,8.988854
13.586118,-10.890922,8.999363
14.480245,-7.865091,8.996965
14.631341,-4.813565,8.990056
14.222226,-2.020782,8.987985
13.539233,0.365456,8.988774
12.764886,2.366702,9.000262
11.872533,4.063662,8.996663
11.107521,5.443519,8.991773
10.405645,6.859365,9.001366
9.513093,8.026245,8.995890
8.315110,8.849602,8.999251
7.105246,9.600121,5.600243
6.084129,10.429654,5.601028
5.021120,11.204094,5.594238
3.766217,11.878723,5.595504
2.484125,12.500049,5.600681
0.966297,13.137653,5.599297
-0.740529,13.520154,5.593961
-2.603122,13.665851,5.592418
-4.682847,13.777347,5.598080
-6.959038,13.521928,5.596591
-9.722139,13.197232,5.593168
-12.802304,12.251196,5.594605
-14.985866,10.363014,5.596250
-17.042916,7.923301,5.595477
-18.770488,5.016768,5.592145
-20.346754,1.751800,5.590014
-21.912696,-2.229533,5.591187
-22.298056,-6.427351,5.592134
-20.815889,-10.252314,5.596976
-18.330291,-13.546610,5.601711
-15.468627,-16.389512,5.599146
-11.804731,-18.388221,5.590896
-7.993310,-19.429278,5.595636
-4.043963,-19.794925,5.598000
-0.244902,-19.373029,5.589785
3.180693,-18.226019,5.588099
6.475193,-17.209550,5.597521
9.288887,-15.455308,5.598907
11.304065,-12.781800,5.590985
12.848346,-10.000271,5.592141
13.730092,-7.179338,5.596250
13.925466,-4.329374,5.595625
13.568186,-1.719703,5.590932
12.956339,0.499286,5.589365
12.277463,2.354388,5.593444
11.443555,4.020133,5.593162
10.733843,5.378915,5.592868
10.171548,6.688545,5.597915
9.284352,7.941507,5.591101
8.190165,8.847251,5.593362
7.288856,9.831835,2.197353
6.445893,11.038668,2.193298
5.405578,12.217825,2.190179
4.126596,13.323071,2.192889
2.559553,14.161112,2.196509
0.828273,14.627457,2.198550
-1.025268,15.012884,2.200990
-3.205790,15.341115,2.196934
-5.509043,15.122936,2.190394
-7.861794,14.548766,2.194818
-10.330696,13.643693,2.198236
-12.704385,12.288580,2.194617
-14.890589,10.310575,2.192672
-16.728342,7.878956,2.193086
-18.331409,5.027898,2.190683
-19.503744,1.777635,2.192033
-20.097750,-1.761042,2.200191
-20.192027,-5.565542,2.201406
-19.084217,-9.255448,2.196881
-17.080676,-12.526743,2.195924
-14.470501,-15.247450,2.198376
-11.027183,-17.076244,2.196436
-7.360478,-18.019817,2.197142
-3.667903,-18.352607,2.194603
-0.142270,-17.893357,2.190724
3.038576,-16.508612,2.196162
5.973702,-15.301805,2.200986
8.595632,-13.791418,2.197447
10.611385,-11.617551,2.192958
12.068383,-9.056924,2.198758
12.925861,-6.452977,2.196000
13.171141,-3.839175,2.189535
12.872960,-1.433649,2.188478
12.342719,0.601126,2.189551
11.725836,2.391844,2.187860
11.024772,3.919538,2.191144
10.324536,5.332192,2.195595
9.791041,6.590303,2.192549
9.039896,7.731170,2.200381
8.159339,8.780679,2.202323
7.393612,9.854954,-1.201452
6.655768,11.385769,-1.204554
5.707122,12.777772,-1.207010
4.401351,14.321723,-1.207031
2.725162,15.323733,-1.209767
0.729016,15.628553,-1.208957
-1.332001,15.990365,-1.205818
-3.752920,16.531604,-1.207122
-5.960974,15.942654,-1.200940
-8.234678,15.078626,-1.203105
-10.375335,13.701168,-1.203900
-12.234208,11.999473,-1.201985
-14.355814,10.050444,-1.205437
-16.016299,7.698589,-1.200981
-17.559270,4.951029,-1.205661
-18.271206,1.914973,-1.206335
-18.010801,-1.301470,-1.198999
-17.833970,-4.587030,-1.209193
-17.167661,-8.011208,-1.204863
-15.533913,-11.221552,-1.201905
-13.047413,-13.681483,-1.209057
-9.932006,-15.271216,-1.201095
-6.544542,-16.115511,-1.202174
-3.250451,-16.384968,-1.204578
0.012865,-16.009670,-1.200431
2.967538,-14.788886,-1.199629
5.510523,-13.218819,-1.200829
7.835808,-11.821254,-1.201497
9.852092,-10.381226,-1.203570
11.263848,-8.097263,-1.208970
12.090455,-5.707517,-1.203947
12.388062,-3.352453,-1.200981
12.148464,-1.162690,-1.207148
11.673978,0.775971,-1.208309
11.119678,2.482801,-1.204516
10.512185,3.956922,-1.203666
9.915751,5.219495,-1.206581
9.353051,6.387315,-1.208056
8.660632,7.482381,-1.210951
8.006668,8.599188,-1.207641
7.226382,9.716341,-4.609829
6.582624,11.148553,-4.605949
5.617865,12.595417,-4.605249
4.378756,14.251877,-4.611010
2.695099,15.249759,-4.606123
0.815634,15.377267,-4.604268
-1.185121,15.661465,-4.609261
-3.659211,16.309339,-4.599227
-5.694033,15.462278,-4.598859
-7.763867,14.531810,-4.601895
-9.528115,13.029669,-4.606133
-11.130870,11.216226,-4.608885
-13.115598,9.580867,-4.607521
-14.775997,7.392554,-4.605416
-16.318429,4.867418,-4.609369
-16.761370,1.999472,-4.611349
-16.060507,-0.830308,-4.605272
-15.753767,-3.756365,-4.600291
-15.285544,-6.880489,-4.605996
-13.856215,-9.742078,-4.605041
-11.485669,-11.835355,-4.598398
-8.663921,-13.206201,-4.608050
-5.619174,-13.949740,-4.610832
-2.677166,-14.153119,-4.607377
0.172179,-13.876947,-4.603234
2.821262,-13.034714,-4.598186
5.085774,-11.475841,-4.606036
7.099863,-10.158526,-4.611123
9.090841,-9.021051,-4.606428
10.402719,-7.146615,-4.604665
11.212800,-5.037153,-4.601139
11.569567,-2.878134,-4.600102
11.386870,-0.851432,-4.604949
10.979191,0.949634,-4.604719
10.500525,2.534799,-4.600125
10.008464,3.925919,-4.601120
9.493658,5.107869,-4.607791
8.839945,6.219361,-4.607070
8.200354,7.234288,-4.601077
7.675607,8.404420,-4.603024
6.886009,9.365225,-8.004202
6.177241,10.560889,-8.010488
5.221005,11.682523,-8.004914
4.038363,12.964771,-7.999178
2.534134,13.720612,-8.006546
0.880312,13.884648,-8.008643
-0.904348,14.193781,-8.006510
-2.897039,14.516316,-8.008081
-4.681602,13.885940,-7.999944
-6.676504,13.184530,-8.002328
-8.020378,11.643195,-8.002371
-9.273630,10.143482,-7.998628
-11.454640,8.804913,-8.000488
-13.163233,6.931295,-8.008042
-14.746184,4.682345,-8.012945
-15.023061,2.087962,-8.008289
-14.197446,-0.396218,-8.003551
-13.828214,-2.985789,-8.009359
-13.459432,-5.803899,-8.011444
-12.114648,-8.255084,-8.007643
-9.822697,-9.940961,-8.003640
-7.302549,-11.137494,-8.001170
-4.678230,-11.781816,-7.997941
-2.137954,-11.932090,-8.000889
0.401481,-11.717689,-8.009760
2.655337,-11.206044,-8.012355
4.792381,-10.037360,-8.002207
6.576042,-8.833956,-7.997385
8.271633,-7.687601,-8.004937
9.527984,-6.080275,-8.009097
10.343106,-4.257106,-8.007687
10.720590,-2.336510,-8.007869
10.587420,-0.450239,-8.010329
10.253553,1.160826,-8.002786
9.861652,2.579772,-8.006137
9.488869,3.841881,-8.010162
9.064660,4.996230,-7.999228
8.360517,6.001970,-8.004370
7.733978,6.967626,-8.005906
7.317283,8.036396,-8.003442
6.475368,8.827301,-11.406548
5.654737,9.690056,-11.406262
4.654056,10.386854,-11.410935
3.586027,10.947709,-11.409792
2.327060,11.447981,-11.407596
1.035657,11.854104,-11.404227
-0.376533,12.046281,-11.399867
-1.861303,11.993413,-11.404677
-3.513333,11.873715,-11.410423
-5.241153,11.520357,-11.399921
-6.113056,10.034388,-11.401713
-7.313075,8.848901,-11.408541
-9.509278,7.992777,-11.409260
-11.240708,6.511987,-11.405381
-12.887985,4.564169,-11.400398
-13.128846,2.205384,-11.401093
-12.370473,0.045794,-11.404098
-11.980848,-2.261285,-11.403162
-11.647572,-4.726470,-11.402353
-10.329974,-6.796097,-11.407044
-8.205679,-8.104037,-11.409579
-6.088529,-9.121326,-11.401714
-3.822358,-9.704739,-11.397656
-1.610879,-9.825896,-11.402972
0.521178,-9.671350,-11.412083
2.568578,-9.352155,-11.414298
4.422748,-8.642682,-11.402477
6.046803,-7.594202,-11.398489
7.450191,-6.386262,-11.412255
8.647381,-4.971891,-11.408759
9.456555,-3.459138,-11.403353
9.849942,-1.794360,-11.402225
9.793373,-0.156148,-11.397007
9.524714,1.320458,-11.405595
9.204919,2.630409,-11.411484
8.924605,3.812067,-11.406435
8.607948,4.909436,-11.403466
7.912541,5.803870,-11.398010
7.310146,6.685686,-11.403073
6.926564,7.701476,-11.408223
5.970462,8.304521,-14.807163
5.068108,8.754493,-14.806620
4.039459,8.988124,-14.804600
3.056670,8.868053,-14.801958
2.150175,9.264605,-14.801324
1.177652,9.901115,-14.797964
0.138526,9.693806,-14.806720
-0.890908,9.614737,-14.812957
-2.426449,10.074815,-14.809500
-3.745952,9.735469,-14.808307
-4.260693,8.412385,-14.802819
-5.455655,7.736941,-14.799189
-7.587693,7.202981,-14.798314
-9.298889,6.003928,-14.799455
-10.908411,4.355172,-14.802782
-11.130408,2.377953,-14.808209
-10.527265,0.434377,-14.811511
-10.151853,-1.475563,-14.810168
-9.809952,-3.589901,-14.806504
-8.553307,-5.335454,-14.804532
-6.725279,-6.352516,-14.802581
-4.908839,-7.232506,-14.799814
-3.025503,-7.727050,-14.807680
-1.120528,-7.828291,-14.806086
0.710900,-7.708973,-14.796400
2.414167,-7.524421,-14.808722
4.081323,-7.085351,-14.815844
5.509460,-6.261393,-14.811352
6.708775,-5.036100,-14.809644
7.730648,-3.884701,-14.806947
8.531723,-2.659650,-14.804159
8.949663,-1.243168,-14.805566
8.964396,0.226048,-14.811830
8.775744,1.502292,-14.808997
8.531427,2.697946,-14.806361
8.335992,3.783859,-14.812611
8.136571,4.814316,-14.811974
7.458517,5.667771,-14.806163
6.911943,6.470974,-14.807983
6.522074,7.416076,-14.809802
5.472146,7.726576,-18.212221
4.526396,7.864566,-18.213346
3.541377,7.712427,-18.199249
2.587959,7.114184,-18.211599
2.037210,7.729888,-18.207551
1.320798,8.211999,-18.206913
0.661238,7.650148,-18.200899
-0.302986,8.125254,-18.199301
-1.554790,8.591066,-18.207429
-2.306519,7.983465,-18.205034
-2.763140,7.140983,-18.196114
-4.063110,6.866147,-18.199639
-5.842593,6.451542,-18.202671
-7.375945,5.520414,-18.203019
-8.813022,4.171240,-18.210045
-9.057467,2.502944,-18.207348
-8.677463,0.879271,-18.204409
-8.296280,-0.731041,-18.207776
-7.899894,-2.499477,-18.208525
-6.794479,-3.836637,-18.208676
-5.227668,-4.675463,-18.206352
-3.732243,-5.400024,-18.201010
-2.180164,-5.805630,-18.203679
-0.610966,-5.871163,-18.204877
0.892644,-5.757628,-18.202556
2.286831,-5.658252,-18.209186
3.696622,-5.432602,-18.205628
4.958606,-4.836283,-18.196621
5.908082,-3.738593,-18.208643
6.743262,-2.793634,-18.212135
7.544230,-1.846018,-18.206333
8.002916,-0.676701,-18.205180
8.105361,0.570823,-18.205546
7.990549,1.712739,-18.209080
7.827075,2.738721,-18.211990
7.716041,3.717833,-18.206641
7.645413,4.671955,-18.199777
7.051467,5.494059,-18.202375
6.553676,6.211948,-18.208591
6.144403,7.042718,-18.211538
5.022723,7.168892,-21.602551
4.054604,7.116722,-21.607045
3.082150,6.680308,-21.598329
2.380519,6.192349,-21.605108
1.952372,6.887441,-21.600177
1.425721,6.634618,-21.604431
0.882549,6.647551,-21.607633
0.049164,7.281334,-21.608156
-0.742410,7.266959,-21.610747
-1.170833,6.631868,-21.610636
-1.801981,6.285184,-21.611052
-2.993878,6.190124,-21.611804
-4.251391,5.788781,-21.609441
-5.556816,5.066813,-21.608011
-6.665415,4.003017,-21.609000
-6.956652,2.679167,-21.607975
-6.748979,1.348106,-21.603964
-6.363895,0.032676,-21.600570
-5.941992,-1.294062,-21.603482
-4.983958,-2.317212,-21.610210
-3.781318,-2.967584,-21.610957
-2.589135,-3.543999,-21.603917
-1.352690,-3.866057,-21.601920
-0.104511,-3.904603,-21.602128
1.045993,-3.794131,-21.602695
2.144920,-3.731967,-21.610861
3.277635,-3.647803,-21.611052
4.341809,-3.304751,-21.597387
5.106987,-2.415374,-21.595998
5.750599,-1.598896,-21.604617
6.507476,-0.906396,-21.608371
6.985018,-0.046055,-21.598024
7.169822,0.972338,-21.602164
7.141809,1.914064,-21.612286
7.049952,2.808876,-21.603740
7.013113,3.655938,-21.599733
7.053888,4.539922,-21.604063
6.598021,5.309487,-21.602553
6.130005,5.968181,-21.607173
5.727851,6.696679,-21.610905
4.575501,6.653617,-25.001342
3.654951,6.510047,-24.998114
2.745530,5.865633,-25.011214
2.298086,5.846090,-25.008708
1.926168,6.322736,-25.008294
1.464525,5.892083,-25.003149
0.946335,6.333953,-24.999957
0.366625,6.472400,-25.006000
-0.048312,6.131463,-25.008030
-0.460038,5.827522,-25.007609
-1.172774,5.727525,-25.009200
-1.996988,5.560081,-25.007813
-2.880133,5.195770,-25.003051
-3.805606,4.648751,-24.999257
-4.527511,3.832439,-24.999798
-4.808071,2.829887,-25.005055
-4.638928,1.830108,-25.011977
-4.276339,0.885932,-25.009750
-3.863018,-0.020076,-24.999089
-3.109031,-0.731115,-25.003824
-2.254667,-1.214958,-25.010622
-1.389372,-1.625745,-25.006583
-0.527096,-1.848921,-25.003458
0.371260,-1.875851,-25.003291
1.227490,-1.766433,-25.004803
2.006896,-1.706617,-25.009723
2.808980,-1.699981,-25.011825
3.630600,-1.589662,-25.003167
4.272782,-1.046702,-25.000906
4.704955,-0.318683,-25.005989
5.307299,0.145867,-25.001813
5.831438,0.682100,-25.004701
6.091601,1.412755,-25.011135
6.172510,2.169282,-25.002652
6.151622,2.898850,-24.995831
6.162953,3.617644,-25.003686
6.290979,4.362392,-25.004831
6.048517,5.081893,-25.000108
5.588824,5.654265,-25.005710
5.254238,6.299937,-25.002659
4.050444,6.033715,-28.409274
3.295149,5.910276,-28.409163
2.496762,5.279011,-28.404389
2.241892,5.629695,-28.411601
1.840180,5.421622,-28.405694
1.490999,5.663230,-28.408191
1.087193,5.714138,-28.401669
0.786720,5.430086,-28.411117
0.447250,5.289479,-28.407083
0.036411,5.229235,-28.398777
-0.437057,5.104211,-28.402222
-0.920908,4.903070,-28.410230
-1.452381,4.595429,-28.409579
-1.929282,4.183857,-28.403758
-2.307882,3.634582,-28.400584
-2.400661,3.001011,-28.401327
-2.167041,2.394620,-28.403541
-1.850646,1.875224,-28.402874
-1.467866,1.397111,-28.399978
-1.040444,1.012616,-28.398375
-0.577263,0.706623,-28.401040
-0.094798,0.485379,-28.405966
0.420565,0.353543,-28.407323
0.929955,0.330024,-28.406429
1.413129,0.405219,-28.407326
1.867143,0.488401,-28.406763
2.298406,0.503459,-28.401926
2.802599,0.493319,-28.399557
3.298577,0.576815,-28.405417
3.624896,0.957198,-28.411682
3.845381,1.406322,-28.412133
4.274842,1.654414,-28.406628
4.722969,1.994256,-28.402550
4.917316,2.480591,-28.406095
5.007670,3.000695,-28.409657
5.039119,3.531256,-28.401030
5.165355,4.108537,-28.400608
5.245907,4.755192,-28.408651
4.801817,5.195789,-28.402383
4.571755,5.742771,-28.407409
2.419135,4.499954,-31.804827
