12.279706,34.562506,36.195045
6.738202,37.322500,36.195045
0.962271,38.952051,36.195045
-5.228098,38.934902,36.195045
-10.824913,36.765566,36.195045
-15.658096,32.877056,36.195045
-19.421104,28.220739,36.195045
-22.166078,23.641016,36.195045
-24.210298,19.173375,36.195045
-25.724589,14.725269,36.195045
-26.691778,10.564361,36.195045
-27.227398,6.541687,36.195045
-27.382431,2.700301,36.195045
-27.196275,-1.139582,36.195045
-26.680004,-4.948944,36.195045
-25.850594,-8.702716,36.195045
-24.710848,-12.374598,36.195045
-23.126076,-16.110803,36.195045
-20.981456,-19.806128,36.195045
-18.185168,-23.314834,36.195045
-14.700255,-26.469321,36.195045
-10.759296,-29.030544,36.195045
-6.313775,-31.125656,36.195045
-1.245918,-32.807694,36.195045
4.201995,-33.901855,36.195045
10.182204,-34.124558,36.195045
16.261923,-32.894657,36.195045
21.638500,-30.264023,36.195045
26.443406,-26.339443,36.195045
30.372900,-21.546075,36.195045
33.419986,-15.904294,36.195045
35.241636,-9.978787,36.195045
35.896368,-3.814923,36.195045
35.455595,2.153546,36.195045
33.991820,8.175103,36.195045
31.820675,13.519943,36.195045
28.858308,18.714723,36.195045
25.406602,23.341835,36.195045
21.447125,27.556369,36.195045
17.291628,31.637640,32.386125
12.251175,34.667150,32.397072
6.842523,36.953384,32.403768
0.890004,38.330940,32.397802
-5.199248,38.249046,32.389243
-10.774381,36.347748,32.389145
-15.814045,32.906899,32.394986
-19.747083,28.838988,32.390526
-22.828672,24.615006,32.393092
-25.320217,20.027542,32.403515
-26.867910,15.494974,32.394654
-27.684715,10.994473,32.400203
-27.922758,6.655359,32.392884
-28.317081,2.738909,32.387193
-28.377994,-1.348673,32.395115
-27.296474,-5.139227,32.399207
-26.365851,-8.941113,32.399966
-25.417441,-12.979167,32.404269
-23.639041,-16.683254,32.395838
-21.170920,-20.026832,32.390700
-18.204075,-23.494789,32.401147
-14.898810,-26.652843,32.401795
-10.812309,-29.541618,32.392711
-6.384818,-31.885118,32.386403
-1.092714,-33.882662,32.391151
4.444527,-35.072014,32.400917
10.541991,-35.225410,32.403703
16.702479,-33.830266,32.405002
22.333515,-30.962668,32.400258
27.198678,-26.932070,32.395959
31.182557,-22.031498,32.396492
34.279458,-16.280050,32.392833
36.209420,-10.265394,32.393127
37.025615,-4.005283,32.394037
36.730380,2.304694,32.393134
35.355231,8.466933,32.391340
33.005889,14.092144,32.387169
29.822906,19.288160,32.390988
26.131638,23.870465,32.393514
21.935370,28.010708,32.387900
17.392582,31.760865,28.594689
12.165441,34.579863,28.595650
6.584310,36.583636,28.600442
0.732529,37.646132,28.602775
-4.978231,37.500601,28.595478
-10.662858,35.771695,28.586596
-15.595077,32.866288,28.598207
-19.844168,29.053249,28.595265
-23.205545,24.974667,28.588822
-25.809451,20.647097,28.595497
-27.464311,15.867709,28.588875
-28.201391,11.307101,28.590618
-28.348146,6.920072,28.599003
-28.709796,2.741297,28.598462
-28.759615,-1.169334,28.590231
-27.553364,-5.192582,28.587275
-26.546474,-9.015314,28.590667
-25.597138,-12.870153,28.600367
-23.679120,-16.791867,28.601128
-21.157785,-20.146815,28.591762
-18.327249,-23.500952,28.587772
-14.895712,-26.908178,28.595621
-11.040159,-29.824634,28.597772
-6.471228,-32.468151,28.595746
-1.188904,-34.645223,28.594255
4.822877,-35.984995,28.591290
10.983866,-36.020492,28.587982
17.161243,-34.435058,28.598805
22.789709,-31.424076,28.598794
27.663258,-27.308331,28.590934
31.661160,-22.339420,28.589489
34.783782,-16.530071,28.588611
36.818746,-10.480677,28.595365
37.759015,-3.959846,28.595764
37.545818,2.421176,28.592482
36.274125,8.667520,28.598812
33.894372,14.346180,28.602981
30.580142,19.532333,28.601329
26.579755,24.222230,28.597491
22.212009,28.272056,28.595347
17.364723,31.700242,24.804399
12.021678,34.310276,24.796281
6.563378,36.017857,24.788350
0.673174,36.870714,24.789002
-5.041198,36.608565,24.796915
-10.542845,35.016723,24.803195
-15.585647,32.294218,24.799873
-19.658670,28.940532,24.793294
-23.170284,24.979476,24.789669
-25.877954,20.708090,24.793107
-27.577857,15.936512,24.798997
-28.322256,11.372649,24.789400
-28.537333,6.981114,24.798553
-28.661710,2.792906,24.798732
-28.428999,-1.365375,24.786271
-27.494079,-5.223253,24.795416
-26.511096,-8.831420,24.801134
-25.233937,-12.815926,24.805643
-23.404274,-16.567350,24.793128
-21.092523,-20.058919,24.789848
-18.366869,-23.511652,24.802592
-14.983750,-26.975641,24.790488
-11.025934,-30.130470,24.787504
-6.520279,-32.891551,24.787677
-1.059367,-35.235872,24.791788
4.961019,-36.575647,24.802313
11.131886,-36.527414,24.801684
17.287535,-34.830407,24.789510
22.886013,-31.744754,24.790698
27.900604,-27.443707,24.796391
31.878897,-22.448855,24.790227
35.008244,-16.633982,24.786894
37.110858,-10.596705,24.791418
38.135695,-4.083132,24.800002
38.008148,2.311117,24.803061
36.781582,8.798160,24.799494
34.301522,14.683208,24.801685
30.899919,19.822220,24.799592
26.786020,24.427585,24.798204
22.302567,28.366104,24.802765
17.216998,31.466930,21.000825
11.814826,33.870102,20.994127
6.330038,35.379403,20.996650
0.670301,36.021239,21.002781
-5.006422,35.639692,20.998894
-10.272358,34.142582,20.996859
-15.158278,31.663212,20.992972
-19.459718,28.291689,20.988851
-22.848548,24.556851,20.990721
-25.569834,20.325767,20.994699
-27.267895,15.816319,20.993107
-28.106583,11.301225,21.000352
-28.487810,6.931887,21.001631
-28.312159,2.789309,20.991496
-27.789806,-1.119339,20.990890
-27.256877,-5.019763,21.003586
-26.225198,-8.821719,20.993001
-24.692955,-12.448521,20.995357
-23.024736,-16.018359,20.994002
-20.958422,-19.873304,20.990285
-18.254839,-23.590477,20.995558
-15.076156,-26.910318,20.992296
-11.038205,-30.269828,21.000372
-6.418141,-33.200898,20.996929
-0.994624,-35.554699,20.991255
4.997028,-36.862204,20.998170
11.133504,-36.735359,20.998585
17.228876,-34.959862,20.996556
22.945854,-31.711456,20.998818
27.743351,-27.551433,20.998853
31.840787,-22.418051,20.993409
34.973242,-16.646942,20.993167
37.158000,-10.446802,20.994780
38.201094,-4.191967,20.995684
38.133778,2.383721,20.994090
36.917256,8.835951,20.992517
34.464779,14.694717,20.997224
30.943259,19.973914,20.992171
26.784901,24.495015,20.988656
22.230841,28.305027,20.995992
16.957135,31.070873,17.188323
11.544554,33.275283,17.198521
6.082865,34.614579,17.194731
0.475753,35.089239,17.187129
-4.910300,34.593953,17.194344
-10.102825,33.075704,17.199998
-14.925709,30.618079,17.201068
-18.855697,27.570508,17.192352
-22.340227,23.716315,17.190947
-24.898266,19.702873,17.200745
-26.682525,15.288637,17.195301
-27.618887,11.076241,17.191771
-28.192959,6.755950,17.197243
-27.772004,2.702458,17.194984
-27.001036,-1.109700,17.188783
-26.836162,-5.002598,17.194224
-25.819681,-8.763531,17.194483
-24.144615,-12.040772,17.192257
-22.471650,-15.782370,17.195608
-20.726185,-19.742697,17.193914
-18.310253,-23.333735,17.187385
-15.056507,-26.806722,17.194495
-11.118746,-30.192600,17.192501
-6.405967,-33.257352,17.187250
-1.041676,-35.581940,17.194437
4.887428,-36.838034,17.202879
11.165812,-36.611643,17.192313
17.157811,-34.748577,17.189859
22.771684,-31.474128,17.196833
27.494091,-27.342474,17.196709
31.555055,-22.276889,17.188856
34.693802,-16.595059,17.190030
36.866817,-10.477472,17.187104
37.998275,-4.084577,17.189946
37.980671,2.407500,17.196323
36.719386,8.776824,17.195201
34.310808,14.574396,17.199450
30.875478,19.821585,17.203234
26.759124,24.282995,17.199316
22.012232,28.095615,17.190380
16.594463,30.526850,13.392835
11.216022,32.537758,13.393615
5.822502,33.736669,13.395782
0.520628,34.083742,13.397742
-4.968731,33.442694,13.397290
-9.838121,31.918920,13.394459
-14.360330,29.554898,13.397249
-18.364467,26.394107,13.392548
-21.450406,22.883062,13.386720
-23.939912,18.922894,13.388768
-25.763504,14.848174,13.388297
-26.907341,10.770725,13.391569
-27.626998,6.754234,13.390196
-27.166189,2.576121,13.392298
-26.361883,-1.148341,13.401861
-26.373868,-4.980870,13.402102
-25.467488,-8.482203,13.388743
-23.692687,-11.878567,13.397358
-22.190378,-15.376728,13.404071
-20.525214,-19.523377,13.400057
-18.085810,-23.260080,13.396487
-14.896719,-26.679772,13.388456
-11.058869,-30.042444,13.387344
-6.443590,-33.072499,13.396651
-1.161816,-35.332918,13.403432
4.885903,-36.531091,13.403116
11.048135,-36.190015,13.403748
16.907049,-34.274274,13.393176
22.398619,-31.018256,13.384763
27.182445,-26.805550,13.393180
31.056178,-22.007330,13.404047
34.284068,-16.261476,13.394478
36.375961,-10.245156,13.393298
37.537973,-3.960147,13.395045
37.569444,2.404632,13.391906
36.220644,8.644574,13.389179
33.863921,14.343834,13.389025
30.570182,19.550745,13.392657
26.397566,24.099474,13.395462
21.655370,27.748965,13.394362
16.135304,29.843580,9.599495
10.835250,31.678781,9.588552
5.549411,32.756162,9.592968
0.368558,32.996847,9.600931
-4.772245,32.280692,9.594156
-9.688797,30.620952,9.587365
-13.860002,28.301911,9.589741
-17.569234,25.289440,9.598688
-20.641183,21.645712,9.597092
-22.888986,17.908275,9.588075
-24.705330,14.177451,9.595501
-26.056408,10.262792,9.597942
-26.841222,6.375226,9.589295
-26.629188,2.465147,9.594761
-26.075492,-1.227827,9.603826
-25.946799,-4.752527,9.593792
-25.081984,-8.386285,9.592044
-23.615947,-11.822382,9.591480
-22.092005,-15.453751,9.597135
-20.370463,-19.229353,9.598525
-17.967260,-22.862953,9.591212
-14.741165,-26.380144,9.594987
-11.017980,-29.691549,9.600347
-6.329366,-32.749240,9.599007
-1.138726,-34.879866,9.597463
4.788608,-35.929066,9.595528
10.797181,-35.474412,9.587564
16.496928,-33.540631,9.595689
21.851112,-30.348744,9.602298
26.532071,-26.250064,9.597210
30.473975,-21.425046,9.593626
33.579343,-16.023970,9.600259
35.596905,-10.151569,9.596434
36.806933,-4.012412,9.590892
36.912376,2.391294,9.591198
35.459481,8.460725,9.591188
33.160268,14.026258,9.590472
29.920543,19.341295,9.594557
26.021115,23.653024,9.600871
21.164420,27.264430,9.603871
15.585793,29.027699,5.792114
10.400405,30.718829,5.800202
5.250017,31.689250,5.803052
0.211628,31.834224,5.796161
-4.767613,31.023275,5.787077
-9.319337,29.370639,5.787726
-13.479075,26.901403,5.795483
-16.857211,24.012190,5.796279
-19.641794,20.568439,5.794323
-21.763838,16.900555,5.793713
-23.605646,13.315556,5.787847
-24.994175,9.955640,5.797949
-25.811870,6.224832,5.798508
-26.104787,2.597148,5.798467
-26.027945,-1.225577,5.803066
-25.500231,-4.614474,5.796179
-24.734720,-8.160396,5.800307
-23.743073,-11.864575,5.792971
-22.257717,-15.386371,5.789982
-20.114918,-19.047175,5.792764
-17.657485,-22.489213,5.789980
-14.548802,-25.931559,5.789562
-10.787231,-29.291487,5.791999
-6.375640,-32.119938,5.792947
-1.112121,-34.184116,5.795721
4.470664,-35.050260,5.800139
10.302279,-34.520481,5.797108
16.012181,-32.521163,5.787886
21.044865,-29.525216,5.793756
25.630845,-25.587911,5.797422
29.526108,-20.949897,5.789271
32.630636,-15.747694,5.796354
34.631583,-9.852110,5.791048
35.859634,-3.880479,5.791305
36.021113,2.324394,5.800866
34.490275,8.200745,5.800374
32.168734,13.791372,5.797946
29.210764,18.840302,5.795086
25.328175,23.205431,5.791632
20.722793,26.528266,5.789555
14.957535,28.097453,2.001797
10.100579,29.614808,1.996492
5.109100,30.516630,1.996712
0.034914,30.608270,1.999668
-4.581854,29.784318,1.999724
-8.961472,28.108775,2.001632
-12.930000,25.625285,1.993605
-16.147911,22.764322,1.989507
-18.776763,19.379745,1.987310
-20.668528,15.960972,1.987424
-22.391341,12.680576,2.002064
-23.930655,9.289253,1.991621
-24.643183,5.875910,1.991788
-25.427132,2.412084,1.998865
-25.903210,-1.179519,1.999104
-24.894104,-4.590296,2.000956
-24.234566,-8.037742,1.992533
-23.755681,-11.940433,1.996820
-22.207122,-15.463512,2.003450
-19.859046,-18.631903,2.002279
-17.236520,-22.015213,1.996830
-14.265109,-25.383187,1.993985
-10.625448,-28.638238,2.000271
-6.321446,-31.329189,1.998214
-1.189222,-33.228899,1.992284
4.236448,-33.925742,1.993500
9.867874,-33.280991,1.995777
15.199137,-31.371585,1.997750
20.243314,-28.381285,1.992057
24.701902,-24.591866,1.988893
28.520292,-20.139414,1.993943
31.566599,-15.127025,1.993483
33.430532,-9.604582,1.990358
34.667078,-3.824015,1.995148
34.888732,2.172120,2.001638
33.291393,8.036877,1.998416
31.123051,13.270555,1.999343
28.225583,18.367497,2.001665
24.484328,22.599797,2.003279
19.984446,25.760404,2.004045
14.250848,27.056219,-1.804883
9.564095,28.477648,-1.810073
4.751516,29.295708,-1.809030
-0.133056,29.325214,-1.805963
-4.564676,28.469250,-1.807243
-8.750173,26.781242,-1.804531
-12.375102,24.434821,-1.803395
-15.448597,21.655669,-1.804547
-17.967046,18.388790,-1.802723
-19.752858,15.079443,-1.800818
-21.345824,11.888794,-1.807264
-22.736683,8.789334,-1.808200
-23.394785,5.492995,-1.802685
-24.411554,2.420594,-1.799611
-25.347593,-1.044229,-1.803508
-24.042433,-4.462380,-1.809034
-23.504753,-7.795886,-1.809409
-23.379595,-11.604495,-1.799516
-21.852679,-15.129844,-1.799076
-19.402959,-18.064802,-1.808420
-16.822735,-21.267526,-1.810432
-14.037181,-24.573796,-1.801974
-10.394383,-27.830309,-1.803054
-6.208794,-30.357427,-1.800132
-1.231508,-32.070957,-1.802167
4.010025,-32.578471,-1.807151
9.409547,-31.808042,-1.797620
14.341736,-29.973258,-1.807080
19.200802,-27.105052,-1.812837
23.390601,-23.627898,-1.804977
27.134345,-19.404694,-1.798511
30.140121,-14.625465,-1.802056
32.066545,-9.155914,-1.806733
33.266367,-3.598193,-1.803463
33.457859,2.177906,-1.796732
32.026672,7.654015,-1.798000
29.884434,12.871704,-1.806218
27.184061,17.612970,-1.807605
23.595433,21.697381,-1.803772
19.104454,24.838686,-1.802386
13.641726,25.858466,-5.602629
9.014278,27.271621,-5.604456
4.423357,28.014147,-5.599951
-0.226493,28.007515,-5.600790
-4.441345,27.171369,-5.612347
-8.420763,25.551386,-5.608371
-12.016471,23.211352,-5.600510
-14.938695,20.564101,-5.598279
-17.265574,17.622261,-5.597365
-18.992595,14.486390,-5.597562
-20.381218,11.387108,-5.604065
-21.501543,8.360738,-5.601363
-22.095400,5.205893,-5.602367
-23.127911,2.117770,-5.601567
-23.873181,-1.049619,-5.598229
-22.836120,-4.175833,-5.602888
-22.379797,-7.358350,-5.598816
-22.110458,-10.952998,-5.602591
-20.791851,-14.223293,-5.610076
-18.574278,-17.300806,-5.611478
-16.241253,-20.455393,-5.609053
-13.565183,-23.812623,-5.606653
-10.218637,-26.779930,-5.596836
-6.035895,-29.208938,-5.605193
-1.256906,-30.714043,-5.610677
3.745924,-31.035850,-5.599676
8.688506,-30.192783,-5.600534
13.528589,-28.321474,-5.611722
17.988965,-25.667906,-5.605575
21.998691,-22.376760,-5.599380
25.586486,-18.382381,-5.607860
28.471011,-13.852290,-5.607113
30.496607,-8.696505,-5.609679
31.600734,-3.427264,-5.606717
31.705734,2.107299,-5.602762
30.619413,7.371484,-5.607284
28.637696,12.361230,-5.602248
25.841322,16.947227,-5.602232
22.317056,20.755627,-5.605330
18.051870,23.768503,-5.603824
12.775335,24.620054,-9.400840
8.433002,25.983431,-9.401073
3.924876,26.664802,-9.402562
-0.289255,26.630261,-9.402193
-4.428183,25.811947,-9.400555
-8.179538,24.285765,-9.403302
-11.592211,22.112150,-9.407468
-14.387387,19.666559,-9.413374
-16.674980,16.965937,-9.409658
-18.472592,13.912811,-9.399312
-19.638935,10.927037,-9.411174
-20.355040,7.806580,-9.410280
-20.899416,4.821206,-9.404205
-21.354510,1.988798,-9.404049
-21.519043,-0.867974,-9.403849
-21.306205,-3.729338,-9.402253
-20.879189,-6.735509,-9.407881
-20.021635,-9.640577,-9.406259
-18.957444,-12.848706,-9.404933
-17.593534,-16.102202,-9.406255
-15.608244,-19.447655,-9.401824
-13.209852,-22.703813,-9.397071
-9.920244,-25.599215,-9.409621
-5.934864,-27.826526,-9.413031
-1.401732,-29.143006,-9.411439
3.322694,-29.305290,-9.411137
7.958825,-28.386830,-9.403127
12.499128,-26.561128,-9.405447
16.673645,-24.019271,-9.403944
20.451235,-20.899386,-9.400565
23.817284,-17.132131,-9.400767
26.509562,-12.852026,-9.397914
28.695817,-8.245787,-9.402520
29.641707,-3.164575,-9.407271
29.565437,1.937623,-9.410519
29.123651,6.968551,-9.413186
27.306803,11.868592,-9.402058
24.408802,16.023704,-9.398888
20.798550,19.595160,-9.402545
16.974087,22.430496,-9.402255
11.811553,23.226628,-13.209294
7.755724,24.571661,-13.213258
3.658566,25.181358,-13.205849
-0.464523,25.147179,-13.196683
-4.362747,24.385377,-13.202259
-7.906522,22.981209,-13.206190
-11.164118,21.004728,-13.208686
-13.859860,18.782650,-13.209855
-16.128106,16.338978,-13.205855
-17.959334,13.551386,-13.198226
-19.033865,10.553900,-13.200383
-19.342373,7.407306,-13.210962
-19.883037,4.555238,-13.204457
-19.575563,1.782804,-13.196621
-19.022192,-0.782202,-13.200345
-19.715727,-3.436617,-13.202092
-19.281037,-6.112221,-13.204318
-17.842650,-8.427453,-13.201431
-17.031017,-11.251984,-13.204673
-16.456674,-14.891073,-13.209265
-14.947675,-18.229425,-13.208477
-12.597076,-21.618821,-13.210871
-9.463350,-24.305388,-13.202191
-5.809453,-26.252613,-13.197029
-1.511733,-27.383232,-13.198073
2.937214,-27.384307,-13.199679
7.269231,-26.368900,-13.199356
11.366867,-24.633252,-13.197529
15.119413,-22.267450,-13.205208
18.660303,-19.295563,-13.207158
21.692496,-15.853962,-13.199655
24.105518,-11.946083,-13.206260
26.579904,-7.754619,-13.211039
27.341973,-2.907846,-13.207561
27.070037,1.758260,-13.202564
27.359085,6.660675,-13.199837
25.756121,11.308461,-13.197124
22.720089,15.004288,-13.201517
19.137502,18.175974,-13.207398
15.620619,20.967738,-13.208181
10.855764,21.573970,-17.009098
7.118458,22.956389,-17.007009
3.140179,23.561909,-17.003153
-0.564590,23.529647,-16.997393
-4.215181,22.860725,-16.995600
-7.682403,21.542986,-17.006035
-10.651275,19.856852,-17.013167
-13.363694,17.790809,-17.007898
-15.598983,15.615765,-17.001564
-17.454584,13.112665,-17.006432
-18.496356,10.161884,-17.011434
-18.615300,7.069336,-17.001116
-19.090072,4.355056,-17.003736
-18.365966,1.746775,-17.004946
-17.316709,-0.627313,-16.999234
-18.447818,-3.165352,-17.005640
-17.922822,-5.648622,-16.998508
-16.327895,-7.660185,-16.997859
-15.660308,-10.120741,-17.006104
-15.434227,-13.612549,-17.014761
-14.149805,-17.083652,-17.008751
-12.075049,-20.162928,-16.997852
-9.136257,-22.662408,-17.009139
-5.555899,-24.483487,-17.011096
-1.653619,-25.387490,-17.008010
2.354016,-25.267952,-17.007799
6.373384,-24.204355,-17.003601
10.168497,-22.502997,-17.010289
13.504906,-20.306413,-17.013139
16.669995,-17.581953,-17.011031
19.456545,-14.333878,-17.008436
21.610676,-10.795055,-17.004922
24.112882,-7.119326,-17.008472
24.724379,-2.665104,-17.011832
24.362511,1.682901,-17.011882
25.137822,6.216784,-17.011453
23.807291,10.458619,-17.004763
20.694815,13.892317,-17.005764
17.243726,16.724042,-17.011107
14.157355,19.345276,-17.011245
9.597965,19.758190,-20.806668
6.219814,21.121019,-20.804268
2.740528,21.722480,-20.800534
-0.778135,21.706474,-20.802818
-4.245042,21.095006,-20.810395
-7.303431,20.000147,-20.803841
-10.185832,18.495575,-20.807183
-12.737132,16.719386,-20.812789
-14.984438,14.756351,-20.812829
-16.890388,12.470732,-20.813037
-17.946445,9.818901,-20.806744
-18.237188,6.874855,-20.802682
-18.668048,4.264241,-20.806059
-18.016547,1.725329,-20.804128
-17.080391,-0.649163,-20.800046
-17.867541,-3.027351,-20.806969
-17.285189,-5.402807,-20.807764
-16.014942,-7.351810,-20.806544
-15.211291,-9.739108,-20.810824
-14.607725,-12.829583,-20.810349
-13.354173,-15.819732,-20.805815
-11.376323,-18.571463,-20.812002
-8.555281,-20.898662,-20.811930
-5.378557,-22.428989,-20.809893
-1.792395,-23.155074,-20.802145
1.855207,-22.919673,-20.800404
5.485670,-21.815715,-20.812710
8.798365,-20.260949,-20.806398
11.810272,-18.209401,-20.800939
14.651508,-15.673544,-20.807254
17.090652,-12.796447,-20.811993
19.086140,-9.580560,-20.803635
21.164679,-6.298298,-20.803218
21.787167,-2.449533,-20.802760
21.587534,1.528051,-20.799337
22.066827,5.553881,-20.802196
20.854851,9.426246,-20.808872
18.356732,12.484824,-20.810758
15.444315,15.135016,-20.808982
12.687524,17.589497,-20.807916
8.261979,17.584879,-24.611216
5.261413,18.916686,-24.611147
2.089699,19.607632,-24.605720
-1.060059,19.614989,-24.600285
-4.041234,19.140761,-24.604215
-6.906020,18.193725,-24.603031
-9.529188,16.952426,-24.604662
-11.885856,15.492100,-24.608143
-14.079198,13.778774,-24.605931
-15.999927,11.775245,-24.601097
-17.290613,9.315761,-24.607055
-18.039764,6.765267,-24.612505
-18.418264,4.250199,-24.613807
-18.275073,1.727622,-24.611203
-17.938911,-0.663689,-24.605567
-17.798418,-3.072578,-24.602723
-17.231852,-5.296566,-24.606148
-16.416101,-7.571640,-24.601443
-15.383887,-9.886380,-24.603857
-14.065268,-12.190974,-24.610249
-12.483089,-14.476154,-24.609729
-10.534871,-16.780666,-24.606455
-8.078510,-18.741030,-24.603715
-5.112119,-20.105034,-24.597455
-1.889984,-20.634185,-24.602876
1.352483,-20.291199,-24.614776
4.447666,-19.252433,-24.612247
7.378424,-17.817614,-24.599965
10.040988,-15.942039,-24.601087
12.433626,-13.724875,-24.609060
14.585631,-11.270950,-24.608761
16.436285,-8.436581,-24.601653
17.606583,-5.279761,-24.601923
18.399085,-2.084298,-24.601878
18.626629,1.379659,-24.602247
17.881558,4.693117,-24.606400
16.828944,7.782025,-24.602540
15.415392,10.856223,-24.606186
13.478003,13.619920,-24.613969
11.057279,15.821555,-24.613806
6.596864,15.082196,-28.398276
4.106375,16.284640,-28.405992
1.483378,17.060596,-28.411389
-1.326225,17.134545,-28.409001
-3.978455,16.761684,-28.407245
-6.435867,16.008352,-28.405304
-8.803860,14.991488,-28.403605
-10.956966,13.797732,-28.400544
-12.964463,12.358676,-28.398853
-14.749510,10.658729,-28.402516
-16.170249,8.656941,-28.402241
-17.414697,6.476744,-28.403396
-17.684707,3.971397,-28.408169
-18.065691,1.728059,-28.411717
-18.537906,-0.667760,-28.409745
-17.310694,-2.890852,-28.401788
-16.718080,-5.171995,-28.398608
-16.509584,-7.660402,-28.408671
-15.251203,-9.832915,-28.406253
-13.362810,-11.325541,-28.403246
-11.441793,-12.833490,-28.404643
-9.594595,-14.635167,-28.402610
-7.362112,-16.307902,-28.410392
-4.792898,-17.392257,-28.405123
-2.021598,-17.752773,-28.398115
0.736792,-17.362477,-28.401249
3.353674,-16.388992,-28.407123
5.830499,-15.110211,-28.404345
8.096941,-13.476992,-28.399125
10.087475,-11.559476,-28.399667
11.926981,-9.556405,-28.403480
13.576776,-7.160420,-28.405084
13.673769,-4.301416,-28.409718
14.598624,-1.701333,-28.410209
15.425552,1.138753,-28.405370
13.391865,3.717704,-28.402712
12.395233,6.108358,-28.401787
12.169181,8.953056,-28.402578
11.329481,11.888897,-28.401866
9.164484,13.749875,-28.398252
4.672938,12.025539,-32.203307
2.699756,13.056164,-32.205993
0.646780,13.888360,-32.210004
-1.561906,14.059234,-32.210009
-3.828844,13.799631,-32.209348
-5.845039,13.228594,-32.206142
-7.801804,12.459605,-32.202801
-9.677082,11.521461,-32.202318
-11.347629,10.404497,-32.204057
-12.909043,9.000284,-32.205827
-14.291803,7.444092,-32.208010
-15.671182,5.764724,-32.206033
-15.949486,3.584405,-32.200847
-16.468363,1.553904,-32.203848
-17.447274,-0.669390,-32.208755
-15.597547,-2.603791,-32.201870
-15.110018,-4.551768,-32.209685
-15.341825,-6.992966,-32.204260
-14.070649,-8.804210,-32.199245
-11.884453,-9.773038,-32.205779
-10.060850,-10.699871,-32.207613
-8.425638,-12.048306,-32.203389
-6.627873,-13.297860,-32.209069
-4.500428,-14.120557,-32.207336
-2.221584,-14.332632,-32.206899
0.020235,-13.921675,-32.209704
2.053412,-13.096158,-32.209833
4.057677,-12.007964,-32.209170
5.823277,-10.694512,-32.210847
7.355210,-9.180976,-32.206642
8.935917,-7.564074,-32.201730
10.260527,-5.704168,-32.205314
9.727110,-3.276664,-32.204978
10.558261,-1.291638,-32.202716
11.798652,0.951413,-32.201088
9.302022,2.766667,-32.199960
8.416380,4.606007,-32.198764
8.740138,6.990496,-32.202852
8.699905,9.677001,-32.209028
6.776111,11.093699,-32.205839
2.195615,8.195023,-36.000086
0.824263,8.899434,-36.000394
-0.537650,9.661860,-36.002805
-2.004562,9.916851,-36.005690
-3.547493,9.804211,-36.007780
-5.036240,9.417325,-36.007708
-6.423384,8.911236,-36.005441
-7.770450,8.312438,-36.005294
-9.028376,7.542119,-36.009290
-10.189584,6.525431,-36.006587
-11.296547,5.475069,-36.003391
-12.468150,4.284165,-36.001772
-12.762694,2.706133,-36.003131
-13.216662,1.166869,-36.007466
-14.129896,-0.473717,-36.007562
-12.515876,-1.892183,-36.000886
-12.148478,-3.390618,-36.003289
-12.424047,-5.318736,-36.005456
-11.219042,-6.565644,-36.001693
-9.533033,-7.091294,-36.008103
-8.108940,-7.733790,-36.006265
-6.896415,-8.604266,-36.000031
-5.578621,-9.396272,-36.006278
-4.047877,-9.897075,-36.003094
-2.503016,-9.964926,-36.002716
-0.940257,-9.591907,-36.004415
0.465917,-8.953486,-36.004588
1.800607,-8.181547,-36.004072
2.981754,-7.283359,-36.002484
4.028945,-6.205674,-36.005326
5.165139,-5.127024,-36.008373
6.062555,-3.914043,-36.006102
5.238562,-2.080440,-36.000653
5.913097,-0.788458,-36.000222
7.184651,0.687271,-36.006190
4.866421,1.823711,-36.008758
4.242308,2.973687,-36.009506
4.622700,4.582602,-36.008974
5.207519,6.832825,-36.004719
3.719419,7.668529,-36.001478
-3.887594,0.076023,-39.804955
9.888544,28.521937,36.195045
5.396322,29.914648,36.195045
0.542669,30.367996,36.195045
-4.113278,29.683723,36.195045
-8.330950,28.034799,36.195045
-12.134543,25.577531,36.195045
-15.302715,22.592665,36.195045
-17.809564,19.251023,36.195045
-19.658989,15.700324,36.195045
-20.869041,12.251445,36.195045
-21.614099,8.851618,36.195045
-21.971251,5.564816,36.195045
-22.007164,2.432955,36.195045
-21.757846,-0.689070,36.195045
-21.265254,-3.605849,36.195045
-20.473288,-6.636043,36.195045
-19.469051,-9.418474,36.195045
-18.048831,-12.403801,36.195045
-16.409377,-15.073072,36.195045
-14.250816,-17.803940,36.195045
-11.610558,-20.330923,36.195045
-8.472978,-22.526466,36.195045
-5.049015,-24.241231,36.195045
-1.091609,-25.578881,36.195045
3.354561,-26.423901,36.195045
8.049417,-26.648771,36.195045
12.900755,-26.168324,36.195045
17.939911,-24.794247,36.195045
22.901483,-22.234399,36.195045
26.885611,-18.592569,36.195045
29.692298,-13.768122,36.195045
31.083392,-8.549708,36.195045
31.370128,-3.155799,36.195045
30.735814,2.203585,36.195045
29.342210,7.236870,36.195045
27.339252,11.871412,36.195045
24.751194,16.201844,36.195045
21.720996,20.030230,36.195045
18.195086,23.432698,36.195045
13.936533,25.893647,32.796504
9.541847,27.399266,32.791237
5.124425,28.763119,32.789849
0.620671,30.047336,32.793423
-4.123461,29.531902,32.791876
-8.466416,28.111815,32.790150
-12.381280,26.085548,32.789024
-15.619480,23.170527,32.794891
-18.245454,19.854344,32.798362
-20.765657,16.705838,32.789415
-22.208387,13.127288,32.795139
-22.836775,9.308610,32.792158
-23.364097,6.013765,32.786285
-23.625925,2.528917,32.790038
-23.186163,-0.784969,32.796712
-22.612250,-3.890456,32.795205
-21.768728,-7.125420,32.790845
-20.173172,-9.842539,32.789443
-18.692726,-12.811407,32.789753
-17.262163,-16.249501,32.794932
-15.055081,-19.151586,32.799439
-12.078747,-21.362264,32.797937
-8.779185,-23.685958,32.798763
-5.143396,-25.439330,32.793533
-1.052410,-26.437138,32.795616
3.457542,-27.164909,32.798255
8.488915,-27.898396,32.787979
13.748138,-27.602169,32.789928
18.992612,-26.050652,32.798834
23.735689,-23.095815,32.799515
27.392783,-18.994357,32.795241
29.695660,-13.841555,32.797701
29.335014,-8.125410,32.792804
28.277846,-2.724933,32.792790
27.341101,2.073511,32.795696
26.057781,6.458776,32.795745
24.457195,10.745130,32.799648
22.419911,14.782196,32.797137
20.047795,18.796457,32.792865
17.491868,22.603787,32.794782
13.692450,25.525100,29.386412
9.214058,26.749597,29.393188
4.801662,28.092419,29.396696
0.530957,29.556948,29.397389
-4.062713,29.192683,29.401744
-8.476318,27.979197,29.400282
-12.501025,26.145504,29.397775
-15.775849,23.279706,29.392573
-18.427769,19.967444,29.390982
-20.943805,17.032700,29.397735
-22.425942,13.283913,29.393559
-22.984196,9.440286,29.400853
-23.436492,5.954552,29.394805
-23.587836,2.628761,29.389788
-23.107985,-0.682708,29.401025
-22.459961,-3.959261,29.394737
-21.640720,-7.024859,29.389431
-20.026966,-9.736333,29.393123
-18.531940,-12.702059,29.397382
-17.181223,-15.994872,29.393497
-14.974741,-18.896172,29.389245
-11.959675,-21.067984,29.394247
-8.705612,-23.465465,29.397511
-5.127535,-25.342157,29.390149
-0.925024,-26.635467,29.391400
3.521596,-27.717412,29.399312
8.851658,-28.820725,29.398646
14.298773,-28.569224,29.401884
19.688335,-26.829812,29.399983
24.274822,-23.626420,29.400305
27.741012,-19.123005,29.402751
29.673467,-13.813362,29.394456
29.018849,-7.929761,29.387347
27.836510,-2.736804,29.391867
26.806341,2.054164,29.394916
25.506855,6.442012,29.392740
24.000983,10.585868,29.400396
21.971059,14.624415,29.400560
19.686775,18.519913,29.392458
17.252211,22.254807,29.386902
13.486327,25.197160,25.991206
8.998830,26.352012,25.995362
4.782047,27.553450,26.003245
0.507042,28.922549,26.000456
-4.041557,28.653518,25.987387
-8.286371,27.644216,25.997915
-12.307620,25.915937,25.996130
-15.628806,23.153148,25.986567
-18.222847,19.838964,25.990404
-20.550270,16.579550,25.998354
-21.770238,12.776514,26.001698
-22.284983,9.135920,25.990585
-22.420525,5.662798,25.992853
-22.216454,2.356117,26.001577
-21.780569,-0.747690,26.000016
-21.182347,-3.648661,26.001349
-20.392314,-6.504561,25.998132
-19.150214,-9.380572,25.996088
-17.851222,-12.042883,25.992804
-16.208317,-14.920990,25.991938
-13.979632,-17.589450,25.998419
-11.341536,-19.874864,26.000655
-8.474945,-22.146708,25.990150
-4.952213,-24.397736,25.995384
-1.052159,-26.330785,26.001390
3.662473,-28.182214,26.001636
9.082982,-29.467552,26.002308
14.655470,-29.158249,25.988349
20.099734,-27.215595,25.995906
24.536600,-23.857252,26.000766
27.859141,-19.124887,25.993441
29.593130,-13.809777,26.001342
29.549849,-8.080688,26.000604
28.860094,-2.873663,25.995109
27.947978,2.081000,25.992040
26.670179,6.612600,25.990021
25.005138,11.027536,25.987227
22.727712,15.091605,25.993350
20.176532,18.739585,25.998962
17.191165,22.397888,25.995555
13.294323,24.886054,22.594988
8.832995,26.110584,22.591946
4.640556,27.206273,22.592395
0.466483,28.180260,22.591798
-4.023823,27.949942,22.588540
-8.239955,27.011079,22.598167
-12.028136,25.330731,22.600137
-15.372133,22.623994,22.598676
-17.874372,19.306101,22.600439
-19.654460,15.760282,22.597543
-20.498368,12.074993,22.601609
-20.984815,8.634245,22.598673
-20.794209,5.221115,22.591058
-20.250476,2.156655,22.587760
-19.924636,-0.581634,22.590295
-19.374196,-3.284939,22.595722
-18.634990,-5.942020,22.593941
-18.020154,-8.636514,22.595374
-16.798781,-11.289927,22.597314
-14.906578,-13.539153,22.599985
-12.951505,-15.716230,22.598553
-10.760730,-18.376207,22.592374
-8.045131,-20.774568,22.598281
-4.942475,-23.247953,22.603297
-1.018535,-26.057260,22.595455
3.727110,-28.537280,22.590306
9.264816,-29.872839,22.600043
14.775858,-29.438678,22.591840
20.093345,-27.363147,22.587877
24.562462,-23.817866,22.589666
27.728495,-19.086177,22.590876
29.474155,-13.662514,22.594770
30.349537,-8.376888,22.595200
30.399144,-3.041221,22.597140
29.671897,2.086845,22.597979
28.357768,7.090493,22.592835
26.557973,11.581841,22.588734
23.927617,15.804689,22.592849
20.852553,19.376640,22.598305
17.310661,22.548590,22.598192
13.089542,24.558443,19.197257
8.855935,25.907719,19.193398
4.525620,26.889538,19.192375
0.290986,27.367105,19.193701
-3.970833,27.111805,19.196940
-7.981843,26.223980,19.203248
-11.810214,24.377274,19.193698
-14.883738,21.888351,19.188360
-17.306657,18.602131,19.197066
-18.503939,14.853196,19.196965
-19.026135,11.136551,19.198583
-19.401282,7.898621,19.191897
-19.163436,4.863241,19.187956
-18.587398,2.013575,19.193223
-18.315076,-0.531944,19.196636
-17.874517,-2.880098,19.194955
-17.241482,-5.360251,19.192483
-16.867467,-7.897152,19.195721
-15.870888,-10.426389,19.194246
-14.052276,-12.484521,19.195503
-12.200875,-14.683139,19.198901
-10.399600,-17.587747,19.195974
-7.860237,-20.124508,19.197020
-4.844641,-22.899283,19.199739
-1.052683,-26.086605,19.198457
3.850645,-28.859042,19.191484
9.371743,-30.044549,19.188063
14.810807,-29.422535,19.195002
19.981383,-27.174778,19.198639
24.346027,-23.568593,19.201277
27.447325,-18.883786,19.201093
29.243126,-13.722110,19.192985
30.921612,-8.495895,19.196673
31.571504,-3.118615,19.195981
30.983540,2.175868,19.191466
29.713476,7.305503,19.193780
27.731124,12.028044,19.193999
24.930544,16.322981,19.198533
21.445875,19.840270,19.203092
17.463995,22.528724,19.201671
12.855690,24.192953,15.794499
8.716094,25.738117,15.798164
4.459502,26.536604,15.802882
0.232028,26.491747,15.800673
-3.956180,26.150228,15.789145
-7.733282,25.246356,15.789286
-11.285281,23.390211,15.795128
-14.320906,20.901267,15.795237
-16.590374,17.815023,15.793017
-17.383845,13.844577,15.799230
-17.695128,10.309283,15.799852
-17.902355,7.295085,15.797239
-17.865579,4.436372,15.789128
-17.654704,1.921417,15.791096
-17.409780,-0.420122,15.800312
-17.039388,-2.745632,15.793419
-16.541232,-5.047202,15.802079
-15.951697,-7.497563,15.796345
-15.190877,-9.916498,15.798933
-13.808008,-12.205549,15.794437
-12.194375,-14.567960,15.788673
-10.462074,-17.639906,15.803870
-7.977207,-20.389935,15.803013
-4.934027,-23.296300,15.798228
-1.038987,-26.522657,15.796546
3.869686,-29.099637,15.796200
9.201118,-29.982660,15.795001
14.702827,-29.143819,15.795016
19.701982,-26.733907,15.793511
23.822385,-23.219893,15.790006
26.969604,-18.664981,15.790751
29.022212,-13.503551,15.798777
30.981991,-8.457146,15.798929
31.852436,-3.198947,15.798816
31.374101,2.211104,15.800062
30.121875,7.437594,15.797170
28.052020,12.216615,15.792821
25.296086,16.493011,15.791025
21.700127,19.958006,15.791340
17.303515,22.397594,15.792327
12.589794,23.787763,12.404373
8.697528,25.415539,12.394770
4.392154,26.091074,12.393329
0.073847,25.572273,12.399890
-3.862193,25.123601,12.398760
-7.542473,24.116403,12.395565
-10.944886,22.139150,12.400208
-13.755904,19.730215,12.398880
-15.850920,16.817899,12.390240
-16.460363,12.884619,12.395495
-16.806920,9.577048,12.396458
-16.878829,6.778300,12.397389
-17.034749,4.302624,12.400864
-17.208831,1.836769,12.398425
-16.966294,-0.469940,12.392803
-16.691921,-2.600363,12.398132
-16.284736,-4.879429,12.400524
-15.513902,-7.234605,12.399253
-14.870781,-9.631893,12.392082
-13.878104,-12.423252,12.389245
-12.525580,-15.087756,12.394003
-10.693636,-18.220586,12.397511
-8.238721,-21.128399,12.399189
-4.985784,-24.183861,12.396372
-0.979123,-27.141981,12.397242
3.863136,-29.234773,12.401649
9.156192,-29.694125,12.402544
14.358894,-28.655695,12.402793
19.186698,-26.131487,12.393685
23.185875,-22.625650,12.391437
26.401291,-18.233520,12.394471
28.623149,-13.429285,12.388049
30.571867,-8.306856,12.397101
31.402194,-3.117812,12.398059
31.035857,2.196262,12.393231
29.840636,7.343689,12.395942
27.801825,12.030740,12.389614
25.065464,16.439866,12.394707
21.432610,19.910098,12.406638
17.025753,22.097830,12.409635
12.281456,23.338632,8.999319
8.453508,24.958660,8.994058
4.254309,25.469307,8.992513
0.058653,24.649869,8.997667
-3.774224,24.048442,9.000730
-7.324367,22.905900,8.998975
-10.469341,20.949710,8.994765
-13.036435,18.655524,8.989781
-15.024570,15.929096,8.990795
-15.861490,12.301182,9.002426
-16.446402,9.425977,8.991697
-16.549026,6.692659,8.993356
-16.723417,4.114021,8.997831
-17.000046,1.872585,8.998767
-16.808854,-0.392521,9.001848
-16.566049,-2.644091,8.991445
-16.211113,-4.882269,9.000791
-15.586560,-7.227843,8.992387
-14.853194,-9.710612,8.988438
-14.134156,-12.541461,8.989844
-12.926100,-15.872423,8.993230
-11.008585,-18.890767,9.001535
-8.473658,-22.045790,8.994230
-5.125850,-25.089907,8.994149
-0.979185,-27.672506,8.998403
3.951200,-29.194970,8.998726
8.991549,-29.153550,8.997137
14.024982,-27.878618,8.992117
18.528448,-25.338073,8.988551
22.407004,-21.875917,8.992265
25.621183,-17.817166,8.998089
28.146138,-13.105262,8.996406
29.768286,-8.178015,8.993030
30.455173,-3.047373,8.988222
30.211990,2.140219,8.989851
29.074777,7.193165,8.998797
27.085158,11.783496,8.996760
24.558523,16.011820,8.995002
21.092902,19.484913,8.997722
16.647724,21.691945,9.000397
12.069444,22.770584,5.594252
8.138464,24.292716,5.597320
4.021592,24.638767,5.594866
-0.037774,23.705872,5.592068
-3.745368,22.946243,5.600097
-6.989418,21.720340,5.594643
-9.924519,19.858008,5.590993
-12.467281,17.478119,5.592821
-14.270722,14.893230,5.593015
-15.432970,11.962170,5.598325
-16.312921,9.407004,5.603106
-16.607853,6.607965,5.597365
-16.701350,4.236639,5.589057
-16.892615,1.882053,5.588267
-16.773816,-0.327179,5.595809
-16.551370,-2.682679,5.601011
-16.232243,-4.868043,5.588148
-15.833048,-7.366045,5.587950
-15.024195,-9.752024,5.592723
-14.267044,-12.817262,5.591503
-13.258577,-16.418294,5.588786
-11.198859,-19.455459,5.591631
-8.589593,-22.821363,5.596618
-5.149734,-25.828785,5.601194
-0.890056,-27.954981,5.598311
3.757696,-28.804034,5.591608
8.644755,-28.353484,5.590589
13.345387,-26.960291,5.594286
17.693946,-24.410322,5.591124
21.470252,-21.044405,5.590053
24.758915,-17.199227,5.596133
27.381615,-12.875317,5.598238
28.754790,-7.868367,5.591053
29.271584,-2.819383,5.594320
29.137637,2.064571,5.602267
28.058333,7.002975,5.598067
26.136671,11.489709,5.589115
23.678974,15.603910,5.590809
20.434601,18.925879,5.596111
16.159151,21.196111,5.595134
11.623831,22.180758,2.187458
7.770201,23.435924,2.196495
3.730180,23.629852,2.198216
-0.186865,22.744568,2.195069
-3.598857,21.894868,2.201647
-6.807358,20.494703,2.192805
-9.525738,18.743857,2.190005
-11.819245,16.523338,2.198706
-13.530239,13.980642,2.200858
-14.958911,11.629466,2.193475
-16.097298,9.124228,2.191372
-16.662438,6.745954,2.187641
-16.815779,4.151008,2.193982
-16.786613,1.859147,2.203529
-16.733759,-0.432518,2.198607
-16.531805,-2.715506,2.195939
-16.220600,-4.986205,2.193827
-15.917769,-7.420019,2.193327
-15.069667,-9.864544,2.196604
-14.298868,-12.823691,2.196964
-13.277502,-16.451491,2.192720
-11.267374,-19.384949,2.191437
-8.618981,-22.937043,2.189485
-5.123688,-25.910045,2.192031
-0.852233,-27.597128,2.194564
3.576569,-27.939025,2.192040
8.267687,-27.234167,2.188801
12.759842,-25.709765,2.194057
16.817668,-23.267803,2.195310
20.399274,-20.167465,2.197164
23.709324,-16.542721,2.201072
26.391409,-12.442587,2.199716
27.621432,-7.580969,2.198764
28.082341,-2.673114,2.200769
28.017323,2.047593,2.203165
27.046861,6.694331,2.201413
25.240284,11.071515,2.193740
22.790159,14.982162,2.190165
19.468921,18.299738,2.188700
15.665553,20.532636,2.185796
11.089668,21.486698,-1.202120
7.223218,22.451769,-1.203810
3.433604,22.500196,-1.210116
-0.326558,21.778629,-1.212234
-3.572199,20.849618,-1.206110
-6.588550,19.382454,-1.211352
-9.211576,17.703349,-1.206930
-11.276920,15.666977,-1.203875
-12.854887,13.183421,-1.212669
-14.494249,11.105272,-1.200442
-15.589122,8.893806,-1.207069
-16.518290,6.537500,-1.211960
-16.824412,4.262907,-1.208614
-16.583780,1.762943,-1.204037
-16.592834,-0.433346,-1.200465
-16.409447,-2.625497,-1.208487
-16.100912,-4.950366,-1.208333
-15.722036,-7.268080,-1.199184
-14.952923,-9.785963,-1.195927
-14.133176,-12.611633,-1.199893
-12.914365,-15.881065,-1.201937
-10.967978,-18.837923,-1.201363
-8.450727,-22.262106,-1.206988
-5.031744,-25.059077,-1.211962
-1.006367,-26.379864,-1.207835
3.272422,-26.499895,-1.205765
7.615714,-25.835483,-1.208876
11.892737,-24.289224,-1.199341
15.814474,-21.980614,-1.204116
19.328251,-19.109699,-1.210471
22.477256,-15.806773,-1.207676
25.172772,-11.782310,-1.204390
26.409740,-7.279611,-1.200727
26.945023,-2.580806,-1.201300
26.927740,1.944701,-1.202003
26.007254,6.555872,-1.198961
24.312687,10.786227,-1.200584
21.708015,14.498643,-1.206061
18.461632,17.497846,-1.208384
14.875282,19.827873,-1.205197
10.591647,20.617717,-4.605727
6.790071,21.334212,-4.609327
3.150099,21.318261,-4.608401
-0.295492,20.856225,-4.602509
-3.498189,19.889207,-4.599780
-6.337052,18.443724,-4.610122
-8.845582,16.874425,-4.606215
-10.904106,14.855141,-4.601022
-12.362450,12.471319,-4.611400
-13.933765,10.683804,-4.599966
-15.007524,8.463724,-4.605852
-15.973227,6.402944,-4.604427
-16.465099,4.042525,-4.602952
-16.201123,1.795303,-4.608400
-16.231795,-0.425429,-4.604857
-16.060916,-2.507498,-4.611250
-15.769911,-4.715098,-4.599640
-15.253184,-7.021953,-4.608528
-14.645225,-9.455274,-4.612627
-13.654326,-12.198397,-4.604537
-12.302505,-14.793606,-4.603312
-10.486650,-17.761172,-4.609754
-8.132589,-20.867388,-4.609751
-4.909809,-23.339587,-4.609121
-1.059147,-24.446094,-4.609367
2.873921,-24.581607,-4.608843
7.006940,-24.115487,-4.607450
10.915642,-22.640959,-4.607007
14.584467,-20.619862,-4.608824
18.041154,-18.057423,-4.610822
21.169749,-14.867644,-4.607964
23.648692,-11.162826,-4.600898
25.073521,-6.954301,-4.601481
25.760924,-2.528074,-4.603994
25.767062,1.909079,-4.606536
24.934065,6.294412,-4.608986
23.383064,10.351816,-4.604421
20.684685,13.830128,-4.600274
17.448180,16.577588,-4.600208
14.090024,18.950795,-4.602343
9.985527,19.621412,-8.008478
6.304125,20.136479,-8.007196
2.733575,20.096840,-8.002171
-0.510396,19.859695,-8.002369
-3.510203,18.935462,-8.011014
-6.187930,17.587275,-8.009177
-8.555945,16.147301,-8.003881
-10.531052,14.288131,-8.003576
-11.905393,12.056028,-8.005021
-13.419856,10.237630,-8.002649
-14.376371,8.129264,-7.999774
-15.150820,6.017860,-8.008066
-15.654901,3.891958,-8.008471
-15.620605,1.784560,-8.001511
-15.622083,-0.300774,-8.010336
-15.452658,-2.384931,-8.010150
-15.131719,-4.582271,-8.008029
-14.598444,-6.599409,-8.007976
-14.090483,-9.049597,-8.010795
-12.968215,-11.361337,-8.006627
-11.493284,-13.539201,-8.002151
-9.882091,-16.375054,-8.003828
-7.600301,-19.071351,-8.001543
-4.660767,-21.056153,-8.008197
-1.292431,-22.017529,-8.005688
2.385987,-22.385332,-8.001919
6.273264,-22.195084,-8.004903
9.822536,-20.854509,-7.998841
13.337967,-19.083701,-8.004878
16.697267,-16.840312,-8.004451
19.658321,-13.880189,-7.999203
21.955961,-10.383247,-8.008829
23.579253,-6.526152,-8.007277
24.429857,-2.426893,-8.000411
24.448822,1.878643,-8.000223
23.702758,5.999850,-8.005970
22.229354,9.955423,-8.006060
19.503259,13.193897,-8.001188
16.356391,15.688785,-7.999783
13.326706,17.933598,-8.004036
9.275592,18.496630,-11.411860
5.730186,18.822064,-11.412145
2.408328,18.794804,-11.406568
-0.614669,18.794957,-11.403133
-3.415417,17.986660,-11.408631
-5.950194,16.797299,-11.405669
-8.272360,15.446547,-11.401816
-10.171662,13.766398,-11.405517
-11.593097,11.642474,-11.410044
-12.956812,9.768153,-11.409460
-13.798798,7.768936,-11.406577
-14.193882,5.604370,-11.403150
-14.607438,3.583883,-11.400716
-14.949350,1.676736,-11.400885
-14.887179,-0.270887,-11.405212
-14.714986,-2.206193,-11.411980
-14.376183,-4.243953,-11.412816
-13.812578,-6.225751,-11.412351
-13.369763,-8.529542,-11.411732
-12.144828,-10.406015,-11.405658
-10.641357,-12.323809,-11.403687
-9.236070,-14.878312,-11.407788
-7.049011,-17.003937,-11.404207
-4.421593,-18.550076,-11.407118
-1.428575,-19.494493,-11.409928
1.955540,-20.133881,-11.410925
5.441047,-20.154506,-11.410806
8.757746,-18.932372,-11.406143
12.091911,-17.421534,-11.399937
15.296164,-15.455952,-11.397897
17.976054,-12.807306,-11.402279
20.114686,-9.554968,-11.406979
21.871041,-6.070705,-11.402000
22.843105,-2.194867,-11.403794
22.867106,1.824633,-11.405513
22.208704,5.660113,-11.398937
20.857382,9.347058,-11.403619
18.273883,12.471699,-11.404682
15.351783,14.808491,-11.402991
12.408604,16.980456,-11.406965
8.462980,17.236858,-14.802522
5.040600,17.361755,-14.803167
1.996278,17.362580,-14.806431
-0.680111,17.550449,-14.810175
-3.387854,16.865177,-14.808106
-5.776262,15.851665,-14.805811
-7.939324,14.673771,-14.807340
-9.844135,13.110247,-14.811497
-11.293394,11.253280,-14.811249
-12.490298,9.358088,-14.802651
-13.294788,7.376646,-14.807993
-13.341053,5.230418,-14.813159
-13.584326,3.391277,-14.809450
-14.293207,1.633060,-14.808007
-14.166508,-0.289700,-14.807760
-13.982857,-2.069063,-14.806309
-13.611883,-3.938505,-14.807919
-13.058278,-5.756332,-14.799176
-12.579738,-7.869807,-14.800884
-11.303279,-9.500363,-14.803290
-9.934769,-11.269126,-14.807164
-8.631403,-13.473122,-14.808198
-6.535435,-15.019478,-14.798596
-4.148737,-16.267847,-14.806727
-1.535530,-17.227367,-14.809321
1.547108,-18.008770,-14.805323
4.645948,-18.050792,-14.802495
7.621722,-17.006147,-14.799241
10.634499,-15.756399,-14.802111
13.645546,-14.029851,-14.807063
16.152671,-11.627671,-14.809467
18.108531,-8.749394,-14.808305
19.922181,-5.505571,-14.803087
20.894051,-1.961701,-14.805775
20.947449,1.647999,-14.806522
20.346433,5.296948,-14.798997
19.073876,8.668315,-14.803104
16.952664,11.657220,-14.805296
14.352437,14.061732,-14.802756
11.584696,15.988477,-14.802090
7.497193,15.765089,-18.199281
4.315616,15.723118,-18.199599
1.571038,15.726805,-18.205048
-0.862203,16.021520,-18.209344
-3.246649,15.530841,-18.203847
-5.566259,14.666866,-18.200775
-7.565647,13.677080,-18.205939
-9.388966,12.352778,-18.211431
-10.914586,10.841338,-18.206838
-12.063042,8.927550,-18.197640
-12.835654,7.113199,-18.199982
-12.826798,4.968997,-18.202351
-12.982852,3.216686,-18.202786
-13.780768,1.569171,-18.208416
-13.629509,-0.186741,-18.206504
-13.393722,-2.003640,-18.199440
-12.987646,-3.691636,-18.202810
-12.382123,-5.423614,-18.202562
-11.806110,-7.187030,-18.209840
-10.648112,-8.706419,-18.209487
-9.469005,-10.389970,-18.203247
-8.025345,-12.289907,-18.205113
-6.083422,-13.293592,-18.209027
-3.976795,-14.323632,-18.204226
-1.613725,-15.253589,-18.204422
0.991666,-15.891623,-18.207413
3.822284,-15.835704,-18.209802
6.454506,-14.973405,-18.210017
9.222010,-13.908362,-18.200119
11.894024,-12.412377,-18.201892
14.139285,-10.334133,-18.209554
15.988947,-7.758864,-18.208194
17.632881,-4.918551,-18.208947
18.529301,-1.801702,-18.207437
18.620604,1.593919,-18.207188
18.086675,4.813117,-18.211264
16.887594,7.846365,-18.210604
15.299528,10.717417,-18.209267
13.254372,13.139140,-18.207428
10.518241,14.891567,-18.202997
6.285744,13.947986,-21.601668
3.491230,13.845031,-21.600843
1.061776,13.805230,-21.603610
-1.017520,14.098015,-21.606750
-3.158293,13.778839,-21.609452
-5.171851,13.125358,-21.605755
-7.082211,12.310880,-21.598996
-8.815540,11.295702,-21.598571
-10.488156,10.179242,-21.603968
-11.614295,8.555739,-21.604028
-12.502061,6.820749,-21.599042
-12.839336,4.975149,-21.602146
-13.068917,3.177384,-21.611372
-13.543363,1.526294,-21.609101
-13.391461,-0.209044,-21.601699
-13.108987,-1.911501,-21.610453
-12.639586,-3.575429,-21.605242
-11.928595,-5.150295,-21.597751
-11.126238,-6.683846,-21.609763
-10.189138,-8.231331,-21.610142
-9.109762,-9.963036,-21.598962
-7.642505,-11.233756,-21.601407
-5.731447,-11.925927,-21.608768
-3.821687,-12.771278,-21.599280
-1.741822,-13.430116,-21.599241
0.525398,-13.689599,-21.606592
2.873771,-13.444754,-21.609967
5.151488,-12.790420,-21.607981
7.539286,-11.899170,-21.607426
9.848629,-10.616499,-21.607128
11.838846,-8.888198,-21.606246
13.519573,-6.729864,-21.606031
14.921089,-4.269842,-21.607291
15.707220,-1.482253,-21.606365
15.824822,1.359338,-21.607199
15.362324,4.230972,-21.611051
14.302118,6.831689,-21.609414
13.142286,9.442503,-21.609872
11.534392,11.817702,-21.610878
9.090581,13.308706,-21.606567
4.791282,11.608182,-25.001270
2.516069,11.571246,-24.999603
0.502902,11.457048,-25.003384
-1.294545,11.635711,-25.009309
-3.078639,11.468578,-25.010154
-4.749034,10.994014,-25.007456
-6.363931,10.405466,-25.005568
-7.886383,9.782750,-25.004226
-9.633180,9.249750,-25.000392
-10.989023,8.013356,-25.005057
-12.009150,6.597979,-25.007323
-13.014464,5.091957,-25.000056
-13.482064,3.297811,-25.001609
-13.360840,1.483399,-25.008864
-13.249435,-0.232036,-24.999192
-12.913105,-1.845083,-25.002345
-12.382703,-3.485476,-25.010540
-11.517988,-4.883839,-24.999144
-10.475170,-6.170470,-25.008536
-9.853531,-7.853490,-25.003771
-8.792959,-9.474045,-25.003640
-7.134973,-10.215955,-25.010609
-5.388462,-10.641858,-25.007932
-3.686022,-11.238725,-25.007328
-1.810461,-11.422362,-25.007151
0.043085,-11.107904,-25.010379
1.804519,-10.718086,-25.008061
3.712845,-10.282361,-25.000871
5.614066,-9.544482,-25.000010
7.455416,-8.496162,-24.999624
9.163054,-7.114908,-25.002804
10.619611,-5.366475,-25.008629
11.655204,-3.338285,-25.008444
12.230222,-1.140691,-25.006713
12.366475,1.219754,-25.003479
12.020337,3.466154,-24.999605
11.137608,5.632993,-25.000655
10.278946,7.775637,-25.005964
9.124934,9.771204,-25.009536
7.145008,11.053052,-25.006334
2.696655,8.326266,-28.400917
1.111756,8.438475,-28.403585
-0.338893,8.346229,-28.407364
-1.670948,8.310402,-28.410251
-2.887122,8.235892,-28.406856
-4.079086,7.997509,-28.401952
-5.233674,7.618009,-28.405867
-6.462314,7.271329,-28.403516
-8.002743,7.216316,-28.399532
-9.484084,6.660034,-28.402580
-10.626942,5.651486,-28.405101
-12.125546,4.653884,-28.406219
-12.949198,3.178241,-28.406060
-12.200087,1.381668,-28.402088
-12.117756,-0.127118,-28.402294
-11.741861,-1.603129,-28.404525
-11.203704,-3.023483,-28.402643
-10.259261,-4.131616,-28.402100
-9.172197,-5.048312,-28.401040
-8.973496,-6.912387,-28.405656
-7.883832,-7.955980,-28.407847
-6.200261,-8.110405,-28.406720
-4.806241,-8.403560,-28.403005
-3.373381,-8.663592,-28.401564
-2.012315,-8.297270,-28.406121
-0.715598,-7.622123,-28.403709
0.524371,-7.367900,-28.403635
1.891413,-7.063042,-28.406384
3.102808,-6.485375,-28.408458
4.356807,-5.743917,-28.408627
5.596237,-4.842144,-28.408385
6.624889,-3.656852,-28.408648
7.245401,-2.196526,-28.408237
7.632425,-0.656616,-28.404809
7.761480,0.919396,-28.401852
7.522191,2.545896,-28.402680
6.947840,4.010372,-28.405773
6.340135,5.494882,-28.405400
5.553368,6.908934,-28.401741
4.229835,7.860686,-28.400130
-3.887015,0.102161,-31.804955
