-9.168157,-35.456646,40.481015
-3.504991,-37.817198,40.481015
2.635479,-39.480530,40.481015
9.393526,-40.222287,40.481015
16.381563,-39.540955,40.481015
22.952091,-37.038746,40.481015
28.475860,-32.720378,40.481015
32.682619,-27.360871,40.481014
36.023050,-21.194255,40.481014
38.413666,-15.066534,40.481014
40.156900,-8.724833,40.481014
41.173843,-2.227181,40.481014
41.204944,4.356791,40.481014
39.842003,10.794405,40.481014
36.794244,16.632751,40.481015
32.420010,21.253236,40.481015
27.154564,24.831710,40.481014
21.763527,27.275943,40.481015
16.489336,28.771537,40.481015
11.053665,29.480039,40.481015
6.230499,29.418401,40.481015
1.457665,28.723172,40.481015
-2.770053,27.560612,40.481015
-6.635542,26.009157,40.481015
-10.308504,24.045252,40.481015
-13.396452,21.958312,40.481015
-16.426527,19.431068,40.481015
-19.030841,16.765431,40.481014
-21.482265,13.673395,40.481014
-23.585285,10.334582,40.481014
-25.308583,6.784727,40.481014
-26.686190,2.853881,40.481014
-27.595994,-1.211139,40.481014
-28.048193,-5.793129,40.481014
-27.900717,-10.395481,40.481015
-27.008922,-15.359149,40.481015
-25.209593,-20.307696,40.481015
-22.488490,-24.813994,40.481015
-18.791623,-28.906418,40.481015
-14.916928,-34.183924,36.234886
-9.564450,-36.827027,36.230201
-3.684744,-38.774538,36.225278
2.862054,-39.994416,36.224813
9.514705,-40.209228,36.233389
16.097919,-39.194205,36.241366
22.500538,-36.624476,36.231084
28.155001,-32.328144,36.232663
32.539298,-27.286076,36.237618
36.068355,-21.386848,36.230725
38.276578,-15.100538,36.224882
39.470539,-8.551857,36.235231
39.777430,-2.131490,36.235812
39.193317,4.265740,36.226928
37.687505,10.283770,36.221551
35.116112,15.922881,36.224618
31.470508,20.652057,36.236056
27.034571,24.634426,36.238319
22.359964,28.001100,36.231490
17.462110,30.464301,36.231912
12.094895,31.754689,36.239174
6.871658,32.548451,36.227453
1.831389,32.644186,36.223092
-3.184290,32.014044,36.227453
-7.844800,30.793448,36.232606
-12.300724,28.954713,36.234921
-16.479891,26.552939,36.228004
-20.198658,23.871546,36.227652
-23.848736,20.699563,36.228838
-26.888634,16.985155,36.227693
-29.105921,12.693163,36.228376
-30.921448,8.222370,36.227672
-32.005577,3.306246,36.231137
-32.416340,-1.742188,36.232510
-32.180906,-6.773574,36.233838
-31.196582,-11.731535,36.235850
-29.593377,-17.001808,36.225151
-27.273543,-21.997051,36.228450
-23.966371,-26.696291,36.237588
-19.841261,-30.737472,36.238579
-15.597922,-35.353370,31.989825
-9.747361,-37.887467,31.983582
-3.585787,-39.505449,31.976501
2.746425,-40.261358,31.981336
9.352449,-40.084419,31.988925
16.061941,-38.709908,31.984605
22.349903,-35.978562,31.984564
27.633054,-32.030409,31.988358
32.321697,-27.001312,31.987059
35.948075,-21.216623,31.978173
37.981814,-14.914592,31.971932
38.797899,-8.353724,31.976847
38.651936,-1.982007,31.978715
37.731359,4.082969,31.981701
36.185312,9.781795,31.982754
33.943576,15.239808,31.976462
30.750953,20.204148,31.982516
26.839658,24.611585,31.981094
22.676760,28.491468,31.981814
17.972583,31.591881,31.989195
12.836760,33.397483,31.986720
7.326322,34.738862,31.976458
1.926302,35.190964,31.978918
-3.260699,34.798082,31.977184
-8.555904,33.614062,31.976682
-13.402460,31.745580,31.988628
-17.952394,29.241845,31.977486
-22.180360,26.232775,31.973257
-26.230638,22.603091,31.979604
-29.481521,18.567971,31.979636
-32.028718,13.764868,31.976344
-33.857053,8.899834,31.985224
-34.901932,3.583060,31.981442
-35.209180,-1.850057,31.974870
-34.779222,-7.252142,31.977709
-33.453528,-12.764659,31.983315
-31.528078,-18.092885,31.984583
-28.785993,-23.316630,31.977547
-25.184081,-28.005243,31.975808
-20.602922,-32.151037,31.984304
-15.919342,-36.223041,27.737968
-9.881314,-38.567248,27.733757
-3.550506,-39.915269,27.735178
2.913913,-40.332480,27.735329
9.366493,-39.806913,27.731621
15.883533,-38.179406,27.729343
21.784115,-35.493638,27.725978
27.193266,-31.538443,27.734882
31.887605,-26.696001,27.731968
35.511304,-21.065512,27.725207
37.505558,-14.639259,27.737429
38.128199,-8.191369,27.723774
37.759311,-1.968517,27.731464
36.671611,3.925534,27.742337
35.024945,9.691250,27.735889
32.929108,15.049192,27.729316
30.228364,19.858772,27.727869
26.800298,24.474351,27.733998
22.885559,28.716716,27.731470
18.338651,32.212402,27.727127
13.305462,34.494987,27.736779
7.781657,36.132869,27.735206
2.071251,36.784827,27.735220
-3.441567,36.458883,27.737036
-8.834213,35.306850,27.732433
-13.999819,33.371696,27.727347
-18.839464,30.726802,27.735379
-23.316377,27.507259,27.730339
-27.374262,23.766676,27.731347
-30.830280,19.473311,27.734943
-33.625623,14.438781,27.725390
-35.554596,9.268602,27.737657
-36.661993,3.626234,27.729231
-36.944733,-2.129289,27.720541
-36.402762,-7.853326,27.726183
-35.003423,-13.439392,27.730969
-32.816640,-19.021926,27.736001
-29.846006,-24.227098,27.733711
-26.045369,-28.883280,27.732140
-21.293983,-32.988457,27.736064
-16.081467,-36.681002,23.489918
-9.947860,-38.879096,23.480431
-3.777277,-39.998375,23.476226
2.735693,-40.188360,23.479367
9.201564,-39.409030,23.476888
15.470488,-37.635041,23.471932
21.567922,-34.718667,23.488269
26.812432,-30.872449,23.485851
31.382838,-26.195767,23.480454
34.884945,-20.722936,23.481347
36.822144,-14.490745,23.475703
37.446953,-8.003234,23.484866
37.030192,-1.989604,23.489159
35.865063,3.927832,23.486639
34.255041,9.488281,23.480379
32.312308,14.683325,23.474701
29.816673,19.637603,23.484232
26.628481,24.468088,23.483686
23.014701,28.685867,23.482197
18.582274,32.402689,23.487296
13.479728,35.148760,23.484921
7.968040,36.933367,23.480477
2.225563,37.656829,23.476168
-3.559495,37.351902,23.473309
-9.216987,36.122733,23.478133
-14.404297,34.152493,23.488106
-19.269924,31.486470,23.486678
-23.947651,28.075816,23.483785
-27.978199,24.262093,23.483525
-31.589248,19.737759,23.481613
-34.359209,14.928745,23.480325
-36.448958,9.527857,23.485437
-37.646978,3.864664,23.476137
-37.977635,-2.158943,23.477381
-37.446545,-7.923674,23.482693
-36.020293,-13.784542,23.472911
-33.751226,-19.373502,23.482414
-30.519784,-24.745740,23.479481
-26.420852,-29.518042,23.475764
-21.551744,-33.544399,23.484833
-16.089686,-36.742266,19.235185
-9.937042,-38.833855,19.228297
-3.758706,-39.816668,19.232952
2.739015,-39.817679,19.230625
9.159631,-38.826717,19.222430
15.354208,-36.867039,19.227711
20.952637,-34.070479,19.230818
26.210828,-30.261091,19.236078
30.744203,-25.586871,19.236659
34.154242,-20.067934,19.235751
36.034772,-14.090792,19.239740
36.723626,-7.868981,19.233194
36.370288,-1.867353,19.233526
35.291706,3.806743,19.234185
33.712582,9.359462,19.227963
31.811696,14.554539,19.223861
29.444607,19.554622,19.226066
26.535778,24.265443,19.232671
22.994730,28.512971,19.240621
18.631602,32.304133,19.237895
13.469142,35.390521,19.222689
7.992422,37.226457,19.229890
2.260154,37.961119,19.233555
-3.506997,37.670501,19.225463
-9.151534,36.445133,19.225744
-14.546425,34.386479,19.239901
-19.390960,31.712172,19.238066
-24.043023,28.290871,19.239440
-28.203695,24.288818,19.234110
-31.657408,19.963450,19.230188
-34.612648,15.002789,19.238204
-36.774776,9.647573,19.227556
-38.109994,3.781207,19.236156
-38.477191,-2.221008,19.234891
-37.932401,-8.214502,19.224121
-36.519843,-14.061350,19.230069
-34.074079,-19.820613,19.224879
-30.704390,-25.087315,19.228240
-26.502520,-29.752098,19.236396
-21.583407,-33.690989,19.238947
-15.951189,-36.426417,14.980936
-9.844660,-38.445395,14.974103
-3.717262,-39.341501,14.978006
2.711848,-39.219008,14.979152
9.042621,-38.088147,14.979902
14.907027,-36.101108,14.989943
20.408158,-33.261706,14.985556
25.619265,-29.486481,14.985272
29.880255,-24.993286,14.984568
33.185269,-19.474803,14.980923
35.134915,-13.593796,14.982029
35.931931,-7.691140,14.975862
35.738284,-1.742488,14.971482
34.788126,3.893978,14.978746
33.348481,9.176881,14.987964
31.487902,14.326405,14.986843
29.207918,19.304139,14.986052
26.377226,23.998788,14.984229
22.696101,28.357393,14.981910
18.361551,32.100395,14.980267
13.534054,35.155432,14.980693
7.904921,37.089585,14.988671
2.226456,37.811138,14.988969
-3.478640,37.518251,14.978720
-9.063015,36.289915,14.975401
-14.398037,34.241174,14.986846
-19.389193,31.458091,14.985113
-23.968577,28.038222,14.975838
-27.900155,24.227030,14.979108
-31.473196,19.765215,14.986921
-34.436418,14.879036,14.979755
-36.658635,9.613268,14.971973
-38.092047,3.831921,14.981503
-38.533528,-2.100933,14.985051
-38.048338,-8.040636,14.983164
-36.633620,-14.067137,14.988768
-34.150826,-19.741010,14.974274
-30.721467,-24.891972,14.970906
-26.498741,-29.450709,14.978194
-21.409067,-33.452988,14.982796
-15.676377,-35.761361,10.732962
-9.671798,-37.732564,10.724998
-3.645846,-38.580413,10.723271
2.669599,-38.389419,10.730806
8.646387,-37.240369,10.735427
14.598603,-35.123773,10.733397
19.959459,-32.254040,10.740723
24.887694,-28.661432,10.729391
28.984494,-24.185377,10.727106
32.042328,-18.907089,10.738359
34.116338,-13.189775,10.732314
35.053992,-7.415763,10.728850
35.089571,-1.796580,10.735344
34.375655,3.772032,10.730282
32.989236,9.213106,10.721758
31.145159,14.267794,10.733959
28.888725,19.152172,10.735863
26.065579,23.739664,10.735707
22.387731,27.969778,10.737690
18.100334,31.616087,10.737057
13.373401,34.643446,10.731944
7.848654,36.559483,10.725221
2.268666,37.280241,10.725394
-3.568901,36.969162,10.727184
-9.048241,35.724403,10.730208
-14.275797,33.673530,10.736475
-19.161835,30.906013,10.734611
-23.462688,27.669992,10.733630
-27.484944,23.753111,10.726732
-30.986419,19.361991,10.721135
-33.917085,14.572266,10.727557
-36.172643,9.429101,10.730719
-37.674837,3.771941,10.736973
-38.183942,-2.051188,10.740740
-37.722760,-8.125154,10.738532
-36.311797,-14.041646,10.732625
-33.782191,-19.577291,10.722671
-30.305303,-24.565752,10.724876
-26.081211,-28.975238,10.732754
-21.047582,-32.862143,10.736012
-15.276359,-34.777036,6.477677
-9.423587,-36.719719,6.484407
-3.543815,-37.547829,6.482325
2.617182,-37.326900,6.482080
8.438910,-36.148780,6.489291
14.012840,-34.107460,6.488162
19.217364,-31.265445,6.474612
24.036388,-27.755645,6.479770
27.951140,-23.338407,6.483224
30.879875,-18.142322,6.476675
33.013084,-12.854945,6.479287
34.074135,-7.251862,6.475071
34.349822,-1.768882,6.472732
33.924614,3.688732,6.476115
32.696070,9.029441,6.477729
30.788314,14.165595,6.476487
28.518327,18.900695,6.485687
25.539162,23.501541,6.479388
22.029021,27.399902,6.478655
17.633018,31.054666,6.489583
12.967509,33.924297,6.485814
7.787355,35.710648,6.484727
2.119216,36.448381,6.483739
-3.350445,36.152090,6.481357
-8.916354,34.876358,6.485021
-13.798682,32.942163,6.490071
-18.562927,30.235909,6.478187
-22.929472,26.925667,6.481105
-26.687490,23.258280,6.486166
-30.112306,18.981662,6.481893
-32.988317,14.317651,6.478210
-35.338054,9.115883,6.474972
-36.865677,3.613814,6.473165
-37.435828,-2.062959,6.483364
-37.035548,-7.992732,6.488380
-35.632854,-13.760607,6.473044
-33.093895,-19.129468,6.472153
-29.624029,-23.942269,6.483179
-25.449592,-28.192024,6.487639
-20.517299,-31.952085,6.481066
-14.767485,-33.516463,2.238371
-9.106619,-35.426979,2.228500
-3.412736,-36.252210,2.230264
2.555692,-36.032108,2.229982
8.190005,-34.857179,2.223879
13.574001,-32.836618,2.226642
18.591624,-30.038609,2.229759
23.232075,-26.594945,2.228375
26.829372,-22.443456,2.226712
29.705748,-17.428219,2.225773
31.958567,-12.386900,2.227507
33.125529,-6.988916,2.239277
33.597024,-1.687221,2.233532
33.377515,3.831107,2.224132
32.255393,9.021533,2.225357
30.351400,13.978014,2.224618
28.046752,18.514693,2.223778
25.054310,22.899192,2.232100
21.436557,26.781407,2.230148
17.305280,30.123653,2.224095
12.543721,32.934238,2.234375
7.514976,34.639148,2.224067
2.025709,35.353226,2.231596
-3.274372,35.056804,2.239424
-8.451015,33.868614,2.234362
-13.382917,31.903506,2.232978
-17.984368,29.255798,2.223929
-22.191868,26.019717,2.219727
-25.818685,22.450271,2.231802
-29.117895,18.293586,2.236609
-31.871326,13.753803,2.224099
-34.065664,8.919034,2.237440
-35.595092,3.604922,2.231049
-36.252312,-1.887470,2.219853
-35.956658,-7.634646,2.227451
-34.585340,-13.222507,2.239023
-32.087990,-18.406422,2.236346
-28.542290,-23.207793,2.225578
-24.452066,-27.280471,2.224816
-19.837343,-30.768414,2.234490
-14.161083,-32.010306,-2.017375
-8.731917,-33.888410,-2.025494
-3.262485,-34.716058,-2.015362
2.265617,-34.539886,-2.015925
7.686808,-33.430109,-2.028541
13.059893,-31.405321,-2.023202
17.691880,-28.801485,-2.019367
22.123874,-25.464395,-2.018144
25.783445,-21.352087,-2.014044
28.609208,-16.823253,-2.012912
30.950059,-12.054726,-2.018083
32.287948,-6.915391,-2.013787
32.901602,-1.621261,-2.019992
32.762715,3.689084,-2.029739
31.662859,8.892461,-2.024342
29.780402,13.638901,-2.011068
27.338289,18.122259,-2.012577
24.334479,22.249159,-2.014338
20.619557,26.050607,-2.015252
16.581277,29.179224,-2.016605
12.144959,31.704213,-2.013792
7.101204,33.390797,-2.014145
2.033964,34.038431,-2.016902
-3.274857,33.729486,-2.014268
-8.244431,32.557410,-2.015820
-12.971759,30.630228,-2.024256
-17.377097,28.050997,-2.013490
-21.226975,25.034554,-2.021126
-24.688807,21.576336,-2.024272
-27.835478,17.559014,-2.016330
-30.430252,13.162526,-2.018250
-32.435351,8.467784,-2.016811
-33.807305,3.553676,-2.023599
-34.556449,-1.717870,-2.021026
-34.391483,-7.240767,-2.011892
-33.034932,-12.608740,-2.015286
-30.627467,-17.590569,-2.012205
-27.368736,-22.052987,-2.017112
-23.456808,-25.987681,-2.020906
-19.028101,-29.349732,-2.017070
-13.476358,-30.308750,-6.265618
-8.315892,-32.141350,-6.266261
-3.108028,-32.956083,-6.265103
2.163515,-32.804273,-6.260885
7.329608,-31.750626,-6.263264
12.263749,-29.894722,-6.272112
16.862457,-27.317484,-6.267155
21.023683,-24.080761,-6.266830
24.529714,-20.422767,-6.274413
27.623469,-16.151670,-6.273481
29.979879,-11.664412,-6.262867
31.545885,-6.630989,-6.273402
32.170721,-1.599011,-6.281443
31.928027,3.668859,-6.271025
30.822631,8.614497,-6.263775
28.895893,13.303866,-6.275436
26.443898,17.506014,-6.273804
23.349446,21.522396,-6.277336
19.876070,24.923495,-6.271425
15.811976,27.959366,-6.261481
11.564796,30.331194,-6.271264
6.750101,31.916232,-6.264867
1.917954,32.517890,-6.261201
-3.141035,32.209715,-6.261340
-7.874769,31.079279,-6.260407
-12.373708,29.225567,-6.261944
-16.555152,26.737467,-6.263816
-20.192280,23.820472,-6.272370
-23.437538,20.472865,-6.274189
-26.378285,16.595278,-6.268716
-28.672452,12.536511,-6.269062
-30.394981,7.986663,-6.270332
-31.583468,3.271625,-6.267209
-32.327961,-1.546575,-6.266693
-32.276339,-6.805447,-6.269122
-31.054564,-11.734901,-6.265915
-28.843910,-16.523189,-6.260275
-25.822201,-20.835915,-6.269160
-22.291758,-24.494932,-6.276300
-18.101100,-27.738768,-6.271591
-12.727654,-28.449828,-10.518243
-7.868946,-30.205154,-10.527396
-2.959201,-30.993312,-10.519587
2.013537,-30.856423,-10.520013
6.886972,-29.863821,-10.524090
11.546839,-28.127023,-10.511930
15.891099,-25.700264,-10.519279
19.776434,-22.612036,-10.522458
23.227351,-19.284614,-10.524832
26.395559,-15.469976,-10.525035
28.791730,-11.106074,-10.512033
30.490282,-6.421946,-10.512478
31.102742,-1.500937,-10.519978
30.720834,3.470960,-10.519184
29.567740,8.304209,-10.514488
27.725446,12.717791,-10.517948
25.229139,16.792939,-10.519079
22.241333,20.532778,-10.522338
18.764378,23.801668,-10.518137
15.028164,26.479512,-10.514367
10.844952,28.789639,-10.525785
6.289393,30.241465,-10.526956
1.725626,30.774187,-10.521390
-3.043590,30.453557,-10.523869
-7.503581,29.361880,-10.522764
-11.738605,27.592187,-10.511260
-15.505002,25.319429,-10.520788
-19.052184,22.406051,-10.520814
-22.036179,19.177767,-10.515312
-24.618804,15.612342,-10.517267
-26.712760,11.746267,-10.523204
-28.125653,7.582167,-10.525963
-29.130718,3.104670,-10.519516
-29.779846,-1.445680,-10.512926
-29.738380,-6.216736,-10.513595
-28.721015,-10.700961,-10.519657
-26.780794,-15.281373,-10.526673
-24.190102,-19.295861,-10.521658
-20.832112,-22.981928,-10.513288
-17.072349,-25.981925,-10.512023
-11.759720,-26.528819,-14.762011
-7.400952,-28.108240,-14.760663
-2.825439,-28.835466,-14.765520
1.809134,-28.704091,-14.767372
6.350234,-27.784479,-14.762568
10.695961,-26.175153,-14.760793
14.758966,-23.937868,-14.769576
18.382887,-21.071031,-14.765673
21.678011,-18.046597,-14.760271
24.854685,-14.463317,-14.763612
27.105005,-10.401741,-14.766172
28.809609,-6.075631,-14.771043
29.398870,-1.325702,-14.776028
28.948453,3.307051,-14.769210
27.852309,7.803837,-14.760775
26.087545,12.088910,-14.767483
23.735376,15.868795,-14.767848
20.932564,19.342183,-14.772674
17.673258,22.363425,-14.775261
14.011288,24.914571,-14.768043
10.095892,27.033668,-14.763468
5.839751,28.350731,-14.770773
1.583813,28.818214,-14.770181
-2.859468,28.502320,-14.762524
-7.010291,27.468251,-14.765543
-10.947027,25.795490,-14.776673
-14.593394,23.559337,-14.770439
-17.715727,20.904086,-14.771847
-20.424072,17.829678,-14.768417
-22.745629,14.448732,-14.763739
-24.637719,10.815089,-14.770518
-25.940660,6.930010,-14.767691
-26.771508,2.915197,-14.772233
-27.155846,-1.164424,-14.774484
-27.000003,-5.438545,-14.769455
-26.140681,-9.810605,-14.768644
-24.621566,-13.810337,-14.773456
-22.267029,-17.798841,-14.777526
-19.369749,-21.200031,-14.775540
-15.790443,-24.192093,-14.768585
-10.894513,-24.352061,-19.010130
-6.890283,-25.801282,-19.009603
-2.684514,-26.452488,-19.010878
1.734116,-26.295989,-19.011494
5.897742,-25.417037,-19.015663
9.884876,-23.926711,-19.023291
13.486913,-21.975234,-19.021726
16.844925,-19.381004,-19.011959
20.004397,-16.503620,-19.016288
22.807942,-13.329244,-19.026113
24.940172,-9.448621,-19.016142
26.502943,-5.474535,-19.015735
27.037981,-1.110403,-19.018253
26.602086,3.140683,-19.020694
25.608678,7.276054,-19.023648
24.075071,11.245751,-19.023175
21.864021,14.877562,-19.021039
19.297822,18.075773,-19.025939
16.303149,20.849460,-19.021442
12.920728,23.164715,-19.015072
9.293862,25.054323,-19.025900
5.378061,26.244672,-19.023818
1.304893,26.661129,-19.021124
-2.612382,26.355296,-19.015357
-6.423933,25.403877,-19.010282
-10.185316,23.791836,-19.013755
-13.385027,21.806433,-19.009651
-16.346858,19.226474,-19.012884
-18.768728,16.345840,-19.014151
-20.741945,13.331806,-19.012858
-22.459501,9.983609,-19.020002
-23.709582,6.433926,-19.028058
-24.459744,2.740251,-19.021565
-24.601975,-1.014154,-19.022798
-24.286453,-4.771445,-19.027274
-23.625562,-8.640273,-19.016473
-22.297962,-12.511368,-19.013461
-20.341119,-16.105036,-19.020500
-17.790024,-19.320768,-19.023314
-14.569824,-22.155990,-19.016893
-9.937643,-21.953837,-23.271086
-6.317129,-23.243877,-23.272598
-2.368159,-23.803194,-23.274911
1.469919,-23.623291,-23.276365
5.226612,-22.823445,-23.271614
8.831353,-21.497363,-23.265337
12.218165,-19.680788,-23.272556
15.273094,-17.366580,-23.266385
17.985395,-14.841473,-23.259452
20.431514,-11.897269,-23.266138
22.290380,-8.362822,-23.273889
23.602524,-4.744640,-23.268808
24.089080,-0.944695,-23.260417
23.755679,2.887777,-23.265859
22.915803,6.637337,-23.275527
21.675279,10.270660,-23.266494
19.862843,13.484287,-23.258266
17.506932,16.527046,-23.271779
14.839308,19.071117,-23.273506
11.804407,21.182609,-23.257194
8.511918,22.853362,-23.259163
4.831330,23.952553,-23.272394
1.154738,24.314003,-23.273124
-2.379832,24.026373,-23.267981
-5.958908,23.116354,-23.264027
-9.215290,21.713700,-23.260293
-12.220781,19.832284,-23.262626
-14.771201,17.586526,-23.263707
-17.020733,14.849222,-23.262072
-18.764074,12.104518,-23.264957
-20.307918,9.080098,-23.274169
-21.454479,5.883276,-23.278070
-22.106852,2.542187,-23.276283
-22.096206,-0.845028,-23.269256
-21.689435,-4.224997,-23.266711
-21.139593,-7.573590,-23.269992
-20.015106,-11.091067,-23.261628
-18.341721,-14.383656,-23.259045
-16.114508,-17.344517,-23.263129
-13.246113,-19.952162,-23.267757
-8.869722,-19.289108,-27.526360
-5.668628,-20.394955,-27.527846
-2.183294,-20.848462,-27.518445
1.195922,-20.652687,-27.516323
4.500913,-19.922379,-27.524015
7.677713,-18.756707,-27.524187
10.676794,-17.187483,-27.519514
13.305499,-15.272435,-27.517676
15.724533,-12.902004,-27.517761
17.749717,-10.192185,-27.515657
19.278803,-7.171984,-27.512977
20.273711,-3.937315,-27.516729
20.684784,-0.704926,-27.519458
20.482650,2.666270,-27.518345
19.849426,5.863932,-27.516329
18.920667,9.115983,-27.514761
17.454774,12.018326,-27.512833
15.451746,14.751221,-27.521619
13.164163,17.064863,-27.524385
10.422053,19.045947,-27.519498
7.490494,20.461464,-27.524065
4.244331,21.425409,-27.522247
1.007557,21.744467,-27.522746
-2.236921,21.462980,-27.524938
-5.384949,20.643092,-27.528016
-8.250459,19.397649,-27.528263
-10.900744,17.742778,-27.514391
-13.233458,15.664674,-27.517161
-15.107152,13.332149,-27.524922
-16.692341,10.790628,-27.524652
-18.049661,8.124619,-27.523198
-19.067180,5.310726,-27.522350
-19.631419,2.361564,-27.512810
-19.527498,-0.617540,-27.515296
-19.083048,-3.585122,-27.521003
-18.613358,-6.537563,-27.512554
-17.651758,-9.645901,-27.511681
-16.225989,-12.572118,-27.520675
-14.304064,-15.211189,-27.527157
-11.789905,-17.528787,-27.526864
-7.661783,-16.290442,-31.763091
-4.813480,-17.206989,-31.774212
-1.950156,-17.516284,-31.768531
0.921762,-17.306200,-31.767589
3.730386,-16.666226,-31.770607
6.435031,-15.680371,-31.763090
8.892070,-14.407601,-31.773237
11.247825,-12.740437,-31.775686
13.159866,-10.751136,-31.766949
14.771919,-8.353888,-31.764404
16.010376,-5.878998,-31.771202
16.712530,-3.093237,-31.767032
17.039696,-0.331438,-31.769957
16.931758,2.421031,-31.768125
16.465141,5.045179,-31.761395
15.807969,7.846269,-31.768860
14.690849,10.379479,-31.768633
13.130029,12.664679,-31.766646
11.194037,14.807115,-31.771540
8.935256,16.577903,-31.773040
6.316109,17.786556,-31.761622
3.658336,18.575417,-31.759434
0.798389,18.867611,-31.765950
-1.963358,18.621315,-31.772921
-4.642678,17.927831,-31.776216
-7.183381,16.826509,-31.775173
-9.434591,15.412232,-31.771455
-11.420728,13.645563,-31.773152
-13.084796,11.574208,-31.769978
-14.407900,9.397122,-31.764133
-15.531636,7.112303,-31.765551
-16.429508,4.729641,-31.766972
-16.912347,2.220997,-31.765125
-16.761794,-0.421919,-31.764815
-16.348069,-2.828320,-31.770062
-15.916404,-5.447686,-31.774095
-15.154648,-7.993778,-31.764739
-13.941435,-10.607139,-31.763603
-12.324922,-12.864571,-31.764433
-10.171486,-14.824961,-31.760685
-6.244596,-12.790875,-36.023637
-3.952933,-13.486658,-36.025866
-1.658397,-13.695250,-36.014964
0.637124,-13.487087,-36.016468
2.793437,-12.972681,-36.027629
4.959493,-12.188182,-36.022691
6.937062,-11.194685,-36.015508
8.772871,-9.931698,-36.015480
10.295929,-8.228215,-36.020697
11.469030,-6.330123,-36.023724
12.507806,-4.375645,-36.021153
12.916548,-2.209983,-36.016840
13.131880,-0.075968,-36.020213
13.100859,2.033468,-36.019396
12.737641,4.227202,-36.009972
12.353308,6.317524,-36.010328
11.573328,8.393352,-36.021877
10.324848,10.321083,-36.027912
8.881640,12.142122,-36.019211
7.192493,13.674681,-36.012928
5.061926,14.581941,-36.022965
2.847806,15.242303,-36.024321
0.565401,15.497883,-36.021306
-1.735013,15.290734,-36.024478
-3.878036,14.731688,-36.025629
-5.913851,13.855769,-36.016968
-7.788582,12.673577,-36.014725
-9.376477,11.258796,-36.012257
-10.718429,9.605950,-36.011231
-11.776472,7.763467,-36.017619
-12.608948,5.901963,-36.024863
-13.395796,4.021530,-36.020683
-13.805061,1.930950,-36.016484
-13.642424,-0.096700,-36.022682
-13.268733,-2.103464,-36.026429
-12.911270,-4.197988,-36.017976
-12.297663,-6.234180,-36.014964
-11.342953,-8.335716,-36.022611
-9.985701,-10.199723,-36.027527
-8.288108,-11.664051,-36.025013
-4.407186,-8.434925,-40.271892
-2.869543,-8.848366,-40.273641
-1.284099,-8.949416,-40.267948
0.238932,-8.786737,-40.264840
1.726862,-8.428926,-40.264159
3.164717,-7.907342,-40.263055
4.472133,-7.246192,-40.272118
5.752701,-6.380890,-40.274905
6.724939,-5.229251,-40.269000
7.477261,-3.951331,-40.265947
8.296048,-2.655193,-40.270119
8.445869,-1.154936,-40.273998
8.523049,0.270143,-40.275672
8.528759,1.721389,-40.275137
8.292693,3.115519,-40.272075
8.109189,4.571415,-40.267391
7.672270,6.042530,-40.263562
6.874166,7.334708,-40.263016
5.983117,8.680312,-40.268721
4.898153,9.954217,-40.272750
3.394140,10.528047,-40.266920
1.804338,11.007452,-40.270778
0.235616,11.207052,-40.269911
-1.416382,11.060156,-40.270900
-2.893998,10.668920,-40.274892
-4.353664,10.034204,-40.270988
-5.646424,9.214342,-40.267035
-6.783684,8.195066,-40.265143
-7.729272,7.061707,-40.271156
-8.428109,5.709277,-40.271754
-8.922858,4.390856,-40.262932
-9.597836,3.085197,-40.265848
-9.884088,1.647608,-40.269967
-9.734294,0.181919,-40.275181
-9.470663,-1.199904,-40.272833
-9.191065,-2.640185,-40.265029
-8.725520,-4.096766,-40.269871
-8.106125,-5.503321,-40.267519
-7.158464,-6.768019,-40.264055
-5.876513,-7.741591,-40.266979
-0.581580,1.134643,-44.518986
-5.899276,-21.194057,40.481015
-2.575418,-23.707655,40.481015
1.500122,-25.821692,40.481015
6.049441,-27.104934,40.481015
11.054308,-27.287955,40.481015
16.098445,-26.278457,40.481015
20.831728,-24.259247,40.481015
25.319985,-21.218115,40.481015
29.205330,-17.236072,40.481015
32.022179,-12.598673,40.481014
33.496494,-7.228829,40.481014
33.280209,-1.672671,40.481014
31.453146,3.596007,40.481014
28.290261,7.998397,40.481014
24.079142,11.202627,40.481014
19.188545,13.202295,40.481014
14.536584,14.042353,40.481014
10.507050,14.103715,40.481014
7.056545,13.702295,40.481014
4.343766,13.100550,40.481015
1.956095,12.357580,40.481015
0.143679,11.651928,40.481015
-1.497470,10.898176,40.481015
-2.971009,10.118656,40.481015
-4.281885,9.333297,40.481015
-5.436087,8.560140,40.481015
-6.549985,7.730016,40.481015
-7.618474,6.842153,40.481015
-8.734181,5.797825,40.481015
-9.778202,4.681700,40.481014
-10.904155,3.269391,40.481014
-11.892275,1.756980,40.481014
-12.827535,-0.106018,40.481014
-13.534981,-2.214846,40.481014
-13.908210,-4.548826,40.481014
-13.844421,-7.189972,40.481014
-13.299856,-9.915956,40.481014
-12.294655,-12.659529,40.481015
-10.699654,-15.603325,40.481015
-9.621600,-20.917570,36.737133
-6.484335,-23.219465,36.731776
-2.673316,-25.246029,36.725994
1.544872,-26.720818,36.724760
6.236641,-27.471150,36.726467
10.986123,-27.223001,36.725735
15.854200,-25.908070,36.726527
20.346914,-23.619952,36.731633
24.383185,-20.357315,36.738264
27.539032,-16.239577,36.737153
29.444332,-11.408658,36.727783
29.947023,-6.401794,36.732656
29.502286,-1.355052,36.736835
28.054206,3.294188,36.738008
25.732725,7.300244,36.737125
22.808638,10.673168,36.728364
18.774379,12.915990,36.723466
14.230601,13.755749,36.721749
11.051779,14.673643,36.726789
8.160294,15.406276,36.732896
5.264795,15.268121,36.734550
2.677350,15.396603,36.736835
0.375555,15.419401,36.737526
-1.924903,15.285128,36.737258
-4.061258,14.968827,36.735844
-6.264523,14.295166,36.734692
-8.291956,13.198687,36.735024
-10.061794,11.724070,36.732068
-11.513743,10.123478,36.729150
-12.912761,8.298687,36.733525
-14.295444,6.446837,36.736296
-15.629569,4.399239,36.729776
-16.291987,2.048265,36.733833
-16.538763,-0.402305,36.730065
-17.064974,-3.079257,36.727670
-17.804402,-6.291236,36.737917
-17.366598,-9.290457,36.734899
-16.205622,-12.415755,36.733775
-14.533281,-15.426118,36.736825
-12.323792,-18.288707,36.738530
-10.273291,-22.563553,32.988161
-6.706027,-24.629104,32.984193
-2.734997,-26.180115,32.976534
1.573748,-27.151491,32.976098
6.126047,-27.418487,32.983561
10.796581,-26.811417,32.982438
15.398209,-25.257472,32.974303
19.592053,-22.809519,32.976113
23.265515,-19.402233,32.982879
25.871810,-15.304448,32.982449
27.192880,-10.623614,32.979007
27.282845,-5.773520,32.974385
26.567375,-1.106589,32.977740
25.171855,3.063520,32.976376
23.294557,6.741837,32.975196
21.076386,10.034329,32.987156
17.925392,12.471539,32.978949
14.113469,13.678103,32.972710
11.407494,15.105918,32.978561
8.746124,16.564921,32.980075
5.946888,16.955019,32.975250
3.234121,17.624064,32.982646
0.627002,18.059997,32.984115
-2.169381,18.177161,32.982093
-4.803929,17.927364,32.981390
-7.490675,17.152455,32.981049
-9.950196,15.821872,32.979906
-11.982463,14.124505,32.977000
-13.837840,12.032191,32.975385
-15.384496,9.888313,32.976417
-16.929635,7.552953,32.978274
-18.315762,5.126581,32.979471
-19.049579,2.284810,32.982493
-19.249046,-0.662816,32.987503
-19.675482,-3.717958,32.985164
-20.272912,-7.329067,32.973949
-19.586557,-10.648582,32.974697
-18.080168,-14.029750,32.979409
-16.079294,-17.102273,32.983781
-13.391449,-20.055897,32.987450
-10.733522,-23.338107,29.224969
-6.894891,-25.256891,29.230170
-2.795084,-26.505976,29.230903
1.604332,-27.093452,29.231986
6.038363,-26.958977,29.234932
10.530198,-26.039754,29.230119
14.785389,-24.329935,29.227418
18.747480,-21.742288,29.225251
22.042902,-18.333064,29.224238
24.268359,-14.326345,29.224806
25.279530,-9.698422,29.223540
25.218593,-5.256024,29.225469
24.301037,-0.922209,29.224331
22.926055,2.831783,29.229985
21.235724,6.277872,29.237983
19.324215,9.266819,29.232341
17.095534,11.862913,29.231630
14.224416,13.653063,29.228897
11.700192,15.452005,29.226552
9.240487,17.288691,29.225291
6.423173,18.259505,29.223582
3.635774,19.245054,29.228336
0.755549,19.888375,29.232083
-2.201053,20.077256,29.235540
-5.288130,19.762853,29.234813
-8.253636,18.837841,29.227251
-10.835508,17.392556,29.224499
-13.205575,15.387405,29.234752
-15.162388,13.168727,29.233961
-16.872660,10.760087,29.233146
-18.419606,8.237540,29.238131
-19.841216,5.477711,29.232516
-20.718373,2.501245,29.225412
-21.140900,-0.723659,29.225375
-21.481212,-4.113794,29.229266
-21.648086,-7.796325,29.228999
-20.788885,-11.394098,29.225238
-19.135126,-14.877281,29.224908
-16.826913,-18.135164,29.225410
-13.988821,-20.979346,29.224158
-10.784622,-23.483790,25.484244
-6.900519,-25.238903,25.479838
-2.767769,-26.264868,25.482629
1.483673,-26.547078,25.482568
5.867274,-26.096475,25.476575
10.121082,-24.947320,25.476878
14.122643,-23.101098,25.475768
17.715728,-20.548352,25.480923
20.681583,-17.279536,25.480771
22.713786,-13.371177,25.475449
23.599911,-9.052682,25.485110
23.560827,-4.779619,25.475856
22.601615,-0.800727,25.481073
21.297901,2.650014,25.485591
19.665194,5.922597,25.476898
17.829372,8.582273,25.480963
16.243192,11.409909,25.485196
14.236071,13.710537,25.478205
11.925033,15.783945,25.475766
9.543579,17.719734,25.479176
6.831876,19.202173,25.477620
3.973894,20.361634,25.482935
0.830523,21.098665,25.483060
-2.397973,21.268650,25.479019
-5.599936,20.835761,25.480316
-8.653827,19.778319,25.483747
-11.317430,18.220949,25.479918
-13.777389,16.126751,25.476656
-15.821009,13.816793,25.477956
-17.682349,11.177682,25.478209
-19.229874,8.510193,25.474452
-20.600070,5.585277,25.474172
-21.616132,2.520017,25.485288
-22.299314,-0.790575,25.488271
-22.538832,-4.451436,25.485403
-22.176605,-8.107418,25.486153
-21.165320,-11.791943,25.478372
-19.473287,-15.211288,25.482557
-17.091192,-18.399164,25.490175
-14.203882,-21.156863,25.489472
-10.595319,-23.031270,21.734479
-6.732141,-24.655014,21.738086
-2.774802,-25.484764,21.733535
1.413568,-25.556494,21.732031
5.549973,-24.896523,21.737298
9.535121,-23.610652,21.735142
13.271220,-21.717693,21.735187
16.616537,-19.197329,21.730632
19.289064,-16.154869,21.726009
21.221768,-12.441149,21.728112
22.115186,-8.497035,21.730848
22.219116,-4.583017,21.734454
21.420037,-0.790971,21.732718
20.232547,2.640258,21.729264
18.798517,5.619758,21.727006
16.859336,8.319700,21.724669
15.710764,11.114944,21.732264
14.291698,13.801770,21.734693
12.098507,16.091756,21.731592
9.720444,17.984947,21.729609
7.138945,19.826662,21.729507
4.080117,21.118403,21.731870
0.830147,21.827747,21.730018
-2.486207,21.919360,21.731908
-5.622772,21.394321,21.732252
-8.734770,20.234981,21.731334
-11.569894,18.503946,21.737783
-13.970897,16.423861,21.729122
-16.072164,14.042229,21.730435
-17.899508,11.443961,21.736921
-19.450517,8.673055,21.735054
-20.779266,5.630359,21.733035
-21.902139,2.511353,21.730983
-22.779899,-0.863412,21.731944
-22.889711,-4.443359,21.730019
-22.108107,-7.984420,21.723841
-21.042533,-11.587580,21.726016
-19.296888,-15.058258,21.726841
-16.886780,-18.153242,21.726832
-13.998819,-20.813619,21.729767
-10.214779,-22.104245,17.979399
-6.558494,-23.561542,17.975846
-2.548773,-24.283274,17.980495
1.383604,-24.185384,17.983066
5.237847,-23.392483,17.982107
8.932553,-22.045342,17.988414
12.268613,-20.242006,17.979182
15.388468,-17.843251,17.977972
17.986587,-14.889375,17.981189
19.802498,-11.557526,17.978704
20.819093,-7.901938,17.986739
21.060621,-4.253807,17.978003
20.648460,-0.772575,17.974991
19.784856,2.640168,17.978863
18.559212,5.620805,17.980088
16.960220,8.266524,17.986800
15.625121,11.040602,17.987758
14.369839,13.908602,17.978694
12.307395,16.311039,17.975663
9.819399,18.198544,17.981520
7.178389,20.269469,17.983554
4.189101,21.498542,17.982925
0.871253,22.154810,17.982512
-2.492533,22.156062,17.986643
-5.663978,21.513850,17.987597
-8.784230,20.240152,17.983471
-11.509860,18.504590,17.985571
-13.934981,16.370285,17.989390
-16.058333,13.936948,17.983550
-17.821985,11.398909,17.976114
-19.355378,8.557400,17.978880
-20.576417,5.567222,17.986501
-21.665350,2.535229,17.980365
-22.579494,-0.890033,17.973744
-22.564154,-4.358713,17.974957
-21.566063,-7.748975,17.976756
-20.447153,-11.228571,17.975074
-18.701164,-14.576806,17.976086
-16.299607,-17.547052,17.979112
-13.443333,-20.084009,17.980698
-9.699937,-20.844082,14.231515
-6.145683,-22.185047,14.236148
-2.529153,-22.750148,14.232029
1.263012,-22.560136,14.224607
4.827823,-21.725149,14.224054
8.234632,-20.388897,14.226682
11.312236,-18.671973,14.229911
14.211111,-16.434614,14.228205
16.587176,-13.833457,14.230396
18.489641,-10.703182,14.236189
19.633856,-7.508553,14.227056
20.071902,-4.022086,14.227002
20.130418,-0.617214,14.236162
19.725929,2.589304,14.238117
18.779431,5.717017,14.230077
17.608566,8.604929,14.224691
15.845105,11.165852,14.223422
14.446348,13.987827,14.222160
12.489917,16.465574,14.228375
9.918894,18.318601,14.232985
7.253087,20.381208,14.225233
4.227002,21.578853,14.225274
0.876337,22.163195,14.222536
-2.368249,22.079999,14.229150
-5.672755,21.306490,14.232446
-8.648191,19.992915,14.223655
-11.361116,18.197004,14.223695
-13.682676,16.116174,14.225077
-15.809493,13.656110,14.231559
-17.496089,11.195753,14.231811
-18.944565,8.437093,14.227235
-20.066794,5.528925,14.233061
-21.082332,2.446190,14.234655
-21.820165,-0.750943,14.233215
-21.697943,-4.234853,14.232769
-20.669870,-7.485942,14.230549
-19.551839,-10.686732,14.224296
-17.873812,-13.770076,14.226639
-15.522184,-16.606094,14.231119
-12.840046,-18.932626,14.230859
-9.106972,-19.391362,10.476986
-5.799424,-20.586791,10.479298
-2.319746,-21.065511,10.480593
1.058416,-20.842115,10.480579
4.345187,-20.037591,10.481471
7.482005,-18.771703,10.479145
10.426903,-17.108110,10.478550
13.019729,-15.140511,10.475084
15.367610,-12.709932,10.475081
17.216967,-10.029520,10.482263
18.583623,-7.070864,10.483918
19.246258,-3.771332,10.489134
19.692817,-0.650784,10.481678
19.673780,2.553315,10.475785
19.022658,5.640856,10.487355
18.228242,8.801876,10.490275
16.165959,11.280527,10.476141
14.545835,13.972839,10.480560
12.519993,16.567890,10.489224
9.910094,18.378566,10.487943
7.266437,20.244417,10.488708
4.096060,21.426189,10.479315
0.869528,21.907234,10.472411
-2.372729,21.729329,10.480325
-5.522292,20.899354,10.482861
-8.466269,19.517413,10.472917
-11.044855,17.755855,10.474911
-13.353542,15.653591,10.477489
-15.303939,13.385123,10.482764
-17.055640,10.799170,10.487839
-18.407312,8.131517,10.486116
-19.422393,5.316553,10.481995
-20.226261,2.437136,10.485297
-20.737380,-0.788177,10.479685
-20.535293,-3.887822,10.478351
-19.618843,-7.020196,10.486089
-18.460376,-10.060967,10.474699
-16.838082,-12.870578,10.480005
-14.639179,-15.464812,10.488683
-12.036791,-17.665752,10.483463
-8.495684,-17.897622,6.729538
-5.442958,-18.967236,6.729610
-2.240296,-19.380553,6.733352
0.984266,-19.144074,6.731947
3.998190,-18.390802,6.725403
6.874715,-17.219273,6.724420
9.582018,-15.697615,6.727856
11.983761,-13.928043,6.728563
14.214853,-11.771306,6.725318
16.126253,-9.319703,6.725595
17.651234,-6.608269,6.734060
18.537484,-3.648303,6.734131
19.204414,-0.583046,6.727962
19.356348,2.594342,6.730021
18.911324,5.705754,6.734026
18.333400,8.887853,6.724383
16.342085,11.381270,6.731406
14.562678,13.963750,6.735388
12.456087,16.490662,6.729125
9.855093,18.260974,6.724349
7.108490,19.937248,6.724852
4.060575,21.011095,6.725195
0.852550,21.435046,6.722165
-2.365074,21.176841,6.729487
-5.468317,20.270258,6.735603
-8.249169,18.886619,6.729201
-10.689240,17.172476,6.724520
-12.884426,15.154734,6.726977
-14.821269,12.888448,6.731574
-16.412938,10.514507,6.735393
-17.741967,7.846929,6.739138
-18.659863,5.140534,6.738936
-19.261628,2.346022,6.729857
-19.476417,-0.627730,6.733161
-19.213485,-3.598046,6.735949
-18.491676,-6.492508,6.724213
-17.304869,-9.363985,6.722382
-15.671855,-12.003203,6.731757
-13.619194,-14.349909,6.737536
-11.204316,-16.341029,6.734344
-7.920321,-16.498521,2.974256
-5.121179,-17.471094,2.981058
-2.070354,-17.851763,2.984425
0.766835,-17.653890,2.981138
3.645198,-16.970781,2.978440
6.284143,-15.920794,2.979981
8.773947,-14.554448,2.980558
11.089560,-12.909590,2.981358
13.278209,-10.921194,2.980112
15.131901,-8.768424,2.977010
16.751195,-6.289653,2.980834
17.926037,-3.454887,2.979606
18.661401,-0.570349,2.976117
18.853413,2.474922,2.979369
18.555186,5.557912,2.987030
18.061898,8.721511,2.987203
16.324660,11.360618,2.981858
14.356480,13.919484,2.976558
12.279192,16.150065,2.975867
9.638485,17.976885,2.979392
6.917469,19.404204,2.982894
3.888558,20.424667,2.982960
0.831999,20.788642,2.976534
-2.348617,20.473507,2.975822
-5.287911,19.560517,2.974702
-7.923140,18.214404,2.976507
-10.335054,16.501440,2.988343
-12.418773,14.572187,2.976333
-14.265038,12.413871,2.981752
-15.775187,10.149854,2.987201
-17.026685,7.600628,2.977640
-17.864266,5.010546,2.978458
-18.296152,2.199968,2.980710
-18.239524,-0.514656,2.984730
-17.938685,-3.228365,2.984239
-17.390060,-6.008885,2.976181
-16.234394,-8.603597,2.973067
-14.608622,-11.080226,2.978894
-12.717138,-13.205371,2.981334
-10.405924,-15.087613,2.976468
-7.435628,-15.331559,-0.769574
-4.765817,-16.249259,-0.774356
-2.082161,-16.596115,-0.770528
0.735786,-16.433703,-0.765751
3.376880,-15.841498,-0.771281
5.902401,-14.867662,-0.775858
8.286947,-13.585907,-0.767953
10.416491,-12.106451,-0.763276
12.458752,-10.328626,-0.765694
14.353789,-8.242336,-0.767321
15.955723,-5.924073,-0.770980
17.321388,-3.321089,-0.767945
18.112416,-0.505048,-0.768582
18.273283,2.426826,-0.772530
18.022348,5.463904,-0.770447
17.400333,8.446226,-0.768377
16.009345,11.153530,-0.774917
13.940784,13.539487,-0.774209
11.802539,15.557025,-0.768220
9.377857,17.379788,-0.766949
6.620502,18.687544,-0.768803
3.732350,19.655892,-0.767438
0.709562,20.003950,-0.768306
-2.210446,19.693784,-0.768652
-5.011418,18.825688,-0.765870
-7.623940,17.492648,-0.764328
-9.924992,15.863423,-0.767454
-11.924571,14.039453,-0.767866
-13.699080,11.995013,-0.769590
-15.202063,9.745025,-0.774436
-16.388183,7.310901,-0.773608
-17.162443,4.834648,-0.764240
-17.454520,2.139599,-0.764225
-17.224853,-0.438147,-0.769439
-16.878969,-3.017741,-0.774277
-16.400546,-5.671792,-0.777099
-15.273663,-8.009769,-0.776814
-13.723886,-10.237746,-0.775109
-11.904783,-12.246513,-0.772100
-9.795066,-13.975870,-0.769102
-7.049126,-14.415998,-4.513404
-4.505050,-15.291411,-4.516822
-1.944811,-15.626999,-4.515718
0.635628,-15.508075,-4.518541
3.164085,-14.988548,-4.527152
5.588792,-14.103405,-4.521769
7.878806,-12.910873,-4.520770
9.919511,-11.515864,-4.516486
11.877522,-9.829955,-4.511176
13.678323,-7.836035,-4.518676
15.174420,-5.607291,-4.525970
16.630401,-3.196107,-4.521072
17.484168,-0.459993,-4.515768
17.648682,2.368156,-4.514583
17.305266,5.335787,-4.512014
16.281332,8.055433,-4.513618
15.272466,10.717222,-4.521146
13.125558,12.855097,-4.526180
10.955305,14.667153,-4.523153
8.819593,16.587312,-4.517109
6.264960,17.773839,-4.516352
3.522458,18.731178,-4.521784
0.645827,19.089240,-4.519860
-2.141807,18.804965,-4.522292
-4.817568,17.995103,-4.519628
-7.321538,16.748850,-4.511299
-9.533878,15.221010,-4.517275
-11.463310,13.506792,-4.523664
-13.245630,11.492932,-4.525527
-14.631116,9.445342,-4.520835
-15.781902,7.132689,-4.519828
-16.562997,4.672290,-4.526920
-16.800800,2.098637,-4.516469
-16.533509,-0.356282,-4.517992
-16.140880,-2.805801,-4.522832
-15.610309,-5.323610,-4.516012
-14.494946,-7.533544,-4.516084
-12.966571,-9.618455,-4.521789
-11.199202,-11.510694,-4.522677
-9.279380,-13.102610,-4.517265
-6.706215,-13.616359,-8.261104
-4.294783,-14.446744,-8.271780
-1.866185,-14.780467,-8.268372
0.581690,-14.702786,-8.263945
2.988576,-14.250825,-8.270598
5.304127,-13.454744,-8.266560
7.494877,-12.358562,-8.266168
9.520646,-10.987498,-8.266362
11.366942,-9.373080,-8.265721
13.034362,-7.445909,-8.267196
14.364600,-5.275942,-8.263281
15.726725,-2.971207,-8.266855
16.515735,-0.388435,-8.264665
16.675511,2.325130,-8.263906
16.206077,4.991870,-8.272964
14.724430,7.322891,-8.268933
14.037397,9.972901,-8.265362
11.990548,11.818835,-8.268939
9.901049,13.477163,-8.272140
8.207543,15.483873,-8.274334
5.805437,16.682944,-8.274448
3.228916,17.657142,-8.264337
0.609149,18.028265,-8.269334
-2.041528,17.800548,-8.272455
-4.590755,17.074242,-8.274803
-6.987131,15.934333,-8.274993
-9.115312,14.529036,-8.262111
-10.976500,12.938377,-8.261676
-12.696933,11.054211,-8.264640
-14.084595,9.039365,-8.263545
-15.190295,6.851321,-8.263526
-15.953014,4.524690,-8.267205
-16.196415,2.086482,-8.266128
-15.971456,-0.350283,-8.270240
-15.538769,-2.661208,-8.273314
-14.873872,-5.013871,-8.271668
-13.734789,-7.183644,-8.275392
-12.317180,-9.050974,-8.274540
-10.617093,-10.832631,-8.267586
-8.805158,-12.355377,-8.260756
-6.350550,-12.794699,-12.019240
-4.104195,-13.578575,-12.020203
-1.840740,-13.913600,-12.025465
0.538906,-13.872767,-12.024961
2.791508,-13.488263,-12.018835
4.965468,-12.785260,-12.022681
7.110735,-11.751745,-12.017869
9.082666,-10.423255,-12.014404
10.782800,-8.891223,-12.018267
12.288396,-7.049176,-12.017966
13.467195,-4.878046,-12.011995
14.423673,-2.679663,-12.011220
14.922508,-0.293391,-12.018518
14.974193,2.140052,-12.021862
14.374138,4.592591,-12.017494
12.810180,6.529303,-12.020811
12.230509,8.899510,-12.023403
10.481617,10.543831,-12.015995
8.802712,12.066464,-12.013624
7.412291,14.208219,-12.016217
5.226255,15.450044,-12.015490
2.941156,16.395760,-12.024722
0.506111,16.801394,-12.023379
-1.970868,16.639650,-12.017564
-4.362594,16.008725,-12.017807
-6.620240,14.992085,-12.021707
-8.632187,13.721097,-12.022910
-10.469430,12.208670,-12.022175
-12.038374,10.546256,-12.013751
-13.408221,8.602837,-12.016381
-14.448989,6.565372,-12.026434
-15.201956,4.308237,-12.023455
-15.471199,2.039257,-12.020230
-15.347061,-0.245600,-12.020334
-14.853836,-2.571902,-12.024014
-14.061920,-4.717179,-12.025330
-13.034312,-6.652554,-12.019948
-11.660822,-8.470575,-12.020892
-10.065336,-10.129402,-12.023357
-8.303760,-11.614793,-12.021572
-5.934778,-11.831705,-15.772389
-3.889125,-12.565071,-15.765881
-1.741636,-12.914341,-15.761932
0.431792,-12.908028,-15.761699
2.579073,-12.570164,-15.763222
4.653925,-11.923115,-15.773212
6.618980,-10.993203,-15.776101
8.494061,-9.731472,-15.772957
10.082036,-8.246803,-15.770685
11.444978,-6.442766,-15.770197
12.375921,-4.474707,-15.772825
12.813721,-2.260125,-15.776222
12.892108,-0.091338,-15.771664
12.758815,2.006478,-15.769863
12.100087,4.062742,-15.773960
10.877545,5.758057,-15.766454
10.140967,7.633262,-15.773967
8.884271,9.138676,-15.769302
7.643020,10.791289,-15.766533
6.540538,12.738725,-15.772408
4.647880,14.030770,-15.767978
2.595730,14.972874,-15.772210
0.380410,15.400622,-15.763760
-1.882225,15.300787,-15.766827
-4.078498,14.768986,-15.773836
-6.160739,13.889166,-15.771847
-8.023803,12.770226,-15.770485
-9.731716,11.426456,-15.768658
-11.250037,9.870671,-15.765654
-12.520687,8.108806,-15.765958
-13.507657,6.170480,-15.769086
-14.181640,4.104435,-15.770526
-14.490323,1.954500,-15.770452
-14.451313,-0.226507,-15.766095
-13.961318,-2.334126,-15.760692
-13.122373,-4.251609,-15.761697
-12.139162,-6.092637,-15.769088
-10.858700,-7.840321,-15.766177
-9.410443,-9.362870,-15.763944
-7.797820,-10.712907,-15.769230
-5.417069,-10.619915,-19.522569
-3.595520,-11.297459,-19.519353
-1.683465,-11.646964,-19.515886
0.337123,-11.673222,-19.514473
2.260045,-11.394033,-19.514895
4.194477,-10.810257,-19.522528
6.021950,-9.949426,-19.527027
7.697559,-8.816278,-19.518665
9.150110,-7.416823,-19.510606
10.314912,-5.762969,-19.518539
11.074476,-3.955008,-19.522785
11.080650,-1.885080,-19.515008
10.818042,0.056589,-19.516780
10.533523,1.811581,-19.523556
9.921364,3.494628,-19.521358
9.155958,5.022955,-19.525318
8.244843,6.467578,-19.524273
7.376480,7.848260,-19.522860
6.599510,9.464808,-19.522742
5.587543,11.191788,-19.517734
4.011994,12.479483,-19.511554
2.277987,13.355598,-19.516527
0.307811,13.795407,-19.522470
-1.714793,13.764536,-19.522027
-3.689993,13.339735,-19.521304
-5.568259,12.595080,-19.522062
-7.319427,11.587781,-19.519996
-8.864368,10.410100,-19.519390
-10.239003,9.037326,-19.519370
-11.430825,7.405220,-19.514888
-12.287141,5.661693,-19.512525
-12.848755,3.801339,-19.515519
-13.165090,1.886623,-19.512645
-13.184638,-0.144974,-19.519399
-12.702657,-2.011068,-19.525567
-11.842628,-3.763806,-19.524379
-10.984567,-5.419064,-19.524442
-9.879777,-7.010285,-19.516673
-8.600721,-8.383332,-19.512693
-7.092027,-9.628751,-19.517844
-4.821650,-9.043534,-23.275234
-3.198832,-9.686843,-23.268657
-1.551306,-10.019639,-23.263515
0.193980,-10.068653,-23.264305
1.924092,-9.829349,-23.270350
3.598276,-9.331975,-23.271346
5.179347,-8.592577,-23.269298
6.628195,-7.612415,-23.265004
7.877747,-6.397936,-23.262080
8.896712,-4.897411,-23.263132
9.513064,-3.304287,-23.259479
9.310174,-1.480075,-23.273205
8.890573,0.166575,-23.273162
8.561797,1.662309,-23.259960
8.010571,3.037216,-23.269224
7.608142,4.398086,-23.277735
6.730537,5.492030,-23.269809
6.092713,6.718279,-23.270701
5.558882,8.249573,-23.271407
4.582037,9.622026,-23.265606
3.359247,10.769291,-23.270361
1.820998,11.599385,-23.262594
0.120534,12.000212,-23.266978
-1.625925,11.994686,-23.263946
-3.336489,11.642527,-23.265802
-4.903073,11.038168,-23.273337
-6.427068,10.186339,-23.273159
-7.773318,9.183202,-23.274647
-9.017472,7.958691,-23.270424
-10.010329,6.601925,-23.264994
-10.742520,5.019301,-23.269290
-11.173812,3.395484,-23.274636
-11.465183,1.745078,-23.262447
-11.514585,0.050642,-23.268333
-11.017380,-1.598888,-23.278764
-10.215507,-3.086523,-23.271687
-9.552302,-4.555299,-23.260825
-8.655530,-5.884805,-23.266865
-7.488563,-7.113931,-23.277353
-6.246328,-8.157547,-23.279155
-3.987579,-7.106494,-27.020522
-2.741609,-7.643046,-27.018469
-1.402335,-7.933785,-27.018086
0.010798,-8.000822,-27.022007
1.417812,-7.824684,-27.025600
2.781048,-7.434902,-27.023332
4.068959,-6.845294,-27.019726
5.249638,-6.057045,-27.019425
6.305437,-5.034728,-27.019656
7.096154,-3.862416,-27.015454
7.607542,-2.506539,-27.016966
7.375262,-0.990699,-27.023259
6.929403,0.314765,-27.026541
6.623125,1.522931,-27.027811
6.169242,2.574869,-27.027951
6.048077,3.738225,-27.019364
5.277974,4.618062,-27.015855
4.826853,5.665148,-27.023054
4.447605,6.943983,-27.020427
3.550403,7.869209,-27.015916
2.581730,8.886553,-27.026746
1.336265,9.572117,-27.019786
-0.043245,9.905001,-27.025698
-1.459179,9.909598,-27.024219
-2.850451,9.634367,-27.019849
-4.125245,9.153752,-27.017597
-5.365667,8.468209,-27.014935
-6.501591,7.621079,-27.016429
-7.467426,6.660687,-27.017484
-8.293492,5.504791,-27.014843
-8.816806,4.250114,-27.018786
-9.117399,2.920425,-27.024292
-9.356784,1.583038,-27.015123
-9.413245,0.194621,-27.012626
-8.868068,-1.075128,-27.012016
-8.167303,-2.188312,-27.014844
-7.761189,-3.436162,-27.025949
-6.992647,-4.469156,-27.024076
-6.061750,-5.355759,-27.018993
-5.106253,-6.268264,-27.019220
-2.941994,-4.504579,-30.771780
-2.081043,-4.960355,-30.769665
-1.159227,-5.157206,-30.767982
-0.209379,-5.231399,-30.769531
0.745797,-5.136543,-30.767504
1.711697,-4.879361,-30.765075
2.623120,-4.475959,-30.765060
3.460967,-3.931229,-30.766367
4.190297,-3.249342,-30.767287
4.754620,-2.434074,-30.769257
5.133790,-1.482509,-30.767451
5.035885,-0.448696,-30.768916
4.623244,0.514512,-30.773501
4.424689,1.334618,-30.769367
4.071924,2.066017,-30.764197
4.145962,2.941187,-30.764457
3.645049,3.599507,-30.764154
3.328238,4.388203,-30.764358
3.059731,5.346014,-30.769860
2.271710,5.779228,-30.773168
1.607790,6.565832,-30.773144
0.753130,7.018744,-30.770790
-0.217199,7.254817,-30.769696
-1.213320,7.253642,-30.770087
-2.192335,7.053863,-30.770132
-3.121640,6.692733,-30.771395
-3.987934,6.197069,-30.774950
-4.751225,5.616265,-30.774975
-5.428399,4.937001,-30.766549
-5.991935,4.109877,-30.761970
-6.300141,3.203042,-30.770069
-6.476429,2.265746,-30.774390
-6.645911,1.355263,-30.768175
-6.675421,0.438377,-30.770617
-5.963491,-0.379158,-30.765562
-5.483508,-1.077391,-30.764590
-5.405627,-1.971592,-30.772378
-4.719716,-2.523284,-30.766293
-4.030241,-3.011856,-30.761834
-3.527058,-3.713087,-30.765769
-0.336464,1.393414,-34.518986
