19.649304,28.065615,36.195126
15.215583,31.374480,36.195126
10.433985,34.162119,36.195126
5.326223,36.298389,36.195126
-0.502599,37.628981,36.195126
-6.267901,37.616289,36.195126
-12.049177,36.103730,36.195126
-17.358536,33.339312,36.195126
-21.929786,29.842198,36.195126
-25.950943,25.723471,36.195127
-29.383795,21.103065,36.195127
-32.034308,16.243447,36.195127
-33.929550,11.042597,36.195127
-35.010132,5.388075,36.195126
-35.177767,-0.144537,36.195126
-34.547222,-5.642943,36.195127
-33.278088,-10.802854,36.195126
-31.318432,-15.978387,36.195127
-28.598347,-21.051522,36.195127
-25.290869,-25.490116,36.195127
-21.079736,-29.418881,36.195127
-16.163925,-32.415949,36.195127
-10.750732,-34.381696,36.195127
-5.070486,-35.317868,36.195127
0.465572,-35.283598,36.195127
5.927424,-34.381037,36.195127
11.186370,-32.654072,36.195127
16.118738,-30.142667,36.195127
20.429968,-27.034996,36.195127
24.208816,-23.298728,36.195127
27.355174,-19.016939,36.195127
29.850852,-14.325863,36.195127
31.699711,-9.345332,36.195127
32.850368,-4.385221,36.195127
33.343974,0.905255,36.195127
33.043150,5.990177,36.195127
31.831729,11.163100,36.195127
29.726900,16.047880,36.195127
26.855110,20.546452,36.195127
26.386711,27.310798,32.397466
20.724855,29.526307,32.398781
15.746829,32.285279,32.399545
10.649624,34.520903,32.393349
5.065240,35.699954,32.390027
-0.443918,36.904864,32.396378
-6.319134,36.931864,32.390917
-11.881179,35.746528,32.390994
-17.164251,33.250771,32.390838
-22.221054,30.186101,32.385269
-27.153977,27.014858,32.385520
-30.780862,22.134805,32.392134
-33.385846,16.785580,32.392751
-34.713219,11.124372,32.391003
-34.978390,5.442320,32.389719
-34.976791,0.023052,32.387152
-34.039173,-5.552891,32.389834
-32.319078,-10.692458,32.397502
-30.376593,-15.543636,32.398881
-27.752973,-20.257923,32.394061
-24.052157,-24.246400,32.393677
-20.106013,-27.985260,32.395055
-15.427815,-31.136860,32.394822
-10.446358,-33.295308,32.391985
-4.962475,-34.760961,32.394389
0.451860,-35.032988,32.402144
5.890214,-33.522657,32.397565
11.069053,-31.884991,32.399329
16.259136,-30.226923,32.399229
20.995350,-27.643820,32.397380
24.951270,-23.900634,32.404295
28.601176,-19.879890,32.404581
31.947273,-15.332572,32.391490
34.562080,-10.306522,32.392056
36.155215,-4.893429,32.403950
36.655598,0.976055,32.402752
36.264604,6.636742,32.402860
34.628067,12.203034,32.402674
32.644869,17.489371,32.400884
30.277057,22.944141,32.398600
26.347622,27.284711,28.595422
20.807810,29.638742,28.599383
15.820069,32.319669,28.591740
10.449128,34.265834,28.588156
5.070870,35.044883,28.591906
-0.413114,36.125134,28.589644
-6.231506,36.153205,28.587061
-11.779457,35.134917,28.591336
-17.069074,32.809377,28.595020
-22.270103,30.090007,28.596985
-27.640803,27.363666,28.598280
-31.234775,22.547669,28.587199
-33.742124,17.159974,28.594072
-34.856923,11.316972,28.605043
-34.781814,5.444799,28.600278
-34.645304,-0.144297,28.593397
-33.562229,-5.413975,28.595697
-31.644304,-10.431243,28.590041
-29.582222,-15.183026,28.591821
-26.852872,-19.770511,28.600863
-23.217613,-23.447501,28.598359
-19.330182,-27.171553,28.600085
-15.157882,-30.181739,28.605007
-10.128291,-32.639328,28.597510
-4.982561,-34.306258,28.590716
0.585057,-34.801080,28.599578
5.730664,-33.277573,28.591006
10.800991,-31.433397,28.587624
15.846117,-29.553161,28.591913
20.485494,-26.876148,28.591609
24.339895,-23.437412,28.587879
28.309344,-19.477519,28.592880
31.516843,-15.178485,28.596765
34.123915,-10.194424,28.592524
35.799476,-4.866734,28.589223
36.365243,0.943885,28.593746
36.069103,6.557391,28.591122
34.598342,12.120065,28.590456
32.614542,17.578528,28.591813
30.225730,22.932543,28.592550
24.107682,25.051046,24.797214
20.182548,28.756523,24.789689
15.468120,31.835466,24.792562
10.363930,33.496389,24.801620
5.021942,34.390693,24.800391
-0.507969,35.304955,24.791127
-5.899576,35.302894,24.796599
-11.467813,34.381486,24.803043
-16.830379,32.214524,24.804279
-21.880559,29.666784,24.804214
-27.191563,26.835051,24.803018
-30.702202,22.222168,24.796421
-33.237760,16.864192,24.791937
-34.417148,11.022014,24.792010
-34.433386,5.367579,24.798513
-34.235313,-0.015610,24.804109
-33.075546,-5.286237,24.790409
-31.172742,-10.102333,24.786753
-28.949658,-14.799712,24.796129
-26.212716,-19.171861,24.801595
-22.647095,-22.943555,24.796718
-18.930548,-26.557374,24.794182
-14.790950,-29.664331,24.798549
-10.019093,-32.176922,24.799245
-4.902614,-33.967804,24.793421
0.451587,-34.613176,24.790765
5.899809,-33.313108,24.791799
10.726340,-31.349733,24.790627
15.394699,-28.687222,24.787043
19.523409,-25.545758,24.791074
23.259745,-22.278240,24.801334
26.761544,-18.448167,24.798264
29.288356,-13.942962,24.793758
30.986736,-9.259916,24.795438
32.224957,-4.235493,24.798399
32.793275,0.914813,24.798909
32.667112,6.092354,24.801246
31.915972,11.229926,24.793327
30.188278,16.326910,24.788467
27.554377,20.822186,24.794262
21.988784,22.932840,21.002037
19.217851,27.659114,20.994784
14.962324,30.818918,20.993893
9.937492,32.523829,20.999458
4.889058,33.701606,21.001627
-0.489465,34.417217,20.998315
-5.910667,34.338233,20.999228
-11.263829,33.414620,20.993246
-16.337865,31.549557,20.988997
-21.305625,28.851801,20.992533
-25.849419,25.538855,20.996088
-29.344891,21.132325,20.995589
-31.942353,16.104470,20.991173
-33.464541,10.706461,20.990695
-33.944628,5.288897,20.992037
-33.689045,-0.123826,20.991087
-32.548119,-5.211790,20.997930
-30.669088,-10.075067,21.001089
-28.381937,-14.531163,20.995394
-25.629448,-18.705421,20.987785
-22.376433,-22.510984,20.988844
-18.670011,-26.178911,20.998738
-14.532757,-29.349406,20.991727
-9.967510,-31.867616,20.986334
-4.849603,-33.683226,20.992487
0.525207,-34.409078,20.992378
5.896091,-33.665906,20.990179
10.955969,-31.648053,20.995476
15.312100,-28.455995,20.993736
19.007491,-25.064083,20.992058
22.682319,-21.674657,21.002877
25.580041,-17.590575,21.003805
27.451726,-13.167906,20.996345
28.586828,-8.512176,20.992401
29.329480,-3.766681,20.993370
29.746179,0.795779,20.992621
29.569494,5.367590,20.991155
29.203171,10.211064,20.992103
27.631912,15.021052,20.996961
24.873939,18.941573,21.001879
21.179314,22.121390,17.197291
18.464489,26.550715,17.191252
14.402985,29.486287,17.196115
9.743209,31.386073,17.204841
4.682778,32.953035,17.200676
-0.445794,33.470782,17.189282
-5.589764,33.330839,17.195580
-10.824731,32.369270,17.194164
-15.940088,30.657658,17.191167
-20.436825,27.860578,17.191719
-24.020685,23.866904,17.187376
-27.467904,19.766881,17.189372
-30.184325,15.199562,17.193498
-32.154058,10.412533,17.193192
-33.310027,5.222710,17.194096
-33.049934,-0.131333,17.199164
-31.972869,-5.158108,17.194123
-30.311410,-9.805215,17.197949
-27.878733,-14.323983,17.194628
-25.095931,-18.404077,17.187297
-22.106573,-22.324600,17.193308
-18.479317,-25.962476,17.188077
-14.416579,-29.114970,17.198173
-9.945976,-31.655053,17.198716
-4.901430,-33.408280,17.189991
0.391218,-34.186235,17.199946
5.950917,-34.082027,17.192582
11.263715,-32.479485,17.190208
15.769979,-29.614576,17.192237
19.881300,-26.165413,17.188413
23.513406,-22.547229,17.187971
26.041777,-18.087003,17.201553
28.241060,-13.409353,17.198013
29.632715,-8.713938,17.198208
30.190917,-3.994134,17.203091
30.327884,0.723422,17.195436
29.792750,5.410233,17.191333
28.870509,10.093051,17.189861
26.923947,14.517373,17.192096
24.066618,18.269144,17.196766
21.169275,22.106040,13.399868
17.934156,25.582268,13.389448
13.811728,28.189523,13.391650
9.330774,30.363026,13.401300
4.548823,32.099390,13.400828
-0.391724,32.475541,13.395148
-5.533605,32.235222,13.402551
-10.515102,31.196435,13.399077
-15.314180,29.649385,13.390491
-19.597235,26.684498,13.386140
-22.384291,22.315315,13.387530
-25.658419,18.613536,13.397092
-28.498763,14.393236,13.390551
-30.832957,9.976985,13.390221
-32.497460,5.188144,13.401488
-32.322717,0.021355,13.401180
-31.366125,-5.030262,13.402276
-29.850483,-9.723962,13.396805
-27.507451,-14.047186,13.397537
-24.723958,-18.126806,13.402438
-21.925534,-22.179667,13.398745
-18.478622,-25.699083,13.402652
-14.435791,-28.880578,13.391811
-9.803031,-31.541928,13.388239
-4.935094,-33.157544,13.395937
0.558818,-33.956537,13.391370
5.899428,-34.331538,13.396981
11.547826,-33.360793,13.398839
16.631839,-31.109373,13.398324
21.230987,-27.978836,13.396848
25.025301,-23.939254,13.390365
27.569671,-19.020846,13.389743
30.073033,-14.509434,13.394239
31.978603,-9.571410,13.401255
32.575644,-4.226690,13.402623
32.412432,0.897795,13.396408
31.476216,5.738406,13.394179
29.675012,10.559034,13.392260
27.188812,14.787920,13.394918
24.286170,18.501683,13.400708
21.284540,22.208314,9.599420
17.467774,24.943822,9.591872
13.348877,27.185787,9.598370
8.985719,29.469430,9.599624
4.422183,31.134447,9.591538
-0.288525,31.425617,9.593296
-5.192746,31.111549,9.591805
-10.120008,29.986432,9.600341
-14.680160,28.457441,9.599133
-18.735449,25.584908,9.591036
-21.425016,21.192130,9.596926
-24.612352,17.733122,9.593439
-27.293381,13.932202,9.587992
-29.739994,9.611340,9.593471
-31.524904,4.908617,9.597171
-31.449453,-0.029268,9.589129
-30.689574,-4.875031,9.600573
-29.339436,-9.588330,9.596361
-27.095429,-13.926458,9.587710
-24.510619,-17.858482,9.588588
-21.833152,-21.956200,9.589863
-18.288863,-25.620249,9.599397
-14.276289,-28.794007,9.605067
-9.847924,-31.329208,9.601330
-4.794731,-32.937164,9.597506
0.468081,-33.659838,9.602611
5.971600,-34.132320,9.604644
11.617078,-33.450784,9.592001
16.898496,-31.723952,9.590863
21.801299,-28.837740,9.600151
25.688168,-24.621279,9.597097
28.736523,-19.787941,9.597772
31.256608,-15.109559,9.596988
33.159989,-9.944598,9.597063
33.931787,-4.481153,9.595464
33.673290,0.823999,9.590126
32.480359,6.006712,9.591919
30.279599,10.589312,9.589789
27.500578,14.916206,9.591095
24.685305,18.706192,9.597968
21.135965,22.033337,5.797725
17.009132,24.449250,5.799537
12.917657,26.535559,5.795710
8.805036,28.603272,5.797538
4.275766,30.074925,5.802411
-0.323490,30.319218,5.797206
-5.103588,29.909368,5.792727
-9.525028,28.803764,5.798641
-14.088753,27.130647,5.805329
-17.966384,24.460884,5.799905
-20.870399,20.616142,5.790198
-24.026889,17.273131,5.795334
-26.630790,13.539456,5.791946
-28.781679,9.430202,5.788552
-30.376071,4.750947,5.791586
-30.466328,-0.059326,5.791093
-29.893015,-4.815806,5.794503
-28.709617,-9.460189,5.790272
-26.791920,-13.615454,5.790231
-24.300893,-17.717658,5.795000
-21.565542,-21.881638,5.790035
-18.254514,-25.334366,5.786863
-14.199809,-28.592525,5.793769
-9.684338,-31.135183,5.795617
-4.725324,-32.657321,5.788715
0.425497,-33.302056,5.787391
5.822626,-33.446941,5.791009
11.099584,-32.526678,5.791380
16.417205,-30.640188,5.788724
21.113585,-27.722371,5.790075
24.926707,-23.882856,5.794481
28.711860,-19.981718,5.792647
30.942671,-14.757904,5.796801
32.223703,-9.656597,5.793914
33.290102,-4.418282,5.789687
33.252131,0.787098,5.796602
32.327545,5.911566,5.793746
30.123203,10.559277,5.791200
27.383250,14.819730,5.792363
24.538783,18.742430,5.794726
20.601045,21.458442,1.994865
16.661998,23.859623,1.992736
12.564347,26.004650,1.992573
8.510322,27.784115,1.990944
4.232020,28.901590,1.993596
-0.385281,29.152478,2.003487
-4.792923,28.702789,1.999711
-9.244587,27.508316,1.998220
-13.356980,25.818842,2.002776
-17.252854,23.375564,1.998280
-20.483667,20.337124,1.986158
-23.555777,17.140098,1.994137
-26.135496,13.328774,1.992063
-27.992826,9.079531,1.990812
-29.108904,4.606443,1.999942
-29.367971,-0.009662,2.000810
-28.991900,-4.613656,1.995987
-27.994027,-9.127016,1.996840
-26.298904,-13.415897,1.993947
-23.979137,-17.640222,1.986406
-21.284237,-21.621075,1.989736
-17.973226,-25.107387,1.999683
-14.080256,-28.271172,1.996049
-9.723846,-30.714090,1.994332
-4.756092,-32.264442,2.001069
0.408182,-32.855356,2.000536
5.597846,-32.455926,2.001452
10.729211,-30.852201,1.999674
15.201803,-28.556906,1.996686
19.412289,-25.558633,1.996674
23.207767,-22.282301,1.997148
27.228100,-18.858233,1.992221
29.076582,-13.979685,1.998463
30.076079,-8.979539,1.996891
31.258116,-4.158695,1.987992
31.610530,0.849495,1.991158
31.231056,5.667867,1.995602
29.439975,10.287974,1.993452
26.867744,14.445370,1.991414
23.942171,18.324584,1.993583
19.747144,20.559463,-1.801675
16.175066,23.175363,-1.797670
12.315013,25.356339,-1.802723
8.162412,26.872870,-1.809324
3.986990,27.674127,-1.810669
-0.248053,27.922126,-1.807448
-4.648780,27.431633,-1.797870
-8.745234,26.298777,-1.799541
-12.610695,24.568477,-1.798557
-16.493687,22.419511,-1.799947
-20.220301,20.037707,-1.813392
-23.291750,16.853580,-1.800532
-25.678971,13.091576,-1.800885
-27.138850,8.744201,-1.811491
-27.771799,4.343405,-1.809870
-28.135712,-0.064939,-1.802988
-27.907237,-4.487127,-1.807791
-27.055522,-8.833949,-1.809303
-25.662421,-13.039300,-1.809919
-23.642723,-17.185529,-1.812490
-20.908280,-21.128851,-1.808700
-17.644639,-24.643473,-1.801883
-13.780147,-27.800917,-1.804660
-9.426528,-30.200391,-1.808726
-4.665241,-31.724887,-1.804263
0.471531,-32.264220,-1.799855
5.547996,-31.301267,-1.807696
10.117960,-29.280832,-1.801885
14.209136,-26.450260,-1.804086
17.809185,-23.570681,-1.810916
21.595572,-20.623502,-1.803317
24.850772,-17.069405,-1.809712
26.744695,-12.697998,-1.810350
27.932563,-8.211524,-1.803829
28.937258,-3.725592,-1.802546
29.504904,0.858491,-1.809003
29.479910,5.483209,-1.812288
28.218741,9.900450,-1.808135
25.919622,13.936783,-1.803943
22.996413,17.530471,-1.803409
18.754528,19.524956,-5.609489
15.520020,22.305357,-5.609782
11.867305,24.505770,-5.604748
7.980978,25.738378,-5.606295
3.753229,26.363883,-5.607669
-0.317925,26.623167,-5.601167
-4.373045,26.154518,-5.610976
-8.328595,25.083379,-5.613911
-12.023244,23.377606,-5.612574
-15.688072,21.548402,-5.612261
-19.722237,19.711973,-5.607629
-22.798886,16.541609,-5.609058
-25.014706,12.820113,-5.612977
-26.121705,8.585978,-5.608002
-26.375603,4.303222,-5.602194
-26.759835,0.063819,-5.606526
-26.632033,-4.196105,-5.599909
-25.898088,-8.391618,-5.596045
-24.693897,-12.676871,-5.598688
-22.896146,-16.721494,-5.600783
-20.209164,-20.485951,-5.601520
-17.121490,-23.923922,-5.606267
-13.393827,-26.933224,-5.606828
-9.201752,-29.261425,-5.605295
-4.496352,-30.914118,-5.605339
0.445127,-31.459525,-5.605721
5.298086,-30.406610,-5.608483
9.897976,-28.445939,-5.611644
13.909309,-25.867533,-5.606640
17.590724,-23.045158,-5.603654
21.091016,-20.052669,-5.610858
23.630311,-16.205837,-5.607587
25.601250,-12.197639,-5.602386
26.886269,-7.975724,-5.606044
27.487971,-3.561013,-5.612902
27.745544,0.688213,-5.611201
27.477528,5.116678,-5.604095
26.493830,9.467733,-5.603252
24.612463,13.249926,-5.606049
21.758019,16.665571,-5.608048
17.689372,18.421030,-9.402349
14.672130,21.226646,-9.411072
11.317850,23.306568,-9.408195
7.545640,24.432932,-9.399317
3.622555,24.941630,-9.399873
-0.306112,25.226415,-9.406937
-4.225492,24.810225,-9.399190
-7.898035,23.884981,-9.396629
-11.489748,22.293724,-9.406308
-15.084262,20.640812,-9.411510
-19.069387,19.082720,-9.399860
-22.018493,16.010664,-9.397174
-24.062064,12.339862,-9.408712
-24.916008,8.214223,-9.409437
-24.937402,4.069383,-9.399928
-25.224614,0.139894,-9.404544
-25.095483,-3.974205,-9.410179
-24.449197,-7.858007,-9.403444
-23.436526,-12.046716,-9.397928
-21.803297,-15.978309,-9.401423
-19.255341,-19.444943,-9.401342
-16.364571,-22.857313,-9.398185
-12.857175,-25.563529,-9.403565
-8.771717,-27.797297,-9.403413
-4.310730,-29.551114,-9.400029
0.454742,-30.190341,-9.408811
5.219394,-29.623989,-9.404762
9.891674,-28.457739,-9.402591
14.318124,-26.633830,-9.404392
18.207434,-24.089817,-9.403582
21.611326,-20.704600,-9.402458
24.076664,-16.593632,-9.407298
26.013840,-12.359091,-9.404176
27.030175,-8.050693,-9.399812
27.104816,-3.565991,-9.403859
26.582727,0.681902,-9.410022
25.430992,4.805656,-9.405875
24.459521,8.652296,-9.404543
22.900454,12.394808,-9.403415
20.379348,15.665833,-9.400346
16.543224,17.237175,-13.197023
13.822958,19.795971,-13.207873
10.655001,21.784417,-13.211949
6.940470,22.906577,-13.212925
3.388819,23.378137,-13.210221
-0.324816,23.687894,-13.202704
-3.878057,23.377924,-13.209788
-7.536768,22.571172,-13.207205
-10.984247,21.190793,-13.206844
-14.422873,19.695809,-13.211033
-18.164237,18.155028,-13.203510
-20.919648,15.207920,-13.201100
-22.755291,11.688796,-13.200363
-23.449872,7.754922,-13.207834
-23.364804,3.836710,-13.210538
-23.500255,0.111023,-13.198743
-23.317764,-3.618159,-13.209232
-22.694825,-7.286838,-13.213794
-21.874101,-11.125235,-13.212350
-20.435540,-14.871314,-13.209495
-17.973666,-18.120816,-13.199551
-15.321368,-21.431427,-13.201219
-11.933640,-23.857883,-13.202214
-8.090853,-25.707351,-13.201981
-3.990802,-27.180109,-13.204233
0.367078,-27.720332,-13.204933
4.910060,-27.634758,-13.202046
9.432145,-27.242635,-13.200398
14.037749,-26.179354,-13.202298
18.114161,-23.866739,-13.202316
21.227882,-20.311658,-13.200251
23.618122,-16.259201,-13.206856
25.395176,-12.063642,-13.203109
26.175466,-7.770088,-13.200450
25.921483,-3.376079,-13.202417
24.886028,0.709966,-13.201036
23.289532,4.439380,-13.203390
22.199493,7.837801,-13.208071
20.881142,11.314257,-13.206453
18.879792,14.483171,-13.198466
15.201538,16.062677,-17.010061
12.665710,18.264085,-17.008750
9.776389,20.018114,-17.003395
6.469487,21.117572,-17.001476
3.134281,21.631734,-17.002935
-0.206612,21.946586,-17.002473
-3.703754,21.738763,-17.002507
-7.019993,21.135610,-16.998770
-10.328260,20.024429,-17.002578
-13.567810,18.638750,-17.009313
-16.950023,16.926217,-17.002482
-19.491521,14.112827,-16.998023
-21.093773,10.785914,-17.004450
-21.684938,7.064838,-17.011423
-21.604368,3.544604,-17.009928
-21.536963,0.042403,-17.007530
-21.267993,-3.309065,-17.012644
-20.672487,-6.603156,-17.005379
-19.990808,-10.077116,-16.997929
-18.726065,-13.603607,-17.001019
-16.473573,-16.507049,-17.003465
-14.118591,-19.524000,-17.009122
-10.933028,-21.743543,-17.005393
-7.344585,-23.142540,-17.001825
-3.533144,-24.055124,-17.003960
0.417362,-24.193789,-17.004240
4.210407,-23.964204,-17.006769
8.099591,-23.346028,-17.007617
11.894812,-22.216200,-17.007592
15.454458,-20.230181,-17.005143
18.271099,-17.451026,-17.000517
20.613470,-14.091484,-17.003109
22.127520,-10.452040,-17.003580
22.826107,-6.712656,-17.002697
22.805860,-2.912776,-17.001110
22.146551,0.680538,-16.999353
21.045477,4.009378,-17.002376
19.891179,7.158063,-17.001129
18.716108,10.175499,-17.001033
17.237123,13.230918,-17.005796
13.868082,14.662779,-20.795568
11.373451,16.491909,-20.806250
8.767609,17.974787,-20.811260
5.769401,19.097135,-20.807916
2.836186,19.645248,-20.804694
-0.243624,19.953237,-20.805598
-3.340376,19.866149,-20.802713
-6.412387,19.443651,-20.804819
-9.537145,18.634421,-20.805354
-12.620946,17.304917,-20.805370
-15.387344,15.398276,-20.811638
-17.617407,12.877335,-20.806891
-19.020630,9.829614,-20.804355
-19.599007,6.515488,-20.803849
-19.600906,3.287971,-20.802679
-19.343880,0.200407,-20.803700
-18.982970,-2.879589,-20.802218
-18.371240,-5.906522,-20.804039
-17.772104,-8.973645,-20.803231
-16.740488,-12.124308,-20.802474
-14.728773,-14.838061,-20.809443
-12.574260,-17.432603,-20.807051
-9.743346,-19.416831,-20.803811
-6.420775,-20.562153,-20.802039
-3.102470,-21.004702,-20.802504
0.256620,-20.923933,-20.804546
3.598748,-20.567904,-20.799454
6.826864,-19.671297,-20.803330
9.890834,-18.286172,-20.805136
12.664135,-16.636413,-20.801921
15.283329,-14.534138,-20.803968
17.391350,-11.910616,-20.802393
18.683504,-8.821280,-20.798646
19.327355,-5.645573,-20.804404
19.540552,-2.431402,-20.808360
19.332716,0.663956,-20.803338
18.774350,3.587868,-20.811554
17.695256,6.333567,-20.807095
16.575664,9.140295,-20.795676
15.540085,12.000165,-20.791238
12.380898,13.106807,-24.609158
9.933513,14.482318,-24.612777
7.612862,15.696519,-24.611715
5.157356,16.766690,-24.606028
2.512788,17.371134,-24.604965
-0.173022,17.648415,-24.612685
-2.988710,17.660661,-24.614082
-5.781031,17.403440,-24.604450
-8.691279,16.863594,-24.605241
-11.330616,15.682843,-24.612862
-13.531615,13.560742,-24.607752
-15.448613,11.322558,-24.609090
-16.643543,8.569523,-24.600505
-17.180390,5.770528,-24.600782
-17.284022,2.864644,-24.609508
-16.878865,0.187656,-24.604079
-16.442776,-2.480582,-24.602211
-15.870290,-5.000388,-24.607993
-15.300466,-7.648029,-24.607570
-14.508284,-10.454756,-24.598312
-12.946916,-12.941051,-24.599363
-10.900266,-15.027670,-24.611007
-8.468229,-16.892482,-24.604781
-5.655981,-17.955147,-24.603275
-2.709982,-18.140542,-24.606937
0.321502,-17.985973,-24.596508
3.113650,-17.602933,-24.604919
5.770046,-16.691926,-24.610122
8.254282,-15.358407,-24.610051
10.642264,-13.871044,-24.609723
12.911309,-12.205978,-24.607377
14.750375,-10.062327,-24.605804
15.866448,-7.368751,-24.599414
16.433362,-4.712339,-24.603561
16.729512,-2.037586,-24.609585
16.736461,0.556616,-24.604279
16.458353,3.258982,-24.606266
15.465315,5.613575,-24.607869
14.519429,7.979115,-24.607303
13.778798,10.709706,-24.607147
10.710428,11.362226,-28.402085
8.399819,12.232287,-28.406693
6.306377,13.212648,-28.402052
4.351516,14.175527,-28.398802
2.136979,14.763356,-28.404556
-0.137512,15.000352,-28.409176
-2.521613,15.090322,-28.400870
-4.876395,14.963047,-28.405986
-7.501907,14.649413,-28.407742
-9.836004,13.563262,-28.397760
-11.382587,11.459873,-28.400861
-12.983770,9.539089,-28.410040
-13.914634,7.306030,-28.412693
-14.433022,4.929633,-28.405033
-14.648576,2.498674,-28.399097
-14.167497,0.249763,-28.403069
-13.699679,-1.990932,-28.399928
-13.165350,-4.114534,-28.404359
-12.617008,-6.226472,-28.404661
-12.012350,-8.650722,-28.397031
-10.956488,-10.884927,-28.399924
-9.054056,-12.441318,-28.403378
-7.148198,-14.107710,-28.409124
-4.833565,-15.216039,-28.405655
-2.196888,-15.237185,-28.402476
0.261812,-15.057037,-28.411998
2.621511,-14.705287,-28.408807
4.837448,-13.851430,-28.412884
6.896985,-12.642069,-28.406731
8.822003,-11.413768,-28.395203
10.755396,-10.021279,-28.398691
12.275770,-8.299053,-28.396927
13.176745,-6.109315,-28.400708
13.680994,-3.862946,-28.410059
14.006728,-1.613029,-28.409177
14.108440,0.583439,-28.400580
14.014265,2.792504,-28.409380
13.119468,4.846794,-28.412068
12.339118,6.892779,-28.406965
11.882150,9.217610,-28.402288
8.740311,9.310443,-32.210232
6.661369,9.743831,-32.202891
4.950572,10.427935,-32.207221
3.404127,11.245831,-32.210095
1.653911,11.756575,-32.206576
-0.088456,11.936010,-32.205108
-1.991799,12.046997,-32.205835
-3.940564,12.000164,-32.204433
-5.998394,11.845474,-32.200947
-7.884475,10.953982,-32.200158
-8.920532,9.130198,-32.203458
-10.199594,7.591156,-32.204141
-10.921817,5.814656,-32.209250
-11.358108,3.914091,-32.213370
-11.594165,2.067312,-32.209604
-11.147834,0.280786,-32.202811
-10.724371,-1.420238,-32.201875
-10.268697,-3.108513,-32.202827
-9.728054,-4.760172,-32.201873
-9.280735,-6.559780,-32.200104
-8.695045,-8.521175,-32.200509
-7.091345,-9.626185,-32.202837
-5.614846,-11.130466,-32.207624
-3.835449,-12.154141,-32.208530
-1.765524,-12.086795,-32.204258
0.189960,-11.933933,-32.202103
2.069784,-11.632470,-32.204611
3.895931,-10.884877,-32.199590
5.453194,-9.923090,-32.199984
6.970518,-8.913744,-32.206723
8.446120,-7.837113,-32.205853
9.720646,-6.414031,-32.199847
10.396142,-4.732289,-32.204191
10.826841,-2.942896,-32.203995
11.121378,-1.232057,-32.199802
11.246726,0.520529,-32.201451
11.271032,2.292475,-32.199103
10.526550,3.985201,-32.201038
9.935854,5.575646,-32.206233
9.639591,7.592395,-32.211183
6.180317,6.707370,-36.007230
4.485502,6.739478,-36.004370
3.328295,7.108197,-36.006778
2.301684,7.652796,-36.007555
1.155266,8.011500,-36.006304
-0.048702,8.131315,-36.007562
-1.308888,8.233756,-36.007943
-2.649433,8.240651,-36.003317
-4.086159,8.172780,-36.004403
-5.331327,7.595137,-36.012009
-5.984596,6.240416,-36.010297
-6.851383,5.231005,-36.002182
-7.334111,4.008886,-36.007916
-7.632813,2.746996,-36.007367
-7.841540,1.538217,-36.001482
-7.489344,0.314563,-36.010233
-7.154960,-0.849837,-36.002922
-6.837308,-1.958370,-36.000531
-6.399727,-2.969133,-36.001700
-6.031884,-4.126892,-36.000481
-5.845561,-5.638655,-36.005729
-4.748932,-6.404579,-36.005473
-3.874685,-7.510212,-36.007194
-2.701485,-8.382979,-36.008906
-1.246154,-8.304046,-36.007413
0.150940,-8.182947,-36.006172
1.445710,-7.960474,-36.003648
2.695895,-7.420362,-36.003544
3.764174,-6.745706,-36.006349
4.800879,-6.034431,-36.010259
5.796896,-5.261168,-36.011229
6.674025,-4.277505,-36.004128
7.146305,-3.119792,-35.998288
7.457299,-1.887996,-36.005532
7.675779,-0.711316,-36.008060
7.800378,0.497234,-35.999399
7.867176,1.719280,-36.006726
7.360506,2.881953,-36.008730
6.965876,4.009440,-36.006784
6.811156,5.461196,-36.007257
0.037894,0.308708,-39.804873
12.005415,18.163785,36.195127
9.332623,20.369535,36.195127
6.506864,22.104704,36.195127
3.206226,23.584088,36.195127
-0.253262,24.640444,36.195127
-4.115939,25.300272,36.195127
-8.183993,25.421420,36.195127
-12.370141,24.872882,36.195127
-16.516746,23.474124,36.195127
-20.316583,21.017086,36.195127
-23.177651,17.705666,36.195127
-25.107017,13.611135,36.195127
-26.153089,9.364171,36.195127
-26.534375,5.161289,36.195127
-26.344579,0.943511,36.195127
-25.601867,-3.058365,36.195127
-24.267650,-6.904334,36.195127
-22.364115,-10.502118,36.195127
-20.070576,-13.680676,36.195127
-17.419784,-16.567830,36.195127
-14.483260,-19.162897,36.195127
-11.143221,-21.487151,36.195127
-7.639627,-23.256303,36.195127
-3.722796,-24.367557,36.195127
0.355242,-24.435050,36.195127
4.290564,-23.392676,36.195127
7.764142,-21.559085,36.195127
10.747691,-19.256421,36.195127
13.362367,-16.542043,36.195127
15.411497,-13.744800,36.195127
17.075997,-10.703875,36.195127
18.228084,-7.755223,36.195127
19.010905,-4.688462,36.195127
19.414108,-1.549204,36.195127
19.440986,1.465151,36.195127
19.093511,4.610956,36.195127
18.407894,7.545332,36.195127
17.378685,10.379908,36.195127
15.932940,13.205918,36.195127
14.941008,16.676019,32.791636
12.578622,18.963433,32.798565
9.748803,20.913964,32.793040
6.557622,22.561268,32.790925
3.181592,23.740109,32.795323
-0.277896,24.743805,32.796365
-4.186080,25.679661,32.801227
-8.201764,25.298239,32.801691
-12.201204,24.603383,32.791415
-16.251970,23.156492,32.788169
-19.889017,20.735876,32.791864
-22.907562,17.440216,32.790080
-24.799569,13.534416,32.790538
-25.988999,9.346784,32.799109
-26.332935,5.058361,32.801339
-26.296255,0.981820,32.799481
-25.818118,-3.151217,32.799661
-23.887162,-6.854275,32.794884
-21.718209,-10.116397,32.790910
-19.280945,-13.111119,32.789014
-16.560788,-15.686181,32.791071
-13.732690,-18.127718,32.797292
-10.728482,-20.341363,32.793329
-7.347210,-22.276578,32.786968
-3.553933,-23.640377,32.791182
0.314411,-24.004704,32.799188
4.201020,-23.310243,32.792526
7.648260,-21.060334,32.791598
10.337875,-18.213448,32.797152
12.925519,-15.942493,32.788293
14.909292,-13.163135,32.793480
16.240372,-10.135130,32.797081
17.429873,-7.235727,32.790077
18.545047,-4.463713,32.788962
19.121719,-1.534728,32.800854
19.390952,1.599554,32.795800
19.316040,4.581583,32.789376
18.879536,7.691439,32.793159
18.132426,10.742317,32.794203
16.854429,13.802551,32.791333
15.536036,17.311921,29.400368
12.971138,19.540158,29.400803
9.914903,21.337834,29.399160
6.659039,22.757128,29.392023
3.254027,23.695907,29.391142
-0.353936,24.579076,29.397075
-4.078767,25.416984,29.393947
-7.991735,24.659897,29.389305
-11.745911,23.731329,29.392769
-15.534606,22.163959,29.394590
-18.935695,19.750066,29.394685
-21.744826,16.732646,29.399876
-23.738217,12.934491,29.402483
-24.941708,8.956340,29.390886
-25.232967,4.867567,29.391723
-25.267840,0.971918,29.394754
-24.926531,-2.964831,29.389587
-22.838481,-6.524548,29.395045
-20.710007,-9.588508,29.394851
-18.421847,-12.451033,29.392190
-15.862948,-14.920331,29.392322
-13.109004,-17.380317,29.392687
-10.335578,-19.583858,29.397831
-7.099742,-21.665495,29.402230
-3.587191,-23.214888,29.398040
0.330140,-23.957619,29.389233
4.221182,-23.582519,29.390819
7.737612,-21.559398,29.394738
10.524916,-18.644738,29.394015
13.111511,-16.213104,29.394861
14.983197,-13.405265,29.393723
16.276630,-10.238957,29.392387
17.452891,-7.375836,29.391156
18.753941,-4.559931,29.391141
19.462347,-1.544876,29.400168
19.867842,1.540216,29.404164
19.927032,4.633892,29.400127
19.579955,7.867971,29.397750
18.855230,11.193151,29.400733
17.558631,14.380136,29.401084
15.917362,17.725554,25.998191
13.168832,19.884101,25.996022
9.929937,21.546498,25.994605
6.644412,22.757121,25.994003
3.242457,23.495286,25.992485
-0.366452,24.115970,25.991545
-3.955059,24.575770,25.994537
-7.614955,23.605287,26.000985
-11.087970,22.452050,25.992907
-14.585454,20.711143,25.994221
-17.603903,18.387507,25.994416
-20.130134,15.580870,25.989546
-22.009635,12.121421,26.000270
-23.152767,8.495861,25.996582
-23.469435,4.752264,25.995632
-23.516695,0.919133,25.999048
-23.166805,-2.668798,25.998412
-21.373006,-6.000306,25.998197
-19.497980,-8.980816,26.000457
-17.492891,-11.819813,25.998179
-15.249358,-14.316096,25.993580
-12.750671,-16.758409,25.996163
-10.006104,-19.149805,25.997144
-7.048721,-21.273234,25.993194
-3.554448,-23.081607,25.988713
0.375146,-24.186800,25.989374
4.333864,-24.135259,25.990074
8.111887,-22.653979,25.995118
11.267412,-20.027489,26.000989
13.723991,-17.146043,25.996361
15.683607,-13.908568,25.988545
17.054949,-10.693339,25.994093
18.266394,-7.727820,26.002359
19.555203,-4.796863,25.998252
20.305052,-1.686086,25.993283
20.753790,1.494517,25.996239
20.799287,4.835245,25.999551
20.386687,8.161774,25.995594
19.552959,11.562903,25.990798
18.112604,14.799619,25.994061
16.188149,17.814803,22.591314
13.153252,19.995378,22.597575
10.021263,21.442862,22.598889
6.591394,22.527915,22.595548
3.202297,23.125994,22.589677
-0.249196,23.389988,22.591213
-3.829182,23.258252,22.601085
-7.128812,22.242578,22.595146
-10.320277,20.911737,22.595269
-13.275629,19.153444,22.590686
-16.046852,16.844216,22.590831
-18.267208,14.214128,22.598791
-19.868259,11.151858,22.598002
-20.938600,7.714198,22.593108
-21.297626,4.439857,22.592025
-21.299118,0.969549,22.593250
-20.883438,-2.296863,22.595079
-19.694741,-5.383625,22.597228
-18.227343,-8.354505,22.592408
-16.670153,-11.103344,22.594343
-14.769690,-13.808471,22.601337
-12.464342,-16.373668,22.594052
-9.874628,-18.872376,22.590770
-6.946334,-21.183106,22.590595
-3.579165,-23.129727,22.590542
0.346222,-24.567641,22.598496
4.477089,-24.882848,22.596299
8.644663,-24.070350,22.589643
12.189574,-21.971412,22.590342
14.650928,-18.411826,22.596102
16.696643,-14.916971,22.594864
18.255891,-11.702385,22.597319
19.603119,-8.360797,22.599857
20.804393,-5.130992,22.593937
21.514451,-1.903818,22.590732
21.917282,1.528814,22.593043
21.824199,4.970779,22.595367
21.208593,8.514109,22.593912
20.132567,11.950379,22.590699
18.507218,15.042576,22.589198
16.146562,17.787449,19.197007
13.047357,19.815395,19.189093
9.766059,21.201426,19.192220
6.469809,22.089767,19.195864
3.078609,22.599312,19.192202
-0.321247,22.472092,19.191097
-3.512847,21.692719,19.197919
-6.640872,20.724787,19.202549
-9.425358,19.294707,19.191971
-12.104501,17.404072,19.194495
-14.414497,15.284114,19.198370
-16.315689,12.796179,19.195882
-17.683011,9.973407,19.196600
-18.556575,7.113346,19.193982
-19.041920,4.010176,19.191926
-18.953624,1.030694,19.195811
-18.509270,-1.934452,19.202200
-17.998722,-4.881901,19.202627
-17.072778,-7.715360,19.196322
-15.843275,-10.612433,19.190773
-14.323941,-13.503741,19.190790
-12.323805,-16.098005,19.192741
-9.886468,-18.709103,19.192551
-6.972101,-21.198926,19.195240
-3.578317,-23.313213,19.201548
0.355337,-25.012081,19.200305
4.664083,-25.735282,19.192546
9.057783,-25.491758,19.188730
13.103112,-23.663149,19.192639
15.743222,-19.718791,19.196628
17.948877,-16.191517,19.193255
19.850340,-12.716227,19.197567
21.266970,-9.128918,19.202138
22.299756,-5.576033,19.198197
22.941516,-2.074399,19.198340
23.194261,1.623298,19.194504
22.869534,5.164721,19.198847
21.991172,8.765384,19.200741
20.666183,12.074415,19.194073
18.650426,15.222819,19.196086
15.904946,17.551349,15.793255
12.869381,19.372435,15.790051
9.581112,20.689408,15.790738
6.291066,21.468897,15.792474
3.024460,21.901842,15.794346
-0.280229,21.434425,15.795149
-3.275945,20.108554,15.792856
-6.122199,19.258750,15.791926
-8.634859,17.686784,15.796244
-10.845463,15.898734,15.800506
-12.920937,13.784490,15.796938
-14.465836,11.574465,15.792790
-15.685295,9.023931,15.792402
-16.460025,6.451809,15.789846
-17.022220,3.797309,15.795068
-16.852137,1.000778,15.796878
-16.479703,-1.520853,15.794215
-16.589469,-4.354863,15.797459
-16.103497,-7.267000,15.801723
-15.233787,-10.138109,15.801389
-14.067463,-13.160129,15.798505
-12.206565,-16.003139,15.798469
-9.902100,-18.708172,15.793137
-6.960997,-21.345241,15.787759
-3.629226,-23.507209,15.791794
0.334784,-25.399700,15.799534
4.840005,-26.561315,15.794071
9.449172,-26.533869,15.794133
13.686969,-24.733092,15.802169
16.716228,-21.134333,15.797172
19.277940,-17.549432,15.789885
21.472665,-13.925465,15.795800
22.977834,-10.108514,15.798761
23.852450,-6.094378,15.789775
24.384569,-2.310220,15.792502
24.413504,1.652131,15.792949
23.801858,5.423871,15.788206
22.666887,8.927349,15.790676
20.910790,12.323148,15.798927
18.597877,15.216652,15.798094
15.483543,17.128012,12.401815
12.391736,18.820518,12.393450
9.226044,20.028738,12.397636
6.078688,20.705052,12.393423
2.797687,21.065897,12.393069
-0.278880,20.369162,12.399187
-3.000955,18.843398,12.395922
-5.699591,18.032585,12.401581
-7.957825,16.358130,12.399935
-9.986573,14.587326,12.393750
-11.664456,12.708322,12.392113
-13.111527,10.604084,12.391533
-14.291904,8.372807,12.392947
-15.037751,5.947279,12.400097
-15.624651,3.595972,12.394154
-15.484503,1.093409,12.389093
-15.209581,-1.275219,12.390438
-15.681370,-4.066221,12.390902
-15.531070,-6.863159,12.394974
-14.869578,-9.780129,12.394825
-13.845112,-12.987526,12.388844
-12.180975,-15.935685,12.389684
-9.896412,-18.816720,12.394427
-7.096356,-21.385576,12.392969
-3.563425,-23.713872,12.388536
0.344256,-25.655199,12.397354
4.943264,-27.155757,12.395927
9.688969,-27.043122,12.389065
13.985230,-25.148297,12.389095
17.580412,-22.195245,12.390874
20.470405,-18.742958,12.387756
22.948091,-14.940220,12.394210
24.568258,-10.765396,12.402554
25.218334,-6.569298,12.398259
25.614208,-2.500931,12.391539
25.391739,1.574777,12.398114
24.547420,5.436199,12.394471
23.084501,9.100731,12.392571
21.015779,12.296611,12.403375
18.342814,15.026151,12.406680
14.903480,16.539750,8.995131
11.907411,18.073080,8.998342
8.884438,19.208938,8.997738
5.744858,19.857144,8.993156
2.766537,20.111384,8.993313
-0.183732,19.461238,8.997202
-2.930127,18.022902,8.996822
-5.454409,17.190194,8.994926
-7.595144,15.607882,8.998669
-9.545079,13.987312,9.001441
-11.206975,12.112780,8.994814
-12.605190,10.160832,8.987936
-13.793450,8.112443,8.990290
-14.555527,5.851833,8.997849
-15.193785,3.531788,8.997248
-15.174577,1.035012,8.995402
-15.038046,-1.336631,8.997910
-15.503398,-3.967773,9.000817
-15.441431,-6.902416,8.996474
-14.782310,-9.790627,8.990765
-13.727521,-12.832537,8.991065
-12.141348,-15.961931,8.997787
-9.936276,-18.864955,9.000295
-7.014844,-21.498604,8.995805
-3.608515,-23.709715,8.990920
0.401640,-25.686982,8.993108
4.864887,-27.279031,8.996714
9.593635,-26.949444,8.993610
13.892912,-24.968854,8.987714
17.955845,-22.786796,8.988544
21.257655,-19.398916,8.994400
23.836753,-15.641951,8.995026
25.565460,-11.267223,8.995030
26.102765,-6.780550,8.995343
26.332486,-2.581387,8.989965
25.859967,1.586829,8.996956
24.836598,5.537318,8.993307
23.194528,9.093130,8.992548
20.761564,12.181902,9.001868
17.874137,14.642571,8.998964
14.195412,15.821196,5.591418
11.345372,17.224743,5.594962
8.370019,18.343143,5.594692
5.538738,18.941899,5.595888
2.628362,19.105245,5.595013
-0.210749,18.610187,5.591703
-2.802517,17.631025,5.591175
-5.273778,16.756656,5.589683
-7.469095,15.590754,5.595011
-9.615654,14.076628,5.600046
-11.405138,12.352290,5.598501
-12.869814,10.341829,5.591526
-14.016127,8.136464,5.590102
-14.885803,5.956508,5.599060
-15.601005,3.562937,5.599047
-15.763351,1.097718,5.592006
-15.714119,-1.390852,5.589300
-15.964912,-4.142018,5.594230
-15.803025,-7.042334,5.594216
-14.947288,-9.955125,5.592311
-13.705433,-12.735077,5.592246
-12.119510,-15.961983,5.591634
-9.958640,-18.814651,5.596986
-7.018163,-21.358872,5.600621
-3.630130,-23.477633,5.597992
0.365793,-25.321156,5.599393
4.831236,-26.758146,5.598369
9.296474,-26.159235,5.598590
13.343141,-24.151168,5.599832
17.663163,-22.333401,5.595276
21.083367,-19.173980,5.591292
23.641870,-15.480075,5.596551
25.405154,-11.183091,5.599970
26.033276,-6.780709,5.596340
26.127245,-2.498906,5.599698
25.483688,1.580257,5.599954
24.459231,5.478603,5.593861
22.688969,9.041578,5.590966
20.048809,11.895114,5.592714
17.178150,14.064177,5.591402
13.391100,15.009162,2.193551
10.647400,16.365556,2.189252
7.916719,17.421734,2.197946
5.186821,18.037412,2.195756
2.400480,18.094526,2.190575
-0.262809,17.874187,2.194474
-2.741643,17.441909,2.193603
-5.117818,16.564045,2.189282
-7.661681,15.767147,2.189416
-9.841938,14.520310,2.193441
-11.949227,12.836508,2.195920
-13.470756,10.862131,2.194680
-14.564245,8.415228,2.194912
-15.643460,6.130505,2.199056
-16.420319,3.725907,2.195482
-16.784212,1.086610,2.194667
-16.841870,-1.574710,2.199895
-16.749238,-4.366366,2.201530
-16.342520,-7.281893,2.200835
-15.265360,-10.124867,2.200980
-13.749033,-12.798415,2.200804
-12.117007,-15.855481,2.195986
-9.879336,-18.645130,2.190819
-6.957696,-20.996249,2.188517
-3.504834,-22.985798,2.192213
0.330673,-24.481887,2.200458
4.576856,-25.350497,2.193453
8.803332,-24.582523,2.189989
12.604090,-22.531615,2.195260
16.160879,-20.454393,2.190670
19.298455,-17.568884,2.189914
21.551296,-13.963643,2.191465
23.246852,-10.178736,2.192816
24.501151,-6.263880,2.193391
24.524935,-2.263555,2.190921
23.865243,1.538705,2.192022
23.032951,5.194072,2.195674
21.476999,8.539199,2.194027
18.893310,11.267268,2.189839
16.130047,13.366229,2.192718
12.527789,14.137359,-1.210481
10.078325,15.438296,-1.202592
7.516809,16.495075,-1.197473
4.943020,17.142574,-1.207071
2.305338,17.168237,-1.209867
-0.223909,17.227692,-1.207778
-2.704384,17.284892,-1.209982
-5.087082,16.408603,-1.199149
-7.694039,15.910918,-1.204991
-10.052301,14.784293,-1.205509
-12.262205,13.227217,-1.206570
-14.032617,11.171225,-1.208822
-15.156527,8.745418,-1.207188
-16.397947,6.406060,-1.209451
-17.264017,3.791657,-1.210579
-17.815985,1.045707,-1.210436
-18.000731,-1.826838,-1.206628
-17.488760,-4.682848,-1.199769
-16.766673,-7.514227,-1.206683
-15.474619,-10.353430,-1.209721
-13.799217,-12.891040,-1.203273
-12.045142,-15.663349,-1.205377
-9.695130,-18.278344,-1.202599
-6.732912,-20.444889,-1.202063
-3.351822,-22.139609,-1.207988
0.297765,-23.165666,-1.203982
4.191131,-23.255919,-1.200230
8.045052,-22.388293,-1.204616
11.442435,-20.510346,-1.210836
14.135956,-17.679433,-1.207928
16.660073,-14.964094,-1.202503
18.366061,-11.669531,-1.204109
19.802483,-8.426669,-1.208512
21.668275,-5.455444,-1.207642
21.753483,-1.808260,-1.206323
21.211632,1.586142,-1.206455
20.560976,4.791771,-1.208692
19.324759,7.814188,-1.210571
17.293128,10.402836,-1.211255
14.934672,12.508430,-1.212686
11.644523,13.245105,-4.606003
9.412067,14.582538,-4.607172
7.040873,15.643405,-4.605009
4.642945,16.304693,-4.598048
2.164582,16.374076,-4.603293
-0.187058,16.626494,-4.611906
-2.705781,16.974185,-4.609282
-5.089950,16.181750,-4.609264
-7.658999,15.756028,-4.603193
-10.008878,14.711432,-4.604549
-12.212646,13.246426,-4.601738
-14.165820,11.253433,-4.596264
-15.536486,8.878966,-4.599795
-16.864689,6.503096,-4.604203
-17.707103,3.825352,-4.601530
-18.404019,1.021489,-4.600863
-18.697978,-1.984866,-4.603317
-17.814826,-4.815743,-4.601662
-16.799444,-7.618023,-4.607315
-15.522344,-10.250063,-4.608132
-13.765867,-12.788650,-4.601025
-11.749840,-15.414637,-4.600793
-9.361134,-17.697853,-4.603727
-6.496369,-19.586668,-4.604675
-3.216861,-20.956365,-4.603787
0.314503,-21.493002,-4.605127
3.854979,-20.800883,-4.608122
7.104890,-19.814664,-4.608060
10.344446,-18.285134,-4.606854
12.391737,-15.385548,-4.610160
14.379197,-12.804387,-4.607382
15.806303,-9.908836,-4.600066
16.822395,-6.992810,-4.599455
18.379512,-4.476260,-4.607710
18.582642,-1.449480,-4.609886
18.239421,1.532487,-4.606745
17.687783,4.290153,-4.608046
16.739265,6.974936,-4.607612
15.485569,9.382009,-4.600806
13.751591,11.488418,-4.601720
10.750383,12.345453,-8.007041
8.771286,13.748583,-8.002558
6.702815,14.781356,-8.001425
4.381710,15.481768,-8.008768
2.077658,15.676504,-8.010001
-0.209928,16.043537,-8.006898
-2.560962,16.428923,-8.009177
-4.935963,15.839439,-8.011323
-7.422049,15.348893,-8.010390
-9.724838,14.333861,-8.003450
-11.962655,12.877783,-8.000689
-13.870775,11.083093,-8.000036
-15.391212,8.902916,-7.998914
-16.734806,6.492911,-8.006088
-17.533777,3.771584,-8.010180
-18.219146,1.047966,-8.004768
-18.522491,-1.856386,-7.999138
-17.529701,-4.669179,-8.006179
-16.416306,-7.332786,-8.011519
-15.132087,-9.994552,-8.009509
-13.457794,-12.461279,-8.007262
-11.395655,-14.754868,-8.011880
-8.950892,-16.814698,-8.003964
-6.108748,-18.495118,-8.001353
-3.064028,-19.495441,-8.012400
0.269999,-19.593520,-8.010609
3.426771,-18.391624,-8.001549
6.321158,-17.243580,-7.998393
9.199751,-16.228490,-7.999846
11.370850,-13.901564,-7.998397
13.119885,-11.430488,-8.006108
14.366552,-8.900343,-8.006752
15.089657,-6.109476,-8.001939
15.588904,-3.514504,-8.010068
15.681054,-0.991503,-8.005480
15.560896,1.441885,-8.003168
15.034656,3.904014,-8.008883
14.307273,6.103933,-8.007173
13.622182,8.425206,-7.997456
12.424390,10.546957,-8.001058
9.835699,11.431050,-11.411630
8.210971,12.839746,-11.401013
6.253307,13.944982,-11.406555
4.114599,14.636728,-11.407072
1.996293,14.979103,-11.400607
-0.224374,15.357153,-11.399882
-2.445282,15.615175,-11.399286
-4.783683,15.295768,-11.399039
-7.062957,14.723101,-11.404238
-9.290756,13.707151,-11.405812
-11.363696,12.378305,-11.405888
-13.261391,10.679032,-11.404432
-14.815544,8.641472,-11.403698
-16.054249,6.286069,-11.408570
-16.767051,3.740699,-11.406530
-17.292154,1.104013,-11.407904
-17.419598,-1.725970,-11.410455
-16.629087,-4.379327,-11.402565
-15.577395,-6.940703,-11.404427
-14.384546,-9.427561,-11.404197
-12.811054,-11.816209,-11.398786
-10.709156,-13.906829,-11.402520
-8.337597,-15.697348,-11.403626
-5.720176,-17.087818,-11.406848
-2.737244,-17.830602,-11.412250
0.238809,-17.604543,-11.406496
3.030639,-16.345797,-11.403867
5.619228,-15.155359,-11.405530
8.249735,-14.313055,-11.405426
10.513155,-12.717263,-11.405178
12.132269,-10.492452,-11.407870
13.275160,-8.058406,-11.404895
13.880853,-5.591300,-11.397003
13.621242,-2.947595,-11.399577
13.509689,-0.703638,-11.407966
13.494560,1.454946,-11.403149
13.004887,3.531374,-11.400404
12.282889,5.439124,-11.410996
11.943223,7.562050,-11.408655
11.173717,9.582564,-11.411331
8.953015,10.421218,-14.801829
7.534716,11.924975,-14.809054
5.804838,13.038994,-14.808315
3.861001,13.711872,-14.798645
1.854223,14.196925,-14.801833
-0.178413,14.465653,-14.810935
-2.243833,14.556265,-14.806549
-4.480495,14.532157,-14.800925
-6.630784,13.862293,-14.813508
-8.663653,12.900114,-14.809300
-10.635305,11.642197,-14.810858
-12.373017,10.071228,-14.813601
-13.826176,8.117627,-14.810000
-14.868183,5.916010,-14.810627
-15.511492,3.564770,-14.802420
-15.744486,1.052071,-14.797790
-15.634598,-1.385957,-14.804175
-15.231888,-3.882253,-14.811575
-14.388988,-6.256046,-14.805136
-13.247279,-8.634847,-14.798633
-11.822938,-10.823000,-14.799483
-9.843703,-12.683345,-14.798957
-7.622357,-14.256430,-14.799152
-5.173840,-15.448208,-14.803016
-2.505891,-15.957991,-14.806456
0.179351,-15.581633,-14.802487
2.784598,-14.758107,-14.802649
5.119070,-13.822898,-14.802901
7.403128,-12.734749,-14.801136
9.516257,-11.463431,-14.810098
11.047615,-9.531259,-14.806092
12.058202,-7.249356,-14.797131
12.694636,-5.012486,-14.801247
12.322161,-2.524501,-14.804770
12.109430,-0.476986,-14.801394
12.091085,1.412787,-14.803548
11.566956,3.290634,-14.807030
10.713865,4.948315,-14.803235
10.537283,6.817635,-14.810564
9.997060,8.718387,-14.807343
7.954944,9.447582,-18.199315
6.810761,10.917059,-18.206168
5.326615,12.011709,-18.207196
3.511343,12.669992,-18.202266
1.727019,13.220607,-18.203991
-0.173773,13.325392,-18.210214
-2.024294,13.292236,-18.206312
-4.178709,13.473895,-18.200108
-6.017048,12.807129,-18.207695
-7.908533,11.885751,-18.197585
-9.675034,10.751084,-18.208614
-11.244057,9.222612,-18.208297
-12.423010,7.385082,-18.197849
-13.258861,5.360062,-18.209937
-13.796035,3.307850,-18.210085
-13.644674,1.069037,-18.209429
-13.393905,-1.026174,-18.210715
-13.417185,-3.296420,-18.208424
-12.772863,-5.452652,-18.206962
-11.789793,-7.540646,-18.206792
-10.551002,-9.519649,-18.205331
-8.748214,-11.166587,-18.201871
-6.795077,-12.494077,-18.204214
-4.569166,-13.522852,-18.210688
-2.157781,-13.882200,-18.211947
0.226535,-13.432433,-18.203166
2.523227,-13.175288,-18.203533
4.747347,-12.651221,-18.208286
6.585928,-11.281887,-18.204029
8.431507,-10.027113,-18.199491
9.847338,-8.356058,-18.202425
10.717000,-6.289014,-18.210194
11.364305,-4.291614,-18.211568
11.231043,-2.212563,-18.200170
11.013742,-0.287297,-18.196261
10.962534,1.413842,-18.200296
10.450955,3.083400,-18.201741
9.404833,4.507652,-18.200447
9.283574,6.180357,-18.203691
8.863770,7.895133,-18.201541
6.930534,8.352017,-21.604945
5.998621,9.770611,-21.602851
4.708594,10.831802,-21.608646
3.135399,11.414984,-21.601467
1.519086,11.959994,-21.600141
-0.124053,11.902930,-21.600892
-1.855275,11.882986,-21.601565
-3.646397,12.098465,-21.611403
-5.382884,11.441565,-21.612172
-7.007310,10.617846,-21.601982
-8.542028,9.614255,-21.596491
-9.767734,8.173335,-21.598873
-10.582108,6.535826,-21.599091
-11.264561,4.751045,-21.598302
-11.661115,2.950812,-21.605904
-11.174720,1.125029,-21.602087
-10.953464,-0.578855,-21.599635
-11.264366,-2.541451,-21.606989
-10.791425,-4.363221,-21.609117
-9.996897,-6.221816,-21.603458
-8.985276,-7.965976,-21.597147
-7.454238,-9.332346,-21.599642
-5.798991,-10.423930,-21.608039
-3.928384,-11.275435,-21.611258
-1.897335,-11.573644,-21.607015
0.170023,-11.141629,-21.609858
2.103673,-11.120374,-21.607933
4.195746,-11.030660,-21.599756
5.733077,-9.644199,-21.598812
7.233212,-8.381346,-21.600886
8.488305,-6.947598,-21.603972
9.210123,-5.233174,-21.607056
9.808496,-3.575375,-21.609700
9.957129,-1.845041,-21.611797
9.839677,-0.165784,-21.607609
9.758523,1.381136,-21.599454
9.329130,2.916094,-21.596736
8.206129,4.096972,-21.600368
8.056023,5.515038,-21.597227
7.699372,7.072339,-21.599860
5.772356,7.172604,-25.010846
5.033357,8.414995,-25.003300
3.973571,9.358772,-25.004152
2.627971,9.835550,-25.004699
1.304885,10.262606,-25.008024
-0.094749,10.120077,-25.008565
-1.555874,10.201513,-25.008228
-3.088644,10.311969,-25.005800
-4.497521,9.781065,-25.005506
-5.809023,9.070747,-25.010794
-7.081839,8.176514,-25.007821
-7.842461,6.842801,-25.007225
-8.373727,5.386526,-25.007595
-8.887875,4.017512,-25.007344
-9.039205,2.609635,-25.007761
-8.307158,1.148558,-25.007518
-8.343149,-0.143546,-25.002733
-8.748561,-1.665959,-24.999767
-8.370511,-3.106069,-25.005196
-7.845124,-4.612651,-25.003133
-7.139278,-6.016187,-24.999493
-5.930020,-7.088522,-25.006542
-4.568335,-7.973722,-25.010918
-3.104187,-8.644269,-25.010262
-1.445118,-8.895408,-25.007118
0.127705,-8.560867,-25.000958
1.687590,-8.525631,-24.999238
3.377035,-8.722409,-25.006015
4.679843,-7.658932,-25.012593
5.812658,-6.482621,-25.006070
6.832521,-5.369640,-24.998915
7.457815,-4.010254,-25.005478
7.958052,-2.659777,-25.006265
8.294869,-1.273644,-24.998866
8.349950,0.092002,-25.000832
8.245874,1.403342,-25.011548
8.017521,2.647379,-25.001468
6.994272,3.677177,-24.999946
6.724189,4.824941,-25.002161
6.463477,6.097096,-25.006948
4.308853,5.696864,-28.408058
3.769993,6.610269,-28.402540
2.978510,7.347878,-28.400937
1.972759,7.648213,-28.401065
0.952011,7.905375,-28.408313
-0.091225,7.794664,-28.400014
-1.128154,7.945755,-28.402143
-2.271586,7.952233,-28.400379
-3.301895,7.522680,-28.399412
-4.263396,7.000207,-28.401602
-4.986153,6.158147,-28.405672
-5.217780,4.979037,-28.407490
-5.578805,4.038288,-28.404355
-5.877190,3.116532,-28.405107
-5.409160,2.067443,-28.405945
-5.038948,1.226785,-28.403994
-5.439401,0.359393,-28.402347
-5.613388,-0.622627,-28.404129
-5.357602,-1.537550,-28.407509
-5.170554,-2.561548,-28.408369
-4.737468,-3.599771,-28.408178
-3.924316,-4.290489,-28.407647
-3.027750,-4.871893,-28.402598
-2.049761,-5.346818,-28.400699
-1.009838,-5.565062,-28.407402
0.107708,-5.385571,-28.408084
1.099375,-5.214840,-28.402922
2.291122,-5.425840,-28.401212
3.332715,-5.029033,-28.403314
4.060797,-4.172873,-28.404323
4.737316,-3.311940,-28.402247
5.249084,-2.409652,-28.400700
5.605798,-1.460399,-28.401520
5.898412,-0.540495,-28.404017
6.205460,0.383770,-28.405252
6.223683,1.373920,-28.399470
6.102360,2.318720,-28.404014
5.542873,3.182400,-28.405593
5.077489,3.972633,-28.400402
4.882739,4.948791,-28.406064
0.991371,2.776236,-31.804873
