12.095038,18.939077,35.718810
9.038571,20.052564,35.718810
6.056580,20.792555,35.718810
3.017440,21.243148,35.718810
-0.230790,21.418078,35.718810
-3.301116,21.307733,35.718810
-6.529240,20.906024,35.718810
-9.882757,20.167291,35.718810
-13.148347,19.104192,35.718810
-16.769355,17.460897,35.718810
-20.149780,15.364547,35.718810
-23.457825,12.553604,35.718810
-26.425776,8.908776,35.718810
-28.627874,4.752695,35.718810
-30.097677,-0.093239,35.718810
-30.633654,-5.129412,35.718810
-30.164290,-10.355785,35.718810
-28.544935,-15.532442,35.718810
-25.857667,-20.249287,35.718810
-22.309024,-24.353770,35.718810
-18.078598,-27.750840,35.718810
-13.156899,-30.431560,35.718810
-8.021252,-32.179005,35.718810
-2.492062,-33.098718,35.718810
2.931749,-33.123324,35.718810
8.289997,-32.283342,35.718810
13.612204,-30.526968,35.718810
18.407245,-27.990006,35.718810
22.525560,-24.741882,35.718810
25.963418,-20.541694,35.718810
28.167249,-15.783194,35.718810
29.207164,-10.641334,35.718810
29.210449,-5.759148,35.718810
28.386082,-0.948131,35.718810
27.026121,3.171367,35.718810
25.209150,6.910858,35.718810
23.026897,10.232814,35.718810
20.545995,13.116325,35.718810
17.842448,15.536768,35.718810
15.152451,17.711718,31.974296
12.762075,19.947045,31.961019
9.627803,21.354441,31.964262
6.466194,22.432313,31.962924
3.090286,22.551821,31.966788
-0.175848,22.048918,31.975641
-3.451764,22.013330,31.973807
-6.703259,21.603198,31.969769
-10.075919,20.816234,31.963537
-13.722764,19.669732,31.963975
-17.407439,18.093900,31.967950
-20.986224,15.911460,31.961987
-24.400631,12.903408,31.970889
-27.397214,9.220854,31.976854
-29.713756,4.889286,31.973949
-31.024984,-0.047606,31.975639
-31.293397,-5.326500,31.971262
-30.509439,-10.554553,31.962064
-28.690774,-15.515586,31.964866
-25.819985,-20.170047,31.977082
-22.147465,-24.218689,31.975339
-17.847210,-27.594029,31.967978
-13.038090,-30.189831,31.963034
-7.852560,-31.919420,31.966166
-2.448986,-32.742659,31.972428
3.015527,-32.659209,31.969658
8.220372,-31.750100,31.966726
13.386534,-29.970494,31.961152
18.040862,-27.467587,31.966165
22.193560,-24.200697,31.975371
25.585222,-20.146615,31.961813
27.842868,-15.569604,31.969251
28.971627,-10.592808,31.964698
29.025209,-5.673932,31.962460
28.233093,-1.002937,31.969547
26.874317,3.151025,31.961578
25.077399,6.931136,31.964805
22.953109,10.344270,31.967182
20.377767,13.124836,31.973319
17.723648,15.345206,31.979853
15.390489,17.995012,28.213465
12.989347,20.494782,28.222569
9.873797,21.979217,28.227364
6.542212,23.207539,28.221461
3.166295,23.323451,28.214654
-0.295710,22.753982,28.214896
-3.586053,22.721951,28.218820
-7.030622,22.265222,28.220684
-10.585757,21.388512,28.219144
-14.067526,20.268956,28.213417
-17.936562,18.614687,28.211791
-21.672301,16.302179,28.225510
-25.075077,13.251888,28.229056
-28.187465,9.396152,28.220623
-30.539216,4.855497,28.215308
-31.693568,-0.146885,28.220825
-31.735310,-5.456421,28.226168
-30.718035,-10.667523,28.218762
-28.707673,-15.579931,28.211865
-25.695973,-20.172223,28.214811
-22.060667,-24.039222,28.218236
-17.712263,-27.392210,28.219932
-13.031458,-29.892537,28.219629
-7.813057,-31.599883,28.218599
-2.375410,-32.357936,28.215761
2.929078,-32.199358,28.211262
8.145356,-31.221177,28.217035
13.143216,-29.441303,28.218149
17.645557,-26.992564,28.216297
21.824029,-23.721504,28.219356
25.167265,-19.836338,28.217919
27.545924,-15.295181,28.220976
28.755446,-10.502703,28.225739
28.897720,-5.563888,28.223039
28.194855,-1.041743,28.219763
26.894465,3.151131,28.225631
25.152337,6.977071,28.227584
23.187696,10.296049,28.225842
20.657606,13.139718,28.219397
17.881768,15.525046,28.212542
15.669452,18.317127,24.460233
13.109328,20.660868,24.463190
9.999235,22.182197,24.473787
6.695805,23.419702,24.472209
3.115722,23.768252,24.467371
-0.193786,23.471910,24.469525
-3.666770,23.406035,24.472455
-7.292966,22.908780,24.472729
-10.845068,22.008337,24.475847
-14.484600,20.772058,24.474242
-18.324090,19.042302,24.465945
-22.183705,16.577509,24.464511
-25.697205,13.369650,24.463464
-28.763445,9.473208,24.466142
-31.032986,4.884313,24.470499
-32.082263,-0.145657,24.472349
-31.982289,-5.459134,24.476514
-30.816903,-10.643098,24.469195
-28.693050,-15.512971,24.466803
-25.609324,-20.061389,24.472581
-21.924664,-23.887196,24.468328
-17.538171,-27.197619,24.474758
-12.825165,-29.646267,24.468416
-7.757269,-31.238613,24.462715
-2.489436,-31.922191,24.474732
2.817742,-31.717203,24.476018
8.027721,-30.685554,24.467163
12.845360,-28.931496,24.471182
17.341514,-26.464247,24.473835
21.384927,-23.310737,24.462435
24.780329,-19.466976,24.467186
27.185906,-15.142972,24.475708
28.538009,-10.385709,24.468325
28.814951,-5.631203,24.464065
28.241403,-1.087535,24.469272
27.047469,3.140874,24.465287
25.388674,7.008502,24.465117
23.372666,10.508340,24.473723
20.914484,13.425639,24.474834
18.217300,15.901589,24.466554
15.972611,18.648743,20.727075
13.147024,20.662374,20.726501
10.031012,22.184980,20.718496
6.756028,23.378692,20.715219
3.177153,24.037285,20.716663
-0.304476,24.139792,20.717904
-3.954395,24.019261,20.719362
-7.570518,23.486151,20.720777
-11.109484,22.566814,20.716945
-14.885799,21.185036,20.716475
-18.659538,19.332700,20.723837
-22.459145,16.791902,20.725697
-25.956353,13.574867,20.718292
-28.985679,9.665310,20.713264
-31.255488,4.879402,20.712827
-32.221954,-0.156897,20.713640
-32.027437,-5.458760,20.721707
-30.764998,-10.610442,20.720209
-28.569386,-15.438919,20.714572
-25.445008,-19.947383,20.714428
-21.731100,-23.732214,20.715582
-17.469166,-26.888685,20.716178
-12.743329,-29.293419,20.720200
-7.666947,-30.825925,20.723908
-2.399164,-31.435817,20.720175
2.895585,-31.159796,20.714149
7.906626,-30.112252,20.722621
12.701028,-28.321140,20.723526
17.016385,-25.922612,20.714173
21.051920,-22.773976,20.711927
24.353012,-19.103141,20.718215
26.844800,-14.838522,20.721102
28.282374,-10.306877,20.721802
28.727794,-5.573216,20.720053
28.308462,-1.021274,20.721128
27.238864,3.232998,20.726546
25.666464,7.131255,20.719483
23.692144,10.637760,20.714314
21.351436,13.669563,20.716412
18.767471,16.262615,20.722101
16.291086,18.975780,16.968568
13.082474,20.704672,16.976526
9.958761,22.197873,16.969285
6.692924,23.310669,16.960098
3.152738,24.213117,16.968299
-0.259764,24.710359,16.974378
-3.903830,24.566432,16.960921
-7.686121,23.995024,16.967902
-11.378131,23.009865,16.968932
-15.106268,21.538935,16.963779
-18.956162,19.472431,16.968221
-22.667675,16.835934,16.976325
-26.114565,13.587636,16.973974
-29.064205,9.647079,16.972519
-31.170377,5.002279,16.969875
-32.122104,-0.199332,16.961379
-31.865723,-5.478177,16.968005
-30.543724,-10.593969,16.965588
-28.305747,-15.380840,16.963539
-25.276796,-19.708581,16.970988
-21.566135,-23.468369,16.974295
-17.293377,-26.575877,16.975327
-12.553700,-28.908532,16.974148
-7.473429,-30.354680,16.974713
-2.216642,-30.877273,16.977100
2.872733,-30.549997,16.973446
7.678107,-29.505946,16.968077
12.446526,-27.700301,16.963220
16.736241,-25.295728,16.961422
20.612091,-22.270016,16.961757
23.926806,-18.637773,16.962689
26.399856,-14.596186,16.972219
27.979785,-10.132381,16.973564
28.599189,-5.619652,16.970923
28.389938,-1.071569,16.971218
27.486953,3.204848,16.967411
26.024404,7.131551,16.964484
24.106787,10.639761,16.964763
21.773510,13.931337,16.963831
19.304774,16.644380,16.962863
16.596591,19.284725,13.212032
13.293016,20.774894,13.214744
10.013054,22.314383,13.220399
6.753114,23.346403,13.213323
3.260756,24.354718,13.216757
-0.427137,25.140395,13.224621
-4.054498,24.955599,13.214065
-7.808403,24.357536,13.223111
-11.634952,23.287866,13.222861
-15.299832,21.730310,13.215955
-19.053804,19.553043,13.217970
-22.667814,16.836185,13.219361
-26.037685,13.551539,13.212515
-28.889265,9.585157,13.215902
-30.892212,4.929260,13.222267
-31.777223,-0.062975,13.215662
-31.527321,-5.305869,13.217548
-30.217277,-10.388101,13.218677
-27.995489,-15.142489,13.217222
-24.988575,-19.442352,13.216550
-21.298391,-23.172213,13.216270
-17.024096,-26.215922,13.218894
-12.278349,-28.454451,13.216158
-7.385303,-29.765354,13.217800
-2.158578,-30.222276,13.225797
2.713300,-29.870073,13.220465
7.652871,-28.753065,13.223036
12.205978,-26.986564,13.217457
16.303320,-24.677247,13.211640
20.154631,-21.674722,13.217673
23.349088,-18.222933,13.214441
25.881760,-14.257824,13.216329
27.542443,-10.051480,13.223435
28.394465,-5.425077,13.226042
28.397585,-1.084070,13.221063
27.675107,3.197069,13.218573
26.253191,7.302018,13.225649
24.375734,10.792651,13.222405
22.125263,14.144287,13.215405
19.623448,17.064462,13.212436
16.838897,19.532612,9.464030
13.395222,21.050748,9.475942
10.145386,22.560162,9.464696
6.734482,23.567465,9.465456
3.275192,24.537885,9.472150
-0.360262,25.359971,9.468449
-4.125564,25.167964,9.463197
-7.832832,24.548874,9.468091
-11.602499,23.447971,9.474685
-15.357460,21.762844,9.473057
-19.010184,19.512886,9.465476
-22.511126,16.734313,9.464029
-25.767999,13.411554,9.470172
-28.494463,9.428107,9.476284
-30.335739,4.959063,9.470595
-31.213114,-0.155154,9.460586
-30.972143,-5.159545,9.474462
-29.697454,-10.189239,9.469691
-27.512132,-14.893561,9.462535
-24.544156,-19.148465,9.469860
-20.894611,-22.834424,9.468874
-16.633580,-25.792098,9.472505
-12.067395,-27.852771,9.472249
-7.211113,-29.073491,9.468978
-2.217400,-29.453422,9.468190
2.773108,-29.044755,9.465333
7.469745,-27.929204,9.467012
11.797664,-26.229084,9.465008
15.846545,-23.944620,9.466440
19.517388,-21.091801,9.475647
22.698173,-17.701174,9.472541
25.259355,-13.820055,9.470623
27.022852,-9.712247,9.473651
28.036343,-5.356910,9.474416
28.266997,-1.071936,9.467075
27.736354,3.187625,9.460658
26.439791,7.283071,9.473018
24.542613,10.911538,9.476280
22.358578,14.261883,9.467302
19.941460,17.205406,9.458948
16.952762,19.642988,5.711677
13.632107,21.261764,5.714560
10.277334,22.813631,5.711272
6.746905,23.810847,5.717932
3.320127,24.646762,5.718882
-0.282710,25.337887,5.715758
-4.151561,25.148242,5.723881
-7.957167,24.469620,5.718027
-11.639027,23.312740,5.717985
-15.291514,21.582663,5.718151
-18.831385,19.296866,5.716631
-22.075196,16.606359,5.726057
-25.203411,13.275291,5.720948
-27.806219,9.313665,5.717473
-29.609416,4.733420,5.719689
-30.409451,-0.121285,5.715846
-30.184822,-5.036043,5.718548
-28.964873,-9.985520,5.719403
-26.923367,-14.458621,5.716226
-24.032354,-18.656363,5.712440
-20.472038,-22.300524,5.710273
-16.267265,-25.174851,5.712496
-11.749623,-27.127812,5.723174
-6.960861,-28.244558,5.723635
-2.051143,-28.542255,5.711414
2.671171,-28.105104,5.718336
7.272317,-26.964792,5.718988
11.509685,-25.259911,5.716770
15.469103,-22.987793,5.715524
18.919414,-20.272194,5.712339
21.929676,-17.076111,5.714576
24.490994,-13.296059,5.724892
26.267423,-9.473886,5.718961
27.467491,-5.249396,5.716949
27.921410,-1.059465,5.722110
27.557125,3.316768,5.711527
26.429853,7.200451,5.722128
24.539249,10.949995,5.719523
22.417012,14.243034,5.710837
19.951905,17.276784,5.708678
16.849074,19.507675,1.965472
13.585323,21.384837,1.962986
10.324663,22.901931,1.971605
6.882898,23.878310,1.967616
3.349328,24.573990,1.965996
-0.374347,25.032645,1.970135
-3.965088,24.859042,1.965086
-7.833835,24.146705,1.971860
-11.404535,22.968111,1.967899
-14.940250,21.243138,1.960767
-18.362591,18.979690,1.964966
-21.602105,16.190903,1.970964
-24.455209,13.002991,1.968881
-26.912625,9.096247,1.968533
-28.566525,4.780437,1.972306
-29.357248,0.056070,1.971081
-29.153923,-4.899601,1.964268
-28.055541,-9.566713,1.961026
-26.032878,-14.090098,1.968703
-23.327593,-18.048199,1.976205
-19.890190,-21.625239,1.969107
-15.778450,-24.396162,1.969534
-11.346426,-26.221578,1.971995
-6.665521,-27.228563,1.971881
-1.882054,-27.454089,1.971245
2.540727,-26.991382,1.967810
7.009131,-25.836306,1.962684
11.122144,-24.144595,1.960599
14.822693,-22.006719,1.962418
18.180427,-19.360525,1.965992
21.109469,-16.246886,1.969711
23.528846,-12.723165,1.972061
25.340333,-9.040551,1.969241
26.656332,-4.973201,1.962286
27.274125,-0.915611,1.963609
27.109856,3.185980,1.975483
26.068368,7.158779,1.975700
24.282121,10.843775,1.976005
22.223608,14.029110,1.975870
19.705549,17.087370,1.971791
16.377874,18.951483,-1.783217
13.408986,21.017504,-1.778966
10.140643,22.567959,-1.782761
6.673743,23.609861,-1.785778
3.266947,24.164618,-1.780266
-0.347444,24.362891,-1.776249
-3.960430,24.192848,-1.783505
-7.515534,23.520159,-1.785006
-11.098793,22.304740,-1.783688
-14.486761,20.622262,-1.784506
-17.763532,18.421357,-1.786422
-20.846036,15.699859,-1.786112
-23.527506,12.578939,-1.785263
-25.814889,8.773326,-1.780258
-27.343347,4.599297,-1.775783
-28.061805,0.048581,-1.779103
-27.878754,-4.553562,-1.784800
-26.877001,-9.057656,-1.786285
-24.973467,-13.423391,-1.781070
-22.285067,-17.374054,-1.779056
-19.114870,-20.718021,-1.786903
-15.150941,-23.367653,-1.781508
-10.860523,-25.059550,-1.781674
-6.343562,-25.959300,-1.787123
-1.905276,-26.131648,-1.784299
2.507825,-25.629195,-1.783288
6.637047,-24.522396,-1.784004
10.588318,-22.882381,-1.777871
14.144090,-20.820719,-1.777053
17.366333,-18.265649,-1.786287
20.073891,-15.392799,-1.780821
22.415643,-12.014147,-1.777742
24.194436,-8.489903,-1.780545
25.494955,-4.763209,-1.780206
26.221487,-0.882079,-1.778443
26.179482,3.229443,-1.783329
25.238498,7.064611,-1.784757
23.652731,10.499697,-1.785680
21.561916,13.656517,-1.786959
19.070708,16.517259,-1.786763
15.246034,17.643948,-5.534014
12.615244,19.816372,-5.533604
9.564674,21.337454,-5.531950
6.508509,22.545922,-5.530686
3.186278,23.200676,-5.530149
-0.249444,23.249157,-5.528180
-3.660038,23.147285,-5.526296
-7.175007,22.511955,-5.531652
-10.565748,21.374353,-5.530499
-13.774636,19.805204,-5.529722
-16.879010,17.738609,-5.535142
-19.786204,15.162177,-5.536885
-22.380678,12.063106,-5.530578
-24.476460,8.429293,-5.525839
-25.857911,4.464470,-5.527556
-26.484674,0.158017,-5.532198
-26.286943,-4.187285,-5.535805
-25.351555,-8.446268,-5.528964
-23.563657,-12.571352,-5.529502
-21.022568,-16.304313,-5.538064
-18.049700,-19.484390,-5.530114
-14.301893,-21.979040,-5.530512
-10.082164,-23.579401,-5.534042
-5.957362,-24.346647,-5.533525
-1.608751,-24.470956,-5.534683
2.400387,-23.972018,-5.537930
6.299478,-22.918484,-5.529100
10.030808,-21.369614,-5.527085
13.392438,-19.425544,-5.529139
16.327759,-17.125659,-5.524884
18.995952,-14.303076,-5.533404
21.116974,-11.236863,-5.530180
22.791325,-7.904943,-5.528163
24.005331,-4.380146,-5.526707
24.686641,-0.712331,-5.526474
24.678942,3.016393,-5.537856
23.845885,6.648603,-5.533064
22.342648,10.075217,-5.528425
20.259541,12.941719,-5.529489
17.698442,15.439710,-5.532290
13.317882,15.647723,-9.277794
11.246589,17.623088,-9.284018
8.632075,19.100233,-9.277122
6.022849,20.693546,-9.280739
2.949386,21.640135,-9.279907
-0.111909,21.683953,-9.275893
-3.400307,21.696913,-9.285207
-6.660963,21.187776,-9.285585
-9.816942,20.202733,-9.283368
-12.936582,18.747318,-9.279681
-15.942243,16.785542,-9.277188
-18.623250,14.399097,-9.280012
-21.068286,11.390018,-9.276837
-22.930448,7.990215,-9.277677
-24.123574,4.299865,-9.281068
-24.614446,0.309105,-9.280200
-24.353316,-3.701880,-9.284807
-23.364731,-7.750687,-9.285978
-21.655480,-11.542258,-9.279049
-19.372527,-14.856050,-9.275770
-16.464830,-17.837451,-9.285333
-13.113932,-20.059583,-9.284501
-9.229630,-21.560724,-9.282724
-5.273179,-22.280802,-9.285771
-1.399289,-22.379821,-9.286869
2.306315,-21.938433,-9.286218
5.922318,-21.015825,-9.281350
9.259934,-19.698372,-9.279504
12.396128,-17.955576,-9.277376
15.249900,-15.780370,-9.273059
17.732732,-13.189449,-9.283993
19.686170,-10.352632,-9.288089
21.240928,-7.117681,-9.279908
22.241810,-3.823608,-9.277486
22.718298,-0.408414,-9.281867
22.601290,2.889977,-9.279353
21.773171,6.226946,-9.282162
20.447928,9.284265,-9.284851
18.235852,11.833164,-9.280711
15.663425,13.702206,-9.275108
11.537498,13.559953,-13.026524
9.723336,15.406076,-13.026373
7.532477,16.794092,-13.025744
5.386185,18.543255,-13.033248
2.708632,19.609057,-13.030301
-0.071754,19.789718,-13.024381
-3.034847,19.955278,-13.031464
-6.000751,19.610874,-13.035750
-9.009388,18.781057,-13.038324
-11.982547,17.486437,-13.031488
-14.731931,15.759624,-13.023228
-17.262915,13.524669,-13.028643
-19.518427,10.672556,-13.030995
-21.135027,7.559723,-13.031510
-22.149143,4.067992,-13.030137
-22.457269,0.443535,-13.026401
-22.061754,-3.303681,-13.029663
-21.010432,-6.778552,-13.028842
-19.360126,-10.173385,-13.027002
-17.256515,-13.131331,-13.028956
-14.478803,-15.673090,-13.028467
-11.435969,-17.677892,-13.026751
-8.209389,-19.028846,-13.028392
-4.640987,-19.747923,-13.030095
-1.139436,-19.883336,-13.028877
2.219978,-19.566636,-13.032898
5.395081,-18.890703,-13.034915
8.575566,-17.765627,-13.032300
11.445904,-16.250339,-13.028229
14.061258,-14.329110,-13.028880
16.339022,-12.016950,-13.036495
18.177979,-9.342762,-13.029534
19.498871,-6.377627,-13.024918
20.235751,-3.351799,-13.030188
20.446623,-0.240604,-13.030715
20.121544,2.856089,-13.025480
19.280812,5.714224,-13.032334
18.076930,8.341618,-13.035332
15.940165,10.504238,-13.032042
13.469789,12.009042,-13.028013
10.206184,12.136567,-16.775312
8.635277,13.643373,-16.775644
6.721286,14.916839,-16.786533
4.789266,16.400230,-16.788385
2.493939,17.336761,-16.779646
0.074731,17.713709,-16.773131
-2.540351,18.011726,-16.775201
-5.294579,17.830111,-16.779329
-8.100274,17.186053,-16.774042
-10.770987,16.128528,-16.778578
-13.433831,14.528923,-16.789713
-15.769514,12.481501,-16.784002
-17.734177,9.929523,-16.779448
-19.144930,7.030177,-16.775589
-19.935629,3.792609,-16.775341
-20.036178,0.570508,-16.779936
-19.516644,-2.731922,-16.778396
-18.297123,-5.816404,-16.782910
-16.738170,-8.662982,-16.783681
-14.825404,-11.228811,-16.778794
-12.259293,-13.173015,-16.785095
-9.651499,-14.883306,-16.787455
-6.864677,-16.220014,-16.783995
-3.949604,-16.914249,-16.780915
-0.967664,-17.116847,-16.779673
2.017563,-16.985691,-16.775737
4.976221,-16.546480,-16.777543
7.728901,-15.728773,-16.786040
10.419260,-14.421501,-16.787697
12.783268,-12.786944,-16.777381
14.918423,-10.694199,-16.778600
16.539308,-8.318579,-16.777100
17.621450,-5.655145,-16.781952
18.109576,-2.822130,-16.787697
18.027955,0.051946,-16.784842
17.520498,2.646733,-16.783008
16.669106,5.147031,-16.775001
15.502594,7.406846,-16.781397
13.802097,9.235096,-16.786319
11.860160,10.692254,-16.781487
9.303523,10.985812,-20.525432
7.773133,12.272280,-20.530697
6.100675,13.369415,-20.539446
4.324031,14.291033,-20.538764
2.358868,15.024105,-20.537316
0.228764,15.589436,-20.534891
-2.140733,15.955648,-20.530905
-4.542273,15.903421,-20.535351
-7.004160,15.454939,-20.538728
-9.551653,14.557050,-20.540095
-11.906159,13.230078,-20.534843
-14.032304,11.403018,-20.524290
-15.764256,9.073968,-20.531572
-16.935384,6.413380,-20.538996
-17.479158,3.566163,-20.536967
-17.400379,0.661309,-20.534636
-16.798595,-2.086402,-20.537727
-15.534211,-4.671348,-20.530695
-14.042684,-7.078809,-20.523326
-12.393820,-9.190000,-20.526700
-10.120361,-10.641170,-20.530229
-7.919548,-12.052226,-20.529000
-5.657266,-13.310322,-20.532353
-3.151564,-14.031234,-20.535219
-0.664451,-14.288378,-20.527714
1.834560,-14.301310,-20.534882
4.431480,-14.110139,-20.533648
6.964087,-13.540578,-20.529090
9.259623,-12.540116,-20.536420
11.446135,-11.132502,-20.539173
13.353044,-9.362386,-20.527771
14.825665,-7.216625,-20.522623
15.710063,-4.770036,-20.525660
15.943068,-2.178791,-20.529074
15.638227,0.203256,-20.531369
14.980771,2.511677,-20.534780
14.181224,4.562351,-20.538139
13.097087,6.474143,-20.529480
11.926391,8.099935,-20.522734
10.636994,9.630699,-20.522944
8.340802,10.010895,-24.279454
6.943139,11.030326,-24.284115
5.495606,11.929208,-24.275759
3.755748,12.353590,-24.279310
2.136303,12.898731,-24.278728
0.283279,13.548267,-24.279260
-1.660421,13.865496,-24.283630
-3.796715,13.895883,-24.281177
-5.911687,13.590928,-24.282515
-8.116988,12.902153,-24.284734
-10.305346,11.735865,-24.283411
-12.123892,10.175027,-24.281908
-13.568965,8.158012,-24.286107
-14.510100,5.766471,-24.288868
-14.839810,3.311926,-24.285838
-14.632479,0.836923,-24.280986
-13.993069,-1.483293,-24.280337
-12.756185,-3.603257,-24.281398
-11.415347,-5.515279,-24.278549
-10.031713,-7.233599,-24.275714
-8.033858,-8.374400,-24.282098
-6.210682,-9.504435,-24.279547
-4.468006,-10.575342,-24.278510
-2.442234,-11.267784,-24.285788
-0.325740,-11.559276,-24.284696
1.721589,-11.669270,-24.278604
3.860983,-11.652515,-24.275149
6.053727,-11.319339,-24.274907
8.137015,-10.537048,-24.276400
10.048936,-9.404354,-24.282823
11.775672,-7.872039,-24.286165
13.035466,-6.036974,-24.281036
13.721414,-3.924174,-24.284173
13.778200,-1.614231,-24.286877
13.344594,0.477726,-24.279682
12.662251,2.411941,-24.284249
11.933418,4.146468,-24.285542
11.048755,5.602551,-24.288534
10.240424,7.132632,-24.284716
9.477772,8.680330,-24.276807
7.334080,8.899638,-28.033220
6.116840,9.710897,-28.038052
4.831616,10.424342,-28.021385
3.265001,10.494561,-28.031799
1.936508,10.969018,-28.033103
0.404579,11.550348,-28.027213
-1.214970,11.796914,-28.024246
-2.989003,11.844722,-28.025257
-4.821231,11.609534,-28.031947
-6.664453,11.068717,-28.037395
-8.438555,10.164730,-28.034869
-10.011131,8.828861,-28.028784
-11.204422,7.059890,-28.032421
-11.873914,5.104352,-28.028557
-12.044798,3.053504,-28.026445
-11.767014,1.007436,-28.034127
-11.153205,-0.897426,-28.032068
-10.086625,-2.552407,-28.028759
-8.944324,-4.028287,-28.031163
-7.768285,-5.442021,-28.034698
-6.231020,-6.312828,-28.030345
-4.755873,-7.181117,-28.025677
-3.323924,-8.102622,-28.026062
-1.801148,-8.702197,-28.029915
-0.122455,-8.996361,-28.032724
1.575933,-9.145740,-28.035394
3.352672,-9.217688,-28.030489
5.187771,-9.044159,-28.027583
6.947734,-8.474773,-28.036578
8.578912,-7.607308,-28.029446
10.060082,-6.386836,-28.029923
11.168434,-4.817490,-28.028399
11.723865,-2.982590,-28.022176
11.689231,-1.061948,-28.026447
11.258167,0.661214,-28.034169
10.658258,2.256563,-28.030712
10.046183,3.695866,-28.036795
9.273336,4.968006,-28.032748
8.767331,6.249890,-28.023417
8.316807,7.706990,-28.019048
6.215432,7.573981,-31.781419
5.185122,8.238763,-31.780722
4.043909,8.703348,-31.785061
2.808896,8.601793,-31.787889
1.729610,9.054478,-31.786585
0.509022,9.466541,-31.782455
-0.767823,9.629195,-31.778115
-2.105697,9.661392,-31.776030
-3.547299,9.485402,-31.776699
-5.002118,9.080052,-31.774711
-6.447949,8.347479,-31.775849
-7.662370,7.272081,-31.781774
-8.522103,5.895584,-31.782453
-8.971639,4.335368,-31.777862
-9.018804,2.717514,-31.774512
-8.741467,1.175354,-31.776855
-8.224819,-0.251159,-31.781659
-7.345265,-1.525192,-31.780816
-6.447886,-2.610296,-31.777530
-5.595433,-3.644451,-31.779608
-4.457564,-4.325569,-31.787225
-3.326968,-4.949010,-31.786026
-2.259530,-5.661631,-31.778459
-1.087514,-6.191339,-31.779509
0.166998,-6.457361,-31.782268
1.442395,-6.616101,-31.783193
2.833015,-6.744135,-31.779620
4.226910,-6.698382,-31.778444
5.686303,-6.318312,-31.788748
7.049701,-5.672470,-31.777625
8.245800,-4.754242,-31.782446
9.149657,-3.543102,-31.781684
9.611176,-2.052499,-31.776309
9.570806,-0.541365,-31.780640
9.197647,0.918360,-31.774025
8.716097,2.168563,-31.776205
8.231804,3.298016,-31.788253
7.626223,4.300471,-31.784101
7.287289,5.396753,-31.780359
7.003001,6.680012,-31.782265
4.724134,5.926144,-35.533328
3.987521,6.414140,-35.536401
3.069843,6.496684,-35.532579
2.218335,6.485596,-35.531627
1.480821,6.831808,-35.532794
0.664590,7.003597,-35.531179
-0.204867,7.082432,-35.531686
-1.114309,7.075055,-35.531035
-2.054506,6.944061,-35.529061
-3.038532,6.657599,-35.530724
-3.982762,6.163046,-35.530815
-4.784846,5.409214,-35.530783
-5.295308,4.472856,-35.534314
-5.514569,3.430890,-35.536010
-5.479512,2.368987,-35.532359
-5.257435,1.367011,-35.526732
-4.890146,0.444491,-35.526256
-4.314361,-0.344681,-35.530791
-3.694289,-1.018186,-35.536385
-3.157733,-1.663532,-35.538211
-2.492553,-2.146010,-35.531386
-1.747291,-2.535772,-35.523991
-1.077187,-2.964809,-35.525460
-0.376351,-3.346762,-35.528980
0.453281,-3.608664,-35.529244
1.276645,-3.751935,-35.526852
2.211150,-3.909661,-35.526344
3.196433,-3.966169,-35.528749
4.206204,-3.800772,-35.535233
5.159718,-3.424999,-35.537940
6.076506,-2.813701,-35.533368
6.751442,-1.995023,-35.533203
7.102923,-0.951834,-35.536109
7.097989,0.111485,-35.529832
6.849595,1.143756,-35.530468
6.517915,2.031716,-35.534305
6.170043,2.872914,-35.526941
5.745124,3.590722,-35.536321
5.572118,4.402065,-35.536649
5.392985,5.338643,-35.529274
1.915384,1.789042,-39.281190
9.333760,13.016133,35.718810
7.413426,13.743796,35.718810
5.429468,14.273124,35.718810
3.403288,14.606766,35.718810
1.354659,14.746833,35.718810
-0.818675,14.688841,35.718810
-2.858051,14.447377,35.718810
-5.104041,13.975723,35.718810
-7.413479,13.266622,35.718810
-9.872462,12.259085,35.718810
-12.338494,10.979608,35.718810
-15.084068,9.217112,35.718810
-17.905002,6.947647,35.718810
-20.708010,3.931184,35.718810
-22.799366,0.243896,35.718810
-23.359275,-3.833860,35.718810
-22.333358,-7.819666,35.718810
-20.104001,-11.286200,35.718810
-17.256895,-14.079147,35.718810
-13.968443,-16.333819,35.718810
-10.597307,-17.967530,35.718810
-7.028153,-19.103041,35.718810
-3.570572,-19.669242,35.718810
-0.067050,-19.724531,35.718810
3.289333,-19.303037,35.718810
6.440665,-18.462180,35.718810
9.447059,-17.196876,35.718810
12.137835,-15.576134,35.718810
14.546427,-13.560151,35.718810
16.502097,-11.258088,35.718810
17.998596,-8.633359,35.718810
18.934336,-5.762054,35.718810
19.286231,-2.883477,35.718810
19.139992,0.011918,35.718810
18.595710,2.613504,35.718810
17.664373,5.102297,35.718810
16.408633,7.306539,35.718810
14.879219,9.184521,35.718810
13.169923,10.733044,35.718810
10.307999,10.989347,32.128081
8.955673,12.357063,32.124621
7.759466,14.667476,32.116241
5.729034,15.581161,32.116865
3.552439,16.075700,32.118643
1.274170,15.473891,32.115754
-0.710904,14.455952,32.117149
-2.966331,14.546146,32.128257
-5.604135,14.870389,32.127323
-8.497273,14.510414,32.122107
-11.243232,13.591267,32.123774
-14.518172,12.368011,32.124792
-17.103736,10.125081,32.126889
-19.468286,7.369593,32.128833
-22.242177,4.170514,32.127242
-24.265708,0.152379,32.123329
-24.025778,-4.021422,32.126071
-22.451211,-7.872916,32.128139
-20.201723,-11.273813,32.127621
-17.367265,-14.243626,32.129100
-14.284815,-16.564210,32.130235
-10.674643,-18.210376,32.118782
-7.102960,-19.251787,32.118005
-3.750646,-20.241104,32.128045
-0.242427,-21.090982,32.123709
3.342986,-20.248928,32.120146
6.498027,-18.994496,32.126581
9.507755,-17.565771,32.123765
12.186528,-15.747073,32.118135
14.563296,-13.564427,32.128178
16.422261,-11.076737,32.126833
17.711643,-8.385512,32.127346
18.388302,-5.485134,32.117134
18.486066,-2.627168,32.122517
18.123178,0.079201,32.126729
17.374834,2.578999,32.113038
16.328007,4.830046,32.115765
15.126897,6.714270,32.121633
13.739255,8.484283,32.125414
12.179037,9.916605,32.127176
10.061804,10.575004,28.526008
8.785136,12.048443,28.526952
7.780320,14.655973,28.531501
5.769557,15.712187,28.523296
3.546073,16.294770,28.522530
1.240235,15.642864,28.528930
-0.760962,14.578147,28.529183
-3.063286,14.808236,28.522172
-5.874370,15.330430,28.518670
-8.957880,15.086035,28.520546
-11.918845,14.198606,28.520950
-15.534993,12.945523,28.518232
-18.287730,10.590163,28.524267
-20.732527,7.621989,28.526189
-23.348006,4.176413,28.522361
-25.024870,0.169069,28.527459
-24.572626,-4.074396,28.523443
-22.917575,-7.991014,28.517358
-20.655043,-11.637300,28.519158
-17.978530,-14.702129,28.524290
-14.831405,-17.282128,28.522477
-11.304963,-19.020793,28.525089
-7.531201,-20.105056,28.523306
-3.963817,-21.104687,28.515411
-0.267351,-22.023800,28.518218
3.330327,-20.938752,28.531142
6.620232,-19.453044,28.523475
9.644322,-17.900817,28.517230
12.318045,-15.947062,28.525583
14.588640,-13.734241,28.526555
16.397714,-11.126740,28.520035
17.598566,-8.322837,28.526505
18.131590,-5.455280,28.530001
18.095348,-2.533345,28.520519
17.631044,0.090350,28.520294
16.813864,2.494032,28.528304
15.723448,4.644234,28.521447
14.463276,6.549095,28.519397
13.205793,8.150743,28.523031
11.724401,9.547546,28.526843
10.114965,10.641394,24.925391
8.771796,12.137260,24.922907
7.572777,14.238765,24.919586
5.626615,15.218079,24.922600
3.452492,15.851995,24.924625
1.244876,15.580571,24.922055
-0.837435,14.930969,24.921535
-3.143937,15.154678,24.929157
-5.974919,15.537383,24.935283
-9.000214,15.278188,24.933424
-12.233751,14.364233,24.929049
-15.743630,13.110588,24.931218
-18.824953,10.863768,24.933641
-21.500816,7.883151,24.929114
-23.909447,4.248150,24.925033
-25.267374,0.087616,24.930609
-24.885823,-4.235649,24.923392
-23.436842,-8.246200,24.921517
-21.386185,-11.934119,24.925039
-18.666616,-15.345932,24.923954
-15.580307,-18.055119,24.929804
-11.862477,-20.088588,24.934560
-8.063757,-21.202449,24.930448
-4.145154,-22.003666,24.925060
-0.338590,-22.532207,24.928151
3.415813,-21.332443,24.929194
6.720275,-19.835102,24.930148
9.756257,-18.217714,24.924038
12.430853,-16.212876,24.922506
14.774232,-13.846107,24.932026
16.540446,-11.170581,24.921309
17.684067,-8.310366,24.920364
18.161094,-5.402675,24.920856
18.086747,-2.580919,24.927943
17.599825,0.066491,24.933830
16.763017,2.489679,24.929911
15.649938,4.655692,24.931109
14.458456,6.479571,24.932271
13.197490,8.107042,24.930211
11.729272,9.545958,24.926926
10.467315,11.040395,21.333183
8.873754,12.361297,21.335803
7.291063,13.674413,21.329047
5.399136,14.512379,21.333275
3.416092,15.150111,21.329087
1.257020,15.431983,21.322947
-0.946642,15.434572,21.324587
-3.395107,15.583684,21.329691
-6.110669,15.596546,21.331326
-9.048806,15.187470,21.329065
-12.164628,14.315287,21.325746
-15.540396,13.011144,21.324179
-18.956085,10.923008,21.327896
-21.909516,8.010664,21.328089
-24.065660,4.330457,21.324789
-25.087707,0.181773,21.328418
-24.998372,-4.217508,21.331703
-23.874247,-8.464125,21.334034
-21.979909,-12.291538,21.335654
-19.368599,-15.824624,21.333602
-16.140771,-18.803406,21.326212
-12.477045,-21.019478,21.322609
-8.420895,-22.256832,21.323908
-4.286585,-22.703079,21.325161
-0.413639,-22.663014,21.324926
3.415158,-21.533132,21.327049
6.765678,-20.127136,21.323787
9.940357,-18.416435,21.330387
12.630877,-16.395849,21.335049
14.898809,-14.098032,21.322742
16.692793,-11.411128,21.323575
17.870209,-8.539583,21.330971
18.418007,-5.489226,21.334836
18.388572,-2.645778,21.333155
17.943932,0.030946,21.327389
17.147771,2.488248,21.326824
16.068131,4.692616,21.335274
14.827975,6.658830,21.332194
13.463640,8.390679,21.325689
11.997664,9.854276,21.324679
10.996514,11.703400,17.732518
9.191754,12.686397,17.737678
7.155926,13.206250,17.733665
5.328512,13.907914,17.727274
3.360236,14.594302,17.726732
1.262347,15.341873,17.726394
-0.988480,15.976525,17.728440
-3.473713,15.997692,17.739525
-6.059726,15.607074,17.735311
-8.868468,15.011904,17.730518
-11.882518,14.170868,17.738140
-15.242539,12.738038,17.741047
-18.823697,10.816231,17.735358
-21.944076,8.045378,17.726587
-23.911104,4.350236,17.726150
-24.649698,0.102079,17.735430
-24.809607,-4.221963,17.729445
-24.068921,-8.443391,17.726951
-22.261798,-12.521373,17.733839
-19.697898,-16.141129,17.735221
-16.472669,-19.184429,17.728657
-12.852533,-21.567814,17.728639
-8.779664,-22.896207,17.731511
-4.453205,-23.014179,17.731062
-0.320736,-22.421842,17.731493
3.357684,-21.528711,17.735428
6.791475,-20.276854,17.733931
9.910711,-18.636847,17.733963
12.763775,-16.566032,17.736406
15.075090,-14.262254,17.733955
16.929998,-11.576170,17.734516
18.180884,-8.702207,17.739859
18.841852,-5.640088,17.730398
18.926018,-2.769181,17.726809
18.570211,-0.050281,17.733764
17.805972,2.580791,17.732359
16.783542,4.841044,17.728953
15.496597,6.961486,17.738132
14.112382,8.677462,17.736232
12.558854,10.268730,17.729689
11.696117,12.368494,14.131053
9.511071,13.306474,14.126905
7.117843,13.278376,14.129963
5.246818,13.901024,14.142037
3.371380,14.515415,14.137017
1.334152,15.437305,14.130957
-1.177385,16.497811,14.136280
-3.685401,16.336762,14.135418
-6.092742,15.627118,14.137221
-8.726540,14.851404,14.136212
-11.744288,13.958853,14.130453
-14.828014,12.500716,14.130488
-18.359392,10.705891,14.130979
-21.669895,7.936042,14.137397
-23.491670,4.281441,14.141154
-24.025977,0.244363,14.131474
-24.277278,-4.100715,14.136630
-23.695529,-8.366597,14.141292
-22.003345,-12.383411,14.140865
-19.513016,-15.925495,14.142025
-16.362072,-18.889743,14.134451
-12.772629,-21.364081,14.130878
-8.699595,-22.782930,14.131028
-4.351797,-22.734076,14.133235
-0.242318,-21.871133,14.139220
3.388094,-21.279932,14.139290
6.771696,-20.258824,14.135469
9.942433,-18.653864,14.131696
12.746666,-16.713770,14.130799
15.210259,-14.350029,14.131650
17.080754,-11.813466,14.130749
18.512744,-8.860360,14.130898
19.311399,-5.947598,14.139370
19.581293,-2.940465,14.138462
19.335314,-0.062343,14.128492
18.664397,2.610477,14.129744
17.670255,5.041273,14.139197
16.426218,7.206990,14.142365
14.898277,9.125402,14.139487
13.255006,10.826723,14.134561
12.330881,13.091012,10.537882
10.064420,14.105415,10.539250
7.431158,13.977182,10.545233
5.427355,14.540701,10.540834
3.411328,15.074912,10.539551
1.235402,15.951793,10.541539
-1.281151,16.914133,10.540514
-3.751156,16.583707,10.536652
-6.083330,15.704998,10.538188
-8.641986,14.798638,10.536670
-11.600999,13.811798,10.533597
-14.486373,12.316981,10.543020
-17.934996,10.450544,10.536871
-21.073586,7.737829,10.535992
-22.803539,4.225159,10.544133
-23.296898,0.220046,10.534580
-23.384542,-3.827038,10.536704
-22.729294,-7.918727,10.536371
-21.061122,-11.750478,10.535439
-18.504363,-15.198049,10.543876
-15.393500,-17.960434,10.539147
-12.007269,-20.162832,10.538703
-8.231184,-21.603708,10.542490
-4.081357,-21.786507,10.543461
-0.244922,-21.061146,10.541213
3.392864,-20.813496,10.534663
6.787002,-20.000269,10.535226
9.852223,-18.526140,10.540966
12.775220,-16.594713,10.540729
15.169341,-14.391224,10.534068
17.193886,-11.846485,10.533685
18.749061,-8.992410,10.534610
19.729861,-6.164386,10.532680
20.214128,-3.081859,10.536180
20.102531,-0.092689,10.544529
19.515886,2.707628,10.542746
18.582343,5.274596,10.532237
17.334239,7.561201,10.534543
15.688943,9.682747,10.539309
13.979799,11.469877,10.540236
12.830000,13.799582,6.944637
10.625169,14.920238,6.945375
7.941516,15.106956,6.940287
5.720320,15.644631,6.945072
3.482399,16.074812,6.945383
1.253413,16.631101,6.941657
-1.328738,17.176218,6.938300
-3.827646,16.656045,6.935250
-6.079336,15.753159,6.933213
-8.675800,14.753232,6.938348
-11.393473,13.692414,6.945368
-14.159438,12.139369,6.939948
-17.300389,10.191463,6.936856
-20.167224,7.506963,6.943310
-21.885986,4.095336,6.947963
-22.416157,0.317089,6.941633
-22.180031,-3.619121,6.934907
-21.210294,-7.435395,6.940279
-19.495649,-10.836450,6.946620
-16.977347,-13.867800,6.941379
-14.027515,-16.290711,6.937863
-10.703910,-18.109488,6.938657
-7.272257,-19.546403,6.936859
-3.707352,-20.298509,6.936880
-0.155858,-20.001126,6.944690
3.283413,-20.106544,6.939455
6.627038,-19.539496,6.942377
9.778949,-18.116055,6.949378
12.557753,-16.355649,6.945378
15.035392,-14.169998,6.939483
17.099293,-11.758406,6.943302
18.759762,-9.056042,6.938208
19.956712,-6.250539,6.937884
20.655237,-3.156963,6.943229
20.707908,-0.236645,6.945275
20.255242,2.648754,6.942548
19.375179,5.432627,6.939089
18.098428,7.919453,6.946091
16.539073,10.047340,6.947016
14.726686,12.002512,6.943332
13.276524,14.217607,3.346686
10.977368,15.601103,3.339896
8.500562,16.341642,3.342974
6.110714,16.917096,3.339275
3.685575,17.235348,3.341050
1.223748,17.355841,3.345974
-1.341623,17.208317,3.344428
-3.712424,16.561716,3.338259
-6.126812,15.652132,3.336370
-8.517480,14.691038,3.339703
-11.193598,13.465646,3.342205
-13.818291,11.876532,3.339604
-16.582737,9.821255,3.346309
-19.013323,7.226100,3.345470
-20.727556,3.951370,3.339329
-21.350705,0.309772,3.349918
-20.741470,-3.310961,3.348427
-19.431095,-6.650503,3.342077
-17.502101,-9.767659,3.341109
-15.011920,-12.322520,3.342273
-12.232521,-14.372283,3.339816
-9.070995,-15.677396,3.343307
-6.155209,-16.997926,3.347176
-3.209994,-18.442674,3.346829
-0.023918,-18.748446,3.347065
3.293065,-19.138339,3.341664
6.537528,-18.726925,3.345286
9.508386,-17.470154,3.343996
12.218191,-15.806552,3.337059
14.651265,-13.736369,3.340782
16.721080,-11.469950,3.338432
18.447158,-8.936327,3.338128
19.834967,-6.193540,3.342346
20.701916,-3.254726,3.344934
20.920803,-0.191173,3.344936
20.601020,2.738007,3.345772
19.813368,5.576736,3.347081
18.604098,8.128499,3.349724
17.014824,10.457262,3.353638
15.208222,12.474765,3.354155
13.323967,14.364672,-0.249042
11.209402,15.870283,-0.250403
8.899767,17.276636,-0.258717
6.413907,17.972901,-0.251832
3.690516,18.170545,-0.247487
1.153524,17.763649,-0.254119
-1.301344,16.914306,-0.257009
-3.540877,16.196533,-0.248871
-5.998306,15.382800,-0.252358
-8.386694,14.390654,-0.257846
-10.786884,13.134987,-0.253734
-13.264532,11.547103,-0.247473
-15.627087,9.424277,-0.255904
-17.691251,6.858006,-0.257823
-19.321295,3.839781,-0.249839
-20.035268,0.363107,-0.256200
-19.160816,-2.898012,-0.259200
-17.499318,-5.941960,-0.257445
-15.535620,-8.555016,-0.254799
-13.067621,-10.747201,-0.251772
-10.520815,-12.471732,-0.248987
-7.611751,-13.445266,-0.248598
-5.078650,-14.584715,-0.249654
-2.657096,-16.463643,-0.252476
0.146617,-17.366177,-0.256621
3.188591,-17.888103,-0.250431
6.203022,-17.598071,-0.252942
9.080072,-16.488385,-0.257747
11.696966,-14.917813,-0.255851
14.051608,-12.961071,-0.255197
16.080323,-10.829834,-0.248419
17.801930,-8.448894,-0.256972
19.250851,-5.880463,-0.255987
20.202000,-3.105462,-0.254325
20.545585,-0.177399,-0.258865
20.376508,2.758113,-0.255255
19.718941,5.505603,-0.250516
18.616813,8.104516,-0.251307
17.126212,10.522224,-0.252994
15.369871,12.600515,-0.252495
12.952628,13.840445,-3.854302
10.984086,15.455741,-3.853057
8.940345,17.312608,-3.856574
6.453903,18.189809,-3.850083
3.751686,18.256302,-3.847278
1.158257,17.409553,-3.846053
-1.093617,16.215579,-3.846292
-3.302194,15.500588,-3.854675
-5.648597,14.838251,-3.856202
-7.884631,13.913806,-3.853126
-10.199720,12.600142,-3.848953
-12.494014,11.056658,-3.843499
-14.471799,8.984549,-3.843990
-16.233563,6.438588,-3.845290
-17.682400,3.683993,-3.844531
-18.407683,0.534940,-3.847520
-17.454936,-2.584529,-3.852711
-15.756604,-5.247532,-3.854348
-13.789976,-7.602741,-3.854139
-11.594850,-9.461925,-3.855926
-9.296183,-11.017663,-3.855399
-6.712471,-12.003667,-3.848673
-4.404328,-12.989274,-3.845846
-2.215585,-14.701810,-3.852252
0.264294,-15.936479,-3.851698
3.106669,-16.329801,-3.846397
5.858109,-15.994604,-3.852848
8.568330,-15.046956,-3.852348
10.951067,-13.645234,-3.844674
13.097219,-11.905230,-3.853995
15.027246,-9.927355,-3.845460
16.674654,-7.713831,-3.849120
18.072267,-5.322062,-3.849758
18.990641,-2.727065,-3.849099
19.364478,-0.092585,-3.853689
19.308811,2.665841,-3.855412
18.753182,5.261153,-3.853799
17.815648,7.740645,-3.851272
16.519133,10.077694,-3.852772
14.864065,12.172644,-3.855650
11.718344,12.435328,-7.444216
10.016833,13.984950,-7.450006
8.342999,15.841257,-7.451676
6.028970,16.769110,-7.446478
3.582147,16.814671,-7.445925
1.250654,15.974102,-7.446137
-0.808085,14.950405,-7.447268
-2.957268,14.450286,-7.452758
-5.118479,13.973288,-7.449862
-7.240018,13.123687,-7.446605
-9.411573,11.850218,-7.446307
-11.461974,10.410051,-7.444146
-13.207491,8.366830,-7.447642
-14.620378,6.045943,-7.447553
-15.806217,3.504293,-7.445151
-16.357798,0.638716,-7.451803
-15.763389,-2.185616,-7.449246
-14.394255,-4.776413,-7.443214
-12.773327,-6.930565,-7.443519
-10.868191,-8.848583,-7.448073
-8.817922,-10.458867,-7.449573
-6.542886,-11.717967,-7.451356
-4.233359,-12.672237,-7.451519
-1.926682,-13.654347,-7.446565
0.415920,-14.607024,-7.444202
2.957790,-14.450651,-7.450033
5.430445,-13.860761,-7.450548
7.809406,-13.150221,-7.444521
10.009346,-11.939247,-7.444410
11.987945,-10.409023,-7.449272
13.662677,-8.686207,-7.445371
15.089133,-6.754211,-7.445336
16.286581,-4.552649,-7.447831
17.018662,-2.269699,-7.447028
17.329470,0.117896,-7.447228
17.257489,2.516512,-7.451474
16.741940,4.864350,-7.453392
15.941200,7.021734,-7.449716
14.795544,9.157214,-7.444249
13.445600,10.914720,-7.441541
9.779359,10.291115,-11.047812
8.484000,11.603603,-11.048803
7.156790,13.215872,-11.047985
5.243886,13.899114,-11.048954
3.286473,14.156959,-11.041095
1.337240,13.764523,-11.044137
-0.436779,13.249186,-11.049198
-2.373803,13.140531,-11.040585
-4.475350,12.849851,-11.040233
-6.437515,12.106125,-11.046647
-8.350999,10.992831,-11.046861
-10.272964,9.591636,-11.038211
-11.740979,7.747668,-11.043497
-12.899542,5.639744,-11.045711
-13.753926,3.253921,-11.039336
-13.941542,0.797009,-11.043898
-13.814223,-1.774894,-11.049678
-13.147492,-4.210449,-11.046598
-11.901381,-6.458203,-11.039607
-10.413901,-8.533159,-11.040920
-8.635173,-10.333236,-11.045544
-6.676599,-11.917323,-11.044520
-4.289597,-12.859804,-11.041154
-1.798409,-12.894451,-11.041472
0.604108,-13.138512,-11.040028
2.839198,-12.297082,-11.048270
4.861721,-11.392118,-11.050109
6.908750,-10.871076,-11.046971
8.837590,-10.006208,-11.047760
10.582894,-8.816885,-11.041044
12.111720,-7.238224,-11.049771
13.284974,-5.584870,-11.049015
14.154755,-3.665615,-11.042205
14.643734,-1.607922,-11.037545
14.776041,0.409072,-11.040931
14.569109,2.423778,-11.046079
14.078418,4.294354,-11.044246
13.318336,6.074914,-11.049750
12.393084,7.700312,-11.049868
11.226404,9.140705,-11.047068
7.725378,8.026362,-14.637864
6.835036,9.141985,-14.640114
5.832289,10.167445,-14.642968
4.453858,10.619593,-14.638725
2.992563,11.219331,-14.642582
1.536577,11.368030,-14.646470
-0.043244,11.392227,-14.643397
-1.815726,11.648460,-14.637509
-3.685403,11.546081,-14.643513
-5.521609,10.926460,-14.644619
-7.220696,9.964246,-14.640160
-8.885732,8.695765,-14.641113
-10.154649,7.053852,-14.638065
-11.098772,5.148420,-14.635402
-11.569863,3.054699,-14.636382
-11.353287,0.900457,-14.637342
-11.291227,-1.205901,-14.640208
-10.991922,-3.392319,-14.641485
-10.113976,-5.396462,-14.641308
-9.032784,-7.368788,-14.645859
-7.642026,-9.157376,-14.648046
-6.056361,-11.021143,-14.644123
-4.013313,-12.120379,-14.640931
-1.356424,-11.288420,-14.645692
0.811481,-10.843109,-14.647415
2.745689,-9.835456,-14.648554
4.358717,-8.886441,-14.647581
6.022866,-8.433735,-14.643181
7.665064,-7.937633,-14.638617
9.222620,-7.047329,-14.639821
10.421017,-5.822176,-14.645827
11.421950,-4.323299,-14.649827
11.939829,-2.700172,-14.647804
12.141534,-0.983068,-14.642678
12.082648,0.649532,-14.643609
11.752432,2.188426,-14.643436
11.250759,3.668620,-14.638693
10.560687,4.998240,-14.644803
9.790043,6.212331,-14.647278
8.883597,7.200548,-14.644398
6.031314,6.152015,-18.240993
5.466922,6.913510,-18.240177
4.590287,7.439139,-18.244440
3.704512,7.896959,-18.247010
2.765874,8.691500,-18.245348
1.648377,9.180626,-18.243909
0.359286,9.616775,-18.240144
-1.198859,10.089852,-18.238055
-2.841334,10.119202,-18.246014
-4.474200,9.656833,-18.240007
-5.968705,8.839657,-18.232843
-7.342709,7.746634,-18.243367
-8.444689,6.318575,-18.244038
-9.178255,4.627774,-18.241727
-9.341864,2.834955,-18.241819
-8.798388,1.047604,-18.235899
-8.376041,-0.605141,-18.239026
-7.898230,-2.216462,-18.242649
-7.088027,-3.647031,-18.238951
-6.131729,-5.052997,-18.238881
-5.081713,-6.293431,-18.236652
-3.831913,-7.467152,-18.236001
-2.322677,-8.342776,-18.239600
-0.562198,-8.357870,-18.234737
1.140745,-7.700471,-18.235379
2.587011,-7.092442,-18.242170
3.855508,-6.637556,-18.240758
5.103703,-6.142952,-18.232789
6.485253,-5.906326,-18.245696
7.840176,-5.349774,-18.245094
8.837359,-4.373027,-18.235152
9.584168,-3.165502,-18.240869
9.845272,-1.750741,-18.236619
9.804543,-0.392296,-18.238128
9.569047,0.919975,-18.241459
9.146762,2.078562,-18.236060
8.651454,3.131818,-18.234774
8.106815,4.040777,-18.236364
7.530526,4.861010,-18.243976
6.807913,5.533221,-18.246361
4.805071,4.738587,-21.843352
4.266494,5.132327,-21.839060
3.732099,5.451531,-21.833340
3.214756,6.061526,-21.835040
2.581689,6.819916,-21.839594
1.747393,7.425168,-21.839198
0.697826,8.041303,-21.838151
-0.630779,8.550515,-21.837884
-2.020705,8.636854,-21.837081
-3.368367,8.306385,-21.835369
-4.632240,7.627455,-21.836825
-5.730579,6.710308,-21.841780
-6.659912,5.504060,-21.841835
-7.170935,4.107735,-21.841761
-7.117759,2.587064,-21.842998
-6.431163,1.186702,-21.838687
-5.622137,-0.006814,-21.833277
-4.882328,-1.011010,-21.830946
-4.072773,-1.908748,-21.831830
-3.243264,-2.639813,-21.833070
-2.412154,-3.344638,-21.834734
-1.546058,-3.902406,-21.837226
-0.394189,-3.895780,-21.839039
0.449121,-4.426696,-21.840768
1.387513,-4.974955,-21.836775
2.417555,-4.311199,-21.831642
3.448022,-4.624966,-21.837688
4.368989,-4.215140,-21.834962
5.415594,-4.039608,-21.835392
6.559283,-3.800950,-21.831738
7.380616,-3.060807,-21.830689
7.919493,-2.110457,-21.840617
8.001940,-0.935858,-21.844109
7.802165,0.177129,-21.839926
7.464719,1.138456,-21.838138
7.005983,1.959492,-21.840154
6.593641,2.647794,-21.840672
6.197601,3.302363,-21.839899
5.797327,3.838224,-21.840336
5.266346,4.312743,-21.842495
3.833480,3.656372,-25.438627
3.532157,3.934855,-25.440778
3.250471,4.361760,-25.438987
2.926595,4.930231,-25.435343
2.453693,5.516069,-25.434669
1.813470,6.094114,-25.436912
0.988442,6.656267,-25.440128
-0.030975,7.054184,-25.442416
-1.129312,7.144518,-25.441501
-2.204762,6.910044,-25.436233
-3.203039,6.379730,-25.429897
-4.075923,5.605498,-25.428474
-4.764959,4.693339,-25.435031
-5.118439,3.554405,-25.434657
-4.959070,2.386207,-25.426935
-4.296240,1.300708,-25.431975
-3.361487,0.486831,-25.435707
-2.482931,-0.106269,-25.430237
-1.816278,-0.592041,-25.425639
-1.185763,-0.996567,-25.428259
-0.572226,-1.293441,-25.437998
-0.029329,-1.609465,-25.443085
0.565349,-1.766246,-25.441545
1.210948,-1.576084,-25.437848
1.685912,-2.093909,-25.434517
2.312748,-2.406211,-25.441469
2.941125,-2.356324,-25.440160
3.789161,-2.770547,-25.426624
4.482729,-2.474818,-25.430139
5.451578,-2.456715,-25.431787
6.133561,-1.964163,-25.431625
6.549174,-1.195182,-25.430440
6.553417,-0.294760,-25.435373
6.284982,0.563278,-25.433272
5.919173,1.296007,-25.427953
5.434917,1.871124,-25.442363
5.171520,2.352592,-25.442255
4.917949,2.798354,-25.438888
4.620076,3.177544,-25.428291
4.225441,3.441376,-25.429249
3.313384,3.088975,-29.025428
3.172044,3.381775,-29.024304
2.982761,3.759409,-29.024407
2.717490,4.153522,-29.027924
2.349977,4.570441,-29.032086
1.876333,4.989870,-29.031145
1.259028,5.374329,-29.027117
0.519438,5.615704,-29.029815
-0.261736,5.650612,-29.035592
-1.022585,5.468277,-29.035667
-1.737704,5.060324,-29.029617
-2.318725,4.501865,-29.023792
-2.808106,3.816582,-29.025751
-3.021518,3.005271,-29.028063
-2.844953,2.156999,-29.026677
-2.374142,1.430142,-29.029137
-1.661367,0.872357,-29.031678
-0.884656,0.525372,-29.027871
-0.335812,0.278919,-29.024442
0.079032,0.041993,-29.023231
0.435867,-0.136391,-29.023586
0.814745,-0.262464,-29.024943
1.143695,-0.388099,-29.025659
1.492279,-0.532163,-29.025538
1.850362,-0.465576,-29.027234
2.182516,-0.347188,-29.030831
2.653251,-1.018129,-29.027368
3.354148,-1.623487,-29.030000
3.840951,-1.384249,-29.028795
4.569959,-1.390985,-29.029550
5.173027,-1.107682,-29.033043
5.508620,-0.540509,-29.022359
5.540324,0.149317,-29.032206
5.277588,0.827166,-29.036221
4.849837,1.398272,-29.027825
4.487176,1.799144,-29.040338
4.312059,2.159280,-29.031122
4.086645,2.463991,-29.030948
3.700711,2.634604,-29.027678
3.474947,2.829434,-29.025756
3.037937,2.758043,-32.626883
2.901927,2.974484,-32.625977
2.730653,3.188543,-32.624467
2.516723,3.410025,-32.622365
2.259293,3.630091,-32.620404
1.936112,3.837042,-32.620757
1.564651,3.986266,-32.626089
1.135625,4.058387,-32.632958
0.699169,4.028159,-32.633240
0.257640,3.877881,-32.629751
-0.116970,3.610080,-32.632002
-0.416078,3.268394,-32.633844
-0.660747,2.863079,-32.627219
-0.764122,2.417457,-32.622718
-0.673185,1.941206,-32.627683
-0.436258,1.527600,-32.632789
-0.097173,1.202099,-32.633088
0.294948,0.981276,-32.631271
0.658252,0.857656,-32.629647
0.949844,0.770921,-32.627903
1.190187,0.683406,-32.625698
1.378664,0.593499,-32.623424
1.551980,0.509747,-32.622605
1.747660,0.443694,-32.625677
1.936598,0.407453,-32.631807
2.135763,0.348699,-32.635440
2.367988,0.288012,-32.631719
2.712118,0.007550,-32.635687
3.149105,-0.188759,-32.626538
3.792624,-0.444166,-32.627493
4.352483,-0.375969,-32.632498
4.652748,0.015497,-32.627424
4.739475,0.488475,-32.628905
4.529399,1.020640,-32.626874
3.977281,1.482733,-32.622832
3.802663,1.772416,-32.632208
3.482232,1.977641,-32.621104
3.306315,2.160814,-32.624558
3.213564,2.347801,-32.626487
3.137594,2.541155,-32.627113
3.163968,1.144384,-36.225444
