23.715566,21.606229,26.193505
19.861796,24.834096,26.193504
15.631189,27.553959,26.193504
11.060103,29.649606,26.193504
6.412952,30.989333,26.193504
1.425438,31.632121,26.193504
-3.410096,31.535083,26.193504
-8.367729,30.690117,26.193504
-12.948347,29.135483,26.193504
-17.344601,26.691035,26.193504
-20.996106,23.514935,26.193504
-23.914640,19.657917,26.193504
-26.059615,15.321904,26.193504
-27.418158,10.882497,26.193504
-28.103822,6.487204,26.193504
-28.209524,2.040188,26.193504
-27.776992,-2.192764,26.193504
-26.833709,-6.341543,26.193504
-25.397959,-10.346549,26.193504
-23.480104,-14.144383,26.193505
-21.059408,-17.644854,26.193505
-18.122418,-20.723513,26.193505
-14.727914,-23.291047,26.193504
-10.979400,-25.305160,26.193504
-6.792077,-26.806431,26.193504
-2.434851,-27.700792,26.193504
2.002716,-28.009861,26.193504
6.443829,-27.756933,26.193504
11.008265,-26.916376,26.193504
15.610764,-25.435633,26.193504
19.977190,-23.357547,26.193504
24.328270,-20.470279,26.193504
28.197628,-16.962178,26.193504
31.563065,-12.717400,26.193504
34.116395,-7.718448,26.193504
35.362077,-2.237961,26.193504
34.925504,3.542169,26.193503
33.125001,8.873463,26.193503
30.476741,13.627768,26.193504
28.212485,18.404957,23.448633
24.589327,22.256318,23.443959
20.577393,25.766946,23.442218
15.855497,28.034662,23.438827
10.901837,29.353451,23.440004
6.153752,30.461897,23.447702
1.287768,30.922088,23.448482
-3.395440,30.725744,23.445281
-8.203370,29.856031,23.440693
-12.642077,28.353577,23.436278
-16.950148,26.042970,23.436280
-20.580872,23.077581,23.444759
-23.672401,19.293163,23.442336
-25.834877,15.361673,23.442176
-27.376128,10.942404,23.447847
-28.225410,6.543603,23.443429
-28.727962,2.082692,23.443276
-28.510104,-2.372586,23.447552
-27.916923,-6.626977,23.449198
-26.928963,-10.980288,23.448633
-24.967511,-15.014859,23.449238
-22.457678,-18.732537,23.442490
-19.318244,-22.203686,23.445960
-15.827723,-25.016298,23.447292
-11.987162,-28.027366,23.438790
-8.004024,-31.819492,23.441156
-2.853429,-34.254954,23.439296
2.629711,-34.889014,23.443947
8.087299,-34.219812,23.444481
13.317368,-32.512014,23.440281
18.319252,-29.772812,23.445551
22.623428,-26.350617,23.448907
26.465410,-22.419054,23.444649
30.060228,-17.989833,23.439259
33.068498,-13.147956,23.441394
35.100332,-7.816862,23.445642
35.939622,-2.173057,23.441171
35.582890,3.523144,23.444678
34.013686,9.012007,23.450691
31.481926,13.940351,23.451692
28.861143,18.821472,20.699015
25.160828,22.807416,20.696119
21.201553,26.349522,20.690066
16.049908,28.401518,20.692310
11.027705,29.214027,20.694715
6.107829,30.196099,20.689964
1.300421,30.564234,20.690408
-3.308675,30.323989,20.687680
-8.048863,29.453893,20.690436
-12.619008,27.912721,20.697870
-16.704010,25.769710,20.696430
-20.497981,22.789720,20.688988
-23.510856,19.299980,20.693689
-25.871935,15.328491,20.698682
-27.510814,11.023946,20.692759
-28.515695,6.522982,20.686310
-29.287119,2.174411,20.688912
-29.255619,-2.405144,20.695556
-28.842500,-6.816321,20.698681
-28.062049,-11.545906,20.699408
-26.094236,-15.729425,20.700605
-23.419830,-19.752898,20.694079
-20.181326,-23.310502,20.691919
-16.440925,-26.367322,20.692818
-12.563400,-29.553198,20.691182
-8.409958,-33.701887,20.691850
-3.173581,-36.804185,20.696614
2.804315,-37.991572,20.696998
8.843492,-37.265007,20.695770
14.474939,-34.950422,20.695298
19.320624,-31.635407,20.693128
23.593102,-27.612244,20.692088
27.446315,-23.186619,20.689787
30.825400,-18.644138,20.691983
33.728676,-13.544455,20.695059
35.605398,-7.981245,20.691290
36.285306,-2.149684,20.688479
35.959615,3.506284,20.690237
34.495567,9.201238,20.694485
32.017908,14.348161,20.697989
29.285843,19.085594,17.949233
25.618855,23.112074,17.950198
21.483360,26.817216,17.943720
16.273116,28.665229,17.943528
10.987766,29.259381,17.943482
6.040727,30.146333,17.938220
1.430459,30.458912,17.941993
-3.395508,30.184251,17.936623
-7.937334,29.344245,17.941388
-12.523646,27.823582,17.949424
-16.636692,25.716020,17.941656
-20.484216,22.790789,17.947672
-23.573846,19.357879,17.941003
-26.035947,15.436697,17.939907
-27.780862,11.165694,17.946473
-28.896284,6.682205,17.936732
-29.878075,2.149230,17.945154
-29.951431,-2.432416,17.947996
-29.604562,-7.073861,17.940837
-28.943523,-11.827833,17.938468
-26.951154,-16.241220,17.941817
-24.185376,-20.470938,17.941412
-20.914394,-24.006322,17.946650
-17.022717,-27.220070,17.946228
-12.873625,-30.435123,17.939666
-8.315624,-33.804259,17.947851
-3.101099,-36.043980,17.948956
2.741236,-36.796169,17.946029
8.569330,-36.003642,17.945319
14.080933,-33.935172,17.945257
18.961815,-31.047828,17.943529
23.545725,-27.364956,17.943395
27.509988,-23.310846,17.947587
31.100290,-18.652753,17.943157
33.963047,-13.513640,17.940822
35.746079,-8.129395,17.947983
36.409761,-2.284879,17.938927
36.082133,3.589144,17.939221
34.763592,9.124106,17.944855
32.445701,14.360777,17.947338
29.503329,19.218566,15.186411
25.740558,23.424235,15.188986
21.761535,26.974839,15.197956
16.362435,28.845790,15.197737
11.081546,29.366162,15.189493
6.140235,30.215427,15.186120
1.331902,30.524057,15.185563
-3.480390,30.235305,15.186843
-8.010475,29.395332,15.191026
-12.588581,27.889566,15.194952
-16.703958,25.812589,15.193505
-20.576337,22.940943,15.189210
-23.716263,19.570452,15.188107
-26.357006,15.528465,15.188765
-28.169320,11.299351,15.189415
-29.360523,6.847574,15.190631
-30.461570,2.137254,15.189169
-30.574915,-2.430025,15.187590
-30.211969,-7.270549,15.186374
-29.494927,-12.213540,15.187107
-27.531096,-16.628110,15.191892
-24.803610,-20.870411,15.195802
-21.379409,-24.525277,15.198137
-17.332464,-27.867125,15.200561
-13.066269,-30.899615,15.198537
-8.230942,-33.408828,15.190365
-2.959485,-34.792578,15.192508
2.486973,-34.980093,15.192525
8.075412,-34.098775,15.193601
13.263246,-32.434624,15.196657
18.367773,-29.999956,15.193393
23.085714,-26.879537,15.190681
27.295524,-23.100087,15.193078
30.984039,-18.540720,15.192260
33.766829,-13.609896,15.188776
35.656456,-8.057587,15.189140
36.330976,-2.228280,15.189339
35.995634,3.626911,15.189262
34.731681,9.168651,15.188478
32.541605,14.445071,15.187144
29.527049,19.231509,12.440678
25.812954,23.473161,12.443478
21.654605,27.113299,12.449222
16.437926,28.920868,12.443468
10.969836,29.545506,12.435743
6.241930,30.366902,12.439924
1.440811,30.691796,12.444751
-3.367352,30.429431,12.440280
-8.101459,29.573920,12.436715
-12.679564,28.086658,12.437192
-16.803207,26.038466,12.439030
-20.701713,23.212361,12.449124
-24.023756,19.733688,12.443098
-26.710785,15.729899,12.440032
-28.655699,11.337269,12.447306
-29.895330,6.903102,12.443571
-30.984410,2.196672,12.440857
-31.080892,-2.576505,12.440327
-30.660183,-7.404307,12.442085
-29.864229,-12.334020,12.442500
-27.843797,-16.943677,12.438601
-25.131508,-21.188026,12.442938
-21.539119,-24.958739,12.441797
-17.640751,-28.155076,12.436682
-13.109946,-31.143715,12.437141
-8.235102,-33.058865,12.442735
-2.874126,-34.006709,12.448574
2.355021,-33.949781,12.446012
7.721684,-33.047419,12.443245
12.928403,-31.472047,12.446076
17.916958,-29.303887,12.448656
22.756294,-26.388229,12.448690
27.069400,-22.736164,12.442489
30.666538,-18.382199,12.441455
33.455222,-13.460764,12.445902
35.362099,-7.922415,12.446663
36.054948,-2.101328,12.445377
35.728541,3.534877,12.444413
34.520758,9.087832,12.442992
32.451696,14.403944,12.441168
29.372215,19.132401,9.695350
25.711333,23.403706,9.693287
21.546870,26.987790,9.699225
16.353322,28.901007,9.698194
11.142304,29.673844,9.696602
6.227312,30.564522,9.700365
1.440394,30.907746,9.692981
-3.355706,30.670499,9.686868
-8.081963,29.845320,9.692331
-12.658795,28.397357,9.698841
-16.973352,26.293761,9.695603
-20.883569,23.506564,9.696235
-24.372513,19.917027,9.688971
-27.084385,15.947266,9.692309
-29.081735,11.590853,9.699780
-30.414245,6.979194,9.688003
-31.420452,2.270328,9.689991
-31.479176,-2.496660,9.689506
-30.944996,-7.504920,9.692893
-30.011739,-12.402823,9.701000
-28.013084,-17.003388,9.695476
-25.327688,-21.248047,9.699000
-21.756470,-25.017943,9.692201
-17.689480,-28.325456,9.690082
-13.278845,-31.077848,9.700689
-8.111952,-32.759155,9.696572
-2.935930,-33.447231,9.688479
2.481876,-33.270707,9.686134
7.620813,-32.360803,9.689538
12.617492,-30.865295,9.691854
17.610758,-28.745950,9.689597
22.296267,-26.009856,9.688220
26.640326,-22.418757,9.687421
30.236585,-18.084573,9.694410
32.999164,-13.166517,9.697932
34.841127,-7.842628,9.689912
35.574519,-2.252117,9.691298
35.257328,3.574853,9.697111
34.080787,9.123534,9.699949
32.185746,14.260582,9.698862
29.047964,18.926260,6.949670
25.449502,23.215204,6.950648
21.283087,26.715247,6.941312
16.346516,28.736481,6.935738
11.226392,29.774370,6.936608
6.348895,30.727095,6.938150
1.384460,31.120258,6.942256
-3.386072,30.909868,6.941712
-8.293375,30.068465,6.944804
-12.846817,28.633869,6.948229
-17.143630,26.553907,6.946070
-21.207603,23.671300,6.949955
-24.556883,20.271884,6.941773
-27.408983,16.181213,6.938410
-29.513900,11.673502,6.945393
-30.847232,7.089026,6.942227
-31.727288,2.385358,6.941111
-31.712030,-2.571541,6.941090
-31.062271,-7.530434,6.944994
-29.966997,-12.373909,6.949766
-27.981300,-16.946447,6.946725
-25.196021,-21.336829,6.945775
-21.632003,-25.078893,6.947890
-17.732802,-28.219141,6.946143
-13.105657,-30.954177,6.940130
-8.112553,-32.398187,6.939578
-2.954497,-33.003512,6.945425
2.431393,-32.801319,6.947064
7.539931,-31.882734,6.947904
12.500979,-30.369625,6.948558
17.261594,-28.309085,6.945726
21.905632,-25.561544,6.949509
26.051085,-22.104475,6.950988
29.613436,-17.782078,6.947601
32.336323,-12.879215,6.943563
34.160097,-7.581247,6.943179
34.908435,-2.232551,6.946195
34.643640,3.354932,6.943918
33.535046,8.886007,6.942065
31.749480,14.025865,6.944999
28.559316,18.615668,4.199468
25.179258,22.757774,4.195239
21.047535,26.187592,4.189228
16.229656,28.441539,4.186291
11.251645,29.800990,4.191536
6.228619,30.858777,4.200518
1.311151,31.278817,4.200652
-3.416608,31.099319,4.202396
-8.285087,30.295487,4.195787
-12.999245,28.832116,4.186997
-17.262081,26.780903,4.190037
-21.303666,23.944770,4.191298
-24.784755,20.446538,4.189264
-27.623541,16.403995,4.186524
-29.747135,11.951320,4.188506
-31.134824,7.214157,4.195033
-31.884657,2.329029,4.191897
-31.771862,-2.592943,4.194322
-31.005732,-7.479821,4.196524
-29.739771,-12.242438,4.191049
-27.762466,-16.766198,4.190057
-25.008972,-21.116902,4.197227
-21.503753,-24.857043,4.201409
-17.467484,-28.077626,4.195439
-13.004140,-30.595024,4.190817
-8.046809,-31.986040,4.196778
-2.935859,-32.584340,4.190810
2.402227,-32.400775,4.189246
7.464100,-31.489157,4.194381
12.366902,-29.946503,4.196970
17.046896,-27.819618,4.195508
21.417079,-25.110753,4.192343
25.461880,-21.612284,4.188539
28.817229,-17.449785,4.187575
31.485661,-12.578159,4.187685
33.230482,-7.522775,4.188109
34.062946,-2.028751,4.193926
33.836621,3.302500,4.192372
32.779682,8.791769,4.191854
31.070609,13.899179,4.196786
27.908212,18.201400,1.444084
24.612491,22.325875,1.438828
20.501875,25.634440,1.446071
16.014442,28.000962,1.444058
11.234902,29.706149,1.435429
6.294500,30.846952,1.441076
1.448641,31.324858,1.451240
-3.419213,31.187482,1.440142
-8.228359,30.424731,1.440645
-12.889573,29.013515,1.450965
-17.464877,26.822818,1.442920
-21.442647,24.010454,1.444535
-25.004824,20.398451,1.442177
-27.777992,16.393193,1.442213
-29.862977,11.991674,1.448249
-31.257793,7.113971,1.447869
-31.825413,2.276070,1.442627
-31.628532,-2.588402,1.446107
-30.758964,-7.380531,1.449470
-29.328242,-12.034365,1.444633
-27.353911,-16.485226,1.441129
-24.634518,-20.771206,1.441700
-21.206665,-24.499368,1.447900
-17.225126,-27.666106,1.448645
-12.781192,-30.089889,1.445842
-7.899876,-31.488709,1.449348
-2.864535,-32.129258,1.439822
2.202653,-32.009768,1.433768
7.202467,-31.141577,1.440594
12.030945,-29.590491,1.447025
16.784742,-27.304525,1.442189
21.008896,-24.495478,1.442278
24.888229,-20.920210,1.445826
27.986925,-16.902666,1.447773
30.470708,-12.248687,1.448957
32.171287,-7.252913,1.447465
33.023256,-2.042304,1.438657
32.866536,3.219246,1.442349
31.924869,8.443591,1.449464
30.315146,13.502530,1.449542
27.098840,17.685492,-1.300769
23.903922,21.769278,-1.300303
19.826459,24.935959,-1.309463
15.528278,27.483049,-1.308381
10.993708,29.500728,-1.303763
6.351228,30.661747,-1.307616
1.403645,31.209184,-1.304330
-3.372839,31.112747,-1.302016
-8.293001,30.353085,-1.304613
-12.868947,28.974006,-1.308375
-17.362066,26.830103,-1.309763
-21.423081,23.948537,-1.308891
-24.906530,20.390018,-1.303440
-27.711900,16.278548,-1.306346
-29.730291,11.942831,-1.310660
-31.070973,7.148052,-1.301494
-31.508827,2.192858,-1.303433
-31.247559,-2.587113,-1.304876
-30.293208,-7.260263,-1.302604
-28.719217,-11.777615,-1.301280
-26.746754,-16.128341,-1.301856
-24.064635,-20.320941,-1.306822
-20.873896,-23.878857,-1.307309
-16.988959,-26.998863,-1.308307
-12.425397,-29.435467,-1.312620
-7.657190,-30.874448,-1.311743
-2.727768,-31.581490,-1.310873
2.247656,-31.514941,-1.305433
7.154492,-30.666107,-1.299659
11.872819,-29.080765,-1.299245
16.303189,-26.810810,-1.303115
20.355960,-23.919654,-1.308092
24.050280,-20.294088,-1.310547
27.006824,-16.286333,-1.310010
29.370681,-11.684015,-1.308276
30.936969,-6.955740,-1.307400
31.824459,-1.851956,-1.307758
31.733023,3.114255,-1.306213
30.860921,8.246905,-1.304151
29.395041,13.031508,-1.302779
26.124032,17.062599,-4.050438
23.045153,21.073543,-4.054642
19.194452,23.989692,-4.058440
15.131707,26.686806,-4.060183
10.896268,28.995990,-4.057996
6.199350,30.273765,-4.053727
1.382494,30.856909,-4.055320
-3.465663,30.786898,-4.056440
-8.263738,30.054335,-4.053177
-12.906557,28.645223,-4.049027
-17.272566,26.527223,-4.049561
-21.208474,23.687024,-4.054250
-24.577101,20.191353,-4.055627
-27.280157,16.164431,-4.056937
-29.296068,11.745228,-4.056320
-30.562134,7.060515,-4.052022
-30.890738,2.227037,-4.061653
-30.612347,-2.438643,-4.055913
-29.567420,-7.157108,-4.051365
-27.882347,-11.510210,-4.058508
-25.915995,-15.729141,-4.052241
-23.395045,-19.641550,-4.049992
-20.185401,-23.289104,-4.057703
-16.395526,-26.311196,-4.060752
-12.095436,-28.566430,-4.053460
-7.484429,-30.076052,-4.049147
-2.696538,-30.868289,-4.052040
2.155115,-30.875631,-4.052637
6.941698,-30.072491,-4.052649
11.703604,-28.404037,-4.057786
15.950635,-26.056632,-4.060635
19.780172,-23.076827,-4.051298
23.112144,-19.551863,-4.053297
25.902495,-15.578414,-4.054078
28.057550,-11.237011,-4.051410
29.552451,-6.617553,-4.054939
30.439846,-1.844433,-4.054545
30.430237,2.996951,-4.058517
29.677748,7.813994,-4.059260
28.237509,12.672315,-4.053536
24.972428,16.325051,-6.811965
22.169737,20.101204,-6.805154
18.281572,22.999246,-6.805046
14.479169,25.778793,-6.808423
10.550471,28.265420,-6.807456
6.023910,29.579126,-6.804910
1.375715,30.191578,-6.810570
-3.307185,30.163793,-6.811743
-8.131937,29.445807,-6.812865
-12.618107,28.085010,-6.809297
-16.835367,26.035811,-6.799654
-20.770270,23.154870,-6.807985
-23.987741,19.740934,-6.812244
-26.647512,15.658693,-6.805593
-28.536272,11.360999,-6.799615
-29.705968,6.820882,-6.802488
-29.953419,2.148613,-6.808711
-29.667959,-2.363395,-6.805841
-28.608308,-6.903893,-6.801813
-26.877502,-11.072421,-6.802378
-24.939703,-15.130195,-6.802103
-22.485355,-18.894939,-6.810396
-19.547357,-22.321121,-6.805706
-15.922124,-25.271775,-6.804295
-11.764979,-27.458432,-6.810944
-7.351755,-29.033713,-6.800086
-2.746600,-29.911206,-6.804763
2.129227,-29.990534,-6.812087
6.755741,-29.226881,-6.811688
11.339752,-27.565013,-6.807621
15.382166,-25.188980,-6.805424
18.967335,-22.168359,-6.808064
22.064675,-18.651457,-6.810629
24.575228,-14.912091,-6.807847
26.606837,-10.694122,-6.807509
28.017594,-6.219967,-6.812096
28.882331,-1.801207,-6.807033
28.953009,2.877213,-6.809565
28.277393,7.533555,-6.815350
26.970310,12.051884,-6.816238
23.647490,15.474582,-9.550754
20.997713,19.109635,-9.552662
17.248071,21.840110,-9.556452
13.861112,24.517951,-9.558525
10.119080,27.222180,-9.554887
5.803265,28.553241,-9.551099
1.185477,29.196619,-9.559339
-3.291680,29.179528,-9.562408
-7.732076,28.535750,-9.558546
-12.196324,27.193601,-9.553341
-16.377864,25.130035,-9.550642
-20.109975,22.332921,-9.550963
-23.144352,19.028431,-9.552688
-25.633532,15.090269,-9.554279
-27.393764,10.960260,-9.552565
-28.487466,6.611839,-9.549960
-28.698637,2.144876,-9.557652
-28.409308,-2.352322,-9.555363
-27.408292,-6.508990,-9.550132
-25.683593,-10.467731,-9.553713
-23.799432,-14.333423,-9.558294
-21.447655,-17.928023,-9.562409
-18.541214,-21.361629,-9.561332
-15.224396,-24.076161,-9.558714
-11.253429,-26.181980,-9.555064
-7.066239,-27.775290,-9.549799
-2.501844,-28.720728,-9.558507
1.982356,-28.847032,-9.556684
6.584737,-28.101759,-9.553731
10.784731,-26.528460,-9.556010
14.745803,-24.067829,-9.553095
18.059336,-21.048445,-9.557794
20.795690,-17.728286,-9.561713
23.211452,-13.948633,-9.562291
25.016998,-10.048695,-9.557722
26.293279,-5.935863,-9.550300
27.174599,-1.539857,-9.549752
27.293362,2.756805,-9.552577
26.700223,7.210748,-9.553425
25.524616,11.363171,-9.551798
22.112926,14.487995,-12.303516
19.640687,17.942048,-12.311123
16.221106,20.401108,-12.312166
12.977978,23.127866,-12.306163
9.579383,25.847174,-12.302679
5.517187,27.168979,-12.304840
1.163352,27.824077,-12.303482
-3.231044,27.827873,-12.302842
-7.423597,27.215812,-12.304787
-11.635608,25.939670,-12.304855
-15.577677,23.979334,-12.300928
-19.086021,21.317880,-12.301578
-22.025795,18.038093,-12.308471
-24.318577,14.283976,-12.311515
-25.929445,10.363964,-12.310096
-26.924714,6.249340,-12.311617
-27.114855,2.031999,-12.308383
-26.846394,-2.215532,-12.305409
-25.883349,-6.133247,-12.305942
-24.208576,-9.851415,-12.306631
-22.399386,-13.485972,-12.304666
-20.163318,-16.868321,-12.304171
-17.552860,-20.003699,-12.305496
-14.316939,-22.698948,-12.303274
-10.572891,-24.700822,-12.302418
-6.645167,-26.267772,-12.310824
-2.519399,-27.209066,-12.310007
1.881507,-27.401722,-12.302438
6.228570,-26.710898,-12.306043
10.181819,-25.190959,-12.310305
13.871582,-22.788693,-12.301801
16.903580,-19.836185,-12.310085
19.490211,-16.487460,-12.310065
21.605420,-13.015642,-12.306874
23.258731,-9.310605,-12.304977
24.427347,-5.416656,-12.302091
25.237354,-1.435570,-12.305779
25.418117,2.620900,-12.307862
24.940820,6.659124,-12.305510
23.801896,10.745498,-12.302031
20.270612,13.492049,-15.054543
18.085890,16.584555,-15.054650
14.895512,18.851215,-15.051066
11.956060,21.454900,-15.054398
8.905060,24.103658,-15.058025
4.993522,25.431434,-15.052567
1.109884,26.040951,-15.052541
-2.969879,26.068526,-15.053475
-7.020845,25.484129,-15.052508
-10.929537,24.289076,-15.051082
-14.582116,22.450796,-15.050768
-17.823356,19.956303,-15.051325
-20.526521,16.886169,-15.054395
-22.621810,13.378442,-15.055605
-24.131403,9.574514,-15.055612
-25.014475,5.743898,-15.057770
-25.184922,1.826213,-15.052701
-24.953871,-1.961846,-15.051040
-24.017689,-5.750560,-15.052056
-22.502089,-9.049299,-15.050516
-20.792862,-12.411159,-15.051447
-18.701717,-15.541253,-15.059368
-16.298531,-18.472883,-15.055935
-13.324267,-21.007832,-15.053059
-9.863402,-22.900532,-15.059917
-6.248621,-24.434919,-15.056942
-2.434591,-25.382342,-15.052806
1.650445,-25.618724,-15.054634
5.693706,-25.012019,-15.059917
9.503197,-23.522683,-15.059060
12.876860,-21.210747,-15.051488
15.603592,-18.379827,-15.052642
17.909043,-15.197689,-15.057731
19.807343,-11.933670,-15.056594
21.291840,-8.471162,-15.056967
22.299385,-4.995832,-15.062522
23.067839,-1.302611,-15.060120
23.302767,2.463783,-15.059933
22.901347,6.211314,-15.059377
21.893945,9.855399,-15.056399
18.227389,12.157973,-17.808823
16.275042,14.986672,-17.808474
13.366021,17.028168,-17.809200
10.756967,19.445206,-17.807245
8.076088,21.945991,-17.803086
4.538845,23.201963,-17.801476
0.875626,23.795467,-17.802696
-2.827805,23.817237,-17.802139
-6.502736,23.271763,-17.806102
-10.045507,22.168702,-17.809979
-13.354000,20.486433,-17.805736
-16.382887,18.101696,-17.804152
-18.787533,15.272230,-17.804971
-20.569888,12.182904,-17.806249
-21.900995,8.715519,-17.806720
-22.684050,5.234033,-17.806147
-22.852765,1.678204,-17.807957
-22.647032,-1.759048,-17.809397
-21.854430,-5.068742,-17.806673
-20.425373,-8.194071,-17.802605
-18.840813,-11.228722,-17.804793
-16.923422,-14.057323,-17.809118
-14.751117,-16.724984,-17.806317
-12.188468,-18.967789,-17.805582
-9.079676,-20.743155,-17.809329
-5.829882,-22.208992,-17.805986
-2.245564,-23.161068,-17.811162
1.461031,-23.426892,-17.805294
5.134189,-22.904372,-17.803056
8.709577,-21.460153,-17.810604
11.713232,-19.277941,-17.807306
14.100539,-16.626404,-17.804066
16.105868,-13.676717,-17.807090
17.769517,-10.680293,-17.803368
19.024508,-7.652944,-17.803803
19.915327,-4.492087,-17.812158
20.619079,-1.141749,-17.805214
20.896533,2.132479,-17.804436
20.568218,5.671612,-17.807775
19.640203,8.975640,-17.808965
15.823951,10.586261,-20.557399
14.059204,13.176365,-20.554430
11.591683,14.871009,-20.552919
9.333841,17.014199,-20.554971
6.929565,19.326120,-20.556062
3.949697,20.405486,-20.554544
0.740365,20.944525,-20.556537
-2.504879,20.969243,-20.558146
-5.729138,20.500192,-20.554220
-8.952245,19.493640,-20.552576
-11.839635,17.992653,-20.558484
-14.389525,15.969262,-20.555595
-16.488320,13.482038,-20.554110
-18.082804,10.647351,-20.558004
-19.207048,7.592672,-20.559392
-19.854851,4.660083,-20.554086
-20.045258,1.544100,-20.551594
-19.870714,-1.466057,-20.554566
-19.143697,-4.492062,-20.556429
-17.953825,-7.120769,-20.554737
-16.536082,-9.766581,-20.555389
-14.839940,-12.236313,-20.555458
-12.944698,-14.579915,-20.554593
-10.727518,-16.581398,-20.555858
-8.038601,-18.197581,-20.556872
-5.100010,-19.585888,-20.552328
-2.090430,-20.435795,-20.552774
1.279743,-20.710280,-20.559139
4.503429,-20.261239,-20.558600
7.630719,-18.981279,-20.552039
10.220890,-17.008344,-20.552141
12.310642,-14.515906,-20.555725
13.922332,-11.983490,-20.561129
15.335459,-9.332725,-20.556188
16.451564,-6.550108,-20.553355
17.201171,-3.771194,-20.561132
17.778377,-0.954142,-20.559772
18.091419,1.912879,-20.553215
17.870622,4.884564,-20.551366
17.058398,7.780960,-20.555159
12.840149,8.757777,-23.309499
11.466249,10.818598,-23.309300
9.341867,12.262306,-23.307219
7.578200,13.977322,-23.305801
5.629762,15.917837,-23.304434
3.081998,16.857003,-23.303708
0.437672,17.289760,-23.307256
-2.237215,17.291500,-23.307202
-4.887828,16.876541,-23.308964
-7.442788,16.066224,-23.309432
-9.830506,14.848186,-23.303777
-11.928615,13.178582,-23.306252
-13.648916,11.121127,-23.307007
-14.950978,8.778697,-23.304174
-15.821169,6.352517,-23.305065
-16.354680,3.831621,-23.309386
-16.551574,1.264092,-23.305070
-16.405657,-1.209930,-23.301812
-15.831201,-3.610281,-23.305477
-14.842081,-5.881231,-23.308250
-13.695128,-7.955723,-23.303963
-12.273097,-9.974064,-23.306162
-10.719531,-11.908322,-23.307061
-8.936316,-13.607325,-23.304791
-6.767326,-15.010285,-23.305326
-4.370448,-16.204995,-23.306943
-1.806685,-16.983144,-23.306440
0.965680,-17.257722,-23.306176
3.726141,-16.889070,-23.304260
6.197090,-15.848293,-23.304563
8.369580,-14.104086,-23.309216
10.022703,-11.995053,-23.306924
11.339760,-9.781117,-23.307722
12.451009,-7.570471,-23.307228
13.301615,-5.360609,-23.308170
13.905589,-3.068489,-23.308987
14.377721,-0.746835,-23.302871
14.694751,1.610247,-23.307890
14.544279,4.050208,-23.312880
13.860443,6.434618,-23.311572
8.933113,6.249432,-26.057612
7.932877,7.774736,-26.055650
6.455786,8.720301,-26.054822
5.144617,9.985767,-26.055872
3.788656,11.289986,-26.056439
1.973540,11.946292,-26.055568
0.164471,12.229376,-26.055535
-1.735699,12.209799,-26.055086
-3.617318,11.897327,-26.055069
-5.430047,11.315704,-26.057407
-7.130793,10.457625,-26.059444
-8.591887,9.348945,-26.054650
-9.828097,7.902411,-26.055115
-10.747732,6.230854,-26.056441
-11.351974,4.503291,-26.053828
-11.695261,2.780633,-26.058633
-11.884320,0.954423,-26.058135
-11.765927,-0.792444,-26.056018
-11.362342,-2.433522,-26.056252
-10.739030,-4.075472,-26.054983
-9.848801,-5.590805,-26.053417
-8.839101,-6.938324,-26.057046
-7.748472,-8.319965,-26.056616
-6.539839,-9.588747,-26.054772
-5.052868,-10.663133,-26.058808
-3.314703,-11.604837,-26.058230
-1.511137,-12.215142,-26.056341
0.525322,-12.477033,-26.055544
2.491598,-12.245367,-26.055679
4.368495,-11.419054,-26.057822
5.854239,-10.108786,-26.059375
6.991637,-8.491009,-26.055115
7.857755,-6.878152,-26.056245
8.601709,-5.285875,-26.059118
9.186156,-3.706408,-26.059278
9.595459,-2.074100,-26.057182
9.904855,-0.492543,-26.055000
10.240646,1.240748,-26.053621
10.161698,2.956944,-26.054785
9.636172,4.648591,-26.057090
-0.608239,-0.200708,-28.806496
14.019477,17.811237,26.193504
11.649578,20.358255,26.193504
8.834150,22.407215,26.193504
5.569571,23.644955,26.193504
2.099275,23.761504,26.193504
-1.169868,22.962140,26.193504
-4.222749,21.588451,26.193504
-6.749833,20.042006,26.193504
-8.916648,18.422839,26.193504
-10.854246,16.725695,26.193504
-12.653127,14.882372,26.193504
-14.125117,13.091506,26.193504
-15.491341,11.061563,26.193504
-16.569615,9.009352,26.193504
-17.436987,6.721340,26.193504
-17.987958,4.337264,26.193504
-18.208540,1.900239,26.193504
-18.121274,-0.545415,26.193504
-17.703184,-3.217355,26.193504
-16.980238,-5.823657,26.193504
-15.925365,-8.453445,26.193504
-14.521625,-11.062338,26.193504
-12.667948,-13.695977,26.193504
-10.296087,-16.240271,26.193504
-7.435675,-18.443487,26.193504
-4.061461,-20.055869,26.193504
-0.257052,-20.763283,26.193504
3.466836,-20.425286,26.193504
7.151753,-19.242538,26.193504
10.555422,-17.408052,26.193504
13.593471,-15.016375,26.193504
16.075147,-12.219915,26.193504
18.057755,-8.899818,26.193504
19.350389,-5.391700,26.193504
20.020751,-1.714345,26.193504
20.102437,1.893179,26.193503
19.691928,5.346538,26.193503
18.839580,8.723553,26.193503
17.579305,11.979248,26.193504
16.320753,15.205892,23.940678
13.861858,17.695802,23.937916
11.258525,19.782948,23.939876
8.336844,21.414193,23.946566
5.125473,22.369245,23.944511
1.786276,22.454704,23.946076
-1.221715,21.831805,23.945224
-4.077433,20.722429,23.940736
-6.530790,19.404530,23.947719
-8.730164,17.932387,23.941427
-10.677655,16.358299,23.941753
-12.414004,14.744501,23.950665
-13.964760,12.960832,23.947066
-15.397721,11.076187,23.938498
-17.283927,9.221508,23.942031
-18.077108,6.851474,23.946697
-19.113498,4.407404,23.941160
-19.761219,1.719510,23.944526
-20.036167,-1.074695,23.944228
-19.785040,-4.101395,23.941944
-19.073223,-7.097634,23.942976
-18.141399,-10.297340,23.942177
-16.522413,-13.540623,23.943943
-14.361545,-16.618877,23.942568
-11.676212,-19.447216,23.941757
-8.313962,-21.933170,23.945498
-4.368006,-23.695496,23.947608
0.034247,-24.426593,23.942730
4.467635,-23.987785,23.944438
8.615161,-22.730496,23.941404
12.583321,-20.744997,23.941046
16.201580,-18.112496,23.946781
19.288074,-14.830232,23.940550
20.667319,-10.541908,23.940686
21.241683,-6.200540,23.940986
21.935454,-2.236515,23.938608
22.164205,1.656905,23.944725
21.711465,5.541315,23.945146
20.459079,9.225790,23.941766
18.617187,12.353754,23.941245
16.630014,15.351623,21.696908
13.863341,17.583539,21.697326
10.886653,19.451533,21.697707
7.915150,20.730265,21.696581
4.760931,21.452976,21.691672
1.677861,21.515065,21.693631
-1.364902,20.989266,21.693758
-4.011706,20.105204,21.688032
-6.403942,18.981301,21.692678
-8.671119,17.620220,21.690017
-10.552651,16.217450,21.691786
-12.333397,14.679187,21.693888
-13.920525,12.950369,21.688144
-15.513944,11.032199,21.695514
-17.637542,9.452372,21.696531
-18.481180,6.964641,21.690549
-19.751723,4.469528,21.695950
-20.665028,1.708821,21.697605
-21.193859,-1.364200,21.691296
-21.132136,-4.554677,21.690490
-20.468901,-7.890599,21.693979
-19.606108,-11.596969,21.694161
-17.937697,-15.200148,21.697588
-15.624923,-18.603477,21.693092
-12.607237,-21.813765,21.690925
-8.801040,-24.578555,21.693319
-4.468397,-26.409711,21.692687
0.190775,-27.085644,21.689396
5.006177,-26.561848,21.692699
9.653894,-25.123005,21.693348
14.088116,-22.878622,21.691644
17.994093,-19.972673,21.692616
21.186675,-16.432300,21.692186
22.442865,-11.577487,21.695981
22.791565,-6.814895,21.695877
23.411348,-2.470469,21.690549
23.462707,1.639222,21.690027
22.936616,5.595451,21.691734
21.539908,9.434289,21.693871
19.267439,12.698357,21.695727
16.864727,15.483004,19.441773
13.728640,17.646195,19.446393
10.652227,19.224479,19.447045
7.653218,20.259096,19.442422
4.532745,20.828497,19.446636
1.516150,20.869592,19.443240
-1.324241,20.464878,19.440380
-3.939947,19.734144,19.448477
-6.449713,18.698037,19.446438
-8.572671,17.546166,19.438579
-10.556794,16.176630,19.443007
-12.424801,14.641047,19.447178
-13.979707,13.000680,19.441610
-15.534981,11.157465,19.448069
-17.834516,9.453858,19.442277
-18.683341,7.040927,19.444553
-20.006105,4.486313,19.445480
-21.016863,1.671281,19.442070
-21.642342,-1.465488,19.440956
-21.710924,-4.899774,19.440757
-21.178637,-8.351158,19.442606
-20.330825,-12.322915,19.446241
-18.686890,-16.056084,19.440248
-16.273379,-19.709496,19.441808
-13.092855,-23.140135,19.442385
-9.192932,-25.996278,19.440900
-4.600263,-27.929134,19.441398
0.343612,-28.591494,19.440189
5.434115,-27.971664,19.440185
10.187372,-26.431896,19.442913
14.719208,-24.065544,19.446144
18.787310,-20.914649,19.446276
22.057021,-17.084097,19.443577
23.436360,-12.091538,19.443550
23.896237,-7.215304,19.445520
24.414589,-2.739794,19.444135
24.245522,1.627521,19.439052
23.633964,5.689861,19.442786
22.178450,9.612959,19.447155
19.731278,12.893075,19.444007
17.019125,15.587593,17.200615
13.783186,17.629861,17.193500
10.619717,19.055306,17.190970
7.417992,19.988387,17.196074
4.269511,20.449683,17.191184
1.392889,20.474273,17.189930
-1.315464,20.156398,17.191535
-3.967113,19.525868,17.189888
-6.386253,18.646971,17.192006
-8.560533,17.575394,17.191525
-10.593270,16.262524,17.190535
-12.494545,14.753975,17.191254
-14.174410,13.014406,17.192008
-15.754550,11.178052,17.193582
-17.807348,9.397872,17.195207
-18.749115,7.003743,17.197988
-19.934897,4.539328,17.197469
-20.924013,1.696417,17.196039
-21.527896,-1.443374,17.191865
-21.681495,-4.904579,17.189025
-21.271529,-8.529100,17.189814
-20.412772,-12.363608,17.189900
-18.786120,-16.118389,17.191822
-16.305075,-19.926538,17.193215
-13.232319,-23.274960,17.192288
-9.213356,-26.254864,17.190259
-4.611527,-28.211073,17.190242
0.349496,-28.884954,17.192449
5.460946,-28.268481,17.192343
10.359508,-26.639343,17.193682
14.873082,-24.182791,17.194955
18.767542,-21.035472,17.192659
22.053949,-17.028329,17.189937
23.735846,-12.221346,17.188688
24.518136,-7.386130,17.192257
24.971218,-2.886161,17.196993
24.659103,1.487285,17.195332
23.985016,5.710285,17.191885
22.543416,9.653059,17.193036
19.964405,13.051804,17.198847
17.090432,15.656163,14.943508
13.872543,17.614754,14.944833
10.581395,18.989770,14.945745
7.258733,19.852845,14.945810
4.299958,20.240699,14.943229
1.318488,20.279842,14.940053
-1.353757,20.019015,14.942264
-3.982935,19.479369,14.947644
-6.393271,18.694829,14.942139
-8.697196,17.635521,14.938511
-10.724723,16.381842,14.938189
-12.607841,14.911485,14.939942
-14.286922,13.221722,14.945369
-15.904449,11.267473,14.948731
-17.580310,9.368928,14.946054
-18.645488,7.072694,14.947863
-19.738337,4.452532,14.947815
-20.552345,1.745311,14.940553
-21.053417,-1.349597,14.940241
-21.216414,-4.624586,14.944968
-20.903333,-8.190060,14.942959
-19.936482,-11.945167,14.939325
-18.290873,-15.620898,14.941712
-15.910817,-19.232814,14.940580
-12.871775,-22.518843,14.941668
-9.038965,-25.371603,14.943727
-4.527587,-27.342925,14.944385
0.348933,-28.065801,14.947001
5.245101,-27.543632,14.945921
10.068691,-25.954140,14.943564
14.373848,-23.569758,14.942033
18.276369,-20.325158,14.940197
21.364344,-16.479954,14.938877
23.405297,-12.179496,14.943480
24.632247,-7.543746,14.944481
25.102526,-2.953400,14.940294
24.746613,1.499655,14.943276
24.043586,5.798258,14.942804
22.622731,9.687716,14.940604
20.104656,13.060248,14.941509
17.075052,15.679368,12.689361
13.826981,17.652788,12.690117
10.475476,19.002205,12.691269
7.236718,19.800330,12.691227
4.216335,20.179807,12.693006
1.319382,20.234401,12.690988
-1.425150,20.011683,12.687999
-3.991139,19.545093,12.688722
-6.353082,18.845446,12.689818
-8.747520,17.811375,12.694857
-10.864280,16.551966,12.697510
-12.804931,15.035272,12.694380
-14.546487,13.292682,12.693065
-16.054119,11.346220,12.697032
-17.331111,9.239802,12.696298
-18.539819,6.928036,12.694503
-19.389749,4.465618,12.691518
-20.038855,1.785942,12.688658
-20.387846,-1.229228,12.692919
-20.490137,-4.425076,12.694957
-20.180746,-7.730708,12.690583
-19.097137,-11.197159,12.689515
-17.478882,-14.597519,12.691993
-15.198586,-17.953632,12.693443
-12.308849,-21.007687,12.695009
-8.695418,-23.684951,12.695281
-4.469951,-25.598294,12.695303
0.249051,-26.413913,12.697219
4.876950,-26.042008,12.692807
9.440655,-24.604830,12.690025
13.631593,-22.283156,12.692964
17.292036,-19.206893,12.695994
20.210971,-15.609311,12.693402
22.694221,-11.666948,12.690531
24.348882,-7.353246,12.691654
24.852750,-2.875568,12.693083
24.562907,1.603025,12.689556
23.899688,5.773623,12.691527
22.471041,9.702704,12.694213
20.070007,13.022647,12.691973
16.968587,15.647752,10.446404
13.748565,17.663216,10.441109
10.520396,18.985384,10.438906
7.264941,19.803891,10.443618
4.215032,20.202640,10.443467
1.281411,20.282450,10.445509
-1.368595,20.105031,10.444204
-3.989254,19.676644,10.437908
-6.413094,19.001520,10.444326
-8.737971,18.042047,10.447598
-10.923578,16.791044,10.445059
-12.903769,15.248920,10.442347
-14.700487,13.474145,10.440834
-16.168665,11.445021,10.443013
-17.024686,9.225453,10.448019
-18.341925,6.915338,10.447601
-19.009140,4.504621,10.445652
-19.498486,1.739430,10.446791
-19.662614,-1.036669,10.447781
-19.666313,-3.987703,10.445165
-19.291482,-7.156480,10.441084
-18.094880,-10.308184,10.442012
-16.495163,-13.409955,10.446390
-14.291606,-16.473490,10.441486
-11.535216,-19.254814,10.441445
-8.249672,-21.635778,10.443544
-4.314722,-23.451102,10.442030
-0.061106,-24.309045,10.442141
4.415797,-24.119909,10.445338
8.704300,-22.858815,10.447426
12.643430,-20.706707,10.444199
16.071148,-17.840204,10.440872
18.851463,-14.529388,10.446042
21.697711,-11.021106,10.443948
23.698458,-7.091283,10.442016
24.286082,-2.755057,10.446826
24.175592,1.575772,10.446975
23.563651,5.731115,10.442118
22.198362,9.544716,10.440261
19.883074,12.925442,10.444238
16.762736,15.551179,8.189307
13.724755,17.571383,8.195290
10.519577,18.963838,8.196473
7.269087,19.831263,8.191718
4.205598,20.265766,8.194234
1.383460,20.376874,8.192904
-1.436624,20.219331,8.191166
-3.962268,19.830480,8.196317
-6.559652,19.130017,8.198869
-8.923546,18.163400,8.192182
-11.034249,16.967248,8.192304
-13.035919,15.397459,8.196606
-14.864903,13.584211,8.192951
-16.234345,11.609286,8.190950
-16.841462,9.122127,8.195143
-18.141830,6.916159,8.199029
-18.669881,4.442377,8.191824
-18.968189,1.886254,8.189643
-18.999437,-0.784193,8.189590
-18.878807,-3.624691,8.193639
-18.367123,-6.644586,8.197929
-17.084453,-9.482117,8.195950
-15.499738,-12.287170,8.198031
-13.455979,-14.957982,8.197313
-10.834939,-17.473475,8.193035
-7.746644,-19.634704,8.192110
-4.207261,-21.273942,8.195385
-0.130432,-22.171620,8.196162
3.913423,-22.106740,8.192344
7.931015,-21.013693,8.189862
11.636345,-19.059319,8.190571
14.858593,-16.424911,8.192006
17.513390,-13.397958,8.192254
20.485810,-10.393201,8.192169
22.784495,-6.720945,8.194450
23.474692,-2.539310,8.195573
23.584476,1.631925,8.189945
23.062981,5.624274,8.187592
21.705807,9.441572,8.187808
19.561136,12.755365,8.187376
16.544923,15.295108,5.947562
13.597499,17.425198,5.946819
10.431490,18.912685,5.945471
7.321516,19.820532,5.946037
4.251424,20.312934,5.946115
1.405552,20.461119,5.947416
-1.440795,20.325739,5.946082
-4.002995,19.943501,5.942967
-6.508651,19.283926,5.947412
-8.913156,18.325256,5.945160
-11.177663,17.054065,5.944839
-13.098209,15.537380,5.946186
-14.942707,13.684712,5.944089
-16.332317,11.533407,5.947124
-16.759983,9.100520,5.946545
-18.028248,6.836258,5.941386
-18.398807,4.430700,5.939696
-18.574568,1.827581,5.939436
-18.477422,-0.743079,5.944848
-18.226802,-3.339368,5.945170
-17.585164,-6.088300,5.943076
-16.291116,-8.646764,5.946936
-14.669834,-11.292335,5.946340
-12.697269,-13.696095,5.943831
-10.202733,-15.960323,5.946262
-7.291946,-17.902686,5.945722
-3.982671,-19.386967,5.944135
-0.317671,-20.230878,5.947951
3.447249,-20.268354,5.948713
7.214621,-19.344283,5.944806
10.714186,-17.608499,5.941995
13.774365,-15.227551,5.943854
16.414612,-12.386260,5.946419
19.328712,-9.725982,5.943774
21.681341,-6.302570,5.940438
22.489751,-2.291191,5.942817
22.828961,1.716962,5.947386
22.390112,5.554779,5.945755
21.082884,9.250464,5.943066
19.032147,12.608202,5.945111
16.094777,15.040762,3.695140
13.340449,17.206953,3.692989
10.340201,18.759356,3.694401
7.246733,19.760789,3.695702
4.293975,20.295889,3.689637
1.424762,20.485177,3.690053
-1.323276,20.379114,3.692445
-4.044641,19.983229,3.690170
-6.583022,19.312887,3.697359
-8.905487,18.391883,3.698753
-11.203785,17.111593,3.697983
-13.154409,15.567996,3.697833
-14.911540,13.762875,3.694867
-16.325973,11.577069,3.691109
-16.811728,9.118006,3.688330
-17.922129,6.870429,3.696063
-18.225247,4.415402,3.698483
-18.312036,1.901100,3.693729
-18.158856,-0.579001,3.690278
-17.745183,-3.185778,3.694799
-16.918615,-5.789804,3.698609
-15.649585,-8.100642,3.694468
-14.062463,-10.492974,3.690689
-12.080355,-12.745897,3.693100
-9.699026,-14.770588,3.696747
-7.057151,-16.443149,3.695759
-3.963652,-17.792903,3.691718
-0.554954,-18.603115,3.690824
3.074867,-18.715174,3.694534
6.617161,-17.969703,3.695232
9.948201,-16.493237,3.694097
12.998652,-14.327774,3.694848
15.548937,-11.761338,3.696897
18.382796,-9.041651,3.697708
20.446859,-5.868530,3.695368
21.375962,-2.046475,3.691833
21.911275,1.678184,3.691681
21.548447,5.501396,3.696164
20.284181,9.081326,3.699652
18.459069,12.266218,3.698387
15.499032,14.695448,1.441967
12.936308,16.896641,1.440921
10.104007,18.513645,1.440562
7.151430,19.577422,1.439705
4.195079,20.179035,1.442690
1.428162,20.396033,1.442142
-1.345146,20.304502,1.439324
-3.972355,19.927028,1.439624
-6.540014,19.254467,1.440571
-8.895933,18.325637,1.443400
-11.116116,17.097233,1.444595
-13.104099,15.539469,1.442183
-14.855153,13.692141,1.440882
-16.228900,11.575918,1.441413
-16.917281,9.135450,1.437610
-17.866147,6.780795,1.443539
-18.090530,4.392693,1.442463
-18.127420,1.970523,1.438739
-17.936946,-0.547590,1.445606
-17.372905,-3.023305,1.444966
-16.447429,-5.376203,1.440352
-15.133156,-7.685918,1.445924
-13.513129,-9.936304,1.447724
-11.598723,-11.945623,1.439811
-9.331428,-13.747164,1.439246
-6.734854,-15.283107,1.440612
-3.832715,-16.475111,1.440824
-0.658007,-17.214635,1.441104
2.720768,-17.363190,1.440479
6.167199,-16.773175,1.444907
9.334721,-15.564206,1.449063
12.400825,-13.651415,1.447580
14.960268,-11.269797,1.443434
17.361821,-8.522010,1.445229
19.142238,-5.280422,1.448632
20.149673,-1.774686,1.446272
20.852183,1.792075,1.440626
20.538383,5.479082,1.443482
19.357048,8.828553,1.447895
17.671619,11.942400,1.445903
14.737640,14.251926,-0.812809
12.459124,16.402822,-0.805898
9.812887,18.091145,-0.802748
7.011409,19.221125,-0.809608
4.067677,19.894722,-0.810723
1.291615,20.143248,-0.811363
-1.377887,20.064342,-0.810594
-4.020774,19.681842,-0.807183
-6.490360,19.029611,-0.810895
-8.866894,18.094055,-0.804669
-11.001707,16.913487,-0.800994
-13.014501,15.344619,-0.803513
-14.668421,13.548891,-0.804697
-16.057562,11.408657,-0.810414
-16.977050,9.150195,-0.811971
-17.705328,6.820395,-0.804976
-17.927838,4.397983,-0.802982
-17.939913,1.958273,-0.810231
-17.735080,-0.474465,-0.806883
-16.997281,-2.911566,-0.806772
-15.945238,-5.116829,-0.808218
-14.654682,-7.317463,-0.801346
-13.084699,-9.333498,-0.802140
-11.173638,-11.198524,-0.811882
-8.932309,-12.854619,-0.805675
-6.487311,-14.191692,-0.802275
-3.776547,-15.232777,-0.806491
-0.716927,-15.919531,-0.809321
2.415658,-16.087470,-0.806539
5.641135,-15.666817,-0.802887
8.847246,-14.632191,-0.804394
11.811342,-13.021712,-0.809908
14.453232,-10.738443,-0.811509
16.334089,-7.950268,-0.804858
17.707239,-4.746512,-0.802406
18.780392,-1.549517,-0.806300
19.641472,1.847364,-0.804011
19.387848,5.391441,-0.803850
18.242346,8.620417,-0.808112
16.730557,11.538834,-0.812546
13.867397,13.622848,-3.050257
11.698735,15.843130,-3.055124
9.331121,17.499376,-3.057715
6.694805,18.677557,-3.054552
3.897455,19.389116,-3.059170
1.247582,19.667255,-3.061254
-1.415192,19.608532,-3.060130
-3.942249,19.249278,-3.060677
-6.411248,18.603431,-3.054984
-8.685794,17.715104,-3.056659
-10.823495,16.538263,-3.060621
-12.761243,15.048349,-3.059413
-14.391537,13.236752,-3.057821
-15.734123,11.193813,-3.058010
-16.926464,9.065366,-3.055683
-17.436162,6.794427,-3.057414
-17.669366,4.359311,-3.051341
-17.668674,1.925074,-3.054840
-17.454708,-0.411992,-3.058729
-16.600446,-2.672697,-3.061982
-15.412676,-4.819007,-3.056721
-14.157997,-6.904583,-3.053037
-12.577422,-8.770124,-3.061731
-10.768807,-10.408937,-3.061565
-8.572284,-11.915236,-3.055868
-6.293774,-13.065183,-3.052972
-3.680508,-14.000717,-3.053574
-0.860147,-14.607690,-3.055361
2.131857,-14.788091,-3.056957
5.118876,-14.495404,-3.058708
8.215947,-13.658192,-3.055246
11.141898,-12.264294,-3.051643
13.734469,-10.142051,-3.055531
15.217280,-7.203235,-3.052875
16.216417,-4.118104,-3.054557
17.312263,-1.210284,-3.059950
18.282957,1.999066,-3.054341
18.082270,5.270971,-3.052133
17.027367,8.259996,-3.052776
15.626804,11.069533,-3.050804
12.709569,12.966063,-5.308729
10.808698,15.057513,-5.305413
8.644933,16.715940,-5.300614
6.191185,17.904552,-5.300863
3.564423,18.631180,-5.304696
1.066675,18.926625,-5.305004
-1.447645,18.891602,-5.302919
-3.938016,18.546010,-5.305205
-6.169172,17.970397,-5.309442
-8.422481,17.113413,-5.303558
-10.447637,16.019958,-5.305529
-12.379288,14.569086,-5.310127
-13.914668,12.860700,-5.303033
-15.192034,10.938051,-5.308712
-16.608282,8.986336,-5.310793
-16.979274,6.616957,-5.310924
-17.235585,4.316140,-5.307712
-17.234578,2.026388,-5.303132
-17.006892,-0.296387,-5.307438
-16.021150,-2.449937,-5.307208
-14.796910,-4.417992,-5.307674
-13.590551,-6.371590,-5.308711
-12.036181,-8.080471,-5.303872
-10.187004,-9.622726,-5.306361
-8.236119,-10.850426,-5.310633
-5.955113,-11.906976,-5.305088
-3.565684,-12.693327,-5.302953
-1.000226,-13.214444,-5.306907
1.718241,-13.397690,-5.305718
4.546899,-13.199313,-5.303119
7.485118,-12.509898,-5.307078
10.306661,-11.278760,-5.310048
12.715979,-9.379921,-5.302777
13.888818,-6.420068,-5.301786
14.616955,-3.544883,-5.304887
15.724725,-0.824478,-5.306418
16.738203,2.068058,-5.306443
16.625766,5.046097,-5.303891
15.592501,7.973882,-5.303113
14.328071,10.532108,-5.306328
11.398539,12.121883,-7.560858
9.762783,14.043926,-7.558057
7.747536,15.725624,-7.553410
5.592808,16.853901,-7.551625
3.172575,17.585816,-7.556039
0.763188,17.902564,-7.558171
-1.569139,17.883828,-7.557789
-3.785031,17.591807,-7.561099
-5.953388,17.052569,-7.560547
-8.049094,16.272885,-7.561507
-10.022713,15.231689,-7.558453
-11.758517,13.973091,-7.555667
-13.269161,12.335864,-7.562039
-14.520786,10.480836,-7.559020
-15.993548,8.786138,-7.553663
-16.266017,6.496251,-7.554699
-16.560349,4.266304,-7.552832
-16.550876,2.051574,-7.553083
-16.315156,-0.110925,-7.554070
-15.245053,-2.124122,-7.558636
-14.048918,-3.909440,-7.561260
-12.905871,-5.705536,-7.560899
-11.336941,-7.306191,-7.560523
-9.647824,-8.613129,-7.560269
-7.714323,-9.734468,-7.561083
-5.655448,-10.602683,-7.554022
-3.516090,-11.252930,-7.555607
-1.131829,-11.709124,-7.561645
1.389946,-11.882141,-7.557989
3.919568,-11.747061,-7.555327
6.653807,-11.175535,-7.556019
9.308460,-10.078375,-7.559077
11.518800,-8.297687,-7.560501
12.385519,-5.478409,-7.554357
12.963651,-2.788887,-7.551898
14.004000,-0.368400,-7.553734
15.012906,2.188303,-7.552897
14.944074,4.940140,-7.554204
13.999865,7.565599,-7.557739
12.822606,9.933969,-7.560409
9.846850,11.171154,-9.808374
8.400038,12.941480,-9.809943
6.770977,14.420490,-9.808525
4.781736,15.554596,-9.808924
2.690075,16.245173,-9.811700
0.514982,16.579099,-9.809533
-1.597084,16.596762,-9.805284
-3.693402,16.341758,-9.810215
-5.661769,15.872741,-9.805903
-7.567142,15.187818,-9.805786
-9.367194,14.269865,-9.810723
-11.032343,13.110165,-9.808422
-12.437143,11.660617,-9.806364
-13.565411,9.980645,-9.806419
-15.096226,8.378400,-9.805676
-15.277563,6.214408,-9.808939
-15.600963,4.203613,-9.808648
-15.595931,2.203223,-9.805268
-15.323816,0.069011,-9.805036
-14.248215,-1.691335,-9.810048
-13.101070,-3.367717,-9.805347
-12.023966,-4.965835,-9.800373
-10.547589,-6.360091,-9.803412
-8.974092,-7.483718,-9.807024
-7.186664,-8.433359,-9.808770
-5.380060,-9.127440,-9.805067
-3.345666,-9.697026,-9.806529
-1.268527,-10.066439,-9.806651
0.927976,-10.218419,-9.802858
3.218990,-10.119266,-9.807543
5.697982,-9.634325,-9.811373
8.042839,-8.696233,-9.809374
10.023065,-7.071204,-9.805212
10.677720,-4.480382,-9.802594
11.113431,-2.114259,-9.803794
12.067960,0.075073,-9.807975
13.037371,2.275393,-9.811569
13.045460,4.757171,-9.806549
12.219121,7.056370,-9.800963
11.137433,9.192684,-9.803298
8.047846,10.032474,-12.059288
6.861380,11.540527,-12.057448
5.439466,12.945249,-12.055945
3.803544,13.955277,-12.055292
1.991654,14.607641,-12.056422
0.097273,14.931546,-12.059088
-1.747599,14.967795,-12.060889
-3.581858,14.769516,-12.059151
-5.305298,14.378585,-12.056852
-6.977741,13.802329,-12.054934
-8.566009,13.031626,-12.055286
-10.103545,12.006714,-12.057449
-11.376897,10.782401,-12.055061
-12.413072,9.259277,-12.055646
-13.801145,7.889892,-12.052103
-13.968900,5.943199,-12.057100
-14.308171,4.117747,-12.056166
-14.291837,2.295724,-12.059292
-14.019497,0.435917,-12.056679
-12.986356,-1.135378,-12.057953
-11.986728,-2.599691,-12.058140
-10.956323,-4.026315,-12.054556
-9.623348,-5.196259,-12.056425
-8.147179,-6.165583,-12.059585
-6.625385,-6.902852,-12.058491
-4.954403,-7.479199,-12.060135
-3.241835,-7.920614,-12.059271
-1.423731,-8.217530,-12.059355
0.420181,-8.338405,-12.059785
2.496208,-8.262047,-12.056260
4.588432,-7.858044,-12.053727
6.568679,-7.051947,-12.056370
8.235048,-5.584070,-12.060704
8.722660,-3.365825,-12.056952
9.077272,-1.292295,-12.056566
9.879279,0.550168,-12.057758
10.803690,2.440137,-12.053179
10.846235,4.595389,-12.054371
10.124570,6.530578,-12.059184
9.145935,8.380166,-12.060527
5.921217,8.648991,-14.306027
4.947452,9.884113,-14.308576
3.879668,11.046277,-14.310217
2.590826,11.950864,-14.308174
1.185498,12.526510,-14.307499
-0.358662,12.846848,-14.309023
-1.870719,12.919992,-14.306935
-3.378654,12.788690,-14.307025
-4.798599,12.493588,-14.308072
-6.237553,12.024255,-14.308381
-7.555298,11.419740,-14.308357
-8.840114,10.621510,-14.304878
-10.026620,9.579328,-14.309540
-10.891536,8.344940,-14.308724
-12.060445,7.152392,-14.310287
-12.229720,5.567561,-14.307478
-12.551608,4.014924,-14.309240
-12.538841,2.456177,-14.304091
-12.254612,0.884284,-14.306173
-11.335703,-0.449459,-14.305913
-10.516644,-1.725021,-14.305283
-9.599951,-2.842511,-14.306297
-8.467613,-3.753737,-14.310482
-7.228150,-4.505799,-14.306422
-5.899699,-5.084979,-14.304251
-4.512243,-5.510057,-14.310718
-3.102184,-5.848679,-14.305077
-1.669465,-6.062097,-14.305064
-0.091612,-6.154340,-14.308728
1.544361,-6.081839,-14.308511
3.200922,-5.746001,-14.306215
4.815612,-5.046224,-14.304156
6.057436,-3.825807,-14.303313
6.440745,-1.984163,-14.303689
6.721077,-0.344350,-14.305072
7.333297,1.113795,-14.307369
8.142264,2.639632,-14.309749
8.233719,4.338517,-14.308094
7.638028,5.929589,-14.305002
6.822890,7.369868,-14.304493
3.180824,6.931359,-16.556321
2.487088,7.742739,-16.555196
1.825607,8.536384,-16.554049
1.032754,9.253033,-16.555561
0.074334,9.747666,-16.558861
-1.004722,10.053869,-16.557403
-2.072473,10.162272,-16.556134
-3.101561,10.113662,-16.557677
-4.160109,9.932010,-16.558330
-5.191610,9.633141,-16.554622
-6.180655,9.213884,-16.553587
-7.147829,8.655349,-16.553434
-8.042070,7.974624,-16.554335
-8.766608,7.078209,-16.556367
-9.536853,6.172539,-16.558318
-9.770156,4.987253,-16.559459
-10.032709,3.849472,-16.557887
-9.998066,2.649635,-16.559299
-9.722110,1.518951,-16.558761
-9.109761,0.529107,-16.554855
-8.511398,-0.414353,-16.556306
-7.728935,-1.214762,-16.555683
-6.854017,-1.837061,-16.557651
-5.903135,-2.336260,-16.556904
-4.938915,-2.695144,-16.555587
-3.949221,-2.979410,-16.555912
-2.943951,-3.197010,-16.556307
-1.879099,-3.339031,-16.555982
-0.804489,-3.388419,-16.557038
0.353076,-3.301955,-16.557295
1.481542,-3.007706,-16.556526
2.526105,-2.429997,-16.558211
3.273313,-1.457979,-16.558465
3.548797,-0.268037,-16.556033
3.740479,0.849786,-16.557609
4.133564,1.845832,-16.558788
4.743884,2.860019,-16.555811
4.883027,4.006032,-16.554635
4.477800,5.098552,-16.556057
3.874154,6.063323,-16.556732
-4.467042,3.549951,-18.806496
