3.999781,27.167164,30.956106
-0.192363,25.854721,30.956106
-3.768064,24.168616,30.956106
-6.932424,22.187794,30.956106
-9.701163,20.025049,30.956106
-12.254281,17.612060,30.956106
-14.305361,15.322664,30.956106
-16.182318,12.888481,30.956106
-17.882582,10.327652,30.956106
-19.505431,7.462076,30.956106
-20.832008,4.689339,30.956106
-22.122287,1.422042,30.956106
-23.224082,-2.144282,30.956106
-24.120404,-6.218779,30.956106
-24.686896,-10.795009,30.956106
-24.753171,-16.064935,30.956106
-24.028470,-21.729703,30.956106
-21.992544,-27.780059,30.956106
-18.407175,-33.036467,30.956106
-13.403578,-37.003428,30.956106
-7.615321,-39.669433,30.956106
-1.014825,-41.339242,30.956106
5.761841,-42.018562,30.956106
12.784000,-41.729805,30.956106
19.882437,-40.253716,30.956106
26.558191,-37.412610,30.956106
32.569539,-32.980892,30.956106
37.436126,-27.306714,30.956106
41.071717,-20.780332,30.956106
43.382593,-13.907742,30.956106
44.373219,-6.724882,30.956106
43.880613,0.511203,30.956106
41.949738,7.047349,30.956106
38.472594,13.157545,30.956106
34.037167,18.035558,30.956106
28.986052,21.918300,30.956106
23.794225,24.773525,30.956106
18.620951,26.675376,30.956106
13.629344,27.676736,30.956106
8.982000,28.922880,27.702211
4.343474,28.963673,27.710201
-0.058877,29.435310,27.706611
-4.655095,29.406730,27.701587
-8.967556,28.301046,27.705703
-13.056228,26.648998,27.707621
-16.614383,24.030968,27.701448
-19.499925,20.668344,27.707230
-21.657657,16.823812,27.709336
-23.138246,13.125431,27.704269
-24.306537,9.098813,27.707015
-24.855443,5.385397,27.708669
-25.710738,1.501098,27.712132
-26.386283,-2.625316,27.708513
-26.810930,-7.032717,27.699676
-27.357820,-12.075516,27.700346
-26.647378,-17.324763,27.706477
-24.886507,-22.585449,27.701251
-21.903758,-27.723604,27.704271
-17.900080,-32.174782,27.714460
-12.970269,-35.900869,27.709233
-7.283200,-38.341734,27.700855
-1.019696,-39.705821,27.699821
5.373769,-40.162928,27.706036
12.197020,-39.626767,27.706923
18.605240,-37.918295,27.701157
24.775200,-34.933189,27.709346
30.308398,-30.534259,27.704784
34.666957,-25.247167,27.702140
38.006515,-19.260900,27.709560
40.206149,-12.774820,27.712299
40.953476,-6.187156,27.712551
40.500905,0.420410,27.705007
39.159251,6.704779,27.701494
36.688189,12.596377,27.701615
32.951201,17.539050,27.698651
28.593357,21.617257,27.709654
23.826504,24.811706,27.712132
18.982969,27.002640,27.705590
13.832309,28.388499,27.700282
9.266549,29.659549,24.455261
4.506770,30.354294,24.458782
-0.000416,31.336018,24.457146
-4.970613,31.655892,24.455999
-9.714998,30.636248,24.455889
-14.187448,28.882871,24.451921
-18.114811,26.100659,24.456646
-21.379702,22.550591,24.456706
-23.861472,18.692074,24.456771
-25.799959,14.519150,24.459645
-27.134809,10.127220,24.458710
-27.707277,5.793370,24.457861
-28.382422,1.462989,24.454679
-28.691734,-3.099526,24.458701
-28.752606,-7.705210,24.460412
-28.880799,-12.941977,24.448943
-27.594949,-18.030173,24.451269
-25.183084,-22.971907,24.451784
-21.681649,-27.416402,24.454282
-17.463047,-31.268700,24.456359
-12.663183,-34.692882,24.453358
-6.984031,-36.995181,24.461603
-0.961533,-38.142226,24.462756
5.162811,-38.381645,24.456871
11.460424,-37.639181,24.454153
17.516454,-35.734035,24.456630
23.298315,-32.621163,24.456414
28.175664,-28.560187,24.456042
32.314409,-23.466705,24.457627
35.391730,-17.909448,24.459855
37.418736,-11.897180,24.459159
38.071789,-5.585565,24.453953
37.686506,0.522803,24.455807
36.752378,6.375057,24.461415
34.946921,11.976812,24.460452
31.765739,16.967932,24.452238
27.939554,21.181900,24.450776
23.642005,24.563283,24.455182
19.001899,27.021282,24.457355
14.005741,28.688896,24.455449
9.419145,30.052556,21.206503
4.826738,31.181337,21.205404
-0.006885,32.317176,21.211194
-4.913267,32.654523,21.210421
-10.021030,31.740076,21.203436
-14.659109,30.027422,21.207792
-18.963506,27.172948,21.208414
-22.432010,23.636320,21.209994
-25.266491,19.581290,21.209126
-27.402594,15.353928,21.206589
-28.930413,10.649304,21.205573
-29.660690,6.194381,21.199821
-30.233772,1.486635,21.203183
-30.312116,-3.227498,21.205688
-30.052749,-8.183000,21.204352
-29.603264,-13.315644,21.208774
-27.912038,-18.193816,21.211131
-25.142805,-22.832515,21.203386
-21.350786,-26.912883,21.198460
-16.974631,-30.428618,21.198680
-12.306421,-33.494307,21.198963
-6.883415,-35.582773,21.208959
-0.942397,-36.612578,21.211020
4.869682,-36.669420,21.204696
10.819562,-35.734711,21.200022
16.497561,-33.711144,21.202719
21.897752,-30.581095,21.210024
26.458787,-26.641887,21.212958
30.234187,-21.947264,21.206971
33.147069,-16.666617,21.203668
35.041468,-10.947588,21.211614
35.660747,-5.169801,21.212326
35.372109,0.627598,21.210597
34.633935,6.188581,21.210270
33.147543,11.561941,21.211698
30.537777,16.277739,21.213122
27.195206,20.497369,21.210122
23.185423,24.082840,21.206707
18.774397,26.760370,21.205883
14.185836,28.638861,21.206634
9.443776,30.104534,17.958447
4.821954,31.545726,17.955406
-0.117772,32.638257,17.957259
-5.154407,32.876866,17.958300
-10.160839,32.109083,17.956503
-14.938424,30.466035,17.956335
-19.247472,27.820393,17.952083
-23.062884,24.191827,17.952071
-26.073712,20.129844,17.957063
-28.337180,15.849507,17.962029
-29.980203,11.070471,17.961203
-30.927183,6.323465,17.951994
-31.425274,1.502029,17.955996
-31.360952,-3.330195,17.961988
-30.804514,-8.361778,17.960740
-29.791888,-13.306662,17.959789
-27.708243,-18.140524,17.960800
-24.728527,-22.493347,17.961991
-21.007086,-26.200363,17.961113
-16.625116,-29.500070,17.959348
-11.927790,-32.301011,17.957471
-6.577530,-34.226734,17.952362
-0.957985,-35.118416,17.951123
4.726651,-35.011221,17.950380
10.305952,-33.909938,17.954057
15.600485,-31.834649,17.960447
20.618174,-28.737817,17.950093
24.879191,-24.970690,17.957723
28.447972,-20.544862,17.959910
31.194319,-15.563467,17.952522
32.915886,-10.364586,17.956575
33.612126,-4.933176,17.952405
33.469728,0.535424,17.949535
32.831970,5.770658,17.950907
31.537975,10.862057,17.954517
29.211465,15.590326,17.957407
26.124520,19.857554,17.950918
22.510001,23.389866,17.951215
18.346348,26.247539,17.956750
13.992625,28.383255,17.959301
9.347083,29.828254,14.708738
4.693079,31.446234,14.706424
0.070901,32.386369,14.710098
-5.056488,32.605422,14.705263
-9.948057,32.013419,14.699365
-14.851581,30.500261,14.708204
-19.487309,27.852975,14.698329
-23.304629,24.425015,14.708974
-26.341507,20.541210,14.710052
-28.802966,16.043674,14.699482
-30.528443,11.210559,14.710553
-31.615195,6.406584,14.710276
-32.072352,1.505608,14.703165
-31.918749,-3.419766,14.706789
-31.089410,-8.480185,14.709294
-29.577394,-13.169068,14.701206
-27.256070,-17.745954,14.710202
-24.184059,-21.853424,14.703592
-20.355247,-25.571863,14.702579
-16.216004,-28.603555,14.712092
-11.510517,-31.118998,14.711378
-6.258854,-32.887836,14.709436
-0.976575,-33.669176,14.706077
4.557264,-33.424699,14.708336
9.757897,-32.211705,14.707540
14.863369,-30.058875,14.700196
19.357739,-27.180845,14.710116
23.479164,-23.477662,14.705680
26.840847,-19.329013,14.697506
29.443240,-14.673146,14.700495
31.077709,-9.806381,14.704981
31.890646,-4.531607,14.702281
31.880648,0.595944,14.702390
31.221743,5.688533,14.702640
29.934468,10.438980,14.703777
27.863091,14.909995,14.708827
25.084230,18.978357,14.704949
21.675684,22.533014,14.706773
17.760761,25.520964,14.711871
13.665601,27.881007,14.711702
9.139083,29.247343,11.450367
4.639203,30.877440,11.458469
-0.056067,31.753081,11.463390
-4.840878,31.947730,11.462279
-9.797483,31.469851,11.457460
-14.781570,30.048144,11.449921
-19.188456,27.716656,11.450945
-23.167186,24.397522,11.455043
-26.433210,20.370831,11.456734
-28.853441,16.019108,11.455087
-30.606608,11.354327,11.454844
-31.809672,6.517409,11.461360
-32.261151,1.565181,11.457643
-32.048371,-3.426675,11.455344
-31.049860,-8.293307,11.458495
-29.033992,-13.074632,11.456406
-26.527348,-17.381461,11.453907
-23.409349,-21.255684,11.452590
-19.831787,-24.740734,11.458691
-15.643564,-27.769627,11.462217
-11.140074,-29.915764,11.456627
-6.206346,-31.499606,11.460525
-0.876457,-32.260502,11.461049
4.288496,-31.919622,11.458457
9.310314,-30.610937,11.458605
14.054864,-28.533788,11.459117
18.376956,-25.676048,11.456105
22.210677,-22.190516,11.459411
25.376165,-18.337127,11.457789
27.927381,-13.833630,11.451216
29.530009,-9.112307,11.452586
30.426619,-4.210465,11.455283
30.542871,0.570939,11.454263
29.836020,5.500695,11.456272
28.450643,10.081641,11.460760
26.545335,14.249721,11.458745
23.866709,18.211559,11.452930
20.744967,21.566108,11.457853
17.065890,24.628735,11.461603
13.230831,27.158069,11.454540
8.836087,28.403558,8.201784
4.476788,29.958357,8.201944
-0.077215,30.759895,8.201482
-4.703777,30.961355,8.201877
-9.504662,30.563864,8.205700
-14.352602,29.283419,8.209320
-18.842063,27.048644,8.209596
-22.776110,23.938988,8.205578
-26.011867,20.110543,8.202847
-28.525510,15.773310,8.205866
-30.336577,11.306395,8.211048
-31.617960,6.457429,8.211143
-32.066798,1.475370,8.206343
-31.805194,-3.356579,8.204426
-30.639440,-8.211669,8.208385
-28.443589,-12.729664,8.213117
-25.869672,-16.806330,8.212364
-22.783563,-20.492673,8.207790
-19.172631,-23.995702,8.209273
-15.255317,-26.769610,8.210140
-10.647183,-28.769051,8.203586
-5.845747,-30.206596,8.203949
-0.873316,-30.872763,8.199485
4.115575,-30.474065,8.203563
8.772011,-29.190077,8.213359
13.351623,-27.159411,8.212934
17.511018,-24.362289,8.209183
21.062178,-21.103691,8.212668
24.135772,-17.384016,8.209351
26.539746,-13.214077,8.203546
28.150141,-8.667462,8.208036
29.136354,-4.145933,8.203256
29.378664,0.672153,8.202392
28.645119,5.231714,8.201852
27.160433,9.623911,8.202589
25.300087,13.646096,8.209102
22.669828,17.450390,8.202089
19.648794,20.693538,8.204650
16.315899,23.633737,8.210246
12.719385,26.259678,8.206651
8.456028,27.342967,4.949842
4.233751,28.769633,4.956100
0.017761,29.479923,4.959215
-4.622196,29.686311,4.955964
-9.248283,29.286489,4.951379
-13.746011,28.121913,4.952473
-18.111886,26.052362,4.955537
-21.987964,23.163722,4.951448
-25.203650,19.564389,4.951730
-27.765340,15.464246,4.959698
-29.756269,11.064780,4.961605
-31.064708,6.412484,4.953704
-31.541941,1.426180,4.949528
-31.213585,-3.409579,4.955494
-29.953151,-8.055494,4.962927
-27.731797,-12.355788,4.963221
-25.057310,-16.378695,4.959689
-22.029654,-19.886936,4.954726
-18.651036,-23.099928,4.955982
-14.677401,-25.809082,4.961565
-10.189557,-27.625973,4.962592
-5.723035,-28.896462,4.959904
-0.929320,-29.524064,4.956914
3.875871,-29.128906,4.955292
8.536489,-27.819217,4.951085
12.775564,-25.929073,4.949489
16.633729,-23.342359,4.962085
20.049390,-20.196079,4.957873
23.009080,-16.609099,4.953467
25.346967,-12.604267,4.954424
26.957976,-8.244665,4.948999
28.031152,-3.916554,4.959698
28.345440,0.725425,4.953580
27.569234,5.102278,4.953726
26.008370,9.293264,4.962602
24.153961,13.138621,4.953414
21.667819,16.611003,4.952461
18.740954,19.720551,4.952107
15.566905,22.603932,4.949015
12.316411,25.126679,4.947628
8.022381,26.127277,1.711593
4.110698,27.350635,1.713769
-0.124806,28.007123,1.707432
-4.400733,28.162933,1.700861
-8.662307,27.758582,1.700917
-12.976721,26.627985,1.703871
-17.183638,24.676590,1.705138
-20.833142,22.105713,1.703647
-24.046638,18.771516,1.704575
-26.690711,14.952939,1.708026
-28.893672,10.673872,1.710386
-30.234076,6.232512,1.713366
-30.737969,1.443361,1.708780
-30.377446,-3.188818,1.709395
-29.037331,-7.805557,1.707765
-26.892703,-11.924158,1.699406
-24.295341,-15.766268,1.710187
-21.379541,-19.130749,1.704810
-17.955938,-22.277726,1.698423
-14.072829,-24.785777,1.699864
-9.920282,-26.433266,1.700587
-5.447357,-27.656362,1.708132
-0.840591,-28.210152,1.706286
3.601584,-27.882799,1.707876
8.097332,-26.714063,1.708494
12.346801,-24.862750,1.700409
16.052793,-22.380833,1.707671
19.310658,-19.336286,1.706380
22.105800,-15.856926,1.704631
24.335124,-12.000576,1.710678
25.891858,-8.010944,1.712612
27.046168,-3.704288,1.706566
27.401023,0.574554,1.710228
26.620328,4.945829,1.707934
25.044902,8.943794,1.698792
23.218781,12.613218,1.702607
20.660481,16.041045,1.704789
17.935078,18.860753,1.701785
14.878378,21.622034,1.700656
11.748854,24.042895,1.705210
7.553775,24.805354,-1.536470
3.772503,25.852088,-1.544494
-0.122487,26.390897,-1.545923
-4.217029,26.483092,-1.545535
-8.117818,26.026360,-1.549654
-12.224700,24.860431,-1.550057
-15.943249,23.138526,-1.541003
-19.629874,20.659331,-1.542646
-22.702827,17.706465,-1.542658
-25.438991,14.199725,-1.537189
-27.694797,10.380046,-1.540585
-29.147080,6.004773,-1.542578
-29.685963,1.418385,-1.546327
-29.290510,-3.001370,-1.545863
-27.952618,-7.415733,-1.542093
-25.956920,-11.382146,-1.543663
-23.471580,-15.059958,-1.548399
-20.572457,-18.420651,-1.546807
-17.243587,-21.362195,-1.539173
-13.474633,-23.700538,-1.538496
-9.519417,-25.315087,-1.543910
-5.227050,-26.449657,-1.537814
-0.814584,-26.928062,-1.543570
3.449882,-26.707794,-1.548636
7.787748,-25.757318,-1.545880
11.890749,-24.059704,-1.545835
15.602704,-21.621798,-1.548487
18.699082,-18.682158,-1.545280
21.297339,-15.294040,-1.539213
23.397874,-11.578697,-1.537353
25.020482,-7.630711,-1.540320
26.145688,-3.513862,-1.540427
26.480293,0.754356,-1.535547
25.762393,4.772581,-1.541097
24.191510,8.758973,-1.547557
22.395074,12.247120,-1.539271
19.896886,15.491209,-1.547204
17.132078,18.277731,-1.548317
14.278746,20.743483,-1.540653
11.056419,23.043274,-1.535235
7.070937,23.434001,-4.787687
3.590930,24.290285,-4.787275
-0.132285,24.746962,-4.788171
-3.879682,24.765459,-4.793437
-7.590958,24.237899,-4.798134
-11.326852,23.076917,-4.793795
-14.857746,21.395175,-4.790327
-18.139515,19.262109,-4.795663
-21.199379,16.581437,-4.794885
-24.010118,13.398418,-4.786209
-26.353335,9.872469,-4.787274
-27.850389,5.735252,-4.792746
-28.422689,1.520319,-4.787907
-27.991654,-2.845221,-4.790465
-26.660802,-7.052585,-4.793935
-24.828386,-10.869062,-4.786402
-22.465672,-14.384915,-4.793354
-19.701114,-17.604131,-4.790757
-16.475863,-20.340162,-4.793555
-12.848280,-22.543673,-4.800767
-9.118740,-24.180116,-4.798640
-5.015273,-25.242380,-4.798099
-0.800872,-25.652760,-4.792865
3.280193,-25.575386,-4.792110
7.612302,-24.842837,-4.798420
11.561000,-23.289559,-4.798383
15.139040,-21.014051,-4.787927
18.193921,-18.076014,-4.792061
20.577704,-14.772537,-4.794026
22.606563,-11.049246,-4.787873
24.212170,-7.306403,-4.789402
25.257717,-3.369172,-4.793982
25.550662,0.705871,-4.795696
24.888036,4.713694,-4.795483
23.440703,8.536440,-4.791208
21.606255,11.987837,-4.786049
19.293990,14.935411,-4.795966
16.634074,17.577999,-4.798851
13.713526,19.941318,-4.793197
10.515410,21.943728,-4.789460
6.740740,22.019402,-8.042269
3.258949,22.777065,-8.049391
-0.129443,23.147525,-8.049320
-3.692205,23.107233,-8.045924
-7.054299,22.546869,-8.045161
-10.434077,21.416288,-8.041697
-13.638452,19.858865,-8.039776
-16.775962,17.861917,-8.045481
-19.766683,15.408639,-8.043630
-22.469107,12.623792,-8.035387
-24.830833,9.364552,-8.037857
-26.367442,5.474939,-8.042445
-26.968122,1.471984,-8.049098
-26.513429,-2.666359,-8.047855
-25.218012,-6.662127,-8.044548
-23.538475,-10.315519,-8.049574
-21.302748,-13.664428,-8.049062
-18.670334,-16.726297,-8.040746
-15.693051,-19.181102,-8.043486
-12.246500,-21.290371,-8.050571
-8.612263,-23.014136,-8.046107
-4.856954,-23.972490,-8.043726
-0.847476,-24.328260,-8.048752
3.190231,-24.353448,-8.044979
7.175057,-23.851563,-8.040457
11.106404,-22.397157,-8.047815
14.545672,-20.293430,-8.043975
17.474755,-17.526870,-8.037977
19.882968,-14.109842,-8.037255
21.725072,-10.697405,-8.039624
23.370589,-7.023717,-8.040189
24.317152,-3.268953,-8.039259
24.553456,0.760159,-8.043071
23.986737,4.585948,-8.043662
22.701719,8.247498,-8.042164
20.939629,11.521509,-8.045729
18.646072,14.445341,-8.042988
15.980565,17.042132,-8.044116
13.118742,19.167718,-8.045709
9.958837,20.850895,-8.042477
6.271873,20.693048,-11.294440
2.970516,21.352025,-11.297349
-0.229787,21.683806,-11.293386
-3.447653,21.611838,-11.290101
-6.614935,21.036729,-11.292471
-9.792435,19.928536,-11.295653
-12.802708,18.425902,-11.296563
-15.633027,16.605968,-11.291119
-18.371155,14.412163,-11.289571
-20.965629,11.827901,-11.294481
-23.228635,8.772826,-11.293858
-24.716906,5.272172,-11.288139
-25.360771,1.355001,-11.291946
-24.908995,-2.400610,-11.298402
-23.673996,-6.173418,-11.297508
-22.149031,-9.648619,-11.293013
-20.045408,-12.816712,-11.293530
-17.650416,-15.595667,-11.292466
-14.722472,-17.997876,-11.288784
-11.613306,-19.950536,-11.291097
-8.226820,-21.667182,-11.298480
-4.536672,-22.598465,-11.294833
-0.892629,-22.907528,-11.292898
2.919001,-22.939304,-11.295204
6.826086,-22.445437,-11.299097
10.405117,-21.131388,-11.299229
13.805561,-19.116125,-11.291430
16.623628,-16.559320,-11.294171
18.903006,-13.517599,-11.297168
20.803768,-10.215784,-11.297211
22.402702,-6.766848,-11.299301
23.272891,-3.065246,-11.290001
23.436957,0.739616,-11.293053
22.984375,4.370723,-11.294953
21.835266,7.996885,-11.291403
20.065430,11.200121,-11.298762
17.883914,13.950462,-11.299274
15.342011,16.380205,-11.292670
12.447939,18.358764,-11.288053
9.372861,19.749811,-11.290014
5.807952,19.372969,-14.547235
2.854257,19.964983,-14.538503
-0.135460,20.293574,-14.537573
-3.280875,20.212166,-14.542743
-6.241268,19.664248,-14.542606
-9.091503,18.696345,-14.537067
-11.911612,17.300262,-14.539141
-14.538931,15.570653,-14.537174
-17.083311,13.494411,-14.539090
-19.477027,11.051322,-14.543287
-21.467040,8.268576,-14.537757
-22.963955,4.891499,-14.540323
-23.584329,1.371201,-14.536994
-23.153708,-2.139105,-14.541863
-22.036659,-5.536144,-14.551019
-20.661753,-8.808363,-14.548013
-18.714157,-11.783475,-14.546966
-16.370224,-14.471788,-14.549525
-13.743220,-16.640532,-14.546499
-10.870117,-18.520774,-14.538278
-7.727322,-20.169978,-14.537457
-4.272471,-21.022680,-14.548822
-0.861768,-21.317572,-14.542025
2.698671,-21.271187,-14.542544
6.203178,-20.698479,-14.551362
9.531458,-19.428855,-14.546428
12.727105,-17.574719,-14.546378
15.471635,-15.308154,-14.549124
17.791178,-12.617296,-14.544490
19.730070,-9.625881,-14.538639
21.259912,-6.415687,-14.540729
22.040777,-2.806538,-14.538699
22.135329,0.750518,-14.544264
21.760298,4.296286,-14.542551
20.831177,7.581087,-14.536631
19.095242,10.690930,-14.543499
16.963910,13.367438,-14.538243
14.555151,15.605778,-14.541961
11.790267,17.362657,-14.551706
8.736585,18.582253,-14.552880
5.323813,17.989687,-17.799799
2.605325,18.559624,-17.797666
-0.274766,18.884443,-17.797037
-3.048750,18.804835,-17.799026
-5.783086,18.326906,-17.795975
-8.545585,17.441499,-17.789082
-11.149652,16.160899,-17.795071
-13.539451,14.520863,-17.790227
-15.839861,12.546147,-17.791104
-17.953684,10.213771,-17.799367
-19.660485,7.558378,-17.791872
-21.014098,4.569618,-17.790626
-21.610025,1.333738,-17.795336
-21.196966,-1.904631,-17.801038
-20.173895,-5.037143,-17.800143
-18.918986,-8.058621,-17.793884
-17.188366,-10.695028,-17.795437
-15.101822,-13.068595,-17.796186
-12.609348,-15.184499,-17.799497
-9.989305,-16.958761,-17.796305
-7.080887,-18.457332,-17.787241
-4.014672,-19.199263,-17.797101
-0.742060,-19.486434,-17.799970
2.406703,-19.332239,-17.794265
5.606139,-18.617103,-17.794899
8.635211,-17.355003,-17.799280
11.376442,-15.797375,-17.789638
14.026196,-13.863015,-17.794810
16.379677,-11.582585,-17.795479
18.416836,-8.846204,-17.790282
19.840533,-5.890527,-17.799483
20.518352,-2.552823,-17.798926
20.572712,0.724434,-17.797531
20.287365,4.004286,-17.800808
19.490011,7.172724,-17.799594
17.875588,10.034409,-17.790390
15.820368,12.594070,-17.793205
13.571309,14.624557,-17.791422
10.872041,16.240362,-17.788993
8.030384,17.290002,-17.795140
4.793652,16.472613,-21.036923
2.236317,17.045923,-21.047752
-0.250031,17.337006,-21.043981
-2.754685,17.280637,-21.038964
-5.341797,16.868018,-21.041781
-7.854534,16.130048,-21.039509
-10.318570,14.943545,-21.049211
-12.438862,13.414309,-21.049812
-14.463598,11.564119,-21.042428
-16.258520,9.369502,-21.038642
-17.628495,6.867626,-21.041075
-18.815643,4.277681,-21.047704
-19.400317,1.371003,-21.043394
-19.048355,-1.559832,-21.040854
-18.135707,-4.388883,-21.047278
-17.007543,-7.119905,-21.047745
-15.451167,-9.505369,-21.037747
-13.546321,-11.623434,-21.041783
-11.414073,-13.507204,-21.040994
-9.076983,-15.138075,-21.037713
-6.408658,-16.415742,-21.044091
-3.643434,-17.093621,-21.041431
-0.688585,-17.362645,-21.045914
2.141353,-17.105813,-21.049119
4.886664,-16.336281,-21.048362
7.497339,-15.202846,-21.048138
9.981992,-13.815202,-21.043741
12.452318,-12.183543,-21.044485
14.730715,-10.290270,-21.041991
16.638189,-8.024132,-21.037494
18.000096,-5.263049,-21.041502
18.608406,-2.247197,-21.044823
18.640205,0.822319,-21.046148
18.409007,3.790269,-21.049284
17.732769,6.656098,-21.048501
16.254260,9.229637,-21.040352
14.385184,11.533670,-21.045454
12.239287,13.400124,-21.045430
9.774487,14.822940,-21.037604
7.327669,15.760892,-21.033363
4.172930,14.696594,-24.293515
1.953281,15.247931,-24.288139
-0.315622,15.512327,-24.291558
-2.502233,15.465338,-24.296772
-4.864284,15.132212,-24.294550
-7.073254,14.544438,-24.292118
-9.240856,13.540017,-24.293792
-11.215866,12.045444,-24.297078
-12.919814,10.354378,-24.299464
-14.344039,8.339389,-24.294942
-15.308394,6.150548,-24.287954
-16.372485,3.793042,-24.298244
-16.866949,1.257721,-24.300551
-16.568555,-1.207491,-24.299297
-15.796934,-3.681608,-24.299207
-14.853116,-5.976065,-24.297982
-13.499163,-8.061387,-24.300661
-11.761632,-9.971971,-24.291568
-10.005124,-11.594369,-24.292391
-7.887441,-13.062052,-24.300627
-5.591582,-14.024291,-24.295900
-3.184671,-14.638861,-24.287764
-0.706210,-14.879651,-24.292105
1.754111,-14.584562,-24.297672
4.128256,-13.830421,-24.295632
6.399055,-12.826907,-24.293131
8.485423,-11.672057,-24.296973
10.596992,-10.365780,-24.297236
12.677914,-8.823022,-24.296121
14.479046,-6.840243,-24.294063
15.653145,-4.419845,-24.290593
16.195670,-1.788021,-24.297010
16.236373,0.788525,-24.293424
16.050857,3.382582,-24.291996
15.457244,5.982345,-24.297044
14.147893,8.218596,-24.292875
12.500195,10.220028,-24.296391
10.597376,11.804204,-24.295348
8.439191,13.049609,-24.292146
6.342452,13.966051,-24.293773
3.397470,12.484748,-27.540497
1.579987,12.944435,-27.542774
-0.288333,13.159203,-27.540599
-2.244625,13.141262,-27.540733
-4.108734,12.909887,-27.544138
-6.092512,12.433806,-27.539181
-7.879050,11.619291,-27.546095
-9.480115,10.369798,-27.550543
-10.903534,8.879580,-27.544559
-11.964451,7.161402,-27.541573
-12.597447,5.214384,-27.548790
-13.456583,3.272021,-27.548557
-13.854432,1.274893,-27.543596
-13.617464,-0.837968,-27.545592
-13.032962,-2.795916,-27.547501
-12.216200,-4.752834,-27.541067
-11.098327,-6.462582,-27.539831
-9.709197,-7.950265,-27.542620
-8.283643,-9.314663,-27.546249
-6.537845,-10.483253,-27.546475
-4.598813,-11.155545,-27.540940
-2.713210,-11.682613,-27.537201
-0.681942,-11.893630,-27.546642
1.333886,-11.601123,-27.546186
3.271478,-10.946332,-27.537084
5.063456,-10.159574,-27.539279
6.782663,-9.221196,-27.545890
8.529968,-8.174658,-27.544639
10.282358,-6.955506,-27.540656
11.722145,-5.413138,-27.541396
12.644808,-3.402403,-27.543692
13.127438,-1.329130,-27.540800
13.196107,0.861745,-27.538828
13.032293,2.995141,-27.538977
12.559155,5.049046,-27.540566
11.432002,6.948993,-27.542778
10.120202,8.525501,-27.538700
8.527735,9.776954,-27.542877
6.831831,10.784497,-27.548299
5.184670,11.704511,-27.544606
2.349491,9.337786,-30.789728
1.008204,9.624852,-30.788689
-0.325872,9.732647,-30.791704
-1.704420,9.755315,-30.796312
-3.139645,9.596929,-30.797370
-4.542799,9.265005,-30.793645
-5.864231,8.676775,-30.789451
-6.988904,7.789128,-30.791777
-8.025905,6.677814,-30.791864
-8.722729,5.438628,-30.791227
-9.094600,3.979034,-30.796127
-9.659562,2.650441,-30.791719
-9.930899,1.181713,-30.789099
-9.794142,-0.261025,-30.795120
-9.401886,-1.707563,-30.796873
-8.833363,-3.033502,-30.791346
-8.049844,-4.246090,-30.796398
-7.042486,-5.350037,-30.797291
-6.021152,-6.308921,-30.796378
-4.735051,-7.035307,-30.795955
-3.391224,-7.405791,-30.794294
-2.025778,-7.868835,-30.792733
-0.592435,-8.029478,-30.791509
0.769574,-7.782199,-30.792989
2.130973,-7.298394,-30.796262
3.355301,-6.790135,-30.796681
4.581860,-6.147389,-30.793546
5.811666,-5.403539,-30.795996
7.015266,-4.580323,-30.798215
8.054840,-3.445890,-30.796766
8.609877,-2.042600,-30.796045
8.998909,-0.586544,-30.793614
9.091730,0.898056,-30.792290
8.947256,2.404419,-30.795013
8.577202,3.849745,-30.795913
7.819852,5.146962,-30.789969
6.874603,6.248500,-30.793679
5.711722,7.080309,-30.797375
4.582542,7.798097,-30.795864
3.518423,8.632271,-30.792787
-0.606903,1.154136,-34.043894
-0.598527,9.172289,30.956106
-2.198453,8.213586,30.956106
-3.500910,7.285889,30.956106
-4.634606,6.357248,30.956106
-5.517764,5.546157,30.956106
-6.359504,4.692210,30.956106
-7.072117,3.899596,30.956106
-7.833466,2.973285,30.956106
-8.474231,2.121562,30.956106
-9.080804,1.245137,30.956106
-9.721644,0.231690,30.956106
-10.380791,-0.926160,30.956106
-11.095343,-2.356390,30.956106
-11.769634,-3.951916,30.956106
-12.480799,-6.102714,30.956106
-13.015981,-8.577846,30.956106
-13.219675,-11.638589,30.956106
-12.767442,-15.074113,30.956106
-11.539570,-18.460579,30.956106
-9.425511,-21.857580,30.956106
-6.508161,-24.970844,30.956106
-2.747462,-27.733494,30.956106
1.815415,-29.938652,30.956106
6.981992,-31.267993,30.956106
12.583852,-31.381809,30.956106
18.017026,-30.004223,30.956106
22.935974,-27.033465,30.956106
26.579063,-22.782342,30.956106
28.790534,-17.477765,30.956106
29.427186,-11.910452,30.956106
28.569317,-6.374775,30.956106
26.559662,-1.431885,30.956106
23.850333,2.691084,30.956106
20.643249,6.079998,30.956106
17.327883,8.548333,30.956106
13.739981,10.316128,30.956106
10.391943,11.216364,30.956106
7.059796,11.398277,30.956106
4.006091,10.950526,30.956106
2.933350,14.529588,28.326315
0.417305,14.880635,28.326141
-2.055811,14.486379,28.329420
-4.410583,13.478596,28.328057
-6.438966,12.216958,28.327029
-8.135412,10.705943,28.330935
-9.460655,9.031753,28.330385
-10.408271,7.286105,28.326783
-11.277377,5.585565,28.323682
-11.460934,3.771116,28.321748
-11.321776,1.934879,28.322081
-11.999620,0.622014,28.324151
-12.717683,-0.967638,28.323360
-13.213714,-2.618845,28.321795
-13.741544,-4.559228,28.323625
-14.138916,-6.916369,28.328884
-13.898131,-9.162688,28.329898
-13.440180,-11.832930,28.328984
-12.510112,-14.630728,28.324020
-10.916300,-17.319623,28.322040
-8.621276,-19.472329,28.330523
-5.080730,-17.040495,28.333153
-2.545330,-17.211043,28.329652
0.210274,-18.655608,28.326731
3.326098,-19.211204,28.327536
6.781122,-19.553150,28.330889
15.217293,-26.006852,28.325478
20.609992,-24.751520,28.322828
23.967827,-20.785255,28.324486
26.295391,-16.132074,28.326136
27.125727,-11.103294,28.326512
26.862456,-6.164514,28.327112
25.477498,-1.433124,28.324769
23.216001,2.644279,28.321371
20.546820,5.992660,28.321717
17.541506,8.632531,28.324617
14.134066,10.469066,28.323272
11.790726,12.701458,28.323074
9.135549,14.333738,28.324717
5.889093,14.484175,28.326193
3.574971,16.389186,25.696534
0.738081,16.788551,25.696949
-2.051656,16.371477,25.699321
-4.734671,15.302294,25.694592
-6.945851,13.978185,25.694563
-8.977910,12.346390,25.702851
-10.661555,10.720702,25.700382
-11.845580,8.733088,25.697277
-12.824627,6.848113,25.694062
-13.208106,4.726106,25.694818
-13.124458,2.658824,25.700495
-13.953702,0.893182,25.701105
-14.665838,-0.928088,25.696047
-15.101443,-2.950131,25.695496
-15.401181,-5.149963,25.696174
-15.369237,-7.477003,25.692284
-14.670441,-9.697553,25.695484
-13.746668,-12.164287,25.696852
-12.372038,-14.554586,25.695636
-10.601210,-16.816374,25.694549
-8.394971,-18.756539,25.691813
-5.169655,-17.391945,25.690802
-2.517910,-17.734592,25.693734
0.252783,-19.177358,25.698056
3.447447,-19.623841,25.700765
6.823089,-19.742007,25.700322
13.649499,-23.715797,25.693241
18.406472,-22.443375,25.697566
21.544996,-18.873080,25.700410
23.812988,-14.923092,25.695996
24.884629,-10.349134,25.693566
25.075365,-5.797747,25.700409
24.261726,-1.465930,25.695522
22.519733,2.445103,25.694946
20.183785,5.895256,25.699562
17.450296,8.667301,25.694384
14.363374,10.622319,25.700360
12.377506,13.200681,25.698545
9.993334,15.454680,25.693731
6.767219,16.102831,25.694833
3.742573,16.861921,23.062273
0.882570,17.185825,23.062634
-2.057913,16.748718,23.067900
-4.766449,15.743626,23.070115
-7.153379,14.412847,23.065385
-9.166017,12.927584,23.063122
-11.037428,11.271465,23.070058
-12.414403,9.360711,23.070411
-13.603466,7.420643,23.070742
-14.330723,5.199038,23.070611
-14.648197,3.102931,23.068617
-15.541007,1.176820,23.070069
-16.254678,-0.822949,23.066146
-16.660249,-3.158411,23.064265
-16.725526,-5.533964,23.063947
-16.293889,-7.988078,23.061950
-15.278016,-10.262723,23.069779
-14.070331,-12.474819,23.071968
-12.371415,-14.559138,23.071612
-10.533745,-16.523227,23.071151
-8.292532,-18.639513,23.067193
-5.322476,-18.482919,23.070590
-2.536497,-19.035892,23.067157
0.396793,-20.206859,23.065117
3.625885,-20.489179,23.068973
7.114870,-20.353825,23.065011
12.203441,-21.738910,23.061940
16.319128,-20.290011,23.068009
19.165995,-17.182086,23.069957
21.481554,-13.576296,23.065135
22.713291,-9.627411,23.063743
23.259481,-5.535417,23.067075
22.894805,-1.438821,23.063777
21.599348,2.336849,23.063061
19.657606,5.694754,23.067497
17.241452,8.552593,23.067776
14.391840,10.780910,23.070291
12.256596,13.070210,23.068558
9.846171,15.134035,23.064939
6.787893,16.266466,23.063127
3.640555,16.557716,20.433999
0.756687,16.826279,20.443566
-2.101662,16.405500,20.436964
-4.729730,15.509305,20.435553
-7.098123,14.321141,20.437537
-9.191030,12.896756,20.434112
-10.993739,11.295884,20.439576
-12.592159,9.496513,20.443647
-13.981708,7.665759,20.441789
-15.061180,5.658718,20.437059
-15.875087,3.514885,20.433880
-16.812109,1.425965,20.435109
-17.532012,-0.871497,20.440405
-17.861638,-3.265550,20.437764
-17.731275,-5.791199,20.432629
-16.998441,-8.341685,20.435932
-15.845002,-10.592919,20.435973
-14.328299,-12.780429,20.440067
-12.449569,-14.627575,20.443345
-10.477431,-16.422530,20.440363
-8.320458,-18.516239,20.436646
-5.487470,-19.479469,20.443070
-2.555909,-20.280847,20.442937
0.596586,-21.029637,20.438418
3.849888,-21.176032,20.438318
7.321848,-20.783044,20.439520
11.007725,-20.039990,20.438427
14.341074,-18.185385,20.440284
17.031728,-15.533911,20.442308
19.225297,-12.382661,20.441528
20.627078,-8.912628,20.440198
21.438497,-5.136776,20.436641
21.425855,-1.400267,20.434214
20.527222,2.226652,20.438498
18.935861,5.479573,20.441318
16.884681,8.309987,20.436156
14.372955,10.738423,20.441044
11.802251,12.730896,20.440787
9.255556,14.359020,20.434698
6.529793,15.683533,20.430268
3.405113,15.875826,17.804382
0.599587,16.100394,17.809579
-2.079096,15.763069,17.809256
-4.655510,14.982241,17.809106
-7.017984,13.932297,17.810890
-9.098997,12.626386,17.810665
-10.833827,11.050321,17.808171
-12.559565,9.460245,17.806032
-14.161592,7.755985,17.810635
-15.579032,5.883766,17.813937
-16.809852,3.891199,17.811019
-17.782573,1.629953,17.812639
-18.459062,-0.860623,17.813208
-18.697279,-3.430038,17.810578
-18.394008,-5.990120,17.805685
-17.519778,-8.543674,17.803196
-16.221468,-10.908499,17.809452
-14.507745,-12.988677,17.810280
-12.566057,-14.687027,17.809641
-10.425275,-16.322109,17.810099
-8.120547,-18.131446,17.808728
-5.562764,-19.803799,17.811945
-2.567341,-20.793445,17.805910
0.575290,-21.141724,17.806700
3.886000,-21.170658,17.813417
7.228212,-20.527821,17.804308
9.816457,-18.376999,17.805436
12.369440,-16.277965,17.809372
15.046000,-14.031906,17.810848
17.070222,-11.281045,17.810254
18.607448,-8.250865,17.807183
19.608960,-4.879231,17.805853
19.879532,-1.368775,17.805114
19.349274,1.989789,17.805722
18.042985,5.255363,17.809584
16.312437,8.045248,17.813577
14.172293,10.549829,17.811497
11.475347,12.377187,17.805536
8.734237,13.783768,17.801315
6.178807,15.000441,17.800896
3.143421,15.120165,15.175287
0.536119,15.302906,15.173344
-2.072918,15.062300,15.172066
-4.596153,14.409865,15.175221
-6.830374,13.540518,15.175753
-8.904639,12.372800,15.172385
-10.693908,10.793760,15.176842
-12.491261,9.397463,15.180553
-14.262775,7.816191,15.183603
-15.924579,6.082697,15.183883
-17.562885,4.063663,15.181861
-18.486378,1.737243,15.183786
-19.064333,-0.826301,15.179288
-19.159737,-3.541550,15.176493
-18.711641,-6.123239,15.177683
-17.800436,-8.695064,15.178748
-16.438276,-11.064645,15.183356
-14.578804,-13.046763,15.178637
-12.560998,-14.731416,15.172468
-10.252143,-16.165480,15.173297
-7.903214,-17.312664,15.177288
-5.447925,-19.370001,15.176055
-2.622122,-20.390667,15.172124
0.477345,-20.454816,15.176693
3.580665,-20.318507,15.182626
6.766978,-19.458417,15.175779
8.637422,-16.649418,15.176764
10.787620,-14.497394,15.177778
13.136533,-12.695392,15.176035
15.045976,-10.275639,15.174463
16.706318,-7.563277,15.173885
17.808030,-4.579350,15.175748
18.277184,-1.424636,15.179199
18.021638,1.861791,15.181826
17.063197,4.894931,15.182365
15.586965,7.715598,15.181176
13.798646,10.236495,15.178054
11.231858,12.044841,15.178683
8.394926,13.337932,15.179725
5.861747,14.384655,15.177971
2.945538,14.548402,12.552616
0.442044,14.695813,12.549681
-2.070119,14.558754,12.548960
-4.518908,14.053484,12.550103
-6.796037,13.261092,12.549824
-8.828249,12.215720,12.546585
-10.707683,10.723433,12.542686
-12.499914,9.471657,12.548169
-14.349192,7.965979,12.552559
-16.202184,6.242377,12.548322
-18.026153,4.244608,12.545025
-18.916310,1.777912,12.550363
-19.372226,-0.824870,12.546579
-19.286050,-3.528364,12.548652
-18.725310,-6.099317,12.551619
-17.846017,-8.678776,12.543481
-16.428875,-11.019956,12.545705
-14.475800,-12.895320,12.547537
-12.422601,-14.588024,12.550410
-10.114016,-15.741611,12.554124
-7.537116,-16.240747,12.552323
-5.271511,-18.130349,12.549020
-2.575629,-19.096515,12.550985
0.201063,-18.950404,12.552117
3.045324,-18.644482,12.547834
5.858416,-17.722851,12.543784
7.478243,-14.913354,12.547657
9.246469,-13.041121,12.547025
11.451202,-11.405878,12.543634
13.218572,-9.316982,12.544165
14.919862,-6.914127,12.547365
16.075137,-4.207022,12.548040
16.652369,-1.310768,12.550200
16.619018,1.635859,12.547864
15.913924,4.604880,12.545691
14.737755,7.307761,12.553022
13.229540,9.865486,12.549209
10.877298,11.742656,12.545219
8.156284,13.007103,12.547463
5.586200,13.956554,12.551434
2.891822,14.395513,9.925112
0.413280,14.571941,9.917455
-2.079995,14.551786,9.912576
-4.530279,14.177665,9.919288
-6.803591,13.439162,9.923930
-8.948804,12.407646,9.918114
-10.929271,11.083920,9.916876
-12.800459,9.772398,9.919536
-14.670477,8.155044,9.923254
-16.473399,6.412367,9.923832
-18.223260,4.388351,9.919615
-19.064393,1.828331,9.916381
-19.397829,-0.872117,9.921103
-19.113566,-3.524882,9.919730
-18.426160,-6.038306,9.915654
-17.509752,-8.567195,9.918315
-16.050379,-10.720091,9.917497
-14.033492,-12.468002,9.919830
-12.026046,-14.044399,9.920287
-9.692239,-14.983564,9.918635
-7.084838,-14.973409,9.920321
-4.992405,-16.298349,9.920206
-2.556691,-17.008516,9.919622
-0.040552,-16.729603,9.916647
2.420029,-16.300099,9.915206
4.750261,-15.413134,9.920614
6.304736,-13.364419,9.921207
7.998804,-11.714144,9.922542
9.910979,-10.285586,9.920958
11.586074,-8.437207,9.916837
13.189946,-6.403648,9.921521
14.363857,-3.982869,9.920971
15.014231,-1.361634,9.918885
15.154652,1.434541,9.918095
14.708759,4.192410,9.918689
13.773525,6.831028,9.922643
12.544482,9.367342,9.925453
10.495224,11.364841,9.919079
8.009083,12.755560,9.916525
5.498714,13.780366,9.922805
3.089835,14.677058,7.288854
0.475496,15.068835,7.284622
-2.075533,15.211426,7.287991
-4.604442,14.952520,7.293807
-7.037194,14.183700,7.290411
-9.333499,13.078369,7.284923
-11.438871,11.825433,7.294891
-13.367003,10.312123,7.290194
-15.145245,8.493757,7.285887
-16.799443,6.540891,7.289764
-18.243086,4.334898,7.288895
-18.961510,1.786172,7.284410
-19.154163,-0.870937,7.291687
-18.715503,-3.462099,7.294708
-17.861223,-5.876761,7.290567
-16.768868,-8.175030,7.290771
-15.155875,-10.157078,7.293065
-13.227416,-11.636217,7.292486
-11.239879,-12.991830,7.290785
-8.990487,-13.767228,7.290979
-6.619854,-13.642437,7.290570
-4.638952,-14.190328,7.285783
-2.515957,-14.471283,7.289625
-0.458604,-14.202167,7.295629
1.538498,-13.719566,7.293227
3.541947,-12.919066,7.288015
5.266650,-11.802222,7.292579
6.944035,-10.601377,7.295906
8.610452,-9.243849,7.293547
10.115614,-7.694133,7.290545
11.672963,-5.802852,7.289916
12.750753,-3.713595,7.290752
13.435836,-1.255788,7.290773
13.669029,1.187088,7.290538
13.418942,3.816814,7.292751
12.688099,6.362650,7.294647
11.682699,8.824270,7.287988
9.966996,10.932836,7.290520
7.825902,12.555449,7.295794
5.580152,13.808124,7.294182
3.236087,15.113162,4.658358
0.620425,15.814400,4.659302
-2.075428,16.162594,4.656805
-4.777791,15.992122,4.657985
-7.355937,15.162027,4.659232
-9.696823,13.983562,4.655043
-11.988796,12.711402,4.656855
-13.972296,10.883619,4.663326
-15.604764,8.820693,4.660913
-16.945541,6.691077,4.656678
-17.976840,4.282324,4.658459
-18.600623,1.739321,4.656906
-18.671128,-0.880001,4.663210
-18.135170,-3.344645,4.664828
-17.091930,-5.648158,4.662337
-15.715773,-7.651026,4.662023
-14.049928,-9.293016,4.656239
-12.131956,-10.618569,4.661059
-10.238171,-11.662206,4.661691
-8.304103,-12.325496,4.658671
-6.148571,-12.406212,4.662535
-4.287825,-12.214681,4.658121
-2.521309,-12.062711,4.657228
-0.758427,-11.843514,4.661791
0.855114,-11.364197,4.664854
2.420603,-10.746800,4.664360
4.283823,-10.471936,4.664423
6.033336,-9.701766,4.663934
7.445249,-8.422445,4.663220
8.906914,-6.990681,4.660847
10.257392,-5.316041,4.654966
11.260982,-3.413085,4.659080
11.902357,-1.264868,4.660930
12.198350,1.058354,4.661795
12.099671,3.388555,4.665364
11.551186,5.757921,4.662746
10.703578,8.141105,4.658188
9.395377,10.283903,4.659103
7.613431,12.239543,4.661008
5.551244,13.900705,4.659543
3.208372,15.301972,2.026544
0.691185,16.243698,2.027478
-2.047105,16.755958,2.032192
-4.915668,16.652673,2.031100
-7.541183,15.773005,2.026664
-10.004695,14.471753,2.029231
-12.407175,13.242623,2.033564
-14.289387,11.246396,2.027450
-15.760701,8.951046,2.027244
-16.834207,6.612507,2.033951
-17.479907,4.084385,2.033413
-18.000762,1.628101,2.025761
-17.976553,-0.873589,2.026633
-17.374958,-3.231426,2.029784
-16.229223,-5.356366,2.032924
-14.585950,-7.138640,2.035556
-12.829302,-8.526191,2.030255
-11.169725,-9.605839,2.031408
-9.314038,-10.454595,2.032735
-7.595393,-11.053984,2.033056
-5.843460,-11.413927,2.035281
-3.996630,-10.772911,2.029351
-2.428014,-10.396152,2.028723
-1.003692,-10.224990,2.028190
0.368902,-9.793751,2.025927
1.713482,-9.281014,2.029297
3.612812,-9.452860,2.027070
5.296379,-8.934365,2.026275
6.584246,-7.711409,2.031295
7.845721,-6.468313,2.034815
8.968052,-4.954901,2.031184
9.873255,-3.198691,2.028299
10.472054,-1.231131,2.032334
10.769882,0.813392,2.031212
10.766234,2.961401,2.026043
10.339976,5.162395,2.032258
9.563332,7.359595,2.028364
8.540305,9.547005,2.026298
7.207408,11.697830,2.027827
5.465894,13.681812,2.027454
2.928839,14.441025,-0.600267
0.550160,15.722465,-0.601513
-2.070512,16.344123,-0.599629
-4.783006,16.274951,-0.595150
-7.418834,15.437361,-0.595413
-9.800758,14.150013,-0.601858
-12.166016,12.833755,-0.603509
-13.914721,10.820991,-0.602824
-15.204242,8.604746,-0.603168
-16.174365,6.204693,-0.603395
-16.711696,3.810349,-0.600358
-17.173775,1.493736,-0.595088
-17.100700,-0.855206,-0.595558
-16.487000,-3.066987,-0.602839
-15.283796,-5.083904,-0.603383
-13.606233,-6.633364,-0.594710
-11.887265,-7.847019,-0.598652
-10.329772,-8.876645,-0.603977
-8.724274,-9.557091,-0.600258
-7.122865,-10.172720,-0.595745
-5.642178,-10.777511,-0.599370
-3.919971,-10.207467,-0.598802
-2.439748,-9.811702,-0.598639
-1.100322,-9.667980,-0.595910
0.193964,-9.272897,-0.594334
1.456973,-8.786557,-0.603508
3.162575,-8.881218,-0.599340
4.742320,-8.368383,-0.596249
5.876500,-7.263194,-0.598186
7.016251,-6.048680,-0.597185
7.934501,-4.532713,-0.602964
8.641297,-2.996827,-0.601724
9.155372,-1.221572,-0.598203
9.422493,0.617185,-0.598539
9.464807,2.555520,-0.599490
9.093864,4.545779,-0.598046
8.279955,6.395665,-0.600766
7.457905,8.426027,-0.600893
6.444605,10.651611,-0.598656
4.919389,12.699779,-0.598731
2.209331,12.258867,-3.231298
0.332948,14.129548,-3.228981
-2.104099,14.920931,-3.227667
-4.613245,14.808427,-3.231288
-7.072238,14.181653,-3.233507
-9.233645,12.993749,-3.231205
-10.982369,11.254958,-3.232223
-12.590015,9.478103,-3.227923
-13.921647,7.596793,-3.228220
-14.910898,5.587751,-3.234049
-15.675989,3.486809,-3.233773
-16.136488,1.296227,-3.225333
-16.048792,-0.854446,-3.230358
-15.455560,-2.949251,-3.231030
-14.311375,-4.763215,-3.229631
-12.667134,-6.176008,-3.234915
-11.097894,-7.290292,-3.229286
-9.710256,-8.284310,-3.228422
-8.240916,-8.922614,-3.228132
-6.824226,-9.559119,-3.225372
-5.534194,-10.411402,-3.225469
-3.895698,-10.213948,-3.231466
-2.423019,-9.952795,-3.227357
-1.053321,-9.807013,-3.222244
0.280460,-9.410703,-3.226548
1.498940,-8.929815,-3.233452
3.022884,-8.624093,-3.233540
4.354767,-7.929655,-3.228315
5.417962,-6.876152,-3.226043
6.375305,-5.684406,-3.225658
7.019122,-4.281643,-3.223101
7.584836,-2.760670,-3.230566
7.969292,-1.192091,-3.232886
8.168303,0.413729,-3.229069
8.208582,2.192835,-3.226676
7.852327,3.931083,-3.225321
6.903713,5.425350,-3.228405
6.136422,7.192868,-3.229400
5.290404,9.049996,-3.228998
3.866050,10.653176,-3.230501
1.332202,9.611506,-5.856057
-0.078470,11.906751,-5.863182
-2.113336,12.714587,-5.856290
-4.322655,12.622316,-5.855817
-6.487577,12.268892,-5.862433
-8.400412,11.237264,-5.860631
-9.444061,9.010582,-5.856939
-10.860337,7.700129,-5.860103
-12.242589,6.339406,-5.862614
-13.364294,4.727085,-5.861838
-14.419193,3.017476,-5.859735
-14.890099,1.120935,-5.858199
-14.836317,-0.898616,-5.862839
-14.317418,-2.789910,-5.860594
-13.225535,-4.471467,-5.853108
-11.791143,-5.698997,-5.852846
-10.414385,-6.759680,-5.857767
-9.213813,-7.721965,-5.861061
-7.850220,-8.402202,-5.859542
-6.560220,-9.076887,-5.858508
-5.402376,-10.085426,-5.862809
-3.914373,-10.299065,-5.862183
-2.491128,-10.215222,-5.856176
-1.056595,-10.044494,-5.851819
0.358261,-9.656619,-5.853600
1.645802,-9.128401,-5.856935
2.831666,-8.402300,-5.860697
3.928262,-7.545797,-5.862904
4.980142,-6.523946,-5.859022
5.760214,-5.376126,-5.855204
6.231548,-3.992108,-5.861553
6.614181,-2.651542,-5.859374
6.892364,-1.218619,-5.859845
7.015667,0.302288,-5.860633
7.006461,1.845855,-5.856706
6.651375,3.336557,-5.857958
5.609584,4.545784,-5.854889
4.890577,5.896542,-5.857399
3.989704,7.400835,-5.860637
2.658277,8.425667,-5.857484
0.561400,7.462022,-8.489623
-0.520032,9.371704,-8.488235
-2.150333,10.033845,-8.486557
-3.910754,10.019843,-8.486358
-5.754960,9.913705,-8.485268
-7.358746,9.196027,-8.483483
-8.027421,7.032981,-8.487593
-9.286538,6.121446,-8.492648
-10.637711,5.139608,-8.491760
-11.759354,3.895814,-8.491159
-12.895873,2.532177,-8.491964
-13.456751,0.829475,-8.484551
-13.484767,-0.898073,-8.492080
-13.044612,-2.640258,-8.488568
-12.121911,-4.083301,-8.485103
-10.838046,-5.245214,-8.493789
-9.692802,-6.271550,-8.487047
-8.644186,-7.232059,-8.485123
-7.482277,-7.919572,-8.487543
-6.318136,-8.598264,-8.488982
-5.231511,-9.604924,-8.488916
-3.910157,-10.090401,-8.487016
-2.475915,-10.154698,-8.484690
-1.024374,-9.954438,-8.484274
0.295704,-9.608556,-8.487415
1.605782,-9.053535,-8.491430
2.559146,-8.025137,-8.486563
3.496538,-7.045019,-8.481179
4.429223,-6.147707,-8.483482
5.122970,-4.983452,-8.489856
5.476413,-3.739222,-8.491617
5.742949,-2.473048,-8.495695
5.915367,-1.190658,-8.487629
5.951370,0.095324,-8.482195
5.867977,1.458570,-8.488446
5.526689,2.773790,-8.482467
4.538955,3.775655,-8.484733
3.797700,4.917019,-8.485914
2.927082,5.967873,-8.485522
1.702791,6.615827,-8.487679
0.043879,5.914829,-11.123214
-0.945215,6.780685,-11.113959
-2.221074,7.200461,-11.116855
-3.523361,7.281714,-11.120685
-4.940373,7.365198,-11.116863
-6.264451,6.968977,-11.113180
-7.020311,5.557869,-11.113660
-8.135406,4.907024,-11.110984
-9.323679,4.137645,-11.116964
-10.248673,3.128123,-11.123673
-11.177633,1.930190,-11.122204
-11.821150,0.552475,-11.120480
-11.971036,-0.956619,-11.119586
-11.658758,-2.402032,-11.118377
-10.884170,-3.696897,-11.120086
-9.858176,-4.750025,-11.120882
-8.932452,-5.745506,-11.114060
-8.073835,-6.668643,-11.116957
-7.071069,-7.412886,-11.119657
-6.007853,-8.083588,-11.118613
-4.964173,-8.872229,-11.121475
-3.764331,-9.399438,-11.123626
-2.459705,-9.534142,-11.120624
-1.116511,-9.352043,-11.113076
0.108861,-9.034678,-11.111089
1.325577,-8.518288,-11.119483
2.152398,-7.400225,-11.117156
2.913699,-6.469019,-11.112251
3.767229,-5.621052,-11.116881
4.341222,-4.618236,-11.122983
4.713597,-3.473133,-11.114402
4.909928,-2.340013,-11.117556
4.999865,-1.189028,-11.120053
4.960449,-0.044617,-11.116674
4.793649,1.100898,-11.116388
4.464722,2.263949,-11.117309
3.660734,3.143181,-11.124033
2.957945,4.073550,-11.117033
2.146350,4.898074,-11.111272
1.083616,5.370315,-11.119260
-0.387881,4.669583,-13.750602
-1.384665,4.342105,-13.748118
-2.268175,4.508633,-13.744348
-3.163348,4.721847,-13.747075
-4.159896,4.844181,-13.747683
-5.236185,4.807096,-13.743446
-6.211844,4.421295,-13.747253
-7.169975,3.914708,-13.752236
-8.127920,3.279856,-13.752521
-8.779138,2.334558,-13.751440
-9.245953,1.299729,-13.749099
-10.008874,0.241444,-13.744225
-10.277799,-0.943370,-13.749730
-10.073090,-2.203471,-13.747870
-9.513975,-3.277131,-13.747508
-8.755065,-4.233087,-13.752691
-8.063479,-5.126012,-13.748675
-7.405868,-5.993531,-13.749036
-6.600682,-6.782237,-13.751842
-5.645191,-7.390314,-13.751535
-4.623085,-7.871919,-13.747952
-3.563191,-8.273227,-13.743396
-2.444831,-8.421030,-13.744166
-1.281873,-8.280161,-13.748320
-0.180943,-7.991540,-13.749644
0.876754,-7.554820,-13.747438
1.589218,-6.599853,-13.742993
2.218716,-5.761608,-13.740771
2.935023,-5.009863,-13.743285
3.452215,-4.098941,-13.747808
3.866378,-3.184924,-13.746429
4.053457,-2.167205,-13.748738
4.087096,-1.158629,-13.747099
3.989985,-0.171402,-13.744894
3.725355,0.796513,-13.749511
3.430937,1.754788,-13.747984
2.858817,2.567909,-13.750648
2.222182,3.333036,-13.747534
1.502994,4.074578,-13.743685
0.674684,4.580709,-13.746821
-0.770118,3.498568,-16.370263
-1.756995,2.193442,-16.377229
-2.279806,2.319685,-16.380778
-2.837712,2.511209,-16.377898
-3.460937,2.637629,-16.375897
-4.301251,2.955983,-16.376740
-5.463749,3.397362,-16.373196
-6.224487,2.908281,-16.373971
-6.974692,2.402900,-16.375007
-7.109088,1.434830,-16.372847
-7.194306,0.600996,-16.374566
-7.994183,-0.090033,-16.379071
-8.350654,-1.002670,-16.373403
-8.258212,-1.936186,-16.377516
-7.938354,-2.821531,-16.381537
-7.500071,-3.607079,-16.378977
-6.977794,-4.341645,-16.377484
-6.514894,-5.152311,-16.376757
-5.952341,-5.914119,-16.376292
-5.129689,-6.417741,-16.376107
-4.202807,-6.583131,-16.377247
-3.315911,-6.744797,-16.379897
-2.419716,-6.860483,-16.374487
-1.491940,-6.790510,-16.373607
-0.617471,-6.553330,-16.382957
0.208134,-6.252123,-16.377425
0.842652,-5.600320,-16.370485
1.367531,-4.896595,-16.371160
1.931391,-4.249077,-16.374731
2.333628,-3.523893,-16.376083
2.831134,-2.847322,-16.377387
3.087580,-2.014157,-16.377405
3.082599,-1.161665,-16.379816
2.951380,-0.319009,-16.380499
2.602842,0.436478,-16.374411
2.312683,1.211335,-16.379636
1.974114,1.976187,-16.373512
1.480911,2.608918,-16.374045
0.851549,3.143386,-16.379567
0.140244,3.594583,-16.376769
-1.274295,2.015472,-19.000227
-2.017824,0.695434,-19.002898
-2.309940,0.791190,-19.007089
-2.610129,0.904966,-19.011197
-2.968906,1.022717,-19.003323
-3.670725,1.662516,-18.996451
-4.607236,2.140220,-19.004435
-5.065446,1.760955,-19.002079
-5.582481,1.353153,-19.001716
-4.908110,0.290668,-19.004707
-5.188424,-0.102626,-19.004793
-5.752093,-0.482031,-19.003595
-6.037014,-1.017123,-19.003788
-6.054221,-1.604829,-19.007195
-6.055738,-2.228452,-19.005935
-5.849044,-2.806633,-19.005112
-5.407971,-3.258013,-19.009955
-5.222253,-3.871191,-19.010046
-4.904051,-4.534313,-19.006872
-4.337993,-4.861460,-19.004043
-3.631551,-4.876647,-19.002755
-2.957845,-4.777148,-19.007575
-2.392941,-4.783754,-19.010919
-1.801608,-4.806052,-19.009583
-1.223705,-4.665419,-19.005070
-0.645442,-4.491186,-19.002416
-0.132732,-4.165955,-19.006525
0.255476,-3.740485,-19.009468
0.630304,-3.279163,-19.004276
0.871693,-2.756366,-19.007096
1.387132,-2.330795,-19.004481
1.841230,-1.807425,-19.002249
1.838465,-1.139619,-19.005400
1.700538,-0.489101,-19.001528
1.270068,0.029539,-19.006181
0.955015,0.535896,-19.006749
0.858481,1.170176,-19.005042
0.550668,1.728772,-19.004489
0.028237,2.047216,-19.003922
-0.531748,2.351053,-19.002863
-2.100794,-0.691611,-21.635946
