-4.848075,-28.556729,45.244041
0.239459,-31.855472,45.244041
6.094364,-34.394443,45.244041
12.828273,-35.646482,45.244040
19.450368,-34.610992,45.244041
24.999677,-30.822746,45.244041
28.107120,-24.703399,45.244041
28.151865,-17.250560,45.244040
26.474157,-10.428572,45.244040
25.099283,-5.011958,45.244040
24.016898,-0.637281,45.244040
22.977326,3.106929,45.244040
21.636518,6.754605,45.244041
19.947876,9.906643,45.244041
17.821422,12.585986,45.244040
15.347240,14.718630,45.244040
12.557669,16.416328,45.244040
9.835294,17.562535,45.244040
6.976522,18.306942,45.244040
4.193084,18.599116,45.244040
1.552905,18.460542,45.244040
-0.877237,17.928537,45.244040
-3.197413,17.030504,45.244040
-5.238097,15.902184,45.244040
-7.008953,14.637079,45.244040
-8.639814,13.196564,45.244040
-10.021829,11.722512,45.244040
-11.269746,10.133307,45.244040
-12.455387,8.308749,45.244040
-13.399936,6.522484,45.244040
-14.237175,4.513996,45.244040
-14.927322,2.287047,45.244040
-15.412699,0.006639,45.244040
-15.730918,-2.616291,45.244040
-15.814507,-5.568057,45.244041
-15.593938,-8.824996,45.244041
-15.001439,-12.348657,45.244040
-13.806754,-16.382968,45.244041
-11.807334,-20.636730,45.244041
-9.199410,-26.080757,40.489656
-4.869525,-29.043318,40.496471
0.171886,-31.447053,40.490717
5.908716,-33.317712,40.490740
11.977778,-33.182773,40.498993
17.260713,-30.489806,40.491741
23.265832,-28.645722,40.492114
27.012734,-23.771839,40.497915
28.001191,-17.110003,40.493172
27.566471,-10.889195,40.495505
26.581723,-5.439830,40.503164
25.467044,-0.839401,40.488249
24.076140,3.189231,40.492602
22.265062,6.867093,40.500770
20.337395,9.949262,40.498612
18.194050,12.677251,40.491998
15.590667,14.977036,40.487636
12.931072,16.680986,40.486768
10.064177,18.002354,40.490203
7.188268,18.851735,40.497950
4.375406,19.257314,40.500394
1.691822,19.278893,40.489840
-0.966566,18.899426,40.489187
-3.377920,18.163091,40.494299
-5.694823,17.140863,40.500195
-7.722270,15.921005,40.503397
-9.439345,14.296902,40.492655
-11.006352,12.734815,40.493584
-12.719367,11.103610,40.497535
-14.312860,9.350564,40.495189
-15.654422,7.207414,40.499695
-16.478735,4.825743,40.497076
-17.344244,2.281106,40.491321
-18.241079,-0.567951,40.492050
-18.819801,-3.682059,40.496973
-19.224208,-7.448109,40.493945
-18.689589,-11.174554,40.492747
-17.986082,-15.614394,40.494709
-16.325949,-20.025830,40.494023
-13.103101,-23.279039,40.490019
-9.543039,-27.227849,35.747332
-4.878769,-29.584335,35.736627
0.140281,-31.288792,35.742934
5.814271,-32.252143,35.752938
11.574007,-31.907667,35.753598
17.005876,-30.130995,35.754190
22.710725,-28.007145,35.748702
26.567142,-23.389301,35.749174
28.110789,-17.279188,35.753194
28.229044,-11.143083,35.746208
27.637381,-5.813680,35.735269
26.530023,-1.071348,35.740724
24.908162,3.178064,35.751980
22.837066,6.848569,35.741804
20.633715,10.068421,35.737052
18.417677,12.863687,35.746441
15.883529,15.145781,35.735401
13.183410,16.951697,35.742232
10.270909,18.386862,35.751775
7.496776,19.303041,35.749865
4.622150,19.832096,35.747418
1.867616,19.999709,35.750332
-0.887533,19.792844,35.740157
-3.566880,19.163455,35.736823
-6.019347,18.275757,35.740160
-8.327912,17.089970,35.736628
-10.238547,15.340058,35.749254
-12.029240,13.684001,35.747263
-14.032086,12.033525,35.744149
-16.025295,10.120896,35.752349
-17.584677,7.837217,35.749456
-18.539859,5.083298,35.749480
-19.608567,2.184353,35.747726
-20.721493,-1.016028,35.740525
-21.488049,-4.694398,35.739255
-22.063896,-8.877277,35.750311
-21.203194,-12.962318,35.743935
-20.083451,-17.655242,35.739856
-17.828272,-22.217605,35.746926
-13.856496,-25.073174,35.750739
-9.861248,-28.285160,30.996714
-4.997752,-30.115891,31.003664
0.208693,-31.312455,30.995752
5.542296,-31.413926,30.990134
11.247383,-31.193549,30.992036
17.566444,-30.892230,30.984810
22.744867,-27.832470,30.989751
26.393989,-23.150202,30.996251
28.177517,-17.294939,30.999976
28.475184,-11.407441,31.003037
28.205163,-5.910989,31.002594
27.155242,-1.177565,30.993295
25.433312,3.182625,30.984358
23.216976,6.911007,30.986884
20.884543,10.181878,30.990040
18.587614,13.047818,30.984651
16.118625,15.303518,30.984272
13.368137,17.205597,31.000789
10.552090,18.675655,30.998205
7.724469,19.699974,30.994219
4.782797,20.336086,31.004342
1.956498,20.628428,30.988376
-0.886735,20.554538,30.990125
-3.677266,20.054386,30.996153
-6.404064,19.218841,30.990816
-8.838561,18.116311,30.987149
-11.044346,16.335389,30.983682
-13.080801,14.594411,30.995232
-15.302380,12.826813,31.001742
-17.501201,10.769988,30.992338
-19.244008,8.311404,30.991316
-20.417301,5.367748,30.998465
-21.651874,2.251155,30.993652
-22.902755,-1.356692,30.990055
-23.745316,-5.478525,31.001034
-24.343420,-10.120664,30.996677
-23.205829,-14.615004,30.993849
-21.444299,-19.233549,30.996698
-18.639477,-23.398924,30.997945
-14.469939,-26.229847,30.995518
-10.154662,-29.253634,26.240794
-5.107321,-30.716304,26.235777
0.126325,-31.401838,26.245114
5.521523,-31.072400,26.249609
10.929765,-30.453562,26.240777
16.995321,-29.877947,26.237769
22.001746,-26.989576,26.237282
25.508433,-22.372018,26.244326
27.549224,-16.797035,26.252174
28.387016,-11.252029,26.249127
28.317557,-5.995868,26.244694
27.333633,-1.174169,26.252229
25.617482,3.261332,26.242098
23.388175,7.059158,26.240012
21.124016,10.243050,26.248783
18.781008,13.143356,26.250626
16.293904,15.452501,26.243601
13.528668,17.419558,26.236045
10.695271,18.958526,26.233847
7.846996,20.055124,26.242503
4.878574,20.775740,26.251302
2.021099,21.165439,26.240317
-1.033702,21.193332,26.245900
-3.886140,20.793728,26.252967
-6.676551,20.042003,26.252976
-9.344564,18.950743,26.253602
-11.748695,17.363408,26.239351
-14.020855,15.581697,26.232813
-16.367150,13.629711,26.236991
-18.661619,11.366626,26.243165
-20.648992,8.614251,26.248933
-22.156728,5.578997,26.248114
-23.628845,2.140120,26.242061
-24.864303,-1.722043,26.235080
-25.664211,-6.074612,26.237158
-26.066015,-10.978024,26.250007
-24.891170,-15.930708,26.238854
-22.332335,-20.133594,26.231453
-18.918683,-23.718305,26.235520
-14.840141,-26.840121,26.240574
-10.429614,-30.135985,21.500565
-5.115201,-31.361725,21.499476
0.207307,-31.610965,21.492243
5.482703,-31.149637,21.487820
10.782693,-29.849735,21.487052
15.918297,-27.927941,21.489398
20.896547,-25.511130,21.500148
24.188378,-21.093320,21.489067
26.448488,-15.981211,21.490404
27.900971,-11.124256,21.505598
27.947241,-5.967618,21.501449
27.071888,-1.085394,21.485453
25.536167,3.267590,21.488168
23.526678,7.038598,21.498902
21.319632,10.297009,21.502828
18.943818,13.210824,21.501016
16.454935,15.556916,21.501632
13.691896,17.571853,21.503999
10.858580,19.164363,21.497265
8.010474,20.326761,21.489144
5.037696,21.127539,21.488181
1.999681,21.621149,21.487253
-0.904966,21.737555,21.497102
-3.967831,21.434396,21.504372
-6.959767,20.711369,21.499168
-9.683423,19.695233,21.494440
-12.420199,18.282663,21.499127
-14.913865,16.485477,21.501570
-17.324531,14.300484,21.498045
-19.632965,11.782837,21.496620
-21.653223,9.023266,21.500760
-23.648400,5.830322,21.496708
-25.347669,2.102767,21.490385
-26.536714,-2.013980,21.489151
-27.241051,-6.736570,21.490490
-27.242407,-11.696404,21.493300
-26.243779,-16.818778,21.503964
-22.981709,-20.801512,21.497660
-18.964642,-23.961147,21.488610
-14.992553,-27.337969,21.492973
-10.696937,-30.952307,16.735975
-5.303986,-31.981882,16.743993
0.226004,-32.011946,16.747675
5.534044,-31.401801,16.749601
10.773639,-29.780758,16.754004
15.431556,-27.149571,16.753117
19.801050,-24.047559,16.742644
22.991640,-19.837462,16.738574
25.339452,-15.364726,16.740659
26.935611,-10.501229,16.738317
27.072827,-5.659584,16.736361
26.414169,-1.058687,16.748643
25.168835,3.235976,16.750665
23.510193,7.022617,16.743748
21.437163,10.392274,16.736679
19.138039,13.182884,16.736231
16.525218,15.680120,16.744311
13.759915,17.728146,16.745223
10.920794,19.354073,16.747922
8.069643,20.561537,16.746832
5.093379,21.424068,16.735529
2.045590,21.980157,16.732018
-1.045892,22.162299,16.746160
-4.137938,21.930427,16.745258
-6.995055,21.312032,16.739009
-10.084237,20.236982,16.751932
-12.931175,19.000647,16.743681
-15.626948,17.170568,16.749445
-18.113229,14.773562,16.749420
-20.332593,12.150197,16.735284
-22.461244,9.230084,16.746325
-24.739006,5.979744,16.753907
-26.545013,2.103072,16.741649
-27.711094,-2.251950,16.736269
-28.272456,-7.008215,16.747436
-27.901008,-11.988222,16.747054
-26.939962,-17.510176,16.752175
-23.816649,-21.608729,16.752157
-19.626386,-24.941357,16.744822
-15.538816,-28.241268,16.737402
-10.906936,-31.556066,11.997522
-5.276063,-32.464515,11.990270
0.261441,-32.421494,11.993860
5.734856,-31.649910,11.993927
10.854697,-30.003737,11.988070
15.332365,-27.058508,11.990060
18.778372,-22.742981,11.988973
21.940997,-18.823392,11.988005
24.363435,-14.674437,11.996161
25.604454,-9.966054,12.002039
25.920120,-5.313959,11.994068
25.483295,-0.840215,11.989939
24.622235,3.216424,11.997365
23.387998,7.006547,11.999321
21.597340,10.349210,11.996826
19.159450,13.278129,11.997647
16.672199,15.679763,11.993817
13.918029,17.765938,11.985160
11.082503,19.427907,11.986510
8.076025,20.746514,11.993366
5.099961,21.657483,11.994535
2.045425,22.252369,11.996068
-1.056501,22.479351,11.995070
-4.168174,22.316047,11.989003
-7.216554,21.714342,11.983738
-10.333574,20.673133,11.983972
-13.388399,19.448581,11.982916
-16.118795,17.645737,11.991992
-18.581349,15.199762,12.003584
-20.840860,12.365554,12.001195
-22.956971,9.417134,11.989738
-25.393290,6.040470,11.994322
-27.173623,2.142509,11.996943
-28.324937,-2.429112,11.999191
-28.740044,-7.214420,12.003440
-28.017757,-12.185581,11.991597
-27.125908,-17.511067,11.985608
-24.563347,-22.512136,11.983774
-20.686244,-26.368388,11.986809
-16.039106,-29.490973,11.994844
-10.899200,-31.473252,7.242979
-5.256679,-32.280686,7.242411
0.245418,-32.193267,7.236687
5.532347,-31.388008,7.240540
10.773066,-29.617175,7.250570
15.143692,-26.547109,7.249910
18.313308,-22.256912,7.248942
21.342946,-18.249075,7.244467
23.609272,-14.038077,7.237191
24.766766,-9.497074,7.233320
25.235351,-5.049175,7.238392
24.990177,-0.746550,7.247062
24.343085,3.161302,7.240138
23.303429,7.001991,7.233749
21.621854,10.380958,7.237929
19.189695,13.304917,7.244414
16.718561,15.707988,7.244443
13.984466,17.802513,7.240354
11.166488,19.474221,7.239108
8.183753,20.823403,7.242911
5.233584,21.783654,7.242950
2.195337,22.412894,7.233473
-1.065976,22.684837,7.246730
-4.171188,22.572530,7.248839
-7.387946,21.990898,7.240833
-10.500520,20.965667,7.253509
-13.544228,19.742853,7.250268
-16.428298,17.871886,7.240605
-18.871409,15.426938,7.234351
-21.074162,12.558915,7.236700
-23.241465,9.449442,7.247357
-25.569168,6.013852,7.240795
-27.235675,2.077555,7.239960
-28.289571,-2.326679,7.239896
-28.597721,-7.104807,7.235239
-27.658032,-11.848706,7.245194
-26.726693,-17.289633,7.242391
-24.774455,-22.642313,7.239385
-21.105533,-26.964946,7.241530
-16.137108,-29.847808,7.242529
-10.619292,-30.536788,2.496934
-5.219317,-31.273487,2.493415
0.179081,-31.176651,2.496718
5.401337,-30.350093,2.496782
10.325687,-28.565154,2.495401
14.682781,-25.596036,2.504017
18.326580,-22.035426,2.504560
21.066794,-17.960464,2.490244
23.077234,-13.646702,2.482187
24.403892,-9.443082,2.492332
25.050617,-5.079050,2.504871
24.959353,-0.838184,2.498042
24.334549,3.180947,2.496803
23.289032,6.954186,2.498230
21.549388,10.428929,2.496413
19.174785,13.321204,2.496676
16.621346,15.804286,2.499972
13.926058,17.862021,2.492523
11.153101,19.505976,2.491302
8.225280,20.853821,2.500173
5.172488,21.885789,2.502586
2.182094,22.504821,2.490875
-1.027646,22.778176,2.486711
-4.254071,22.693437,2.484753
-7.428642,22.165473,2.486404
-10.491890,21.156058,2.497425
-13.597787,19.785843,2.492996
-16.443575,17.937823,2.486101
-18.983108,15.441713,2.487672
-21.130064,12.596036,2.496680
-23.204228,9.495883,2.502400
-25.199813,5.940911,2.487781
-26.609294,2.139221,2.493745
-27.600539,-2.191975,2.501563
-27.774788,-6.907065,2.488434
-26.759851,-11.383862,2.491293
-25.789187,-16.540751,2.500527
-24.160524,-21.962301,2.497910
-20.713720,-26.446654,2.492505
-15.903119,-29.075203,2.495161
-10.006043,-28.554163,-2.251179
-4.945639,-29.282855,-2.258462
0.117796,-29.218566,-2.250108
5.015769,-28.444413,-2.254763
9.758938,-26.679974,-2.262821
13.831859,-24.181768,-2.250925
17.798690,-21.501075,-2.263833
20.759782,-17.631414,-2.253644
22.880393,-13.500482,-2.252414
24.516967,-9.399921,-2.262511
25.332408,-5.199838,-2.259092
25.351400,-0.926720,-2.257538
24.586130,3.271777,-2.255679
23.291263,7.002792,-2.260217
21.495631,10.321253,-2.256247
19.151322,13.287854,-2.245788
16.687108,15.701314,-2.259225
13.952399,17.803479,-2.263926
11.128438,19.478799,-2.263968
8.147188,20.862563,-2.257485
5.201446,21.889187,-2.247237
2.142754,22.509791,-2.258079
-0.967315,22.759730,-2.263272
-4.254160,22.693779,-2.261803
-7.339551,22.234364,-2.261633
-10.457346,21.192475,-2.262639
-13.507026,19.588308,-2.266372
-16.253449,17.763307,-2.257701
-18.870458,15.299692,-2.254445
-20.967567,12.542801,-2.258954
-22.982028,9.349579,-2.247651
-24.256224,5.801828,-2.250338
-25.283343,2.159285,-2.250488
-26.183797,-2.019374,-2.251260
-26.255489,-6.282254,-2.255748
-25.365951,-10.631024,-2.249907
-24.207675,-15.408794,-2.257427
-22.574394,-20.296488,-2.257731
-19.401483,-24.551415,-2.249249
-14.935060,-27.105341,-2.246887
-9.021890,-25.404794,-7.002519
-4.548769,-26.236785,-7.005482
0.138721,-26.277342,-7.003698
4.489817,-25.630007,-7.003936
8.772800,-24.166190,-7.010848
12.852336,-22.158957,-7.014096
16.864525,-20.341535,-7.003032
20.303637,-17.222307,-7.004736
22.842303,-13.586444,-7.014521
24.878618,-9.553316,-7.013952
25.937619,-5.287596,-7.004122
26.009401,-0.899029,-7.003247
25.046335,3.217738,-7.008009
23.341731,6.915492,-7.006173
21.290144,10.253932,-6.998321
19.030922,13.252544,-6.998829
16.567064,15.660327,-7.012898
13.826488,17.751822,-7.016954
10.995986,19.417102,-7.010203
8.155060,20.742904,-7.001094
5.208650,21.797799,-7.000702
2.135213,22.398095,-7.014711
-0.989400,22.618810,-7.002366
-4.119320,22.561634,-6.999762
-7.380986,22.112085,-7.013693
-10.479180,21.006855,-7.005019
-13.221161,19.205241,-7.002128
-15.927314,17.304530,-7.007924
-18.466596,15.030065,-7.007484
-20.609606,12.288757,-7.001510
-22.420275,9.179913,-7.002690
-22.886566,5.628972,-6.997277
-23.535984,2.077857,-7.000147
-24.273672,-1.592189,-7.010511
-24.256975,-5.678707,-7.013727
-23.635591,-9.700988,-7.006966
-22.134061,-13.811247,-7.005052
-20.048567,-17.692750,-7.001750
-17.129685,-21.144866,-6.997956
-13.330373,-23.716354,-6.998962
-8.076742,-22.357328,-11.759486
-4.023302,-23.284870,-11.764286
-0.012783,-23.431688,-11.761776
4.105472,-22.857593,-11.756067
7.929864,-21.660834,-11.758692
11.665555,-20.206784,-11.765307
15.761426,-18.841838,-11.760309
19.456313,-16.409049,-11.760751
22.371309,-13.192116,-11.760915
24.583233,-9.511523,-11.758386
25.881185,-5.241166,-11.760048
26.008244,-0.929455,-11.760672
24.914150,3.238333,-11.757741
22.935824,6.893165,-11.757208
20.800979,10.115815,-11.754726
18.716755,13.000060,-11.751368
16.281655,15.394718,-11.757897
13.565067,17.471401,-11.762072
10.890167,19.064470,-11.765836
8.067162,20.397305,-11.763418
5.136762,21.457330,-11.753555
2.077257,22.058559,-11.757763
-1.035050,22.270090,-11.762866
-4.149598,22.184096,-11.755974
-7.240267,21.721476,-11.749967
-10.168914,20.643877,-11.759262
-12.814628,18.742980,-11.765210
-15.246727,16.767055,-11.767328
-17.596407,14.532018,-11.759292
-19.707741,11.814104,-11.749913
-21.268281,8.941599,-11.759657
-21.643443,5.569579,-11.763645
-22.161537,2.182689,-11.757579
-22.719900,-1.312865,-11.754973
-22.603222,-5.046004,-11.759837
-22.059865,-8.866705,-11.757279
-20.381799,-12.331184,-11.747546
-17.898751,-15.497239,-11.751053
-15.004295,-18.286190,-11.759445
-11.712972,-20.642785,-11.759582
-7.261919,-19.699995,-16.508518
-3.757817,-20.619145,-16.505625
0.004164,-20.845850,-16.511140
3.590920,-20.365964,-16.506141
7.082883,-19.390614,-16.500394
10.668531,-18.256731,-16.513543
14.395942,-17.094498,-16.510155
18.077780,-15.127247,-16.499185
21.073985,-12.398684,-16.503575
23.411853,-8.931346,-16.513384
24.792678,-4.979596,-16.507594
25.022084,-0.797557,-16.497866
23.992472,3.258009,-16.501683
22.054663,6.801533,-16.511480
20.052674,9.827231,-16.507271
18.034595,12.660073,-16.499205
15.647757,15.003429,-16.510324
13.103033,16.958158,-16.502729
10.484577,18.544907,-16.503852
7.710970,19.856569,-16.506143
4.955670,20.838694,-16.498058
1.956251,21.471791,-16.515110
-0.961888,21.705478,-16.505106
-4.023152,21.565720,-16.498175
-7.038725,20.994738,-16.506782
-9.898186,19.886985,-16.504861
-12.411667,18.128056,-16.515564
-14.442898,16.022137,-16.506075
-16.393220,13.652388,-16.494935
-18.172795,11.161421,-16.501065
-19.511960,8.401482,-16.501040
-20.513172,5.359038,-16.501858
-21.223225,2.224308,-16.506728
-21.469090,-1.094367,-16.512616
-21.242588,-4.587716,-16.517216
-20.640497,-8.159535,-16.516066
-18.799246,-11.266907,-16.499018
-16.336948,-13.754740,-16.502030
-13.522143,-16.044763,-16.514954
-10.511620,-18.105324,-16.514619
-6.552239,-17.358072,-21.261917
-3.437431,-18.212811,-21.252430
-0.086764,-18.489556,-21.253439
3.235923,-18.052875,-21.259053
6.376124,-17.278847,-21.257530
9.735962,-16.360107,-21.253173
12.932983,-14.974722,-21.255249
16.108958,-13.224948,-21.252436
18.981579,-10.833070,-21.256350
21.125231,-7.753582,-21.261608
22.430489,-4.237019,-21.255143
22.857315,-0.509444,-21.252007
22.214706,3.179580,-21.255021
20.771145,6.497307,-21.261049
18.980178,9.494141,-21.264672
17.079302,12.100071,-21.258926
14.789091,14.376704,-21.247723
12.440451,16.196744,-21.259919
9.918382,17.766189,-21.259202
7.355446,18.989734,-21.247485
4.672896,19.927334,-21.252458
1.917132,20.618486,-21.262533
-0.910185,20.927547,-21.266676
-3.867798,20.684461,-21.263083
-6.620933,19.973822,-21.260513
-9.268697,18.943583,-21.261380
-11.835156,17.418650,-21.253429
-13.747415,15.348386,-21.258474
-15.441629,13.042713,-21.266143
-17.084982,10.586824,-21.257799
-18.239955,7.988313,-21.247528
-19.692221,5.236303,-21.260824
-20.522562,2.277949,-21.255461
-20.505508,-0.969194,-21.242434
-20.137381,-4.181116,-21.247918
-19.411672,-7.462135,-21.249679
-17.570560,-10.255647,-21.251001
-15.071389,-12.526555,-21.256206
-12.437875,-14.388848,-21.262525
-9.520012,-16.071886,-21.265618
-5.931274,-15.285390,-26.012133
-3.078116,-16.035441,-25.998326
-0.140881,-16.320556,-25.997169
2.771117,-15.957573,-26.002045
5.682797,-15.365428,-26.000751
8.737832,-14.539074,-25.999425
11.086352,-12.578122,-26.009549
13.389812,-10.719962,-26.009505
15.761618,-8.601244,-26.003363
17.451489,-6.046730,-26.000063
18.580789,-3.062238,-26.001396
19.343181,-0.089606,-26.009455
19.467331,3.081571,-26.010944
18.916786,6.239576,-26.013357
17.662339,9.017668,-26.015444
15.746970,11.426972,-26.012166
13.671528,13.520046,-26.011524
11.451775,15.268330,-26.013096
9.161594,16.732071,-26.007514
6.716924,17.892012,-26.003485
4.261556,18.734534,-26.007742
1.678093,19.554433,-26.008122
-0.898772,19.942813,-26.010831
-3.572538,19.580968,-26.003920
-6.130453,18.651137,-25.996802
-8.654092,17.663314,-26.005655
-11.141125,16.546972,-26.002898
-13.209404,14.837697,-26.010092
-15.053405,12.651887,-26.015260
-16.550990,10.410852,-26.010928
-17.706347,7.826000,-26.015707
-19.245446,5.151488,-26.007615
-19.991725,2.226852,-26.004263
-19.779423,-0.866993,-25.999025
-19.229899,-3.880032,-25.996117
-18.286589,-6.922993,-26.015277
-16.531968,-9.424961,-26.008134
-14.175797,-11.599555,-26.007630
-11.604057,-13.232339,-26.017989
-8.769457,-14.401440,-26.019921
-5.385589,-13.436850,-30.761631
-2.865326,-14.029606,-30.752319
-0.182516,-14.298864,-30.751327
2.479643,-14.014461,-30.757496
5.062268,-13.565453,-30.754361
7.735409,-12.803406,-30.747425
9.648117,-10.770279,-30.757959
11.504281,-8.946490,-30.749200
13.411645,-7.059445,-30.753403
14.939393,-4.830016,-30.760843
16.044036,-2.373720,-30.745779
16.706980,0.350242,-30.751875
17.026264,3.015799,-30.752806
16.980813,5.859962,-30.760036
16.005847,8.427667,-30.763669
14.117837,10.543575,-30.754800
12.328358,12.409442,-30.758660
10.326274,14.035338,-30.762147
8.237631,15.381433,-30.763886
6.133123,16.464820,-30.765258
3.841268,17.411060,-30.761804
1.518471,18.271982,-30.751759
-0.936250,18.708818,-30.752563
-3.374381,18.370800,-30.756344
-5.711391,17.507884,-30.759720
-8.036205,16.655255,-30.764885
-10.443630,15.689751,-30.756826
-12.648920,14.168563,-30.756005
-14.438677,12.274449,-30.764105
-15.922022,10.037509,-30.763609
-17.068145,7.598758,-30.752239
-18.522013,5.051204,-30.760020
-19.151196,2.262084,-30.758835
-18.839319,-0.670919,-30.756643
-18.139617,-3.488296,-30.760267
-17.031310,-6.182535,-30.750466
-15.314568,-8.521189,-30.761885
-13.197442,-10.554066,-30.756185
-10.735853,-12.038011,-30.745650
-8.055733,-12.854122,-30.755257
-4.904220,-11.782697,-35.500882
-2.603652,-12.218362,-35.507423
-0.271374,-12.409289,-35.499780
2.154197,-12.262429,-35.501676
4.477928,-11.875623,-35.515491
6.865704,-11.056792,-35.513778
8.755408,-9.519443,-35.502953
10.538692,-7.992021,-35.510117
12.280879,-6.298365,-35.506136
13.786791,-4.252848,-35.496485
14.888454,-1.968622,-35.503570
15.414442,0.517121,-35.502169
15.327511,3.033007,-35.507150
15.020555,5.506477,-35.512670
13.970412,7.725026,-35.511257
12.114062,9.508819,-35.510351
10.610053,11.168244,-35.514154
8.895837,12.606486,-35.502864
7.070537,13.739555,-35.504956
5.336851,14.826755,-35.510135
3.442821,16.023026,-35.501117
1.346667,16.819265,-35.499457
-0.869562,17.219712,-35.510196
-3.198075,17.143316,-35.505717
-5.501772,16.683209,-35.496253
-7.736791,16.000653,-35.507428
-9.879989,14.845263,-35.506009
-11.770844,13.448813,-35.512049
-13.510261,11.619161,-35.510523
-14.880455,9.596096,-35.500697
-16.193084,7.315919,-35.510506
-17.136518,4.956902,-35.503255
-17.513587,2.259541,-35.494612
-17.245323,-0.369548,-35.504604
-16.450782,-2.876419,-35.514833
-15.159760,-5.172542,-35.504203
-13.562376,-7.265863,-35.504785
-11.729634,-9.025209,-35.502454
-9.585933,-10.359697,-35.495798
-7.200955,-11.227309,-35.495525
-4.353446,-9.885282,-40.249552
-2.269675,-10.207067,-40.262846
-0.238362,-10.305433,-40.261580
1.788582,-10.199532,-40.257765
3.755034,-9.718223,-40.256883
5.633655,-8.945668,-40.252085
7.660443,-8.093100,-40.250081
9.418012,-6.923919,-40.250287
11.000524,-5.401718,-40.258537
12.489284,-3.649902,-40.266685
13.604364,-1.579795,-40.266041
13.741304,0.710502,-40.264798
13.297715,2.943891,-40.256654
12.695461,5.097146,-40.256167
11.501221,6.870740,-40.260036
9.864715,8.242440,-40.255732
8.650108,9.650213,-40.248486
7.248418,10.867602,-40.250332
5.723222,11.791842,-40.249811
4.325661,12.876183,-40.245227
2.899051,14.189687,-40.247854
1.084225,14.879120,-40.262176
-0.844514,15.227885,-40.260230
-2.858111,15.374105,-40.249712
-4.972786,15.210358,-40.251081
-6.999442,14.612198,-40.260622
-8.792434,13.506636,-40.258476
-10.476325,12.192494,-40.254159
-11.914074,10.573591,-40.248467
-13.224926,8.776801,-40.247899
-14.755388,6.934958,-40.262930
-14.800208,4.567308,-40.258101
-14.691246,2.332630,-40.256910
-14.656747,0.141928,-40.261078
-13.842921,-1.990728,-40.260122
-12.442252,-3.685664,-40.262515
-11.130000,-5.355141,-40.261863
-9.600472,-6.779403,-40.257032
-7.908869,-7.949576,-40.250368
-6.186678,-9.073879,-40.245707
-3.339757,-6.633825,-44.999805
-1.868815,-6.863260,-45.004708
-0.342235,-6.890881,-45.012389
1.114484,-6.639110,-45.008314
2.464817,-5.914910,-45.003115
3.740375,-5.335104,-45.005857
5.580850,-5.443142,-44.999763
7.142293,-4.679063,-45.000437
8.338396,-3.538524,-45.003490
9.742465,-2.331949,-45.005933
10.961388,-0.790641,-45.010316
10.934803,1.068010,-45.013290
10.382095,2.888786,-45.006152
9.652520,4.500193,-45.003738
8.534625,5.838871,-45.009327
7.291441,6.901783,-45.013588
6.377455,7.922669,-45.013590
5.374002,8.856509,-45.014812
4.244277,9.632184,-45.006471
3.212679,10.434106,-44.999140
2.083068,11.417839,-45.004752
0.671977,11.908775,-45.009378
-0.750836,12.166158,-45.012605
-2.353980,12.475140,-45.005567
-4.040012,12.575276,-44.995732
-5.602709,12.080082,-45.005720
-7.030121,11.170001,-45.009797
-8.379685,10.107252,-45.009176
-9.481251,8.872906,-45.007961
-10.509272,7.481623,-45.006076
-11.892517,6.086549,-45.006435
-10.576429,4.016255,-45.001718
-10.020367,2.481325,-45.006215
-10.225728,0.921595,-45.012742
-9.667315,-0.521462,-45.010286
-8.273131,-1.500200,-45.001672
-7.403698,-2.563238,-45.003488
-6.380185,-3.433503,-45.004603
-5.327468,-4.222124,-45.001620
-4.470097,-5.461797,-44.999262
-0.763524,2.325476,-49.755960
-4.741032,-22.428327,45.244041
-0.732847,-26.028826,45.244041
4.248441,-28.417897,45.244040
9.985836,-29.992146,45.244040
16.340163,-30.617185,45.244040
22.440336,-28.886413,45.244040
24.940481,-22.821239,45.244040
23.033127,-14.564060,45.244040
21.344859,-8.585119,45.244040
20.900752,-4.366521,45.244040
20.371411,-0.656976,45.244040
19.375505,2.847137,45.244040
17.406634,5.762191,45.244041
14.392487,7.807548,45.244041
10.510408,8.759584,45.244041
6.992659,8.682813,45.244041
4.124921,8.078940,45.244041
2.136720,7.373046,45.244041
0.755710,6.729688,45.244041
-0.167826,6.220357,45.244040
-0.865225,5.788532,45.244040
-1.447005,5.393773,45.244040
-1.826055,5.118065,45.244040
-2.197638,4.832396,45.244040
-2.561381,4.536829,45.244040
-2.828814,4.308696,45.244040
-3.091456,4.075062,45.244040
-3.433892,3.755061,45.244040
-3.684674,3.508750,45.244040
-4.010657,3.172001,45.244040
-4.404030,2.737869,45.244040
-4.780959,2.289355,45.244040
-5.280259,1.638664,45.244040
-5.873059,0.766552,45.244040
-6.577221,-0.450411,45.244040
-7.407364,-2.261438,45.244040
-8.224571,-4.828257,45.244040
-8.788507,-8.426356,45.244040
-8.666394,-12.802348,45.244040
-7.045720,-16.654944,40.992050
-4.457192,-20.502643,40.991410
-0.760087,-23.633406,40.996258
3.705493,-25.807695,41.002164
8.927855,-27.056778,40.997500
14.451328,-27.101968,40.987530
19.717146,-25.386195,40.998527
22.924301,-20.829937,41.003510
23.244932,-14.675983,40.997749
22.288385,-9.033380,40.987188
21.436213,-4.488690,40.986508
20.018355,-0.533224,40.995707
18.006691,2.782206,40.988846
15.415656,5.386456,40.982948
12.185346,7.095975,40.993867
8.688516,7.770432,40.994639
5.671866,7.721686,40.985232
3.337611,7.274648,41.002036
1.558557,6.526490,40.988231
0.597516,6.297326,40.987849
-0.228973,6.086085,40.998025
-0.993547,5.165411,41.001923
-1.431933,4.882305,40.995889
-1.746649,4.791808,40.991645
-2.113900,4.575184,40.992223
-2.456073,4.316905,40.996592
-2.763490,4.213369,40.996133
-3.120385,3.979399,40.991991
-3.292535,3.696185,40.987785
-3.401449,3.386870,40.984869
-3.660513,3.062397,40.992089
-4.100019,2.734586,40.996945
-4.568159,2.296543,40.992927
-5.427468,1.617618,41.000804
-5.965622,0.729962,40.994238
-6.620795,-0.479858,40.988409
-8.663162,-3.244354,40.990770
-9.113486,-5.811870,40.986980
-9.086192,-8.825711,40.997703
-8.532907,-12.473677,40.998408
-6.937136,-16.238177,36.737084
-4.284924,-19.494501,36.738774
-0.776644,-22.154640,36.738459
3.439590,-24.031071,36.739171
8.166472,-24.905407,36.739710
13.081828,-24.558842,36.741815
17.778665,-22.762620,36.750579
21.202784,-19.204552,36.752205
22.673224,-14.322252,36.744002
22.407158,-9.067651,36.738626
21.233579,-4.410176,36.745451
19.326115,-0.440261,36.751556
16.787108,2.769781,36.740973
13.962207,5.155315,36.735265
10.932780,6.631942,36.743481
7.822368,7.286532,36.743741
5.264313,7.378989,36.738663
3.227655,7.133070,36.750630
1.574342,6.579596,36.741826
0.639494,6.517023,36.740067
-0.070845,6.506670,36.743650
-0.889199,5.760031,36.741654
-1.384785,5.394988,36.736437
-1.873430,5.233886,36.734455
-2.310756,4.972886,36.742383
-2.661972,4.763749,36.747238
-3.040437,4.605748,36.746182
-3.454565,4.308748,36.747598
-3.725162,3.995949,36.745287
-4.060241,3.613303,36.741526
-4.473115,3.310490,36.748547
-5.045091,2.877535,36.739962
-5.731614,2.266216,36.746653
-6.714406,1.360300,36.753605
-7.390767,0.225641,36.750593
-8.495142,-1.493649,36.744392
-9.887728,-4.117614,36.744107
-10.122268,-6.860457,36.742122
-9.640024,-9.604067,36.733522
-8.674738,-12.757820,36.732656
-7.008389,-16.454232,32.488793
-4.307187,-19.132861,32.495726
-0.860419,-21.366384,32.495323
3.178983,-22.858596,32.493375
7.656670,-23.370929,32.494963
12.119734,-22.727267,32.498315
16.325397,-20.839574,32.500134
19.653926,-17.778620,32.497042
21.615735,-13.607535,32.496672
21.800010,-8.803800,32.497459
20.451644,-4.174396,32.493292
18.368721,-0.296610,32.491350
15.780499,2.755298,32.498717
13.070054,4.986963,32.497524
10.329096,6.430260,32.498361
7.734717,7.198334,32.496332
5.455036,7.516047,32.488867
3.552822,7.521575,32.490116
2.062423,7.335820,32.489033
1.058979,7.329316,32.490894
0.161389,7.355692,32.495391
-0.682672,7.065321,32.496303
-1.487996,6.635497,32.489531
-2.113144,6.326080,32.487964
-2.656269,6.069956,32.496502
-3.176924,5.772225,32.497408
-3.682943,5.448891,32.492364
-4.291279,5.102014,32.492372
-4.906384,4.765939,32.487093
-5.490563,4.381636,32.490280
-6.191042,3.814747,32.501593
-7.012742,3.081997,32.498816
-7.831821,2.205600,32.495456
-8.710336,0.988592,32.493581
-9.868513,-0.650982,32.491964
-10.527144,-2.629327,32.490086
-11.160169,-5.081019,32.499282
-11.194278,-7.928772,32.496556
-10.342161,-10.649149,32.481931
-9.023310,-13.480670,32.480514
-7.201715,-17.105922,28.244538
-4.266557,-19.390837,28.238089
-0.859232,-21.131095,28.240292
3.125722,-22.169009,28.247590
7.255562,-22.282157,28.249417
11.386941,-21.411213,28.249395
15.221578,-19.403664,28.251997
18.290323,-16.493103,28.244011
20.307700,-12.641215,28.239236
20.639086,-8.255252,28.247387
19.330976,-3.889952,28.250661
17.334514,-0.174810,28.240219
15.014564,2.732775,28.247295
12.616809,4.879294,28.245765
10.254366,6.410847,28.243796
8.055018,7.402786,28.245860
6.027766,7.992091,28.248301
4.349553,8.305060,28.251610
2.951787,8.501596,28.248920
1.651534,8.542543,28.242140
0.544676,8.538294,28.239619
-0.471887,8.683423,28.245116
-1.504459,8.442765,28.246265
-2.419919,7.985134,28.244859
-3.283303,7.716264,28.247634
-3.975454,7.319000,28.244689
-4.746947,6.842374,28.241198
-5.678634,6.459046,28.242679
-6.692332,6.015632,28.243108
-7.573522,5.354078,28.239830
-8.440239,4.511154,28.240865
-9.468286,3.403381,28.248734
-10.298634,2.155979,28.247172
-11.147891,0.547988,28.235671
-12.560444,-1.545661,28.247204
-12.459035,-3.616604,28.238666
-12.468147,-6.154000,28.244706
-12.234549,-9.016920,28.248404
-11.127627,-11.763080,28.239459
-9.449410,-14.534470,28.241630
-7.446088,-17.951359,23.993639
-4.382679,-19.830967,23.985107
-0.827225,-21.181823,23.996785
3.027027,-21.738318,23.997520
6.933992,-21.493913,23.994823
10.887493,-20.400044,24.001372
14.316697,-18.320155,23.985905
17.137306,-15.329676,23.996041
18.900132,-11.707851,23.997458
19.205051,-7.533204,23.987044
18.044298,-3.459632,23.989957
16.361057,-0.058532,23.998813
14.519371,2.664900,23.998313
12.476952,4.824483,23.995799
10.520702,6.493770,23.997753
8.654092,7.759544,23.995756
6.899347,8.613639,23.990341
5.284954,9.263879,23.996835
3.825571,9.801538,24.001550
2.304498,9.952653,23.997430
0.871391,9.914603,23.989517
-0.291496,10.355763,23.987557
-1.578998,10.420815,23.992572
-2.808090,10.137343,23.994205
-4.016077,9.927632,23.987442
-5.163669,9.492275,23.983955
-6.370013,8.910130,23.993147
-7.561148,8.309374,23.998875
-8.772645,7.537178,23.991173
-9.881992,6.470227,23.996257
-10.940581,5.213634,23.994251
-11.951215,3.786668,23.987584
-12.810713,2.046919,23.990654
-13.600594,0.136970,23.997844
-14.567304,-2.235545,23.993564
-14.296396,-4.564229,23.992024
-13.771474,-7.097205,23.995662
-13.117984,-9.990826,23.998149
-11.891920,-12.934206,23.998299
-10.032453,-15.552440,23.998457
-7.662884,-18.721651,19.737531
-4.431499,-20.307795,19.744625
-0.853372,-21.264332,19.746252
2.946921,-21.420610,19.745748
6.725631,-20.855615,19.747603
10.424344,-19.587815,19.747227
13.660280,-17.373421,19.743196
16.150698,-14.346029,19.742246
17.603291,-10.811506,19.740938
17.837057,-6.910120,19.740292
16.953434,-3.194258,19.745599
15.601199,0.023477,19.752162
14.140775,2.725199,19.747599
12.531938,4.815513,19.738218
10.907688,6.636444,19.742298
9.380595,8.094145,19.747163
7.727971,9.241208,19.740760
6.191400,10.163516,19.745851
4.676483,10.967770,19.747970
2.936063,11.314189,19.748980
1.345864,11.268384,19.751922
-0.057384,11.706219,19.744755
-1.574912,12.223679,19.744100
-3.145882,12.381762,19.746525
-4.836137,12.231735,19.743710
-6.511717,11.961974,19.750791
-8.165517,11.270004,19.747349
-9.576049,10.147126,19.742157
-10.797464,8.826360,19.744852
-11.963288,7.457761,19.743767
-13.031995,5.879613,19.742571
-13.917888,4.083945,19.739186
-14.844264,2.041237,19.737340
-15.473467,-0.165007,19.742344
-15.447968,-2.611748,19.747079
-15.744495,-5.371719,19.743380
-14.881153,-7.919121,19.747584
-13.805891,-10.710190,19.752540
-12.631228,-13.851395,19.748508
-10.503705,-16.534029,19.740406
-7.777089,-19.150612,15.494096
-4.496079,-20.511490,15.489560
-0.799253,-21.188597,15.493871
2.852685,-21.052379,15.490098
6.534648,-20.241376,15.486001
10.012718,-18.814238,15.492313
13.038336,-16.569244,15.491109
15.330534,-13.574733,15.495409
16.576359,-10.138593,15.499670
16.800091,-6.375650,15.502577
16.176548,-2.884016,15.498540
15.169971,0.067428,15.490689
14.002554,2.727264,15.496061
12.632886,4.906032,15.493299
11.303587,6.738010,15.491177
9.916978,8.374882,15.492871
8.370073,9.710698,15.493993
6.809435,10.848228,15.500194
5.230408,11.797402,15.501283
3.502203,12.336020,15.499076
1.672778,12.463250,15.498242
0.091867,12.770117,15.492643
-1.650133,13.378554,15.486563
-3.417631,13.706190,15.487468
-5.252242,13.531992,15.494890
-7.284721,13.270417,15.500173
-9.042723,12.486030,15.492382
-10.527334,11.070084,15.491277
-11.693070,9.526517,15.499711
-12.928245,7.900909,15.498922
-13.953120,6.130062,15.498790
-14.727535,4.141866,15.491935
-15.643359,2.020874,15.488954
-16.059585,-0.327198,15.495895
-15.491132,-2.640999,15.497018
-16.300412,-5.692214,15.496175
-15.516357,-8.362212,15.499212
-14.341473,-11.205010,15.499959
-13.050259,-14.556724,15.497618
-10.733546,-17.161586,15.496774
-7.736154,-19.046837,11.239082
-4.390570,-20.291034,11.242841
-0.862149,-20.762444,11.246222
2.802948,-20.489128,11.252023
6.348322,-19.536844,11.249254
9.565198,-17.998567,11.239976
12.476092,-15.760132,11.241892
14.684166,-12.947273,11.237199
15.923950,-9.613290,11.247593
16.244488,-6.155348,11.247054
15.897529,-2.820795,11.240790
15.093766,0.112945,11.252915
14.014858,2.730516,11.245594
12.806904,4.936274,11.238121
11.526610,6.857391,11.239802
10.130850,8.557786,11.246540
8.689604,9.933651,11.251208
7.115611,11.158128,11.251020
5.393053,12.152424,11.244297
3.740652,12.831200,11.237039
1.916976,13.313935,11.237365
0.145833,13.493046,11.247793
-1.638967,13.584139,11.245124
-3.414300,13.498100,11.237439
-5.152473,13.088789,11.238857
-6.810388,12.432115,11.239699
-8.362225,11.556998,11.241873
-9.869866,10.418196,11.248774
-11.121431,9.150521,11.251674
-12.224520,7.618691,11.241812
-13.206658,5.884195,11.237337
-14.014439,4.067444,11.244874
-14.705302,2.079059,11.246049
-15.078447,-0.187637,11.240936
-15.105367,-2.495038,11.249782
-15.692919,-5.378951,11.243670
-15.502117,-8.381074,11.239503
-14.662884,-11.566413,11.238734
-13.179737,-14.645419,11.236870
-10.745450,-17.157261,11.236934
-7.625611,-18.354685,6.986922
-4.286528,-19.561518,6.997342
-0.868742,-19.949706,7.003424
2.676948,-19.661469,6.994861
5.980795,-18.708252,6.992064
9.116870,-17.043187,7.003769
11.853039,-14.950521,7.003655
14.067787,-12.429267,6.993417
15.456995,-9.290703,6.996523
15.968354,-5.973270,7.003381
15.871456,-2.833546,6.998468
15.213390,0.133838,6.991416
14.135374,2.645675,6.994152
12.980989,4.907061,6.991224
11.631977,6.921447,6.993950
10.224112,8.521222,6.998228
8.706486,10.011035,6.990803
7.091594,11.242294,6.984889
5.381899,12.110400,6.987242
3.730908,12.905963,6.989391
2.081377,13.673987,6.986457
0.159092,13.743142,6.988468
-1.600237,13.234322,6.996646
-3.222693,12.642285,7.000228
-4.717022,12.023962,6.998591
-5.966671,10.999215,7.002835
-7.242371,9.998154,6.994514
-8.575840,9.247883,6.988727
-9.994395,8.292635,6.997313
-10.952630,6.980737,6.997031
-11.836554,5.499945,6.989936
-12.744171,3.905929,6.986659
-13.285942,2.075872,6.988560
-13.638988,0.084522,6.993535
-14.623017,-2.251730,7.000815
-14.715490,-4.874427,6.989367
-15.022877,-8.029017,6.993526
-14.556564,-11.475440,7.003709
-12.833744,-14.295656,6.999214
-10.488377,-16.578387,6.989951
-7.257066,-17.164824,2.743968
-4.150841,-18.304958,2.735318
-0.868543,-18.691824,2.746047
2.447118,-18.494173,2.751896
5.612461,-17.586516,2.746457
8.502450,-15.960179,2.741357
11.094121,-14.070089,2.737410
13.399911,-11.820857,2.745381
14.993239,-8.937764,2.742418
15.719837,-5.900090,2.740770
15.848351,-2.784690,2.746382
15.344212,0.088288,2.747886
14.188162,2.655737,2.752551
13.051638,4.930548,2.741816
11.666974,6.906644,2.735289
10.098203,8.514246,2.739920
8.628073,9.929577,2.740214
7.051749,11.077364,2.736252
5.287439,11.881666,2.745910
3.611733,12.684187,2.751974
1.970598,13.514042,2.741852
0.130333,13.437441,2.744852
-1.616675,12.762142,2.748598
-3.115769,12.078739,2.742692
-4.518486,11.406355,2.737627
-5.738377,10.444609,2.747876
-6.875552,9.529090,2.743738
-8.001271,8.758262,2.733906
-9.234964,7.814276,2.737747
-10.218345,6.608212,2.748596
-11.086752,5.317100,2.748361
-12.018437,3.824849,2.746668
-12.671116,2.110438,2.745899
-13.195958,0.233842,2.740839
-14.376366,-2.212928,2.745860
-14.172705,-4.525400,2.749741
-14.437629,-7.573916,2.739933
-13.887520,-10.692704,2.737926
-12.100411,-13.149189,2.746457
-9.888047,-15.388253,2.749303
-6.710100,-15.370175,-1.499959
-3.880869,-16.474688,-1.512262
-0.960643,-16.895036,-1.509396
2.089692,-16.849059,-1.500970
5.106076,-16.079295,-1.498958
7.782249,-14.616384,-1.499335
10.296418,-12.914689,-1.499076
12.546044,-11.001022,-1.500780
14.278678,-8.512697,-1.501841
15.268814,-5.635612,-1.500544
15.591551,-2.788854,-1.503383
15.231524,0.132906,-1.508819
14.128000,2.658386,-1.499330
13.027168,4.909112,-1.496319
11.581821,6.899124,-1.501333
9.977600,8.437186,-1.505676
8.493404,9.812371,-1.505531
6.889210,10.898532,-1.501886
5.118002,11.652006,-1.504722
3.482961,12.317303,-1.512043
1.850701,12.927415,-1.513847
0.036950,12.733567,-1.504594
-1.597572,12.327887,-1.501284
-3.077370,11.863734,-1.506359
-4.433762,11.281822,-1.509572
-5.890842,10.700551,-1.502981
-7.121112,9.900186,-1.507466
-8.114914,8.803423,-1.508760
-8.989584,7.620714,-1.501427
-9.966635,6.518810,-1.511791
-10.971605,5.201790,-1.504511
-11.811759,3.772160,-1.498427
-12.690982,2.053674,-1.504090
-13.553466,0.112353,-1.501634
-14.061950,-2.129754,-1.499186
-13.853637,-4.413120,-1.508193
-13.676219,-7.033630,-1.509164
-12.633105,-9.383327,-1.507920
-10.869422,-11.380080,-1.506715
-9.012840,-13.480809,-1.500229
-5.943573,-12.824336,-5.749496
-3.549309,-13.883209,-5.752789
-0.975822,-14.403212,-5.751750
1.731457,-14.494846,-5.758782
4.379001,-13.983599,-5.762570
6.855207,-12.879934,-5.753205
9.165561,-11.477149,-5.748068
11.292216,-9.804108,-5.748099
13.088119,-7.667068,-5.756084
14.269671,-5.144507,-5.763479
14.783611,-2.477275,-5.759746
14.659713,0.138902,-5.751423
13.812523,2.701889,-5.756811
12.788643,4.945602,-5.762616
11.489168,6.799084,-5.755564
9.873650,8.425803,-5.748307
8.360008,9.772330,-5.755623
6.716822,10.809657,-5.761123
5.015243,11.557101,-5.763153
3.304691,12.056343,-5.758325
1.623832,12.221863,-5.752590
-0.041090,11.962775,-5.761463
-1.564193,11.793788,-5.762237
-3.035727,11.492001,-5.755913
-4.356996,10.912559,-5.754896
-5.740443,10.502295,-5.757420
-6.958284,9.767304,-5.761121
-7.864377,8.522154,-5.764030
-8.507871,7.339447,-5.761841
-9.436526,6.247570,-5.752296
-10.362283,5.035641,-5.751474
-11.070367,3.694679,-5.751301
-11.930569,2.127885,-5.749531
-12.823964,0.247602,-5.758279
-12.814614,-1.625280,-5.761451
-12.692863,-3.742427,-5.751836
-12.053646,-5.838497,-5.754315
-10.830220,-7.556293,-5.758867
-9.368004,-9.216505,-5.755852
-7.854266,-11.077773,-5.751236
-4.971764,-9.568817,-10.009148
-3.093144,-10.557732,-10.009679
-1.065449,-11.181762,-10.010317
1.117021,-11.391512,-10.010690
3.385515,-11.234868,-10.006924
5.653541,-10.669063,-10.002438
7.717476,-9.557194,-10.005507
9.513470,-8.058283,-10.009564
11.200156,-6.321528,-10.006479
12.497661,-4.292167,-10.000136
13.196473,-2.053089,-9.998077
13.396358,0.355663,-9.999716
13.164809,2.690667,-9.999459
12.379102,4.809565,-10.004300
11.215288,6.767288,-10.003880
9.891063,8.421609,-9.998719
8.410568,9.732241,-10.000931
6.758562,10.799540,-10.009690
5.095296,11.629016,-10.015180
3.256184,11.946694,-10.008584
1.438274,11.632511,-9.998909
-0.157606,11.429641,-10.006328
-1.541070,11.247218,-10.009140
-2.860902,10.833788,-10.007973
-4.056473,10.118247,-10.009561
-5.127644,9.348221,-10.007206
-6.051796,8.520638,-10.009276
-6.886654,7.596585,-10.012249
-7.610981,6.677841,-10.008517
-8.266714,5.708761,-10.003787
-8.878350,4.625243,-10.005434
-9.404754,3.420060,-10.003188
-9.816738,2.167316,-9.999325
-10.121968,0.738293,-10.007788
-10.142487,-0.724092,-10.005166
-9.935598,-2.254004,-10.000499
-9.320425,-3.730303,-10.007628
-8.614870,-5.262733,-10.011840
-7.777485,-6.959128,-10.007314
-6.515429,-8.398113,-10.007356
-3.967308,-6.414386,-14.260073
-2.631596,-7.263213,-14.261799
-1.125968,-7.929528,-14.263059
0.559992,-8.181266,-14.259298
2.399831,-8.330643,-14.252141
4.350202,-8.268406,-14.253351
6.071128,-7.437751,-14.261466
7.489792,-6.081290,-14.253623
8.945455,-4.763646,-14.248880
10.271257,-3.229684,-14.257331
11.139736,-1.405661,-14.263265
11.702423,0.551075,-14.257158
12.146391,2.617288,-14.253474
11.620174,4.715608,-14.249440
10.786740,6.611641,-14.252460
9.806741,8.353405,-14.255104
8.297585,9.723796,-14.249896
6.746680,10.806674,-14.256650
5.162380,11.694982,-14.261192
3.278163,11.964505,-14.259187
1.413374,11.496892,-14.256943
-0.111341,11.421600,-14.255491
-1.578329,11.117961,-14.253613
-2.850314,10.493306,-14.255500
-3.920031,9.704121,-14.259847
-4.696733,8.558501,-14.256070
-5.347802,7.618260,-14.255089
-6.170126,6.912616,-14.254301
-7.036258,6.272930,-14.249297
-7.504382,5.319061,-14.254169
-7.774020,4.262599,-14.255154
-8.028610,3.274121,-14.249827
-8.073748,2.209420,-14.250584
-7.683548,1.201492,-14.259618
-7.591200,0.132969,-14.254898
-7.380807,-0.920041,-14.255120
-6.907136,-1.897255,-14.256065
-6.580075,-3.113630,-14.257242
-6.239771,-4.668010,-14.263979
-5.233367,-5.625970,-14.262495
-3.286762,-4.098404,-18.502131
-2.298609,-4.792161,-18.513694
-1.182802,-5.403241,-18.508341
0.112679,-5.635683,-18.502173
1.526793,-5.917484,-18.507037
3.176502,-6.100460,-18.510570
4.596219,-5.449389,-18.507218
5.622613,-4.357637,-18.510084
6.879631,-3.356419,-18.503560
8.133454,-2.242418,-18.505839
9.131834,-0.780900,-18.507685
9.972225,0.814670,-18.498939
10.837162,2.602385,-18.500218
10.575682,4.524393,-18.505015
10.068095,6.360322,-18.509843
9.387589,8.137994,-18.511431
8.016643,9.486172,-18.506792
6.566664,10.632198,-18.503606
5.030622,11.546948,-18.499777
3.325248,12.038382,-18.498952
1.594179,12.117938,-18.505841
-0.028818,12.141506,-18.513868
-1.578490,11.792591,-18.510216
-2.976719,11.203460,-18.505372
-4.239375,10.521847,-18.509474
-5.198413,9.536873,-18.511627
-6.056552,8.521742,-18.509847
-6.856561,7.612709,-18.506855
-7.528162,6.608348,-18.506488
-7.855432,5.507313,-18.510439
-7.987219,4.356262,-18.507422
-7.996607,3.266813,-18.501007
-7.860748,2.177946,-18.503460
-7.476472,1.213231,-18.512402
-6.740123,0.445136,-18.507901
-6.598749,-0.450736,-18.501157
-6.145167,-1.315711,-18.504061
-5.439668,-1.932870,-18.508521
-4.972123,-2.855968,-18.505077
-4.194859,-3.533812,-18.500060
-2.953764,-2.974079,-22.750166
-2.157476,-3.467192,-22.753420
-1.214394,-3.931801,-22.762000
-0.187527,-4.107003,-22.754250
0.955343,-4.314663,-22.749709
2.269775,-4.390693,-22.756909
3.391963,-3.919890,-22.762045
4.366670,-3.106757,-22.763009
5.445056,-2.342230,-22.752027
6.528880,-1.481634,-22.752057
7.530629,-0.325378,-22.761377
8.448816,1.008612,-22.762217
9.342182,2.606226,-22.752420
9.293916,4.270025,-22.753194
9.047129,5.960423,-22.755815
8.554253,7.657927,-22.757700
7.375615,9.001649,-22.760233
6.098745,10.156328,-22.752198
4.665778,11.053714,-22.747700
3.199180,11.846883,-22.750519
1.724795,12.586277,-22.753632
0.085017,12.785082,-22.754153
-1.559988,12.526143,-22.756641
-3.139870,12.049709,-22.760345
-4.596333,11.535184,-22.762043
-5.958928,10.921820,-22.761942
-7.121626,9.907216,-22.755618
-7.833508,8.535165,-22.753743
-8.182751,7.085065,-22.756132
-8.469181,5.794057,-22.748159
-8.583818,4.524510,-22.755913
-8.402216,3.284082,-22.767507
-8.230255,2.176057,-22.761700
-8.090065,1.132661,-22.749310
-6.869631,0.399761,-22.755642
-6.711626,-0.514872,-22.757607
-6.215022,-1.353770,-22.761062
-5.136897,-1.613841,-22.761973
-4.380527,-2.024358,-22.754827
-3.691967,-2.478591,-22.750950
-2.937776,-2.929128,-27.006095
-2.131231,-3.245555,-26.998317
-1.239805,-3.450363,-27.010211
-0.273070,-3.598398,-27.007036
0.661864,-3.410986,-26.999185
1.586889,-3.108427,-26.998206
2.635839,-2.879644,-27.000806
3.691999,-2.514024,-27.007477
4.645913,-1.832978,-27.013546
5.614667,-0.999982,-27.004321
6.525555,-0.038799,-27.003560
7.272179,1.178650,-27.007824
7.693774,2.544916,-26.998114
7.822038,4.015443,-27.011212
7.711757,5.499957,-27.014015
7.251378,6.947984,-27.007123
6.383079,8.215078,-27.010971
5.312535,9.314047,-27.005976
4.080333,10.204524,-27.003718
2.870658,11.072869,-27.003307
1.542025,12.009349,-26.998602
0.001728,12.306017,-26.999074
-1.553290,12.245989,-27.000943
-3.081765,11.916977,-27.001903
-4.522791,11.393860,-27.000426
-5.988022,10.918887,-26.995526
-7.181688,9.986544,-27.003006
-7.866487,8.547463,-27.005475
-8.163847,7.047574,-26.997399
-8.468791,5.758996,-27.005064
-8.594608,4.537123,-27.002605
-8.394136,3.285897,-27.000240
-8.213699,2.170239,-27.005693
-8.156514,1.102088,-27.006429
-7.299057,0.245889,-27.008262
-6.840953,-0.612522,-27.001027
-6.231304,-1.371259,-27.005185
-5.318957,-1.783738,-27.014740
-4.492612,-2.159370,-27.013397
-3.720325,-2.547701,-27.012074
-3.033379,-3.259500,-31.248321
-2.132869,-3.422717,-31.261611
-1.229352,-3.377542,-31.258332
-0.301428,-3.497453,-31.246899
0.401228,-2.656193,-31.258789
1.036981,-2.099427,-31.254198
2.057544,-2.132423,-31.249649
3.325259,-2.137433,-31.266445
4.155434,-1.468242,-31.257648
4.917729,-0.680003,-31.254951
5.715084,0.198071,-31.261902
6.047928,1.318513,-31.262249
5.827450,2.504286,-31.250667
6.142205,3.712080,-31.247016
5.997774,4.929747,-31.255699
5.502575,6.054569,-31.258634
5.003876,7.170076,-31.255005
4.171993,8.143786,-31.264070
3.201279,8.904590,-31.262579
2.196418,9.724956,-31.252305
1.089690,10.519572,-31.247722
-0.210086,10.629855,-31.248267
-1.523533,10.696651,-31.252353
-2.858469,10.647941,-31.260521
-4.097655,10.140963,-31.264654
-5.289286,9.642464,-31.253719
-6.319884,8.833754,-31.256568
-6.976833,7.721183,-31.263783
-7.379757,6.507008,-31.256366
-7.703702,5.408985,-31.255960
-7.853304,4.279840,-31.260469
-7.779606,3.226019,-31.264169
-7.572832,2.198818,-31.260383
-7.419080,1.256075,-31.248687
-7.449216,0.229888,-31.250310
-6.537073,-0.445719,-31.255814
-5.920109,-1.153033,-31.262784
-5.550752,-2.032377,-31.259724
-4.755379,-2.538964,-31.244006
-3.887833,-2.953835,-31.239713
-2.926026,-2.903623,-35.506245
-2.060259,-2.935986,-35.499031
-1.251874,-2.807704,-35.505030
-0.429835,-2.821226,-35.503347
-0.029831,-1.476916,-35.508972
0.484257,-1.076758,-35.503928
1.390105,-1.247911,-35.499249
2.543986,-1.375030,-35.505538
3.123209,-0.782101,-35.510158
3.670227,-0.076151,-35.510465
4.202337,0.655137,-35.502569
3.929812,1.624587,-35.502296
3.560653,2.469908,-35.510403
4.043528,3.337449,-35.509389
3.633046,4.079463,-35.510337
3.258903,4.832357,-35.511205
3.115144,5.729233,-35.510284
2.577447,6.469580,-35.508739
1.803266,6.928433,-35.506017
1.097509,7.474902,-35.501279
0.365062,8.100760,-35.498282
-0.601183,7.859267,-35.506780
-1.488465,7.871619,-35.511102
-2.423402,8.168835,-35.505935
-3.303868,7.918152,-35.500156
-4.057274,7.395974,-35.503974
-4.718385,6.735119,-35.508639
-5.283995,6.076485,-35.508491
-5.786818,5.416613,-35.510770
-6.135088,4.666523,-35.514547
-6.307475,3.817494,-35.508530
-6.359347,3.026176,-35.498604
-6.274852,2.239174,-35.500286
-5.896880,1.510475,-35.503053
-6.327655,0.606842,-35.505163
-5.631069,0.052738,-35.506265
-4.959500,-0.394598,-35.506506
-5.196744,-1.682516,-35.506658
-4.582202,-2.294522,-35.506965
-3.802790,-2.690726,-35.509156
-1.577660,1.702615,-39.755960
