19.301796,20.580638,43.814756
15.960303,22.636601,43.814755
12.465218,24.420454,43.814755
8.839775,25.920696,43.814755
5.105225,27.124563,43.814756
1.056627,28.057304,43.814756
-3.060792,28.612847,43.814756
-7.444517,28.753834,43.814756
-12.044531,28.356622,43.814756
-16.769803,27.270154,43.814756
-21.464324,25.323681,43.814755
-26.047963,22.207898,43.814755
-29.699821,18.351024,43.814755
-32.664562,13.665407,43.814755
-34.917708,8.351692,43.814755
-36.403535,2.774719,43.814756
-37.214780,-3.404903,43.814756
-37.232280,-9.638534,43.814756
-36.348372,-16.274823,43.814756
-34.369243,-22.913899,43.814756
-31.038379,-29.257081,43.814756
-26.273896,-34.601338,43.814756
-20.338370,-38.611801,43.814756
-13.666316,-41.217255,43.814755
-6.395162,-42.532398,43.814755
0.762796,-42.576233,43.814755
7.611028,-41.532015,43.814756
14.219191,-39.452670,43.814756
20.412031,-36.349004,43.814755
25.823688,-32.403089,43.814755
30.493072,-27.603369,43.814755
34.230908,-22.044991,43.814755
36.688915,-16.055871,43.814755
37.648882,-9.665086,43.814756
36.983323,-3.457429,43.814756
35.080728,2.238203,43.814756
32.477456,7.129139,43.814756
29.373239,11.443967,43.814755
26.099123,15.035941,43.814755
26.772129,20.820024,39.211216
22.757554,24.055806,39.207930
18.457652,26.380510,39.214516
14.270076,27.889374,39.220749
9.893472,29.537158,39.219927
5.793906,31.258013,39.219532
1.175087,31.707199,39.223923
-3.526694,31.593403,39.213313
-8.178725,31.295357,39.204323
-12.998080,30.357904,39.211792
-17.837014,28.620992,39.215371
-22.366710,26.153318,39.219258
-26.318056,22.548398,39.210505
-29.609168,18.260956,39.210401
-32.426943,13.435137,39.219789
-34.381662,8.170296,39.210545
-35.718112,2.696493,39.216597
-35.590637,-3.100106,39.219851
-34.801973,-8.921100,39.213224
-33.690989,-14.874056,39.213274
-31.416061,-20.770080,39.220578
-28.134239,-26.427020,39.207491
-23.996665,-31.243777,39.211044
-18.358442,-34.891367,39.216076
-12.358905,-37.638779,39.214255
-6.108977,-40.161808,39.220906
0.657002,-40.509067,39.222521
7.459340,-40.218702,39.213405
14.133406,-39.161499,39.205035
20.486907,-36.770758,39.206450
26.381885,-32.967810,39.213450
31.259710,-28.257523,39.215500
35.201180,-22.743679,39.216486
38.040185,-16.836964,39.212351
39.652362,-10.493990,39.207228
39.744000,-3.946214,39.209867
38.581127,2.248698,39.215459
36.946366,7.894682,39.215831
34.300276,13.030098,39.214362
30.628792,17.288282,39.213598
28.190710,21.861193,34.620819
23.865553,25.152821,34.608579
19.552390,27.578600,34.610486
14.957703,29.436920,34.620181
10.495223,30.985440,34.625341
5.989245,32.394419,34.625128
1.071678,32.892240,34.614854
-3.661196,32.845166,34.607871
-8.586429,32.362686,34.608504
-13.400888,31.181510,34.609326
-18.204001,29.211401,34.606502
-22.666957,26.524061,34.614478
-26.492662,22.714200,34.624537
-29.672385,18.276666,34.621384
-32.304329,13.554813,34.614187
-34.151728,8.193306,34.618980
-35.365381,2.632329,34.616750
-35.013878,-2.972283,34.619644
-34.031170,-8.583853,34.624609
-32.760812,-14.565399,34.624136
-30.560270,-20.050041,34.618199
-27.359641,-25.558190,34.607818
-23.222450,-30.434858,34.616811
-18.065554,-34.113338,34.615810
-12.125384,-37.101720,34.603757
-6.007229,-39.533118,34.609515
0.561781,-40.220771,34.616187
7.427254,-40.130746,34.612697
14.191159,-39.166483,34.618241
20.653402,-36.893709,34.622628
26.494414,-33.316410,34.611909
31.518533,-28.662241,34.613419
35.589233,-23.163685,34.618032
38.721291,-17.064498,34.611001
40.615811,-10.739015,34.610761
41.111140,-4.142877,34.622557
40.394495,2.186524,34.609700
38.776874,8.127850,34.606543
35.999603,13.564943,34.615866
32.231979,18.136258,34.623336
28.605312,22.176656,30.020844
24.132020,25.303668,30.016542
19.643970,27.971940,30.005953
15.370299,30.047656,30.005445
10.617588,31.530629,30.015494
5.926874,32.264850,30.016397
1.222578,32.918730,30.006271
-3.752825,33.123904,30.006500
-8.704058,32.526859,30.013911
-13.513868,31.216970,30.015493
-18.327852,29.194253,30.016503
-22.773465,26.436925,30.018888
-26.525983,22.825866,30.012073
-29.789356,18.424341,30.004109
-32.393005,13.640998,30.003637
-34.197991,8.233025,30.004952
-35.288578,2.627284,30.011756
-35.137148,-3.041875,30.009651
-34.294153,-8.697984,30.013088
-32.993894,-14.473323,30.020659
-30.738711,-20.224098,30.016549
-27.522104,-25.773135,30.020412
-23.343799,-30.619928,30.011313
-18.382431,-34.711525,30.011465
-12.556029,-37.870856,30.016099
-5.941156,-39.822637,30.008096
0.628262,-40.851501,30.020236
7.501283,-40.670704,30.014774
14.257632,-39.292116,30.012454
20.678755,-36.818370,30.012518
26.543234,-33.206088,30.005217
31.603777,-28.532916,30.018547
35.564520,-23.199087,30.017531
38.743635,-17.079782,30.007570
40.733916,-10.746299,30.011199
41.408999,-4.126298,30.021915
40.849948,2.263972,30.013710
39.092934,8.174265,30.008961
36.230721,13.671900,30.012693
32.596895,18.418755,30.018430
28.485403,22.096359,25.403633
23.957227,25.155427,25.419425
19.727073,27.802262,25.413263
15.327606,30.213394,25.405421
10.543430,31.561866,25.412114
5.785671,31.785145,25.416327
1.090340,32.540841,25.423055
-3.645407,32.860876,25.412066
-8.602610,32.181797,25.410936
-13.185693,30.911005,25.422890
-18.043684,28.968849,25.407791
-22.532582,26.280834,25.415687
-26.663872,22.691193,25.415167
-30.075513,18.414218,25.404693
-32.660808,13.592124,25.408969
-34.461579,8.174437,25.420159
-35.415207,2.788127,25.414396
-35.666454,-3.153232,25.412778
-35.078448,-9.068418,25.416024
-33.685767,-14.849058,25.414479
-31.356520,-20.834332,25.412775
-28.101188,-26.380630,25.418886
-23.871422,-31.167104,25.424062
-18.884794,-35.705310,25.424782
-12.731367,-39.083706,25.422656
-6.143234,-40.387318,25.419251
0.646480,-41.660088,25.413489
7.494084,-41.272873,25.409369
14.160670,-39.361822,25.417777
20.455310,-36.566421,25.417949
26.285644,-32.878588,25.404748
31.329598,-28.168643,25.418093
35.256996,-22.792152,25.418836
38.257028,-16.836711,25.419136
40.149723,-10.705719,25.420346
40.879196,-4.079827,25.409259
40.367295,2.094337,25.404015
38.424573,8.189281,25.414018
35.663517,13.523489,25.415582
32.356452,18.248662,25.404785
28.087170,21.797228,20.805895
23.728813,25.052635,20.806762
19.530320,27.714428,20.805651
15.333998,29.945467,20.805858
10.586186,31.359030,20.811564
5.857107,31.673542,20.819530
1.152754,32.244680,20.821836
-3.568830,32.360311,20.822973
-8.260536,31.662358,20.823176
-13.065725,30.387635,20.821249
-17.718605,28.633789,20.821336
-22.247002,26.073398,20.823163
-26.582126,22.748077,20.821394
-30.176977,18.682447,20.817971
-32.926195,13.690026,20.811999
-34.786034,8.322921,20.805904
-35.720534,2.726506,20.819243
-36.302618,-3.184740,20.817517
-35.956105,-9.300639,20.815614
-34.420737,-15.283245,20.821067
-32.089112,-21.230849,20.815993
-28.673856,-26.923363,20.821907
-24.260345,-31.825013,20.817657
-19.085287,-36.476874,20.819577
-13.128950,-39.644760,20.825104
-6.303043,-40.815026,20.820675
0.720943,-41.950783,20.825402
7.518140,-41.303255,20.810660
14.050164,-39.067262,20.806378
20.193946,-36.018694,20.809527
25.920628,-32.231808,20.804867
30.709165,-27.641659,20.820205
34.566338,-22.246597,20.825526
37.325866,-16.476722,20.823336
39.087973,-10.330498,20.816021
39.742104,-3.967862,20.806724
39.147172,2.169707,20.814192
37.237905,7.999796,20.815045
34.686782,13.136835,20.809993
31.724040,17.767588,20.806790
27.596797,21.406766,16.216072
23.967472,25.077980,16.213346
19.602042,27.772210,16.213970
15.021278,29.576188,16.216431
10.596238,31.112852,16.216824
5.876206,32.485143,16.215749
1.215109,32.499846,16.221087
-3.449165,31.900802,16.220903
-8.057604,31.150352,16.217118
-12.844506,30.031242,16.217129
-17.682724,28.272279,16.216043
-22.204906,25.826927,16.213094
-26.620311,22.710161,16.220910
-30.438676,18.631319,16.222099
-33.221841,13.723662,16.211501
-35.143505,8.449984,16.213755
-36.108617,2.692086,16.222253
-36.802589,-3.381059,16.221308
-36.497759,-9.414124,16.220677
-34.820533,-15.538968,16.222883
-32.419470,-21.374447,16.218440
-28.951120,-26.933389,16.217027
-24.415204,-31.985590,16.211963
-19.035178,-36.134676,16.209903
-12.924634,-39.072331,16.216531
-6.086970,-40.703659,16.219475
0.688414,-41.138745,16.208172
7.418428,-40.275105,16.215394
13.879818,-38.195449,16.216439
19.750622,-35.275614,16.211660
25.326388,-31.410834,16.218550
29.812806,-26.958297,16.218312
33.561936,-21.576701,16.208757
36.130669,-15.810114,16.208314
37.690367,-9.676716,16.213797
38.193949,-3.615899,16.210437
37.486494,2.194682,16.205885
35.761707,7.786046,16.212253
33.503459,12.674476,16.218992
30.724558,17.291730,16.219106
26.840539,21.107316,11.607717
23.722460,24.827035,11.606324
19.504538,27.541060,11.613959
14.672500,29.136282,11.623869
10.340468,30.681756,11.622643
5.900413,32.599216,11.611720
1.140026,32.385748,11.606811
-3.427471,31.462808,11.617553
-7.945124,30.749082,11.623410
-12.681259,29.803829,11.614129
-17.451190,28.121876,11.612967
-22.151037,25.711594,11.617701
-26.552753,22.749722,11.613431
-30.548167,18.655374,11.610513
-33.390230,13.898960,11.612155
-35.459528,8.539843,11.607685
-36.489861,2.664734,11.619576
-37.055128,-3.312114,11.622637
-36.610828,-9.464766,11.617308
-34.855404,-15.447925,11.611747
-32.223741,-21.312686,11.605018
-28.665162,-26.663591,11.609034
-24.140816,-31.630066,11.614062
-18.558144,-35.128168,11.608696
-12.356938,-37.759979,11.607954
-6.086619,-39.890551,11.621868
0.572529,-39.695694,11.625176
7.200229,-38.703565,11.620552
13.397566,-37.047992,11.614307
19.424824,-34.178739,11.615067
24.440629,-30.520553,11.619252
28.908144,-25.886775,11.613076
32.372517,-20.724318,11.617395
34.728162,-14.997059,11.617923
36.032276,-9.145168,11.614506
36.417979,-3.418553,11.618606
35.616753,2.269675,11.620087
34.227721,7.384500,11.611505
32.263711,12.269521,11.604721
29.702909,16.885779,11.606127
25.890334,20.391894,7.016819
22.341815,23.449708,7.017878
18.586281,26.300076,7.015673
14.479801,28.526361,7.012293
9.909749,29.646436,7.013395
5.472469,30.153075,7.017919
1.057977,30.903985,7.019467
-3.382933,30.993503,7.022775
-7.842053,30.460224,7.024042
-12.668204,29.585870,7.020333
-17.313916,27.969569,7.017899
-21.933721,25.716920,7.008904
-26.596666,22.624031,7.002430
-30.520611,18.665312,7.013055
-33.505743,13.924141,7.024351
-35.669528,8.532024,7.016963
-36.767912,2.605577,7.022602
-37.072725,-3.436036,7.020800
-36.375444,-9.413556,7.020275
-34.478672,-15.391003,7.020765
-31.682305,-20.984467,7.008927
-28.066830,-26.079912,7.008311
-23.531662,-30.782455,7.013174
-17.982221,-33.974153,7.018563
-11.914687,-36.435629,7.020403
-5.855428,-38.593847,7.019338
0.616604,-38.313745,7.022931
7.055183,-37.301032,7.019742
13.089156,-35.717592,7.016624
18.739568,-33.014851,7.010555
23.715126,-29.214490,7.005529
27.792122,-24.766456,7.019197
31.065976,-19.683584,7.019323
33.148777,-14.276609,7.016497
34.291067,-8.558547,7.012455
34.575662,-3.209993,7.004487
33.764871,2.315779,7.009508
32.608493,7.320207,7.016977
31.079656,12.027303,7.019579
28.876567,16.492282,7.018085
24.420149,19.340727,2.417031
20.836738,22.146907,2.421431
17.388998,24.761197,2.424720
13.728356,27.124401,2.421864
9.601510,28.398878,2.414226
5.265204,28.620152,2.412778
1.096821,29.773320,2.419484
-3.368655,30.548789,2.422913
-7.936524,30.251484,2.421597
-12.605222,29.329238,2.418289
-17.121304,27.795149,2.411810
-21.836560,25.591645,2.413276
-26.346118,22.586942,2.421243
-30.340691,18.611094,2.423831
-33.448507,13.903998,2.415558
-35.675690,8.489545,2.405348
-36.818222,2.745938,2.407804
-36.838156,-3.320040,2.419379
-35.848680,-9.316969,2.419341
-33.899475,-15.059197,2.414452
-30.983446,-20.386109,2.419491
-27.202587,-25.405781,2.414254
-22.617465,-29.730376,2.422618
-17.223853,-32.901837,2.415375
-11.580742,-35.223102,2.407253
-5.566252,-36.981039,2.423160
0.721892,-37.035187,2.420418
6.731108,-36.090532,2.409897
12.546993,-34.367313,2.407216
17.979880,-31.661213,2.412015
22.751179,-27.904273,2.414250
26.606917,-23.501921,2.412088
29.593723,-18.708249,2.415614
31.567483,-13.446843,2.412714
32.588706,-8.105689,2.404458
32.844237,-2.916718,2.407086
32.171333,2.237941,2.421838
31.330838,6.937211,2.419040
29.850895,11.707978,2.410986
27.594728,15.730350,2.412028
23.021545,18.365007,-2.182499
20.267271,21.597149,-2.177105
16.730784,23.733291,-2.175131
12.874948,25.487866,-2.182248
9.225842,27.588409,-2.190060
5.339556,29.212675,-2.187381
1.186585,29.755115,-2.189459
-3.241422,30.110927,-2.181805
-7.835366,30.031338,-2.175257
-12.360738,28.975677,-2.178748
-16.957910,27.481162,-2.175003
-21.560761,25.403479,-2.189607
-26.080023,22.331903,-2.187641
-29.962024,18.465406,-2.180077
-33.163630,13.780645,-2.182962
-35.352876,8.535325,-2.175630
-36.570783,2.757164,-2.186720
-36.326293,-3.313863,-2.190442
-35.117670,-9.107001,-2.182704
-33.148226,-14.636584,-2.183643
-30.056206,-19.906076,-2.195942
-26.398787,-24.530986,-2.194587
-21.802718,-28.514597,-2.180025
-16.819190,-31.707944,-2.174803
-11.226341,-34.071065,-2.179481
-5.224168,-35.253013,-2.181375
0.656005,-35.699759,-2.184974
6.666724,-34.776202,-2.187695
12.236089,-32.799911,-2.189800
17.225212,-30.098983,-2.192432
21.653051,-26.536880,-2.190403
25.347383,-22.223030,-2.180223
28.181896,-17.538563,-2.182941
30.071636,-12.638416,-2.182351
31.128595,-7.476303,-2.176577
31.400244,-2.650699,-2.179121
31.014947,2.161330,-2.187967
30.392225,6.796871,-2.189353
28.742884,11.223635,-2.186829
25.982300,14.925396,-2.185502
23.159694,18.456233,-6.780329
20.479640,21.585450,-6.780938
16.969020,24.004821,-6.780335
13.065996,25.849122,-6.778393
9.412520,27.731437,-6.778013
5.467598,29.479463,-6.782207
1.212264,29.549502,-6.785733
-3.121379,29.531877,-6.784061
-7.593066,29.436954,-6.779917
-12.004589,28.419826,-6.782284
-16.702697,26.983972,-6.793907
-21.194662,24.978114,-6.795582
-25.568013,21.948837,-6.784182
-29.344956,18.173059,-6.783643
-32.497033,13.638744,-6.790420
-34.709574,8.340729,-6.780806
-35.911889,2.710398,-6.791195
-35.552155,-3.186371,-6.786582
-34.245892,-8.807236,-6.773914
-32.290810,-14.175550,-6.780675
-29.246261,-19.289880,-6.794344
-25.620807,-23.748925,-6.777736
-21.048227,-27.491529,-6.774886
-16.202452,-30.673611,-6.785981
-10.763904,-32.870495,-6.794126
-5.032564,-33.569216,-6.793251
0.686260,-34.120737,-6.783559
6.327465,-33.264742,-6.780163
11.689706,-31.147670,-6.787875
16.464066,-28.368997,-6.792887
20.595313,-25.003059,-6.786756
24.063256,-20.957262,-6.780184
26.711577,-16.578175,-6.781089
28.764826,-11.872100,-6.778580
29.961972,-7.118170,-6.781365
30.393408,-2.418962,-6.789715
30.505742,2.292525,-6.779911
29.811213,6.749161,-6.775066
28.101970,11.124614,-6.776841
25.753678,14.965649,-6.778844
23.742671,18.844292,-11.385401
20.327850,21.527431,-11.390953
17.249946,24.409327,-11.385565
13.606434,27.010217,-11.383527
9.494812,27.985878,-11.391615
5.153420,28.370268,-11.390367
1.195162,28.587024,-11.387070
-2.974940,28.647447,-11.384698
-7.325742,28.335739,-11.379273
-11.626930,27.578228,-11.376735
-16.209273,26.281692,-11.386727
-20.555312,24.323227,-11.383920
-24.777810,21.367147,-11.390155
-28.423490,17.698430,-11.390083
-31.467057,13.297232,-11.376121
-33.620312,8.169501,-11.381121
-34.793569,2.718496,-11.385482
-34.477490,-2.999757,-11.385634
-33.202244,-8.437282,-11.381453
-31.313046,-13.646338,-11.380831
-28.440789,-18.642134,-11.387152
-24.766475,-23.083572,-11.384426
-20.451065,-26.540952,-11.391290
-15.706662,-29.547060,-11.388189
-10.377154,-31.518244,-11.382070
-4.801338,-31.956341,-11.388973
0.753468,-32.243113,-11.383915
6.015165,-31.341715,-11.391614
10.992711,-29.303399,-11.389772
15.579347,-26.543628,-11.386419
19.432824,-23.413831,-11.392468
22.720110,-19.691114,-11.380412
25.251726,-15.440101,-11.375481
27.307182,-11.110475,-11.382509
28.613251,-6.776522,-11.390870
29.211028,-2.231491,-11.391074
29.756261,2.326717,-11.382525
28.757078,6.688004,-11.384711
27.349258,10.763506,-11.387941
25.992178,15.053871,-11.385498
21.013987,16.917773,-15.989679
18.294815,19.439223,-15.987749
15.527448,22.237324,-15.985137
12.462425,24.596338,-15.987124
8.686994,25.717477,-15.986359
4.812736,26.190500,-15.979076
1.193794,27.109639,-15.989033
-2.845401,27.356983,-15.988360
-6.759216,26.931595,-15.978011
-11.003951,26.475663,-15.980582
-15.505934,25.293124,-15.991475
-19.729786,23.336160,-15.989800
-23.684042,20.548757,-15.979631
-27.197651,16.953153,-15.983093
-30.001862,12.783490,-15.995788
-32.128851,7.821563,-15.993311
-33.209929,2.714332,-15.992489
-33.051089,-2.668716,-15.988778
-31.902679,-7.953813,-15.978212
-30.095816,-13.035577,-15.977780
-27.447402,-17.951209,-15.994049
-24.013968,-22.121518,-15.993193
-19.689387,-25.633862,-15.993036
-14.987243,-28.348255,-15.995919
-9.870104,-29.948569,-15.992221
-4.461469,-30.257456,-15.981931
0.746719,-30.072977,-15.977172
5.656147,-29.037049,-15.982232
10.308659,-27.122464,-15.989973
14.459309,-24.642401,-15.992924
18.248328,-21.627476,-15.988407
21.361913,-18.162694,-15.982038
23.488041,-14.251926,-15.989768
25.127120,-10.073267,-15.988464
26.191560,-5.950222,-15.980564
26.609044,-1.867191,-15.984745
26.682295,2.238498,-15.992790
25.775933,6.188744,-15.986674
24.481578,9.957419,-15.981121
23.135486,13.498582,-15.984971
17.041612,13.931656,-20.590281
15.492284,16.848742,-20.585843
13.033774,18.804463,-20.587553
10.301049,20.329541,-20.590087
7.526788,22.297679,-20.585372
4.487169,23.863747,-20.580557
1.166764,25.337169,-20.582063
-2.502993,25.718939,-20.591835
-6.288585,25.374733,-20.590470
-10.366141,25.065076,-20.574621
-14.511178,24.004255,-20.575641
-18.534771,22.110081,-20.576743
-22.167764,19.540944,-20.581367
-25.481495,16.093994,-20.583724
-28.117870,12.088557,-20.579121
-30.135033,7.559674,-20.578333
-31.142098,2.705718,-20.577760
-31.151090,-2.432998,-20.581429
-30.172607,-7.457146,-20.589997
-28.482895,-12.313415,-20.592764
-26.138583,-17.059239,-20.585060
-22.895327,-21.031888,-20.583631
-18.809757,-24.433192,-20.585124
-14.256340,-26.770298,-20.581449
-9.103529,-28.064398,-20.581843
-4.152155,-28.281668,-20.592285
0.754874,-27.572457,-20.594603
5.378161,-26.322030,-20.583431
9.500178,-24.659493,-20.587013
13.356962,-22.456242,-20.593524
16.873754,-19.728299,-20.583494
19.763455,-16.570379,-20.577880
21.648021,-12.742689,-20.585777
22.674723,-8.766180,-20.593767
23.277336,-5.039620,-20.592272
23.381472,-1.291190,-20.587135
22.566115,2.374742,-20.587795
21.897849,5.587704,-20.583213
20.683164,8.694327,-20.581745
18.813447,11.338185,-20.587364
16.083038,13.301200,-25.180726
14.492320,15.865328,-25.179864
12.170960,17.634600,-25.176901
9.531386,19.079289,-25.178268
7.052386,20.719268,-25.187161
4.291046,22.206063,-25.194425
1.033362,23.360473,-25.189030
-2.220267,23.806283,-25.191362
-5.835544,23.762379,-25.190579
-9.571920,23.351037,-25.178354
-13.354487,22.314240,-25.185557
-16.905990,20.652964,-25.184772
-20.369024,18.205934,-25.187054
-23.360650,15.005148,-25.193610
-25.746302,11.304636,-25.189584
-27.631066,7.167710,-25.178659
-28.501338,2.713856,-25.178442
-28.664484,-2.013533,-25.181244
-27.873351,-6.778380,-25.189836
-26.340963,-11.252769,-25.191952
-24.310884,-15.657122,-25.180695
-21.275266,-19.445357,-25.187250
-17.553422,-22.638923,-25.180829
-13.024371,-24.663672,-25.182230
-8.358322,-25.580240,-25.192610
-3.683433,-25.779830,-25.192243
0.741304,-24.718485,-25.191455
4.920419,-23.348631,-25.194470
8.720538,-21.877000,-25.189611
12.175065,-20.033675,-25.183176
15.303577,-17.661313,-25.184864
17.964600,-14.776525,-25.187251
19.659009,-11.415076,-25.180233
20.501366,-7.752889,-25.179049
20.949777,-4.150125,-25.179076
20.933453,-0.874892,-25.177662
19.969249,2.272131,-25.189835
19.328608,5.189404,-25.190248
18.624521,8.054177,-25.184395
17.438821,10.771757,-25.181604
15.698906,13.051225,-29.783329
13.809789,15.126818,-29.787625
11.610784,16.903715,-29.787646
9.227336,18.379622,-29.781960
6.677981,19.582924,-29.782672
3.911569,20.625443,-29.793031
1.149805,21.108575,-29.788733
-1.922302,21.573259,-29.785455
-5.130951,21.809437,-29.787945
-8.478461,21.284874,-29.786577
-11.850232,20.288633,-29.787328
-15.168000,18.749773,-29.779318
-18.263083,16.541262,-29.782204
-20.842485,13.757883,-29.783145
-22.950986,10.421046,-29.778412
-24.505962,6.648974,-29.792727
-25.159493,2.630355,-29.788682
-25.330084,-1.606685,-29.790193
-24.742731,-5.763006,-29.788928
-23.298616,-9.747605,-29.779581
-21.312281,-13.465704,-29.781850
-18.596100,-16.872801,-29.791766
-15.354026,-19.624359,-29.787654
-11.377845,-21.302487,-29.786049
-7.186360,-22.085757,-29.790380
-3.135046,-22.288581,-29.789383
0.840809,-21.354426,-29.786187
4.457392,-20.176145,-29.779951
7.751312,-18.950990,-29.787209
10.889284,-17.365053,-29.790388
13.706366,-15.255939,-29.781336
15.982915,-12.759920,-29.782243
17.690120,-9.839964,-29.777546
18.684315,-6.769712,-29.778442
19.250007,-3.569002,-29.789773
19.378964,-0.625389,-29.793735
18.872063,2.284688,-29.780601
18.341465,5.042934,-29.785392
17.797801,7.830600,-29.792657
17.038504,10.436008,-29.788194
14.509953,12.196373,-34.377625
12.467335,13.879116,-34.375849
10.605040,15.443319,-34.379565
8.420010,16.901035,-34.381442
6.019011,17.769923,-34.377092
3.570119,18.433671,-34.379359
1.047742,18.596378,-34.393068
-1.583984,18.972454,-34.389859
-4.440730,19.283233,-34.382812
-7.189121,18.772870,-34.391963
-10.068864,17.874255,-34.383510
-12.924687,16.569644,-34.377318
-15.589925,14.700755,-34.386934
-17.938076,12.252770,-34.396128
-19.736858,9.257851,-34.393416
-20.627680,5.990959,-34.391265
-20.945092,2.623417,-34.383082
-20.959048,-0.868336,-34.383295
-20.526845,-4.372832,-34.386417
-19.065338,-7.643833,-34.386450
-16.773393,-10.315597,-34.388455
-14.633264,-12.936798,-34.386791
-11.872594,-15.064822,-34.381330
-8.781042,-16.474223,-34.385087
-5.636066,-17.303470,-34.391993
-2.387985,-17.619028,-34.390053
0.867540,-17.449556,-34.382332
3.926980,-16.758159,-34.378975
6.776284,-15.757158,-34.387303
9.378950,-14.478126,-34.394727
11.798913,-12.680166,-34.388552
13.752055,-10.538587,-34.378061
15.536078,-8.253197,-34.383250
16.925867,-5.845801,-34.380732
17.767297,-3.206774,-34.374347
18.156118,-0.451542,-34.381597
18.380937,2.321118,-34.393458
18.028299,5.054963,-34.392548
17.227865,7.636251,-34.385705
16.093835,10.088460,-34.380970
12.443454,10.695236,-38.977721
10.573743,11.931993,-38.993319
8.941920,13.338106,-38.986966
7.208089,14.546250,-38.975866
5.227442,15.145565,-38.979922
3.122002,15.569745,-38.982048
1.080194,15.622127,-38.983406
-1.052029,15.845971,-38.980010
-3.366551,16.093967,-38.981847
-5.680490,15.675150,-38.993558
-7.996862,14.919853,-38.987702
-10.313684,13.873702,-38.981191
-12.543939,12.340065,-38.981432
-14.470463,10.472429,-38.985152
-15.846814,8.054973,-38.986002
-15.812907,5.210959,-38.982561
-15.705492,2.567726,-38.990776
-15.532316,-0.038475,-38.985743
-15.110853,-2.674215,-38.980423
-14.041659,-5.033300,-38.983408
-12.236132,-6.975696,-38.980918
-10.589783,-8.912028,-38.984009
-8.455182,-10.413724,-38.989262
-6.287496,-11.588066,-38.991987
-4.015206,-12.392155,-38.987714
-1.589599,-12.740246,-38.981401
0.826180,-13.050606,-38.983367
3.261182,-12.899426,-38.982109
5.588445,-12.185018,-38.981918
7.777855,-11.086236,-38.983415
9.634358,-9.676568,-38.984577
11.200502,-7.934177,-38.985556
12.890924,-6.326472,-38.984526
14.512042,-4.602676,-38.990639
15.561725,-2.440298,-38.990380
16.104185,-0.044762,-38.981083
16.788608,2.308136,-38.986924
16.578776,4.790502,-38.985637
15.569239,7.084227,-38.976707
14.218175,9.032579,-38.971457
9.223492,8.355322,-43.579763
7.790934,9.166224,-43.588067
6.642231,10.138220,-43.585254
5.384244,11.048849,-43.582887
3.987303,11.443679,-43.588468
2.498240,11.671806,-43.584763
0.999531,11.754663,-43.583653
-0.436702,11.809831,-43.581582
-2.009482,11.834723,-43.580694
-3.638287,11.626821,-43.589968
-5.265126,11.110868,-43.589702
-6.909612,10.395774,-43.586601
-8.492554,9.394840,-43.586843
-9.936910,8.119306,-43.586629
-10.936760,6.413206,-43.582509
-9.863309,4.254711,-43.581395
-9.457692,2.514509,-43.586536
-9.233559,0.889845,-43.588320
-8.802123,-0.693973,-43.586674
-8.335098,-2.199294,-43.586080
-7.672937,-3.772826,-43.584547
-6.584972,-5.006283,-43.579899
-5.226176,-5.923303,-43.584994
-3.809861,-6.774909,-43.586368
-2.285894,-7.335117,-43.583833
-0.722530,-7.561483,-43.584549
0.885529,-7.894571,-43.584794
2.592253,-8.155858,-43.582617
4.204222,-7.693297,-43.580796
5.665940,-6.878817,-43.582636
6.929531,-5.859873,-43.584440
7.972852,-4.678597,-43.584498
9.276170,-3.691759,-43.589077
10.715936,-2.599326,-43.588185
11.733865,-1.106452,-43.581086
12.387253,0.575989,-43.579015
13.104170,2.361204,-43.586054
12.903090,4.227943,-43.586324
11.946670,5.955125,-43.580689
10.678093,7.318176,-43.576847
0.597586,2.166062,-48.185245
15.867354,14.632577,43.814755
13.619606,16.291617,43.814755
11.206051,17.698831,43.814755
8.664108,18.857755,43.814755
5.889642,19.810130,43.814755
3.172630,20.461540,43.814755
0.127491,20.877471,43.814755
-2.945316,20.953348,43.814755
-6.279813,20.599511,43.814755
-9.650878,19.669260,43.814755
-12.751117,18.056514,43.814755
-15.464647,15.632571,43.814755
-17.496084,12.617182,43.814755
-18.861336,9.247468,43.814755
-19.627692,5.695131,43.814755
-19.860601,2.208699,43.814755
-19.626358,-1.417208,43.814755
-18.934784,-4.984053,43.814755
-17.800545,-8.436250,43.814755
-16.226207,-11.711335,43.814755
-14.128540,-14.848975,43.814755
-11.487937,-17.737301,43.814755
-8.428647,-20.179569,43.814755
-5.012643,-22.092098,43.814755
-1.173484,-23.400660,43.814755
2.848843,-23.905743,43.814755
6.893958,-23.598103,43.814755
10.804380,-22.526152,43.814755
14.433566,-20.716322,43.814755
17.494001,-18.274099,43.814755
19.977022,-15.246944,43.814755
21.816818,-11.791940,43.814755
22.949785,-8.339169,43.814755
23.538587,-4.753940,43.814755
23.606285,-1.401020,43.814755
23.216975,1.929572,43.814755
22.456087,4.907093,43.814755
21.299265,7.756062,43.814755
19.738130,10.416680,43.814755
19.093723,13.462824,39.621639
16.659168,15.451232,39.615128
13.971282,16.972474,39.618002
11.360173,18.111641,39.623372
8.674750,19.017683,39.619314
5.894551,19.595634,39.616015
3.080171,19.959516,39.613821
0.249730,20.192506,39.606596
-2.726501,20.145561,39.613562
-5.773570,19.660574,39.622919
-9.012157,18.860927,39.616771
-11.775447,16.905697,39.611700
-13.622913,14.178014,39.618517
-15.869770,11.828788,39.613750
-17.608439,8.815673,39.608379
-18.537359,5.518386,39.607959
-18.931644,2.183171,39.612714
-18.779971,-1.323163,39.621855
-18.490288,-4.891032,39.624592
-17.216731,-8.066385,39.618360
-14.962141,-10.824342,39.608789
-12.867001,-13.641804,39.605300
-10.460630,-16.233287,39.613164
-7.333206,-18.063554,39.619705
-3.955249,-19.090054,39.616398
-0.614862,-20.192238,39.613499
2.819769,-20.921048,39.611978
6.468146,-21.005418,39.608029
10.236539,-20.591169,39.606324
13.961139,-19.816702,39.617914
17.295496,-17.821164,39.617295
19.884151,-15.002926,39.609541
21.760254,-11.885920,39.609057
23.022424,-8.312514,39.612068
23.759075,-4.877843,39.607279
24.052113,-1.496859,39.611820
23.501539,1.832848,39.619145
23.131669,5.042112,39.616871
23.242195,8.365071,39.612694
21.451173,11.311507,39.618677
19.015458,13.424852,35.411122
16.552846,15.301997,35.414489
13.824823,16.646235,35.412225
11.055029,17.630989,35.414244
8.478852,18.288665,35.416664
5.705581,18.653134,35.413900
3.182905,18.825679,35.415742
0.387073,18.947369,35.421211
-2.274718,18.839747,35.413763
-5.139261,18.345179,35.411516
-8.224373,17.654025,35.412986
-10.703047,15.865033,35.414100
-12.427487,13.446377,35.411989
-15.002614,11.324664,35.406417
-16.931529,8.649340,35.415710
-18.082220,5.472842,35.416935
-18.653573,2.079458,35.411237
-18.613775,-1.248113,35.421768
-18.348957,-4.738905,35.420756
-17.281982,-8.118176,35.411398
-15.337227,-11.178009,35.409173
-13.258014,-14.110569,35.415093
-10.752551,-16.702238,35.419980
-7.699112,-18.582873,35.420564
-4.167483,-19.812038,35.419441
-0.695229,-20.757402,35.420404
2.862325,-21.246470,35.421064
6.459832,-21.167435,35.414382
10.142834,-20.572804,35.406558
13.715618,-19.480071,35.416728
17.030505,-17.512223,35.414086
19.676332,-14.863233,35.408955
21.634840,-11.694363,35.412277
22.856808,-8.309222,35.411937
23.671041,-4.809134,35.411993
23.982609,-1.480585,35.411076
23.389644,1.926106,35.415599
22.997718,5.081158,35.416849
23.053255,8.361319,35.408190
21.411287,11.198987,35.407235
18.067319,12.734258,31.220970
15.712751,14.459617,31.222350
13.062206,15.664288,31.215691
10.521662,16.421283,31.214265
7.921386,16.923465,31.219499
5.550208,17.173044,31.219890
3.169776,17.294452,31.214218
0.652018,17.342014,31.208007
-1.860876,17.240637,31.207639
-4.477636,16.879678,31.217784
-7.254240,16.341173,31.219931
-9.751066,14.971687,31.216674
-11.939617,13.003283,31.214443
-14.640661,11.084780,31.210709
-16.735655,8.544435,31.217020
-18.089745,5.485577,31.223470
-18.826970,2.127921,31.218551
-18.910209,-1.319488,31.207853
-18.460857,-4.865369,31.215575
-17.729782,-8.376883,31.219134
-16.531997,-12.021589,31.207406
-14.489128,-15.284007,31.206733
-11.810115,-18.030046,31.212609
-8.666223,-20.502030,31.216061
-5.075823,-22.470572,31.215253
-1.168673,-23.204385,31.215900
2.820907,-23.162262,31.216160
6.759115,-22.590439,31.210172
10.409161,-21.400609,31.207190
13.702805,-19.432556,31.221591
16.744583,-17.278745,31.217197
19.476825,-14.599617,31.209323
21.315728,-11.519499,31.217051
22.519210,-8.150409,31.222659
23.278511,-4.790113,31.214101
23.510546,-1.348205,31.214299
23.025296,1.919327,31.214677
22.280078,4.878314,31.210447
21.460706,7.810268,31.212557
20.010880,10.516100,31.216915
16.548235,11.770221,27.010667
14.396739,13.252127,27.006102
12.112762,14.278918,27.020355
9.704623,14.896222,27.012339
7.368728,15.263157,27.012516
5.287310,15.532804,27.012346
3.063574,15.699189,27.009334
0.964163,15.747620,27.015010
-1.396895,15.730423,27.014256
-3.752476,15.564164,27.016871
-6.351643,15.158781,27.015177
-9.087682,14.269305,27.014102
-11.793283,12.905168,27.016333
-14.536356,11.101645,27.014235
-16.840753,8.586526,27.010351
-18.420135,5.552341,27.014226
-19.313972,2.114962,27.020706
-19.499845,-1.431090,27.016170
-18.931904,-4.915808,27.011959
-18.195043,-8.668451,27.011094
-17.286413,-12.483515,27.010581
-15.190107,-15.978310,27.008437
-12.371433,-18.915508,27.008698
-9.242893,-21.559324,27.012399
-5.538497,-23.768709,27.016417
-1.395856,-24.467358,27.015093
2.819057,-24.239607,27.008768
6.816102,-23.432367,27.009130
10.562678,-21.861138,27.018085
13.769731,-19.366374,27.021027
16.613127,-17.010835,27.018322
19.123948,-14.352647,27.010103
20.916031,-11.131198,27.007332
22.006574,-7.898143,27.015386
22.663064,-4.543810,27.008736
22.751536,-1.277282,27.013112
22.367924,1.877962,27.013840
21.262416,4.790879,27.005938
19.539811,7.292934,27.010156
18.185497,9.593481,27.013079
15.058666,10.671727,22.807210
13.151886,11.940186,22.810731
11.060118,12.922118,22.810400
8.959030,13.447209,22.809175
6.940608,13.792953,22.807407
5.059756,14.165479,22.813481
3.034244,14.430074,22.811857
1.118980,14.537854,22.805749
-1.051815,14.642167,22.814182
-3.352808,14.624597,22.820229
-5.887509,14.328335,22.811579
-8.679738,13.887543,22.804379
-11.862193,12.984307,22.810047
-14.689074,11.215131,22.818115
-17.131832,8.748547,22.819158
-18.944291,5.674208,22.820038
-19.989796,2.100163,22.824432
-20.254587,-1.478085,22.824074
-19.637999,-5.250599,22.815871
-18.542168,-8.810380,22.817055
-17.066601,-12.343039,22.822522
-14.898305,-15.663214,22.808178
-12.192516,-18.567385,22.808829
-8.924717,-21.036407,22.816972
-5.226211,-22.792552,22.816248
-1.220270,-23.644157,22.819067
2.875295,-23.654035,22.820889
6.778399,-22.923250,22.817574
10.456158,-21.445332,22.811456
13.637647,-19.305801,22.809852
16.502859,-16.738582,22.816594
18.725527,-13.941021,22.814939
20.348006,-10.744396,22.808975
21.361623,-7.444325,22.816922
21.834137,-4.275839,22.817100
21.787978,-1.099918,22.814475
21.401374,1.860472,22.811756
20.229965,4.631772,22.814872
18.188198,6.785226,22.823193
16.624351,8.848670,22.815268
13.836379,9.785265,18.607947
12.065164,10.954767,18.608068
10.284425,11.879711,18.621294
8.379742,12.484728,18.617732
6.678704,12.909421,18.606630
4.869635,13.412007,18.610488
3.030916,13.777270,18.609225
1.164842,13.991736,18.609172
-0.829122,14.180271,18.620449
-3.081065,14.251382,18.618935
-5.569691,14.048972,18.621672
-8.588477,13.816020,18.621049
-12.117583,13.128420,18.612012
-15.021770,11.367359,18.610487
-17.656084,8.827323,18.614295
-19.585087,5.772396,18.619139
-20.734045,2.179514,18.622029
-21.068661,-1.691000,18.623194
-20.508062,-5.413852,18.626243
-19.009825,-8.988130,18.617542
-16.883400,-12.241862,18.605662
-14.565915,-15.350037,18.618191
-11.872717,-18.171252,18.622933
-8.516351,-20.314156,18.619880
-4.835502,-21.594654,18.617984
-1.066430,-22.539835,18.609069
2.802802,-22.799873,18.604524
6.634241,-22.178749,18.609179
10.280636,-20.831905,18.614864
13.585685,-19.023735,18.612464
16.276405,-16.428192,18.616165
18.198210,-13.474400,18.615125
19.642785,-10.285162,18.610567
20.537271,-7.024665,18.618845
20.839075,-3.904871,18.618872
20.671162,-0.920100,18.621381
20.245400,1.835205,18.620687
19.158416,4.453123,18.615948
17.113260,6.512196,18.619553
15.458927,8.248608,18.614774
13.010977,9.203563,14.410881
11.386259,10.343803,14.419578
9.778769,11.282969,14.423963
8.209997,12.029986,14.412314
6.586163,12.646703,14.406375
4.822687,13.245493,14.412388
3.144780,13.692771,14.420902
1.189002,14.038429,14.418731
-0.907391,14.286242,14.409741
-3.139672,14.386688,14.415215
-5.733447,14.207929,14.412299
-8.855104,13.996193,14.409126
-12.361770,13.346685,14.412438
-15.372075,11.581403,14.410203
-18.129022,9.029982,14.410525
-20.245023,5.837714,14.418677
-21.478385,2.174265,14.423720
-21.858969,-1.784149,14.412965
-21.278478,-5.730825,14.408367
-19.658408,-9.344856,14.410008
-17.301826,-12.557243,14.409183
-14.747287,-15.594489,14.406580
-11.932069,-18.249188,14.408842
-8.507703,-20.212904,14.415778
-4.691421,-21.373080,14.420162
-0.945049,-22.268539,14.415706
2.897314,-22.501757,14.410108
6.679137,-21.815210,14.415418
10.156072,-20.452254,14.423418
13.330578,-18.707807,14.412738
15.858052,-16.021902,14.407926
17.593609,-12.830186,14.414964
18.850438,-9.596656,14.418363
19.564358,-6.573771,14.413459
19.714650,-3.597639,14.417882
19.446368,-0.759842,14.412383
18.939647,1.939666,14.410972
18.038355,4.235967,14.423304
16.348547,6.231962,14.421348
14.630810,7.861961,14.412882
12.485197,8.848608,10.210545
11.120796,9.917654,10.211649
9.586598,10.956058,10.219145
8.158064,11.935656,10.212790
6.631066,12.744838,10.216004
4.898524,13.410883,10.214603
3.131108,13.972994,10.206927
1.083466,14.439114,10.212528
-1.003806,14.703661,10.222750
-3.350719,14.818884,10.218986
-6.057667,14.634258,10.215189
-9.154620,14.323250,10.218360
-12.633382,13.555576,10.222052
-15.743100,11.750740,10.218300
-18.600687,9.154116,10.217725
-20.810397,5.889793,10.221385
-22.108099,2.133630,10.223001
-22.503930,-1.810496,10.217776
-21.923823,-5.857335,10.206907
-20.305735,-9.737491,10.211995
-17.968432,-13.091508,10.223740
-15.277089,-15.992527,10.211426
-12.100351,-18.567443,10.214652
-8.625214,-20.445231,10.218475
-4.852951,-21.664049,10.207917
-0.962489,-22.400637,10.210342
2.877660,-22.425278,10.218268
6.614199,-21.599094,10.222201
10.005797,-20.071057,10.219410
13.016664,-18.085166,10.212664
15.344631,-15.233396,10.206880
16.826341,-12.075872,10.207618
17.876604,-8.910786,10.210549
18.467251,-5.998329,10.209113
18.492443,-3.159964,10.215697
18.144653,-0.456335,10.213206
17.602699,1.953749,10.210905
16.838739,4.046649,10.220538
15.628757,6.059937,10.222111
14.148252,7.538119,10.216187
12.266612,8.569339,6.004039
10.891007,9.801253,6.016702
9.537915,10.851661,6.010446
8.249392,11.985911,6.018278
6.732509,13.016285,6.021651
4.922538,13.775726,6.017705
3.071280,14.424696,6.013439
1.064121,14.969598,6.006345
-1.247681,15.273857,6.007465
-3.696857,15.374774,6.019057
-6.380927,15.179889,6.014539
-9.542802,14.688317,6.004357
-12.826233,13.725231,6.008578
-16.005281,11.867852,6.018818
-18.846600,9.315911,6.014278
-21.133683,5.990776,6.010014
-22.479994,2.160860,6.016455
-22.876585,-1.873422,6.017419
-22.274664,-5.994107,6.015459
-20.803635,-9.909163,6.017606
-18.572911,-13.428208,6.023311
-15.595415,-16.350324,6.023316
-12.248503,-18.622804,6.014521
-8.637744,-20.464049,6.012336
-4.937215,-21.757229,6.017786
-1.045495,-22.242720,6.011529
2.880712,-21.979997,6.017785
6.541958,-20.979750,6.019827
9.803480,-19.265011,6.009477
12.534938,-16.973840,6.015927
14.591572,-14.081844,6.017359
15.908551,-11.037449,6.016495
16.759412,-8.093896,6.020809
17.247215,-5.311769,6.019934
17.208180,-2.747887,6.021636
16.860045,-0.311000,6.022091
16.296688,1.939569,6.019300
15.613153,3.912070,6.018210
14.996792,5.776397,6.015543
13.716956,7.366989,6.005904
12.076679,8.461791,1.813920
10.841955,9.772113,1.819131
9.599025,10.879242,1.823960
8.326616,12.136391,1.816226
6.824645,13.306494,1.807871
4.980622,14.145711,1.810063
3.079514,14.852808,1.810217
0.915300,15.502328,1.805366
-1.332383,15.808850,1.806166
-3.952914,15.898343,1.809963
-6.805312,15.672442,1.808631
-9.829476,14.993620,1.807898
-12.935110,13.762910,1.813238
-16.102820,11.855859,1.820208
-18.930324,9.282772,1.823878
-21.132925,6.021203,1.815326
-22.464015,2.182521,1.807152
-22.821117,-1.861836,1.820387
-22.236745,-5.994127,1.816618
-20.785987,-9.920047,1.810614
-18.482904,-13.399845,1.815937
-15.334593,-16.149732,1.811322
-11.796737,-18.119464,1.813653
-8.167620,-19.675961,1.818418
-4.524539,-20.782525,1.817265
-0.834423,-20.952142,1.815931
2.837248,-20.435569,1.818794
6.247968,-19.350145,1.816788
9.250774,-17.628827,1.809413
11.622901,-15.282922,1.813231
13.431493,-12.604813,1.815314
14.712858,-9.788770,1.816326
15.458706,-7.148829,1.822229
15.878257,-4.674268,1.823741
15.871926,-2.299845,1.816869
15.580241,-0.045536,1.812589
15.095029,1.917428,1.813605
14.470129,3.719085,1.812876
14.203150,5.610823,1.821608
13.360122,7.131306,1.819417
11.937093,8.402090,-2.385014
10.906430,9.753545,-2.387938
9.648563,11.041123,-2.383256
8.336075,12.279174,-2.387665
6.823581,13.458871,-2.388480
5.010135,14.358141,-2.391794
3.114210,15.093290,-2.388609
0.971588,15.782149,-2.376092
-1.483850,16.150044,-2.377310
-4.074565,16.209011,-2.386703
-7.007642,15.962159,-2.393010
-9.910244,15.106320,-2.387800
-12.731483,13.656952,-2.379373
-15.798326,11.754707,-2.382827
-18.595936,9.137769,-2.388118
-20.671702,5.897090,-2.390154
-21.886596,2.140668,-2.389148
-22.138038,-1.799311,-2.385200
-21.587240,-5.845510,-2.382425
-20.039484,-9.580424,-2.383413
-17.549491,-12.668158,-2.386547
-14.327122,-15.152688,-2.387097
-10.853967,-16.745448,-2.381514
-7.277341,-17.836486,-2.382836
-3.845053,-18.471809,-2.392218
-0.354646,-18.320675,-2.392209
2.843586,-17.616971,-2.390298
5.812114,-16.520154,-2.386340
8.437193,-14.969187,-2.379375
10.458453,-12.862466,-2.380256
12.018597,-10.628677,-2.380837
13.249702,-8.354553,-2.381243
13.995450,-6.106437,-2.385509
14.413543,-3.885658,-2.380621
14.513093,-1.863310,-2.380456
14.381589,0.165998,-2.385193
14.032604,1.934250,-2.384471
13.469808,3.531557,-2.385128
13.315284,5.326025,-2.379960
12.837117,6.931132,-2.380100
11.783628,8.340741,-6.585159
10.928161,9.752212,-6.584938
9.790730,11.112851,-6.580072
8.270063,12.178735,-6.582495
6.713299,13.216759,-6.579015
4.999483,14.178418,-6.580555
3.069754,14.951846,-6.589024
0.990436,15.602036,-6.588045
-1.461671,16.027190,-6.578446
-4.052666,16.065446,-6.578163
-6.867652,15.811685,-6.583658
-9.665056,14.809510,-6.587141
-12.249602,13.220788,-6.586082
-15.135705,11.379333,-6.584505
-17.623781,8.894061,-6.586956
-19.469371,5.734644,-6.586651
-20.496315,2.149910,-6.585304
-20.598328,-1.583980,-6.590583
-20.024028,-5.313402,-6.586043
-18.410547,-8.756615,-6.580048
-15.815068,-11.488389,-6.579372
-12.714591,-13.588340,-6.577414
-9.418217,-14.811929,-6.584557
-6.026374,-15.385910,-6.592595
-2.811902,-15.456629,-6.591017
0.165195,-15.009178,-6.583480
2.938410,-14.148651,-6.581208
5.311713,-13.087813,-6.585357
7.361915,-11.851089,-6.588461
9.140674,-10.129138,-6.583719
10.509173,-8.418812,-6.579461
11.655026,-6.817556,-6.580710
12.489070,-5.030667,-6.581470
12.953358,-3.113900,-6.577387
13.173116,-1.363648,-6.581598
13.273848,0.293927,-6.590732
13.109999,1.946464,-6.586686
12.628337,3.427794,-6.592560
12.390486,4.958161,-6.591826
12.231087,6.638293,-6.587272
11.370681,7.978989,-10.784611
10.599563,9.538441,-10.786226
9.595886,10.915250,-10.778527
8.037955,11.681762,-10.783727
6.469984,12.502863,-10.792973
4.892009,13.500355,-10.784533
3.088601,14.233239,-10.779635
1.106381,14.779655,-10.784603
-1.164651,15.252075,-10.785583
-3.676497,15.316319,-10.788585
-6.392909,15.056235,-10.789557
-8.855492,14.060696,-10.791126
-11.224519,12.527562,-10.789121
-13.973489,10.781516,-10.779828
-16.119480,8.353969,-10.787141
-17.578472,5.400130,-10.791725
-18.342479,2.148755,-10.786750
-18.286877,-1.206181,-10.787180
-17.574150,-4.502763,-10.788238
-16.000927,-7.552174,-10.784745
-13.649507,-9.965018,-10.783983
-10.865959,-11.670617,-10.791976
-7.748025,-12.640502,-10.784279
-4.680661,-12.820574,-10.777482
-1.819069,-12.419748,-10.784651
0.710610,-11.768195,-10.786679
2.959575,-10.889649,-10.783515
4.854070,-9.886536,-10.783481
6.428081,-8.881016,-10.790150
7.824975,-7.661308,-10.789740
9.044647,-6.377208,-10.782622
10.162038,-5.256288,-10.781095
11.077753,-3.962041,-10.779372
11.601937,-2.471680,-10.786509
11.919204,-0.920239,-10.792044
12.260227,0.433324,-10.780061
12.310424,1.923267,-10.785326
11.947267,3.365326,-10.788760
11.559796,4.707899,-10.789648
11.458639,6.211893,-10.787944
10.187002,7.143420,-14.979637
9.556666,8.460174,-14.979284
8.684633,9.739640,-14.981881
7.534851,10.773258,-14.984288
6.168789,11.496951,-14.985966
4.728419,12.429762,-14.980271
3.082426,13.068794,-14.979935
1.241080,13.485831,-14.983679
-0.811307,13.948450,-14.986086
-3.012363,14.048334,-14.990099
-5.463083,13.800828,-14.984185
-7.677534,12.858586,-14.987975
-9.935830,11.497631,-14.991055
-12.346845,9.993997,-14.978475
-14.122882,7.687056,-14.982559
-15.232908,5.021396,-14.983761
-15.776628,2.153827,-14.982349
-15.581732,-0.859871,-14.990825
-14.716162,-3.658418,-14.986118
-13.353937,-6.181406,-14.983337
-11.410709,-8.367076,-14.987282
-8.951732,-9.815013,-14.984318
-6.262090,-10.574233,-14.979227
-3.508872,-10.580303,-14.983103
-0.971809,-9.962795,-14.991413
1.129876,-9.288361,-14.984118
2.921941,-8.528859,-14.980342
4.471248,-7.629030,-14.986834
5.815546,-6.704664,-14.985976
6.935119,-5.762426,-14.982293
7.930984,-4.801187,-14.982644
8.934182,-3.974423,-14.984509
9.868028,-3.058998,-14.986693
10.488930,-1.917186,-14.988199
10.851506,-0.580639,-14.986994
11.370575,0.614667,-14.983535
11.598985,1.974484,-14.987997
11.407634,3.266437,-14.988798
10.942439,4.481793,-14.986895
10.526133,5.800158,-14.983584
8.933453,6.273593,-19.182506
8.346256,7.246425,-19.180957
7.629513,8.306724,-19.192773
7.031588,9.707353,-19.192302
5.832766,10.395370,-19.191175
4.553273,11.197108,-19.189112
3.092037,11.679285,-19.191984
1.467218,11.983902,-19.189465
-0.269838,12.334839,-19.185713
-2.265887,12.461678,-19.190707
-4.319035,12.185918,-19.191515
-6.277561,11.372019,-19.186679
-8.332118,10.320105,-19.180851
-10.419167,8.989981,-19.179356
-11.857775,6.960198,-19.182676
-12.783530,4.614587,-19.181798
-13.213197,2.094208,-19.183190
-13.003448,-0.397763,-19.190451
-12.157970,-2.808907,-19.188524
-11.000107,-5.048132,-19.187437
-9.514764,-6.940389,-19.187853
-7.397174,-8.263131,-19.183480
-5.050576,-8.973800,-19.189106
-2.716026,-9.040406,-19.190005
-0.485422,-8.549229,-19.179061
1.359557,-7.976695,-19.182307
2.939052,-7.335706,-19.185621
4.303228,-6.562763,-19.178951
5.456509,-5.725505,-19.176827
6.433678,-4.895797,-19.180110
7.327000,-4.078215,-19.182734
8.206621,-3.250174,-19.183354
9.007109,-2.433529,-19.187600
9.704137,-1.445631,-19.193508
10.097765,-0.377363,-19.183167
10.633195,0.711804,-19.179323
10.966416,1.936615,-19.190215
10.935297,3.227818,-19.192277
10.541601,4.365936,-19.188300
9.749290,5.380272,-19.185611
8.643602,6.033747,-23.382906
7.980200,6.877214,-23.391913
7.226699,7.731833,-23.379504
6.560695,8.813530,-23.375848
5.475117,9.453943,-23.387632
4.334189,10.004068,-23.378443
3.056575,10.370159,-23.387963
1.731561,10.488200,-23.395183
0.285475,10.669271,-23.386638
-1.414152,10.772190,-23.380437
-3.036999,10.455589,-23.389968
-4.704066,9.857910,-23.392570
-6.566213,9.024905,-23.384917
-8.285409,7.858076,-23.380926
-9.578657,6.207318,-23.387863
-10.492333,4.241780,-23.383624
-10.923450,2.071059,-23.380512
-10.804767,-0.085365,-23.387943
-10.213686,-2.219169,-23.389479
-9.319303,-4.195247,-23.387450
-8.048608,-5.925567,-23.384697
-6.298701,-7.193010,-23.382569
-4.341005,-7.946648,-23.387299
-2.272259,-8.268961,-23.391254
-0.369709,-8.214175,-23.388527
1.362470,-7.846959,-23.388043
2.970320,-7.246560,-23.387430
4.319208,-6.537085,-23.382988
5.469400,-5.657470,-23.377584
6.431974,-4.827186,-23.375522
7.376923,-4.067292,-23.378164
8.096323,-3.125961,-23.382127
8.637820,-2.112909,-23.380390
9.218268,-1.206848,-23.375720
9.730836,-0.262433,-23.386870
10.164109,0.796344,-23.385315
10.394168,1.969776,-23.375224
10.522037,3.113499,-23.380184
10.257084,4.330858,-23.381782
9.482633,5.263765,-23.378287
8.766607,6.096585,-27.592422
8.007685,6.913283,-27.588005
7.125677,7.604746,-27.593778
6.145143,8.014019,-27.585785
5.220825,8.633708,-27.591227
4.172608,8.856782,-27.588042
3.054503,9.187711,-27.591978
1.940692,9.034477,-27.587834
0.768461,9.146936,-27.582870
-0.560087,9.089928,-27.587513
-1.824631,8.779635,-27.593284
-3.273697,8.363049,-27.590347
-4.682343,7.684373,-27.585050
-6.063400,6.709053,-27.583413
-7.314440,5.426741,-27.587456
-8.192375,3.857758,-27.592140
-8.615932,2.058813,-27.586572
-8.608072,0.260178,-27.578505
-8.283088,-1.563404,-27.584412
-7.558795,-3.320780,-27.590525
-6.474728,-4.828612,-27.588336
-5.121073,-6.014337,-27.582263
-3.481324,-6.836968,-27.580729
-1.812297,-7.374542,-27.582201
-0.217937,-7.721527,-27.582026
1.431179,-7.584924,-27.581417
2.939383,-7.075258,-27.581518
4.310212,-6.422279,-27.583580
5.417780,-5.596301,-27.589367
6.405119,-4.754949,-27.591142
7.360146,-4.034733,-27.584572
8.007278,-3.038239,-27.587167
8.345071,-1.947342,-27.591021
8.803429,-0.987037,-27.580549
9.412215,-0.104760,-27.577970
9.756466,0.883409,-27.574220
9.809465,1.956865,-27.583497
10.023344,3.059915,-27.587547
9.982367,4.196940,-27.582190
9.429970,5.201954,-27.591123
8.579604,5.959876,-31.784106
7.807740,6.736356,-31.783812
6.885312,7.276615,-31.790018
5.760124,7.347868,-31.791035
4.933917,7.797429,-31.780728
3.996663,7.871707,-31.788279
3.034247,7.950059,-31.782824
2.126879,7.722729,-31.776061
1.200769,7.724731,-31.777295
0.254303,7.486332,-31.781505
-0.754688,7.283969,-31.789637
-1.833838,6.915548,-31.795878
-2.808084,6.272155,-31.794576
-3.845922,5.555554,-31.790435
-4.872145,4.627545,-31.789842
-5.590486,3.423898,-31.792206
-5.902892,2.071529,-31.783499
-5.909341,0.668737,-31.779022
-5.693623,-0.756233,-31.790528
-5.137465,-2.071380,-31.789613
-4.292724,-3.251354,-31.786026
-3.302850,-4.235555,-31.793864
-2.138584,-4.970473,-31.788259
-0.903267,-5.533494,-31.778821
0.366959,-6.016857,-31.784821
1.681002,-6.091999,-31.789528
2.958350,-5.760252,-31.789516
4.125235,-5.275996,-31.792663
5.127907,-4.635284,-31.789252
5.987683,-3.925799,-31.782724
6.809705,-3.285123,-31.787440
7.456245,-2.475413,-31.788385
7.772768,-1.496299,-31.779612
8.098402,-0.620108,-31.784333
8.620818,0.152214,-31.792317
9.045030,1.004188,-31.784019
9.092160,1.945588,-31.780199
9.274638,2.945061,-31.786307
9.411240,4.015358,-31.781069
9.060843,5.010047,-31.791334
7.796097,5.434779,-35.988144
7.135036,6.083131,-35.987766
6.273810,6.428084,-35.993947
5.348930,6.502121,-35.984450
4.527420,6.585941,-35.984110
3.786055,6.696197,-35.991447
3.036322,6.389028,-35.979664
2.373074,6.234384,-35.984698
1.728045,6.009055,-35.988530
1.042835,5.909556,-35.988636
0.390843,5.674161,-35.985482
-0.165462,5.208465,-35.981810
-0.775444,4.773232,-35.982390
-1.443820,4.310853,-35.986413
-2.036505,3.687991,-35.990419
-2.399253,2.898179,-35.992648
-2.480003,2.019754,-35.992670
-2.439086,1.159861,-35.991702
-2.271717,0.337355,-35.988455
-1.883795,-0.444533,-35.982176
-1.378134,-1.136126,-35.982620
-0.805847,-1.761322,-35.990945
-0.144966,-2.274841,-35.991720
0.591448,-2.697417,-35.983368
1.331039,-3.066551,-35.976933
2.136439,-3.287470,-35.978716
2.979208,-3.225616,-35.988295
3.772112,-2.989934,-35.989199
4.479986,-2.662630,-35.980364
5.126105,-2.236271,-35.976558
5.713625,-1.766708,-35.980773
6.254391,-1.285957,-35.987196
6.661999,-0.674515,-35.985432
6.907392,-0.031395,-35.981315
7.217110,0.614526,-35.990198
7.658668,1.221980,-35.993226
7.924847,1.981784,-35.991108
8.092250,2.778293,-35.986302
8.278662,3.663378,-35.979768
8.119059,4.576212,-35.982640
4.544988,3.359290,-40.185245
