20.178083,22.507693,32.385015
16.701311,25.047431,32.385015
13.031668,26.901498,32.385015
8.944507,28.254973,32.385015
4.905631,29.017167,32.385015
0.805197,29.292784,32.385014
-3.300158,29.109030,32.385015
-7.554271,28.449838,32.385015
-11.714306,27.339636,32.385015
-15.911678,25.714081,32.385015
-20.057775,23.507120,32.385015
-24.017516,20.629126,32.385015
-27.544451,16.957648,32.385015
-30.328179,12.463663,32.385014
-32.075354,7.471859,32.385014
-32.809577,2.235861,32.385014
-32.579639,-3.240635,32.385015
-31.483012,-8.412053,32.385015
-29.505489,-13.524555,32.385015
-26.719015,-18.245314,32.385015
-23.019553,-22.553441,32.385015
-18.713051,-25.945223,32.385015
-13.837302,-28.451771,32.385015
-8.596644,-30.063276,32.385015
-3.367242,-30.827414,32.385015
2.112557,-30.838730,32.385015
7.347266,-30.110162,32.385015
12.424256,-28.642136,32.385015
17.040994,-26.497902,32.385015
21.375212,-23.470889,32.385015
24.993721,-19.614731,32.385015
27.600923,-15.244450,32.385015
29.268497,-10.641144,32.385014
30.175925,-5.832762,32.385014
30.377434,-0.944179,32.385014
29.973843,3.539669,32.385014
29.022316,7.936584,32.385014
27.591410,12.007411,32.385014
25.640643,15.868988,32.385015
23.338777,19.542115,28.987690
20.090331,22.374807,28.982240
16.637538,25.026269,28.982767
13.094268,27.061092,28.985964
9.001696,28.596515,28.982553
4.959242,29.263617,28.978209
0.862181,28.703355,28.985651
-3.242809,28.934766,28.982891
-7.757227,28.953244,28.977945
-11.943925,27.810244,28.983586
-15.975616,25.770386,28.989434
-19.657185,23.151364,28.980346
-23.322977,20.178180,28.979645
-26.903648,16.540644,28.983630
-29.818832,12.337078,28.983953
-31.963866,7.482637,28.985139
-33.052158,2.285263,28.988743
-33.118390,-3.216856,28.988276
-32.255239,-8.659631,28.988968
-30.382186,-14.037747,28.986588
-27.469451,-18.942244,28.977316
-23.711175,-23.234700,28.983526
-19.156204,-26.656514,28.988705
-14.197425,-29.049647,28.983555
-8.724526,-30.654281,28.977979
-3.266787,-31.359745,28.983708
2.029860,-31.132329,28.991024
7.287594,-30.384387,28.988674
12.432744,-29.084201,28.984845
17.264367,-26.894819,28.989291
21.501163,-23.693673,28.992789
24.996788,-19.688664,28.982141
27.403182,-15.191878,28.981745
28.912387,-10.296137,28.983885
29.531632,-5.627203,28.984101
29.350288,-0.912118,28.991541
28.688456,3.563803,28.985568
27.710065,7.750929,28.984614
26.681554,11.820289,28.988730
25.450627,15.862136,28.990237
22.725207,19.073124,25.580113
19.419114,21.829405,25.581282
16.167196,24.418316,25.591435
12.684566,26.523865,25.586674
8.984121,28.016861,25.579543
4.963994,28.727535,25.587443
0.903140,27.913655,25.588673
-3.158522,28.326971,25.581915
-7.669125,28.596460,25.582869
-11.851076,27.429576,25.583276
-15.645866,25.369351,25.579338
-19.233497,22.629410,25.590477
-22.692222,19.723228,25.590906
-26.192613,16.288667,25.581608
-29.319530,12.246892,25.577742
-31.781396,7.551432,25.584577
-33.197737,2.234877,25.591204
-33.506184,-3.252608,25.584005
-32.862694,-8.925426,25.578620
-31.080025,-14.526731,25.579851
-28.173866,-19.434616,25.576722
-24.325619,-23.906532,25.579351
-19.781449,-27.326844,25.585458
-14.448413,-29.842399,25.586196
-8.964599,-31.391382,25.585909
-3.504034,-32.043760,25.590909
2.171584,-31.667669,25.584059
7.409651,-30.831146,25.583482
12.739444,-29.460447,25.586444
17.533817,-27.213197,25.584954
21.653073,-23.865746,25.585481
25.012501,-19.746980,25.588057
27.316080,-14.990314,25.588755
28.604305,-10.231773,25.587735
29.050769,-5.356645,25.585238
28.571617,-0.861731,25.581703
27.654401,3.565911,25.582481
26.598295,7.524618,25.589281
25.673117,11.424511,25.591984
24.689516,15.354522,25.586769
21.543633,18.167040,22.191455
18.459597,20.839115,22.181378
15.404161,23.302245,22.181487
12.123380,25.325909,22.188828
8.479442,26.859971,22.190837
4.686127,27.553566,22.185837
0.819839,26.951466,22.183057
-3.030433,27.397040,22.185659
-7.301807,27.565674,22.186104
-11.276923,26.478551,22.181151
-15.114047,24.579300,22.177000
-18.619826,22.112078,22.178742
-22.090564,19.273285,22.177882
-25.633035,15.932868,22.185378
-28.906452,12.059682,22.189943
-31.570121,7.520962,22.179256
-33.199722,2.307772,22.181716
-33.732533,-3.316237,22.178986
-33.281627,-9.166351,22.183970
-31.661750,-14.765982,22.192853
-28.736039,-19.842514,22.184951
-24.878886,-24.508050,22.180797
-20.261006,-28.077495,22.179435
-14.792337,-30.667549,22.185475
-9.343905,-32.184762,22.192068
-3.530242,-32.820665,22.186405
2.099382,-32.374355,22.181892
7.470703,-31.400445,22.184467
12.736413,-29.936941,22.186096
17.636283,-27.554668,22.181496
21.783237,-23.996682,22.180605
25.001623,-19.814447,22.191883
27.170864,-15.040718,22.185293
28.390866,-10.096233,22.183484
28.681802,-5.249266,22.191656
27.932045,-0.625770,22.184966
26.841702,3.525878,22.189728
25.616809,7.408305,22.187104
24.580499,11.029373,22.185122
23.421715,14.849677,22.190561
19.996738,16.979410,18.788090
17.358544,19.506001,18.779729
14.495443,21.806667,18.777885
11.388683,23.700771,18.786378
8.004290,25.158890,18.789787
4.457123,25.967964,18.782314
0.794871,25.894877,18.781601
-2.855718,26.223717,18.782050
-6.677446,26.088529,18.785139
-10.433168,25.126376,18.790705
-14.375340,23.597985,18.790375
-18.042192,21.473526,18.779135
-21.565529,18.789617,18.780338
-25.002416,15.700059,18.786201
-28.387688,12.007491,18.785618
-31.292764,7.464049,18.782526
-33.103930,2.176096,18.784574
-33.780490,-3.365424,18.781254
-33.512750,-9.158704,18.779960
-32.019557,-14.918987,18.781733
-29.144140,-20.166113,18.781140
-25.468921,-24.888503,18.790542
-20.702140,-28.773125,18.793839
-15.332122,-31.410101,18.792889
-9.580217,-33.018951,18.788844
-3.637674,-33.610332,18.777127
2.116699,-33.123257,18.777519
7.587198,-31.995913,18.779690
12.916822,-30.297117,18.786719
17.846183,-27.691331,18.789467
21.856586,-24.075108,18.777433
25.039751,-19.706510,18.789877
27.078082,-14.941020,18.786276
28.203782,-10.034927,18.778649
28.384988,-5.240649,18.785122
27.479799,-0.701779,18.786285
26.175823,3.535493,18.780023
24.843461,7.135561,18.786355
23.497182,10.569285,18.794878
21.988113,13.945659,18.794601
18.193999,15.834403,15.386116
15.996162,18.203944,15.378881
13.462270,20.198823,15.379990
10.497270,21.914314,15.380017
7.532834,23.190033,15.378369
4.253140,24.163721,15.379184
0.887670,24.771172,15.376761
-2.535048,24.899672,15.382717
-6.099496,24.377647,15.382456
-9.617274,23.545324,15.378555
-13.474210,22.533466,15.380330
-17.315228,20.874895,15.378417
-20.925427,18.419789,15.386766
-24.404458,15.462760,15.390169
-27.979913,11.783047,15.387356
-30.942820,7.362402,15.390304
-32.827980,2.179414,15.385935
-33.625008,-3.273933,15.384765
-33.475452,-9.180194,15.383021
-32.139297,-14.902921,15.379482
-29.408452,-20.348083,15.379164
-25.825073,-25.277432,15.376610
-21.087521,-29.368738,15.385429
-15.665976,-32.151113,15.391528
-9.808339,-33.792281,15.387306
-3.750191,-34.342172,15.385833
2.119878,-33.845323,15.385907
7.675300,-32.567354,15.388084
13.023961,-30.575838,15.383672
17.789496,-27.816485,15.378757
21.839280,-24.071722,15.387411
24.910036,-19.714352,15.388895
26.951204,-14.814432,15.386995
28.013721,-9.964337,15.391129
28.086656,-5.041659,15.390799
27.052211,-0.592033,15.380351
25.636170,3.543982,15.387858
24.150418,7.041399,15.392128
22.415515,10.202239,15.391740
20.351794,13.165279,15.390847
16.638938,14.635771,11.990110
14.734434,16.963071,11.991990
12.340836,18.735027,11.987936
9.676144,20.165503,11.981206
6.930286,21.327724,11.984914
4.097253,22.349142,11.991574
0.957075,23.624131,11.979613
-2.372997,23.513611,11.987592
-5.510001,22.735353,11.994555
-8.796006,22.074024,11.990247
-12.692736,21.451375,11.985312
-16.636909,20.221696,11.986269
-20.330672,18.013504,11.988359
-23.855014,15.193119,11.987542
-27.457773,11.637653,11.984873
-30.448208,7.318350,11.983806
-32.373621,2.227735,11.984371
-33.264812,-3.333127,11.988139
-33.154195,-9.153385,11.985843
-31.940157,-14.835910,11.984606
-29.431204,-20.500987,11.992908
-25.939910,-25.622918,11.985052
-21.378064,-29.803718,11.979411
-15.930007,-32.760096,11.986697
-9.968354,-34.438822,11.992665
-3.797645,-34.949889,11.985276
2.186396,-34.453079,11.983438
7.822810,-33.021949,11.980481
13.141953,-30.671581,11.985410
17.697547,-27.693432,11.990697
21.793222,-23.832767,11.979497
24.756949,-19.491465,11.982409
26.749289,-14.637757,11.986168
27.775773,-9.850559,11.988795
27.781134,-4.987583,11.987519
26.640325,-0.432180,11.977771
25.226038,3.441247,11.980875
23.536524,7.015173,11.989178
21.429816,9.852428,11.992302
18.861318,12.326554,11.990533
15.493593,13.748451,8.590539
13.760092,15.926418,8.584544
11.499060,17.480114,8.587920
8.993540,18.736412,8.584030
6.447558,19.783257,8.582064
3.864492,20.830136,8.589534
0.961171,22.518742,8.582510
-2.073903,22.229411,8.586907
-5.000157,21.410230,8.590680
-8.260152,20.934600,8.586259
-11.947454,20.523785,8.584078
-15.913326,19.590334,8.591932
-19.678049,17.638069,8.584488
-23.387444,14.851124,8.581891
-26.844649,11.511324,8.590908
-29.825608,7.274424,8.591160
-31.745397,2.264426,8.584601
-32.667441,-3.219038,8.588210
-32.544801,-8.943405,8.589907
-31.446000,-14.581143,8.586607
-29.344074,-20.310991,8.591067
-25.987356,-25.632746,8.593438
-21.485776,-30.040217,8.584558
-16.033684,-33.175204,8.581904
-9.974483,-34.883614,8.588803
-3.885648,-35.343971,8.589038
2.203487,-34.869211,8.587771
7.917620,-33.306340,8.586924
13.000157,-30.668349,8.583945
17.601896,-27.229260,8.580729
21.499813,-23.546651,8.581825
24.409657,-19.264609,8.582016
26.404883,-14.480955,8.580179
27.458952,-9.587246,8.586170
27.424437,-4.971207,8.592943
26.299306,-0.480872,8.587239
24.808865,3.498427,8.584553
23.112168,6.812841,8.583002
20.526638,9.655559,8.585985
17.674635,11.747016,8.591565
15.059227,13.403865,5.178787
13.146557,15.352074,5.179104
10.994665,16.671817,5.187282
8.525186,17.868915,5.189409
6.174517,18.797433,5.187583
3.644962,19.845532,5.188617
0.987096,21.469831,5.182836
-1.993053,21.131100,5.177572
-4.723053,20.593524,5.180995
-7.960496,20.348024,5.186157
-11.384481,19.848786,5.185517
-15.281911,18.953955,5.187311
-19.072362,17.213530,5.182924
-22.794717,14.593040,5.184883
-26.196170,11.310502,5.187215
-29.104071,7.136590,5.178029
-30.957708,2.204205,5.180511
-31.829844,-3.010957,5.184587
-31.637994,-8.617818,5.182667
-30.629832,-14.181127,5.180859
-28.912058,-20.106930,5.186504
-25.756690,-25.413102,5.189948
-21.463777,-29.896534,5.185021
-16.060950,-33.226539,5.186220
-10.115818,-34.950491,5.188878
-3.953452,-35.406294,5.179084
2.212804,-34.967785,5.182441
7.815598,-33.367466,5.183627
12.943552,-30.294679,5.181334
17.243928,-26.632950,5.184594
21.091513,-23.037154,5.189499
23.949795,-18.838163,5.186101
25.947990,-14.145557,5.184457
26.984791,-9.532755,5.182286
26.955703,-4.812664,5.179021
25.886615,-0.394200,5.182704
24.506872,3.355590,5.186606
22.671447,6.718382,5.190258
20.080632,9.476936,5.189205
17.295020,11.529839,5.183341
15.269669,13.546846,1.780902
13.067538,15.043897,1.777443
10.735369,16.320652,1.787233
8.335920,17.486830,1.784656
6.018633,18.357196,1.776653
3.519885,19.306340,1.782305
0.950062,20.528932,1.790621
-1.845545,20.369523,1.793212
-4.709088,20.240590,1.787353
-7.874176,20.152241,1.779578
-11.171006,19.359761,1.777569
-14.751779,18.336015,1.779366
-18.514452,16.748912,1.788085
-22.202633,14.287430,1.793202
-25.495293,11.034103,1.790895
-28.191599,7.074928,1.789456
-29.960717,2.242470,1.792203
-30.768454,-2.865938,1.790002
-30.468399,-8.152190,1.784693
-29.517184,-13.599096,1.785733
-28.231579,-19.485213,1.790949
-25.265228,-24.722490,1.780105
-21.053531,-29.358578,1.781903
-15.883279,-32.753719,1.788861
-9.908952,-34.524580,1.785611
-3.887745,-34.954618,1.783337
2.140590,-34.574552,1.789592
7.777519,-32.917610,1.788888
12.646545,-29.700078,1.787418
16.809781,-25.812893,1.791768
20.583150,-22.315304,1.790249
23.375081,-18.216867,1.780941
25.362614,-13.640775,1.781858
26.391827,-9.144577,1.788455
26.360880,-4.530167,1.789731
25.443207,-0.367403,1.788888
24.080690,3.488202,1.791312
22.206500,6.699855,1.783731
19.928275,9.433953,1.778459
17.623482,11.652126,1.781244
15.795376,13.927234,-1.621028
13.112683,15.094319,-1.618366
10.646347,16.328276,-1.619869
8.329154,17.461933,-1.619124
6.068134,18.292286,-1.617918
3.596078,19.044983,-1.619868
1.090334,19.673560,-1.621400
-1.649134,19.844987,-1.621171
-4.579954,20.175449,-1.615493
-7.796812,20.128998,-1.612532
-10.914733,19.036341,-1.617828
-14.128323,17.816635,-1.619843
-17.810175,16.342904,-1.622437
-21.432071,14.053123,-1.616380
-24.584537,10.840911,-1.607393
-27.210721,6.807617,-1.609966
-28.776537,2.249784,-1.614453
-29.470790,-2.547558,-1.613144
-29.061452,-7.661731,-1.611075
-28.118711,-12.941937,-1.612065
-27.075708,-18.687404,-1.612187
-24.164386,-23.740115,-1.610819
-20.213632,-28.142633,-1.613571
-15.267598,-31.515460,-1.615089
-9.650636,-33.244297,-1.614855
-3.642655,-33.703735,-1.617315
2.032968,-33.370606,-1.612233
7.670269,-31.728035,-1.607069
12.359157,-28.563930,-1.614432
16.241672,-24.879889,-1.622799
19.913901,-21.500153,-1.616388
22.639608,-17.540972,-1.614262
24.606304,-13.115898,-1.613536
25.623963,-8.766272,-1.608270
25.658565,-4.458643,-1.609950
24.892101,-0.223382,-1.621979
23.714717,3.391209,-1.611983
21.833114,6.639250,-1.612438
19.954822,9.394334,-1.620250
18.093968,11.953606,-1.622678
16.284109,14.285497,-5.020008
13.141874,15.319201,-5.022056
10.779099,16.514828,-5.018080
8.414169,17.665656,-5.015255
6.070514,18.524960,-5.014610
3.502128,19.077629,-5.011405
1.019694,19.036232,-5.008839
-1.565861,19.500130,-5.017604
-4.670793,20.223717,-5.017672
-7.750720,20.014238,-5.012583
-10.662395,18.760592,-5.016990
-13.636131,17.331044,-5.018223
-17.168505,15.907005,-5.013987
-20.772010,13.628173,-5.016608
-23.588418,10.559610,-5.022400
-26.000553,6.623480,-5.021563
-27.375895,2.380579,-5.022752
-27.968308,-2.400078,-5.021146
-27.463942,-7.133066,-5.012822
-26.511297,-12.023530,-5.008704
-25.515902,-17.374329,-5.018912
-22.617830,-22.153808,-5.022164
-18.865974,-26.196972,-5.016314
-14.255587,-29.329868,-5.016862
-8.872206,-31.026338,-5.019429
-3.442452,-31.519250,-5.010338
1.996451,-31.159192,-5.011221
7.287244,-29.746901,-5.010749
11.821594,-27.084675,-5.013213
15.714695,-23.725390,-5.015394
19.228255,-20.472085,-5.008257
21.833373,-16.663688,-5.017778
23.684152,-12.579001,-5.014618
24.704391,-8.252314,-5.012709
24.788199,-4.114591,-5.019029
24.275217,-0.183725,-5.012185
23.191542,3.473768,-5.007867
21.465962,6.626585,-5.010709
19.897886,9.466839,-5.014634
18.519622,12.064251,-5.017067
16.464897,14.419364,-8.410939
13.360490,15.510364,-8.410531
11.006457,16.775280,-8.419677
8.639125,17.925451,-8.417892
6.096270,18.862049,-8.410182
3.657266,19.234781,-8.410647
1.051088,18.614669,-8.411344
-1.604527,19.408709,-8.413614
-4.523803,20.013092,-8.417507
-7.486074,19.496716,-8.418293
-10.401343,18.381632,-8.416520
-13.176708,16.931927,-8.417501
-16.640192,15.439161,-8.412576
-19.866881,13.289068,-8.415554
-22.522281,10.153943,-8.421293
-24.591268,6.477721,-8.415564
-25.818921,2.432423,-8.412323
-26.279217,-1.948514,-8.412579
-25.758126,-6.433040,-8.415031
-24.730099,-11.041395,-8.414660
-23.521182,-15.894807,-8.410589
-20.768698,-20.055786,-8.416516
-17.177991,-23.624426,-8.421038
-12.863196,-26.402170,-8.419027
-7.925919,-28.006554,-8.417185
-2.945449,-28.555112,-8.418708
2.036978,-28.109045,-8.415022
6.797119,-27.050646,-8.416348
11.104315,-25.235309,-8.416300
14.981489,-22.552653,-8.411929
18.309820,-19.462774,-8.414820
20.884000,-15.733429,-8.418440
22.660838,-11.875146,-8.411311
23.624509,-7.777096,-8.409414
23.786455,-3.855224,-8.415927
23.520456,-0.108626,-8.416722
22.611652,3.386643,-8.422756
21.145318,6.464980,-8.416038
19.779339,9.401990,-8.408315
18.565245,12.110517,-8.409216
16.290370,14.290181,-11.809388
13.517638,15.639472,-11.807105
11.102281,17.074435,-11.812199
8.748375,18.185940,-11.817986
6.203156,19.121299,-11.815986
3.632247,19.400887,-11.809824
0.975233,18.481954,-11.811964
-1.623787,19.516770,-11.818443
-4.381803,19.436002,-11.822545
-6.963074,18.523498,-11.816803
-9.964560,17.963366,-11.808645
-12.874080,16.539632,-11.816943
-15.927618,15.040658,-11.816720
-18.955862,12.777630,-11.819050
-21.209930,9.836915,-11.819153
-23.002149,6.304535,-11.809290
-24.075431,2.483959,-11.815493
-24.414749,-1.626257,-11.815985
-23.910474,-5.844364,-11.810696
-22.832769,-9.983304,-11.810260
-21.229625,-14.241389,-11.814280
-18.636421,-17.797722,-11.817332
-15.235197,-20.866738,-11.818300
-11.320556,-23.156933,-11.818791
-6.985528,-24.614785,-11.816948
-2.473917,-25.252008,-11.811472
1.895490,-24.761686,-11.812521
6.246855,-24.013880,-11.815679
10.399876,-23.038230,-11.818116
14.228364,-21.176188,-11.817670
17.444017,-18.150651,-11.813059
19.778068,-14.760769,-11.816769
21.516438,-11.020111,-11.824663
22.396817,-7.167522,-11.817040
22.631911,-3.490900,-11.808593
22.595916,0.033505,-11.822082
21.852852,3.332522,-11.823359
20.609461,6.452994,-11.817604
19.475338,9.248292,-11.814019
18.233833,12.035824,-11.811956
15.814390,13.933095,-15.215458
13.497925,15.632999,-15.220767
11.203288,17.161232,-15.214804
8.755314,18.305422,-15.217166
6.253110,19.215946,-15.222944
3.585649,19.485394,-15.218085
1.078164,18.704637,-15.212494
-1.580421,19.598778,-15.215287
-4.211052,18.920601,-15.219447
-6.577704,17.754000,-15.217668
-9.730759,17.496576,-15.216407
-12.467771,16.207635,-15.221719
-15.297094,14.494124,-15.214838
-17.833642,12.227485,-15.216195
-19.771480,9.384795,-15.222760
-21.253168,5.996735,-15.218274
-22.166776,2.409483,-15.214928
-22.380092,-1.278541,-15.209872
-21.945056,-5.100816,-15.211268
-20.801072,-8.898119,-15.214834
-18.902794,-12.392877,-15.210906
-16.459746,-15.532936,-15.218001
-13.316918,-18.177002,-15.220665
-9.816661,-20.053925,-15.215503
-6.054757,-21.360004,-15.211248
-2.133341,-22.027102,-15.211699
1.803221,-21.583719,-15.215089
5.726676,-21.036628,-15.213838
9.595778,-20.726837,-15.211488
13.485004,-19.562987,-15.213609
16.369522,-16.798117,-15.215119
18.565638,-13.632290,-15.210262
20.200911,-10.165926,-15.205717
21.005732,-6.566212,-15.213793
21.307419,-3.007896,-15.220294
21.477509,0.137201,-15.211353
20.857921,3.357901,-15.219364
19.932121,6.224691,-15.220750
18.876544,9.081151,-15.214347
17.591274,11.710034,-15.212136
15.061872,13.361015,-18.610700
13.296817,15.343558,-18.613320
11.073915,17.010483,-18.611618
8.687118,18.151574,-18.617322
6.162902,19.036516,-18.616124
3.563242,19.423990,-18.608625
1.042321,19.211908,-18.620682
-1.647428,19.582893,-18.623494
-4.135706,18.669695,-18.614786
-6.551252,17.582329,-18.614797
-9.438878,17.157500,-18.619945
-12.029413,15.819778,-18.610749
-14.383086,13.897528,-18.612694
-16.498461,11.550154,-18.617203
-18.126374,8.851218,-18.616969
-19.258965,5.760571,-18.618474
-20.007965,2.557101,-18.622096
-20.143683,-0.957815,-18.614434
-19.782605,-4.390742,-18.612687
-18.601338,-7.813556,-18.615531
-16.488378,-10.673080,-18.609445
-14.360116,-13.356160,-18.616662
-11.549327,-15.664822,-18.622952
-8.371212,-17.254355,-18.619882
-5.032419,-18.428874,-18.617208
-1.672251,-19.041892,-18.620033
1.841158,-18.711629,-18.614145
5.211175,-18.279761,-18.615019
8.816281,-18.334008,-18.621391
12.482954,-17.818176,-18.620175
15.161173,-15.273922,-18.613876
17.275304,-12.240363,-18.610149
18.714067,-9.164976,-18.608764
19.439440,-5.833789,-18.614756
19.784274,-2.561388,-18.617576
20.093916,0.328196,-18.607518
19.613097,3.306775,-18.615257
18.876371,6.133133,-18.620167
17.952081,8.738619,-18.616130
16.613827,11.182269,-18.611627
14.019397,12.562621,-22.010080
12.715791,14.741076,-22.021157
10.713539,16.419080,-22.013322
8.431482,17.573237,-22.009550
6.051349,18.363092,-22.012514
3.576746,18.929598,-22.010148
0.988425,19.469441,-22.014230
-1.497147,19.116345,-22.021877
-4.032382,18.302339,-22.015192
-6.449189,17.595942,-22.007048
-9.068458,16.725341,-22.009874
-11.395601,15.232720,-22.011651
-13.238746,13.043189,-22.010750
-14.834996,10.771952,-22.013641
-16.185337,8.262873,-22.017067
-17.015100,5.499192,-22.014832
-17.633807,2.569718,-22.011896
-17.680565,-0.499275,-22.017804
-17.405869,-3.546782,-22.016022
-16.324049,-6.489260,-22.009780
-14.072360,-8.828543,-22.016872
-12.245166,-11.212802,-22.018373
-9.902211,-13.178414,-22.019452
-7.074536,-14.532071,-22.014108
-4.273109,-15.550317,-22.009166
-1.224317,-16.144548,-22.019167
1.752808,-15.977263,-22.010924
4.710754,-15.598328,-22.010220
7.867109,-15.801562,-22.017978
11.429292,-15.767236,-22.015885
13.789084,-13.526633,-22.016200
15.682426,-10.859542,-22.018030
17.032464,-7.974180,-22.012249
17.668254,-4.930927,-22.009970
18.012618,-2.077275,-22.014395
18.390768,0.654570,-22.012347
18.031154,3.257191,-22.013306
17.475457,5.865268,-22.020337
16.614153,8.319830,-22.020107
15.320143,10.486276,-22.011107
12.639990,11.504671,-25.414006
11.686458,13.662205,-25.409721
9.902525,15.254169,-25.415048
7.876965,16.319607,-25.418638
5.585729,17.041592,-25.415470
3.408288,17.670943,-25.413539
1.064230,18.734569,-25.417373
-1.321239,17.780132,-25.421009
-3.624705,17.399852,-25.415514
-6.199293,17.127148,-25.415766
-8.419306,15.758665,-25.420838
-10.350772,14.114394,-25.409798
-11.591239,11.915446,-25.407964
-12.795182,9.766664,-25.412565
-13.855410,7.595680,-25.412938
-14.468589,5.110626,-25.410622
-14.925304,2.602015,-25.416164
-14.912900,-0.004042,-25.418391
-14.730805,-2.640227,-25.413906
-13.704591,-5.157279,-25.409010
-11.595542,-6.824299,-25.410991
-10.048921,-8.987848,-25.415944
-8.091678,-10.684156,-25.421257
-5.735118,-11.756650,-25.420116
-3.363162,-12.641449,-25.413613
-0.870207,-13.162297,-25.412318
1.671536,-13.161165,-25.415575
4.197766,-12.828631,-25.412163
6.974958,-13.053742,-25.410076
10.107102,-13.402246,-25.417187
12.290281,-11.371278,-25.413227
13.931917,-9.097359,-25.418985
15.090501,-6.540137,-25.414161
15.605480,-3.930348,-25.408161
15.941185,-1.409689,-25.412759
16.299419,0.904754,-25.413134
16.043924,3.215697,-25.413916
15.632497,5.544986,-25.413331
14.935812,7.626184,-25.413374
13.712742,9.617549,-25.415105
10.823542,10.111964,-28.812089
10.036974,12.007794,-28.816221
8.541943,13.329831,-28.820575
6.856160,14.234448,-28.820248
4.940452,14.812804,-28.817871
3.059078,15.451016,-28.817666
1.062750,16.609488,-28.817177
-0.879649,15.465043,-28.813869
-3.007679,15.536534,-28.811471
-5.424969,15.526582,-28.814062
-6.998371,13.997672,-28.817831
-8.464293,12.373919,-28.816723
-9.285287,10.344612,-28.810225
-10.171200,8.494013,-28.815409
-10.994227,6.652546,-28.821608
-11.420945,4.732572,-28.817726
-11.745060,2.714201,-28.812630
-11.701305,0.634921,-28.812720
-11.610388,-1.606334,-28.812582
-10.756538,-3.548786,-28.810836
-8.730830,-4.731413,-28.810696
-7.681928,-6.484300,-28.808466
-6.206549,-7.915992,-28.814673
-4.283866,-8.751564,-28.820316
-2.396580,-9.474154,-28.818140
-0.403854,-9.898001,-28.816814
1.635283,-10.058476,-28.810078
3.658530,-9.777406,-28.811790
5.777383,-9.836318,-28.818857
8.600101,-10.482875,-28.814115
10.382600,-8.878146,-28.812257
11.755017,-7.059562,-28.814536
12.703202,-4.939814,-28.816136
13.104320,-2.746339,-28.817075
13.397507,-0.647715,-28.816990
13.675350,1.286913,-28.814123
13.497646,3.221097,-28.819037
13.213235,5.086086,-28.817733
12.631588,6.911157,-28.811835
11.681762,8.517003,-28.810399
8.241770,8.208223,-32.218008
7.574765,9.451589,-32.219377
6.507382,10.342969,-32.218851
5.249167,11.023249,-32.215761
3.912145,11.391364,-32.214607
2.576300,11.929424,-32.216684
1.138955,12.780517,-32.216432
-0.244594,11.833248,-32.210831
-1.902934,12.323040,-32.214403
-3.692896,12.317920,-32.218429
-4.672887,10.894663,-32.216416
-5.557447,9.548767,-32.217263
-6.000714,8.086999,-32.217712
-6.593314,6.806775,-32.213736
-7.184203,5.539179,-32.214517
-7.523600,4.163944,-32.218603
-7.696002,2.764456,-32.214400
-7.638003,1.333579,-32.211345
-7.662846,-0.195429,-32.211212
-7.032403,-1.560795,-32.212936
-5.348824,-2.139698,-32.215623
-4.779131,-3.471048,-32.216369
-3.896566,-4.560228,-32.215773
-2.540986,-5.136133,-32.213887
-1.250732,-5.656447,-32.212900
0.121199,-5.939001,-32.216716
1.527743,-6.190193,-32.218761
2.972533,-6.019604,-32.217466
4.407694,-5.862713,-32.214436
6.483800,-6.609009,-32.212067
7.815610,-5.594114,-32.218284
8.878800,-4.299201,-32.220018
9.580140,-2.739190,-32.217315
9.822506,-1.140598,-32.215961
10.012170,0.310240,-32.215643
10.127280,1.774470,-32.214059
10.035936,3.114187,-32.214965
9.840720,4.452308,-32.216806
9.456642,5.790951,-32.217600
8.867803,6.995241,-32.217540
1.739940,3.128970,-35.614985
12.112079,12.151470,32.385014
10.775665,13.607934,32.385015
9.255826,14.872680,32.385015
7.497352,15.976085,32.385015
5.517260,16.875197,32.385015
3.434508,17.502111,32.385015
1.089557,17.865332,32.385015
-1.381977,17.876132,32.385015
-3.828527,17.521020,32.385015
-6.383487,16.746855,32.385015
-8.870888,15.529786,32.385015
-11.252484,13.759073,32.385015
-13.136065,11.594670,32.385015
-14.594096,8.896955,32.385015
-15.448371,6.053789,32.385015
-15.797218,3.007662,32.385015
-15.636526,-0.054002,32.385015
-14.979913,-3.048908,32.385015
-13.773753,-5.977201,32.385015
-12.062881,-8.522306,32.385015
-9.810384,-10.607227,32.385015
-7.131097,-12.099565,32.385015
-4.193339,-12.985645,32.385015
-1.341936,-13.299438,32.385015
1.423657,-13.156607,32.385015
4.039192,-12.619487,32.385015
6.453970,-11.736486,32.385015
8.540057,-10.603752,32.385015
10.431308,-9.169503,32.385015
12.003950,-7.526458,32.385015
13.258331,-5.748847,32.385015
14.213610,-3.905230,32.385015
14.894149,-2.048617,32.385015
15.339830,-0.122146,32.385015
15.537782,1.845054,32.385015
15.495345,3.624033,32.385015
15.226926,5.482651,32.385015
14.739354,7.297128,32.385015
14.082481,8.955553,32.385015
12.667842,10.168337,29.392923
11.216775,11.228938,29.386357
10.340690,12.954767,29.379531
9.084320,14.609674,29.380657
7.136339,14.960789,29.384678
5.400393,15.522512,29.387902
3.395092,15.859533,29.386576
1.442112,15.917173,29.384432
-0.598012,15.834982,29.384816
-2.822180,15.509830,29.385911
-4.938134,14.759792,29.380868
-7.080019,13.763231,29.378365
-9.272347,12.461685,29.384380
-11.207506,10.634350,29.388531
-12.738378,8.335873,29.379677
-13.808461,5.795390,29.384544
-14.588043,3.031528,29.383361
-14.826685,0.094126,29.377110
-15.779181,-3.342951,29.383532
-15.031063,-6.621408,29.388011
-13.000786,-9.212542,29.384364
-11.598449,-12.528160,29.384626
-8.966132,-14.762875,29.386469
-5.727310,-15.965763,29.386783
-2.317431,-16.372342,29.388123
1.107455,-15.388021,29.392960
4.128221,-14.853183,29.384465
6.832895,-13.944134,29.381143
9.199774,-12.307863,29.383835
11.228017,-10.593658,29.388576
13.003473,-8.903485,29.389473
14.467694,-6.934437,29.378361
15.588572,-4.861711,29.382850
16.336141,-2.640476,29.384017
16.736367,-0.521384,29.380409
16.832864,1.616039,29.382046
16.478499,3.732053,29.383187
16.027099,5.638241,29.385183
15.282561,7.400596,29.389087
14.015156,8.994721,29.393149
11.918339,9.707678,26.386678
10.408677,10.394464,26.384830
9.515117,11.757712,26.381761
8.538365,13.462756,26.387137
6.705327,13.550927,26.388995
5.133458,13.922194,26.384276
3.496722,14.063994,26.383380
1.739467,14.032233,26.385459
-0.001791,13.908502,26.387312
-1.721767,13.608851,26.388749
-3.569550,12.973026,26.390167
-5.473975,12.181214,26.384552
-7.367733,11.153981,26.376927
-9.222017,9.678938,26.381085
-10.886600,7.858174,26.391719
-12.410923,5.664049,26.381437
-13.931592,3.085164,26.380537
-14.902627,0.083080,26.383546
-17.061245,-3.828865,26.390259
-16.326564,-7.337231,26.386414
-14.401428,-10.252550,26.379350
-13.115478,-14.073415,26.380605
-10.258322,-16.673689,26.388727
-6.694741,-18.027299,26.389959
-2.957698,-18.471914,26.386934
0.860172,-17.379725,26.393043
4.060030,-16.148359,26.382262
6.950114,-14.804773,26.375291
9.382661,-12.913505,26.378726
11.386937,-10.838033,26.379683
13.072587,-8.899161,26.380827
14.406057,-6.823464,26.381664
15.425391,-4.682901,26.383051
16.059920,-2.518867,26.383588
16.377204,-0.373583,26.385105
16.404020,1.677819,26.389525
15.997412,3.689895,26.392804
15.495803,5.490925,26.388550
14.701586,7.245445,26.383391
13.492346,8.622199,26.384610
11.035105,8.965901,23.386610
9.501666,9.505551,23.390112
8.608573,10.444171,23.391439
7.633913,11.613615,23.391166
6.237341,11.797316,23.387119
4.872302,12.068241,23.381238
3.549308,12.168491,23.385386
2.132365,12.176558,23.390130
0.716845,12.078759,23.382207
-0.781245,11.822559,23.387707
-2.355207,11.426237,23.392792
-4.087722,10.857363,23.386741
-5.846860,10.073244,23.389474
-7.777872,8.954343,23.391422
-9.731187,7.514500,23.382702
-11.950031,5.563353,23.376705
-14.135145,3.055462,23.386469
-15.791939,-0.054577,23.379732
-18.119395,-4.155722,23.380080
-17.701632,-8.036338,23.385060
-15.935363,-11.503974,23.383465
-14.291477,-15.322822,23.379539
-11.248143,-18.006200,23.386950
-7.421977,-19.484928,23.388905
-3.316756,-19.877276,23.380183
0.678734,-18.778603,23.379435
4.170517,-17.074036,23.387482
7.074864,-15.225667,23.391738
9.414339,-13.128820,23.385814
11.290228,-10.733298,23.378982
12.701248,-8.503901,23.385305
13.778027,-6.213740,23.380559
14.471926,-4.091082,23.375759
14.902276,-2.007810,23.384926
15.045939,0.014434,23.393689
14.958274,1.839815,23.385410
14.595726,3.622746,23.384395
14.049266,5.263021,23.389718
13.378350,6.738202,23.387121
12.304185,8.077431,23.385378
9.711764,7.980131,20.388383
8.639284,8.524229,20.388888
7.491114,8.915045,20.387985
6.680004,9.642060,20.380490
5.649437,10.013063,20.391986
4.597860,10.328784,20.390293
3.507388,10.492030,20.392360
2.407457,10.541339,20.392647
1.206780,10.607142,20.386502
-0.089732,10.543277,20.381935
-1.576428,10.306707,20.384316
-3.147577,9.997522,20.389377
-4.982429,9.496051,20.384630
-7.134570,8.676250,20.374410
-9.545700,7.453578,20.375784
-12.314876,5.621031,20.386941
-14.943024,3.045030,20.391003
-17.129504,-0.330872,20.383765
-18.880740,-4.443352,20.388966
-18.892160,-8.653660,20.387539
-17.456080,-12.599107,20.382356
-15.201506,-16.273794,20.388799
-11.873011,-18.968055,20.391335
-7.895016,-20.498073,20.388331
-3.606981,-20.778508,20.384532
0.554839,-19.657161,20.382886
4.155000,-17.848732,20.384037
7.145972,-15.671679,20.382326
9.501832,-13.207040,20.379931
11.219244,-10.618574,20.386840
12.394935,-8.070435,20.386357
13.117423,-5.673908,20.381323
13.479306,-3.398412,20.385484
13.567160,-1.397639,20.392452
13.458787,0.503104,20.389809
13.193274,2.082547,20.382012
12.737612,3.618266,20.382341
12.225078,4.924040,20.389233
11.566789,6.161749,20.384334
10.746860,7.174001,20.378613
8.380280,6.950051,17.382974
7.684990,7.582832,17.378858
6.230929,7.088414,17.390770
5.928764,8.046032,17.388327
5.278255,8.537667,17.386309
4.470860,8.935344,17.386191
3.591579,9.149679,17.377061
2.593860,9.631642,17.380868
1.487635,9.730657,17.387745
0.358940,9.720008,17.387864
-1.047247,9.736223,17.381562
-2.752648,9.628350,17.382405
-4.750700,9.286417,17.390251
-7.090623,8.633633,17.389752
-9.792429,7.515055,17.385068
-12.817845,5.692319,17.388953
-15.881174,2.985544,17.387771
-18.272118,-0.516823,17.380813
-19.400751,-4.671434,17.386322
-19.659493,-9.110300,17.391321
-18.668083,-13.576125,17.387819
-15.902303,-16.954480,17.383108
-12.274798,-19.613011,17.378767
-8.129020,-21.135685,17.384534
-3.769833,-21.287109,17.388764
0.448615,-20.235805,17.378160
4.168001,-18.385818,17.380214
7.202387,-16.026718,17.383063
9.517024,-13.347907,17.378045
11.177078,-10.455224,17.382777
12.167153,-7.696037,17.391629
12.647790,-5.113638,17.392545
12.718294,-2.891631,17.384343
12.516874,-0.881247,17.379341
12.135262,0.894844,17.384082
11.684548,2.344993,17.389680
11.161963,3.547354,17.388579
10.481718,4.666793,17.380162
9.847858,5.585098,17.384549
9.131208,6.291482,17.388184
7.424659,6.210584,14.392743
6.693904,6.621281,14.390401
5.427035,5.893318,14.381341
5.243129,6.538893,14.380824
4.830808,7.229523,14.380801
4.228408,7.553334,14.389603
3.597935,8.320572,14.391401
2.777285,8.648395,14.384707
1.799884,8.736374,14.380100
0.799820,8.897159,14.378157
-0.561123,9.089022,14.378174
-2.275670,9.107620,14.379123
-4.216429,8.908083,14.380523
-6.609593,8.416117,14.382019
-9.455754,7.424307,14.382690
-12.628687,5.682984,14.381530
-16.055741,2.988032,14.380042
-18.851036,-0.622230,14.380727
-19.716907,-4.744818,14.384108
-19.894607,-9.256927,14.388049
-19.403775,-14.173978,14.391387
-16.328865,-17.410092,14.391688
-12.539555,-19.958736,14.382182
-8.306716,-21.403822,14.379327
-3.810816,-21.501444,14.385899
0.431313,-20.586344,14.388395
4.132585,-18.692276,14.387676
7.179078,-16.135190,14.383476
9.486181,-13.181884,14.380264
10.971418,-10.083221,14.386547
11.746379,-7.243444,14.392527
12.034644,-4.625706,14.393009
11.895233,-2.305386,14.391465
11.469852,-0.322388,14.389119
10.945099,1.215140,14.386537
10.353946,2.498790,14.384770
9.738732,3.535556,14.384650
9.111713,4.349136,14.386489
8.388802,5.074545,14.386874
7.644867,5.542557,14.379744
6.503493,5.499955,11.387473
5.860472,5.663924,11.389536
4.935305,5.227394,11.390746
4.611069,5.259433,11.390084
4.285957,5.486494,11.387155
4.020904,5.608590,11.383043
3.675950,5.781198,11.390612
3.191495,6.093689,11.378080
2.497153,6.893473,11.389431
1.776987,7.043505,11.385625
0.858181,7.195102,11.382391
-0.594967,7.520430,11.381572
-2.406506,7.655168,11.385032
-4.676908,7.492383,11.387891
-7.730142,6.867242,11.382779
-11.185301,5.471926,11.381992
-14.839910,3.052895,11.390622
-18.443463,-0.546770,11.384305
-19.820626,-4.750691,11.383107
-19.752684,-9.123937,11.390674
-19.541680,-14.260965,11.390719
-16.443880,-17.628989,11.391799
-12.652470,-20.047068,11.388038
-8.299283,-21.361475,11.382686
-3.785057,-21.516784,11.387050
0.364336,-20.767061,11.392694
4.176254,-18.590264,11.388910
7.160744,-15.758585,11.387829
9.249035,-12.520567,11.386495
10.417877,-9.122981,11.382465
10.889524,-6.046969,11.382676
10.771908,-3.346262,11.384110
10.265321,-1.172556,11.387220
9.600019,0.556484,11.392939
8.897928,1.821331,11.389607
8.140609,2.815999,11.378958
7.534079,3.472000,11.383315
6.731832,3.973222,11.388690
6.382294,4.375347,11.389270
6.814468,5.072682,11.386568
5.579812,4.868348,8.379736
5.249402,4.997606,8.381081
4.797533,5.055163,8.384276
4.517242,5.048797,8.385576
4.146113,5.009721,8.384976
3.873899,4.970884,8.382867
3.694739,4.947776,8.381350
3.428320,4.927280,8.379906
3.163306,4.935758,8.380656
2.898283,4.977782,8.384098
2.453817,5.063421,8.390389
2.003676,5.081663,8.389873
1.377592,4.997647,8.385045
0.473827,4.977716,8.378891
-1.108340,4.865343,8.381158
-6.588414,4.816659,8.379773
-11.973296,3.097059,8.389463
-16.512838,-0.228623,8.387070
-19.421838,-4.620825,8.388656
-19.502237,-9.015082,8.390210
-19.066642,-13.878721,8.386949
-16.322664,-17.499221,8.380480
-12.497138,-19.931972,8.382397
-8.125428,-21.034178,8.389226
-3.754264,-21.387360,8.392878
0.411831,-20.614981,8.386570
4.168326,-18.134658,8.380225
7.026732,-14.916710,8.385303
8.699462,-10.922030,8.382926
9.229362,-6.899795,8.380563
8.673174,-3.161288,8.386563
7.237978,0.037515,8.390618
6.726351,1.282775,8.386291
6.530824,2.070970,8.385276
6.459771,2.603492,8.381866
6.444441,3.054367,8.383319
6.412370,3.504786,8.385707
6.338364,3.860345,8.386344
6.151726,4.286347,8.384141
5.931145,4.585899,8.381476
5.044310,4.486796,5.379601
4.850066,4.674978,5.379747
4.643304,4.841261,5.380071
4.425637,4.976280,5.380519
4.198674,5.070672,5.381037
3.964023,5.115291,5.381572
3.641589,5.099578,5.382244
3.394069,5.047758,5.382687
3.142921,4.976393,5.383053
2.889274,4.898780,5.383320
2.634255,4.828213,5.383466
2.294046,4.768063,5.383434
1.702801,4.796816,5.382869
0.607926,4.913944,5.384080
-0.564102,4.698417,5.387079
-2.563289,4.275005,5.383474
-4.187688,3.278325,5.389182
-11.250122,0.732828,5.389318
-17.706529,-4.058540,5.389286
-19.029952,-8.794607,5.387339
-18.238208,-13.184555,5.385593
-15.883446,-16.959660,5.383057
-12.241082,-19.505060,5.386533
-7.804748,-20.450102,5.381321
-3.658730,-21.053273,5.385211
0.488785,-20.094352,5.386234
4.130613,-17.578294,5.380204
6.649447,-13.002541,5.383874
7.132322,-6.434889,5.388975
7.300465,-3.253879,5.385000
7.391389,-1.416037,5.389604
7.238156,0.022444,5.385424
6.951772,1.167096,5.383226
6.586860,2.034209,5.383464
6.274323,2.643924,5.383513
6.026638,3.088363,5.382969
5.815033,3.449820,5.381979
5.635978,3.733315,5.381043
5.441257,4.011997,5.380208
5.281059,4.217978,5.379776
4.837644,4.306401,2.382167
4.748914,4.463702,2.382300
4.611603,4.692213,2.382524
4.415993,4.968688,2.382788
4.199566,5.192929,2.382904
3.955230,5.343122,2.382754
3.678711,5.406415,2.382274
3.374668,5.398374,2.381576
3.049531,5.340189,2.380807
2.709727,5.253052,2.380113
2.361685,5.158153,2.379642
2.011832,5.076681,2.379539
1.413417,5.025419,2.380644
-0.046092,5.243465,2.387417
-1.841058,5.098487,2.389429
-4.500959,4.541319,2.388039
-8.132520,3.151903,2.385184
-11.520121,0.664461,2.383658
-15.495609,-3.259998,2.385914
-17.755086,-8.074317,2.381704
-17.310631,-12.488866,2.384010
-14.953000,-16.081234,2.386890
-11.756984,-18.765113,2.388639
-7.464068,-19.647687,2.388891
-3.483899,-20.242402,2.385822
0.495153,-19.730315,2.385929
4.124805,-16.524534,2.385647
6.409740,-11.695703,2.383546
7.708017,-8.147009,2.387656
8.558406,-5.686217,2.385874
8.284339,-2.624023,2.383871
7.895038,-0.630018,2.386309
6.980897,1.131612,2.385951
6.267177,2.161011,2.384580
5.832970,2.754626,2.383487
5.551628,3.145942,2.382736
5.323120,3.482550,2.382243
5.188623,3.694065,2.382061
5.056091,3.915668,2.381995
4.968737,4.069825,2.382027
4.851817,4.282586,-0.616006
4.742994,4.525306,-0.615347
4.634984,4.766081,-0.614674
4.482925,5.070915,-0.613854
4.309969,5.340674,-0.613248
3.983527,5.640172,-0.613033
3.636294,5.775250,-0.613617
3.236081,5.832216,-0.614662
2.890567,5.842630,-0.615645
2.442995,5.838050,-0.616830
1.821196,5.854887,-0.617913
0.990820,5.994282,-0.617685
-0.440367,6.277708,-0.614519
-2.175998,6.236891,-0.611780
-4.812814,5.985478,-0.615171
-9.104007,5.172276,-0.614286
-13.123921,3.085290,-0.615515
-15.874632,-0.091095,-0.615080
-16.895783,-3.721287,-0.614063
-16.458496,-7.387055,-0.616767
-16.128385,-11.642449,-0.611733
-13.735749,-14.806047,-0.619154
-10.914877,-17.626401,-0.615961
-6.987897,-18.645464,-0.611843
-2.883483,-18.479035,-0.617429
0.762711,-18.222620,-0.618267
4.114831,-16.108887,-0.612776
6.706070,-13.236226,-0.615902
8.323719,-9.817368,-0.618452
9.155031,-6.791869,-0.610694
8.953108,-3.489175,-0.613593
8.537569,-1.223409,-0.611671
7.538240,0.766191,-0.613807
6.576103,2.041122,-0.616388
5.974719,2.733808,-0.617407
5.590869,3.161958,-0.617645
5.330187,3.478748,-0.617515
5.184445,3.680314,-0.617284
5.049603,3.894409,-0.616918
4.927477,4.123457,-0.616409
5.085587,4.439149,-3.612652
4.910739,4.711974,-3.613899
4.791312,4.926220,-3.615114
4.601812,5.292951,-3.617143
4.406963,5.659996,-3.618461
4.090715,6.149830,-3.617799
3.653868,6.650274,-3.614538
3.005609,7.152912,-3.611373
2.264317,7.499794,-3.612809
1.390999,7.760299,-3.615996
0.188461,8.037592,-3.615379
-1.503474,8.377564,-3.612820
-3.626493,8.484179,-3.613408
-7.238490,8.703108,-3.614913
-10.472138,7.667429,-3.613867
-13.095014,5.688977,-3.614896
-14.890614,3.043804,-3.614752
-15.216188,0.018808,-3.618895
-15.020642,-3.091893,-3.617448
-14.749150,-6.447216,-3.612405
-14.392367,-10.268167,-3.616279
-12.384118,-13.332053,-3.620816
-9.811148,-16.021764,-3.613944
-6.304657,-17.206706,-3.617562
-2.071011,-15.679800,-3.615001
1.285911,-14.237638,-3.617381
4.022788,-11.673911,-3.615514
6.552321,-12.399597,-3.616596
8.103401,-9.166665,-3.614233
8.954330,-6.427133,-3.614879
8.919691,-3.471772,-3.616615
8.833829,-1.504414,-3.613654
8.394279,0.165372,-3.619121
7.773690,1.424583,-3.620682
7.106297,2.376026,-3.619471
6.495366,3.058393,-3.617135
6.071325,3.458943,-3.615085
5.696421,3.787258,-3.613253
5.455728,4.010876,-3.612420
5.233919,4.247882,-3.612224
5.618143,4.881872,-6.616270
5.312146,5.133577,-6.615655
5.097802,5.369026,-6.614189
4.848968,5.774635,-6.611623
4.682335,6.651209,-6.610559
4.383752,8.274549,-6.616290
3.575690,8.764449,-6.615187
2.647458,9.258200,-6.612686
1.388033,10.053137,-6.614294
0.027412,10.330051,-6.618575
-1.591126,10.387967,-6.617039
-4.419203,11.213603,-6.615420
-6.401174,10.453826,-6.618339
-8.631335,9.356787,-6.617933
-10.515887,7.691435,-6.617041
-11.564624,5.508348,-6.612641
-12.148086,3.053261,-6.613567
-12.500015,0.508629,-6.616618
-12.771298,-2.283798,-6.615039
-13.221878,-5.673260,-6.615623
-12.389494,-8.752142,-6.615397
-10.844763,-11.748661,-6.612077
-8.440518,-14.043127,-6.612321
-5.394745,-15.305211,-6.617652
-1.617814,-14.145880,-6.615950
1.590552,-11.872993,-6.615635
3.967277,-10.642450,-6.615356
5.859237,-8.459583,-6.614938
7.427683,-7.265616,-6.619163
8.784274,-6.078999,-6.619438
9.136961,-3.789494,-6.614810
8.803421,-1.476953,-6.616018
8.434945,0.092629,-6.611963
8.361766,1.177117,-6.617639
7.986693,2.144230,-6.618515
7.635205,2.873104,-6.616498
7.263425,3.485412,-6.614230
6.871724,3.968909,-6.613015
6.407494,4.372555,-6.613564
6.014649,4.625507,-6.615167
6.523240,5.552062,-9.612020
5.997960,5.772689,-9.609482
5.564119,6.043811,-9.611189
5.252091,6.625112,-9.614483
5.215944,8.379546,-9.609735
4.445699,8.906443,-9.611523
3.555393,9.776550,-9.611845
2.470145,10.192823,-9.611391
1.448336,9.977160,-9.613687
0.138265,10.071005,-9.613930
-1.160468,9.815614,-9.613665
-2.555235,9.394677,-9.612639
-3.993421,8.733468,-9.614596
-5.630035,7.927283,-9.618218
-7.626623,6.818259,-9.619454
-9.010343,5.136518,-9.616653
-9.919452,3.127923,-9.613656
-10.681117,0.808552,-9.613693
-11.139202,-1.762911,-9.616528
-11.136915,-4.539441,-9.619402
-10.541670,-7.391686,-9.618879
-9.099049,-9.925255,-9.616865
-6.941837,-11.843300,-9.615202
-4.310845,-13.123627,-9.612549
-1.274241,-13.006917,-9.610812
1.671691,-11.288636,-9.614042
4.004948,-10.214238,-9.618439
5.914508,-8.866050,-9.622456
7.380605,-7.094562,-9.616694
8.457770,-5.482559,-9.607989
9.335981,-4.003423,-9.612455
9.561092,-2.200607,-9.614556
9.479323,-0.611008,-9.612600
9.220852,0.755362,-9.613242
8.494855,1.952362,-9.617117
8.104138,2.823723,-9.619108
7.944102,3.488537,-9.616003
7.609116,4.111893,-9.610410
7.337316,4.706015,-9.611609
7.009819,5.222623,-9.613965
7.323350,6.187713,-12.608788
6.755961,6.616970,-12.616610
6.032874,6.807061,-12.615472
5.696684,7.565713,-12.614312
5.113124,8.183864,-12.617816
4.454798,8.886975,-12.617338
3.592572,9.138887,-12.620697
2.729932,8.731623,-12.615707
2.293775,7.453165,-12.620271
1.612794,7.345264,-12.618731
0.907684,7.114204,-12.614613
0.067993,6.891174,-12.612269
-1.073514,6.740927,-12.611777
-2.992410,6.638781,-12.610927
-5.187628,6.094674,-12.611836
-6.797089,4.878520,-12.615174
-8.198073,3.161662,-12.617716
-9.100752,1.109320,-12.618722
-9.187522,-1.057865,-12.619965
-9.146952,-3.448616,-12.620102
-8.766785,-6.065690,-12.618298
-7.276529,-8.024918,-12.616468
-5.421078,-9.691070,-12.614967
-3.212143,-10.815163,-12.615765
-0.701338,-11.183529,-12.617591
1.739713,-10.938738,-12.617702
3.993232,-10.155145,-12.619578
5.938061,-8.975049,-12.622174
7.489598,-7.502785,-12.620357
8.582229,-5.742108,-12.610244
9.270056,-3.912546,-12.608192
9.650928,-2.258885,-12.613515
9.824179,-0.821260,-12.613373
9.809873,0.434180,-12.614767
9.611049,1.612380,-12.618982
9.293091,2.634819,-12.613306
8.860603,3.540881,-12.611126
8.384019,4.280975,-12.617399
7.947150,4.895530,-12.614729
7.539784,5.455084,-12.612130
7.641083,6.417797,-15.612859
7.404785,7.308923,-15.618055
6.644020,7.620120,-15.618091
5.734550,7.579736,-15.619161
5.071556,7.918000,-15.622661
4.339675,8.255507,-15.616092
3.630922,8.106567,-15.610967
3.148186,6.505422,-15.623048
2.708582,6.275277,-15.610030
2.256667,6.133759,-15.609446
1.778815,5.986677,-15.615728
1.105304,5.890456,-15.614305
0.177300,5.855498,-15.607704
-1.260491,5.814600,-15.606532
-3.129604,5.485958,-15.613335
-4.925610,4.617460,-15.617749
-6.693252,3.221850,-15.613678
-7.336708,1.427643,-15.615503
-7.215938,-0.398837,-15.621366
-7.338911,-2.479881,-15.617463
-6.931278,-4.628127,-15.609125
-5.553281,-6.222163,-15.609658
-4.032543,-7.708179,-15.614783
-2.116429,-8.614284,-15.614575
-0.067532,-9.002242,-15.609112
1.894843,-9.760667,-15.609856
3.961472,-9.581265,-15.617374
5.847974,-8.407408,-15.621136
7.403807,-7.156883,-15.615271
8.506268,-5.534168,-15.609182
9.149439,-3.736993,-15.607127
9.493790,-2.116811,-15.608617
9.665628,-0.706838,-15.612524
9.739279,0.486163,-15.617312
9.711048,1.625475,-15.616799
9.546758,2.640718,-15.608552
9.245401,3.557157,-15.607850
8.901391,4.339400,-15.615052
8.552181,5.125236,-15.617708
8.073718,5.751211,-15.613681
7.996501,6.702193,-18.616380
7.820139,7.714481,-18.616288
7.164395,8.427751,-18.615706
5.835777,7.878290,-18.616186
5.031948,7.878681,-18.616141
4.260960,7.605298,-18.618757
3.628963,7.584568,-18.613345
2.967919,7.571190,-18.610786
2.442443,7.018457,-18.615810
1.890777,6.770291,-18.617583
1.344751,6.512405,-18.619023
0.756103,6.222130,-18.621254
0.062835,5.918994,-18.622385
-0.643797,5.522905,-18.618988
-1.612805,5.010136,-18.614673
-3.317748,4.390437,-18.616819
-5.202708,3.224482,-18.613771
-5.426155,1.762123,-18.614163
-5.338605,0.282467,-18.615205
-5.482830,-1.485435,-18.614239
-5.008653,-3.193095,-18.615306
-3.902912,-4.533039,-18.618290
-2.725873,-5.823620,-18.619237
-1.114254,-6.533080,-18.618615
0.614730,-6.750392,-18.617211
2.143384,-7.778206,-18.614738
3.949888,-8.082896,-18.617030
5.562965,-7.026004,-18.622034
6.970389,-5.992349,-18.622434
8.036809,-4.657157,-18.618227
8.658141,-3.130879,-18.612974
9.011999,-1.697661,-18.609657
9.194282,-0.402725,-18.608813
9.265346,0.705809,-18.610105
9.284086,1.720046,-18.613094
9.300631,2.661070,-18.617237
9.115071,3.556907,-18.617272
8.658525,4.285280,-18.610413
8.935604,5.222614,-18.616794
8.291956,5.898511,-18.612197
8.110673,6.769308,-21.616179
7.931144,7.833800,-21.613922
7.480449,8.889133,-21.616146
6.089959,8.363980,-21.612274
5.091822,8.077555,-21.620481
4.222821,7.169080,-21.614602
3.613085,7.113241,-21.615434
2.934986,7.593269,-21.609133
2.102512,8.011435,-21.618256
1.308702,7.910988,-21.617501
0.632349,7.474779,-21.612294
-0.052622,6.985902,-21.619948
-0.645652,6.448648,-21.610484
-0.288631,5.332660,-21.614371
-0.291920,4.627339,-21.624913
-1.963651,4.188305,-21.621814
-3.249289,3.289810,-21.619325
-3.363404,2.163335,-21.617361
-3.356210,0.976159,-21.617284
-3.390735,-0.383887,-21.619855
-2.988792,-1.642596,-21.619508
-2.231985,-2.774086,-21.617366
-1.363854,-3.855036,-21.617046
-0.066337,-4.380308,-21.614323
1.317871,-4.408909,-21.609957
2.515845,-5.303164,-21.611853
3.891485,-5.842729,-21.617211
5.185782,-4.918674,-21.616015
6.321704,-4.086418,-21.609849
7.224595,-3.153211,-21.606909
7.808242,-2.013298,-21.608456
8.169233,-0.842752,-21.607669
8.356834,0.160982,-21.606716
8.463943,1.092079,-21.609215
8.531318,1.945263,-21.615583
8.597966,2.756893,-21.615593
8.551629,3.535684,-21.607577
9.191055,4.404994,-21.618520
8.677581,5.126615,-21.609570
8.333700,5.901430,-21.613405
7.591559,6.360856,-24.618580
7.433836,7.300605,-24.614290
7.177793,8.403159,-24.613714
6.016238,8.213113,-24.617227
5.043484,7.827066,-24.617371
4.140057,6.625666,-24.613071
3.634947,6.524740,-24.621908
3.067706,6.894588,-24.619182
2.201216,7.741516,-24.611785
1.280600,7.894822,-24.614524
0.649878,7.424576,-24.617830
0.067543,6.891525,-24.614997
-0.370207,6.252100,-24.612627
1.095991,4.671969,-24.615718
0.659098,4.322594,-24.615055
-0.308837,3.972724,-24.617531
-0.881840,3.321858,-24.616510
-0.987106,2.591098,-24.612622
-0.969266,1.810260,-24.612216
-0.855611,0.961692,-24.616399
-0.634710,0.107404,-24.617488
-0.286307,-0.725097,-24.614625
0.270409,-1.532225,-24.610553
1.172460,-1.834799,-24.611703
2.146541,-1.697239,-24.617534
2.924486,-2.164016,-24.617425
3.836624,-2.762139,-24.610791
4.673941,-2.076948,-24.610043
5.384527,-1.444046,-24.615443
6.025885,-0.904002,-24.620876
6.510712,-0.271498,-24.620265
6.855778,0.414392,-24.617486
7.070897,1.059862,-24.615499
7.228253,1.725422,-24.614964
7.347079,2.328807,-24.616105
7.470346,2.911085,-24.615074
7.532967,3.511251,-24.610876
7.930100,4.179172,-24.615042
7.978458,4.921252,-24.612154
7.941665,5.681887,-24.614000
4.194345,4.208190,-27.614985
