21.585623,31.528336,36.195142
16.383435,34.941328,36.195142
10.560020,37.138154,36.195142
4.620151,38.062551,36.195142
-1.600780,37.892490,36.195142
-7.499314,36.751863,36.195142
-13.162469,34.748309,36.195142
-18.297255,32.067390,36.195142
-23.177539,28.564760,36.195142
-27.341677,24.537473,36.195142
-30.850992,19.927816,36.195142
-33.681870,14.628661,36.195142
-35.502170,9.128585,36.195142
-36.238635,3.377333,36.195142
-35.623829,-2.385515,36.195142
-33.575973,-7.579876,36.195142
-30.367661,-12.145651,36.195142
-26.547937,-15.913424,36.195142
-22.616261,-18.892889,36.195142
-18.580367,-21.338009,36.195142
-14.729059,-23.226967,36.195142
-10.730782,-24.781134,36.195142
-6.814872,-25.909509,36.195142
-2.809107,-26.659494,36.195142
1.466719,-27.006617,36.195142
5.541113,-26.896147,36.195142
9.791379,-26.313208,36.195142
14.157549,-25.204942,36.195142
18.370291,-23.608045,36.195142
22.732190,-21.301484,36.195142
26.880065,-18.249947,36.195142
30.425210,-14.507123,36.195142
33.269316,-9.711035,36.195142
34.880481,-4.587029,36.195142
35.472235,0.960819,36.195142
35.121140,6.528998,36.195142
33.959894,11.982127,36.195142
31.985223,17.440639,36.195142
29.275582,22.593050,36.195142
25.959377,27.468573,32.398748
21.408589,31.618009,32.389977
16.437992,34.857506,32.396016
10.752969,37.225396,32.402534
4.728028,38.495179,32.394720
-1.647970,38.608999,32.390325
-7.712477,37.546964,32.399023
-13.296328,35.534093,32.393741
-18.695973,32.575433,32.385520
-23.423689,28.991510,32.392870
-27.592973,24.766239,32.403467
-31.099365,19.970008,32.401881
-33.415820,14.501692,32.391184
-34.242710,8.856539,32.391663
-34.103016,3.123760,32.394917
-33.378746,-2.092934,32.388343
-31.686660,-7.311268,32.394039
-30.158062,-12.171600,32.393625
-27.664037,-16.485991,32.391899
-24.176183,-20.212799,32.397862
-20.607884,-23.450067,32.399774
-16.471955,-25.960925,32.388395
-12.214544,-27.756596,32.398841
-7.563509,-29.067724,32.395988
-3.000458,-29.771578,32.387598
1.612283,-29.917351,32.397867
6.209033,-29.497997,32.402693
10.732575,-28.579561,32.396406
15.135132,-27.193913,32.389057
19.766623,-25.171006,32.388702
24.130687,-22.615693,32.392752
28.224834,-19.274764,32.391163
31.573543,-14.935425,32.386559
34.077889,-10.018454,32.393373
35.802979,-4.588422,32.401491
36.605110,0.854660,32.393237
36.873949,6.803813,32.387718
35.654895,12.576649,32.391529
33.112870,17.986452,32.398528
29.832572,22.954147,32.401976
25.855462,27.382931,28.588927
21.277755,31.362307,28.592875
16.202344,34.667986,28.589328
10.659613,37.130134,28.589963
4.560364,38.656167,28.595446
-1.495194,38.997549,28.594148
-7.715724,38.074147,28.599930
-13.631692,35.950150,28.595681
-18.915060,32.969196,28.593138
-23.678954,29.229308,28.594891
-27.849589,24.827915,28.589211
-31.213252,20.040852,28.596332
-33.249614,14.586096,28.592575
-33.959461,8.782039,28.594730
-33.895962,3.165827,28.603014
-33.298258,-2.183344,28.598026
-32.036389,-7.182513,28.596370
-30.779038,-12.219416,28.593817
-28.560634,-17.069332,28.594844
-25.431969,-21.227292,28.600173
-21.870050,-24.941711,28.599756
-17.753279,-27.677007,28.591421
-13.026732,-29.772586,28.594931
-8.274699,-31.102556,28.601026
-3.383309,-31.801201,28.602916
1.553573,-31.881564,28.602361
6.461405,-31.331394,28.596498
11.274660,-30.225045,28.588404
15.938311,-28.601729,28.588910
20.600959,-26.387407,28.592992
25.157001,-23.508605,28.589095
29.202808,-19.934792,28.587351
32.439655,-15.371588,28.597546
34.918163,-10.309790,28.596068
36.746080,-4.784917,28.585222
37.571479,1.001026,28.592264
37.555290,6.852618,28.601738
36.132446,12.725175,28.594195
33.412039,18.166734,28.582916
29.853428,23.093853,28.583337
25.572981,27.077917,24.799898
21.052541,30.903610,24.792870
16.116099,34.155097,24.789037
10.560788,36.786283,24.791920
4.655368,38.487328,24.793304
-1.466279,39.055469,24.791817
-7.792439,38.267209,24.797280
-13.597889,36.254014,24.794879
-18.959208,33.240108,24.790479
-23.763654,29.418871,24.792179
-27.934857,24.904254,24.793972
-31.264594,19.993579,24.796721
-33.241851,14.446930,24.796457
-34.278896,8.827345,24.800494
-34.750165,3.171931,24.802129
-34.433008,-2.284538,24.796103
-33.440186,-7.656062,24.800724
-31.747622,-12.605050,24.797581
-29.325509,-17.501961,24.795531
-26.437857,-21.870505,24.797527
-22.708879,-25.857836,24.793138
-18.400507,-28.835031,24.788061
-13.632764,-31.002499,24.796671
-8.593419,-32.410836,24.804062
-3.405258,-33.109276,24.801438
1.600227,-33.137404,24.793837
6.794777,-32.500015,24.786440
11.658695,-31.314635,24.794129
16.571630,-29.512754,24.802003
21.247481,-27.162267,24.796733
25.778796,-24.111871,24.787975
29.918869,-20.201179,24.794168
33.152696,-15.532040,24.801272
35.660452,-10.412063,24.800086
37.493057,-4.788838,24.797508
38.143363,1.096414,24.799186
37.448442,6.970300,24.793941
35.772488,12.658992,24.787278
33.179336,17.963682,24.788177
29.691306,22.765552,24.796013
25.131155,26.581866,20.987500
20.741482,30.260463,20.987828
15.790792,33.552781,20.990342
10.460197,36.202057,20.993503
4.570106,38.075548,20.992628
-1.568889,38.812403,20.987736
-7.721626,38.189936,20.991033
-13.592561,36.258286,20.998625
-19.000959,33.256092,21.000372
-23.825816,29.401065,20.994103
-27.833971,24.999878,20.987709
-31.128042,20.028298,20.987439
-33.252932,14.496473,20.996099
-34.755062,8.947577,21.003192
-35.719557,3.336498,20.996729
-35.626575,-2.400126,20.987220
-34.841210,-7.854809,21.000079
-32.566201,-13.063935,21.002241
-29.990976,-17.685542,20.995317
-27.054576,-22.307341,20.993991
-23.255471,-26.287048,20.994642
-18.769891,-29.461462,20.988130
-13.992359,-31.671041,20.999517
-8.699553,-33.146644,21.000456
-3.479990,-33.829379,20.988451
1.783602,-33.827957,20.986589
6.779906,-33.203430,20.990739
11.892814,-31.950583,20.990685
16.821933,-30.106158,20.990617
21.692301,-27.563698,20.996936
26.167086,-24.377749,21.003087
30.075668,-20.515112,20.997859
33.403765,-15.858699,20.996394
36.020958,-10.517997,20.995204
37.663730,-5.021446,20.992083
38.128246,0.913228,20.995378
36.932042,6.729093,21.001904
35.030247,12.394997,20.999347
32.466331,17.738929,20.992205
29.114481,22.404009,20.988648
24.555536,25.931031,17.201466
20.183314,29.582621,17.193281
15.454957,32.752549,17.192588
10.190082,35.464133,17.195537
4.585709,37.384518,17.197941
-1.500731,38.288617,17.203215
-7.637242,37.821061,17.189726
-13.516246,36.007783,17.195392
-18.928930,33.078773,17.198644
-23.750621,29.260698,17.187281
-27.723156,24.866269,17.193758
-30.923547,19.879574,17.199641
-33.287895,14.458884,17.194820
-34.985662,9.007053,17.188308
-35.923418,3.409123,17.189319
-35.822850,-2.294760,17.193566
-34.998518,-7.941092,17.190627
-32.921254,-13.216197,17.194216
-30.314552,-18.047636,17.202284
-27.260631,-22.562665,17.199670
-23.418058,-26.463024,17.189583
-18.968034,-29.642671,17.193817
-14.013591,-31.948614,17.190578
-8.741693,-33.406467,17.197783
-3.546880,-34.081027,17.202675
1.691899,-34.086976,17.191504
6.891727,-33.450013,17.193099
11.980199,-32.202325,17.201238
17.088290,-30.259441,17.200125
21.709312,-27.784891,17.192775
26.287258,-24.400199,17.190357
30.089578,-20.474664,17.190615
33.429130,-15.845045,17.189261
35.885420,-10.474221,17.194165
37.141479,-4.898820,17.199186
37.316400,1.018937,17.194140
36.171519,6.591219,17.193401
34.204737,12.192264,17.193384
31.645328,17.271137,17.195800
28.467947,21.747812,17.200917
23.861027,25.144363,13.399602
19.558272,28.754624,13.388174
14.899975,31.899283,13.394488
9.930454,34.517131,13.398463
4.429480,36.495132,13.387309
-1.557351,37.501130,13.389073
-7.620436,37.161845,13.398166
-13.451034,35.470522,13.393962
-18.823511,32.643379,13.393979
-23.445495,29.060614,13.403052
-27.523554,24.566211,13.402279
-30.614064,19.613266,13.401841
-33.104419,14.561437,13.398445
-34.860984,9.003442,13.393223
-35.483634,3.410064,13.395087
-35.255573,-2.202571,13.400056
-34.330039,-7.742038,13.391756
-32.786798,-13.151553,13.399471
-30.474079,-18.016580,13.401986
-27.167461,-22.566941,13.393282
-23.340000,-26.368536,13.392462
-18.950768,-29.508568,13.395492
-13.855462,-31.872300,13.390143
-8.869955,-33.251361,13.389096
-3.523425,-33.958204,13.395689
1.645820,-33.973661,13.398936
7.000862,-33.330437,13.393711
12.021378,-32.097715,13.388225
17.056365,-30.166768,13.394809
21.598419,-27.690917,13.400062
26.071409,-24.292782,13.393406
29.909278,-20.194498,13.395876
33.168782,-15.589611,13.392942
35.300884,-10.417259,13.390539
36.147153,-4.842364,13.397292
36.110099,0.998635,13.403206
35.299354,6.566539,13.392370
33.428582,11.849873,13.389762
30.810373,16.592060,13.396983
27.523307,21.176612,13.402477
23.069388,24.247258,9.593970
19.045502,27.676648,9.598616
14.495480,30.791461,9.595949
9.639978,33.393587,9.589614
4.267294,35.395305,9.588629
-1.368518,36.453849,9.587818
-7.321525,36.279613,9.590750
-13.083765,34.774922,9.598358
-18.411992,32.119542,9.601206
-23.168700,28.530476,9.600573
-27.049170,24.310526,9.601895
-30.178483,19.259366,9.589367
-32.727074,14.343031,9.585293
-34.425215,8.907732,9.588014
-34.897348,3.390769,9.588107
-34.650305,-2.327165,9.590348
-33.704699,-7.527372,9.598909
-32.367065,-12.890824,9.593214
-30.135319,-17.905534,9.589583
-26.846265,-22.347796,9.594609
-23.067606,-26.048097,9.595326
-18.562443,-29.225946,9.593769
-13.755100,-31.432964,9.596992
-8.651259,-32.838621,9.599273
-3.406093,-33.522754,9.593026
1.664239,-33.542232,9.587597
6.701818,-32.968931,9.595762
11.846592,-31.734930,9.591525
16.786241,-29.842075,9.588079
21.417741,-27.278125,9.595697
25.597729,-24.035079,9.602172
29.325931,-19.981500,9.598347
32.449580,-15.416547,9.593087
34.530050,-10.096179,9.588308
35.229728,-4.617159,9.591540
35.115595,0.892172,9.601342
34.459765,6.381915,9.593914
32.537541,11.509698,9.597080
29.778201,16.073268,9.602927
26.634677,20.351842,9.598052
22.201768,23.268074,5.800694
18.294439,26.631499,5.800604
14.047657,29.564533,5.791926
9.322822,32.120332,5.789654
4.098096,34.108237,5.801309
-1.384827,35.202068,5.803058
-7.190801,35.119424,5.790331
-12.632143,33.825253,5.789847
-17.887621,31.361500,5.795965
-22.590135,27.947954,5.796938
-26.559352,23.712898,5.800219
-29.505966,18.975252,5.801767
-32.074686,13.983003,5.795198
-33.728153,8.681337,5.795905
-34.270005,3.310182,5.804180
-34.164978,-2.269666,5.800591
-33.217169,-7.556339,5.787093
-31.725698,-12.727120,5.790002
-29.485741,-17.605722,5.798507
-26.340389,-21.965976,5.797288
-22.624767,-25.549555,5.790142
-18.210598,-28.617592,5.788865
-13.517821,-30.756512,5.800391
-8.541114,-32.127873,5.800515
-3.428591,-32.809064,5.791126
1.729948,-32.842541,5.791343
6.642672,-32.289670,5.796903
11.660050,-31.089916,5.803884
16.473268,-29.233307,5.796958
20.971705,-26.704653,5.787091
25.021747,-23.507483,5.790037
28.622138,-19.517723,5.793885
31.523850,-14.988077,5.800768
33.571485,-9.786429,5.798281
34.444916,-4.486194,5.795784
34.368274,0.891451,5.803598
33.548173,6.219630,5.793378
31.474250,11.143516,5.790105
28.667634,15.516144,5.795328
25.544394,19.639616,5.798771
21.270682,22.226533,1.999801
17.496790,25.504107,1.994239
13.385905,28.351027,1.991007
8.982470,30.717804,1.991108
3.919212,32.644260,1.989190
-1.388046,33.735053,1.988387
-6.807901,33.754410,1.997930
-12.309168,32.566915,2.002686
-17.438727,30.256998,1.995472
-21.874707,27.136163,1.987445
-25.782188,23.087956,1.989852
-28.775973,18.334335,1.999942
-31.094984,13.652310,2.004856
-32.755501,8.518516,2.000193
-33.530100,3.143156,1.997873
-33.633938,-2.267908,2.004539
-32.794877,-7.411186,1.999076
-31.079408,-12.323911,1.991067
-28.784635,-17.013088,1.998400
-25.699900,-21.448687,2.000188
-22.063446,-24.894341,1.987836
-17.754952,-27.823888,2.001028
-12.999136,-29.940166,2.004708
-8.167076,-31.238781,2.003266
-3.210625,-31.885514,1.999033
1.581041,-31.921974,1.989768
6.550304,-31.372254,1.990088
11.212355,-30.264921,2.001187
15.882299,-28.475682,1.997913
20.410786,-25.904498,1.985453
24.309807,-22.770177,1.987911
27.762166,-18.864244,1.995009
30.405248,-14.385535,2.000491
32.384921,-9.551822,2.001910
33.570662,-4.489455,1.998388
33.603012,0.727011,1.994355
32.506098,5.828408,1.998241
30.330057,10.548033,1.996542
27.594735,14.753194,1.994178
24.532675,18.719477,1.997978
20.293675,21.149209,-1.807992
16.668899,24.315943,-1.813031
12.711934,27.051470,-1.803520
8.452574,29.291628,-1.798187
3.753421,31.039020,-1.803712
-1.353225,32.093342,-1.797018
-6.568499,32.149526,-1.799238
-11.686712,31.138384,-1.801500
-16.671787,29.026438,-1.807624
-21.151380,25.974533,-1.811112
-24.816696,22.264321,-1.802068
-27.735772,17.709780,-1.811449
-29.947791,12.981086,-1.808639
-31.582684,8.038536,-1.807534
-32.603072,2.921398,-1.810528
-32.933185,-2.079993,-1.799862
-32.225135,-7.252826,-1.796089
-30.346713,-12.102728,-1.809350
-27.879579,-16.715549,-1.812222
-24.987131,-20.791214,-1.801628
-21.304688,-24.206306,-1.800457
-17.096773,-26.932478,-1.811646
-12.683017,-28.846994,-1.813880
-7.838398,-30.141904,-1.810198
-3.266928,-30.744958,-1.809405
1.544876,-30.795107,-1.810950
6.327484,-30.264194,-1.809620
10.812651,-29.191378,-1.806197
15.304102,-27.458403,-1.806669
19.649332,-24.963459,-1.807189
23.381505,-21.919536,-1.803631
26.672458,-18.129282,-1.805876
29.095856,-13.755277,-1.811240
31.028973,-9.115295,-1.808450
32.372183,-4.288684,-1.805810
32.439867,0.732815,-1.811271
31.048971,5.545226,-1.803006
28.854303,10.065059,-1.799413
26.300603,14.138240,-1.802182
23.464337,17.785028,-1.804237
19.294138,20.070112,-5.602934
15.832531,23.089073,-5.605997
12.209166,25.572848,-5.608145
8.127210,27.674810,-5.609728
3.631249,29.297022,-5.611519
-1.244858,30.269431,-5.612795
-6.217612,30.347346,-5.602313
-11.108442,29.442504,-5.600001
-15.720762,27.583205,-5.607214
-20.043485,24.752138,-5.608776
-23.712022,21.117384,-5.599559
-26.427816,16.953241,-5.595615
-28.453219,12.412286,-5.606780
-30.069565,7.712440,-5.612590
-31.315679,2.898269,-5.607600
-31.859789,-2.043233,-5.606367
-31.285184,-7.176082,-5.602344
-29.670986,-11.880531,-5.597928
-27.236260,-16.216589,-5.605556
-24.148090,-20.115914,-5.612974
-20.606866,-23.326299,-5.606900
-16.367288,-25.923577,-5.606031
-12.126462,-27.681417,-5.610472
-7.502744,-28.890646,-5.612266
-2.950423,-29.469872,-5.607321
1.446924,-29.500363,-5.602065
6.006410,-28.983546,-5.602387
10.464540,-27.896265,-5.597234
14.733813,-26.208623,-5.603691
18.693104,-23.891438,-5.613609
22.366986,-20.828212,-5.608672
25.349069,-17.333255,-5.602919
27.667847,-13.162330,-5.602971
29.401023,-8.698971,-5.606998
30.492516,-4.039424,-5.605979
30.410079,0.743029,-5.601146
28.943323,5.284304,-5.608052
27.110716,9.510447,-5.603297
25.006089,13.351736,-5.595726
22.348721,16.865616,-5.597634
18.259361,18.977293,-9.396813
14.972148,21.811694,-9.402639
11.527777,24.119554,-9.408913
7.640523,26.043568,-9.405471
3.365700,27.490716,-9.397567
-1.077019,28.295865,-9.406312
-5.772694,28.348690,-9.412671
-10.397798,27.532036,-9.406231
-14.777212,25.835126,-9.398837
-18.880267,23.196234,-9.402761
-22.231949,19.905008,-9.411941
-24.920678,15.835358,-9.412319
-26.755017,11.517167,-9.411871
-28.233845,7.252250,-9.410818
-29.561632,2.747047,-9.406041
-30.230166,-2.080177,-9.404182
-29.928186,-6.756252,-9.411360
-28.902620,-11.569645,-9.401815
-26.574313,-15.781516,-9.399921
-23.211876,-19.375010,-9.403980
-19.682258,-22.445380,-9.397543
-15.593397,-24.755359,-9.402973
-11.386710,-26.406670,-9.399872
-7.190587,-27.473582,-9.401249
-2.888443,-28.006082,-9.407772
1.444427,-28.013006,-9.407258
5.746402,-27.491546,-9.402098
9.948196,-26.432170,-9.405077
13.970506,-24.814152,-9.412552
17.690694,-22.592296,-9.410318
20.985809,-19.774328,-9.402627
23.890067,-16.318729,-9.411388
26.171402,-12.414112,-9.406756
27.551261,-8.313384,-9.402300
28.086612,-3.818964,-9.404612
27.791780,0.504113,-9.402799
26.687168,4.687309,-9.406324
25.334888,8.820083,-9.403892
23.601308,12.568717,-9.397835
21.161690,15.941923,-9.395252
17.140621,17.813353,-13.205903
14.182720,20.336200,-13.208374
10.800759,22.552494,-13.208888
7.132995,24.276735,-13.209863
3.102059,25.518133,-13.211266
-1.067825,26.160181,-13.204660
-5.287542,26.154556,-13.205334
-9.610124,25.399899,-13.203868
-13.716041,23.844853,-13.204504
-17.423452,21.497083,-13.211640
-20.671916,18.299043,-13.211832
-23.108732,14.643253,-13.200753
-24.745250,10.581800,-13.198914
-26.079384,6.575179,-13.206371
-27.313932,2.369471,-13.210525
-27.956409,-1.970858,-13.206064
-28.037780,-6.516162,-13.201840
-27.481094,-11.096683,-13.204535
-25.322923,-15.202386,-13.210026
-22.077776,-18.489162,-13.207076
-18.696623,-21.252974,-13.200568
-14.818458,-23.305348,-13.207410
-10.710139,-24.861245,-13.211905
-6.785975,-25.843785,-13.210384
-2.763825,-26.328111,-13.208419
1.285377,-26.313678,-13.206708
5.303213,-25.806446,-13.202141
9.226156,-24.804055,-13.203946
12.985210,-23.288958,-13.207828
16.581683,-21.087564,-13.206398
19.599625,-18.383900,-13.203250
22.183520,-15.269992,-13.206308
24.414081,-11.664688,-13.202591
25.665807,-7.663328,-13.203498
25.912994,-3.599830,-13.208594
25.633152,0.435983,-13.205616
24.871892,4.409138,-13.203995
23.804717,8.151657,-13.209028
22.124293,11.818703,-13.212419
19.850249,14.978395,-13.208936
15.897360,16.527447,-17.003529
13.159391,18.822152,-17.006168
10.017122,20.816343,-17.006877
6.611922,22.331395,-17.005175
2.871822,23.359543,-17.006874
-0.826531,23.803976,-17.011065
-4.862390,23.736365,-17.000521
-8.681624,23.061755,-16.996826
-12.472038,21.660565,-17.006440
-15.885648,19.514352,-17.011556
-18.748148,16.666098,-17.002227
-21.021415,13.318774,-16.997226
-22.431951,9.556263,-17.005006
-23.557788,5.829926,-17.011137
-24.529993,2.090584,-17.011497
-25.049995,-1.759663,-17.010648
-25.566652,-5.927859,-17.001199
-24.977006,-10.052257,-16.995940
-23.261051,-13.912299,-17.005628
-20.570306,-17.305422,-17.008703
-17.207834,-19.821227,-16.999610
-13.611167,-21.647972,-17.010971
-9.984818,-23.029395,-17.012151
-6.223142,-23.973241,-17.010103
-2.522238,-24.394444,-17.011528
1.202124,-24.350205,-17.011247
4.895096,-23.865845,-17.006509
8.499948,-22.935204,-16.999330
11.957373,-21.535405,-16.996048
15.239177,-19.475727,-16.999940
17.967067,-16.933396,-17.007501
20.327414,-14.053684,-17.011276
22.355370,-10.737258,-17.003356
23.660823,-7.092250,-17.001253
24.183905,-3.397038,-17.004728
24.175796,0.326771,-17.002893
23.622446,4.169776,-17.010194
22.428905,7.694906,-17.011593
20.634480,10.965221,-17.006897
18.485975,13.827871,-17.003805
14.575772,14.956454,-20.800274
12.015837,17.098609,-20.800041
9.043635,18.907127,-20.809146
5.957293,20.185964,-20.808253
2.711835,20.969552,-20.797070
-0.755304,21.246037,-20.803968
-4.232752,21.104581,-20.803454
-7.788164,20.458492,-20.801450
-11.067758,19.271639,-20.806755
-14.132474,17.361988,-20.809980
-16.660989,14.770750,-20.802974
-18.720952,11.777149,-20.803832
-19.888422,8.380481,-20.806388
-20.712824,5.123545,-20.804372
-21.403311,1.737646,-20.805560
-21.698236,-1.596651,-20.810660
-22.219085,-5.208080,-20.801959
-21.289240,-8.764822,-20.802998
-20.028755,-12.236540,-20.804755
-18.284019,-15.461645,-20.803605
-15.403925,-17.738238,-20.803728
-12.277846,-19.550001,-20.799112
-8.943714,-20.940378,-20.805788
-5.571962,-21.809073,-20.811124
-2.254877,-22.176661,-20.808331
1.223786,-22.111730,-20.802530
4.533415,-21.669130,-20.800440
7.760870,-20.821053,-20.803880
10.856583,-19.549919,-20.803598
13.779639,-17.679741,-20.800650
16.203381,-15.373333,-20.801726
18.371497,-12.649000,-20.803117
19.922484,-9.702618,-20.800571
21.165866,-6.440380,-20.804495
22.012354,-3.077616,-20.811808
22.232090,0.259294,-20.809381
21.864597,3.733577,-20.804063
20.601839,6.949992,-20.804979
18.816032,9.802249,-20.806928
16.822958,12.496199,-20.804133
12.909802,13.240694,-24.606735
10.612994,15.166694,-24.600754
8.130229,16.633135,-24.603470
5.338670,17.732288,-24.605129
2.398894,18.329133,-24.601827
-0.598500,18.431572,-24.611152
-3.713446,18.222647,-24.608198
-6.657256,17.673851,-24.599846
-9.610901,16.632232,-24.601935
-12.246470,14.981505,-24.609563
-14.376030,12.698295,-24.605905
-16.189402,10.133995,-24.600411
-17.144661,7.198939,-24.602990
-17.703548,4.229571,-24.602346
-18.139309,1.396472,-24.600458
-18.170699,-1.488007,-24.604435
-17.927552,-4.361619,-24.600966
-17.086623,-7.228667,-24.607744
-16.182423,-9.975623,-24.607378
-14.928199,-12.812831,-24.602924
-13.023734,-15.147846,-24.606716
-10.594142,-17.105468,-24.604792
-7.921104,-18.467521,-24.601205
-4.919539,-19.326304,-24.608177
-1.938941,-19.655510,-24.611179
1.061383,-19.597986,-24.602481
4.038397,-19.232250,-24.598810
6.941079,-18.482772,-24.598726
9.605858,-17.373171,-24.600307
12.217026,-15.682337,-24.599254
14.388139,-13.599237,-24.598227
16.180996,-11.183587,-24.605217
17.211701,-8.386314,-24.604143
18.024442,-5.608590,-24.598582
18.774740,-2.715714,-24.600566
18.925108,0.165958,-24.608406
18.568291,3.030328,-24.604824
17.628520,5.867884,-24.605455
16.339189,8.461441,-24.610610
14.816683,10.929347,-24.610962
11.056424,11.156827,-28.402308
9.082066,12.841559,-28.406223
6.912376,14.091094,-28.403386
4.572306,14.961258,-28.401093
2.007664,15.382297,-28.403975
-0.489541,15.365449,-28.398481
-2.978581,15.129227,-28.403196
-5.521769,14.631253,-28.406929
-7.990688,13.779183,-28.406958
-10.188853,12.415991,-28.408607
-11.979535,10.395263,-28.402541
-13.467937,8.362734,-28.396630
-14.269332,5.928758,-28.406470
-14.604882,3.435324,-28.410678
-14.880426,1.050268,-28.402460
-14.720280,-1.337499,-28.401055
-13.876355,-3.581872,-28.403696
-13.334728,-5.715613,-28.404587
-12.511508,-7.950899,-28.404434
-11.545954,-10.043546,-28.401387
-10.470938,-12.402766,-28.400397
-8.853560,-14.316356,-28.409455
-6.661401,-15.715675,-28.409203
-4.187400,-16.518470,-28.407729
-1.607618,-16.815850,-28.404785
0.891441,-16.770133,-28.399408
3.473486,-16.489567,-28.400618
5.896504,-15.885557,-28.405193
8.291566,-14.868897,-28.405248
10.387896,-13.520827,-28.401792
12.289087,-11.737523,-28.401317
13.735564,-9.563966,-28.405401
14.253534,-7.040403,-28.406910
14.636908,-4.663084,-28.410700
15.089868,-2.313409,-28.409718
15.077302,-0.011414,-28.400225
14.684798,2.252630,-28.403903
14.186629,4.595298,-28.406812
13.540181,6.914534,-28.403750
12.528483,9.123599,-28.401585
8.861062,8.744798,-32.196147
7.321066,10.091759,-32.207411
5.528169,11.105756,-32.206337
3.674331,11.772008,-32.197474
1.640553,12.052682,-32.200846
-0.328847,11.966326,-32.207808
-2.369101,11.730141,-32.205872
-4.296014,11.343140,-32.199542
-6.252983,10.681598,-32.200334
-7.987557,9.607793,-32.209314
-9.299468,8.031428,-32.212277
-10.573557,6.398086,-32.203540
-11.252067,4.497674,-32.206198
-11.467881,2.520861,-32.212600
-11.618354,0.624461,-32.210555
-11.406487,-1.169862,-32.205849
-10.492204,-2.832278,-32.202025
-10.089602,-4.517746,-32.204376
-9.397265,-6.173012,-32.205215
-8.631943,-7.723900,-32.207894
-8.024097,-9.692540,-32.209665
-6.916358,-11.425379,-32.199473
-5.266644,-12.646371,-32.203725
-3.327126,-13.331363,-32.208021
-1.212448,-13.572692,-32.205794
0.761341,-13.536228,-32.201786
2.802656,-13.342895,-32.198803
4.796287,-12.856565,-32.202025
6.673091,-12.030611,-32.200965
8.409190,-10.935932,-32.201000
9.923753,-9.544312,-32.203828
10.933953,-7.744074,-32.200889
11.104203,-5.635013,-32.207437
11.255494,-3.745733,-32.205744
11.519053,-1.952706,-32.199753
11.432355,-0.216288,-32.202859
11.105297,1.570492,-32.202809
10.866523,3.282157,-32.201675
10.578380,5.166227,-32.199440
9.924769,7.069055,-32.195139
6.084527,5.775718,-36.001810
5.085786,6.668450,-36.007344
3.848898,7.349090,-36.009187
2.528266,7.809142,-36.007504
1.188556,7.973878,-36.009371
-0.155517,7.892344,-36.010092
-1.495444,7.722688,-36.003908
-2.862639,7.448379,-35.999949
-4.156736,7.030802,-36.002190
-5.367632,6.335212,-36.002474
-6.206813,5.218414,-36.003316
-7.126309,4.139867,-36.007316
-7.693475,2.891473,-36.011746
-7.852610,1.537610,-36.007175
-7.935536,0.239496,-35.999732
-7.736128,-1.031276,-36.001343
-6.955608,-2.137767,-36.000253
-6.700223,-3.291002,-36.000810
-6.220553,-4.299371,-36.007083
-5.672190,-5.394854,-36.006492
-5.357973,-6.778602,-36.000658
-4.652882,-8.052631,-36.006333
-3.560987,-8.936409,-36.003889
-2.189836,-9.431946,-36.004200
-0.795043,-9.574136,-36.005396
0.606742,-9.546192,-36.004717
2.002701,-9.421802,-36.002976
3.367686,-9.090575,-35.998963
4.624691,-8.487719,-36.005977
5.845606,-7.770371,-36.010073
6.937994,-6.824601,-36.007367
7.469979,-5.455685,-36.009219
7.407572,-3.945916,-36.000554
7.436560,-2.659912,-36.004750
7.547148,-1.531684,-36.008583
7.464141,-0.347624,-36.000496
7.276283,0.770980,-36.005837
7.179256,1.944869,-36.008137
7.090489,3.249265,-36.002374
6.765717,4.540550,-35.999852
-0.198232,-0.684406,-39.804858
11.733810,22.608383,36.195142
8.499947,25.213178,36.195142
4.878817,27.235092,36.195142
0.836987,28.646503,36.195142
-3.414145,29.142857,36.195142
-7.761392,28.412647,36.195142
-11.708059,26.756610,36.195142
-15.374390,24.552648,36.195142
-18.711747,22.091276,36.195142
-21.820852,19.347660,36.195142
-24.631328,16.298426,36.195142
-27.016739,12.740941,36.195142
-28.328778,8.657556,36.195142
-28.018701,4.396603,36.195142
-26.040416,0.436361,36.195142
-22.989460,-2.748211,36.195142
-19.685391,-5.035846,36.195142
-16.557788,-6.605402,36.195142
-13.767020,-7.652669,36.195142
-11.270737,-8.349508,36.195142
-8.982527,-8.802088,36.195142
-7.054351,-9.047900,36.195142
-5.243928,-9.164960,36.195142
-3.429759,-9.168542,36.195142
-1.748326,-9.065348,36.195142
-0.076958,-8.854453,36.195142
1.576321,-8.530504,36.195142
3.201921,-8.088165,36.195142
4.908998,-7.473640,36.195142
6.670408,-6.650686,36.195142
8.447721,-5.582098,36.195142
10.287733,-4.147510,36.195142
12.006706,-2.383423,36.195142
13.530673,-0.285954,36.195142
14.845970,2.244491,36.195142
15.858332,5.187247,36.195142
16.480589,8.496868,36.195142
16.542995,12.137307,36.195142
15.834336,15.886217,36.195142
14.008362,19.259441,32.796110
11.342110,22.151886,32.799259
8.140485,24.337900,32.800610
4.547924,25.958276,32.796673
0.598673,27.061145,32.791773
-3.430780,27.706219,32.792264
-7.465523,27.119973,32.796593
-11.312527,25.699286,32.800494
-14.810645,23.602046,32.795457
-17.711367,20.897606,32.790413
-19.954992,17.771975,32.792482
-21.585367,14.288646,32.790463
-22.340365,10.645329,32.793728
-22.289814,7.027835,32.791452
-21.416414,3.669145,32.793159
-20.313520,0.742724,32.798623
-19.235672,-1.929620,32.798151
-17.364867,-4.147040,32.798173
-14.555955,-5.506100,32.790588
-12.534632,-6.776548,32.791314
-10.852623,-7.920376,32.792463
-8.939439,-8.658495,32.791864
-7.104334,-9.238245,32.800166
-5.353522,-9.603354,32.797274
-3.560207,-9.954081,32.796358
-1.665585,-10.055469,32.801183
0.035804,-9.449854,32.791311
1.799835,-9.089519,32.787220
3.575508,-8.797093,32.788626
5.504439,-8.113870,32.792772
7.345832,-7.231875,32.801241
9.168202,-6.070451,32.796363
11.002542,-4.515985,32.790399
12.661212,-2.615608,32.790428
14.055125,-0.369378,32.788084
15.171971,2.287977,32.798820
15.904059,5.205419,32.797852
16.203382,8.420838,32.793359
16.069876,11.936544,32.797115
15.494376,15.597646,32.797016
13.697952,18.897453,29.394268
11.007766,21.464889,29.393280
7.757050,23.407203,29.396403
4.153570,24.742543,29.396769
0.472808,25.539465,29.389378
-3.350858,26.105851,29.389805
-7.170720,25.557565,29.399029
-10.726007,24.300436,29.394266
-14.007217,22.265399,29.391281
-16.531925,19.486539,29.392886
-18.264586,16.153670,29.389822
-19.236402,12.773040,29.397124
-19.529644,9.389058,29.401401
-19.306083,6.224356,29.394649
-18.502501,3.287419,29.392982
-17.753142,0.832881,29.397602
-17.171616,-1.569704,29.399097
-16.019353,-3.638971,29.397860
-13.718911,-5.039117,29.391531
-12.215013,-6.461186,29.393500
-10.932237,-7.984313,29.399359
-9.238018,-9.057163,29.400300
-7.472923,-9.995227,29.397006
-5.626552,-10.682999,29.398178
-3.698102,-11.331871,29.396552
-1.651702,-11.686167,29.391607
0.353622,-11.024700,29.397639
2.316596,-10.677517,29.398362
4.519646,-10.390826,29.395965
6.629071,-9.650875,29.394189
8.834972,-8.559252,29.389350
10.848313,-7.146315,29.396714
12.787205,-5.265995,29.401285
14.374264,-3.088518,29.399089
15.600224,-0.554031,29.399542
16.480370,2.364292,29.392021
16.868076,5.391185,29.394159
16.755369,8.657733,29.396097
16.259795,11.933994,29.391531
15.357493,15.555335,29.392053
13.234148,18.510335,26.001350
10.514767,20.752784,26.002259
7.263898,22.472579,25.998829
3.902043,23.528058,25.993558
0.282331,24.116411,25.989806
-3.242193,24.416566,25.990055
-6.843762,23.822874,25.996556
-10.170727,22.571996,25.994796
-13.095928,20.590170,25.989992
-15.325531,17.836986,25.993109
-16.713208,14.705236,25.995730
-17.436377,11.603135,25.989710
-17.680352,8.546636,25.997224
-17.547194,5.716633,25.999776
-17.048279,3.170150,26.000377
-16.521009,0.879162,25.996487
-16.103499,-1.332181,25.989966
-15.310982,-3.441217,25.995084
-13.733596,-5.020584,25.991910
-12.460525,-6.696858,25.994406
-11.339185,-8.496627,25.998092
-9.769645,-9.942050,25.992599
-8.054953,-11.203361,25.992522
-6.085078,-12.243040,25.997234
-3.878006,-13.132043,25.996329
-1.603581,-13.716825,25.989615
0.867908,-13.619825,25.991721
3.348123,-13.412327,25.997738
6.016807,-12.991227,25.998151
8.587887,-12.101762,25.992417
11.186921,-10.707141,25.991122
13.480150,-8.852625,25.997986
15.458112,-6.501776,25.996173
16.933962,-3.813793,25.990041
17.906741,-0.777896,25.994447
18.384496,2.372102,26.000118
18.340245,5.677602,25.996399
17.742398,9.036354,25.992235
16.753578,12.210248,25.994319
15.313161,15.509347,25.998038
12.756211,17.938678,22.602004
9.905574,19.987617,22.594464
6.849970,21.454852,22.590729
3.470351,22.384256,22.590899
0.221833,22.758670,22.591598
-3.164936,22.728298,22.596736
-6.480742,22.041758,22.592466
-9.489065,20.754255,22.588519
-12.109013,18.804205,22.591670
-14.057382,16.332679,22.599172
-15.364854,13.469243,22.598657
-16.092755,10.658692,22.588222
-16.443065,8.020257,22.594760
-16.497939,5.481425,22.601340
-16.322013,3.068140,22.598216
-16.020000,0.913841,22.597322
-15.635254,-1.230897,22.599833
-15.118930,-3.348116,22.593140
-14.208182,-5.318525,22.593692
-13.200416,-7.255060,22.596877
-12.065613,-9.248151,22.595572
-10.539161,-11.129229,22.592910
-8.739868,-12.748657,22.596084
-6.599914,-14.122102,22.595961
-4.153418,-15.160679,22.592245
-1.477464,-15.935020,22.592532
1.478997,-16.606269,22.598068
4.607686,-16.580926,22.598891
7.701081,-15.920065,22.599644
10.758710,-14.785985,22.599743
13.658669,-13.029589,22.592870
16.203423,-10.610065,22.597073
18.103416,-7.801266,22.597471
19.466175,-4.436727,22.597029
20.144116,-0.991503,22.600905
20.265055,2.516505,22.592761
19.783970,5.991155,22.592839
18.754356,9.345466,22.595041
17.227403,12.509960,22.595443
15.213611,15.410778,22.600298
12.185727,17.287940,19.191377
9.366334,19.099262,19.188303
6.325416,20.451563,19.197125
3.198834,21.241429,19.199305
-0.002249,21.485135,19.189828
-3.074577,21.126273,19.194812
-6.075231,20.363671,19.193755
-8.845575,19.001234,19.194986
-11.156573,17.130746,19.198655
-12.954284,14.927307,19.198972
-14.235451,12.526178,19.193923
-15.115160,9.951735,19.190341
-15.646442,7.535645,19.200608
-15.893387,5.326586,19.194129
-16.034911,3.100232,19.195947
-15.936522,0.883745,19.200214
-15.565813,-1.187972,19.193257
-15.233104,-3.386810,19.200843
-14.956827,-5.733220,19.198900
-14.182518,-8.053905,19.192696
-12.935123,-10.213271,19.191946
-11.431457,-12.474264,19.192708
-9.530213,-14.414652,19.192806
-7.085284,-16.125924,19.192150
-4.370041,-17.285600,19.193147
-1.381340,-18.107558,19.195645
1.960378,-19.079781,19.194715
5.502655,-19.033752,19.191925
8.887924,-18.130104,19.194017
12.286909,-16.678808,19.195519
15.330887,-14.549248,19.188873
17.848858,-11.817712,19.194153
19.778864,-8.503276,19.192878
20.984152,-4.861844,19.192031
21.489880,-1.183656,19.202482
21.386022,2.527662,19.203089
20.620739,6.154291,19.195588
19.251901,9.613756,19.192338
17.340812,12.636881,19.194266
14.938915,15.132026,19.194087
11.533352,16.570502,15.795722
8.831878,18.165328,15.793257
5.852067,19.409618,15.796072
2.921765,20.119080,15.799361
-0.058417,20.291419,15.798682
-2.998862,19.698071,15.801181
-5.757718,18.872789,15.796334
-8.269368,17.502183,15.794779
-10.284467,15.811850,15.796988
-12.032030,13.858908,15.799964
-13.394191,11.766400,15.798662
-14.422267,9.490133,15.791040
-15.126937,7.354796,15.794640
-15.603233,5.163270,15.800206
-15.998240,3.066241,15.796265
-16.085442,0.838087,15.791510
-15.747829,-1.265942,15.794950
-15.560344,-3.503873,15.797095
-15.758696,-6.154838,15.797249
-15.194122,-8.884800,15.797351
-13.876964,-11.212350,15.797089
-12.357485,-13.784181,15.794933
-10.250582,-16.074811,15.792848
-7.589897,-17.977677,15.789106
-4.621531,-19.243564,15.790001
-1.331559,-20.026086,15.796302
2.353867,-20.770568,15.795723
6.059088,-20.512449,15.800118
9.670829,-19.397391,15.799931
13.131605,-17.688597,15.794259
16.164847,-15.275015,15.797565
18.611631,-12.268562,15.798817
20.371826,-8.820373,15.796257
21.436336,-5.093882,15.797428
21.815553,-1.240328,15.801352
21.485936,2.618693,15.795929
20.568374,6.119535,15.793144
19.090274,9.439462,15.791744
16.988427,12.370651,15.791175
14.367477,14.673582,15.794132
10.818316,15.798923,12.398237
8.188032,17.260455,12.397033
5.419066,18.357290,12.398665
2.607033,19.022682,12.398770
-0.245082,19.152388,12.397554
-3.038019,18.468826,12.400407
-5.535807,17.655449,12.393203
-7.816131,16.384851,12.393739
-9.750800,14.797216,12.393422
-11.405411,13.100891,12.395454
-12.840150,11.214699,12.399221
-13.941398,9.256553,12.389009
-14.841996,7.197742,12.391131
-15.483218,5.181213,12.396133
-16.095740,3.005465,12.398492
-16.334847,0.917340,12.400878
-16.093745,-1.325838,12.401620
-16.014264,-3.694138,12.393814
-16.445475,-6.572783,12.391564
-16.065713,-9.570324,12.394928
-14.735977,-12.184319,12.398065
-13.137755,-14.995309,12.400804
-10.878624,-17.482643,12.394226
-8.000925,-19.503796,12.389295
-4.783058,-20.830491,12.390692
-1.222831,-21.530395,12.392274
2.515287,-21.828101,12.390660
6.341371,-21.338185,12.395035
10.019735,-20.092162,12.401568
13.505043,-18.149617,12.400441
16.409663,-15.587216,12.392822
18.759235,-12.352560,12.392471
20.330116,-8.817701,12.390725
21.251632,-4.924577,12.391174
21.442206,-1.186512,12.397159
20.887078,2.516753,12.396835
19.821573,5.977045,12.398259
18.227817,9.235181,12.400035
16.170891,11.891406,12.399802
13.587250,14.043675,12.399247
10.061000,14.993504,8.994162
7.552684,16.339755,8.998331
4.910805,17.341070,8.994149
2.252678,17.951538,8.990203
-0.324363,18.085567,8.997139
-2.980141,17.514518,8.996947
-5.331940,16.757384,8.988135
-7.521857,15.633802,8.997541
-9.405530,14.234098,9.001185
-11.098252,12.614680,8.991934
-12.509459,10.901691,8.992227
-13.711620,9.035276,8.998295
-14.677673,7.173798,8.989712
-15.499839,5.115794,8.985972
-16.165426,3.117747,8.993779
-16.557949,0.821227,8.996734
-16.504567,-1.404873,8.990610
-16.513285,-3.870173,8.997916
-16.878793,-6.828394,8.999656
-16.630205,-9.973169,8.991783
-15.452550,-12.866971,8.990569
-13.737442,-15.858780,8.998720
-11.309845,-18.480880,8.993408
-8.336698,-20.490253,8.991905
-4.890236,-21.835187,8.997751
-1.108145,-22.425352,8.997639
2.591243,-22.318865,8.992645
6.476903,-21.604663,8.999747
10.066579,-20.286836,8.999320
13.434372,-18.221376,8.990467
16.277091,-15.477676,8.995105
18.427805,-12.163768,8.989460
19.834432,-8.477133,8.992149
20.527900,-4.832847,8.996984
20.545339,-1.012463,8.991188
19.780976,2.481650,8.989786
18.621425,5.740385,8.990681
17.081415,8.693868,8.996172
15.011512,11.299062,9.000757
12.566481,13.374191,8.996824
9.285517,14.181970,5.596664
6.940551,15.417467,5.592561
4.463023,16.339246,5.596735
1.995289,16.897724,5.598212
-0.523997,17.052430,5.591159
-2.907567,16.712670,5.592578
-5.212744,16.022722,5.590767
-7.301731,15.092534,5.595283
-9.222011,13.854672,5.594343
-10.918783,12.322445,5.594636
-12.326947,10.677543,5.599573
-13.503315,9.004937,5.592593
-14.588753,7.131458,5.590637
-15.497254,5.166832,5.590403
-16.215770,3.122074,5.597237
-16.694884,0.889610,5.602380
-16.890009,-1.509663,5.596221
-16.976766,-4.033378,5.597768
-17.075629,-6.920950,5.597989
-16.804367,-10.154593,5.591890
-15.772835,-13.367154,5.588676
-13.962393,-16.354254,5.593956
-11.536224,-18.870195,5.594566
-8.395759,-20.879437,5.596002
-4.869177,-22.125474,5.600175
-1.166125,-22.572007,5.601965
2.663473,-22.193367,5.599223
6.308598,-21.359078,5.594319
9.876748,-19.930647,5.589489
13.077362,-17.778329,5.587491
15.731365,-14.984194,5.589680
17.671479,-11.655432,5.593133
18.840603,-8.113963,5.593235
19.376402,-4.414055,5.594951
19.247330,-0.929917,5.598957
18.369991,2.445431,5.595762
17.182841,5.476379,5.593897
15.673749,8.210916,5.596219
13.801218,10.569671,5.599289
11.669256,12.529779,5.599515
8.612231,13.328450,2.198134
6.368173,14.513224,2.193432
4.093374,15.354850,2.188735
1.731179,15.876432,2.188846
-0.572196,16.058740,2.193529
-2.877757,15.950253,2.195079
-5.101806,15.351783,2.190890
-7.159528,14.579545,2.191759
-9.072068,13.518712,2.197768
-10.736858,12.089549,2.196655
-12.109518,10.530856,2.191751
-13.353005,8.868433,2.195690
-14.447306,7.104651,2.194444
-15.443446,5.149581,2.193423
-16.171510,3.086451,2.194997
-16.718209,0.841851,2.194889
-17.159028,-1.539111,2.194948
-17.309122,-4.190149,2.202119
-17.061677,-6.941661,2.194853
-16.636708,-9.926752,2.190032
-15.741347,-13.250414,2.197352
-13.879316,-16.183109,2.198102
-11.416957,-18.633912,2.202270
-8.363129,-20.478533,2.193997
-4.826601,-21.588394,2.189450
-1.147861,-21.887834,2.200857
2.395467,-21.410633,2.196603
5.970808,-20.451467,2.191507
9.333592,-18.942138,2.193064
12.312586,-16.749560,2.198107
14.734374,-13.957980,2.201659
16.398456,-10.790082,2.198439
17.368465,-7.463679,2.192318
17.746212,-4.020675,2.192605
17.540761,-0.680850,2.196359
16.821775,2.350092,2.190368
15.740517,5.151851,2.196254
14.338917,7.668898,2.202766
12.572985,9.955891,2.201354
10.664099,11.820512,2.200203
7.858024,12.578869,-1.204351
5.748667,13.687144,-1.210691
3.602597,14.467779,-1.207884
1.485601,14.904736,-1.199825
-0.680984,15.078665,-1.203402
-2.850052,15.144883,-1.207742
-4.952751,14.645921,-1.198812
-6.922171,14.011225,-1.206180
-8.772256,13.121223,-1.213974
-10.462965,11.757465,-1.207590
-11.852325,10.235504,-1.204682
-13.058624,8.701751,-1.210415
-14.187563,6.979838,-1.205557
-15.228097,5.072239,-1.198634
-15.953689,3.035176,-1.200918
-16.558032,0.837849,-1.205193
-17.214451,-1.568713,-1.202192
-17.400087,-4.173725,-1.200888
-16.826318,-6.811215,-1.206632
-16.166135,-9.565756,-1.205091
-15.277872,-12.783974,-1.199055
-13.459047,-15.501169,-1.207117
-11.015924,-17.831855,-1.207269
-7.997468,-19.523600,-1.207366
-4.734305,-20.388922,-1.207022
-1.265366,-20.506402,-1.202522
2.150658,-19.898669,-1.204174
5.352586,-18.851354,-1.210259
8.427636,-17.249622,-1.207625
11.028259,-15.111655,-1.200137
13.113233,-12.470078,-1.201018
14.547848,-9.549359,-1.198170
15.389984,-6.512332,-1.204779
15.672343,-3.493015,-1.207876
15.511904,-0.458302,-1.198886
15.152338,2.233251,-1.205974
14.264361,4.901811,-1.206055
13.019106,7.192998,-1.206414
11.493018,9.303955,-1.210906
9.756674,11.120240,-1.207023
7.222692,11.826372,-4.602268
5.305742,12.878748,-4.603033
3.228722,13.613423,-4.608175
1.177172,13.988466,-4.607099
-0.818220,14.107151,-4.598177
-2.811800,14.200925,-4.598696
-4.750403,13.768963,-4.604077
-6.659686,13.163697,-4.609791
-8.371038,12.365383,-4.612378
-9.964780,11.161320,-4.609129
-11.298820,9.815662,-4.601871
-12.582537,8.290295,-4.597865
-13.663253,6.735245,-4.603142
-14.713149,4.919284,-4.610452
-15.467054,2.970943,-4.606289
-16.140714,0.883647,-4.598862
-16.910619,-1.489775,-4.600424
-17.097200,-4.089424,-4.602454
-16.348686,-6.554953,-4.609290
-15.493737,-9.119629,-4.610369
-14.550268,-11.941967,-4.604175
-12.775243,-14.488631,-4.603258
-10.485003,-16.583226,-4.604917
-7.664436,-18.062422,-4.603261
-4.533771,-18.738016,-4.602919
-1.342148,-18.631764,-4.606815
1.750561,-17.845557,-4.606551
4.606132,-16.647064,-4.604024
7.139082,-15.057957,-4.602574
9.319949,-13.005273,-4.604148
11.009518,-10.655328,-4.607615
12.267307,-8.051474,-4.607901
13.042637,-5.466219,-4.606466
13.355405,-2.797864,-4.607246
13.310876,-0.203323,-4.609948
13.235867,2.196112,-4.608961
12.654364,4.503254,-4.606054
11.598308,6.662393,-4.605440
10.364745,8.597509,-4.606343
8.886706,10.385176,-4.604415
6.594286,11.121083,-7.997947
4.830001,12.160173,-8.000835
2.854322,12.811354,-8.008882
0.999316,13.107134,-8.007960
-0.889857,13.124983,-8.000591
-2.774701,13.045883,-8.011016
-4.519767,12.630637,-8.005454
-6.194029,11.971804,-7.999151
-7.700212,11.172931,-8.004921
-9.179453,10.152713,-8.010359
-10.472130,9.039039,-8.006481
-11.704058,7.731802,-8.003023
-12.800094,6.308873,-8.003446
-13.798426,4.707354,-7.999886
-14.634391,2.919120,-8.004957
-15.421830,0.911787,-8.010302
-16.134016,-1.313630,-8.005024
-16.302770,-3.743504,-8.010184
-15.664150,-6.068905,-8.004946
-14.736845,-8.421853,-8.000374
-13.603526,-10.955763,-8.000735
-11.964522,-13.214383,-7.998255
-9.783651,-15.097821,-8.008337
-7.182335,-16.323139,-8.005889
-4.336247,-16.777493,-7.998151
-1.474132,-16.469752,-8.000879
1.237676,-15.514725,-8.001174
3.680573,-14.171690,-8.001599
5.746912,-12.585097,-8.001875
7.523046,-10.678693,-8.004013
8.877358,-8.665922,-8.008058
9.941825,-6.585694,-8.003067
10.722770,-4.383619,-8.000045
11.135566,-2.177762,-8.003223
11.249248,-0.024551,-8.005634
11.210703,2.134088,-8.007773
10.821978,4.160101,-8.005082
10.073882,6.084984,-8.002436
9.104777,7.916892,-8.002781
7.950452,9.681228,-8.000115
5.956338,10.425721,-11.406564
4.343979,11.433164,-11.402438
2.491940,12.003534,-11.400646
0.746354,12.226088,-11.407546
-1.015397,12.127329,-11.410910
-2.665023,11.798641,-11.401928
-4.214537,11.364248,-11.406351
-5.611174,10.595923,-11.410360
-6.879893,9.747026,-11.405282
-8.183254,8.959763,-11.405070
-9.439172,8.101201,-11.405760
-10.622459,7.017900,-11.399067
-11.673331,5.807077,-11.409546
-12.654725,4.343839,-11.404613
-13.580762,2.746912,-11.404958
-14.409876,0.925493,-11.410567
-14.941977,-1.092990,-11.405290
-15.083666,-3.335304,-11.400237
-14.694122,-5.546717,-11.399921
-13.827004,-7.704249,-11.401948
-12.582787,-9.860443,-11.405460
-11.074367,-11.834776,-11.409193
-9.072691,-13.445272,-11.407753
-6.614374,-14.440698,-11.402283
-4.056185,-14.657150,-11.404152
-1.529171,-14.179868,-11.408937
0.757166,-13.198824,-11.400489
2.744393,-11.847547,-11.403464
4.474846,-10.290402,-11.404636
5.919638,-8.680721,-11.398473
7.082149,-7.048223,-11.399936
8.079579,-5.308378,-11.406852
8.835626,-3.540718,-11.406574
9.355998,-1.686955,-11.402729
9.612767,0.139542,-11.405528
9.579384,2.061100,-11.400065
9.311187,3.890794,-11.400131
8.800549,5.653855,-11.403259
8.048707,7.346766,-11.401651
7.130909,9.001561,-11.404186
5.303924,9.708472,-14.805017
3.782103,10.641861,-14.805365
2.132764,11.132710,-14.807581
0.488233,11.290586,-14.806012
-1.146255,11.104447,-14.799029
-2.619193,10.550810,-14.804395
-3.986367,10.083525,-14.811523
-5.125353,9.249760,-14.803220
-6.121591,8.421446,-14.804281
-7.257049,7.810555,-14.810401
-8.448281,7.161040,-14.805658
-9.508613,6.302531,-14.799752
-10.503340,5.272500,-14.797807
-11.369589,4.046842,-14.808045
-12.352681,2.625627,-14.813699
-13.119739,1.024882,-14.805116
-13.460741,-0.816274,-14.798805
-13.593205,-2.742906,-14.806819
-13.503135,-4.905879,-14.803264
-12.792624,-6.906076,-14.798017
-11.606839,-8.725581,-14.801795
-10.148982,-10.486497,-14.808252
-8.276042,-11.812244,-14.806008
-6.088485,-12.529899,-14.800398
-3.800188,-12.567918,-14.801910
-1.632442,-12.052134,-14.806548
0.342814,-11.195403,-14.801440
2.074023,-9.933959,-14.798254
3.485408,-8.604362,-14.802277
4.779160,-7.267533,-14.807735
5.885865,-5.952042,-14.807861
6.841254,-4.522571,-14.805451
7.607262,-2.984372,-14.803967
8.179225,-1.361920,-14.802234
8.534368,0.320955,-14.800088
8.588441,1.964492,-14.808461
8.432128,3.682177,-14.809471
8.054493,5.352978,-14.802983
7.387147,6.942528,-14.803576
6.475580,8.436694,-14.804633
4.569283,8.914217,-18.208462
3.185188,9.717545,-18.206295
1.679962,10.175466,-18.200085
0.151573,10.263793,-18.204387
-1.283293,10.028582,-18.212725
-2.599090,9.406797,-18.200905
-3.789919,8.945158,-18.199221
-4.765221,8.163977,-18.202248
-5.592931,7.468608,-18.201172
-6.607804,6.946670,-18.202510
-7.611677,6.413974,-18.204629
-8.560381,5.667062,-18.203428
-9.444064,4.761478,-18.204992
-10.218426,3.682552,-18.202278
-11.089432,2.496591,-18.208100
-11.679769,1.055861,-18.210893
-11.840846,-0.471921,-18.206548
-11.994754,-2.172379,-18.207847
-12.145489,-4.089848,-18.211198
-11.618535,-5.936961,-18.207286
-10.542394,-7.546978,-18.200764
-9.181832,-9.037170,-18.201722
-7.500525,-10.058919,-18.209458
-5.590463,-10.551674,-18.210111
-3.566878,-10.499249,-18.206537
-1.714016,-10.049774,-18.203737
-0.007637,-9.358876,-18.200255
1.445246,-8.353166,-18.205469
2.733106,-7.219523,-18.203921
3.899514,-6.150243,-18.198193
4.960261,-5.060089,-18.204504
5.869962,-3.842629,-18.201271
6.602821,-2.509428,-18.202726
7.173271,-1.099627,-18.212936
7.572185,0.368559,-18.206387
7.738991,1.942266,-18.197867
7.678109,3.526980,-18.203763
7.382677,5.083535,-18.210053
6.745972,6.603405,-18.201948
5.788389,7.869854,-18.203200
3.688303,7.996279,-21.599164
2.475297,8.662960,-21.598981
1.192751,9.073101,-21.600743
-0.118672,9.124133,-21.607646
-1.404233,8.905499,-21.611298
-2.560002,8.431132,-21.607249
-3.569927,8.024546,-21.604808
-4.480318,7.542235,-21.600882
-5.369059,7.014348,-21.595266
-6.203599,6.504445,-21.605491
-7.040418,5.899461,-21.610143
-7.812689,5.212994,-21.598663
-8.560503,4.351750,-21.607818
-9.196976,3.405074,-21.610811
-9.820217,2.373236,-21.605114
-10.163025,1.131143,-21.600949
-10.237544,-0.125902,-21.600934
-10.393420,-1.530587,-21.603032
-10.648273,-3.271727,-21.611016
-10.215866,-4.858071,-21.607828
-9.303665,-6.188903,-21.606102
-8.115447,-7.370573,-21.610502
-6.620571,-8.159340,-21.603505
-5.014988,-8.460694,-21.602599
-3.329490,-8.372533,-21.603577
-1.789381,-8.028752,-21.603924
-0.414824,-7.508582,-21.608578
0.843690,-6.757657,-21.604007
1.967404,-5.896827,-21.603389
2.962420,-5.053697,-21.609125
3.940659,-4.109012,-21.604297
4.747530,-3.084990,-21.599438
5.407539,-1.958076,-21.601698
5.939559,-0.766654,-21.606054
6.350579,0.529712,-21.602890
6.556084,1.872682,-21.603711
6.560103,3.286364,-21.606218
6.333437,4.740472,-21.602804
5.804963,6.051757,-21.597324
4.858925,7.155367,-21.596997
2.676286,6.845434,-24.996306
1.641400,7.403365,-24.999021
0.604826,7.764443,-25.006902
-0.503216,7.807652,-25.010550
-1.551605,7.644644,-24.997641
-2.509325,7.469308,-25.009237
-3.381799,7.143572,-25.001504
-4.292256,7.003951,-25.002170
-5.234031,6.754758,-25.003653
-5.946933,6.164028,-25.007181
-6.557537,5.460811,-25.015095
-7.163987,4.760502,-25.009922
-7.699905,3.999385,-25.002082
-8.182971,3.154935,-25.008286
-8.434920,2.216877,-25.009859
-8.543386,1.202480,-25.008010
-8.604274,0.190888,-25.007576
-8.753694,-0.956339,-25.006375
-8.968426,-2.318572,-25.000522
-8.580252,-3.559079,-24.998887
-7.812929,-4.624727,-25.001628
-6.864927,-5.475779,-25.002156
-5.646804,-6.016778,-24.998900
-4.329055,-6.152714,-25.005767
-3.086845,-6.072709,-25.007110
-1.914697,-5.860591,-25.001971
-0.790016,-5.457945,-25.003386
0.209198,-4.980134,-25.005678
1.114702,-4.428169,-25.004965
1.947576,-3.769106,-25.003214
2.694791,-3.014680,-25.004885
3.347671,-2.177352,-25.002517
3.901152,-1.271829,-24.996426
4.357986,-0.313555,-24.996238
4.730059,0.729211,-25.007394
4.925378,1.815968,-25.005096
4.948802,2.966444,-25.001550
4.804592,4.154062,-25.009725
4.400324,5.281032,-25.002066
3.641319,6.178219,-24.996196
1.289136,5.347993,-28.409345
0.557562,5.751893,-28.406932
-0.167574,6.044885,-28.400249
-0.950270,6.119052,-28.403569
-1.729273,6.006529,-28.406335
-2.447284,6.108995,-28.401546
-3.140780,5.919145,-28.407480
-3.929868,5.993913,-28.402027
-4.743702,5.928281,-28.396862
-5.309211,5.346762,-28.404882
-5.732254,4.680614,-28.409650
-6.117118,4.077105,-28.406889
-6.475671,3.436289,-28.406764
-6.710029,2.739002,-28.408875
-6.590255,1.988004,-28.404040
-6.626271,1.298267,-28.404697
-6.685113,0.580414,-28.402954
-6.800490,-0.204956,-28.402950
-6.859812,-1.134038,-28.407008
-6.526579,-1.913608,-28.405584
-6.006986,-2.602052,-28.402186
-5.319925,-3.142088,-28.401968
-4.479827,-3.416847,-28.403566
-3.602945,-3.420261,-28.400115
-2.782222,-3.376401,-28.403601
-2.010626,-3.267122,-28.408241
-1.295481,-3.027474,-28.405715
-0.599452,-2.825212,-28.407020
0.071108,-2.566039,-28.408701
0.656434,-2.137706,-28.406415
1.129910,-1.592452,-28.405826
1.538663,-0.995561,-28.408392
1.911362,-0.378041,-28.411753
2.232703,0.267102,-28.411331
2.538114,0.961405,-28.403926
2.717876,1.718572,-28.401193
2.720190,2.507011,-28.405748
2.668384,3.352485,-28.399651
2.438050,4.172973,-28.398270
1.949293,4.851183,-28.403995
-2.404050,2.199933,-31.804858
