22.912798,32.776863,43.814631
17.413677,36.186558,43.814631
11.494634,38.210473,43.814631
5.482313,38.618963,43.814631
-0.428379,37.421640,43.814631
-5.963005,35.041601,43.814631
-10.536612,32.258819,43.814631
-14.462011,29.314255,43.814631
-17.984213,26.226857,43.814631
-21.142614,23.077042,43.814631
-23.959183,19.911059,43.814631
-26.558337,16.563870,43.814631
-28.991042,12.824093,43.814631
-31.007299,8.844404,43.814631
-32.507270,4.403837,43.814631
-33.139849,-0.241148,43.814631
-32.688836,-4.907163,43.814631
-31.243497,-9.366774,43.814631
-29.021293,-13.494154,43.814631
-26.074470,-17.419559,43.814631
-22.805773,-20.775822,43.814631
-19.179287,-23.741731,43.814631
-15.058050,-26.406678,43.814631
-10.664955,-28.595666,43.814631
-5.845155,-30.355698,43.814631
-0.636608,-31.596648,43.814631
5.130012,-32.225659,43.814631
10.929952,-32.068829,43.814631
17.078948,-30.957542,43.814631
23.144234,-28.695568,43.814631
28.799209,-25.100211,43.814630
33.449569,-20.283253,43.814631
36.965144,-14.318209,43.814631
39.059411,-7.956334,43.814631
39.862998,-1.082243,43.814631
39.317074,5.590914,43.814631
37.616982,12.063130,43.814631
34.941140,18.209808,43.814631
31.669496,23.565014,43.814631
28.590031,29.426989,39.217336
23.627858,33.836534,39.210915
18.247016,37.286585,39.207639
12.297220,39.721303,39.210639
5.979042,40.621520,39.215056
-0.357022,39.614108,39.214995
-6.165757,37.445814,39.210523
-10.913207,33.928964,39.207922
-14.993216,30.227759,39.202952
-18.416863,26.877996,39.207866
-21.291928,23.318855,39.216759
-23.756941,19.744211,39.205891
-25.991300,16.015660,39.210718
-27.678286,12.270768,39.217547
-29.191588,8.435272,39.211702
-30.527823,4.312762,39.208058
-31.077606,-0.001830,39.219105
-30.976053,-4.349882,39.213003
-30.043481,-8.822051,39.216033
-28.315883,-13.062147,39.215998
-25.847314,-17.179786,39.205378
-22.852392,-20.932911,39.211554
-19.422766,-24.294340,39.217589
-15.413374,-27.330648,39.222357
-10.838957,-29.928354,39.222633
-5.963644,-31.900990,39.219520
-0.419116,-33.290359,39.223903
5.495659,-33.920958,39.217340
11.660342,-33.625641,39.212660
17.920939,-32.261097,39.215773
24.056420,-29.738908,39.213237
29.742587,-25.895173,39.220943
34.488914,-20.935531,39.218518
38.240942,-14.919281,39.218389
40.760459,-8.286557,39.223637
41.928133,-1.288242,39.208631
41.438056,5.781569,39.217364
39.511019,12.608666,39.223492
36.586593,18.820115,39.218981
32.938282,24.384847,39.218639
29.148086,29.863833,34.610260
24.036801,34.315868,34.610462
18.555881,37.853661,34.611037
12.540232,40.488097,34.607251
6.133365,41.634820,34.607899
-0.369237,40.801508,34.618251
-6.149293,38.843975,34.613328
-11.217298,35.176687,34.611388
-15.325586,31.324649,34.616987
-18.899284,27.655645,34.623215
-21.723044,23.932640,34.622528
-24.139016,19.938368,34.613138
-25.912138,16.130234,34.616357
-27.369835,12.190621,34.617289
-28.640379,8.184107,34.620108
-29.575659,4.330301,34.619938
-30.050918,0.154441,34.605974
-29.967370,-4.281163,34.609956
-29.223834,-8.653854,34.617431
-27.837444,-12.868858,34.617976
-25.773922,-17.057662,34.615919
-23.045558,-21.131057,34.618156
-19.810981,-24.816758,34.622526
-15.923800,-28.173506,34.614449
-11.186099,-31.168300,34.609285
-6.049749,-33.410574,34.618192
-0.174973,-34.939411,34.609593
5.869616,-35.537136,34.618442
12.158370,-35.119975,34.621361
18.736617,-33.494524,34.606014
24.913400,-30.714869,34.606593
30.604275,-26.628179,34.610321
35.387917,-21.505157,34.606904
39.260502,-15.389313,34.609489
41.941276,-8.659430,34.619359
43.213254,-1.289818,34.616538
42.624002,5.920533,34.620091
40.556990,12.866970,34.623306
37.486555,19.164663,34.620108
33.669010,24.783148,34.614436
29.187781,29.868541,30.025177
23.934003,34.297378,30.015925
18.542637,37.709847,30.008793
12.453469,40.386606,30.006844
6.199237,41.603403,30.006958
-0.176313,40.980629,30.007798
-6.280663,39.031279,30.021327
-11.293157,35.923174,30.019011
-15.608282,32.204159,30.018941
-19.408897,28.315603,30.024474
-22.350218,24.604436,30.022695
-24.760441,20.528077,30.023051
-26.432612,16.359265,30.022791
-27.837197,12.329539,30.024244
-28.819863,8.439515,30.019410
-29.392113,4.210433,30.010489
-29.699269,0.201028,30.012025
-29.480007,-4.051274,30.016524
-28.767066,-8.495745,30.009375
-27.567441,-12.826676,30.007082
-25.836339,-16.979458,30.012429
-23.359545,-21.289521,30.009154
-20.162453,-25.401862,30.018693
-16.204184,-29.139878,30.020779
-11.503265,-32.335361,30.011205
-6.131702,-34.823216,30.007712
-0.187797,-36.424958,30.009711
6.180133,-37.027811,30.005453
12.783131,-36.466541,30.008063
19.407213,-34.638939,30.013693
25.791358,-31.522987,30.005390
31.429126,-27.201706,30.015190
36.169741,-21.908285,30.017585
40.040213,-15.670000,30.015174
42.698839,-8.824636,30.022713
43.822572,-1.324682,30.024861
43.046726,5.969045,30.009870
40.837763,12.978345,30.013438
37.650725,19.325781,30.028958
33.693931,24.965348,30.031231
28.692029,29.429418,25.412187
23.497876,33.611971,25.409295
18.000630,36.925817,25.406540
12.054960,39.394969,25.406678
5.982592,40.547247,25.412958
-0.429940,40.011025,25.420008
-6.108205,38.246666,25.412639
-11.284851,35.794340,25.405634
-15.871370,32.429262,25.411440
-19.622209,28.758598,25.419139
-22.785227,25.208457,25.419596
-25.322196,21.176611,25.419727
-27.085247,16.765714,25.412500
-28.535670,12.714923,25.406905
-29.385349,8.550028,25.408550
-29.552183,4.252297,25.413907
-29.674925,0.213355,25.416896
-29.263319,-4.045491,25.418802
-28.565040,-8.276731,25.415310
-27.515922,-12.669109,25.415662
-25.886717,-17.142850,25.422029
-23.604243,-21.588878,25.422574
-20.426972,-26.047123,25.422749
-16.578797,-29.940794,25.412055
-11.746622,-33.416739,25.404774
-6.168260,-36.099650,25.418380
0.033695,-37.788541,25.425737
6.440538,-38.338626,25.415567
13.307157,-37.641526,25.413494
19.924845,-35.661102,25.424927
26.267919,-32.377027,25.423375
32.021605,-27.756520,25.415373
36.809559,-22.142040,25.407194
40.562307,-15.781250,25.409346
43.046718,-8.832575,25.416654
43.855561,-1.489032,25.410971
42.865229,5.819285,25.406113
40.520866,12.823727,25.409376
37.232167,19.162552,25.414247
33.310270,24.582463,25.414476
27.680848,28.567205,20.821237
22.570959,32.415285,20.816592
16.980778,35.508433,20.810760
11.429350,37.573956,20.813441
5.356228,38.585977,20.822584
-0.549210,38.111732,20.821398
-5.977542,36.473408,20.808603
-11.138831,34.632702,20.805932
-15.549697,31.965470,20.815137
-19.440619,28.456075,20.821167
-22.772321,25.105050,20.816192
-25.444902,21.190642,20.809373
-27.313323,16.851226,20.806841
-28.838765,12.842893,20.808082
-29.654906,8.466590,20.809984
-29.640465,4.181457,20.814049
-29.633781,0.162818,20.819286
-29.141632,-4.065573,20.815939
-28.457708,-8.275402,20.817595
-27.510134,-12.667665,20.814451
-26.041269,-17.170237,20.805972
-23.828385,-21.885462,20.812056
-20.817016,-26.424124,20.813775
-16.770070,-30.744251,20.819089
-12.029832,-34.294670,20.823939
-6.306408,-37.148600,20.819725
0.084895,-38.921300,20.820168
6.698046,-39.435211,20.812482
13.754921,-38.604706,20.808805
20.518748,-36.421641,20.816975
26.939144,-32.858186,20.820723
32.366523,-28.269946,20.815254
37.137782,-22.387633,20.811088
40.701518,-15.955611,20.808399
42.989326,-8.736467,20.807701
43.393572,-1.397167,20.813793
42.105721,5.829259,20.808945
39.677013,12.509344,20.808426
36.276637,18.749088,20.815796
32.242434,24.046279,20.820704
26.207431,27.330901,16.214793
21.027348,30.883950,16.210275
15.813143,33.450015,16.215331
10.267968,35.195607,16.217774
4.728886,35.900348,16.214585
-0.605841,35.476207,16.219170
-5.745584,34.033288,16.213076
-10.622147,32.425516,16.219222
-14.918942,30.173366,16.221369
-18.557262,27.243720,16.218424
-21.838634,23.958996,16.221447
-24.464481,20.405442,16.219696
-26.568958,16.522768,16.223221
-28.153943,12.394392,16.214652
-29.012718,8.305686,16.212773
-29.293570,4.358686,16.217587
-29.282096,0.175895,16.210395
-28.955321,-3.994375,16.215400
-28.410424,-8.143699,16.213567
-27.511433,-12.704229,16.207153
-26.103360,-17.378922,16.209034
-24.033234,-22.057328,16.215540
-21.056046,-26.778597,16.222071
-17.022988,-31.284594,16.222127
-12.247739,-34.996120,16.219400
-6.444466,-37.956538,16.218738
0.051669,-39.781921,16.215280
7.012721,-40.258355,16.218374
13.934436,-39.344437,16.214667
20.765883,-37.035791,16.208818
27.205956,-33.301124,16.219863
32.775747,-28.359387,16.218822
37.268649,-22.435485,16.212214
40.636648,-15.777341,16.213378
42.542643,-8.593827,16.217614
42.515490,-1.374215,16.213769
40.949722,5.666376,16.213997
38.258974,12.353858,16.212478
34.831120,18.167369,16.211104
30.846025,23.057044,16.213997
24.393178,25.819825,11.619968
19.392040,28.915832,11.615327
14.406986,31.049172,11.614021
9.148262,32.391606,11.615576
3.967744,32.819386,11.615758
-0.984202,32.346882,11.615098
-5.578326,31.150273,11.610562
-9.787958,29.520866,11.608139
-13.889734,27.582161,11.611894
-17.385222,25.124067,11.610372
-20.123944,22.101097,11.607134
-22.809943,18.755174,11.620260
-25.153264,15.676079,11.617017
-26.570862,11.918133,11.609935
-27.640502,7.958793,11.609987
-28.558979,4.256421,11.614702
-28.647773,0.178222,11.616365
-28.643515,-3.892757,11.607166
-28.300946,-8.164704,11.615173
-27.491782,-12.618312,11.618933
-26.147527,-17.402293,11.604641
-24.111240,-22.187195,11.607321
-21.166828,-27.011772,11.619810
-17.177156,-31.635320,11.626268
-12.223534,-35.575515,11.623461
-6.374180,-38.548556,11.617432
0.168941,-40.352510,11.611132
7.165562,-40.757309,11.616802
14.107762,-39.743985,11.622170
20.926806,-37.324856,11.621195
27.318168,-33.469683,11.622543
32.807525,-28.407144,11.619728
37.124930,-22.335450,11.619163
40.151380,-15.735243,11.617889
41.731682,-8.458104,11.610979
41.268463,-1.227991,11.605738
39.419638,5.538944,11.611089
36.555244,11.931440,11.613451
33.136085,17.265515,11.613493
28.917012,22.023671,11.618023
22.382694,24.150747,7.014351
17.608894,26.811799,7.012013
12.900169,28.550610,7.009716
7.968061,29.521837,7.014237
3.387888,29.687854,7.015270
-1.170137,29.183501,7.006220
-5.426417,28.158265,7.016669
-9.158031,26.387874,7.017986
-12.558495,24.831789,7.013051
-15.870877,22.818613,7.010486
-18.442965,19.807039,7.009445
-20.758816,17.198988,7.010728
-23.439073,14.556322,7.014255
-24.765830,11.185514,7.010312
-26.009661,7.661126,7.006314
-27.568627,4.102698,7.013578
-27.879399,0.155345,7.022707
-28.217076,-3.766829,7.013850
-28.096821,-8.112973,7.011470
-27.336741,-12.650865,7.016802
-26.087210,-17.283355,7.020055
-24.076134,-22.125383,7.024347
-21.168130,-27.002697,7.020887
-17.246967,-31.703951,7.011057
-12.347093,-35.712473,7.011935
-6.503640,-38.694560,7.021699
0.246856,-40.527304,7.009774
7.227807,-40.855527,7.013759
14.139207,-39.754707,7.019245
20.898926,-37.251784,7.011853
27.204851,-33.321862,7.010532
32.584793,-28.188737,7.018600
36.592423,-22.213051,7.021973
39.427598,-15.314478,7.018909
40.600974,-8.219009,7.014086
39.726096,-1.053670,7.009789
37.530353,5.590207,7.012170
34.574289,11.433161,7.009773
31.038612,16.430944,7.006961
26.912945,20.682549,7.010917
20.345690,22.463714,2.411839
15.853751,24.753798,2.417289
11.464065,26.175930,2.412474
6.894134,26.847421,2.413706
2.698883,26.814046,2.422242
-1.462266,26.274926,2.409660
-5.145637,25.390649,2.404066
-8.521092,23.734055,2.416976
-11.560210,22.271015,2.420116
-14.433050,20.595751,2.416115
-16.810803,18.200571,2.415926
-19.172930,15.819767,2.408970
-21.637721,13.497801,2.415688
-23.242451,10.370740,2.421823
-24.713017,7.329691,2.422813
-26.422413,4.003669,2.420380
-27.110286,0.266397,2.415107
-27.705522,-3.682547,2.416457
-27.743469,-7.860727,2.412001
-27.068130,-12.443288,2.404764
-25.830906,-17.102732,2.408264
-23.822792,-21.951407,2.418313
-20.933709,-26.823778,2.408913
-17.221807,-31.393992,2.409480
-12.232382,-35.555656,2.423408
-6.402225,-38.469037,2.421755
0.097893,-40.185525,2.413083
7.016408,-40.468051,2.420391
14.058979,-39.261699,2.421830
20.713847,-36.685435,2.415378
26.731200,-32.841005,2.420928
31.992159,-27.698095,2.410983
35.812781,-21.687238,2.417840
38.302060,-14.963136,2.421081
39.167586,-7.895655,2.410754
38.008615,-1.056498,2.422572
35.521130,5.417180,2.423905
32.412388,10.887320,2.421313
28.796758,15.527825,2.418707
24.657448,19.433884,2.413066
18.428747,20.880022,-2.188137
14.263318,22.875294,-2.188688
10.027324,24.123478,-2.182319
6.040543,24.568016,-2.181710
2.028672,24.404577,-2.185392
-1.548521,23.913086,-2.180469
-4.863651,23.097456,-2.187567
-8.000071,21.769446,-2.180074
-10.824775,20.237809,-2.175919
-13.390211,18.667346,-2.180668
-15.820563,16.891524,-2.186289
-18.045218,14.864530,-2.194211
-20.149148,12.441492,-2.182397
-21.969142,10.041599,-2.176725
-23.770297,7.148510,-2.176846
-25.274290,3.862777,-2.181716
-26.378011,0.423716,-2.194671
-27.088739,-3.527767,-2.193287
-27.173584,-7.740003,-2.182302
-26.606413,-12.120429,-2.182498
-25.353009,-16.771186,-2.194253
-23.417181,-21.400804,-2.195497
-20.553199,-26.230686,-2.188424
-16.900184,-30.781902,-2.178169
-12.149936,-34.779949,-2.180746
-6.373956,-37.619044,-2.193728
0.051936,-39.252949,-2.180125
6.870135,-39.435600,-2.172479
13.589734,-38.190514,-2.182987
19.937239,-35.684173,-2.188117
25.849645,-31.883559,-2.177112
30.862895,-26.946041,-2.187234
34.573343,-20.995554,-2.188273
36.867456,-14.321859,-2.177030
37.463755,-7.536244,-2.177285
36.059068,-0.848127,-2.188550
33.388152,5.222571,-2.182964
30.163562,10.300927,-2.175993
26.525185,14.593593,-2.177625
22.613500,18.082477,-2.183195
16.903542,19.392794,-6.779021
12.940236,21.271519,-6.777314
9.090246,22.381296,-6.778612
5.301546,22.780014,-6.776840
1.680055,22.617474,-6.778265
-1.719842,22.156555,-6.787901
-4.859689,21.365783,-6.777652
-7.556440,20.392656,-6.782872
-10.195033,18.878493,-6.791820
-12.618381,17.367388,-6.790034
-15.114168,15.964361,-6.788568
-17.271791,14.086481,-6.790465
-18.963272,11.781752,-6.791066
-21.102487,9.587367,-6.790032
-22.952845,6.997726,-6.783491
-24.246060,3.776797,-6.781789
-25.624775,0.440966,-6.790181
-26.315188,-3.306042,-6.781346
-26.411961,-7.323141,-6.786837
-25.898111,-11.668503,-6.797828
-24.678207,-16.084720,-6.792287
-22.725195,-20.641172,-6.782422
-19.955634,-25.200818,-6.782438
-16.310477,-29.627598,-6.791072
-11.751236,-33.373202,-6.789861
-6.245725,-36.033105,-6.776471
-0.121654,-37.512862,-6.779176
6.357228,-37.582180,-6.787505
12.728957,-36.327167,-6.793242
18.921817,-33.841610,-6.791627
24.524725,-30.208152,-6.781794
29.289523,-25.524162,-6.778207
32.883712,-19.902658,-6.780589
35.056573,-13.571094,-6.779904
35.496955,-7.104280,-6.778331
33.986239,-0.593812,-6.785080
31.203098,5.056280,-6.784324
27.909864,9.728987,-6.787962
24.322632,13.694171,-6.791543
20.563599,16.961460,-6.785549
15.383625,18.164179,-11.381236
11.835373,19.866740,-11.391202
8.228424,20.929235,-11.396851
4.677968,21.351505,-11.393143
1.277449,21.265026,-11.392957
-1.741803,20.897871,-11.395322
-4.694476,20.188886,-11.384029
-7.425972,19.296121,-11.391820
-9.751575,17.981516,-11.392806
-12.023245,16.560955,-11.388880
-14.411491,15.327616,-11.392517
-16.604779,13.487984,-11.380589
-18.196648,11.327300,-11.379805
-20.275495,9.334133,-11.376792
-22.132876,6.796336,-11.384458
-23.315654,3.751529,-11.396138
-24.722725,0.478679,-11.388169
-25.341498,-3.042889,-11.386212
-25.431258,-6.996026,-11.393764
-24.943904,-11.070158,-11.387029
-23.688199,-15.370351,-11.375699
-21.760087,-19.603727,-11.390449
-19.167101,-23.681959,-11.382641
-15.592736,-27.688207,-11.380259
-11.194317,-31.074466,-11.385512
-6.038858,-33.575489,-11.378038
-0.272077,-34.883328,-11.385347
5.628836,-34.799774,-11.392862
11.592818,-33.535454,-11.388862
17.234641,-31.265816,-11.383323
22.495925,-27.860836,-11.388565
27.019172,-23.531413,-11.389281
30.652559,-18.406247,-11.388396
32.829585,-12.732450,-11.384099
33.220955,-6.464362,-11.377935
31.842970,-0.527325,-11.379081
29.006325,4.853162,-11.376466
25.630932,9.256596,-11.384609
22.311762,12.775905,-11.391468
18.793772,15.854713,-11.384495
13.945583,17.012351,-15.994511
10.690160,18.623536,-15.996546
7.373204,19.642647,-15.982415
4.105211,20.114593,-15.979380
0.966421,20.142523,-15.991721
-1.826446,19.853329,-15.982533
-4.561156,19.237266,-15.991084
-7.098077,18.463727,-15.985220
-9.432572,17.254051,-15.972939
-11.688838,15.877873,-15.980783
-13.859744,14.683546,-15.994136
-15.896077,12.997933,-15.991964
-17.572744,10.958763,-15.992028
-19.563827,8.955506,-15.990141
-21.213119,6.542143,-15.984124
-22.342116,3.756605,-15.985325
-23.611061,0.543318,-15.992869
-24.159857,-2.880858,-15.981833
-24.229649,-6.526309,-15.989550
-23.747664,-10.285169,-15.993487
-22.525497,-14.234423,-15.984907
-20.657530,-18.100659,-15.993437
-18.043398,-21.929567,-15.988182
-14.580558,-25.211031,-15.984377
-10.452850,-27.992107,-15.986023
-5.722924,-30.332129,-15.981680
-0.541928,-31.423357,-15.979424
4.737636,-31.187424,-15.979531
10.057783,-29.950339,-15.983491
15.254283,-27.830611,-15.987220
19.969002,-24.772661,-15.986516
24.100014,-20.987243,-15.991197
27.760325,-16.664434,-15.988899
30.133997,-11.630689,-15.985197
30.547622,-5.818209,-15.985632
29.361486,-0.316239,-15.979815
26.673460,4.598586,-15.980459
23.351180,8.723168,-15.981071
20.271230,11.951684,-15.981847
17.185392,14.726284,-15.987752
12.645366,15.798633,-20.584606
9.600685,17.390794,-20.584128
6.617820,18.367706,-20.581758
3.675724,18.901011,-20.585039
0.841481,19.064249,-20.593173
-1.988223,18.828116,-20.594034
-4.472232,18.305366,-20.593294
-6.910130,17.572340,-20.592954
-9.194058,16.478730,-20.592294
-11.253187,15.256138,-20.587130
-13.279487,13.991342,-20.577377
-15.223495,12.355131,-20.575935
-16.853082,10.608219,-20.590663
-18.630173,8.578969,-20.586318
-20.137693,6.191318,-20.577032
-21.276160,3.575521,-20.575641
-22.234327,0.750943,-20.575238
-22.725774,-2.499181,-20.584814
-22.791369,-5.943820,-20.581743
-22.278792,-9.488305,-20.584064
-21.074179,-13.028097,-20.592054
-19.268682,-16.468885,-20.581986
-16.734237,-19.830053,-20.576494
-13.408303,-22.306543,-20.584915
-9.578595,-24.400479,-20.590360
-5.437887,-26.444926,-20.583974
-0.872321,-27.278847,-20.584591
3.753010,-26.917939,-20.582524
8.389662,-25.724256,-20.582785
12.798063,-23.871564,-20.583297
16.827393,-21.288768,-20.578351
20.541185,-18.073726,-20.589410
24.249720,-14.498414,-20.588184
26.815564,-10.219567,-20.581637
27.332314,-5.092973,-20.588170
26.406655,-0.079164,-20.588696
24.001112,4.368748,-20.584725
20.987740,8.106512,-20.579759
18.140274,11.172868,-20.578376
15.402316,13.743639,-20.581611
11.133028,14.621041,-25.192016
8.481807,16.089712,-25.182011
5.749717,17.056952,-25.179144
3.041038,17.636929,-25.181209
0.550065,17.877114,-25.181854
-2.080160,17.706508,-25.195324
-4.407309,17.247955,-25.182174
-6.677417,16.558451,-25.189269
-8.849083,15.608362,-25.191615
-10.784666,14.478176,-25.183756
-12.596990,13.164042,-25.185772
-14.298631,11.706720,-25.181116
-16.015207,10.066456,-25.179362
-17.496886,8.056294,-25.177393
-18.780097,5.897544,-25.180405
-19.888979,3.513623,-25.181213
-20.630981,0.843647,-25.175941
-21.041559,-2.025943,-25.182141
-21.097456,-5.191334,-25.192732
-20.575284,-8.444089,-25.192163
-19.380285,-11.654220,-25.183885
-17.655756,-14.617764,-25.182331
-15.233814,-17.445749,-25.183518
-12.059526,-19.232451,-25.182414
-8.749152,-20.614499,-25.180696
-5.147409,-22.208380,-25.182265
-1.222252,-22.703901,-25.187379
2.726206,-22.295521,-25.191142
6.524192,-21.222104,-25.188062
10.128871,-19.583879,-25.182541
13.576192,-17.389507,-25.184615
16.707310,-14.790682,-25.190917
19.944133,-12.005042,-25.185592
22.558833,-8.457576,-25.178199
23.340338,-4.121179,-25.182184
22.750592,0.206214,-25.180653
20.865009,4.103366,-25.182436
18.441789,7.411950,-25.179327
16.050850,10.221826,-25.177174
13.620717,12.663388,-25.186979
9.581523,13.281530,-29.794650
7.264254,14.646097,-29.795120
4.863461,15.579470,-29.790533
2.467900,16.168206,-29.792323
0.133915,16.454443,-29.795774
-2.105407,16.364615,-29.781810
-4.309150,15.956452,-29.776583
-6.447298,15.293227,-29.783189
-8.320505,14.536591,-29.785460
-10.158542,13.472901,-29.780751
-11.718663,12.192707,-29.778190
-13.320455,10.789885,-29.782311
-14.904441,9.360486,-29.787113
-16.069429,7.463012,-29.781650
-17.198796,5.511704,-29.779304
-18.204988,3.406923,-29.784138
-18.753047,0.990548,-29.785138
-19.108223,-1.559942,-29.777403
-19.147849,-4.361423,-29.779648
-18.629209,-7.230337,-29.778597
-17.482914,-10.026785,-29.778480
-15.834673,-12.569372,-29.787772
-13.618060,-14.833714,-29.778323
-10.793719,-16.086780,-29.782562
-7.864887,-16.967561,-29.790965
-4.778846,-17.922183,-29.785511
-1.646294,-17.998326,-29.783226
1.506264,-17.698840,-29.789514
4.594898,-16.794830,-29.790216
7.472133,-15.250071,-29.781101
10.229987,-13.538395,-29.778222
12.867670,-11.437133,-29.787639
14.987979,-8.862845,-29.793976
16.728553,-6.075095,-29.787915
18.159357,-2.922326,-29.780331
18.045827,0.532851,-29.790318
17.017336,3.891178,-29.785592
15.556534,6.771243,-29.775221
13.721233,9.329276,-29.777227
11.740478,11.490701,-29.786553
7.890302,11.753414,-34.372375
5.932023,12.970182,-34.390020
3.900962,13.847379,-34.388522
1.766289,14.430111,-34.377695
-0.243783,14.699566,-34.396779
-2.271934,14.675817,-34.379960
-4.180212,14.345938,-34.377714
-6.022912,13.762266,-34.391390
-7.752775,13.103757,-34.385849
-9.336603,12.181548,-34.373058
-10.708473,10.942619,-34.378312
-12.092099,9.720684,-34.390598
-13.473914,8.495652,-34.396363
-14.360056,6.788607,-34.389413
-15.334824,5.101804,-34.376898
-16.215324,3.202650,-34.376347
-16.590263,1.190756,-34.386213
-16.889875,-1.090859,-34.387881
-16.898655,-3.397512,-34.384407
-16.401615,-5.837814,-34.379386
-15.393039,-8.114156,-34.375192
-13.906081,-10.229405,-34.378060
-11.975314,-11.974908,-34.392208
-9.518443,-12.941855,-34.385372
-6.948654,-13.432121,-34.381347
-4.487423,-13.663964,-34.390038
-2.022164,-13.360535,-34.379479
0.499713,-13.220464,-34.374786
2.906938,-12.492584,-34.384007
4.903967,-11.114677,-34.391388
7.015374,-9.827981,-34.385398
9.099921,-8.281175,-34.380689
9.876148,-5.827101,-34.380618
10.263909,-3.338430,-34.379917
12.128796,-1.482655,-34.378123
12.583716,0.969474,-34.383624
12.611076,3.450284,-34.383532
12.407815,5.961126,-34.386192
11.283657,8.221645,-34.392908
9.704379,10.180391,-34.380554
5.837675,10.000937,-38.980705
4.239631,11.026962,-38.984788
2.611712,11.798092,-38.983706
0.872752,12.294639,-38.979764
-0.775187,12.517121,-38.985614
-2.437522,12.557038,-38.991968
-4.082304,12.308943,-38.984509
-5.588632,11.809427,-38.990858
-7.022151,11.282301,-38.986544
-8.306924,10.503000,-38.985435
-9.400384,9.440079,-38.989491
-10.557131,8.448892,-38.979131
-11.728673,7.386268,-38.981430
-12.316192,5.987790,-38.987559
-13.121082,4.606312,-38.985425
-13.787051,3.032639,-38.980012
-14.046741,1.371319,-38.982131
-14.262245,-0.418335,-38.991153
-14.227705,-2.372337,-38.994125
-13.766990,-4.269840,-38.986614
-12.907378,-6.024857,-38.980012
-11.667567,-7.630032,-38.978657
-10.083548,-8.906218,-38.975621
-8.115869,-9.600454,-38.985242
-6.078470,-9.720783,-38.985654
-4.154281,-9.403887,-38.976965
-2.348651,-8.873763,-38.983348
-0.582502,-8.867970,-38.979757
1.152468,-8.435633,-38.979683
2.571781,-7.249703,-38.987118
4.102863,-6.323252,-38.979119
5.497991,-5.251617,-38.981432
5.886025,-3.347493,-38.993198
5.538176,-1.377835,-38.992226
6.880222,-0.176537,-38.979535
7.529462,1.363978,-38.978530
7.971032,3.135372,-38.987436
8.785358,5.119679,-38.990833
8.425784,7.069374,-38.983511
7.338093,8.703331,-38.979575
3.198906,7.755513,-43.585990
2.085723,8.484990,-43.584236
0.955694,9.077875,-43.584005
-0.274327,9.453403,-43.580340
-1.502555,9.591738,-43.584014
-2.682069,9.721219,-43.589634
-3.862590,9.598798,-43.591632
-4.928362,9.209583,-43.590196
-6.006540,8.824793,-43.589739
-6.938871,8.202116,-43.587361
-7.697446,7.414289,-43.589724
-8.579475,6.753477,-43.584464
-9.365463,5.985557,-43.577697
-9.720497,4.889117,-43.593043
-10.324733,3.921370,-43.584130
-10.646781,2.796372,-43.584117
-10.783914,1.604596,-43.584208
-10.910526,0.378968,-43.579979
-10.852124,-0.907474,-43.585084
-10.478878,-2.187814,-43.589433
-9.813384,-3.409387,-43.584062
-8.945709,-4.421014,-43.579493
-7.807201,-5.211942,-43.586337
-6.524291,-5.648468,-43.587161
-5.121528,-5.543370,-43.586990
-3.792717,-4.936934,-43.587536
-2.739089,-4.490655,-43.584737
-1.635243,-4.517271,-43.588881
-0.530261,-4.350131,-43.591621
0.328714,-3.557917,-43.587544
1.186378,-2.992314,-43.591909
2.114616,-2.335604,-43.591085
2.543446,-1.310256,-43.585016
2.045321,0.036169,-43.591729
2.508604,0.866914,-43.589933
3.246021,1.741366,-43.587463
3.459138,2.764262,-43.589820
4.505521,4.089979,-43.580249
4.812866,5.553633,-43.589071
4.230433,6.830334,-43.591403
-3.277506,3.167382,-48.185369
14.599472,21.876839,43.814631
10.934307,23.442243,43.814631
7.044447,24.305173,43.814631
3.060169,24.386318,43.814631
-0.563486,23.830798,43.814631
-3.930050,22.854308,43.814631
-7.039523,21.619289,43.814631
-9.765862,20.303665,43.814631
-12.542664,18.741064,43.814631
-15.080797,17.091277,43.814631
-17.623031,15.170362,43.814631
-20.099355,12.920697,43.814631
-22.379466,10.253704,43.814631
-24.053472,7.166197,43.814631
-24.753213,3.730790,43.814631
-24.317406,0.240948,43.814631
-22.968715,-2.998301,43.814631
-21.095449,-5.773476,43.814631
-18.832466,-8.239052,43.814631
-16.541807,-10.219010,43.814631
-14.080065,-11.981102,43.814631
-11.631501,-13.474028,43.814631
-9.241627,-14.748505,43.814631
-6.503938,-16.039864,43.814631
-3.714883,-17.216074,43.814631
-0.589085,-18.408514,43.814631
3.042272,-19.606149,43.814631
7.223596,-20.623877,43.814631
11.979642,-21.117571,43.814631
17.221219,-20.630262,43.814631
22.367809,-18.944275,43.814631
27.294727,-15.952615,43.814631
30.969426,-11.752679,43.814631
32.787752,-6.296252,43.814631
32.385100,-0.722300,43.814631
30.584127,4.569759,43.814631
27.962352,9.305292,43.814631
25.001137,13.269360,43.814631
21.695355,16.744751,43.814631
18.207912,19.541367,39.623406
14.815087,22.039802,39.614121
10.956864,23.539953,39.616742
7.101514,24.631378,39.623814
3.172816,24.771834,39.623498
-0.641711,23.276518,39.619444
-3.857366,22.754969,39.611335
-6.906622,21.117517,39.610512
-9.305165,19.058931,39.613082
-11.820276,17.555714,39.611564
-14.341937,16.198011,39.612742
-16.152522,13.849133,39.619271
-16.583534,10.770984,39.611776
-17.218087,8.138660,39.609674
-17.615123,5.753001,39.612538
-17.553428,3.176170,39.616667
-17.254400,0.764464,39.619601
-16.648234,-1.453618,39.619511
-15.690155,-3.538171,39.617913
-14.980847,-5.741434,39.617609
-14.037086,-8.073575,39.616474
-12.241574,-9.751642,39.612811
-10.367473,-11.319333,39.613373
-8.303460,-12.825765,39.614757
-6.086932,-14.126777,39.616913
-3.586204,-15.466024,39.620519
-0.691031,-16.965463,39.617466
2.572358,-17.679358,39.614968
5.976747,-17.790049,39.617788
9.886248,-17.682043,39.622245
13.831563,-16.701957,39.621054
17.279044,-14.591626,39.617989
20.207444,-11.746643,39.618152
22.582431,-8.154896,39.615652
24.001106,-4.202951,39.608172
24.897398,-0.114156,39.609973
25.351438,4.200196,39.616719
24.817459,8.605189,39.617570
23.264029,12.669527,39.617093
21.094173,16.286947,39.622358
18.470819,19.671360,35.406311
15.087011,22.271261,35.416223
11.024774,23.795712,35.421211
7.065083,24.713009,35.413476
3.165888,24.683987,35.407828
-0.583173,23.216356,35.413218
-3.836983,22.378214,35.414426
-6.756430,20.565475,35.411214
-8.968928,18.343880,35.415961
-11.229817,16.701981,35.415707
-13.475513,15.162915,35.408314
-14.788694,12.662583,35.410631
-14.725042,9.695549,35.418200
-15.064669,7.277000,35.409393
-15.302250,5.104333,35.410141
-15.240774,3.042236,35.419886
-15.008340,0.996198,35.421645
-14.500418,-1.000639,35.411939
-13.768011,-2.789433,35.410967
-13.322137,-4.808732,35.416957
-12.687091,-6.992527,35.418663
-11.293718,-8.711851,35.411420
-9.825107,-10.348074,35.407871
-8.023906,-11.978768,35.410855
-5.912530,-13.468259,35.417252
-3.597480,-14.860149,35.420288
-0.738677,-16.044164,35.415276
2.297220,-16.585671,35.415192
5.523070,-16.635925,35.413838
8.982531,-16.314176,35.409453
12.598235,-15.366365,35.419627
16.007639,-13.554134,35.413273
19.008261,-10.906514,35.413651
21.314404,-7.652328,35.422390
22.864908,-3.969906,35.417696
23.841227,0.031469,35.418637
24.267810,4.137121,35.418991
23.940989,8.358995,35.420076
22.806855,12.481764,35.418441
21.044419,16.265194,35.410102
18.535177,19.756002,31.215391
15.041953,22.272589,31.219728
11.110421,23.748401,31.221270
6.963571,24.250998,31.214757
3.034974,23.955201,31.211760
-0.661708,23.070392,31.220384
-3.773454,21.645316,31.224067
-6.560527,19.870841,31.212945
-8.803479,17.823249,31.217677
-10.817570,15.896969,31.218945
-12.553958,14.036899,31.210070
-13.579943,11.723638,31.212455
-13.759188,9.064112,31.217821
-14.107162,6.937364,31.206861
-14.355026,4.925962,31.212959
-14.365394,2.895781,31.220039
-14.210297,1.000244,31.218301
-13.883921,-0.745068,31.221452
-13.338070,-2.565025,31.214936
-12.823189,-4.532951,31.208211
-12.198809,-6.451123,31.208220
-11.119085,-8.322539,31.209692
-9.745006,-10.313559,31.207134
-8.016902,-12.137674,31.204676
-6.059930,-13.800012,31.208255
-3.633002,-15.407163,31.214929
-0.789311,-15.939527,31.210056
2.251734,-16.386195,31.212181
5.506977,-16.645101,31.220652
8.900197,-16.066267,31.221703
12.291052,-15.018625,31.218814
15.856115,-13.345905,31.217056
18.944823,-10.927089,31.216198
21.456848,-7.725368,31.212022
23.284060,-4.102135,31.207871
24.377011,-0.060055,31.213063
24.616353,4.121967,31.210189
24.075630,8.389529,31.212142
22.918193,12.442346,31.219380
21.145127,16.317646,31.217860
17.801351,19.134362,27.017501
14.305733,21.373091,27.007938
10.459258,22.796683,27.014408
6.355799,22.903293,27.020779
2.678298,22.477135,27.018224
-0.699630,22.216912,27.021872
-3.727867,20.389359,27.019918
-6.293549,18.989586,27.012517
-8.633762,17.290075,27.010253
-10.282811,15.200968,27.018891
-11.591356,12.890045,27.016204
-12.551088,10.828595,27.007320
-13.230962,8.789770,27.022137
-13.727089,6.698813,27.021666
-14.010402,4.824219,27.022207
-14.130353,2.931572,27.021168
-14.081856,1.036898,27.018843
-13.891521,-0.849677,27.021669
-13.580513,-2.723641,27.012634
-12.952990,-4.639776,27.013670
-12.163188,-6.505225,27.017487
-11.292297,-8.606107,27.006651
-10.073210,-10.829682,27.008886
-8.418776,-12.876198,27.014890
-6.311046,-14.947578,27.016086
-3.724835,-16.748211,27.017473
-0.740480,-17.068626,27.018175
2.438188,-17.417985,27.017516
5.927222,-17.638676,27.017771
9.265812,-16.803265,27.015375
12.656681,-15.414254,27.005840
16.152916,-13.634209,27.018525
19.378299,-11.204688,27.020681
22.061194,-7.995975,27.009283
24.006896,-4.303122,27.013984
25.062087,-0.128604,27.013357
24.994615,4.167228,27.010261
24.105936,8.371652,27.013144
22.661693,12.311418,27.019518
20.580439,16.014761,27.021878
15.855097,17.483595,22.811676
12.547293,19.292990,22.815433
9.067605,20.484617,22.812232
5.463990,20.641717,22.813932
2.180758,20.352962,22.820592
-0.815482,20.148021,22.818151
-3.611683,18.708465,22.812580
-6.082220,17.778082,22.809292
-8.275613,16.514170,22.817888
-9.776914,14.227230,22.822318
-10.626942,11.835755,22.821995
-11.641852,10.100510,22.820906
-12.874661,8.508842,22.809525
-13.509615,6.607339,22.819620
-13.879039,4.746106,22.823176
-14.128934,2.881388,22.823998
-14.200242,1.121627,22.821606
-14.179475,-0.889635,22.806692
-14.094062,-2.918806,22.808602
-13.408155,-4.912892,22.811164
-12.523511,-6.731179,22.806925
-11.793875,-9.140018,22.805628
-10.659416,-11.663439,22.809972
-8.945023,-14.155460,22.814756
-6.679517,-16.520106,22.817514
-3.771780,-18.513560,22.817091
-0.556524,-19.622824,22.809155
3.078090,-19.950299,22.806295
6.719713,-19.573794,22.808121
10.326603,-18.478718,22.807485
13.711736,-16.540324,22.806211
16.902488,-14.292689,22.805214
20.072788,-11.605330,22.810878
22.767757,-8.289111,22.821414
24.516922,-4.374403,22.822738
25.190873,-0.140699,22.809096
24.683622,4.225651,22.805982
23.426880,8.196577,22.807657
21.509602,11.878185,22.806882
18.910167,15.000202,22.808256
13.540003,15.527627,18.622012
10.410377,16.893498,18.612901
7.379834,17.748077,18.617629
4.372804,18.065355,18.618707
1.596454,17.975976,18.608321
-1.019993,17.584195,18.608173
-3.425268,16.826891,18.615669
-5.598234,16.200286,18.618152
-7.660546,15.165390,18.614235
-9.036581,13.139437,18.613525
-9.789893,10.810128,18.612302
-10.846045,9.414281,18.608906
-12.361511,8.274354,18.614094
-13.148693,6.578028,18.622446
-13.654327,4.729533,18.621617
-14.057155,2.895049,18.618465
-14.272966,1.014523,18.619244
-14.404329,-0.869458,18.620814
-14.508395,-3.034818,18.623490
-13.939592,-5.189911,18.616870
-13.039090,-7.286852,18.607187
-12.403634,-9.988111,18.607484
-11.285249,-12.789890,18.607561
-9.575016,-15.625478,18.611779
-7.111039,-18.279154,18.616736
-3.933985,-20.362390,18.612462
-0.244807,-22.388548,18.610918
3.795657,-22.871267,18.617434
7.860673,-22.234267,18.619223
11.932299,-20.990747,18.612097
15.548387,-18.672393,18.609992
18.633413,-15.694023,18.613814
21.407772,-12.411742,18.619718
23.660128,-8.629468,18.620357
24.768607,-4.474903,18.612835
24.771460,-0.056819,18.607007
23.814379,4.117837,18.615999
22.149970,7.950527,18.622051
19.788705,11.200767,18.621821
16.762712,13.688698,18.624300
11.501888,13.806616,14.410750
8.611291,14.795832,14.419612
5.891128,15.337460,14.415470
3.361970,15.671656,14.410851
0.973226,15.674696,14.411792
-1.264425,15.195835,14.408577
-3.268650,14.877507,14.416305
-5.146589,14.150040,14.420620
-6.845412,13.220806,14.413853
-8.161724,11.751256,14.414349
-9.030507,10.010498,14.423614
-10.123601,8.806466,14.422204
-11.742900,7.811464,14.411843
-12.592244,6.261265,14.415611
-13.223960,4.581236,14.420743
-13.747539,2.900167,14.421441
-14.123105,1.032890,14.419894
-14.413361,-0.972342,14.417950
-14.623063,-3.129074,14.413705
-14.338071,-5.369637,14.410931
-13.671549,-7.829006,14.409478
-13.091840,-10.683951,14.407486
-11.918329,-13.882628,14.415317
-10.116053,-17.137941,14.422251
-7.489324,-19.996695,14.419414
-4.109825,-22.042058,14.413785
-0.174320,-24.149107,14.415454
4.362273,-25.124590,14.420714
8.950657,-24.785866,14.417053
13.491723,-23.616807,14.410145
17.802775,-21.441569,14.416328
21.096409,-17.939265,14.417030
23.254446,-13.611926,14.412479
24.447167,-8.939508,14.413782
24.676339,-4.383264,14.417931
23.902398,-0.015543,14.411232
22.544930,3.948026,14.409529
20.554793,7.487188,14.415639
17.867362,10.343719,14.418101
14.667682,12.401231,14.411760
9.757357,12.353035,10.207248
7.096943,13.032289,10.210671
4.638559,13.317140,10.211293
2.521353,13.569876,10.216240
0.557470,13.600058,10.222559
-1.380393,13.114736,10.217574
-3.124233,12.989977,10.217036
-4.672832,11.987593,10.212283
-6.046528,11.120628,10.216839
-7.322976,10.347425,10.212355
-8.469321,9.203740,10.206474
-9.557400,8.200786,10.213072
-10.926902,7.345223,10.216855
-11.831842,6.007618,10.210508
-12.614654,4.436767,10.218724
-13.270168,2.834679,10.223184
-13.791602,1.039285,10.215443
-14.206819,-0.905688,10.212095
-14.496601,-3.126529,10.212069
-14.526455,-5.486120,10.214214
-14.258845,-8.213528,10.218149
-13.648978,-11.388810,10.220560
-12.443172,-14.776491,10.214104
-10.619490,-18.220088,10.214194
-7.788759,-21.304778,10.218730
-4.184583,-23.316840,10.214501
-0.042854,-25.044655,10.215865
4.461723,-25.954373,10.219138
9.304535,-25.681166,10.216959
13.984448,-24.344818,10.210705
18.404229,-22.044720,10.209542
21.733578,-18.337803,10.216474
23.513476,-13.692499,10.211765
24.058166,-8.847590,10.210270
23.777945,-4.136930,10.219880
22.634277,0.061109,10.211050
20.992773,3.839219,10.208703
18.696176,7.077780,10.216419
15.854452,9.509225,10.219551
12.804363,11.206106,10.212300
8.392228,11.113171,6.004079
5.956610,11.582192,6.018364
3.727627,11.691098,6.016785
1.833261,11.805994,6.010179
0.087240,11.775777,6.011689
-1.517057,11.360120,6.010619
-2.942076,11.286277,6.017298
-4.165541,10.227961,6.021409
-5.357793,9.454686,6.022473
-6.652569,9.209471,6.016297
-7.896823,8.646390,6.006006
-8.981020,7.700561,6.009660
-10.089998,6.836424,6.023960
-11.058810,5.647627,6.022150
-11.888371,4.353844,6.020496
-12.690846,2.783817,6.017234
-13.322747,1.129684,6.014970
-13.854692,-0.801758,6.020378
-14.203677,-3.010389,6.014796
-14.508269,-5.475043,6.013902
-14.610740,-8.527354,6.019425
-13.986098,-11.774166,6.008817
-12.763946,-15.217012,6.006430
-10.858386,-18.768580,6.012630
-7.972386,-21.851309,6.014249
-4.204739,-23.844604,6.008599
-0.112788,-24.995839,6.006872
4.351087,-25.330069,6.009883
8.911025,-24.688992,6.014331
13.194035,-23.008945,6.015622
16.910297,-20.290738,6.012821
19.768326,-16.681138,6.013177
21.543040,-12.564025,6.013356
22.288426,-8.140130,6.009660
22.073976,-3.782021,6.008506
21.041579,0.212937,6.017659
19.322964,3.716961,6.018503
16.890407,6.585086,6.015252
13.929356,8.751106,6.010129
11.078654,10.201101,6.002161
7.280031,10.118104,1.806420
4.993342,10.446590,1.818985
2.907342,10.455475,1.817366
1.252429,10.436282,1.809854
-0.273172,10.316917,1.809867
-1.670072,9.992339,1.810849
-2.869737,9.833211,1.819918
-3.916223,9.042902,1.821095
-4.899125,8.534126,1.810330
-6.221451,8.446471,1.813134
-7.471930,8.117192,1.810828
-8.416686,7.330383,1.810433
-9.302255,6.359191,1.823390
-10.311151,5.345670,1.811765
-11.268236,4.140187,1.816571
-12.063751,2.820991,1.816933
-12.849290,1.123673,1.809509
-13.420118,-0.657082,1.818546
-13.811006,-2.817068,1.818092
-14.292912,-5.426912,1.813732
-14.576914,-8.578586,1.812759
-13.931626,-11.715148,1.808824
-12.679327,-15.132469,1.811855
-10.694682,-18.557040,1.816227
-7.816077,-21.443602,1.813394
-4.186867,-23.306690,1.806629
-0.175651,-24.007608,1.806677
4.004032,-23.817203,1.815526
8.088911,-22.881170,1.817256
11.944086,-21.012674,1.812304
15.032740,-18.186760,1.818304
17.461947,-14.781860,1.812272
19.232219,-11.105979,1.813811
20.163032,-7.266339,1.822318
20.113374,-3.298492,1.822313
19.303104,0.358680,1.822147
17.632019,3.584118,1.811127
15.142483,6.221298,1.808646
12.395720,8.070883,1.813438
9.700679,9.368308,1.806970
6.319115,9.377395,-2.381432
4.199544,9.604999,-2.390293
2.369514,9.595632,-2.387614
0.851286,9.475123,-2.384136
-0.456740,9.291924,-2.393282
-1.654491,9.066487,-2.392395
-2.737539,8.792080,-2.379149
-3.821344,8.521136,-2.391197
-4.784853,8.190466,-2.394098
-5.871899,7.989543,-2.381081
-7.091424,7.726284,-2.379123
-8.012026,6.975425,-2.388978
-8.691262,5.959014,-2.389905
-9.713539,5.115311,-2.387706
-10.687515,4.078783,-2.388178
-11.596550,2.727048,-2.385809
-12.389682,1.193302,-2.380693
-12.987885,-0.536288,-2.380885
-13.388560,-2.627588,-2.388488
-13.857891,-5.140088,-2.391239
-14.102491,-8.152481,-2.386811
-13.440692,-11.141599,-2.388159
-12.227006,-14.284137,-2.388277
-10.274035,-17.358266,-2.385596
-7.514629,-19.945976,-2.383013
-4.069863,-21.695956,-2.384162
-0.341767,-22.173862,-2.390067
3.510135,-21.776380,-2.392856
7.240900,-20.749935,-2.386091
10.668915,-18.983310,-2.378709
13.473723,-16.321856,-2.384222
15.643742,-13.248285,-2.385439
17.282091,-9.965968,-2.381777
18.217003,-6.439476,-2.382379
18.221894,-2.874503,-2.388626
17.513041,0.515841,-2.388224
15.959090,3.485132,-2.379544
13.718787,5.846487,-2.383547
11.184536,7.555149,-2.393534
8.674228,8.718896,-2.386053
5.709215,8.825940,-6.599113
3.768995,9.049115,-6.581848
2.091418,9.089268,-6.579251
0.615126,8.930967,-6.590884
-0.668261,8.710297,-6.593511
-1.771045,8.551562,-6.590773
-2.736402,8.217086,-6.586763
-3.754220,8.330961,-6.588899
-4.742041,8.086368,-6.587746
-5.699809,7.730287,-6.585817
-6.907186,7.411709,-6.579690
-7.720420,6.737866,-6.582532
-8.304288,5.775021,-6.588492
-9.351599,4.988316,-6.577735
-10.399797,3.931327,-6.585159
-11.253746,2.707508,-6.591023
-12.039111,1.230254,-6.585718
-12.638982,-0.532395,-6.582371
-12.992107,-2.450989,-6.585947
-13.281721,-4.769568,-6.583238
-13.280132,-7.453495,-6.578367
-12.617496,-10.172658,-6.587052
-11.423972,-13.016524,-6.589100
-9.527000,-15.641711,-6.590873
-6.945648,-17.815016,-6.589802
-3.856695,-19.331193,-6.580592
-0.536195,-19.768023,-6.581983
2.897460,-19.399146,-6.583231
6.300497,-18.428991,-6.583407
9.385559,-16.903456,-6.584723
12.018999,-14.679461,-6.580110
14.094138,-11.931143,-6.574807
15.565085,-8.912444,-6.583480
16.367227,-5.664588,-6.592069
16.365121,-2.403111,-6.581070
15.713596,0.604882,-6.576396
14.327768,3.341878,-6.584975
12.354899,5.578483,-6.589401
10.170747,7.168907,-6.589325
7.877467,8.237717,-6.598802
5.281261,8.431375,-10.775586
3.446609,8.711434,-10.780159
1.930799,8.825481,-10.783533
0.508963,8.706695,-10.777557
-0.653163,8.511033,-10.777787
-1.741292,8.416746,-10.791306
-2.688368,8.063262,-10.783921
-3.763812,8.264698,-10.775565
-4.739772,8.021546,-10.787329
-5.649874,7.569182,-10.783505
-6.708078,7.215112,-10.782825
-7.543664,6.581552,-10.787690
-8.198090,5.689759,-10.787347
-9.204686,4.920495,-10.786797
-10.195890,3.888565,-10.776456
-11.009930,2.704614,-10.785018
-11.734846,1.281637,-10.793192
-12.278100,-0.403969,-10.778012
-12.598131,-2.317471,-10.789890
-12.585954,-4.335684,-10.791022
-12.243927,-6.587928,-10.777550
-11.609205,-8.946194,-10.781249
-10.471151,-11.400117,-10.784978
-8.640525,-13.587408,-10.786086
-6.392852,-15.253706,-10.785149
-3.651360,-16.545899,-10.783533
-0.740470,-17.022957,-10.789165
2.289493,-16.789763,-10.792267
5.222442,-16.017011,-10.785335
8.080457,-14.769291,-10.777848
10.651442,-12.998356,-10.784935
12.605979,-10.679818,-10.784397
13.917836,-7.845356,-10.786582
14.516113,-4.868787,-10.788098
14.480470,-2.002669,-10.778409
13.821322,0.786069,-10.784990
12.664248,3.222890,-10.784486
11.141347,5.243824,-10.782322
9.280531,6.826972,-10.785712
7.241177,7.856768,-10.779949
4.852986,8.120636,-14.977629
3.226469,8.478248,-14.990858
1.806596,8.683163,-14.990507
0.530646,8.653728,-14.988025
-0.665825,8.501387,-14.989642
-1.716322,8.442944,-14.976587
-2.717342,8.113942,-14.984979
-3.767898,8.221990,-14.984859
-4.707924,7.953183,-14.993590
-5.563233,7.464352,-14.995853
-6.530831,7.035692,-14.992266
-7.395804,6.461194,-14.992979
-8.196520,5.651344,-14.994615
-9.112800,4.870528,-14.989198
-10.006685,3.851832,-14.983765
-10.750034,2.710660,-14.983630
-11.410059,1.279255,-14.984359
-11.863823,-0.320418,-14.983124
-12.107951,-2.052189,-14.986921
-11.771187,-3.880046,-14.986789
-11.168187,-5.600500,-14.985029
-10.529699,-7.687018,-14.987103
-9.428835,-9.755697,-14.982319
-7.788991,-11.411609,-14.975959
-5.740928,-12.709090,-14.979648
-3.461762,-13.700166,-14.991643
-0.945998,-14.190774,-14.990294
1.696851,-14.116628,-14.987945
4.263417,-13.524777,-14.984376
6.723777,-12.562346,-14.978823
9.122918,-11.278003,-14.986880
11.051085,-9.268805,-14.993878
12.138549,-6.776203,-14.988469
12.538055,-4.083545,-14.982676
12.472728,-1.520463,-14.987054
11.890365,0.894215,-14.978996
10.986688,3.052280,-14.984270
9.858053,4.927929,-14.989597
8.414091,6.463443,-14.976693
6.661614,7.497651,-14.971441
4.483273,7.780105,-19.193237
3.083358,8.232348,-19.193374
1.724669,8.545253,-19.187812
0.469778,8.605786,-19.186112
-0.657182,8.524663,-19.193900
-1.715211,8.478818,-19.193707
-2.737902,8.193673,-19.179479
-3.731085,8.123993,-19.192198
-4.671542,7.799474,-19.184220
-5.465172,7.313648,-19.186499
-6.325099,6.815971,-19.184485
-7.241522,6.278527,-19.187346
-8.138649,5.595200,-19.195458
-8.938772,4.799228,-19.190221
-9.718781,3.808961,-19.187831
-10.400974,2.666358,-19.182945
-10.942345,1.318165,-19.183894
-11.293810,-0.174568,-19.194812
-11.433466,-1.783405,-19.194772
-10.904984,-3.318479,-19.182781
-10.170371,-4.748589,-19.176781
-9.496331,-6.548992,-19.181785
-8.457041,-8.176616,-19.176907
-6.944632,-9.465563,-19.185093
-5.184824,-10.418416,-19.192019
-3.263852,-11.150025,-19.181503
-1.175516,-11.517129,-19.185478
1.027446,-11.537463,-19.182750
3.230588,-11.109601,-19.181729
5.331022,-10.268400,-19.192783
7.426653,-9.246438,-19.181683
9.095602,-7.635144,-19.180628
10.010924,-5.497066,-19.190212
10.273991,-3.178806,-19.191574
10.250279,-0.986331,-19.183912
9.828018,1.088481,-19.179260
9.219866,2.918183,-19.186455
8.459730,4.616348,-19.192423
7.450653,6.015103,-19.187402
6.022142,7.085888,-19.188874
3.993009,7.360850,-23.394851
2.797670,7.915352,-23.382177
1.606843,8.301038,-23.383712
0.425353,8.457499,-23.394445
-0.714428,8.439184,-23.388841
-1.735709,8.398158,-23.394899
-2.731324,8.155100,-23.386683
-3.665202,7.904614,-23.392852
-4.558498,7.533436,-23.387286
-5.323162,7.040869,-23.385372
-6.058147,6.500833,-23.386218
-6.969062,6.029963,-23.391569
-7.883786,5.477151,-23.394507
-8.595884,4.651107,-23.387650
-9.283412,3.674068,-23.382766
-9.841104,2.617786,-23.388361
-10.263897,1.381192,-23.392705
-10.502364,0.031641,-23.388629
-10.500247,-1.401725,-23.387764
-9.990801,-2.771049,-23.391512
-9.326973,-4.043452,-23.391420
-8.629508,-5.470939,-23.383818
-7.622927,-6.777634,-23.378622
-6.311052,-7.884722,-23.384547
-4.795977,-8.664061,-23.393674
-3.081198,-9.093075,-23.392886
-1.324863,-9.248624,-23.381885
0.444750,-9.193461,-23.377436
2.272047,-8.787504,-23.382465
3.898647,-7.957587,-23.385614
5.332778,-6.827635,-23.382482
6.460903,-5.398625,-23.385026
7.195221,-3.730275,-23.386418
7.558059,-2.002094,-23.382299
7.695731,-0.356688,-23.388121
7.631822,1.233947,-23.383188
7.381055,2.808331,-23.383230
6.952498,4.225191,-23.392969
6.239671,5.522913,-23.391701
5.203270,6.576663,-23.394697
3.348088,6.780089,-27.591150
2.349495,7.433567,-27.587001
1.335955,7.858598,-27.581009
0.265213,8.088187,-27.577556
-0.784737,8.124878,-27.583982
-1.785411,8.085908,-27.587542
-2.715972,7.877712,-27.577980
-3.542793,7.506369,-27.581198
-4.356233,7.106364,-27.595345
-5.064427,6.622896,-27.585639
-5.707261,6.044664,-27.589077
-6.529813,5.674923,-27.593577
-7.426643,5.178629,-27.593655
-8.001977,4.392570,-27.594322
-8.561643,3.507931,-27.587596
-8.996326,2.556092,-27.586073
-9.309378,1.448378,-27.583318
-9.417731,0.263234,-27.583619
-9.278037,-0.922297,-27.593440
-8.974258,-2.127805,-27.582655
-8.473099,-3.313998,-27.578109
-7.733953,-4.427636,-27.594158
-6.796997,-5.440132,-27.597441
-5.724340,-6.419459,-27.585700
-4.435819,-7.096319,-27.576355
-2.951217,-7.250838,-27.580873
-1.517678,-7.180683,-27.586746
-0.056454,-6.974531,-27.587883
1.312502,-6.539691,-27.587396
2.499581,-5.727426,-27.588864
3.324823,-4.509818,-27.585969
3.890419,-3.183036,-27.584086
4.364302,-2.039806,-27.586101
4.841508,-0.894116,-27.589141
5.157069,0.253201,-27.591207
5.391587,1.425695,-27.585859
5.511337,2.658322,-27.577993
5.338904,3.840192,-27.580303
4.856334,4.982899,-27.588958
4.170387,5.970646,-27.592720
2.430760,6.038779,-31.792094
1.726055,6.670397,-31.785809
0.879520,7.111892,-31.774826
-0.032594,7.384658,-31.781384
-0.940743,7.480063,-31.789863
-1.817301,7.440649,-31.784138
-2.639656,7.288452,-31.786631
-3.394471,6.842729,-31.776727
-4.093030,6.453646,-31.792111
-4.700103,5.994247,-31.776082
-5.202368,5.465453,-31.779710
-5.943919,5.175006,-31.780626
-6.656924,4.719990,-31.777310
-7.090559,4.019741,-31.782068
-7.489464,3.289894,-31.788970
-7.803337,2.433138,-31.788589
-7.985561,1.567187,-31.785150
-7.969007,0.623426,-31.781162
-7.791495,-0.276048,-31.777761
-7.682606,-1.309928,-31.777591
-7.302508,-2.321582,-31.786428
-6.625010,-3.117497,-31.791595
-5.829225,-3.879080,-31.782298
-4.985016,-4.613526,-31.786401
-3.933586,-5.108226,-31.796017
-2.777200,-5.135578,-31.793606
-1.688294,-4.936529,-31.787441
-0.616377,-4.672817,-31.781557
0.378730,-4.284732,-31.781114
1.204509,-3.593552,-31.787946
1.706943,-2.580661,-31.791997
1.967681,-1.571823,-31.792264
2.248897,-0.742647,-31.791447
2.649650,-0.007836,-31.786914
3.008087,0.746580,-31.780655
3.302164,1.573844,-31.780008
3.611565,2.473494,-31.786941
3.660756,3.426730,-31.785072
3.392723,4.376935,-31.781356
2.990237,5.213184,-31.785565
1.196161,4.962093,-35.988450
0.738956,5.529686,-35.985258
0.141332,5.913380,-35.979569
-0.518589,6.176177,-35.983505
-1.203031,6.349277,-35.981116
-1.913068,6.294515,-35.981650
-2.559667,6.214343,-35.992880
-3.154120,5.775359,-35.986064
-3.677406,5.475302,-35.977956
-4.109553,5.090088,-35.992259
-4.498279,4.667606,-35.989011
-5.096518,4.450865,-35.981712
-5.493383,4.016336,-35.980094
-5.764232,3.460966,-35.977921
-5.975272,2.903292,-35.980793
-6.106037,2.309318,-35.986801
-6.155103,1.703914,-35.982381
-6.025803,1.091164,-35.980218
-5.930783,0.493059,-35.982947
-5.946998,-0.274144,-35.984680
-5.629378,-0.882805,-35.980165
-5.115696,-1.368623,-35.982725
-4.575498,-1.820252,-35.992029
-4.000380,-2.240647,-35.985453
-3.315707,-2.506290,-35.982664
-2.573993,-2.497024,-35.990909
-1.902084,-2.274665,-35.987417
-1.253178,-2.052646,-35.978903
-0.637085,-1.829571,-35.977412
-0.134641,-1.399220,-35.987436
0.172370,-0.790478,-35.990230
0.298305,-0.143249,-35.983142
0.403871,0.408079,-35.984877
0.611803,0.854232,-35.990350
0.937040,1.268940,-35.991861
1.192198,1.757142,-35.987143
1.499427,2.308037,-35.990199
1.745265,2.972950,-35.990155
1.709626,3.650973,-35.984888
1.495382,4.308759,-35.985681
-2.160498,2.819781,-40.185369
