12.791869,23.201980,32.384846
9.483373,26.306619,32.384846
5.358877,29.144339,32.384846
0.673239,31.326896,32.384846
-4.524806,32.476099,32.384846
-9.832073,31.962661,32.384846
-14.651719,29.702768,32.384846
-18.565085,26.076690,32.384846
-21.287630,21.688292,32.384846
-22.914315,16.783515,32.384846
-23.624930,12.143747,32.384846
-23.819443,7.611885,32.384846
-23.730410,3.702378,32.384846
-23.446825,-0.197642,32.384846
-22.970398,-3.763483,32.384846
-22.160041,-7.429235,32.384846
-20.991726,-10.833396,32.384846
-19.265919,-14.168867,32.384846
-16.988824,-17.156559,32.384846
-14.191148,-19.663543,32.384846
-10.937136,-21.542589,32.384846
-7.487165,-22.588481,32.384846
-3.736177,-22.748980,32.384846
-0.196248,-22.074840,32.384846
3.022209,-20.852111,32.384846
5.913510,-19.292060,32.384846
8.364037,-17.609716,32.384846
10.644464,-15.702989,32.384846
12.734542,-13.589860,32.384846
14.513594,-11.407265,32.384846
16.072296,-9.062089,32.384846
17.391111,-6.573954,32.384846
18.504253,-3.817822,32.384846
19.314403,-0.957810,32.384846
19.825451,2.129158,32.384846
19.973238,5.411734,32.384846
19.673139,8.996486,32.384846
18.886139,12.512840,32.384846
17.492748,16.187503,32.384846
15.295571,19.491211,28.986523
12.268870,22.336734,28.984974
8.980466,24.910235,28.984884
5.078256,27.326763,28.987744
0.675740,29.291056,28.990001
-4.251544,30.523658,28.990329
-9.004363,29.361521,28.986882
-13.702943,27.701266,28.991093
-18.014883,25.354570,28.985906
-21.211350,21.592370,28.978657
-23.001713,16.817241,28.989766
-23.935184,12.289691,28.989186
-24.380639,7.844640,28.981865
-24.314314,3.688204,28.980583
-23.916751,-0.146059,28.987092
-23.237088,-3.934510,28.990239
-22.187741,-7.479931,28.981636
-20.902658,-10.785128,28.981450
-19.088863,-14.007407,28.988828
-16.727858,-16.849141,28.986140
-13.918042,-19.268446,28.979283
-10.697155,-21.097411,28.989183
-7.057354,-21.695072,28.980921
-3.506730,-21.420362,28.983972
-0.271403,-21.343844,28.994008
3.097492,-21.319378,28.989619
6.069387,-20.031210,28.979403
8.826872,-18.298046,28.984464
11.258276,-16.425059,28.985452
13.351800,-14.373379,28.983650
15.303150,-11.989110,28.989718
16.934012,-9.555594,28.980822
18.330105,-6.816015,28.979059
19.533143,-3.966907,28.984775
20.449786,-0.876371,28.984050
20.685105,2.355074,28.980414
20.649804,5.595795,28.986539
20.223677,9.260543,28.986438
19.226764,12.837999,28.980808
17.640481,16.220343,28.982807
15.285528,19.485238,25.588065
12.186828,22.014396,25.590619
8.761123,24.397755,25.587431
4.881020,26.555186,25.583086
0.695150,28.209009,25.584876
-4.106977,29.301286,25.585528
-8.758362,28.334990,25.579605
-13.191131,26.912479,25.580567
-17.628000,24.762972,25.588490
-20.950402,21.349141,25.589815
-22.924869,16.809193,25.584565
-24.084796,12.334799,25.589070
-24.721032,7.912890,25.580569
-24.728994,3.758292,25.583821
-24.300468,-0.074736,25.591674
-23.519081,-3.842234,25.588304
-22.263583,-7.482350,25.587382
-20.873956,-10.745732,25.581794
-18.967010,-13.910115,25.580071
-16.523536,-16.681945,25.581700
-13.806125,-18.968665,25.583771
-10.606102,-20.834338,25.589599
-7.139824,-21.505044,25.582952
-3.574664,-21.366300,25.580724
-0.195024,-21.544861,25.581768
3.153195,-21.871969,25.578050
6.341070,-20.703414,25.580756
9.169337,-19.078295,25.586499
11.773564,-17.186596,25.590760
14.011326,-15.061240,25.592376
16.078624,-12.573551,25.591658
17.802351,-10.016418,25.587483
19.248533,-7.132481,25.584394
20.494158,-4.130327,25.587342
21.381765,-1.034610,25.589002
21.505811,2.356396,25.581209
21.326698,5.902185,25.584485
20.797620,9.397038,25.589289
19.612147,13.078988,25.588880
17.754618,16.502102,25.587700
15.405746,19.649843,22.178943
12.250344,22.148430,22.184501
8.731749,24.421974,22.181311
4.861858,26.354087,22.181495
0.586138,27.767960,22.190428
-3.991739,28.558003,22.185582
-8.616946,28.116144,22.187510
-13.176936,26.599460,22.190672
-17.224848,24.273423,22.184118
-20.580845,20.867210,22.179490
-22.678901,16.701938,22.186432
-24.060324,12.264587,22.182495
-24.826726,7.994962,22.180105
-24.956651,3.819189,22.184034
-24.540117,-0.192117,22.184405
-23.676144,-3.963040,22.182358
-22.371832,-7.443413,22.190059
-20.824234,-10.827869,22.193411
-18.912048,-13.828493,22.187376
-16.412361,-16.581985,22.182983
-13.667628,-18.858489,22.186184
-10.611375,-20.696154,22.187019
-7.209577,-21.741605,22.185741
-3.670779,-22.159578,22.184928
-0.263468,-22.431754,22.185804
3.284483,-22.423964,22.186333
6.532726,-21.379131,22.185205
9.560115,-19.789219,22.189730
12.219940,-17.926955,22.186882
14.725931,-15.615932,22.180665
16.824174,-13.130069,22.183763
18.651230,-10.435696,22.182002
20.106324,-7.535542,22.177877
21.356371,-4.351165,22.180535
22.212176,-0.907206,22.184643
22.267839,2.505092,22.178407
21.988547,6.062181,22.181527
21.301426,9.709189,22.189293
19.969579,13.358586,22.189961
17.975728,16.720584,22.183049
15.590389,19.896384,18.777925
12.449981,22.476480,18.785269
8.863195,24.691993,18.788848
4.862523,26.473892,18.784679
0.641671,27.592611,18.781511
-3.864600,28.071120,18.786196
-8.582906,28.055056,18.788707
-13.082731,26.417770,18.781961
-16.802586,23.740330,18.782410
-20.006728,20.349517,18.788814
-22.282875,16.421876,18.785419
-23.828487,12.162895,18.781497
-24.701263,8.035498,18.781930
-24.981591,3.828514,18.783100
-24.673280,-0.067405,18.780895
-23.806574,-3.874175,18.780204
-22.417011,-7.522918,18.789054
-20.861292,-10.765614,18.793181
-18.795383,-13.887875,18.786623
-16.363650,-16.538139,18.785072
-13.594826,-18.827095,18.790033
-10.537188,-20.715332,18.782524
-7.267543,-22.194135,18.777530
-3.816672,-23.253630,18.782157
-0.255010,-23.549989,18.784346
3.306584,-22.981335,18.780182
6.757917,-21.978081,18.785015
9.848235,-20.485782,18.789292
12.688093,-18.539855,18.789022
15.245890,-16.248080,18.787432
17.496278,-13.649505,18.788560
19.433076,-10.808406,18.790902
20.969615,-7.739450,18.789076
22.139580,-4.499726,18.789814
22.877732,-0.989645,18.790249
22.946430,2.605107,18.779892
22.573490,6.338210,18.780774
21.743968,9.992412,18.782798
20.352582,13.480206,18.779773
18.290165,16.825434,18.776781
15.768118,20.134128,15.391700
12.683690,22.828430,15.383882
8.914928,25.075163,15.385720
4.945804,26.629191,15.387871
0.652809,27.514796,15.382536
-3.747439,27.658333,15.380709
-8.504820,27.641185,15.380734
-12.809012,25.913883,15.379087
-16.367496,22.966184,15.383467
-19.404792,19.592054,15.391551
-21.791497,15.890601,15.389371
-23.401761,11.963483,15.378973
-24.387422,7.836405,15.383457
-24.800616,3.768474,15.391286
-24.606205,-0.153770,15.386967
-23.759310,-3.992070,15.380931
-22.447531,-7.527827,15.387728
-20.844348,-10.769821,15.382644
-18.737259,-13.894299,15.382201
-16.417510,-16.462715,15.386201
-13.653400,-18.790312,15.383420
-10.612764,-20.745512,15.379526
-7.490972,-22.544839,15.382031
-3.991987,-24.072816,15.382179
-0.293535,-24.399399,15.381229
3.401011,-23.484540,15.383926
6.890070,-22.536150,15.381785
10.169910,-21.045651,15.376673
13.046980,-19.108702,15.381172
15.761414,-16.727343,15.387511
18.053332,-14.137105,15.383183
20.099393,-11.156914,15.384861
21.660134,-8.070485,15.382795
22.800764,-4.640658,15.384446
23.411118,-1.076590,15.393076
23.514227,2.694328,15.390858
23.086323,6.441695,15.379785
22.140381,10.094857,15.382333
20.583528,13.702686,15.393713
18.461031,17.024867,15.396475
15.866276,20.269986,11.992033
12.722762,23.131597,11.987042
9.067114,25.232238,11.987482
5.035200,26.611415,11.988863
0.712875,27.302500,11.987216
-3.680762,27.147595,11.987494
-8.220344,26.612205,11.982229
-12.227891,24.886797,11.983523
-15.656847,22.098918,11.986613
-18.613569,18.853657,11.983559
-21.069175,15.402579,11.979807
-22.782168,11.698263,11.981768
-23.848491,7.762256,11.982732
-24.413697,3.715763,11.985764
-24.361231,-0.199714,11.990528
-23.640561,-3.900646,11.989448
-22.424779,-7.464440,11.982458
-20.740781,-10.831928,11.985838
-18.723114,-13.824230,11.990342
-16.338651,-16.534555,11.989579
-13.600025,-18.883445,11.985394
-10.596777,-20.884280,11.982554
-7.545576,-22.792515,11.988988
-4.094590,-24.403132,11.987799
-0.246587,-24.783227,11.977486
3.451743,-23.916960,11.978060
6.947372,-23.012339,11.990937
10.386042,-21.509226,11.988572
13.404815,-19.513443,11.983245
16.132296,-17.154589,11.985348
18.543074,-14.468052,11.987672
20.590129,-11.497498,11.988871
22.231012,-8.275694,11.984224
23.328883,-4.682388,11.981135
23.831277,-0.943318,11.984544
23.947237,2.819602,11.985722
23.464803,6.552195,11.982793
22.356150,10.319765,11.984401
20.695184,13.869646,11.989897
18.534238,17.149591,11.992987
15.806420,20.198432,8.586497
12.690019,23.034803,8.585543
9.027674,25.035704,8.582870
4.825836,26.252325,8.583176
0.664036,26.721438,8.584133
-3.672871,26.314659,8.580986
-7.717601,25.200322,8.582383
-11.546073,23.457100,8.579866
-14.916617,20.980407,8.582126
-17.823117,17.937616,8.585395
-20.274940,14.730808,8.579675
-22.034286,11.263865,8.581786
-23.190506,7.394991,8.582387
-23.826382,3.711346,8.586314
-23.932363,-0.163398,8.587674
-23.354031,-3.854551,8.580780
-22.274058,-7.425376,8.580052
-20.625965,-10.767917,8.583460
-18.654299,-13.753737,8.584817
-16.351746,-16.486407,8.583727
-13.691500,-18.873971,8.585169
-10.628703,-21.001681,8.591699
-7.589612,-22.877349,8.592603
-4.001888,-24.424636,8.586903
-0.320929,-24.841900,8.584498
3.531191,-24.202509,8.585900
7.151799,-23.300400,8.579883
10.564251,-21.814215,8.579727
13.568795,-19.864525,8.583289
16.403240,-17.441847,8.583021
18.903048,-14.672990,8.579364
20.928243,-11.730125,8.580428
22.624746,-8.395830,8.580653
23.683211,-4.672544,8.577790
24.094696,-0.954742,8.578062
24.224277,2.771791,8.585027
23.683278,6.615625,8.589633
22.482970,10.317852,8.587201
20.751661,13.791161,8.583783
18.472013,17.128879,8.584689
15.528509,19.839378,5.188211
12.354591,22.493341,5.188683
8.671223,24.304929,5.184691
4.651107,25.275751,5.183845
0.691711,25.578428,5.188747
-3.404178,25.079303,5.190567
-7.247957,23.617404,5.181665
-10.858430,21.923910,5.183036
-14.141515,19.737282,5.184962
-16.882912,17.058431,5.180500
-19.306489,14.115617,5.178576
-21.158211,10.776001,5.177794
-22.362199,7.156975,5.185235
-23.084952,3.557416,5.186101
-23.314692,-0.091529,5.181803
-22.893925,-3.890782,5.185141
-22.014334,-7.291938,5.189984
-20.457249,-10.602462,5.186848
-18.486858,-13.698873,5.182798
-16.290937,-16.434978,5.183231
-13.622439,-18.946682,5.182580
-10.776157,-21.002128,5.178547
-7.599246,-22.833301,5.186587
-4.018235,-24.159039,5.189288
-0.233669,-24.637967,5.188116
3.423610,-24.335578,5.190802
7.141184,-23.461483,5.181705
10.642876,-21.949112,5.181722
13.730045,-19.970498,5.189110
16.520299,-17.594756,5.187556
18.984353,-14.882522,5.178114
21.143403,-11.738549,5.186275
22.795251,-8.454093,5.187498
23.814640,-4.792119,5.184038
24.202357,-0.983955,5.184577
24.309555,2.829798,5.180722
23.719143,6.597410,5.179840
22.455656,10.205919,5.178648
20.585577,13.703784,5.178702
18.246959,16.915673,5.183393
15.053930,19.224482,1.781886
11.900502,21.480363,1.784895
8.360644,23.023337,1.784962
4.423325,23.830025,1.780798
0.550829,23.992831,1.778355
-3.282518,23.468693,1.783147
-6.711425,22.054067,1.790022
-10.093398,20.469622,1.791117
-13.251649,18.543459,1.788058
-15.919793,16.151452,1.783114
-18.360861,13.349784,1.779466
-20.185438,10.278360,1.786626
-21.458640,6.786182,1.786526
-22.223661,3.293334,1.785058
-22.526368,-0.109848,1.783444
-22.313935,-3.677946,1.777481
-21.579082,-7.174566,1.777312
-20.148222,-10.438872,1.787942
-18.300878,-13.502924,1.790081
-16.148017,-16.345973,1.785854
-13.621929,-18.871828,1.785107
-10.761082,-21.008828,1.783042
-7.453782,-22.720221,1.784953
-3.891264,-23.763629,1.785221
-0.341767,-24.238858,1.786031
3.521371,-24.204609,1.787435
7.146148,-23.361891,1.780511
10.565668,-21.887147,1.785487
13.711239,-19.906196,1.784345
16.547728,-17.497336,1.781292
18.944927,-14.850944,1.789944
21.050538,-11.787642,1.782416
22.772577,-8.312971,1.775761
23.753778,-4.738193,1.782967
24.138172,-1.029165,1.791533
24.185065,2.837411,1.788800
23.547109,6.500195,1.791147
22.186618,10.125188,1.789054
20.257693,13.480768,1.782597
17.856591,16.529556,1.780461
14.434664,18.425955,-1.610942
11.187987,20.289717,-1.618721
7.801821,21.520162,-1.618677
4.120996,22.156052,-1.617949
0.513420,22.218885,-1.620794
-2.916220,21.795605,-1.617061
-6.272283,20.525752,-1.615622
-9.425951,19.088017,-1.613424
-12.408935,17.370028,-1.610906
-15.073647,15.159721,-1.615113
-17.386685,12.596126,-1.620945
-19.210363,9.660797,-1.611107
-20.433008,6.584323,-1.612249
-21.226880,3.220979,-1.617454
-21.603514,-0.211586,-1.613724
-21.556799,-3.667413,-1.607299
-20.970364,-7.074043,-1.608176
-19.685718,-10.275714,-1.609063
-17.980987,-13.287419,-1.612214
-15.982874,-16.101319,-1.619234
-13.521764,-18.728994,-1.620947
-10.653092,-20.904435,-1.611667
-7.390611,-22.433512,-1.616857
-3.896344,-23.258100,-1.615573
-0.313222,-23.716077,-1.607757
3.417206,-23.834440,-1.609102
6.919673,-23.005306,-1.611441
10.369337,-21.525837,-1.613560
13.434663,-19.652569,-1.611930
16.313119,-17.255937,-1.607380
18.737473,-14.596820,-1.607852
20.774717,-11.631351,-1.615963
22.426981,-8.267384,-1.611845
23.457022,-4.675821,-1.608454
23.882139,-0.951558,-1.613956
23.829847,2.790036,-1.613394
23.105102,6.462582,-1.618603
21.715708,9.936577,-1.618074
19.757510,13.138543,-1.611581
17.311399,16.006692,-1.608365
13.719680,17.507614,-5.012327
10.581676,18.952665,-5.013344
7.264829,19.965651,-5.015859
3.856523,20.489969,-5.015965
0.528818,20.503128,-5.016350
-2.771171,20.142696,-5.017721
-5.933660,19.147100,-5.011832
-8.854390,17.870112,-5.014224
-11.622263,16.308308,-5.014903
-14.239127,14.261781,-5.010928
-16.390891,11.917053,-5.013177
-18.182158,9.121166,-5.011039
-19.424850,6.189067,-5.014155
-20.190272,2.962019,-5.014658
-20.564503,-0.200900,-5.015920
-20.663708,-3.518335,-5.022926
-20.225028,-6.811852,-5.021424
-19.138108,-9.947163,-5.014476
-17.535922,-13.015309,-5.008665
-15.690385,-15.775997,-5.007763
-13.303674,-18.466903,-5.008456
-10.540277,-20.552401,-5.007955
-7.241365,-22.000571,-5.015659
-3.720903,-22.685969,-5.015076
-0.266136,-23.071840,-5.009706
3.314189,-23.184853,-5.013552
6.781205,-22.226657,-5.020435
9.971332,-20.851811,-5.017833
13.066863,-19.041932,-5.017027
15.869303,-16.778354,-5.018302
18.238943,-14.259470,-5.012764
20.292332,-11.305505,-5.010732
21.862099,-8.067769,-5.011593
22.899618,-4.622408,-5.011721
23.369323,-1.055125,-5.013749
23.228768,2.678496,-5.019100
22.473636,6.199076,-5.013713
21.043755,9.643779,-5.015603
19.086238,12.683898,-5.020903
16.624533,15.362770,-5.017193
13.079364,16.473236,-8.416942
9.889452,17.732467,-8.422838
6.821825,18.573003,-8.417526
3.566158,19.070192,-8.409951
0.521905,19.076835,-8.411021
-2.503484,18.797915,-8.411284
-5.584516,18.047665,-8.408506
-8.385251,16.871108,-8.408416
-11.020465,15.350455,-8.415145
-13.421200,13.490527,-8.420317
-15.462465,11.236801,-8.417282
-17.177321,8.570347,-8.417859
-18.413450,5.786956,-8.411115
-19.088173,2.833602,-8.412641
-19.437547,-0.192446,-8.418096
-19.647639,-3.352367,-8.413257
-19.321844,-6.508738,-8.408619
-18.396361,-9.682239,-8.407454
-17.032353,-12.541634,-8.409725
-15.180244,-15.443160,-8.415206
-12.931477,-18.035139,-8.417638
-10.140893,-20.046214,-8.413304
-6.953503,-21.352811,-8.417910
-3.579800,-21.915832,-8.421934
-0.267166,-22.223917,-8.418343
3.148607,-22.263007,-8.413010
6.406868,-21.178930,-8.413297
9.573781,-19.803136,-8.409998
12.450928,-18.209530,-8.414146
15.181091,-16.111032,-8.423268
17.593817,-13.666960,-8.420523
19.575428,-10.859073,-8.410707
21.068437,-7.765205,-8.414370
22.084370,-4.478500,-8.419412
22.568149,-0.945870,-8.417186
22.375176,2.486570,-8.418747
21.572601,5.967042,-8.412492
20.175055,9.242876,-8.407809
18.262576,12.121500,-8.408770
15.830624,14.615087,-8.411836
12.300470,15.479169,-11.812049
9.266816,16.654130,-11.810156
6.364691,17.460657,-11.812666
3.406612,17.958580,-11.815017
0.523580,18.011523,-11.816047
-2.470428,17.755457,-11.820125
-5.296349,17.174163,-11.816492
-7.948490,16.069580,-11.817868
-10.421074,14.573727,-11.814551
-12.665906,12.776030,-11.810639
-14.627029,10.495446,-11.822369
-16.162937,8.060571,-11.822223
-17.373299,5.433970,-11.809637
-17.951427,2.629128,-11.815640
-18.236046,-0.247663,-11.820788
-18.507842,-3.234081,-11.810844
-18.243928,-6.230499,-11.822430
-17.571583,-9.168157,-11.818767
-16.291251,-12.149372,-11.817079
-14.627218,-14.819442,-11.819690
-12.508643,-17.282501,-11.814738
-9.717737,-19.198975,-11.809365
-6.677620,-20.401397,-11.807543
-3.478769,-20.893535,-11.813217
-0.200802,-21.122669,-11.819312
3.028522,-21.021824,-11.818369
6.058418,-19.823476,-11.815087
8.943572,-18.569956,-11.813632
11.706262,-17.128531,-11.813372
14.251937,-15.288923,-11.811483
16.621730,-13.057224,-11.810627
18.542406,-10.427582,-11.819591
20.037719,-7.391439,-11.818675
21.000603,-4.278466,-11.813127
21.439131,-0.925260,-11.813919
21.242547,2.327693,-11.816477
20.443560,5.615637,-11.821505
19.164149,8.608983,-11.821747
17.285657,11.436618,-11.817704
14.943936,13.759324,-11.814556
11.465730,14.411216,-15.217447
8.765694,15.566796,-15.214680
5.963141,16.445168,-15.217767
3.200451,16.989393,-15.221028
0.501896,17.108055,-15.216586
-2.305911,16.878829,-15.211173
-5.079486,16.344520,-15.219298
-7.551223,15.283885,-15.219868
-9.920554,13.737466,-15.217085
-11.956986,11.971480,-15.216691
-13.663008,9.875798,-15.212105
-15.081944,7.582097,-15.210227
-16.249278,5.127654,-15.208203
-16.737324,2.378365,-15.216756
-16.941573,-0.325476,-15.221764
-17.233888,-3.001980,-15.217672
-17.031991,-5.814219,-15.223338
-16.544548,-8.720236,-15.216210
-15.450422,-11.549824,-15.212381
-13.884231,-14.058030,-15.211210
-11.770258,-16.405893,-15.208391
-9.195138,-18.053906,-15.216067
-6.220063,-19.182498,-15.218239
-3.217354,-19.626671,-15.211221
-0.141381,-19.727838,-15.208939
2.763683,-19.451694,-15.214081
5.598413,-18.316915,-15.213305
8.199835,-17.209342,-15.214624
10.808421,-15.890374,-15.216102
13.236827,-14.225603,-15.211802
15.521880,-12.203394,-15.207194
17.349520,-9.760685,-15.218879
18.733417,-7.030012,-15.222684
19.644490,-3.999235,-15.212946
19.983556,-0.959850,-15.209002
19.820975,2.207433,-15.218496
19.085938,5.167991,-15.216451
17.838198,8.089072,-15.215033
16.152855,10.636318,-15.218538
13.947534,12.788216,-15.219281
10.540638,13.229733,-18.610932
8.107287,14.437368,-18.608859
5.669889,15.334537,-18.615609
3.030003,15.959833,-18.622218
0.438200,16.147379,-18.616065
-2.152502,15.914323,-18.609660
-4.717712,15.430386,-18.609810
-7.180580,14.335572,-18.608959
-9.226978,12.890611,-18.610120
-11.122761,11.116025,-18.614124
-12.701881,9.048132,-18.614653
-13.974745,6.909031,-18.613814
-15.058178,4.639355,-18.611238
-15.398130,2.201599,-18.618381
-15.512775,-0.299023,-18.619116
-15.816960,-2.873459,-18.610684
-15.651407,-5.363443,-18.620135
-15.339371,-8.177168,-18.621906
-14.412137,-10.814034,-18.620061
-12.860666,-13.196078,-18.621938
-10.901621,-15.209658,-18.621983
-8.395121,-16.728318,-18.616623
-5.741556,-17.686007,-18.617496
-2.956578,-18.136343,-18.617666
-0.144461,-18.010178,-18.618491
2.507816,-17.439592,-18.619215
5.103816,-16.665858,-18.613807
7.523052,-15.708871,-18.618853
9.827112,-14.506707,-18.616384
12.093532,-13.013960,-18.611092
14.235443,-11.183735,-18.621112
15.942983,-8.946599,-18.618146
17.253559,-6.434261,-18.611743
18.003332,-3.733971,-18.612972
18.219779,-0.912249,-18.616784
18.145579,1.906333,-18.614817
17.447429,4.737935,-18.616779
16.354949,7.353264,-18.614329
14.849647,9.720287,-18.609620
12.819679,11.693692,-18.610194
9.557111,11.818016,-22.014516
7.430289,13.058003,-22.015922
5.192407,14.029020,-22.013638
2.822970,14.683000,-22.013037
0.391296,14.916810,-22.015712
-1.946706,14.662384,-22.008703
-4.360630,14.191633,-22.014558
-6.576517,13.183497,-22.012894
-8.464038,11.762314,-22.012743
-10.119798,10.097098,-22.020421
-11.511617,8.202553,-22.022579
-12.640412,6.257707,-22.022638
-13.641554,4.208923,-22.009908
-13.886704,1.909795,-22.016232
-13.935145,-0.351355,-22.020364
-14.209445,-2.580242,-22.010001
-14.067523,-4.930191,-22.018967
-13.922871,-7.486296,-22.018368
-13.140621,-9.882849,-22.016834
-11.685475,-12.005129,-22.015504
-9.771878,-13.821933,-22.013064
-7.563922,-15.100233,-22.016258
-5.166812,-15.931448,-22.016056
-2.622416,-16.414741,-22.013168
-0.154317,-16.009087,-22.013505
2.228473,-15.097835,-22.013694
4.475506,-14.867345,-22.008086
6.778572,-14.081198,-22.010371
8.753444,-12.963243,-22.011049
10.811986,-11.642426,-22.010620
12.696164,-10.075777,-22.016598
14.257726,-8.072010,-22.012759
15.444135,-5.901632,-22.007196
16.093201,-3.367221,-22.011336
16.163192,-0.902683,-22.019331
16.170033,1.647344,-22.017025
15.592661,4.110468,-22.012569
14.637570,6.498567,-22.017217
13.338140,8.661315,-22.023011
11.515041,10.440501,-22.019038
8.274708,10.211354,-25.420947
6.541794,11.343956,-25.419706
4.558708,12.320630,-25.414196
2.500086,12.950719,-25.411029
0.382803,13.194297,-25.414253
-1.740177,12.919397,-25.414133
-3.846391,12.489873,-25.408911
-5.776723,11.599920,-25.417064
-7.468792,10.274418,-25.422255
-8.890710,8.794056,-25.414708
-10.102276,7.137087,-25.412404
-11.075899,5.430691,-25.417653
-11.979713,3.558269,-25.413115
-12.116787,1.544358,-25.412741
-12.128967,-0.345817,-25.419587
-12.347381,-2.295524,-25.419593
-12.240689,-4.349732,-25.408786
-12.212431,-6.588697,-25.413477
-11.507606,-8.757484,-25.418266
-10.176036,-10.573501,-25.415087
-8.528421,-12.062459,-25.413774
-6.593337,-13.168299,-25.418840
-4.420499,-13.895123,-25.418429
-2.252109,-14.360266,-25.413534
-0.111763,-13.724204,-25.413924
1.876974,-12.627694,-25.417105
3.859153,-12.835018,-25.411224
5.880346,-12.249652,-25.406584
7.587052,-11.193326,-25.410743
9.309264,-10.094332,-25.415458
10.964410,-8.734379,-25.411592
12.278758,-7.058069,-25.411893
13.352245,-5.168732,-25.415009
13.856042,-3.041632,-25.416334
13.787398,-0.799346,-25.414642
13.868856,1.343756,-25.411739
13.395021,3.492759,-25.408822
12.630467,5.524499,-25.411675
11.575537,7.446160,-25.418029
10.055789,8.937850,-25.420751
6.760467,8.206703,-28.814811
5.350508,9.160867,-28.819636
3.818141,9.983831,-28.819480
2.145446,10.544303,-28.811319
0.344667,10.795116,-28.808790
-1.396723,10.582152,-28.816845
-3.107016,10.170940,-28.820784
-4.756188,9.404515,-28.813257
-6.089725,8.373931,-28.807874
-7.301617,7.103791,-28.812776
-8.310361,5.759593,-28.817619
-9.117690,4.364556,-28.812812
-9.847458,2.828696,-28.811218
-9.959964,1.174060,-28.811841
-9.985468,-0.376723,-28.814228
-10.111685,-2.046775,-28.818701
-10.025029,-3.661749,-28.820791
-10.041494,-5.567622,-28.817687
-9.427183,-7.254105,-28.813761
-8.301361,-8.723479,-28.816112
-6.897662,-9.986683,-28.820707
-5.304897,-10.877881,-28.819442
-3.588202,-11.431096,-28.818128
-1.861927,-11.836124,-28.813527
-0.060493,-11.100957,-28.808092
1.471856,-10.019622,-28.810356
3.202936,-10.498144,-28.817658
4.781174,-10.070299,-28.821668
6.170499,-9.146803,-28.815944
7.571433,-8.242894,-28.810519
8.863228,-7.157453,-28.817651
9.935425,-5.785199,-28.820720
10.851963,-4.241081,-28.820035
11.203653,-2.573035,-28.816274
10.979981,-0.745872,-28.810036
11.116593,0.940867,-28.809634
10.812042,2.634385,-28.812077
10.223246,4.322708,-28.816403
9.470583,5.946306,-28.819119
8.186784,7.215223,-28.816229
4.794457,5.543878,-32.212279
3.767242,6.194926,-32.215519
2.698004,6.805664,-32.214176
1.524784,7.213073,-32.212858
0.298338,7.407318,-32.218593
-0.945862,7.394197,-32.213015
-2.159394,6.979492,-32.212790
-3.270651,6.410088,-32.214607
-4.267185,5.685044,-32.214519
-5.111104,4.837043,-32.215857
-5.861776,3.917436,-32.217928
-6.441253,2.932957,-32.217560
-6.933492,1.844613,-32.216836
-7.105959,0.673642,-32.212778
-7.165269,-0.472156,-32.215625
-7.168758,-1.606706,-32.217521
-7.131985,-2.802720,-32.213157
-7.103901,-4.096806,-32.214647
-6.526906,-5.285733,-32.213368
-5.771386,-6.292790,-32.215546
-4.865108,-7.201409,-32.216998
-3.696570,-7.856191,-32.213679
-2.474765,-8.229897,-32.215628
-1.237913,-8.522720,-32.212555
0.017935,-7.738403,-32.212956
1.030389,-6.882531,-32.218741
2.283359,-7.519366,-32.217020
3.383176,-7.251215,-32.215770
4.312115,-6.566943,-32.213853
5.280410,-5.904700,-32.211245
6.181770,-5.120608,-32.211445
6.902249,-4.190596,-32.211911
7.560109,-3.144868,-32.213800
7.816807,-1.934438,-32.214973
7.445427,-0.732753,-32.212175
7.572100,0.452457,-32.211471
7.464579,1.652614,-32.211295
7.088648,2.814376,-32.210959
6.692647,4.016528,-32.211109
5.849528,4.879278,-32.211123
-0.060045,-0.131934,-35.615154
8.689964,15.413676,32.384846
6.879822,18.759894,32.384846
4.163088,21.708659,32.384846
0.704455,23.938605,32.384846
-3.401209,25.284290,32.384846
-7.630697,25.384400,32.384846
-11.679633,23.913457,32.384846
-14.956799,21.238115,32.384846
-17.407062,17.807535,32.384846
-18.950869,13.995995,32.384846
-19.593316,10.038351,32.384846
-19.529679,6.339350,32.384846
-19.014867,2.883373,32.384846
-18.189108,-0.192627,32.384846
-17.065107,-2.952453,32.384846
-15.654664,-5.342332,32.384846
-13.914694,-7.371641,32.384846
-11.886185,-8.950364,32.384846
-9.658399,-10.012568,32.384846
-7.348840,-10.521686,32.384846
-5.086425,-10.482200,32.384846
-2.990352,-9.966950,32.384846
-1.296780,-9.221726,32.384846
0.117249,-8.383160,32.384846
1.204447,-7.607553,32.384846
2.159717,-6.828382,32.384846
2.995195,-6.067564,32.384846
3.650265,-5.415176,32.384846
4.279519,-4.737887,32.384846
4.882576,-4.037170,32.384846
5.458778,-3.314185,32.384846
6.066297,-2.485870,32.384846
6.637559,-1.632144,32.384846
7.271655,-0.575093,32.384846
7.889930,0.608579,32.384846
8.508557,2.020122,32.384846
9.137012,3.867393,32.384846
9.632032,6.075176,32.384846
9.873954,8.853496,32.384846
8.966271,11.113264,29.384727
7.754401,13.689966,29.381939
5.936902,16.078133,29.384520
3.534059,18.355704,29.386908
0.574879,19.672260,29.382941
-2.579780,19.650887,29.385327
-6.287727,21.006907,29.385488
-10.149409,20.761305,29.383151
-13.294682,18.926591,29.380323
-15.936062,16.237730,29.381504
-17.664842,13.036990,29.385738
-18.719438,9.570644,29.381424
-18.977874,6.161892,29.380907
-18.703869,2.841249,29.386787
-18.101398,-0.128709,29.386862
-17.151367,-2.906970,29.381189
-15.812765,-5.409563,29.381349
-14.135590,-7.447889,29.379727
-12.090988,-9.136431,29.386712
-9.814175,-10.245525,29.388681
-7.538413,-10.855755,29.381637
-5.417047,-11.210721,29.381353
-3.461698,-11.187449,29.384061
-1.625778,-10.882804,29.385445
0.066340,-10.397928,29.382483
1.523098,-9.825454,29.380868
2.920088,-9.119820,29.386832
4.079333,-8.390683,29.385716
5.167740,-7.559373,29.384339
6.173873,-6.630473,29.386912
7.090408,-5.612972,29.387289
7.920216,-4.523827,29.387163
8.654099,-3.366614,29.381994
9.290801,-2.045771,29.381643
9.748526,-0.650867,29.389550
10.077282,0.879797,29.381120
10.231906,2.534594,29.383817
10.221926,4.393514,29.387346
10.065236,6.344093,29.379909
9.677363,8.664266,29.380510
8.710074,10.719935,26.389479
7.241182,12.756424,26.385433
5.400144,14.564153,26.381897
3.223393,16.236326,26.382919
0.595412,17.314794,26.386240
-2.307173,17.363599,26.388767
-5.521955,18.437416,26.386512
-9.001304,18.375092,26.389290
-11.977691,17.040595,26.386254
-14.625592,14.862307,26.380094
-16.444986,12.116962,26.384234
-17.689204,9.082439,26.386546
-18.153051,5.848668,26.385222
-18.040880,2.760275,26.387811
-17.551167,-0.181823,26.392014
-16.720864,-2.850842,26.390215
-15.528327,-5.270983,26.384214
-13.899798,-7.417014,26.383919
-12.058378,-9.130110,26.381174
-9.994750,-10.348425,26.379082
-7.836589,-11.195208,26.382374
-5.840842,-11.904111,26.386023
-3.859479,-12.300650,26.386008
-1.836608,-12.408737,26.382000
-0.013223,-12.269965,26.383786
1.872775,-11.873703,26.389862
3.513770,-11.312379,26.385058
5.146414,-10.487300,26.385877
6.577406,-9.506417,26.388287
7.876241,-8.358656,26.388581
9.025498,-7.060376,26.390385
10.025995,-5.644179,26.386118
10.846947,-4.116798,26.386249
11.446739,-2.490098,26.390494
11.817007,-0.697114,26.390237
11.921851,1.130537,26.386050
11.735425,3.047462,26.386242
11.294872,4.922848,26.385686
10.639076,6.836745,26.384000
9.787649,8.779266,26.386918
8.740429,10.723089,23.382729
7.084536,12.347475,23.381991
5.169992,13.801220,23.383910
3.002117,15.100521,23.385837
0.568461,15.979100,23.383673
-2.127372,16.231285,23.382428
-5.074121,16.806689,23.379566
-8.123034,16.604196,23.383004
-10.951133,15.510536,23.385545
-13.436220,13.711652,23.384219
-15.311014,11.240805,23.385257
-16.597598,8.429290,23.386488
-17.132927,5.490744,23.383048
-17.121118,2.588814,23.385809
-16.716623,-0.177883,23.389483
-15.955814,-2.772392,23.386010
-14.870580,-5.141545,23.383372
-13.534697,-7.148679,23.385967
-11.924897,-8.954620,23.385064
-10.026220,-10.430403,23.380705
-8.100762,-11.543441,23.378273
-6.229237,-12.544535,23.379908
-4.156032,-13.332027,23.389024
-2.081957,-13.798980,23.388644
0.034202,-13.957718,23.385398
2.054826,-13.781471,23.389669
4.113693,-13.259316,23.389829
6.057248,-12.403833,23.384467
7.763442,-11.308680,23.385601
9.365346,-9.914464,23.388467
10.696313,-8.385608,23.381646
11.808836,-6.691442,23.384641
12.714125,-4.770040,23.386183
13.291548,-2.827308,23.385340
13.565317,-0.720795,23.388615
13.494548,1.401874,23.390126
13.092663,3.388703,23.391065
12.355924,5.380154,23.386316
11.361637,7.256845,23.379984
10.109297,9.092607,23.380450
8.964969,10.998422,20.383650
7.084363,12.399275,20.381082
5.069446,13.594103,20.379242
2.931110,14.555603,20.380053
0.500778,15.287583,20.383726
-2.009273,15.672746,20.386217
-4.744270,15.725142,20.382099
-7.445522,15.306307,20.378267
-10.104018,14.311472,20.382913
-12.427160,12.695937,20.387379
-14.273507,10.413738,20.385261
-15.453717,7.836240,20.389154
-16.005224,5.158271,20.381960
-16.063763,2.421898,20.378941
-15.717249,-0.191118,20.382142
-15.040704,-2.639002,20.383300
-14.108752,-4.895244,20.383881
-12.966284,-6.941088,20.379455
-11.653979,-8.766050,20.382849
-10.043869,-10.465513,20.384933
-8.311141,-11.897391,20.381598
-6.467941,-13.180015,20.384848
-4.484328,-14.233424,20.384366
-2.372285,-15.001318,20.387420
-0.069206,-15.440540,20.388364
2.373515,-15.438712,20.380436
4.670857,-14.967089,20.379895
6.842040,-14.081109,20.379221
8.833840,-12.843838,20.380712
10.676419,-11.241184,20.383484
12.186553,-9.447953,20.380985
13.408692,-7.447397,20.379997
14.276805,-5.375082,20.381708
14.839576,-3.099229,20.385993
15.034537,-0.762691,20.388515
14.846086,1.574234,20.384267
14.285404,3.750053,20.383536
13.325669,5.888601,20.384951
12.097468,7.770611,20.385388
10.625551,9.473750,20.385037
9.228921,11.497541,17.381022
7.274601,12.677148,17.387050
5.119495,13.699800,17.388339
2.859806,14.427718,17.385385
0.530184,14.963962,17.384477
-2.011931,15.389115,17.384208
-4.455189,15.011180,17.386839
-6.967876,14.355597,17.386109
-9.440041,13.354279,17.384106
-11.617615,11.774050,17.383546
-13.306123,9.694683,17.384199
-14.358391,7.227909,17.388712
-14.898398,4.700453,17.391264
-14.996270,2.222981,17.384829
-14.701765,-0.242141,17.378838
-14.146212,-2.456033,17.383465
-13.380904,-4.606219,17.389425
-12.449461,-6.690551,17.380758
-11.374118,-8.589219,17.382793
-10.060502,-10.458318,17.388937
-8.546100,-12.164477,17.384372
-6.805928,-13.642776,17.379595
-4.730018,-15.004916,17.382276
-2.479011,-16.047575,17.388130
-0.078245,-16.685350,17.390437
2.499542,-16.839360,17.387851
5.144048,-16.395220,17.383951
7.549555,-15.455983,17.382387
9.750935,-14.106544,17.383318
11.701644,-12.415552,17.386418
13.353615,-10.431755,17.390470
14.660711,-8.205706,17.391200
15.588052,-5.796974,17.387693
16.120580,-3.270933,17.383741
16.250548,-0.792153,17.381399
15.986954,1.676010,17.380250
15.310845,4.064393,17.386441
14.234754,6.300652,17.390325
12.793835,8.323295,17.386911
11.119406,10.030371,17.381869
9.626631,12.013017,14.378438
7.478210,13.128861,14.387625
5.211024,13.995935,14.387476
2.856991,14.513007,14.385976
0.550241,14.856066,14.387890
-1.950038,15.165981,14.382536
-4.360457,14.471705,14.381489
-6.655924,13.642011,14.381174
-8.920199,12.570744,14.379622
-10.912986,10.998878,14.383745
-12.410107,9.100907,14.389087
-13.351994,6.760170,14.380631
-13.889556,4.393310,14.380213
-14.049419,2.082221,14.382875
-13.848487,-0.232003,14.386285
-13.394327,-2.403925,14.386187
-12.794966,-4.435753,14.379351
-12.053252,-6.528375,14.388001
-11.177989,-8.454847,14.392525
-10.102221,-10.401186,14.388235
-8.707019,-12.375670,14.383231
-6.973464,-14.068403,14.381673
-4.955328,-15.586941,14.384055
-2.650374,-16.835761,14.383493
-0.052582,-17.669090,14.383951
2.660731,-17.935025,14.389511
5.460414,-17.538878,14.389265
8.106552,-16.543619,14.388844
10.439067,-15.132172,14.386983
12.578381,-13.285309,14.383507
14.369323,-11.098866,14.382688
15.703391,-8.722187,14.382649
16.619275,-6.155888,14.384680
17.120175,-3.476706,14.384980
17.208934,-0.753411,14.382497
16.885524,1.850722,14.383870
16.144872,4.368504,14.389238
14.990413,6.724274,14.385303
13.504566,8.767170,14.376175
11.691166,10.540409,14.373611
10.017160,12.520714,11.378369
7.704539,13.604885,11.383364
5.357037,14.336192,11.386253
2.940456,14.686027,11.384884
0.481308,14.846461,11.381871
-1.964727,14.904692,11.381314
-4.161730,14.101577,11.387329
-6.417380,13.093831,11.384135
-8.452606,11.948094,11.378829
-10.236910,10.398517,11.381091
-11.641800,8.519293,11.385567
-12.507674,6.333920,11.385745
-13.067309,4.046714,11.389199
-13.276513,1.914635,11.385763
-13.186604,-0.231650,11.381258
-12.870084,-2.353070,11.383012
-12.414011,-4.344935,11.384101
-11.817671,-6.406761,11.383826
-11.048740,-8.407244,11.388694
-10.078167,-10.439832,11.389212
-8.778543,-12.514876,11.382092
-7.113461,-14.317784,11.383628
-5.061201,-16.010530,11.388984
-2.777924,-17.366135,11.389371
-0.082403,-18.338168,11.387340
2.758259,-18.700416,11.387882
5.703863,-18.348377,11.386280
8.489837,-17.333347,11.388669
10.947062,-15.861767,11.390268
13.196698,-13.931153,11.388367
15.071938,-11.634681,11.385682
16.449178,-9.124962,11.381079
17.369537,-6.415035,11.385443
17.850353,-3.592999,11.390820
17.913991,-0.834176,11.386550
17.571702,1.904181,11.379181
16.807090,4.556515,11.377992
15.612446,7.042785,11.381221
14.056071,9.203406,11.382064
12.214962,11.001292,11.379256
10.334582,12.934813,8.380884
7.983682,13.972241,8.379021
5.492518,14.619282,8.378337
2.940959,14.844821,8.384022
0.466356,14.806666,8.389452
-1.884627,14.592541,8.383927
-4.076823,13.727235,8.385568
-6.191449,12.646625,8.389514
-8.068127,11.402164,8.387961
-9.697016,9.823250,8.384821
-10.981877,7.966095,8.386672
-11.794148,5.966243,8.389870
-12.359341,3.880745,8.388547
-12.649454,1.745087,8.385219
-12.675947,-0.208859,8.386090
-12.509986,-2.256499,8.387321
-12.168251,-4.282936,8.383208
-11.677993,-6.279218,8.386480
-10.975934,-8.317819,8.385110
-10.051711,-10.384317,8.384120
-8.791702,-12.501624,8.386861
-7.189074,-14.377886,8.379540
-5.184243,-16.148350,8.379617
-2.838385,-17.629581,8.385879
-0.052796,-18.697590,8.388437
2.798257,-19.109120,8.387389
5.869070,-18.797268,8.389833
8.680956,-17.806948,8.383758
11.251461,-16.291249,8.379792
13.598703,-14.291294,8.385595
15.486176,-11.982744,8.388985
16.907581,-9.361592,8.381252
17.835838,-6.528771,8.381973
18.290800,-3.686063,8.387761
18.338618,-0.808708,8.388048
17.974674,2.045987,8.385346
17.221094,4.717864,8.379596
16.056505,7.234895,8.382624
14.465817,9.518061,8.388313
12.552476,11.416594,8.385764
10.509079,13.165045,5.387010
8.055879,14.196623,5.385212
5.454229,14.754395,5.384607
3.003386,14.876221,5.387470
0.554937,14.675832,5.387637
-1.847807,14.175719,5.380068
-3.942153,13.355187,5.379218
-6.000494,12.210930,5.383585
-7.707445,10.909324,5.384173
-9.180891,9.343851,5.386902
-10.357730,7.547081,5.390352
-11.207632,5.574508,5.378853
-11.787357,3.611854,5.385516
-12.115988,1.697927,5.383239
-12.250885,-0.241717,5.378839
-12.215593,-2.183996,5.382320
-11.973826,-4.215263,5.380401
-11.529753,-6.212199,5.383855
-10.852664,-8.249949,5.381620
-9.928841,-10.302876,5.382525
-8.722499,-12.321958,5.389542
-7.108221,-14.305824,5.382696
-5.143676,-16.100144,5.379410
-2.825681,-17.604984,5.381302
-0.067541,-18.700115,5.381534
2.868584,-19.147050,5.380968
5.828924,-18.894697,5.386300
8.735676,-17.913574,5.388016
11.390973,-16.365675,5.389890
13.662865,-14.457519,5.389219
15.620380,-12.092178,5.380548
17.033057,-9.482033,5.382258
17.976159,-6.560965,5.387871
18.414441,-3.729447,5.384592
18.454728,-0.763302,5.379574
18.118763,1.978246,5.387494
17.378362,4.746222,5.389103
16.266277,7.272226,5.386377
14.670973,9.662030,5.385589
12.794472,11.584254,5.386604
10.463379,13.111518,2.390049
8.046727,14.105393,2.379430
5.486091,14.598404,2.386032
2.871550,14.673950,2.388189
0.489700,14.348936,2.381735
-1.718531,13.671209,2.391364
-3.886805,12.870023,2.383294
-5.705139,11.815204,2.380693
-7.400387,10.390176,2.383906
-8.778079,8.799671,2.382021
-9.837947,7.092580,2.381689
-10.685740,5.273316,2.389961
-11.267120,3.457410,2.385857
-11.644788,1.588282,2.386956
-11.858814,-0.306759,2.385475
-11.906277,-2.212856,2.382076
-11.740916,-4.112951,2.390244
-11.321130,-6.075657,2.385402
-10.649817,-8.074545,2.387122
-9.713649,-10.073369,2.388666
-8.498686,-12.037371,2.380710
-6.937644,-14.002227,2.384431
-5.025481,-15.778218,2.389457
-2.755737,-17.265861,2.390812
-0.054533,-18.350022,2.390177
2.825458,-18.800482,2.388160
5.733471,-18.587339,2.382877
8.596547,-17.659520,2.379210
11.219624,-16.169186,2.384317
13.539922,-14.249587,2.389318
15.463653,-11.930527,2.384976
16.844918,-9.366191,2.388026
17.759851,-6.496241,2.385467
18.188484,-3.616046,2.382664
18.219207,-0.805538,2.385259
17.885837,1.985189,2.384334
17.179766,4.706922,2.387085
16.120156,7.198859,2.389055
14.590921,9.569080,2.390596
12.701354,11.552900,2.393286
10.107363,12.657026,-0.620633
7.781358,13.616739,-0.613634
5.220542,14.083924,-0.613131
2.794644,14.145721,-0.617395
0.513021,13.792750,-0.618474
-1.668912,13.001393,-0.617989
-3.688260,12.322808,-0.613390
-5.512569,11.256476,-0.609654
-7.037508,9.900892,-0.617437
-8.338910,8.353008,-0.618508
-9.356440,6.707456,-0.609556
-10.177875,5.066487,-0.620207
-10.775953,3.332230,-0.622944
-11.174962,1.540147,-0.618890
-11.423709,-0.278027,-0.614555
-11.510496,-2.111356,-0.610567
-11.363443,-4.038037,-0.610053
-10.943549,-5.923463,-0.618633
-10.267397,-7.837736,-0.617728
-9.325839,-9.740963,-0.615895
-8.122691,-11.610686,-0.621476
-6.683140,-13.428202,-0.619376
-4.847620,-15.141824,-0.618000
-2.577070,-16.619510,-0.615433
-0.064548,-17.620789,-0.615560
2.705703,-18.063763,-0.619656
5.505813,-17.881589,-0.614874
8.273868,-17.026748,-0.613004
10.817437,-15.627041,-0.613629
13.067721,-13.799810,-0.612097
14.930115,-11.576664,-0.611576
16.298590,-9.020140,-0.615043
17.137012,-6.345374,-0.613405
17.538135,-3.571790,-0.610221
17.548894,-0.770102,-0.612314
17.211629,1.913761,-0.616137
16.529199,4.532449,-0.617449
15.518162,6.934502,-0.614277
14.060781,9.225064,-0.613369
12.254425,11.146329,-0.618658
9.501793,11.732622,-3.612974
7.245903,12.705767,-3.618461
4.933886,13.169048,-3.612641
2.653077,13.276573,-3.612240
0.503759,12.972230,-3.617782
-1.549353,12.229801,-3.610522
-3.464877,11.638844,-3.617453
-5.194855,10.665109,-3.611938
-6.636578,9.395125,-3.613634
-7.871661,7.949501,-3.617206
-8.851104,6.415680,-3.607851
-9.705281,4.811924,-3.614654
-10.289137,3.188448,-3.618348
-10.691164,1.415104,-3.615229
-10.914929,-0.296167,-3.615241
-10.974567,-2.021798,-3.617476
-10.816217,-3.832393,-3.613403
-10.375918,-5.688621,-3.609504
-9.706803,-7.477105,-3.610695
-8.787142,-9.250067,-3.616672
-7.631094,-10.992853,-3.621055
-6.263876,-12.691629,-3.616848
-4.524355,-14.290485,-3.609941
-2.454364,-15.611758,-3.615425
-0.088386,-16.553069,-3.620104
2.512477,-16.990096,-3.609474
5.234978,-16.804652,-3.607897
7.846561,-16.018350,-3.614683
10.254578,-14.733816,-3.614318
12.376725,-13.021083,-3.612871
14.114493,-10.917968,-3.621135
15.381915,-8.502024,-3.616341
16.133188,-5.975274,-3.613642
16.455740,-3.358450,-3.613811
16.410785,-0.814421,-3.612573
16.041891,1.702962,-3.615759
15.362431,4.155877,-3.615844
14.399438,6.409902,-3.613759
13.091800,8.496241,-3.611724
11.419616,10.328275,-3.610688
8.554696,10.525973,-6.611346
6.588108,11.451712,-6.615094
4.562693,11.945999,-6.617538
2.474184,12.134643,-6.613190
0.487214,11.943530,-6.608708
-1.426545,11.341365,-6.611814
-3.199832,10.840678,-6.612748
-4.883912,9.943618,-6.615135
-6.234189,8.806522,-6.614630
-7.446756,7.434846,-6.612861
-8.372626,6.041485,-6.613544
-9.221756,4.507534,-6.613824
-9.786416,2.936661,-6.620622
-10.124644,1.384889,-6.620570
-10.302916,-0.274933,-6.619257
-10.297104,-1.945510,-6.619848
-10.095373,-3.603546,-6.613796
-9.656898,-5.301328,-6.609360
-9.018923,-6.935854,-6.613058
-8.157586,-8.557362,-6.616163
-7.083114,-10.150661,-6.614841
-5.754297,-11.760728,-6.617600
-4.135293,-13.208909,-6.618502
-2.217687,-14.395700,-6.616010
-0.034525,-15.246008,-6.616806
2.354813,-15.643485,-6.621838
4.770587,-15.456731,-6.618592
7.187610,-14.777425,-6.610843
9.423735,-13.649223,-6.613711
11.386505,-12.087162,-6.619983
13.028402,-10.083313,-6.613046
14.128909,-7.923062,-6.613116
14.791199,-5.505851,-6.616200
15.004185,-3.091729,-6.617492
14.863219,-0.757437,-6.618284
14.417371,1.537984,-6.618143
13.764860,3.609712,-6.613004
12.854563,5.670196,-6.612695
11.713854,7.526110,-6.615482
10.274770,9.182961,-6.613153
7.450364,9.118440,-9.612707
5.792767,9.998560,-9.609026
4.072065,10.527866,-9.614516
2.211113,10.798730,-9.623225
0.415952,10.736178,-9.619922
-1.269031,10.357803,-9.610208
-2.941929,9.918443,-9.615041
-4.484068,9.159885,-9.622450
-5.796270,8.146246,-9.618338
-6.924793,6.947226,-9.615704
-7.876384,5.595511,-9.617814
-8.655097,4.226149,-9.608005
-9.186647,2.743613,-9.615367
-9.487383,1.195235,-9.620903
-9.578571,-0.301937,-9.615219
-9.480137,-1.874950,-9.608969
-9.220984,-3.353029,-9.611474
-8.784883,-4.867068,-9.616429
-8.159550,-6.395173,-9.616643
-7.366410,-7.842062,-9.612620
-6.384058,-9.261898,-9.608348
-5.164628,-10.687126,-9.608509
-3.686209,-11.962632,-9.616916
-1.944614,-12.993134,-9.615568
0.026322,-13.743813,-9.610809
2.170113,-14.101631,-9.616331
4.335251,-13.884638,-9.620445
6.513648,-13.287361,-9.621060
8.540354,-12.313761,-9.613821
10.303685,-10.909173,-9.610331
11.700831,-9.141232,-9.619617
12.687709,-7.114134,-9.614121
13.207850,-4.924606,-9.612876
13.296074,-2.822591,-9.616637
13.060357,-0.734846,-9.615296
12.561001,1.228668,-9.614504
11.881145,3.057513,-9.616319
11.090286,4.756821,-9.618428
10.089803,6.437304,-9.618678
8.888222,7.901922,-9.616579
6.341474,7.599933,-12.621374
4.995716,8.429738,-12.612913
3.523631,9.013678,-12.607980
1.979307,9.354868,-12.613764
0.399390,9.432686,-12.618211
-1.108274,9.273217,-12.610999
-2.646506,8.900481,-12.608435
-4.032578,8.288757,-12.608846
-5.284147,7.430104,-12.607493
-6.361752,6.365919,-12.613279
-7.271083,5.151238,-12.620283
-7.996102,3.895779,-12.609140
-8.477064,2.528236,-12.609240
-8.713441,1.096128,-12.617768
-8.718533,-0.353179,-12.614459
-8.533453,-1.725109,-12.611390
-8.214013,-3.071625,-12.621849
-7.795984,-4.390913,-12.619025
-7.229265,-5.725506,-12.610962
-6.517424,-6.988315,-12.613808
-5.597493,-8.275495,-12.619202
-4.547758,-9.458701,-12.611190
-3.234211,-10.563438,-12.612194
-1.688680,-11.434243,-12.620161
0.051285,-12.084478,-12.617526
1.927811,-12.414617,-12.608604
3.823040,-12.177770,-12.618979
5.683192,-11.692395,-12.615154
7.480038,-10.884381,-12.612421
9.078855,-9.603410,-12.618198
10.278311,-8.029146,-12.611352
11.071451,-6.286134,-12.611279
11.459694,-4.348062,-12.617378
11.451699,-2.499544,-12.616570
11.146354,-0.679661,-12.609287
10.624449,0.952545,-12.611501
9.970896,2.465302,-12.616375
9.269140,3.881356,-12.617612
8.472545,5.250991,-12.617839
7.501285,6.516793,-12.621229
5.254275,6.143503,-15.619180
4.193113,6.888836,-15.613539
2.973737,7.488171,-15.608374
1.735252,7.867525,-15.610869
0.390574,8.058107,-15.617880
-0.964427,8.088400,-15.620930
-2.284728,7.795036,-15.609845
-3.550965,7.299655,-15.611280
-4.710370,6.603605,-15.614668
-5.714307,5.691341,-15.614954
-6.558415,4.630368,-15.619035
-7.207359,3.505157,-15.615935
-7.636372,2.219645,-15.610249
-7.797461,0.929493,-15.608302
-7.717041,-0.365979,-15.611021
-7.459679,-1.581832,-15.616715
-7.124333,-2.718947,-15.618366
-6.719522,-3.893191,-15.609509
-6.210135,-5.025828,-15.608403
-5.583030,-6.098579,-15.614005
-4.813721,-7.144565,-15.618714
-3.853498,-8.179665,-15.617761
-2.711179,-9.106814,-15.610664
-1.423482,-9.797586,-15.612335
0.074997,-10.342124,-15.618209
1.680153,-10.625411,-15.616863
3.243731,-10.403129,-15.613705
4.896429,-9.983036,-15.610716
6.441978,-9.306995,-15.613638
7.720475,-8.274541,-15.619580
8.725554,-6.908680,-15.619527
9.391834,-5.346987,-15.614556
9.660341,-3.732872,-15.612332
9.587513,-2.150234,-15.611470
9.268761,-0.659298,-15.609366
8.761459,0.718220,-15.610559
8.175865,1.940631,-15.610200
7.569901,3.087963,-15.609275
6.911100,4.209112,-15.611485
6.168202,5.216373,-15.616618
4.257000,4.837601,-18.608467
3.402751,5.491820,-18.610325
2.505162,6.008756,-18.609301
1.461415,6.415921,-18.609469
0.358541,6.661007,-18.615178
-0.803360,6.821919,-18.613948
-1.898416,6.589953,-18.616697
-3.013711,6.202661,-18.617830
-4.048502,5.664207,-18.610412
-4.946942,4.906450,-18.612694
-5.696734,4.004935,-18.621073
-6.276888,2.985937,-18.608626
-6.612721,1.862233,-18.613050
-6.697705,0.738687,-18.617807
-6.562265,-0.378072,-18.612080
-6.276743,-1.418616,-18.607841
-5.937513,-2.392744,-18.612579
-5.587824,-3.313151,-18.618109
-5.145267,-4.244722,-18.620009
-4.587391,-5.168460,-18.615837
-3.934006,-6.025780,-18.611286
-3.149983,-6.834222,-18.610622
-2.186363,-7.585872,-18.610141
-1.104301,-8.132331,-18.617058
0.101410,-8.561052,-18.619555
1.385674,-8.796720,-18.614043
2.725800,-8.579282,-18.619366
4.010418,-8.260153,-18.615532
5.302286,-7.724193,-18.615652
6.363725,-6.863798,-18.620842
7.181714,-5.717263,-18.610535
7.687282,-4.451546,-18.610370
7.880950,-3.105680,-18.610371
7.794565,-1.840283,-18.611458
7.501960,-0.608143,-18.619377
7.079292,0.485373,-18.615458
6.595848,1.449639,-18.612463
6.095828,2.351215,-18.612316
5.567924,3.238310,-18.610664
4.961992,4.081626,-18.608891
3.334493,3.606670,-21.622214
2.717675,4.128357,-21.613881
2.003795,4.590271,-21.609275
1.201993,4.951866,-21.613767
0.347803,5.190656,-21.618358
-0.587181,5.409365,-21.616851
-1.518601,5.226788,-21.611618
-2.405058,4.949507,-21.615788
-3.265871,4.546031,-21.619564
-4.020407,3.950040,-21.614398
-4.667238,3.195762,-21.608019
-5.118502,2.350603,-21.608842
-5.355608,1.422303,-21.612218
-5.378166,0.500738,-21.607971
-5.205587,-0.402700,-21.615140
-4.934828,-1.205994,-21.616089
-4.643714,-1.961715,-21.610194
-4.334797,-2.710455,-21.617772
-3.965701,-3.431477,-21.621286
-3.531911,-4.116240,-21.616048
-3.007383,-4.780544,-21.609172
-2.379353,-5.403599,-21.610696
-1.640965,-5.956309,-21.620161
-0.786925,-6.377845,-21.616154
0.125201,-6.702530,-21.612934
1.134458,-6.878833,-21.619097
2.149671,-6.705289,-21.613861
3.158674,-6.456652,-21.610055
4.142494,-6.055583,-21.610861
4.972854,-5.376743,-21.614124
5.576307,-4.494055,-21.617978
5.954311,-3.530946,-21.613027
6.103892,-2.512088,-21.609712
6.036465,-1.517740,-21.612191
5.819288,-0.584863,-21.614869
5.498593,0.238306,-21.621928
5.117397,0.995172,-21.616158
4.719572,1.700214,-21.609392
4.317275,2.360666,-21.619449
3.869743,2.996436,-21.624950
2.342578,2.298997,-24.613727
1.919194,2.684473,-24.613423
1.444352,3.011766,-24.612129
0.911388,3.281476,-24.613225
0.314120,3.467431,-24.615726
-0.334879,3.668320,-24.615637
-0.988549,3.547280,-24.617827
-1.645391,3.367254,-24.615150
-2.261470,3.106990,-24.614357
-2.820221,2.679831,-24.614197
-3.270380,2.145756,-24.614304
-3.564967,1.538117,-24.618200
-3.696262,0.875931,-24.617181
-3.664374,0.201767,-24.613244
-3.497329,-0.425760,-24.612107
-3.271366,-0.981290,-24.615059
-3.053433,-1.485629,-24.619245
-2.827671,-1.986589,-24.618491
-2.572733,-2.445130,-24.612916
-2.257516,-2.895399,-24.616558
-1.901254,-3.313543,-24.620036
-1.487617,-3.713685,-24.619409
-1.005579,-4.071393,-24.618982
-0.446963,-4.342919,-24.615847
0.172252,-4.566007,-24.615133
0.831431,-4.677127,-24.616504
1.494885,-4.556841,-24.613647
2.154683,-4.389914,-24.615728
2.798642,-4.128452,-24.620764
3.329012,-3.705677,-24.620057
3.738125,-3.136757,-24.611961
3.998256,-2.485911,-24.612575
4.106309,-1.819677,-24.616538
4.083385,-1.169790,-24.613795
3.962033,-0.556497,-24.610959
3.759192,0.007372,-24.614486
3.516625,0.500954,-24.615625
3.247470,0.979879,-24.609766
2.981091,1.431359,-24.609472
2.690177,1.870972,-24.611840
0.127267,-0.109000,-27.615154
