14.333004,34.969822,32.384953
8.535165,36.206712,32.384953
2.384181,36.227491,32.384953
-3.163423,34.871836,32.384954
-8.229626,32.231784,32.384953
-12.529575,28.818714,32.384953
-15.982630,25.135908,32.384953
-18.830103,21.235680,32.384953
-20.910080,17.620775,32.384953
-22.602264,13.809445,32.384953
-23.801555,10.045203,32.384953
-24.550149,6.389804,32.384953
-24.908005,2.896138,32.384953
-24.920701,-0.834854,32.384953
-24.590897,-4.330970,32.384953
-23.884820,-7.994832,32.384953
-22.893614,-11.363903,32.384953
-21.409798,-15.025418,32.384953
-19.546249,-18.509519,32.384953
-17.179346,-21.943816,32.384953
-14.103457,-25.378053,32.384953
-10.393762,-28.472099,32.384953
-6.235037,-30.932253,32.384954
-1.299954,-32.779097,32.384954
4.104672,-33.752751,32.384954
9.813256,-33.834623,32.384953
15.899760,-32.972279,32.384953
21.792353,-31.215203,32.384953
27.751953,-28.407823,32.384953
33.526592,-24.403889,32.384953
38.461108,-19.394039,32.384953
42.423046,-13.063977,32.384953
44.736716,-6.190893,32.384953
45.372730,1.256889,32.384954
44.118278,8.624553,32.384953
40.953558,15.388467,32.384953
36.494703,21.102763,32.384953
31.306263,25.853654,32.384953
25.900498,29.651907,32.384953
20.454448,32.933304,28.990131
14.892819,36.129583,28.981763
9.110292,38.347360,28.981582
2.741737,38.903116,28.982953
-3.340973,37.601221,28.977841
-8.820417,34.703831,28.980929
-12.982111,30.159081,28.988422
-16.383326,25.782009,28.992192
-19.225718,21.851440,28.989763
-21.433953,18.021261,28.984941
-23.170609,14.201100,28.982994
-24.479501,10.447649,28.983904
-25.384691,6.569363,28.980220
-25.651903,2.834364,28.980725
-25.741408,-0.710961,28.984660
-25.646013,-4.448986,28.982768
-24.778554,-8.108627,28.977155
-23.758606,-11.960761,28.987775
-22.207610,-15.602676,28.988429
-20.073666,-19.242263,28.984043
-17.536294,-22.567014,28.983887
-14.238403,-25.516309,28.980948
-10.497640,-28.267181,28.986678
-6.047900,-30.720900,28.982388
-1.220308,-32.300348,28.975157
4.043027,-32.997133,28.980423
9.566802,-32.937631,28.986999
15.242809,-32.051049,28.983349
21.141407,-30.178947,28.982513
26.682997,-27.425003,28.989049
32.092913,-23.591805,28.990815
37.084447,-18.577371,28.984659
40.948669,-12.651476,28.983435
43.417889,-6.021677,28.985562
44.342829,1.223880,28.986417
43.473277,8.472982,28.988907
40.646294,15.190464,28.991161
36.501914,20.946420,28.987082
31.384013,25.798076,28.984613
25.772561,29.716137,28.989294
20.488137,32.998391,25.583759
15.146249,36.596192,25.586101
9.318952,39.329037,25.586340
2.958580,40.234328,25.584493
-3.409234,39.089645,25.584807
-9.091015,36.038885,25.585607
-13.355886,30.966015,25.582746
-16.653467,26.482072,25.585800
-19.640214,22.357308,25.584178
-21.900360,18.537773,25.581196
-23.797016,14.528980,25.583651
-25.201432,10.793920,25.578019
-26.215840,6.921351,25.577808
-26.483242,2.954782,25.580147
-26.646357,-0.829194,25.581572
-26.668686,-4.788880,25.585559
-25.682267,-8.441168,25.590556
-24.690633,-12.324428,25.589932
-23.012491,-16.153613,25.592234
-20.732380,-19.738753,25.589474
-17.918250,-23.138126,25.579693
-14.409071,-25.865613,25.579539
-10.501634,-28.407753,25.585932
-6.142770,-30.606879,25.585479
-1.249072,-32.025857,25.579225
3.838096,-32.516615,25.577625
9.381322,-32.359677,25.581578
14.850679,-31.440375,25.581301
20.534483,-29.545160,25.587142
26.038035,-26.663237,25.591074
31.217533,-22.844781,25.580224
35.905664,-18.114474,25.581485
39.725493,-12.392437,25.579145
42.309331,-5.778496,25.580292
43.381557,1.252958,25.586054
42.785693,8.335937,25.579933
40.140531,15.155644,25.582988
36.231301,20.847132,25.588083
31.153432,25.770843,25.588149
25.727592,29.611336,25.585205
20.381823,32.860304,22.192626
15.059111,36.490266,22.190721
9.265009,39.261607,22.187154
2.918308,40.373004,22.184470
-3.472767,39.496050,22.184927
-9.175949,36.477864,22.189391
-13.543514,31.484882,22.189271
-17.025561,26.868578,22.191143
-19.920554,22.950259,22.187226
-22.366990,18.986225,22.183764
-24.344237,15.017328,22.190502
-25.916190,11.111011,22.191275
-27.066336,7.044280,22.191312
-27.357027,3.082585,22.185324
-27.586354,-0.922897,22.182562
-27.696700,-4.876295,22.188964
-26.555737,-8.948061,22.190970
-25.543254,-12.826055,22.187223
-23.700016,-16.817796,22.189576
-21.287064,-20.316283,22.188597
-18.351542,-23.614405,22.181707
-14.589037,-26.370376,22.184500
-10.570227,-28.727379,22.190247
-6.117331,-30.733872,22.191634
-1.177948,-31.966248,22.187564
3.922474,-32.292546,22.185661
9.239196,-32.053600,22.189512
14.695873,-31.067072,22.180930
20.136902,-29.152177,22.181200
25.579332,-26.158635,22.191666
30.512510,-22.383985,22.190072
35.003667,-17.773533,22.190189
38.806317,-12.042640,22.181505
41.327483,-5.645111,22.182652
42.467520,1.149180,22.192897
42.041852,8.241662,22.184992
39.624876,14.910043,22.184131
35.801255,20.655866,22.184156
30.943085,25.489815,22.184427
25.580692,29.412779,22.189220
20.135583,32.519102,18.792352
14.871198,35.789896,18.783324
9.018639,38.334222,18.785417
2.921631,39.537766,18.792185
-3.454408,39.035152,18.786523
-9.028132,36.298625,18.781369
-13.545995,31.772262,18.784437
-17.186759,27.320287,18.789932
-20.272458,23.293525,18.790379
-22.788277,19.397985,18.787712
-24.943048,15.293767,18.785305
-26.585230,11.436330,18.781043
-27.822416,7.413076,18.779864
-28.226276,3.259470,18.785812
-28.504768,-0.949252,18.792583
-28.631160,-5.103407,18.792520
-27.491010,-9.155409,18.789184
-26.291648,-13.422948,18.791157
-24.368780,-17.362515,18.790091
-21.717311,-20.931189,18.783350
-18.671943,-24.112646,18.777783
-14.933342,-26.862369,18.779022
-10.665919,-29.182303,18.782761
-6.144506,-30.980968,18.784701
-1.190204,-32.045105,18.784903
3.893284,-32.257841,18.787007
9.182830,-31.944713,18.792246
14.602498,-30.889624,18.790863
19.983523,-28.884868,18.789063
25.151374,-25.907092,18.787348
29.994061,-22.061147,18.780747
34.385213,-17.395041,18.780415
37.987493,-11.831766,18.784896
40.405582,-5.664029,18.787363
41.576462,1.093465,18.784067
41.226922,8.157580,18.780400
38.975787,14.621493,18.788003
35.207598,20.359888,18.785733
30.576546,25.079822,18.781569
25.319734,29.097760,18.788890
19.748043,31.978106,15.387935
14.296199,34.820013,15.382570
8.531820,36.846739,15.384965
2.691817,38.021764,15.390398
-3.412852,37.896864,15.387433
-8.865482,35.535121,15.379124
-13.584989,31.607343,15.379724
-17.309100,27.589264,15.388879
-20.476706,23.672285,15.392762
-23.187227,19.687233,15.388386
-25.417410,15.664052,15.382529
-27.206831,11.666929,15.377790
-28.553218,7.484142,15.383316
-29.047119,3.371645,15.381733
-29.381143,-1.022250,15.377320
-29.462225,-5.365236,15.378690
-28.350930,-9.390520,15.378538
-27.004899,-13.806721,15.391310
-25.049321,-17.702870,15.389092
-22.193258,-21.332977,15.385173
-18.916223,-24.559524,15.392650
-15.080559,-27.480269,15.392954
-10.796678,-29.681993,15.391529
-6.236791,-31.281905,15.381786
-1.293907,-32.204849,15.380481
3.970317,-32.344533,15.392623
9.213498,-31.951884,15.390874
14.573801,-30.816064,15.391469
19.874801,-28.728005,15.385018
24.942509,-25.670172,15.379632
29.665558,-21.752941,15.389945
33.775953,-17.193841,15.386201
37.261110,-11.616718,15.383419
39.586711,-5.469183,15.388276
40.692265,1.245301,15.387755
40.371882,7.818491,15.377765
38.187813,14.251038,15.381102
34.457271,19.939746,15.387628
29.897695,24.677719,15.389983
24.927744,28.647194,15.390510
19.220202,31.241688,11.983750
13.615442,33.586048,11.990230
8.182920,35.036841,11.993454
2.399371,36.149328,11.987465
-3.204196,36.328660,11.980274
-8.741968,34.374238,11.985173
-13.470396,31.278701,11.984865
-17.446093,27.606114,11.982873
-20.702785,23.824015,11.981620
-23.480231,19.948088,11.978983
-25.781709,16.019810,11.977714
-27.713618,11.899016,11.982095
-29.116515,7.784580,11.980957
-29.772679,3.517135,11.978038
-30.150327,-1.044173,11.983447
-30.196755,-5.353768,11.990430
-29.048905,-9.769087,11.987453
-27.618918,-14.103371,11.992341
-25.516571,-18.130743,11.989396
-22.606829,-21.638551,11.979559
-19.119988,-24.902416,11.979045
-15.410239,-27.900845,11.987643
-10.963262,-30.139629,11.980169
-6.181762,-31.613665,11.981111
-1.265153,-32.387513,11.990473
3.943844,-32.472412,11.989517
9.127616,-32.013907,11.980020
14.622987,-30.747325,11.983479
19.825867,-28.574875,11.987947
24.780485,-25.449723,11.982484
29.214528,-21.624539,11.978669
33.313438,-16.852481,11.988615
36.529851,-11.443650,11.991767
38.736195,-5.326149,11.988813
39.731655,1.115001,11.986362
39.343808,7.831575,11.981176
37.167063,13.966255,11.982660
33.561671,19.383574,11.982643
29.079853,24.127239,11.980083
24.385358,28.031473,11.980238
18.560033,30.316355,8.588944
13.099688,32.187621,8.584162
7.648587,33.306201,8.579682
2.142856,34.250182,8.581149
-3.177703,34.528316,8.584843
-8.562756,33.078947,8.581768
-13.190467,30.807579,8.582306
-17.415965,27.550047,8.580711
-20.779911,23.941664,8.582353
-23.622151,20.190486,8.583987
-26.096684,16.184228,8.581353
-28.068221,12.146116,8.589832
-29.578195,7.904228,8.581562
-30.379271,3.495784,8.579099
-30.779507,-1.000349,8.585867
-30.752314,-5.477777,8.586593
-29.626945,-10.057302,8.588774
-28.115496,-14.296293,8.591320
-25.873311,-18.441114,8.584747
-22.784018,-21.981644,8.584280
-19.260030,-25.122783,8.593413
-15.502737,-28.301613,8.590730
-11.098218,-30.477763,8.581155
-6.333476,-31.798030,8.578058
-1.252775,-32.494304,8.581020
3.888248,-32.548278,8.583951
9.211450,-31.995105,8.586950
14.610314,-30.632882,8.586577
19.705440,-28.392690,8.583739
24.544502,-25.224972,8.584029
28.847199,-21.363757,8.587240
32.763763,-16.545248,8.582673
35.803018,-11.124809,8.581941
37.791394,-5.248258,8.583963
38.677022,1.126283,8.582826
38.242915,7.540105,8.581996
36.010150,13.563466,8.586452
32.398372,18.871274,8.589642
28.137485,23.434694,8.590273
23.693603,27.228732,8.590609
17.777161,29.205502,5.188445
12.358732,30.893061,5.186568
7.177045,31.884459,5.185652
1.959468,32.630183,5.188812
-3.088612,32.781962,5.190152
-8.274022,31.842250,5.179450
-13.028451,30.084055,5.180554
-17.260960,27.337462,5.190327
-20.739737,23.950867,5.186117
-23.757551,20.161444,5.179327
-26.274823,16.270086,5.186655
-28.359839,12.131202,5.178009
-29.879251,7.971520,5.187311
-30.824029,3.441907,5.185811
-31.238297,-0.973937,5.173807
-31.118548,-5.599507,5.178597
-30.086029,-10.122395,5.191444
-28.435880,-14.453343,5.186444
-26.048482,-18.688729,5.176089
-22.951787,-22.108141,5.181312
-19.258490,-25.268479,5.188819
-15.598145,-28.441069,5.178306
-11.062271,-30.647736,5.185269
-6.339959,-31.829874,5.186658
-1.327346,-32.435596,5.184954
3.941749,-32.472314,5.187668
9.172719,-31.847682,5.178962
14.462252,-30.411664,5.188152
19.443047,-28.131227,5.192288
24.163739,-24.948945,5.181783
28.476318,-20.921762,5.177307
32.071532,-16.242872,5.181170
34.854661,-11.030816,5.184900
36.754250,-5.011288,5.183237
37.476751,1.072996,5.181767
36.964498,7.378970,5.185789
34.715034,13.057365,5.182324
31.243656,18.090212,5.185186
27.072621,22.602523,5.191903
22.685076,26.339779,5.191538
16.889054,27.935698,1.788254
11.796619,29.589586,1.787027
6.741321,30.714749,1.781628
1.834517,31.285310,1.777652
-3.126387,31.153247,1.779839
-8.047984,30.589033,1.781277
-12.820548,29.238542,1.778666
-16.984058,26.955022,1.780803
-20.705171,23.679879,1.785674
-23.620312,20.193180,1.786205
-26.287703,16.266191,1.787009
-28.387071,12.238354,1.793203
-29.990441,7.987614,1.782582
-31.033438,3.567305,1.775250
-31.480656,-0.953684,1.781255
-31.267822,-5.699171,1.787469
-30.329369,-10.146038,1.787050
-28.555677,-14.543494,1.784556
-26.149608,-18.667917,1.779897
-22.951452,-22.135521,1.784242
-19.272406,-25.164904,1.790097
-15.502778,-28.377051,1.780617
-11.037499,-30.502318,1.785920
-6.190843,-31.624799,1.785227
-1.268404,-32.150668,1.784030
3.893497,-32.170276,1.790483
9.011966,-31.493408,1.785972
14.173279,-30.005589,1.785685
19.025743,-27.710177,1.784229
23.619871,-24.544328,1.783716
27.791656,-20.540434,1.792300
31.211709,-15.879145,1.792897
33.823751,-10.708986,1.786140
35.503000,-4.973791,1.780519
36.104068,1.002279,1.779950
35.566808,6.973788,1.780685
33.280658,12.495837,1.782479
29.837186,17.409639,1.786471
25.890191,21.665088,1.789617
21.721283,25.148599,1.789522
15.908709,26.532617,-1.621653
11.202832,28.271651,-1.619164
6.531093,29.598084,-1.613144
1.768381,30.120680,-1.612968
-3.055561,29.678473,-1.617492
-7.661395,29.274854,-1.613155
-12.396244,28.314402,-1.610146
-16.608971,26.399919,-1.616243
-20.387828,23.395786,-1.620918
-23.445924,19.918011,-1.615932
-26.116016,16.142328,-1.608406
-28.212304,12.244610,-1.605371
-29.882934,7.932652,-1.615323
-30.992826,3.642077,-1.614866
-31.468005,-0.950177,-1.606409
-31.195328,-5.577974,-1.610114
-30.317303,-10.121989,-1.618181
-28.440490,-14.556310,-1.613208
-26.028084,-18.540491,-1.609974
-22.761519,-22.045616,-1.613172
-19.129942,-24.942478,-1.616401
-15.361356,-27.954933,-1.617032
-10.993221,-29.993535,-1.614816
-6.072779,-31.095191,-1.615664
-1.269819,-31.571326,-1.616422
3.757526,-31.576631,-1.615827
8.737187,-30.864205,-1.620185
13.746240,-29.348983,-1.622205
18.624237,-26.962832,-1.622977
23.056545,-23.815880,-1.620016
26.917391,-19.994107,-1.615164
30.155984,-15.387310,-1.622520
32.601677,-10.298585,-1.614620
34.106858,-4.679247,-1.613283
34.548359,0.956714,-1.622846
33.942422,6.765372,-1.611115
31.702218,11.915652,-1.611266
28.318899,16.695825,-1.612738
24.595819,20.656868,-1.612615
20.472604,23.943696,-1.617637
14.858327,25.036494,-5.019912
10.582728,26.891787,-5.019520
6.144711,28.471200,-5.012432
1.559651,28.994227,-5.010916
-3.091626,28.338559,-5.020858
-7.543831,27.916405,-5.020832
-11.976865,27.251493,-5.011348
-16.325810,25.559811,-5.014810
-19.931639,22.902683,-5.015979
-23.104746,19.468856,-5.007105
-25.745211,15.856814,-5.007037
-27.898113,11.931658,-5.007231
-29.532304,7.768913,-5.016699
-30.710882,3.437838,-5.016888
-31.155394,-0.997808,-5.015098
-30.835574,-5.477708,-5.020029
-30.001843,-10.074014,-5.016191
-28.130300,-14.337555,-5.019986
-25.628291,-18.318223,-5.022289
-22.472903,-21.718437,-5.019268
-18.933433,-24.487675,-5.014329
-14.975659,-27.311307,-5.009934
-10.705658,-29.202141,-5.013552
-6.143803,-30.226381,-5.013107
-1.298568,-30.701758,-5.008312
3.564091,-30.692509,-5.008080
8.565476,-29.913070,-5.014213
13.204219,-28.434796,-5.021566
17.905189,-26.087273,-5.021465
22.173355,-23.015175,-5.016784
25.866955,-19.275271,-5.016397
28.922468,-14.764487,-5.014465
31.189618,-9.794418,-5.009518
32.495200,-4.519137,-5.009078
32.821068,0.940252,-5.012629
32.170967,6.358577,-5.011197
29.967488,11.321125,-5.010523
26.809433,15.798807,-5.013279
23.188468,19.590249,-5.016913
19.124942,22.640774,-5.018946
13.919661,23.388643,-8.415086
9.924185,25.404164,-8.414139
5.763033,27.171737,-8.412990
1.382944,27.794558,-8.408860
-3.083818,27.160221,-8.409451
-7.349785,26.701332,-8.421427
-11.610850,26.119214,-8.412832
-15.822507,24.604158,-8.417116
-19.351614,22.149087,-8.420178
-22.475231,18.929886,-8.410754
-25.064952,15.505282,-8.415273
-27.180713,11.766600,-8.417889
-28.857160,7.616227,-8.416214
-30.039508,3.471238,-8.416369
-30.500792,-0.963195,-8.419589
-30.150766,-5.449776,-8.420083
-29.378168,-9.863326,-8.415726
-27.555144,-13.942128,-8.415873
-25.107395,-17.726352,-8.416320
-21.993883,-21.177624,-8.418302
-18.449764,-23.939160,-8.417825
-14.636284,-26.289773,-8.410558
-10.333195,-28.108198,-8.416019
-5.967245,-29.098646,-8.422438
-1.313390,-29.552329,-8.419380
3.350933,-29.524953,-8.411871
8.142977,-28.732590,-8.410797
12.578001,-27.265712,-8.412166
17.069852,-24.975998,-8.417972
21.146686,-22.002575,-8.418264
24.654104,-18.378489,-8.408999
27.419420,-14.163757,-8.411302
29.527034,-9.364157,-8.408789
30.700825,-4.283030,-8.412099
30.910766,0.771126,-8.419976
30.200305,5.959603,-8.410069
28.069812,10.713380,-8.408607
25.165576,14.874583,-8.412680
21.808577,18.351072,-8.414847
17.854529,21.174726,-8.415480
12.756989,21.775580,-11.808015
9.049409,23.863287,-11.815196
5.344579,25.627119,-11.816056
1.201161,26.432264,-11.812423
-3.063102,26.082195,-11.813358
-7.113157,25.627698,-11.811221
-11.142212,24.965290,-11.818141
-15.131389,23.492889,-11.822494
-18.660269,21.106841,-11.816075
-21.567082,18.240932,-11.810544
-24.177528,14.879599,-11.815201
-26.294913,11.186128,-11.817331
-27.842386,7.417340,-11.807813
-29.036448,3.315542,-11.814785
-29.480399,-0.895094,-11.820304
-29.154989,-5.156672,-11.809439
-28.404767,-9.525598,-11.815363
-26.569070,-13.551221,-11.810417
-24.186305,-17.094311,-11.809452
-21.261577,-20.427258,-11.816385
-17.924926,-23.063597,-11.817978
-13.981697,-25.097756,-11.813106
-10.023309,-26.680943,-11.818971
-5.720759,-27.703614,-11.814551
-1.297873,-28.138660,-11.813253
3.131387,-28.073626,-11.823893
7.502717,-27.316169,-11.821304
11.870504,-25.831822,-11.813338
15.972327,-23.721159,-11.807766
19.842927,-20.897293,-11.812557
23.152285,-17.432722,-11.823131
25.738695,-13.402686,-11.817002
27.669727,-8.816694,-11.818210
28.693210,-4.145545,-11.820662
28.811878,0.830297,-11.817369
28.013035,5.558592,-11.821420
26.084086,9.927526,-11.816685
23.372385,13.909245,-11.815352
20.155166,17.177097,-11.816345
16.495488,19.671461,-11.810620
11.524902,20.079520,-15.213972
8.262797,22.092789,-15.211291
4.860309,23.846283,-15.208556
1.000237,24.861379,-15.213265
-2.998498,24.975425,-15.219897
-6.802082,24.555194,-15.212078
-10.705925,23.688687,-15.219139
-14.383682,22.142344,-15.222607
-17.694167,19.898866,-15.217648
-20.588999,17.147146,-15.217091
-23.054924,14.003892,-15.218543
-24.984828,10.696521,-15.216190
-26.522013,7.015476,-15.219471
-27.654022,3.169612,-15.219322
-28.094688,-0.945882,-15.215937
-27.798673,-4.946378,-15.214285
-27.087545,-9.044103,-15.209249
-25.358858,-12.823535,-15.209290
-22.983329,-16.241749,-15.217004
-20.390402,-19.308422,-15.222695
-17.039580,-21.999358,-15.217050
-13.349598,-23.561851,-15.209208
-9.448767,-25.031570,-15.219873
-5.585234,-25.991918,-15.222273
-1.436386,-26.431131,-15.215201
2.720173,-26.359790,-15.213090
6.979168,-25.580716,-15.216439
10.904508,-24.197563,-15.220084
14.892590,-22.121090,-15.215877
18.386957,-19.565562,-15.212406
21.479239,-16.300862,-15.217665
23.862358,-12.490465,-15.216047
25.556602,-8.320249,-15.218335
26.499817,-3.758112,-15.222667
26.510462,0.741518,-15.222468
25.613384,5.149475,-15.220146
23.825516,9.266672,-15.212173
21.419212,12.888791,-15.210323
18.495710,15.818961,-15.214105
15.029883,18.101441,-15.215272
10.337419,18.194259,-18.616524
7.371594,20.144986,-18.614438
4.277731,21.818325,-18.609600
0.766792,23.024978,-18.607923
-2.854457,23.692589,-18.611013
-6.681822,23.299157,-18.612369
-10.219088,22.212828,-18.616093
-13.506720,20.549137,-18.617729
-16.538466,18.431986,-18.614616
-19.261150,15.944193,-18.609555
-21.562464,13.055071,-18.608091
-23.435494,9.872879,-18.614833
-24.864684,6.473598,-18.621469
-25.906610,2.920237,-18.617690
-26.331611,-0.885069,-18.614518
-26.094829,-4.582773,-18.615137
-25.420206,-8.367445,-18.609378
-23.751298,-12.000507,-18.619752
-21.527512,-15.128170,-18.612637
-19.158930,-18.009849,-18.609157
-16.088038,-20.490566,-18.618640
-12.439869,-21.775611,-18.613604
-8.962426,-23.032877,-18.608264
-5.254285,-24.001760,-18.617534
-1.421514,-24.418464,-18.620527
2.419713,-24.311347,-18.612820
6.198827,-23.586238,-18.616521
9.960289,-22.227175,-18.611151
13.504387,-20.367404,-18.607094
16.737747,-18.011504,-18.608448
19.586510,-14.985142,-18.607486
21.749459,-11.438006,-18.608895
23.247098,-7.560554,-18.618355
24.044497,-3.478099,-18.621309
23.982304,0.673787,-18.613883
22.983977,4.707869,-18.614855
21.430818,8.396105,-18.621224
19.365897,11.653865,-18.619897
16.660091,14.366136,-18.614232
13.437424,16.440060,-18.614810
8.878225,16.234230,-22.021890
6.348671,17.981557,-22.017005
3.575460,19.524051,-22.009612
0.477752,20.837121,-22.011023
-2.905814,22.058678,-22.020085
-6.380912,21.751844,-22.015004
-9.613330,20.429578,-22.019497
-12.441908,18.667034,-22.020345
-15.138420,16.687785,-22.018053
-17.635842,14.478065,-22.016951
-19.734199,11.876416,-22.010067
-21.451354,9.011002,-22.010379
-22.767292,5.944645,-22.019485
-23.742385,2.598375,-22.014981
-24.152466,-0.707812,-22.006668
-23.990511,-4.190970,-22.008584
-23.286081,-7.738329,-22.010191
-21.821858,-10.899273,-22.015628
-19.792038,-13.705341,-22.015336
-17.567325,-16.447174,-22.012482
-14.779852,-18.636928,-22.014323
-11.412170,-19.632284,-22.019289
-8.252254,-20.721213,-22.021384
-4.905712,-21.646159,-22.020549
-1.584704,-22.038172,-22.018706
1.892842,-21.911890,-22.015998
5.309633,-21.247213,-22.012742
8.702182,-19.994706,-22.013968
11.908849,-18.308937,-22.019206
14.842119,-16.191259,-22.021281
17.413586,-13.447183,-22.015612
19.280379,-10.344709,-22.009953
20.599219,-6.827110,-22.013397
21.290149,-3.119828,-22.017153
21.152638,0.627769,-22.016121
20.120330,4.095822,-22.018737
18.835925,7.340476,-22.014441
16.980122,10.443775,-22.011737
14.601328,12.784736,-22.015911
11.671345,14.639978,-22.020857
7.451897,13.922120,-25.411304
5.148557,15.531412,-25.411767
2.728061,16.896500,-25.410719
0.095646,18.193902,-25.413874
-2.762348,19.787381,-25.421433
-5.932474,19.651915,-25.418403
-8.771197,18.217243,-25.413187
-11.190907,16.374932,-25.410408
-13.495894,14.576128,-25.409556
-15.697259,12.662633,-25.409029
-17.529346,10.382994,-25.410035
-19.036328,7.879589,-25.417021
-20.209817,5.204519,-25.420044
-21.050476,2.279433,-25.417574
-21.467715,-0.736768,-25.412607
-21.385503,-3.778546,-25.409257
-20.717875,-6.750452,-25.410986
-19.453453,-9.526409,-25.413938
-17.600440,-12.067237,-25.409058
-15.645425,-14.473130,-25.413486
-13.281513,-16.266831,-25.420075
-10.186397,-17.083573,-25.413731
-7.414913,-18.004966,-25.414375
-4.612688,-18.829571,-25.414490
-1.594929,-19.205972,-25.410545
1.327746,-19.052073,-25.411093
4.312465,-18.452592,-25.418774
7.275334,-17.345857,-25.413178
9.981915,-15.943126,-25.414853
12.570005,-14.122333,-25.419573
14.833988,-11.734500,-25.410581
16.503821,-8.899419,-25.408616
17.559581,-5.920397,-25.415552
18.122402,-2.784562,-25.416881
17.962928,0.487896,-25.411159
16.889144,3.462488,-25.416951
15.801374,6.320729,-25.422309
14.333864,8.971575,-25.417868
12.243393,11.025678,-25.409964
9.782458,12.588635,-25.409144
5.568164,11.319544,-28.813600
3.752774,12.573430,-28.817266
1.859681,13.685581,-28.818355
-0.267503,14.804204,-28.816483
-2.677229,16.600667,-28.815383
-5.386012,16.649640,-28.816145
-7.714080,15.260995,-28.810533
-9.634076,13.487322,-28.811995
-11.477486,11.946825,-28.813451
-13.285775,10.367995,-28.811224
-14.774863,8.476801,-28.818963
-16.021411,6.421064,-28.819669
-17.007870,4.226426,-28.817686
-17.676510,1.819086,-28.818676
-18.089265,-0.562653,-28.818900
-18.105599,-3.150898,-28.818559
-17.451405,-5.580565,-28.820554
-16.429927,-7.873432,-28.818693
-14.899439,-9.954400,-28.816013
-13.281655,-11.937315,-28.812383
-11.205597,-13.371701,-28.809923
-8.727239,-13.946681,-28.813263
-6.438618,-14.671853,-28.819476
-4.139769,-15.393752,-28.818054
-1.764163,-15.686514,-28.817230
0.745414,-15.506031,-28.819116
3.103706,-15.044856,-28.817854
5.446354,-14.170058,-28.816548
7.781156,-12.998663,-28.814519
9.932774,-11.535901,-28.812528
11.732462,-9.646086,-28.812828
13.094998,-7.304128,-28.815964
13.925847,-4.844758,-28.819567
14.365270,-2.250028,-28.817834
14.200544,0.339855,-28.811037
13.094383,2.802323,-28.810059
12.264335,5.072460,-28.816027
11.226845,7.215383,-28.816966
9.497831,8.915585,-28.810881
7.561315,10.167773,-28.810242
3.229740,7.882862,-32.218223
1.984111,8.699581,-32.216819
0.653544,9.532536,-32.212921
-0.857848,10.332767,-32.215645
-2.540382,11.890706,-32.216884
-4.509355,12.212217,-32.216625
-6.224175,11.099204,-32.217872
-7.502401,9.623572,-32.214789
-8.807550,8.416856,-32.212454
-10.057412,7.249246,-32.214069
-11.052203,5.943324,-32.212036
-11.938872,4.479969,-32.214914
-12.665359,2.926198,-32.214249
-13.110976,1.283842,-32.214414
-13.590126,-0.463047,-32.212750
-13.668755,-2.262432,-32.213933
-13.064716,-3.974846,-32.218291
-12.358523,-5.682407,-32.214530
-11.251645,-7.157675,-32.215611
-10.120728,-8.491588,-32.217845
-8.575769,-9.410170,-32.215488
-6.806184,-9.805465,-32.212412
-5.171459,-10.297779,-32.214957
-3.536885,-10.826712,-32.218790
-1.845171,-10.958542,-32.217120
-0.196078,-10.818664,-32.214238
1.558856,-10.536621,-32.213889
3.167759,-9.958590,-32.213072
4.791537,-9.204378,-32.215502
6.362006,-8.224706,-32.218160
7.721489,-6.854395,-32.217241
8.655855,-5.246350,-32.216953
9.222492,-3.492314,-32.212846
9.508183,-1.632924,-32.211930
9.352909,0.215117,-32.218387
8.339912,1.846140,-32.217185
7.706023,3.427015,-32.216992
7.150334,5.022899,-32.216754
5.965331,6.188128,-32.212666
4.576480,7.096327,-32.214500
-2.961405,0.455235,-35.615047
6.901209,23.361391,32.384953
3.385494,24.199788,32.384953
-0.101442,24.503194,32.384953
-3.591263,24.244105,32.384953
-6.861163,23.373043,32.384953
-9.855863,21.793318,32.384953
-12.241622,19.557943,32.384953
-13.898002,16.744443,32.384953
-14.764055,13.711418,32.384953
-14.950624,10.684386,32.384953
-14.552350,8.031359,32.384953
-13.743022,5.719442,32.384953
-12.835070,3.827052,32.384953
-12.004023,2.288128,32.384953
-11.263745,0.965368,32.384953
-10.636424,-0.153336,32.384954
-10.016699,-1.276286,32.384954
-9.414201,-2.408576,32.384953
-8.788381,-3.660128,32.384953
-8.142557,-5.031017,32.384953
-7.351011,-6.721217,32.384953
-6.237174,-8.771510,32.384953
-4.631867,-10.778173,32.384953
-2.492513,-12.402894,32.384953
0.105945,-13.461089,32.384953
2.878207,-13.875073,32.384953
5.906830,-13.672594,32.384953
8.947313,-12.842460,32.384953
11.883849,-11.408851,32.384953
14.602439,-9.392878,32.384953
16.978924,-6.822123,32.384953
18.859661,-3.869098,32.384953
20.303316,-0.425472,32.384953
21.162537,3.328175,32.384953
21.287124,7.179929,32.384953
20.518402,10.953779,32.384954
18.814251,14.536927,32.384954
16.428188,17.565467,32.384954
13.491164,20.087884,32.384954
10.094121,21.693178,29.421652
6.452293,22.503493,29.423769
2.944688,22.854280,29.420476
-0.327260,22.740800,29.418748
-3.526676,21.964879,29.421683
-6.453486,20.744424,29.420139
-8.916092,19.125493,29.425202
-10.903604,17.106256,29.423257
-12.403132,14.703327,29.420697
-13.301398,12.255661,29.421688
-13.690217,9.908795,29.420259
-13.676572,7.642758,29.417841
-13.389297,5.624235,29.420391
-12.958710,3.864071,29.421079
-12.462143,2.239051,29.417958
-11.977075,0.849876,29.424028
-11.499134,-0.545420,29.426394
-10.974033,-1.796411,29.421347
-10.246052,-3.078264,29.421013
-9.709868,-4.567309,29.419981
-8.995357,-6.346438,29.418144
-7.930820,-7.963231,29.418465
-6.584218,-9.786998,29.419614
-4.735922,-11.618687,29.418355
-2.518740,-13.004255,29.415588
0.168055,-13.904363,29.415665
2.981503,-14.180988,29.421319
6.068165,-13.957135,29.426209
8.991179,-12.837811,29.423682
11.510687,-11.063488,29.418199
14.203510,-9.180894,29.419528
16.668080,-6.687847,29.424390
18.550226,-3.718100,29.427005
20.095717,-0.431619,29.424558
21.355540,3.324503,29.417809
21.573745,7.174016,29.414599
20.743037,11.062479,29.422519
18.991062,14.613281,29.428217
16.538769,17.609107,29.425289
13.481491,20.048317,29.422249
9.779363,21.306774,26.457870
6.096483,21.775372,26.458073
2.698007,21.781363,26.455294
-0.532580,21.357808,26.453780
-3.522336,20.319387,26.456835
-6.031046,19.034176,26.457903
-8.301153,17.361459,26.454454
-10.081549,15.474311,26.459727
-11.387972,13.498416,26.455600
-12.352169,11.334554,26.453543
-12.883820,9.375742,26.455117
-13.159983,7.364316,26.451973
-13.231574,5.561638,26.456456
-13.144849,3.872538,26.455824
-12.950557,2.305219,26.452018
-12.659610,0.755537,26.457374
-12.335333,-0.794098,26.459497
-11.886651,-2.303636,26.450870
-11.135727,-3.820658,26.450235
-10.572738,-5.536476,26.455926
-9.778808,-7.506525,26.460460
-8.552029,-9.144152,26.458809
-6.895669,-10.996228,26.454106
-4.892950,-12.635446,26.450642
-2.485680,-13.894774,26.454529
0.232707,-14.645103,26.462456
3.265461,-14.819586,26.459871
6.338591,-14.520134,26.458187
9.305219,-13.272062,26.460167
11.832732,-11.335627,26.461495
14.595004,-9.382121,26.461937
17.036840,-6.888117,26.460028
18.938652,-3.815479,26.458063
20.489021,-0.423062,26.460542
21.695761,3.331202,26.463498
21.808350,7.280723,26.455280
20.860940,11.125191,26.459043
19.033223,14.617586,26.462800
16.428910,17.614727,26.458435
13.360135,19.844024,26.457185
9.536430,20.791504,23.487285
5.799644,21.126251,23.496364
2.382584,20.901767,23.498278
-0.729207,20.250335,23.495438
-3.476242,19.140060,23.493010
-5.848799,17.787932,23.490068
-7.829250,16.255264,23.495307
-9.473482,14.521591,23.488878
-10.788378,12.663011,23.493175
-11.735779,10.847327,23.499896
-12.415473,9.036065,23.494947
-12.892216,7.278868,23.490197
-13.212680,5.602486,23.494503
-13.381453,3.904116,23.499498
-13.394625,2.196926,23.495283
-13.281685,0.609460,23.489943
-13.074631,-1.088587,23.487614
-12.718854,-2.755536,23.486963
-12.064136,-4.452607,23.487103
-11.411388,-6.402177,23.488215
-10.518356,-8.476606,23.492280
-9.048774,-10.378476,23.496832
-7.281113,-12.157342,23.494297
-5.068381,-13.749412,23.490821
-2.469487,-14.927650,23.492292
0.415904,-15.586196,23.496694
3.597830,-15.656520,23.496813
6.780859,-15.219873,23.493427
9.811251,-13.990334,23.494322
12.541578,-12.103759,23.499828
15.376054,-10.002379,23.499314
17.865406,-7.349238,23.490772
19.789877,-4.120905,23.489868
21.222609,-0.517824,23.494379
22.101775,3.248941,23.492812
21.997263,7.234203,23.497264
20.886808,11.067652,23.497381
18.928822,14.534916,23.492004
16.291375,17.389288,23.486676
13.005836,19.556846,23.484292
9.029555,20.233256,20.536594
5.565679,20.502533,20.526453
2.227823,20.161609,20.526475
-0.795190,19.384928,20.530891
-3.459534,18.262000,20.529268
-5.653641,16.974887,20.530941
-7.570345,15.483913,20.532108
-9.182665,13.826894,20.533809
-10.435820,12.164877,20.532339
-11.432495,10.471329,20.527990
-12.168529,8.900862,20.526852
-12.828139,7.172847,20.532278
-13.293341,5.622604,20.534924
-13.643846,3.924187,20.525210
-13.820230,2.199008,20.528641
-13.840625,0.465228,20.531416
-13.729059,-1.266532,20.529975
-13.423833,-3.207571,20.532770
-12.892869,-5.098412,20.529816
-12.172857,-7.180181,20.529475
-11.119258,-9.360194,20.531373
-9.591016,-11.400922,20.529750
-7.593236,-13.332384,20.529889
-5.178505,-14.919713,20.528011
-2.383843,-16.041291,20.527661
0.686813,-16.615381,20.529907
3.925730,-16.595066,20.525935
7.231604,-16.004300,20.528665
10.486876,-14.811985,20.532674
13.601351,-13.028673,20.530872
16.500790,-10.727527,20.530906
19.009078,-7.848850,20.532557
20.937307,-4.419798,20.528478
22.126210,-0.668091,20.526358
22.538249,3.360620,20.533538
22.087044,7.270939,20.532766
20.721666,11.081854,20.525938
18.623571,14.411970,20.527312
15.916589,17.114550,20.536091
12.601428,19.104452,20.540266
8.584693,19.556871,17.560102
5.171527,19.856469,17.568450
2.023473,19.485593,17.569259
-0.923702,18.645706,17.561839
-3.422768,17.611553,17.558699
-5.564880,16.379464,17.560442
-7.441787,14.959857,17.563686
-8.959702,13.483348,17.566646
-10.227195,11.935847,17.569048
-11.264993,10.365689,17.571567
-12.113581,8.818205,17.570823
-12.854636,7.216803,17.564881
-13.431875,5.674149,17.561836
-13.898726,3.972130,17.566657
-14.189341,2.231781,17.561989
-14.315882,0.470484,17.559481
-14.261711,-1.527499,17.563417
-14.017547,-3.513548,17.562692
-13.580934,-5.709010,17.563608
-12.778033,-7.915017,17.564690
-11.602176,-10.096675,17.565421
-10.040324,-12.305578,17.566279
-7.931477,-14.359498,17.564598
-5.343704,-15.998980,17.562005
-2.365040,-17.109310,17.563620
0.892001,-17.628814,17.570150
4.190535,-17.543636,17.572758
7.638213,-16.822406,17.565225
11.118398,-15.678844,17.562579
14.608349,-14.002414,17.567668
17.589276,-11.505653,17.562205
20.142508,-8.414476,17.564780
22.083971,-4.775592,17.564589
23.037183,-0.772747,17.562627
22.922426,3.353552,17.568280
22.069546,7.267213,17.567423
20.457275,10.925543,17.564268
18.214976,14.105667,17.564255
15.348299,16.728324,17.564101
12.124740,18.502418,17.560212
8.088623,18.802380,14.598171
4.868443,19.146948,14.596540
1.796745,18.813835,14.599209
-0.967355,18.037395,14.599925
-3.413940,17.094230,14.597301
-5.512182,15.957519,14.600488
-7.265394,14.717272,14.602859
-8.862515,13.282343,14.597573
-10.131574,11.856636,14.603227
-11.253938,10.313100,14.605686
-12.184002,8.784394,14.600694
-12.946451,7.298712,14.601663
-13.627850,5.644203,14.601600
-14.149395,3.932385,14.597446
-14.497726,2.177783,14.602670
-14.681882,0.395907,14.602271
-14.672525,-1.629314,14.597851
-14.448793,-3.766184,14.604617
-14.113234,-6.017071,14.599039
-13.264670,-8.353816,14.595752
-11.967421,-10.655530,14.599495
-10.393482,-13.042003,14.601393
-8.202014,-15.237933,14.606463
-5.466367,-16.954685,14.604542
-2.320390,-18.077381,14.597521
0.991348,-18.550548,14.595967
4.573626,-18.400951,14.600919
8.047648,-17.590656,14.606494
11.706500,-16.424608,14.602784
15.392523,-14.780156,14.597393
18.467815,-12.122761,14.606960
21.089626,-8.857353,14.601903
23.040357,-5.018740,14.598813
23.773384,-0.917126,14.599267
23.207073,3.355914,14.595157
21.925656,7.209166,14.604511
19.985866,10.767937,14.600289
17.587633,13.747724,14.596320
14.653093,16.190042,14.600982
11.449102,17.830508,14.600834
7.536440,17.971199,11.630177
4.544514,18.357424,11.637517
1.563592,18.122178,11.643661
-1.007454,17.485122,11.643610
-3.390466,16.668018,11.642978
-5.438723,15.662657,11.640851
-7.251327,14.485617,11.637003
-8.824886,13.185582,11.640677
-10.157049,11.801797,11.640074
-11.271426,10.386846,11.637397
-12.260028,8.881612,11.638974
-13.112746,7.295451,11.640112
-13.768790,5.747806,11.638322
-14.312548,4.030848,11.640134
-14.715612,2.152940,11.633569
-14.930981,0.242244,11.634778
-14.932242,-1.676536,11.641458
-14.723212,-3.827995,11.636727
-14.390558,-6.217421,11.638736
-13.497466,-8.679343,11.640905
-12.211370,-11.008234,11.636445
-10.640118,-13.560264,11.631659
-8.395426,-15.899616,11.635586
-5.545995,-17.703762,11.634992
-2.374997,-18.820935,11.631071
1.201755,-19.289846,11.631410
4.804955,-19.095912,11.631161
8.413073,-18.227963,11.636437
12.192198,-16.967201,11.639582
15.874965,-15.247292,11.635820
19.055713,-12.488677,11.634864
21.751731,-9.096871,11.635344
23.651207,-5.195412,11.638714
24.233442,-0.924092,11.637503
23.333034,3.324340,11.631796
21.590070,7.152231,11.638718
19.319001,10.544514,11.641010
16.701692,13.361560,11.640883
13.818554,15.524286,11.639611
10.674295,17.055931,11.632820
6.929745,17.072486,8.675124
4.081372,17.491517,8.671258
1.337684,17.388021,8.668406
-1.134659,16.918425,8.671670
-3.429123,16.245533,8.679544
-5.405164,15.388949,8.680368
-7.163295,14.366795,8.671637
-8.791499,13.148054,8.670787
-10.172653,11.823555,8.673760
-11.329426,10.451241,8.674355
-12.348858,8.974866,8.674298
-13.210997,7.401040,8.672870
-13.902294,5.745174,8.670577
-14.423652,4.028315,8.676652
-14.819237,2.155476,8.670494
-15.029674,0.252243,8.670248
-15.021167,-1.779966,8.678130
-14.802862,-3.922707,8.672824
-14.423938,-6.292844,8.669671
-13.594369,-8.647826,8.675215
-12.331846,-11.108775,8.677566
-10.698909,-13.890792,8.667633
-8.494540,-16.254751,8.669844
-5.569334,-18.138428,8.672505
-2.291873,-19.279840,8.669796
1.275160,-19.720736,8.667271
4.981728,-19.496742,8.666964
8.584065,-18.642893,8.671146
12.312027,-17.301487,8.674992
16.025210,-15.386356,8.674747
19.296257,-12.576645,8.674138
21.991458,-9.208607,8.672689
23.846780,-5.300428,8.669043
24.331574,-0.909712,8.667746
23.163348,3.381807,8.669934
20.985427,7.099428,8.668092
18.418150,10.260642,8.673016
15.713138,12.793731,8.678053
12.844283,14.753259,8.678507
9.917638,16.155817,8.677559
6.265624,16.106989,5.714531
3.599564,16.553371,5.707830
1.131970,16.598772,5.705281
-1.204469,16.338261,5.710701
-3.378436,15.830241,5.714059
-5.362761,15.097340,5.705626
-7.139197,14.183712,5.703495
-8.697020,13.130199,5.702338
-10.107826,11.888187,5.709055
-11.363456,10.487895,5.710032
-12.388222,9.054221,5.703713
-13.287386,7.402692,5.707429
-13.939784,5.765206,5.711611
-14.417375,4.068823,5.706334
-14.783506,2.223820,5.711596
-14.975113,0.236089,5.711647
-14.940231,-1.761571,5.704192
-14.705953,-3.863900,5.707819
-14.248082,-6.172118,5.705007
-13.445543,-8.499356,5.707998
-12.247075,-11.060938,5.714588
-10.660221,-13.806061,5.711556
-8.433281,-16.233427,5.714686
-5.572248,-18.098039,5.709210
-2.354587,-19.232991,5.704056
1.264268,-19.684907,5.710827
4.903253,-19.467585,5.711656
8.686877,-18.609686,5.706378
12.295376,-17.182805,5.705784
15.840539,-15.094593,5.711852
18.988632,-12.443628,5.713994
21.735796,-9.069047,5.711764
23.523333,-5.211765,5.707092
23.933124,-0.885828,5.704517
22.654915,3.291322,5.705957
20.095281,6.950846,5.705480
17.323052,9.842183,5.703886
14.516512,12.153083,5.708016
11.725510,13.908401,5.715162
8.952928,15.232429,5.717396
5.541270,15.081306,2.745114
3.219318,15.533540,2.746772
0.853226,15.730519,2.750124
-1.288215,15.676175,2.751251
-3.292137,15.334936,2.748978
-5.237342,14.748663,2.746445
-7.090965,13.917888,2.741014
-8.628961,12.970363,2.737815
-10.106998,11.747956,2.747707
-11.339885,10.427255,2.747239
-12.397953,8.964544,2.741109
-13.246243,7.369654,2.748061
-13.845660,5.786217,2.748832
-14.292913,4.037157,2.749589
-14.605905,2.257302,2.749573
-14.752079,0.346072,2.750916
-14.685391,-1.686292,2.750894
-14.430534,-3.701543,2.745005
-13.891232,-5.892806,2.741919
-13.088183,-8.243773,2.746441
-11.996317,-10.723580,2.751483
-10.472030,-13.232994,2.749950
-8.235607,-15.629984,2.749367
-5.481338,-17.402447,2.743951
-2.384358,-18.484677,2.743528
1.088886,-18.926844,2.750064
4.694273,-18.717324,2.742135
8.239918,-17.968475,2.742779
11.766814,-16.486209,2.749216
14.985154,-14.376543,2.749528
18.111792,-11.780464,2.747943
20.690484,-8.640055,2.744349
22.424565,-4.816818,2.745248
22.761228,-0.766948,2.745259
21.418963,3.325471,2.741432
18.872124,6.635493,2.748752
15.970231,9.335734,2.748565
13.168883,11.417046,2.745747
10.544192,12.977981,2.746136
7.991685,14.222179,2.745389
4.851105,13.981913,-0.219099
2.625809,14.476777,-0.215433
0.563273,14.766515,-0.217819
-1.404359,14.873802,-0.219069
-3.367823,14.651218,-0.213595
-5.182951,14.200764,-0.216062
-6.925197,13.521134,-0.221908
-8.466604,12.657432,-0.224256
-9.943289,11.510579,-0.220758
-11.174445,10.242589,-0.216078
-12.216908,8.817442,-0.216541
-12.994416,7.346908,-0.217822
-13.603937,5.689087,-0.214140
-14.007499,3.969901,-0.219962
-14.268804,2.221537,-0.223428
-14.356295,0.355883,-0.223729
-14.261246,-1.515148,-0.222072
-13.979773,-3.468231,-0.218917
-13.395421,-5.459441,-0.222444
-12.621422,-7.729304,-0.220387
-11.538538,-10.079108,-0.216501
-9.917329,-12.250396,-0.220172
-7.875988,-14.184680,-0.218016
-5.285704,-15.715281,-0.218687
-2.404182,-16.629037,-0.220582
0.692924,-16.988942,-0.218083
4.011269,-16.799207,-0.216149
7.280662,-16.118828,-0.214750
10.411985,-14.758684,-0.216940
13.325076,-12.737770,-0.221111
16.009579,-10.439305,-0.219664
18.330339,-7.509318,-0.217061
19.821827,-4.054244,-0.218838
20.110157,-0.433677,-0.220229
19.032311,3.166016,-0.216322
16.939196,6.274721,-0.214755
14.282847,8.762081,-0.214875
11.734971,10.556243,-0.218896
9.229562,12.040962,-0.223942
6.989304,13.171507,-0.222910
4.074860,12.860086,-3.178561
2.158641,13.352968,-3.179784
0.297378,13.703281,-3.180979
-1.488952,13.907712,-3.178694
-3.288355,13.800875,-3.177832
-5.054950,13.451397,-3.179804
-6.675302,12.901995,-3.180054
-8.197226,12.120031,-3.181133
-9.581384,11.114234,-3.181820
-10.800813,9.913291,-3.179924
-11.771515,8.615624,-3.180539
-12.577886,7.105808,-3.181517
-13.168214,5.500137,-3.177925
-13.536612,3.921730,-3.187304
-13.754329,2.223808,-3.187982
-13.796503,0.515484,-3.186053
-13.685041,-1.285727,-3.186639
-13.376833,-3.149612,-3.183774
-12.747668,-5.023029,-3.182904
-12.029868,-7.085294,-3.186230
-10.899542,-9.097283,-3.186161
-9.226618,-10.633690,-3.181140
-7.236811,-12.041951,-3.182959
-4.946919,-13.075140,-3.184376
-2.481193,-13.646023,-3.184866
0.123452,-13.825860,-3.185488
2.816059,-13.604676,-3.181289
5.538521,-12.956703,-3.179386
8.157735,-11.767754,-3.181592
10.496051,-10.070977,-3.182653
12.517583,-8.011861,-3.180290
14.099734,-5.503599,-3.183888
15.117364,-2.688513,-3.183396
15.411365,0.163351,-3.179911
14.957713,3.105430,-3.184126
14.180932,5.829130,-3.184492
12.437635,8.039889,-3.182702
10.038772,9.721020,-3.184276
7.995036,11.020656,-3.186145
6.002483,12.084815,-3.182315
3.260150,11.722748,-6.154839
1.568593,12.228509,-6.148968
-0.000746,12.581702,-6.146494
-1.668106,12.815478,-6.145934
-3.276986,12.782693,-6.140695
-4.865587,12.531111,-6.142098
-6.406501,12.069445,-6.141754
-7.789295,11.410978,-6.142099
-9.121442,10.507998,-6.142902
-10.235834,9.457374,-6.145183
-11.207548,8.175326,-6.145043
-11.940836,6.830103,-6.143936
-12.525827,5.331682,-6.147184
-12.907542,3.847574,-6.141580
-13.083359,2.249232,-6.139258
-13.090918,0.641598,-6.147852
-12.973532,-1.043278,-6.150067
-12.644260,-2.770298,-6.140976
-12.032997,-4.415074,-6.149437
-11.317483,-6.318877,-6.148850
-10.124111,-7.929414,-6.141710
-8.367793,-8.941807,-6.144811
-6.569666,-9.803089,-6.150076
-4.598387,-10.392580,-6.149963
-2.539506,-10.663169,-6.146559
-0.472843,-10.676892,-6.146216
1.655384,-10.401942,-6.150147
3.789898,-9.787683,-6.147026
5.802997,-8.836686,-6.141830
7.649237,-7.467193,-6.143034
9.088139,-5.670518,-6.146683
10.074259,-3.596567,-6.148572
10.683474,-1.449521,-6.147964
10.952272,0.748245,-6.146370
10.940643,2.961818,-6.146466
11.158799,5.250040,-6.150573
10.304147,7.286707,-6.147221
8.420097,8.784490,-6.144007
6.693066,10.022175,-6.151901
4.966104,11.001009,-6.156228
2.516231,10.573939,-9.117165
1.074606,11.081592,-9.112971
-0.394881,11.460596,-9.108344
-1.769632,11.653714,-9.114391
-3.223179,11.672440,-9.115116
-4.666090,11.495266,-9.106558
-6.007519,11.138520,-9.110300
-7.336558,10.551236,-9.109100
-8.565368,9.771518,-9.111863
-9.590172,8.837596,-9.114199
-10.475030,7.682911,-9.114332
-11.187083,6.416014,-9.113446
-11.731482,5.138676,-9.111046
-12.135784,3.741258,-9.117160
-12.267307,2.295443,-9.108220
-12.261830,0.774169,-9.103294
-12.146421,-0.743354,-9.110858
-11.807462,-2.289603,-9.115943
-11.204822,-3.822818,-9.109137
-10.479371,-5.422293,-9.109479
-9.292626,-6.680035,-9.112596
-7.702783,-7.411257,-9.112022
-6.043313,-8.066440,-9.114403
-4.379516,-8.466105,-9.115399
-2.663063,-8.630007,-9.113458
-0.879940,-8.595661,-9.109973
0.950296,-8.311041,-9.107973
2.705108,-7.734357,-9.110121
4.368393,-6.903849,-9.113768
5.900833,-5.755842,-9.115163
7.011832,-4.273634,-9.112947
7.773952,-2.510456,-9.106849
8.192898,-0.704761,-9.106702
8.312878,1.140821,-9.112044
8.228681,2.918416,-9.107756
8.432379,4.734545,-9.105691
8.028264,6.505358,-9.111651
6.775562,7.867050,-9.113800
5.426822,9.023570,-9.106485
3.974795,9.918235,-9.110546
1.771778,9.457781,-12.081200
0.537351,9.963623,-12.076976
-0.670361,10.330446,-12.071168
-1.928118,10.495572,-12.076062
-3.193086,10.545565,-12.071409
-4.453572,10.422428,-12.072049
-5.684207,10.121249,-12.078192
-6.850927,9.631030,-12.071175
-7.941338,8.982382,-12.071001
-8.885133,8.141441,-12.076693
-9.660690,7.137493,-12.079133
-10.301721,6.047033,-12.078117
-10.861814,4.844263,-12.076068
-11.246741,3.637474,-12.077553
-11.327736,2.318663,-12.078502
-11.321456,0.990963,-12.076380
-11.215429,-0.384746,-12.069954
-10.872637,-1.782853,-12.069311
-10.315096,-3.109305,-12.080513
-9.541765,-4.406376,-12.074419
-8.416627,-5.454413,-12.068500
-7.088964,-6.172887,-12.074154
-5.717238,-6.770642,-12.078095
-4.222375,-7.188033,-12.079799
-2.676813,-7.381196,-12.076481
-1.064695,-7.352969,-12.072230
0.469416,-7.091991,-12.074894
2.046220,-6.547704,-12.071581
3.475531,-5.790002,-12.070957
4.789493,-4.759553,-12.079009
5.795800,-3.426638,-12.078337
6.470630,-1.892089,-12.075390
6.780985,-0.310336,-12.072862
6.744488,1.303805,-12.070422
6.474220,2.833670,-12.072756
6.222417,4.311787,-12.070112
5.861507,5.700728,-12.072302
5.132418,7.013353,-12.080278
4.153585,8.071728,-12.072656
2.970523,8.879922,-12.074474
1.036932,8.397881,-15.039571
0.033622,8.868725,-15.037340
-0.990479,9.249090,-15.036033
-2.082402,9.383169,-15.044921
-3.177342,9.453308,-15.040260
-4.271961,9.374335,-15.038474
-5.342519,9.129926,-15.043416
-6.358372,8.716726,-15.038518
-7.313120,8.170862,-15.042900
-8.137286,7.449762,-15.037906
-8.844337,6.543054,-15.037190
-9.406377,5.603248,-15.043442
-9.916837,4.569519,-15.037947
-10.266418,3.480667,-15.031945
-10.286824,2.333372,-15.035416
-10.288656,1.181517,-15.042637
-10.175239,-0.003365,-15.044181
-9.846283,-1.214957,-15.043220
-9.331215,-2.350191,-15.045231
-8.505265,-3.345430,-15.039303
-7.590350,-4.204947,-15.034179
-6.519961,-5.015179,-15.031572
-5.361333,-5.603835,-15.031124
-4.081467,-6.031870,-15.040789
-2.703532,-6.262108,-15.040871
-1.304725,-6.253635,-15.033103
0.119695,-5.992806,-15.042530
1.434618,-5.518206,-15.045083
2.699328,-4.810056,-15.038381
3.848004,-3.848327,-15.034221
4.728742,-2.700458,-15.035517
5.346617,-1.381328,-15.035716
5.604185,0.038145,-15.033978
5.457917,1.481062,-15.034901
5.100429,2.787123,-15.038849
4.479158,3.981626,-15.037423
3.931373,5.040089,-15.033157
3.603813,6.141826,-15.033141
2.949362,7.144257,-15.033090
2.052323,7.859408,-15.035952
0.345805,7.390414,-18.005220
-0.484453,7.826612,-18.008631
-1.319499,8.219302,-18.006397
-2.236081,8.357576,-17.995560
-3.158183,8.442679,-18.001958
-4.082794,8.404900,-18.001450
-4.989498,8.214710,-18.004536
-5.887467,7.856331,-18.002502
-6.696596,7.401815,-17.995322
-7.416934,6.759990,-18.003519
-8.014870,5.995191,-18.001382
-8.506511,5.165940,-18.001959
-8.929858,4.286462,-18.006364
-9.181837,3.361277,-18.001415
-9.155295,2.390022,-18.007033
-9.172874,1.377256,-18.002533
-9.036798,0.386533,-17.999582
-8.742560,-0.597584,-18.001775
-8.251652,-1.516176,-18.002638
-7.467112,-2.217932,-18.000167
-6.744229,-2.989619,-18.003789
-5.967615,-3.746152,-18.008581
-4.964762,-4.295749,-18.005637
-3.896549,-4.696829,-17.997500
-2.741973,-4.912729,-17.999939
-1.559830,-4.897847,-18.008899
-0.359685,-4.671294,-18.006099
0.748934,-4.266532,-18.001334
1.838706,-3.627783,-18.000156
2.754473,-2.818266,-18.000766
3.509606,-1.859453,-17.999333
4.056852,-0.758171,-18.002491
4.282710,0.437327,-18.007803
4.120633,1.646659,-18.006502
3.776702,2.747356,-18.004964
3.091730,3.706421,-18.006002
2.376173,4.474864,-18.006895
2.158067,5.361972,-18.004321
1.819510,6.229494,-18.001893
1.139053,6.914688,-18.002348
-0.331565,6.406623,-20.966741
-0.978352,6.780882,-20.965839
-1.612853,7.161856,-20.964643
-2.358942,7.331069,-20.968736
-3.123372,7.437229,-20.963958
-3.891931,7.440466,-20.963033
-4.648606,7.295667,-20.966826
-5.394302,6.999359,-20.964126
-6.087033,6.590881,-20.971335
-6.677103,6.047936,-20.964610
-7.163283,5.406763,-20.967799
-7.546393,4.704156,-20.969700
-7.852787,3.989124,-20.968333
-7.970224,3.206234,-20.970599
-7.930998,2.398253,-20.967341
-7.946391,1.630224,-20.960797
-7.779098,0.850646,-20.965057
-7.518135,0.067947,-20.967017
-7.024660,-0.577491,-20.966550
-6.373255,-1.057932,-20.968130
-5.882878,-1.738247,-20.966362
-5.284842,-2.354161,-20.967759
-4.532800,-2.750029,-20.970832
-3.686690,-3.073876,-20.968130
-2.801874,-3.240410,-20.963138
-1.861332,-3.221321,-20.963096
-0.975435,-3.040736,-20.969235
-0.092736,-2.717866,-20.968022
0.744379,-2.228153,-20.963750
1.444606,-1.602727,-20.965998
2.056601,-0.849406,-20.968412
2.505449,-0.018330,-20.965644
2.722777,0.893745,-20.962587
2.606359,1.850338,-20.969960
2.338151,2.699094,-20.973390
1.849916,3.455926,-20.969422
1.095148,4.010565,-20.966655
0.807369,4.628123,-20.968463
0.676051,5.372260,-20.969780
0.257988,5.975708,-20.967640
-1.111216,5.291977,-23.926116
-1.532746,5.576187,-23.926083
-1.997058,5.891048,-23.924764
-2.516541,6.111199,-23.929437
-3.084344,6.219629,-23.932137
-3.677335,6.263693,-23.934202
-4.267154,6.167700,-23.927466
-4.817525,5.938881,-23.925061
-5.319840,5.615686,-23.928554
-5.757167,5.177176,-23.932138
-6.100945,4.689055,-23.930739
-6.344259,4.144450,-23.928978
-6.503819,3.590700,-23.925416
-6.478789,2.997063,-23.929607
-6.491658,2.442781,-23.928965
-6.431578,1.905539,-23.927855
-6.257307,1.368583,-23.929758
-6.001478,0.884687,-23.930438
-5.517197,0.574475,-23.929886
-5.189762,0.205036,-23.929767
-4.901842,-0.297262,-23.931233
-4.462438,-0.626085,-23.933666
-3.972348,-0.853463,-23.933015
-3.432962,-1.041132,-23.928912
-2.865635,-1.121336,-23.926094
-2.266623,-1.089692,-23.926538
-1.705742,-0.966608,-23.929532
-1.143381,-0.760563,-23.932285
-0.624215,-0.466669,-23.933903
-0.169222,-0.079055,-23.934662
0.225703,0.369658,-23.934071
0.557475,0.895592,-23.930578
0.757952,1.465090,-23.925387
0.760999,2.075125,-23.928004
0.602358,2.659584,-23.934161
0.374446,3.198076,-23.931860
-0.077622,3.600587,-23.925926
-0.526997,3.892067,-23.924478
-0.650565,4.347562,-23.929594
-0.765123,4.876705,-23.929525
-3.354439,3.477322,-26.894388
