14.199460,26.245664,32.385183
10.682128,27.775714,32.385183
7.023945,28.931755,32.385183
3.025107,29.719118,32.385183
-0.799309,30.024200,32.385183
-4.872667,29.874349,32.385183
-8.899363,29.240613,32.385183
-12.825172,28.144210,32.385183
-17.044977,26.427778,32.385183
-21.263275,24.147770,32.385182
-25.225416,21.446173,32.385183
-29.421313,17.868303,32.385183
-33.466754,13.442360,32.385183
-36.933308,8.259803,32.385182
-39.573913,2.084014,32.385182
-40.945090,-4.738659,32.385182
-40.896646,-11.936209,32.385182
-39.307801,-19.446371,32.385182
-36.289998,-26.505860,32.385182
-31.849618,-33.060544,32.385182
-26.218572,-38.627986,32.385182
-19.356532,-43.038865,32.385182
-11.478289,-45.945394,32.385182
-3.385707,-47.024576,32.385182
4.729481,-46.202873,32.385182
12.383003,-43.367634,32.385182
18.996495,-39.013621,32.385182
24.512200,-33.672998,32.385182
28.831576,-27.918826,32.385182
32.148781,-21.806346,32.385182
34.366278,-15.721358,32.385182
35.562062,-9.600796,32.385182
35.694977,-3.603383,32.385182
34.767524,2.078038,32.385182
32.894789,7.268536,32.385182
30.337878,11.883904,32.385182
27.479916,15.733513,32.385182
24.363245,19.062299,32.385182
21.091991,21.894279,32.385182
17.717986,24.184380,28.976363
14.124688,25.924941,28.981106
10.373939,27.289952,28.985830
6.737535,28.233253,28.984061
3.026770,28.818165,28.979566
-0.724465,29.021906,28.982880
-4.477908,28.830298,28.982157
-8.410272,28.171007,28.989389
-12.264176,27.095861,28.991274
-16.124965,25.399943,28.980260
-19.875350,22.979018,28.985060
-23.878323,20.506009,28.993160
-27.753375,17.129938,28.984060
-31.189088,12.926254,28.978066
-34.263846,7.946691,28.983490
-36.503286,2.256981,28.980750
-38.040127,-4.139763,28.982007
-38.360541,-10.940372,28.979498
-37.187399,-18.132177,28.980543
-34.610404,-24.943327,28.986333
-30.555834,-31.552159,28.985858
-25.344647,-37.293766,28.979213
-18.863604,-41.968847,28.980030
-11.254118,-45.088157,28.985970
-3.342493,-46.243431,28.986648
4.611479,-45.477331,28.981510
12.166077,-42.874823,28.979708
18.845578,-38.939454,28.981688
24.611759,-34.115344,28.983094
29.402550,-28.629658,28.982991
33.040931,-22.596269,28.982524
35.327236,-16.429975,28.982040
36.589038,-9.968111,28.985183
36.707942,-3.868936,28.985666
35.783621,1.938890,28.984803
33.819115,7.472118,28.989264
31.012647,12.084236,28.993284
27.919506,15.930221,28.987775
24.604168,19.260127,28.979247
21.104767,22.052494,28.975465
17.444367,23.853768,25.581527
13.639646,25.499130,25.590692
10.124291,26.604147,25.587842
6.528189,27.405916,25.578080
2.875944,27.889232,25.577895
-0.575563,28.022977,25.587175
-4.255866,27.811763,25.590736
-7.883610,27.199391,25.588973
-11.671039,26.162930,25.585710
-15.447393,24.485360,25.579681
-18.881059,22.157139,25.576879
-22.829043,19.762994,25.590910
-26.403355,16.554907,25.585088
-29.526005,12.521254,25.580238
-32.357428,7.798664,25.586897
-34.482439,2.438036,25.579114
-36.117402,-3.564868,25.583537
-36.681172,-10.218349,25.587319
-35.726859,-17.298240,25.581697
-33.364975,-24.042024,25.579728
-29.713007,-30.446360,25.584870
-24.610337,-36.391047,25.579137
-18.359037,-41.123867,25.578031
-11.162146,-44.222122,25.584364
-3.182079,-45.433839,25.588673
4.620213,-44.682162,25.588542
12.060739,-42.226432,25.591359
18.721009,-38.559981,25.587477
24.561142,-34.059344,25.585087
29.481383,-28.880083,25.585936
33.367890,-22.889400,25.582719
35.795986,-16.665838,25.578414
37.110066,-10.106601,25.588069
37.195673,-3.895437,25.592402
36.175515,2.018173,25.585929
34.159559,7.413224,25.583004
31.160724,12.052890,25.585902
27.855639,15.899284,25.582762
24.513998,19.075346,25.577343
21.020137,21.739369,25.576557
16.950173,23.276434,22.182326
13.398213,24.726884,22.188179
9.712511,25.795215,22.185759
6.395408,26.472172,22.184388
2.811980,26.914102,22.188805
-0.571448,27.023677,22.180525
-3.953554,26.839319,22.182302
-7.516134,26.277755,22.182562
-11.234897,25.294310,22.178520
-14.757541,23.797091,22.180587
-18.172925,21.593558,22.181416
-21.827257,19.327164,22.183531
-25.325007,16.172517,22.186711
-28.368789,12.213266,22.187265
-31.030330,7.774480,22.186945
-33.187630,2.553355,22.188571
-34.882720,-3.303187,22.186379
-35.549724,-9.816052,22.189808
-34.766003,-16.544044,22.190892
-32.583033,-23.201455,22.184494
-29.017506,-29.741967,22.181545
-24.238908,-35.462051,22.187761
-17.989226,-40.313832,22.182511
-10.951151,-43.383668,22.182420
-3.130040,-44.575065,22.190472
4.518980,-43.854489,22.192109
11.837159,-41.529851,22.188603
18.437536,-38.071658,22.189030
24.437525,-33.652768,22.191277
29.351517,-28.665179,22.186513
33.263353,-22.860335,22.180013
35.816925,-16.586604,22.187365
37.132514,-10.163349,22.182558
37.172109,-3.847496,22.183299
36.055393,1.925926,22.187620
33.844217,7.365061,22.178804
30.808097,11.850068,22.176793
27.326239,15.703894,22.180124
23.793564,18.875356,22.181440
20.302421,21.397394,22.180571
16.263277,22.485412,18.788638
12.772194,23.864866,18.785432
9.370661,24.823809,18.781788
6.123359,25.477050,18.781591
2.837621,25.894754,18.784714
-0.471519,26.038717,18.788202
-3.781937,25.901819,18.783212
-7.279355,25.415054,18.782845
-10.715141,24.569735,18.786715
-14.208732,23.207001,18.783850
-17.651549,21.219005,18.779594
-21.364018,18.812020,18.777383
-24.598518,15.826386,18.784776
-27.610516,11.992520,18.788418
-30.233318,7.653596,18.782937
-32.403928,2.571989,18.780756
-34.093094,-3.148720,18.779475
-34.792137,-9.519083,18.784675
-34.079064,-16.105344,18.784006
-31.910152,-22.843440,18.777693
-28.563254,-29.068044,18.779470
-23.744527,-34.832794,18.786641
-17.800144,-39.444446,18.792484
-10.709495,-42.524766,18.784547
-3.050107,-43.653955,18.778535
4.434075,-42.952722,18.784416
11.611112,-40.731948,18.781562
18.298756,-37.311041,18.786748
24.028277,-33.168121,18.792323
29.021131,-28.160378,18.789952
32.870247,-22.494492,18.785752
35.405795,-16.370394,18.789311
36.693067,-10.085077,18.793631
36.668120,-3.902053,18.788518
35.305308,2.138750,18.783763
32.918599,7.365177,18.789034
29.855492,11.692561,18.784605
26.373959,15.389863,18.779116
23.017344,18.274288,18.780441
19.565017,20.689186,18.785894
15.416826,21.518335,15.389268
12.010010,22.870282,15.391548
8.904031,23.772237,15.387793
5.740401,24.443343,15.384258
2.752072,24.866852,15.385597
-0.475424,25.069437,15.385193
-3.708942,25.006635,15.384154
-6.923392,24.650304,15.382653
-10.293587,23.911782,15.385504
-13.953733,22.622361,15.389487
-17.419132,20.873721,15.383006
-20.820990,18.587294,15.390499
-24.152132,15.524532,15.387736
-27.025099,12.018423,15.379756
-29.743970,7.618464,15.383028
-31.915996,2.682344,15.389553
-33.612595,-3.112999,15.388542
-34.285194,-9.336102,15.389468
-33.561006,-15.977541,15.391867
-31.505523,-22.351811,15.389455
-28.119346,-28.609423,15.383125
-23.359277,-34.191667,15.379189
-17.322132,-38.742632,15.375380
-10.562676,-41.586888,15.383671
-3.081357,-42.663746,15.387749
4.438919,-41.952169,15.379007
11.451754,-39.802804,15.387252
17.993603,-36.486899,15.392110
23.583991,-32.437394,15.390639
28.436163,-27.525335,15.383986
32.170932,-21.977443,15.378574
34.625466,-15.989322,15.385650
35.842694,-9.625407,15.380902
35.651394,-3.588749,15.380257
34.082905,2.247464,15.386091
31.542277,7.249504,15.384063
28.491999,11.433461,15.384814
25.204806,14.848950,15.381704
21.879502,17.607543,15.380174
18.653807,19.789200,15.384236
14.455806,20.427176,11.990974
11.352012,21.714027,11.988153
8.554171,22.614779,11.989724
5.494304,23.359848,11.990873
2.596145,23.849764,11.985891
-0.330300,24.126027,11.991041
-3.478784,24.169969,11.984953
-6.621260,23.933279,11.978818
-9.920594,23.317277,11.982910
-13.538051,22.208763,11.985716
-17.016633,20.728494,11.978824
-20.479715,18.363268,11.978663
-23.761155,15.404085,11.983333
-26.771109,11.907988,11.981705
-29.453657,7.636566,11.980996
-31.681512,2.652115,11.992105
-33.286119,-3.004958,11.992290
-33.926347,-9.279439,11.987111
-33.203608,-15.744097,11.984225
-31.097701,-22.139175,11.985449
-27.719958,-28.189560,11.986998
-23.000471,-33.553708,11.984587
-17.050748,-37.890645,11.989448
-10.229806,-40.628772,11.994699
-2.931138,-41.585932,11.989932
4.388917,-40.867368,11.980938
11.219920,-38.779623,11.982957
17.590805,-35.548704,11.987940
23.007352,-31.568924,11.986857
27.678118,-26.730169,11.985020
31.247353,-21.282561,11.988923
33.598028,-15.209798,11.990438
34.591437,-9.189332,11.982888
34.176547,-3.112301,11.985917
32.448099,2.293008,11.991432
29.790099,7.065603,11.984681
26.916159,10.951653,11.989214
23.707424,14.268783,11.983911
20.601373,16.782449,11.979696
17.432199,18.858420,11.986181
13.432524,19.270489,8.590096
10.641345,20.523046,8.592909
7.962333,21.503264,8.586283
5.217352,22.284919,8.579911
2.624534,22.831831,8.585251
-0.203735,23.213570,8.588791
-3.256496,23.372224,8.585876
-6.314872,23.256963,8.580515
-9.734138,22.728056,8.580414
-13.090350,21.838784,8.583835
-16.912922,20.420746,8.580361
-20.099293,18.235384,8.587963
-23.493178,15.276403,8.593498
-26.622797,11.803961,8.587689
-29.262753,7.672283,8.579717
-31.527215,2.656895,8.578538
-33.025310,-2.851872,8.582285
-33.626674,-9.151867,8.581891
-32.919940,-15.427813,8.585362
-30.773213,-21.816893,8.588307
-27.283976,-27.807378,8.580879
-22.589498,-32.915380,8.577613
-16.718150,-36.990935,8.585953
-10.047280,-39.526998,8.593846
-2.749089,-40.394692,8.587283
4.153091,-39.698266,8.577654
10.982274,-37.619387,8.585747
17.151922,-34.450381,8.585774
22.361353,-30.520274,8.588047
26.807067,-25.736407,8.589829
30.235815,-20.183564,8.583962
32.253972,-14.406630,8.587063
33.005197,-8.527671,8.588390
32.325981,-2.655508,8.586339
30.378680,2.499923,8.586479
27.741455,6.863596,8.587055
24.916907,10.609591,8.580091
22.088038,13.542830,8.578280
19.064414,15.967467,8.581846
16.139798,17.835162,8.586068
12.405729,18.115972,5.185942
9.933796,19.349371,5.184548
7.580314,20.362307,5.181006
4.967882,21.255494,5.178499
2.484151,21.889888,5.179881
-0.235998,22.361996,5.184582
-2.985315,22.604236,5.184625
-6.143227,22.591264,5.186467
-9.271275,22.217755,5.189884
-12.737783,21.424994,5.189318
-16.477029,20.165452,5.190997
-19.764405,18.008649,5.184851
-23.122143,15.229324,5.187029
-26.367289,11.808981,5.192179
-29.174017,7.501298,5.190033
-31.363912,2.650701,5.190619
-32.779152,-2.891005,5.192061
-33.297053,-8.992357,5.183759
-32.567502,-15.257269,5.183536
-30.432397,-21.416297,5.189396
-26.836216,-27.311833,5.188836
-22.188363,-32.154165,5.193012
-16.236296,-36.040231,5.186944
-9.718110,-38.320267,5.181489
-2.647587,-39.057513,5.178347
4.219283,-38.315857,5.179123
10.629099,-36.334131,5.191075
16.577665,-33.229044,5.182446
21.704108,-29.217728,5.178425
25.875644,-24.471379,5.182738
28.924881,-19.169120,5.182091
30.667514,-13.511406,5.186327
31.120281,-7.597791,5.187422
30.176251,-2.158448,5.183117
28.052157,2.731529,5.179334
25.485433,6.709207,5.181133
22.852408,10.159560,5.184977
20.260614,12.864665,5.181808
17.652830,14.971425,5.179427
15.001193,16.683404,5.182854
11.442265,17.039983,1.785466
9.294101,18.259455,1.785169
7.091046,19.369641,1.788412
4.799976,20.289288,1.789178
2.437043,21.003026,1.783007
-0.164449,21.549921,1.778428
-2.993207,21.876906,1.779446
-5.842783,21.933193,1.782129
-9.053713,21.638091,1.780293
-12.405677,20.944295,1.779120
-16.007607,19.736785,1.790135
-19.394816,17.648979,1.786419
-22.706063,15.074864,1.780662
-26.024321,11.704326,1.783105
-28.790062,7.596240,1.783987
-31.019850,2.772589,1.780451
-32.369252,-2.761878,1.789863
-32.829725,-8.830721,1.783978
-32.079194,-15.051131,1.780046
-29.870655,-21.124477,1.788017
-26.366596,-26.556639,1.792116
-21.514324,-31.380769,1.789813
-15.837150,-34.849082,1.789888
-9.324982,-36.943405,1.789810
-2.697215,-37.539224,1.784808
4.098616,-36.768024,1.779103
10.259446,-34.823725,1.780332
15.960642,-31.782170,1.778511
20.830516,-27.835907,1.779990
24.722305,-23.158260,1.782911
27.470342,-17.948291,1.781992
28.923628,-12.239273,1.783037
29.009793,-6.720307,1.784641
27.815573,-1.540117,1.782243
25.687360,2.921565,1.782145
23.262192,6.554077,1.786053
20.803640,9.694078,1.782738
18.442658,12.167324,1.787101
16.102659,14.101470,1.791672
13.734246,15.682202,1.789122
10.605808,16.117295,-1.619937
8.775377,17.303477,-1.617874
6.731539,18.483285,-1.612732
4.579957,19.457549,-1.610030
2.343408,20.215070,-1.613199
-0.131378,20.800522,-1.608668
-2.831649,21.162637,-1.617098
-5.555205,21.259229,-1.616452
-8.635451,21.045990,-1.606508
-12.022307,20.376088,-1.611908
-15.274175,19.213880,-1.611883
-18.749707,17.248975,-1.611086
-22.133399,14.781106,-1.611838
-25.353694,11.596351,-1.609837
-28.169733,7.563306,-1.611633
-30.420483,2.803970,-1.620362
-31.687197,-2.683224,-1.610677
-32.081766,-8.491150,-1.610040
-31.350095,-14.629922,-1.617899
-29.174120,-20.406736,-1.619086
-25.563070,-25.657259,-1.611893
-20.845022,-30.195427,-1.607637
-15.175155,-33.454830,-1.615889
-8.887849,-35.288361,-1.615336
-2.359662,-35.743920,-1.611718
3.951606,-34.941595,-1.615897
9.830605,-33.035433,-1.613820
15.252706,-30.067748,-1.613577
19.847568,-26.211814,-1.616974
23.438743,-21.632923,-1.616581
25.861857,-16.543411,-1.610123
26.982230,-11.202625,-1.607727
26.791033,-5.931719,-1.615658
25.464565,-1.018857,-1.622897
23.502312,3.081230,-1.617859
21.316904,6.427500,-1.609205
19.008553,9.231704,-1.614570
16.849257,11.442687,-1.619849
14.786374,13.218722,-1.621169
12.578682,14.813231,-1.621059
9.966691,15.431603,-5.019215
8.282688,16.627490,-5.022176
6.386193,17.807715,-5.021456
4.367466,18.770828,-5.019411
2.260725,19.518763,-5.021153
-0.077227,20.093538,-5.018617
-2.631883,20.455759,-5.012534
-5.380059,20.556280,-5.017531
-8.301108,20.364086,-5.019268
-11.333247,19.756433,-5.007065
-14.528703,18.479174,-5.015903
-17.869789,16.700334,-5.017771
-21.252148,14.331172,-5.015752
-24.306258,11.312470,-5.016669
-27.116902,7.387227,-5.015701
-29.345268,2.739221,-5.012673
-30.456255,-2.301403,-5.015532
-30.810659,-7.970285,-5.018813
-30.166640,-13.802545,-5.017903
-27.997384,-19.392961,-5.016762
-24.396737,-24.248385,-5.016176
-19.922625,-28.538515,-5.011273
-14.370503,-31.631307,-5.016321
-8.374888,-33.238420,-5.016585
-2.190787,-33.561586,-5.013613
3.773542,-32.715840,-5.017899
9.317786,-30.845604,-5.021021
14.419117,-27.980634,-5.013922
18.721826,-24.267678,-5.011894
21.992088,-19.839947,-5.015007
24.069473,-14.919845,-5.015844
24.917453,-9.821319,-5.018555
24.486247,-4.853767,-5.017071
23.247627,-0.551853,-5.015743
21.604137,3.238757,-5.018319
19.763469,6.346719,-5.020333
17.649814,8.833352,-5.015739
15.592189,10.918274,-5.012553
13.684592,12.648305,-5.013244
11.783979,14.123502,-5.015863
9.716288,14.961151,-8.423232
8.019154,16.170362,-8.415568
6.259113,17.272717,-8.409917
4.228242,18.221755,-8.410869
2.262517,18.900960,-8.408451
-0.074117,19.447186,-8.412300
-2.455256,19.755451,-8.410876
-5.011686,19.823398,-8.410980
-7.730102,19.623744,-8.416097
-10.691760,18.964639,-8.418424
-13.603837,17.633559,-8.420216
-16.723691,15.993258,-8.415148
-19.846935,13.769584,-8.419045
-22.642064,10.903532,-8.418099
-25.246249,7.250618,-8.409559
-27.308078,2.918697,-8.413937
-28.327265,-1.775079,-8.411153
-28.596400,-7.047590,-8.415041
-28.003390,-12.485189,-8.414592
-26.006919,-17.679543,-8.410441
-22.534173,-22.314958,-8.412324
-18.434363,-26.366931,-8.410791
-13.419599,-29.182665,-8.411167
-7.826191,-30.637978,-8.415826
-2.070690,-30.863760,-8.418635
3.623389,-29.964361,-8.417262
8.752737,-28.141330,-8.418230
13.455104,-25.404595,-8.418980
17.308222,-22.011340,-8.413688
20.265939,-17.840494,-8.411672
22.043779,-13.195398,-8.415654
22.730059,-8.434406,-8.411675
22.237736,-3.989765,-8.414499
21.126320,0.026674,-8.419370
19.922339,3.337757,-8.418799
18.505736,6.208792,-8.414259
16.654796,8.611336,-8.409854
14.852480,10.661016,-8.408392
13.167716,12.358540,-8.412550
11.416988,13.750487,-8.420400
9.551216,14.867249,-11.812671
7.844723,15.978799,-11.809229
6.077723,16.967514,-11.816074
4.203710,17.751631,-11.821439
2.125184,18.388514,-11.807604
-0.007060,18.812955,-11.807570
-2.315866,19.044999,-11.807803
-4.632482,19.044010,-11.811082
-7.233793,18.772982,-11.819124
-10.023891,18.013596,-11.819109
-12.467719,16.739530,-11.814858
-15.263380,15.187336,-11.807147
-17.988321,13.049270,-11.815585
-20.385086,10.312644,-11.818531
-22.520490,7.038735,-11.810955
-24.158788,3.162976,-11.819900
-25.058016,-1.095733,-11.819527
-25.113898,-5.585661,-11.814508
-24.384839,-10.328379,-11.812910
-22.736283,-14.959254,-11.813076
-20.078245,-19.298594,-11.812281
-16.586761,-23.186293,-11.813793
-12.013628,-25.984472,-11.813441
-6.965571,-27.359978,-11.813168
-1.746090,-27.515080,-11.813255
3.257413,-26.648363,-11.813839
8.015455,-24.878522,-11.816968
12.122684,-22.426142,-11.818720
15.698705,-19.225635,-11.816598
18.311556,-15.405911,-11.812592
19.808002,-11.306776,-11.810070
20.436753,-6.994136,-11.810036
20.010242,-2.968761,-11.812274
19.162789,0.563510,-11.809733
18.299854,3.482664,-11.812510
17.215458,6.172328,-11.821317
15.883174,8.409639,-11.811724
14.495332,10.459004,-11.811083
13.022168,12.234702,-11.818624
11.360752,13.629118,-11.817791
9.530608,14.759327,-15.214888
7.772557,15.800921,-15.209897
5.933657,16.666714,-15.207908
4.012641,17.343673,-15.212428
2.161713,17.808455,-15.219460
0.024484,18.139436,-15.217999
-2.008197,18.264730,-15.219578
-4.294960,18.180709,-15.219317
-6.689501,17.814432,-15.215139
-9.098947,17.011062,-15.215127
-11.295330,15.726008,-15.211366
-13.782352,14.161735,-15.218819
-15.878103,12.151009,-15.218883
-17.681912,9.657601,-15.217841
-19.214327,6.746988,-15.218316
-20.227064,3.451784,-15.209045
-20.937028,-0.174561,-15.211507
-20.637968,-3.838811,-15.215729
-19.635177,-7.535821,-15.217759
-18.384641,-11.408366,-15.218125
-16.676030,-15.518516,-15.218200
-14.017178,-19.103020,-15.218562
-10.316199,-21.823901,-15.213342
-5.963556,-23.250346,-15.210884
-1.375008,-23.433336,-15.210452
3.009153,-22.638209,-15.211094
7.045163,-21.072398,-15.217512
10.726498,-18.798880,-15.219595
13.732328,-16.036579,-15.216210
15.975090,-12.799269,-15.212769
17.420316,-9.118079,-15.214697
18.063118,-5.606375,-15.219337
17.878030,-2.057765,-15.213545
17.326226,0.953781,-15.213722
16.666582,3.671656,-15.216831
15.880809,6.092353,-15.211061
14.996281,8.202860,-15.206657
13.956063,10.249822,-15.211376
12.734493,12.028079,-15.218642
11.189263,13.545053,-15.218930
9.255774,14.587989,-18.620125
7.558264,15.538009,-18.621204
5.738585,16.246611,-18.616264
3.975732,16.770528,-18.611177
2.064248,17.149615,-18.616067
0.126373,17.354420,-18.608571
-1.822235,17.382934,-18.609557
-3.978287,17.191931,-18.617761
-6.094613,16.720730,-18.618583
-8.092966,15.892350,-18.615254
-10.085853,14.590887,-18.614077
-12.017852,13.169533,-18.621359
-13.614758,11.161302,-18.614800
-14.818898,8.944568,-18.608119
-15.725177,6.428755,-18.614121
-16.111882,3.733223,-18.616456
-16.614208,0.847291,-18.613642
-16.066310,-1.996953,-18.617909
-15.055912,-4.653824,-18.619682
-14.035600,-7.721006,-18.615977
-12.899089,-11.113257,-18.613434
-11.012343,-14.404318,-18.615673
-8.223536,-16.990013,-18.618288
-4.726868,-18.446202,-18.615423
-1.044498,-18.749206,-18.611016
2.694406,-18.120605,-18.611175
6.114857,-16.752971,-18.615293
9.114919,-14.806379,-18.616750
11.529928,-12.475711,-18.612690
13.503971,-9.757022,-18.611880
14.893855,-6.939901,-18.616970
15.661301,-4.114347,-18.618771
15.794707,-1.197054,-18.620316
15.507772,1.390090,-18.623204
15.007202,3.827305,-18.621604
14.424061,6.024471,-18.615882
13.851956,8.002481,-18.620344
13.088392,9.906844,-18.624400
12.044939,11.690770,-18.623158
10.810720,13.229159,-18.621082
8.868406,14.007317,-22.020078
7.257322,14.951978,-22.021614
5.461316,15.574919,-22.014820
3.723200,16.018269,-22.006809
1.945353,16.287136,-22.007356
0.239997,16.383172,-22.016428
-1.645817,16.316153,-22.017832
-3.427686,16.069065,-22.010139
-5.325168,15.513146,-22.008075
-7.081378,14.604715,-22.017656
-8.680927,13.447297,-22.021199
-10.249221,12.066427,-22.011724
-11.273867,10.211674,-22.015083
-11.980262,8.232658,-22.017894
-12.405566,6.153392,-22.014538
-12.397085,4.074187,-22.017473
-12.739889,1.757089,-22.009311
-12.153323,-0.388014,-22.013247
-11.300971,-2.395876,-22.014468
-10.463372,-4.659432,-22.010773
-9.546783,-7.202691,-22.009541
-8.247055,-9.966732,-22.012099
-6.258806,-12.182832,-22.018540
-3.534713,-13.575161,-22.014132
-0.584351,-13.958658,-22.010662
2.352378,-13.511873,-22.012623
5.102745,-12.393668,-22.010273
7.477319,-10.761518,-22.013611
9.343180,-8.822993,-22.012996
10.982717,-6.785951,-22.008453
12.351623,-4.788182,-22.010507
13.237700,-2.623697,-22.020850
13.691643,-0.322392,-22.018099
13.645598,1.918118,-22.018144
13.273438,3.955804,-22.018229
12.857676,5.887753,-22.007311
12.523687,7.659338,-22.008986
11.950033,9.442398,-22.009714
11.126192,11.061675,-22.007349
10.090137,12.693206,-22.012920
8.012305,13.082066,-25.417287
6.619591,13.963357,-25.413810
5.023715,14.517730,-25.412385
3.470951,14.887773,-25.417807
1.883295,15.091100,-25.416343
0.282791,15.129813,-25.413222
-1.311787,15.004182,-25.412500
-2.885306,14.699477,-25.417865
-4.452451,14.118590,-25.422670
-5.881034,13.245427,-25.415938
-7.256000,12.174281,-25.411546
-8.447124,10.872005,-25.416212
-9.021499,9.254799,-25.413431
-9.359724,7.591368,-25.416976
-9.496027,5.876114,-25.419401
-9.357980,4.276565,-25.408818
-9.553752,2.539083,-25.415933
-9.042390,0.883300,-25.420923
-8.397010,-0.675073,-25.413976
-7.721019,-2.354399,-25.407977
-6.945221,-4.242104,-25.409927
-6.006573,-6.290252,-25.414478
-4.487170,-8.064458,-25.420307
-2.507078,-9.153203,-25.416804
-0.200901,-9.517318,-25.411053
2.032071,-9.183185,-25.414152
4.108259,-8.293671,-25.420525
5.887841,-7.022076,-25.414005
7.308800,-5.468253,-25.409007
8.634635,-4.015357,-25.411367
9.872898,-2.690872,-25.416931
10.838108,-1.065010,-25.420496
11.503713,0.570805,-25.415687
11.684529,2.356074,-25.409641
11.401220,4.094563,-25.406676
11.109681,5.739857,-25.406932
10.928514,7.335385,-25.417394
10.530715,8.868103,-25.417893
9.850811,10.340056,-25.409993
9.059235,11.784944,-25.412343
6.768437,11.656649,-28.813693
5.629122,12.451522,-28.810097
4.358159,12.944386,-28.807169
3.049041,13.271256,-28.810951
1.763695,13.431477,-28.816469
0.410987,13.449751,-28.811723
-0.931304,13.305755,-28.815741
-2.250706,12.995500,-28.818070
-3.488801,12.461005,-28.809774
-4.591148,11.676053,-28.814371
-5.672417,10.777407,-28.813596
-6.511931,9.697222,-28.814646
-6.803742,8.287599,-28.815362
-6.916293,6.981823,-28.816770
-6.914304,5.702440,-28.821185
-6.745210,4.419811,-28.819237
-6.875982,3.187098,-28.808410
-6.479145,1.958799,-28.808955
-5.988094,0.752337,-28.811587
-5.497511,-0.501954,-28.814076
-4.941544,-1.859631,-28.816756
-4.175286,-3.364929,-28.818107
-3.033805,-4.617706,-28.818845
-1.526079,-5.386942,-28.819300
0.098910,-5.600989,-28.817439
1.765478,-5.312688,-28.813732
3.251931,-4.627956,-28.812565
4.547113,-3.629352,-28.816470
5.548579,-2.483261,-28.819801
6.518749,-1.546101,-28.822165
7.541912,-0.669104,-28.820519
8.413384,0.434812,-28.812623
9.179898,1.583784,-28.812158
9.477792,2.913799,-28.812718
9.277954,4.279439,-28.810238
9.093510,5.615870,-28.809404
9.037677,6.857574,-28.809565
8.783854,8.169872,-28.809684
8.255968,9.370240,-28.810417
7.627226,10.542716,-28.812624
5.038256,9.618699,-32.206711
4.254548,10.218169,-32.212776
3.390915,10.627560,-32.219455
2.478543,10.903220,-32.212610
1.536681,11.046002,-32.216315
0.583149,11.070394,-32.220108
-0.364336,10.977461,-32.219896
-1.329800,10.744613,-32.220617
-2.197195,10.352200,-32.220670
-2.981228,9.745822,-32.220180
-3.732546,9.100647,-32.214029
-4.271234,8.300120,-32.214512
-4.328212,7.252846,-32.215092
-4.293812,6.333035,-32.212888
-4.222522,5.467465,-32.215844
-4.091321,4.645217,-32.215655
-4.155051,3.812407,-32.210523
-3.860554,3.021843,-32.220339
-3.566197,2.235847,-32.214077
-3.328876,1.352785,-32.212974
-2.964482,0.393319,-32.217522
-2.392425,-0.515726,-32.215403
-1.628377,-1.258939,-32.209523
-0.643521,-1.679960,-32.210461
0.463566,-1.737043,-32.216549
1.498822,-1.472380,-32.218433
2.407542,-0.984778,-32.217887
3.188929,-0.313657,-32.218560
3.811694,0.410650,-32.213655
4.456818,0.941842,-32.211135
5.124693,1.441744,-32.210335
5.742516,2.062961,-32.208996
6.441360,2.706855,-32.211870
6.789927,3.564862,-32.216093
6.677902,4.509703,-32.215905
6.592747,5.419756,-32.212178
6.599211,6.296011,-32.213283
6.484918,7.235321,-32.217281
6.132442,8.086866,-32.217085
5.654688,8.885499,-32.211368
0.466607,5.189885,-35.614818
8.063052,14.239249,32.385182
6.176366,15.624301,32.385182
4.283370,16.734636,32.385182
2.009764,17.742559,32.385182
-0.375110,18.448523,32.385182
-3.123803,18.862486,32.385182
-5.903761,18.893420,32.385182
-8.953084,18.516459,32.385182
-12.068824,17.707723,32.385182
-15.329682,16.404413,32.385182
-18.660232,14.564617,32.385182
-21.967457,12.145652,32.385182
-25.204763,8.967838,32.385182
-27.974373,4.995900,32.385182
-29.652289,0.315132,32.385182
-29.874769,-4.521603,32.385182
-28.808667,-9.387323,32.385182
-26.733743,-14.072175,32.385182
-24.040760,-18.258265,32.385182
-20.690875,-22.134952,32.385182
-16.749928,-25.411704,32.385182
-12.044858,-27.812456,32.385182
-7.003402,-28.722336,32.385182
-1.898138,-28.145074,32.385182
2.757605,-26.371495,32.385182
6.817389,-23.748817,32.385182
10.122176,-20.636187,32.385182
12.693676,-17.256818,32.385182
14.505294,-13.908710,32.385182
15.742499,-10.463821,32.385182
16.413128,-7.164221,32.385182
16.624221,-4.244000,32.385182
16.489101,-1.319824,32.385182
16.068038,1.280508,32.385182
15.453253,3.539987,32.385182
14.611075,5.724800,32.385182
13.544682,7.808967,32.385182
12.356140,9.653604,32.385182
11.094698,11.269316,32.385182
8.157348,11.168248,29.380248
6.710482,12.290915,29.382240
5.350559,13.522766,29.388092
3.533461,14.232627,29.383809
1.801432,15.167761,29.380670
-0.149061,15.318726,29.388438
-2.200031,14.847652,29.385855
-4.021385,14.111912,29.386219
-5.878376,13.470507,29.384742
-7.877167,12.813041,29.383818
-10.079797,11.894389,29.387297
-12.468604,10.711281,29.389490
-14.976685,9.163417,29.388035
-17.611131,7.060578,29.386987
-20.068901,4.364233,29.384038
-22.217232,0.899834,29.380149
-23.695081,-3.195666,29.382499
-24.117773,-7.532187,29.387323
-23.438830,-12.112605,29.386511
-21.992158,-16.514577,29.387143
-19.782428,-21.071508,29.388058
-16.609761,-25.179942,29.382469
-12.255202,-28.251539,29.384738
-7.387612,-30.502652,29.383142
-2.208308,-31.747192,29.384362
3.135690,-31.509520,29.388997
8.246426,-29.509211,29.381806
12.326600,-26.074183,29.384906
15.365829,-21.840525,29.385465
17.442186,-17.389712,29.381650
18.653376,-13.061992,29.385970
19.179778,-8.880912,29.386605
19.104395,-5.231521,29.390362
18.556520,-1.905739,29.392893
17.637412,1.043041,29.382672
16.359339,3.702944,29.378108
14.834565,5.888611,29.384509
13.195128,7.624335,29.391389
11.484318,9.081815,29.389309
9.719963,10.224693,29.383553
7.299477,10.206272,26.385274
5.983103,10.970936,26.385649
4.677188,12.050018,26.386380
3.108928,12.459861,26.383200
1.619892,13.176450,26.389563
-0.013695,13.092564,26.390285
-1.577348,12.556603,26.386753
-3.102414,11.904045,26.378905
-4.690190,11.434221,26.386280
-6.419934,10.954259,26.392079
-8.245250,10.317490,26.388291
-10.403398,9.395362,26.385746
-12.581934,8.197823,26.387294
-15.039375,6.409680,26.384372
-17.377816,4.059667,26.386773
-19.423933,1.103461,26.391897
-20.954105,-2.451458,26.391041
-21.698164,-6.532290,26.388473
-21.522204,-10.947030,26.384061
-20.676608,-15.423889,26.382198
-19.109597,-20.306446,26.384578
-16.376159,-24.936301,26.387758
-12.398276,-28.349511,26.389896
-7.615759,-31.212536,26.387688
-2.271310,-32.990854,26.384319
3.283188,-33.013488,26.384996
8.551578,-31.281100,26.388887
12.993914,-27.792506,26.388186
16.329531,-23.349845,26.382788
18.641954,-18.646098,26.379033
19.938985,-14.129417,26.381343
20.477581,-9.738533,26.387304
20.326153,-5.734989,26.386066
19.573247,-2.080405,26.380973
18.374030,1.011539,26.382612
16.731511,3.736926,26.384217
14.898689,5.800473,26.388169
12.855600,7.450340,26.393277
10.865659,8.700343,26.390008
8.967383,9.531732,26.386356
6.903056,9.672216,23.380072
5.516928,10.220657,23.380711
4.214997,11.015035,23.387711
2.924975,11.272679,23.391204
1.505930,11.660135,23.390129
0.050450,11.539403,23.379721
-1.238147,11.144216,23.384918
-2.646742,10.661115,23.380911
-3.968303,10.375826,23.385807
-5.549499,10.011761,23.389956
-7.362411,9.466341,23.391604
-9.247922,8.718981,23.390088
-11.283981,7.649443,23.386715
-13.500160,6.097254,23.386381
-15.739777,3.936081,23.387399
-17.729583,1.197510,23.381655
-19.276900,-2.114074,23.378596
-20.182141,-5.935228,23.388277
-20.339440,-10.125299,23.384068
-19.846568,-14.831173,23.378615
-18.598063,-19.839467,23.384712
-16.198460,-24.526480,23.389250
-12.322301,-28.295001,23.380828
-7.606643,-31.318201,23.378302
-2.370545,-33.042250,23.384141
3.208443,-32.986203,23.387748
8.624196,-31.205324,23.383100
13.071421,-27.910932,23.381406
16.510371,-23.698873,23.382403
18.944872,-19.176451,23.382912
20.393139,-14.524511,23.383286
20.976162,-10.093505,23.379627
20.812354,-5.902366,23.384330
20.000618,-2.199784,23.393713
18.639618,1.046065,23.391143
16.840945,3.755455,23.391148
14.746533,5.867759,23.391096
12.648371,7.353848,23.386396
10.499585,8.510394,23.385726
8.594714,9.192790,23.383548
6.720182,9.479568,20.375772
5.310737,9.830502,20.375170
3.922064,10.312319,20.384509
2.628644,10.444278,20.389758
1.326598,10.598862,20.391613
0.152720,10.507688,20.382550
-1.137474,10.239283,20.391945
-2.300286,10.000260,20.384294
-3.733393,9.778599,20.392599
-5.153863,9.485930,20.390914
-6.802558,9.017402,20.380331
-8.644060,8.295416,20.382145
-10.512641,7.313914,20.382537
-12.668843,5.793940,20.379564
-14.670810,3.876927,20.383179
-16.578322,1.346715,20.381248
-18.175562,-1.838975,20.378303
-19.216101,-5.523437,20.378969
-19.620851,-9.725928,20.377220
-19.372214,-14.334682,20.384560
-18.251996,-19.373197,20.392179
-15.867935,-24.220186,20.387789
-12.212419,-28.030562,20.382800
-7.596604,-30.935310,20.381073
-2.279316,-32.416864,20.380380
3.148372,-32.108618,20.379712
8.378992,-30.243985,20.382467
12.813022,-27.148511,20.387212
16.266927,-23.317797,20.390959
18.804244,-18.993534,20.390954
20.317864,-14.490407,20.386572
20.943373,-10.044077,20.384680
20.800200,-5.956038,20.387873
19.988995,-2.214755,20.392511
18.595260,1.066457,20.393086
16.819409,3.692208,20.394095
14.667430,5.833187,20.391744
12.495944,7.329960,20.382087
10.371182,8.404010,20.380837
8.509306,9.058007,20.381147
6.666283,9.466001,17.386851
5.147074,9.716299,17.391176
3.742243,9.849504,17.382708
2.461864,9.846617,17.380834
1.309068,9.837171,17.387203
0.157389,9.791315,17.383644
-0.990085,9.683611,17.379135
-2.142457,9.662330,17.382894
-3.540149,9.473411,17.384438
-4.922976,9.204404,17.386489
-6.523160,8.740323,17.390707
-8.188859,8.073471,17.382312
-10.000298,7.111312,17.386524
-11.989493,5.705493,17.393538
-14.033538,3.759703,17.393645
-15.903788,1.313557,17.391597
-17.509642,-1.754803,17.387813
-18.641000,-5.299681,17.385943
-19.224974,-9.492101,17.387676
-19.079090,-14.108722,17.384822
-17.961083,-18.988915,17.387113
-15.619890,-23.703191,17.391773
-12.068158,-27.597836,17.381951
-7.390225,-30.299080,17.382670
-2.229393,-31.343755,17.385379
3.135587,-30.725916,17.381573
8.014989,-28.762644,17.388480
12.293284,-25.912326,17.394025
15.820346,-22.369536,17.388842
18.353780,-18.351736,17.381505
19.905725,-14.001787,17.389170
20.522957,-9.811623,17.389961
20.383026,-5.709711,17.382934
19.596865,-2.073154,17.383469
18.315297,1.008761,17.388556
16.547593,3.684421,17.389445
14.478428,5.789377,17.384728
12.392450,7.283953,17.383739
10.337737,8.335023,17.381160
8.408264,9.031006,17.379257
6.709608,9.455643,14.386701
5.097913,9.690974,14.391272
3.627957,9.506583,14.382626
2.397438,9.412714,14.387943
1.284445,9.328374,14.386785
0.172744,9.295626,14.382709
-0.824411,9.260253,14.384120
-2.148974,9.493941,14.383355
-3.387446,9.307977,14.386441
-4.722677,9.043181,14.389941
-6.269218,8.571164,14.378013
-7.877080,7.912859,14.382033
-9.731481,6.902200,14.393995
-11.549117,5.598987,14.384382
-13.540197,3.724365,14.376573
-15.388625,1.382387,14.388893
-17.021700,-1.549597,14.387462
-18.314918,-5.181014,14.382015
-19.018115,-9.350337,14.386281
-18.895711,-13.957954,14.383514
-17.696172,-18.641615,14.384631
-15.314248,-23.173206,14.389627
-11.814674,-27.088946,14.383579
-7.177228,-29.417710,14.384003
-2.067783,-29.991332,14.388054
2.949391,-29.109669,14.385473
7.581608,-27.006886,14.380005
11.667330,-24.358925,14.385565
15.065009,-21.278579,14.390570
17.596701,-17.579944,14.384622
19.191798,-13.394969,14.388408
19.809760,-9.337963,14.388519
19.677088,-5.486186,14.381638
18.932863,-1.958411,14.383202
17.723384,1.041706,14.390929
16.055033,3.662939,14.391635
14.186611,5.658765,14.380963
12.213477,7.182337,14.383899
10.259329,8.263116,14.390591
8.289855,9.004385,14.384734
6.620713,9.382799,11.378297
5.160994,9.620887,11.378477
3.454153,9.117707,11.390608
2.279788,9.103142,11.385727
1.210568,8.957328,11.382810
0.273869,8.919894,11.390253
-0.836265,8.911982,11.388774
-2.112868,9.379317,11.389517
-3.320410,9.167394,11.389505
-4.599494,8.883945,11.382842
-6.086938,8.399323,11.379938
-7.630205,7.745871,11.378281
-9.313413,6.820886,11.380701
-11.175862,5.506016,11.388710
-13.121580,3.721267,11.387636
-15.022450,1.398691,11.379198
-16.723339,-1.500878,11.384369
-18.110246,-5.084951,11.389307
-18.905529,-9.338111,11.385175
-18.745725,-13.918020,11.384429
-17.413430,-18.370910,11.387181
-14.932085,-22.671330,11.386225
-11.519691,-26.460451,11.378375
-6.952619,-28.376878,11.383102
-1.947170,-28.474925,11.390882
2.824050,-27.350808,11.389472
7.200820,-25.129743,11.387895
10.960759,-22.718395,11.389087
14.253663,-19.946659,11.387935
16.717553,-16.532442,11.383317
18.266857,-12.619128,11.388770
18.861587,-8.700832,11.392832
18.709229,-5.101211,11.388120
17.972333,-1.698048,11.384066
16.805381,1.199079,11.379518
15.359760,3.552343,11.378928
13.617428,5.531889,11.389017
11.761953,7.069942,11.392218
10.019200,8.131071,11.385748
8.268266,8.861900,11.381138
6.422233,9.178519,8.377025
4.900717,9.375294,8.385147
3.327834,8.707316,8.391782
2.304264,8.848324,8.384621
1.277504,8.705737,8.388441
0.278985,8.612848,8.390428
-0.680979,8.651975,8.389210
-2.048258,9.228023,8.379422
-3.228067,8.979867,8.382691
-4.439364,8.681906,8.377365
-5.860402,8.182784,8.383489
-7.334295,7.539713,8.392556
-8.949143,6.647604,8.389271
-10.751745,5.405113,8.386899
-12.739005,3.651487,8.383870
-14.618717,1.466240,8.381240
-16.446328,-1.470503,8.384535
-17.910960,-4.984207,8.384622
-18.790100,-9.284600,8.380061
-18.623888,-13.696978,8.381339
-17.121364,-18.120146,8.380542
-14.594992,-22.040844,8.379959
-11.250189,-25.672798,8.388666
-6.593804,-27.246228,8.384845
-1.763660,-26.883514,8.378433
2.737619,-25.570021,8.382877
6.764371,-23.346369,8.386615
10.281731,-21.096717,8.383635
13.395806,-18.560284,8.378513
15.778770,-15.290555,8.377860
17.168794,-11.739115,8.381437
17.699525,-7.969453,8.383948
17.485787,-4.515505,8.383253
16.747438,-1.372191,8.383580
15.653267,1.296118,8.383806
14.276860,3.563134,8.381868
12.793034,5.321933,8.378484
11.157287,6.790836,8.383797
9.535090,7.893885,8.392231
7.997910,8.625063,8.383036
6.145953,8.754512,5.380813
4.619580,8.829646,5.386586
3.185851,8.389773,5.390372
2.204578,8.616169,5.391833
1.235388,8.439044,5.386350
0.277358,8.322977,5.386410
-0.611082,8.412180,5.390798
-1.768039,8.608148,5.385159
-3.001280,8.716983,5.377923
-4.259773,8.368144,5.388183
-5.492980,7.889777,5.385914
-6.889142,7.255384,5.392171
-8.423282,6.403468,5.383718
-10.160409,5.249300,5.384037
-12.107684,3.645567,5.388342
-14.119598,1.468532,5.380057
-16.012745,-1.359742,5.385591
-17.601272,-4.861506,5.389414
-18.585977,-9.148621,5.380011
-18.438533,-13.585753,5.382888
-16.910823,-17.754991,5.390512
-14.240192,-21.429980,5.390702
-10.815469,-24.852755,5.383822
-6.331426,-26.047973,5.386234
-1.643094,-25.358219,5.386310
2.584476,-23.955132,5.379274
6.385754,-21.765793,5.383818
9.731216,-19.623462,5.390252
12.644270,-17.146251,5.388478
14.760935,-14.054206,5.381241
15.970571,-10.629993,5.382919
16.332220,-7.133049,5.382159
16.025438,-3.961356,5.377956
15.267529,-1.095121,5.382108
14.177633,1.424730,5.386513
12.976421,3.391935,5.386657
11.594198,5.093170,5.384929
10.248978,6.396600,5.382829
8.852985,7.456190,5.380301
7.423142,8.242867,5.378159
5.545582,8.080522,2.385468
4.109502,8.029719,2.391593
3.085908,8.114450,2.390333
2.174208,8.305953,2.387501
1.160763,8.137271,2.390039
0.341960,8.011844,2.392487
-0.588655,8.079581,2.389735
-1.519508,8.097009,2.380684
-2.754986,8.191366,2.384736
-3.859449,7.904606,2.385014
-5.013303,7.456201,2.378617
-6.220038,6.860618,2.382916
-7.658454,6.044342,2.388186
-9.208234,5.012678,2.383076
-11.101278,3.572060,2.380252
-13.189181,1.564232,2.379415
-15.242781,-1.163379,2.379107
-17.018971,-4.676099,2.379505
-18.172464,-8.869949,2.379931
-18.159685,-13.371759,2.386113
-16.659871,-17.517971,2.388533
-13.892183,-20.886664,2.381918
-10.421598,-23.859480,2.382669
-6.038801,-24.824103,2.387303
-1.555351,-24.018719,2.387748
2.512169,-22.613543,2.386658
6.117986,-20.567060,2.386075
9.230928,-18.503508,2.380534
11.897751,-15.913376,2.384168
13.686607,-12.869446,2.391940
14.605312,-9.465550,2.389434
14.695907,-6.152039,2.382150
14.203724,-3.189303,2.381513
13.319851,-0.538816,2.385511
12.274685,1.599521,2.382386
11.228478,3.261958,2.378845
10.096369,4.742232,2.379646
9.046851,5.887699,2.383031
7.877897,6.893265,2.380948
6.723840,7.635748,2.380636
4.811731,7.229446,-0.616235
3.788385,7.539051,-0.621035
2.936777,7.765929,-0.621326
1.980680,7.871959,-0.618696
1.114359,7.776162,-0.615778
0.343058,7.669611,-0.614189
-0.527091,7.629230,-0.613910
-1.407710,7.625763,-0.613500
-2.266138,7.511055,-0.613226
-3.156433,7.133721,-0.614223
-4.136881,6.699900,-0.614564
-5.305679,6.234714,-0.615822
-6.498637,5.585239,-0.617266
-7.875241,4.680073,-0.613390
-9.479281,3.427564,-0.617071
-11.440648,1.693721,-0.615107
-13.804448,-0.871930,-0.613340
-15.833024,-4.175257,-0.616113
-17.301113,-8.293097,-0.615127
-17.658291,-12.948994,-0.617739
-16.408214,-17.247118,-0.614564
-13.659157,-20.497088,-0.609783
-9.997740,-22.781228,-0.615468
-5.754545,-23.583894,-0.616386
-1.491130,-23.053799,-0.613974
2.480175,-21.823552,-0.619075
5.934315,-20.047713,-0.619010
8.939549,-17.752528,-0.612265
11.228142,-14.856063,-0.611247
12.535956,-11.514367,-0.619213
12.910037,-8.036082,-0.614595
12.548734,-4.858267,-0.612453
11.778822,-2.153498,-0.618492
10.942493,0.017392,-0.615321
10.194869,1.700615,-0.614473
9.443367,3.167250,-0.612312
8.674408,4.402134,-0.613636
7.795652,5.439917,-0.614358
6.813412,6.247893,-0.612232
5.800129,6.835607,-0.612024
4.357264,6.734064,-3.621311
3.530330,7.093948,-3.617980
2.724192,7.269943,-3.610308
1.893595,7.347181,-3.608515
1.157736,7.357966,-3.615246
0.338191,7.297303,-3.620895
-0.383740,7.180793,-3.617977
-1.107915,7.039535,-3.614679
-1.919472,6.858911,-3.616892
-2.677567,6.564342,-3.620196
-3.362216,6.119684,-3.620713
-4.080250,5.533950,-3.619089
-4.881380,4.900565,-3.616587
-6.061298,4.192514,-3.614758
-7.615700,3.224264,-3.614602
-9.416494,1.804109,-3.613089
-11.548993,-0.338748,-3.614237
-13.716812,-3.294793,-3.611745
-15.741112,-7.398601,-3.617604
-16.670942,-12.085089,-3.613544
-15.982541,-16.688009,-3.615608
-13.495172,-20.274558,-3.614985
-9.550094,-21.722576,-3.615410
-5.418820,-22.204166,-3.613364
-1.448520,-22.468347,-3.611676
2.468312,-21.725331,-3.612254
5.958208,-19.997586,-3.613077
8.754207,-17.181717,-3.613128
10.460342,-13.647181,-3.610220
11.077480,-9.754059,-3.617943
11.094450,-6.454138,-3.614701
10.946955,-3.798419,-3.613438
10.647306,-1.621910,-3.613433
10.201048,0.165996,-3.616276
9.517243,1.756227,-3.617174
8.559673,3.073585,-3.612600
7.528263,4.131863,-3.608407
6.621419,4.949070,-3.608182
5.838801,5.631023,-3.612111
5.116992,6.225472,-3.617865
4.022435,6.322780,-6.613601
3.219266,6.600514,-6.613054
2.428337,6.714679,-6.613535
1.801506,6.797871,-6.615309
1.094846,6.906507,-6.618563
0.400121,6.928401,-6.620918
-0.282617,6.783537,-6.620697
-0.952254,6.527552,-6.619219
-1.525919,6.275910,-6.618363
-2.160360,5.967146,-6.618167
-2.834098,5.562203,-6.618313
-3.465023,5.088919,-6.618435
-4.069109,4.571499,-6.618471
-4.795691,3.917172,-6.618341
-5.747278,3.119633,-6.617795
-7.313415,1.972468,-6.616636
-9.371947,0.173701,-6.617463
-11.947205,-2.609410,-6.615822
-14.478050,-6.639995,-6.612635
-15.509092,-11.101110,-6.614554
-15.041044,-15.655362,-6.612459
-12.874164,-19.335704,-6.615282
-9.033362,-20.563968,-6.617541
-4.927039,-20.414683,-6.618514
-1.312237,-21.511356,-6.613471
2.440782,-21.799870,-6.614928
5.854138,-19.539732,-6.612537
8.429824,-16.449627,-6.614283
10.178456,-13.182230,-6.614886
11.339627,-10.034977,-6.613699
11.785173,-7.070911,-6.613137
11.540520,-4.170568,-6.613101
10.778820,-1.720415,-6.617985
9.544220,0.358767,-6.620651
8.265820,1.910749,-6.620191
7.243877,3.041825,-6.618854
6.512913,3.861172,-6.617613
5.851018,4.640802,-6.616379
5.304399,5.269504,-6.615377
4.660827,5.890898,-6.614359
3.663417,5.923070,-9.609532
2.951130,6.109585,-9.613048
2.255485,6.188806,-9.616273
1.634198,6.309996,-9.616642
1.029622,6.483893,-9.614467
0.438247,6.574342,-9.612392
-0.214979,6.436975,-9.612829
-0.777696,6.150229,-9.614444
-1.248545,5.846554,-9.615078
-1.759849,5.493971,-9.614013
-2.253098,5.138611,-9.612140
-2.801453,4.732248,-9.610722
-3.411643,4.271647,-9.610769
-4.083152,3.756762,-9.612123
-4.996688,3.046788,-9.614675
-6.243310,2.022419,-9.616640
-7.631637,0.593584,-9.614458
-9.365974,-1.552456,-9.614189
-10.855425,-4.428867,-9.612860
-10.095157,-6.521871,-9.616424
-8.390173,-7.954005,-9.613153
-8.984661,-13.063222,-9.615319
-7.852269,-17.678212,-9.614083
-4.327502,-17.827189,-9.618166
-1.153052,-19.164608,-9.613478
2.308293,-19.617362,-9.616130
5.263908,-17.015861,-9.616283
7.576046,-14.289611,-9.616649
9.385889,-11.805083,-9.617029
10.689628,-9.283943,-9.613482
11.338272,-6.674204,-9.611276
11.262239,-3.992873,-9.615218
10.186479,-1.448892,-9.615148
8.566484,0.581043,-9.618997
7.287411,1.969974,-9.618473
6.417294,2.946616,-9.616346
5.764881,3.744656,-9.613828
5.273310,4.396058,-9.611473
4.769108,5.030036,-9.609414
4.278481,5.524930,-9.608556
3.319128,5.571147,-12.615864
2.665718,5.721742,-12.616647
2.082947,5.781788,-12.617349
1.506348,5.921917,-12.616017
1.016202,6.115634,-12.613214
0.420569,6.269439,-12.610696
-0.109516,6.174007,-12.611811
-0.622501,5.885728,-12.614622
-1.099430,5.497320,-12.616235
-1.485003,5.135894,-12.615034
-1.857362,4.791000,-12.612859
-2.350442,4.417054,-12.612226
-2.967254,4.099082,-12.616857
-3.816824,3.656165,-12.620905
-4.567619,2.968309,-12.612870
-5.232549,2.117695,-12.617420
-6.121131,0.943775,-12.610747
-6.551722,-0.414444,-12.616407
-4.980798,-0.884984,-12.613149
-4.473478,-1.807771,-12.615973
-5.383639,-4.484508,-12.611638
-6.505206,-9.063238,-12.616357
-6.071332,-13.468826,-12.614304
-3.627963,-14.940407,-12.613033
-0.825356,-15.521139,-12.617234
1.909079,-14.353786,-12.618681
4.263199,-12.815100,-12.616558
6.132242,-10.844572,-12.612342
7.649497,-8.960865,-12.614167
8.933530,-7.223110,-12.610234
9.848969,-5.336335,-12.618728
10.254216,-3.405530,-12.616239
10.184485,-1.433362,-12.619260
9.512046,0.365823,-12.619721
7.861757,1.919708,-12.611221
6.088577,2.929115,-12.614562
5.234090,3.589894,-12.619963
4.697482,4.164358,-12.621139
4.284490,4.695468,-12.619666
3.858297,5.186487,-12.617394
3.053893,5.294258,-15.617007
2.543627,5.487136,-15.615721
1.952151,5.548684,-15.613299
1.470292,5.653627,-15.612876
0.969904,5.868467,-15.614725
0.440777,6.047042,-15.616896
-0.087136,5.981457,-15.616575
-0.592664,5.666446,-15.614693
-0.964232,5.265002,-15.613544
-1.253715,4.842807,-15.613599
-1.534875,4.461823,-15.614051
-1.981047,4.221904,-15.613561
-2.991623,4.096324,-15.614962
-3.293853,3.536660,-15.622350
-3.736473,2.907849,-15.615888
-3.974101,2.217816,-15.617528
-2.629424,1.784604,-15.611491
-2.924364,1.067649,-15.620067
-3.334693,0.096010,-15.617821
-3.814117,-1.281663,-15.612842
-4.488784,-3.450428,-15.618063
-5.562238,-7.521714,-15.616365
-4.734521,-10.388371,-15.611221
-2.756987,-11.563769,-15.611358
-0.487742,-11.492699,-15.615618
1.629083,-10.047456,-15.613870
3.288347,-8.519493,-15.612445
4.837629,-7.643249,-15.618207
6.027821,-6.239173,-15.616775
7.030273,-4.954797,-15.611689
7.900899,-3.708648,-15.616940
8.573009,-2.341461,-15.610833
8.911452,-0.912712,-15.614114
8.901268,0.510778,-15.617604
8.524248,1.879511,-15.607523
7.705458,3.049208,-15.614969
6.444427,3.894478,-15.621443
4.692901,4.161132,-15.613043
3.828188,4.417671,-15.612659
3.445650,4.865518,-15.615218
2.845568,5.035877,-18.611566
2.459598,5.398405,-18.608889
1.950775,5.504904,-18.616842
1.454513,5.581614,-18.622755
0.987915,5.760576,-18.620847
0.477809,5.945344,-18.615540
-0.072881,5.857697,-18.615938
-0.512001,5.509430,-18.617770
-0.857008,5.089200,-18.616282
-1.128702,4.714265,-18.612988
-1.407761,4.374282,-18.609335
-2.159778,4.332149,-18.608649
-2.442740,3.878431,-18.618892
-1.634311,3.135747,-18.605582
-1.887513,2.750164,-18.610677
-2.104798,2.351183,-18.612635
-2.318757,1.830918,-18.611280
-2.553478,1.203547,-18.611349
-2.866673,0.388821,-18.614931
-3.375579,-0.905981,-18.621146
-4.088749,-3.001368,-18.621811
-4.322099,-5.557043,-18.619029
-3.595487,-7.642458,-18.619058
-1.916218,-8.138020,-18.617867
-0.163159,-7.834039,-18.615565
1.390095,-6.761287,-18.614002
2.534958,-5.377527,-18.613223
3.641294,-4.715953,-18.610690
4.664122,-4.020590,-18.610042
5.403954,-3.042345,-18.614862
6.081457,-2.090047,-18.620931
6.669906,-1.184306,-18.613771
7.148718,-0.165747,-18.614770
7.413094,0.883318,-18.623223
7.441333,1.966390,-18.621101
7.180084,3.028681,-18.618120
6.607633,3.925258,-18.617002
5.761533,4.614077,-18.614211
4.907395,5.061436,-18.607317
3.201866,4.652144,-18.619705
3.251990,5.491394,-21.608725
2.370896,5.199159,-21.612151
1.958839,5.545152,-21.616508
1.466856,5.631139,-21.617453
0.988245,5.783863,-21.617573
0.467104,5.934146,-21.615702
-0.042671,5.751735,-21.611434
-0.427860,5.372644,-21.611741
-0.745145,4.971951,-21.615838
-1.338146,4.974575,-21.619914
-1.153212,4.145083,-21.623303
-1.079552,3.676208,-21.626953
-1.263884,3.366090,-21.631427
-1.415084,3.065855,-21.623701
-1.569962,2.731954,-21.615178
-1.735052,2.372152,-21.612237
-1.935062,1.932341,-21.613452
-2.192510,1.359967,-21.617545
-2.526573,0.591350,-21.619387
-2.921071,-0.521814,-21.615484
-3.183544,-1.963575,-21.611965
-3.119216,-3.606171,-21.616560
-2.376925,-4.772075,-21.620058
-1.114273,-4.806827,-21.614981
0.103637,-4.488249,-21.611772
1.174333,-3.793951,-21.614532
1.952030,-2.745551,-21.620443
2.596140,-2.110616,-21.620866
3.292797,-1.761753,-21.616387
3.926193,-1.272115,-21.610313
4.395526,-0.637460,-21.607141
4.806443,-0.015204,-21.609189
5.206636,0.648789,-21.615772
5.541588,1.351334,-21.619251
5.763921,2.097083,-21.616659
5.838312,2.904950,-21.621916
5.678885,3.711177,-21.621379
5.275689,4.405996,-21.612984
4.642490,4.932340,-21.608001
4.004203,5.314227,-21.607665
2.972526,5.161761,-24.612737
2.481961,5.410106,-24.604479
1.847527,5.242450,-24.613460
1.467573,5.592144,-24.609419
0.964936,5.714584,-24.618784
0.469001,5.800520,-24.619909
0.021069,5.510391,-24.615051
-0.330329,5.085838,-24.613111
-0.848042,5.116558,-24.617880
-0.511540,3.973523,-24.607595
-0.676595,3.736244,-24.611020
-0.831938,3.487072,-24.614059
-0.964134,3.246614,-24.616007
-1.099111,2.982402,-24.617267
-1.239223,2.701972,-24.617730
-1.393150,2.386811,-24.617310
-1.562455,2.008420,-24.615837
-1.732317,1.546147,-24.613354
-1.874581,0.986452,-24.610451
-1.961825,0.294634,-24.607999
-1.935147,-0.513579,-24.606783
-1.645284,-1.251940,-24.608383
-0.993623,-1.463397,-24.613921
-0.251774,-1.297237,-24.617979
0.404606,-1.070189,-24.616648
0.936518,-0.757659,-24.613641
1.358124,-0.268343,-24.613113
1.668742,0.194763,-24.614417
1.929561,0.512080,-24.615482
2.230091,0.746942,-24.615956
2.561934,0.945398,-24.616596
2.847409,1.203241,-24.618835
3.095247,1.533424,-24.619294
3.319920,1.902762,-24.613768
3.538953,2.300027,-24.610234
3.761664,2.771967,-24.613041
3.909543,3.294918,-24.608707
4.005055,3.880513,-24.612187
3.843273,4.425518,-24.617882
3.456882,4.856550,-24.618563
0.583063,4.628835,-27.614818
