-18.743764,-35.578107,32.385124
-13.361895,-39.145885,32.385124
-6.971644,-41.798986,32.385124
-0.180217,-43.137929,32.385124
6.740374,-43.190243,32.385125
13.781988,-41.947566,32.385125
20.481601,-39.446589,32.385125
26.783601,-35.601745,32.385125
32.015346,-30.722110,32.385124
36.198869,-24.640483,32.385124
38.860952,-17.999654,32.385124
40.136601,-11.196757,32.385123
40.144497,-4.275547,32.385125
38.966040,2.075314,32.385128
36.644983,8.103920,32.385128
33.426288,13.436141,32.385128
29.563927,18.023220,32.385127
25.431539,21.706569,32.385125
20.830115,24.783042,32.385124
16.268074,27.004740,32.385124
11.676044,28.545471,32.385124
6.925216,29.488062,32.385124
2.323210,29.801308,32.385124
-2.280771,29.517955,32.385124
-6.582285,28.678674,32.385124
-10.736446,27.284678,32.385124
-14.684196,25.382776,32.385124
-18.380424,23.030308,32.385124
-21.786353,20.274173,32.385124
-24.862026,17.153433,32.385124
-27.692516,13.511839,32.385125
-30.039422,9.541330,32.385125
-31.915689,5.076093,32.385126
-33.184950,0.163962,32.385129
-33.718547,-5.113607,32.385129
-33.430082,-10.411395,32.385129
-32.263061,-15.819677,32.385127
-30.173874,-21.199023,32.385125
-27.303367,-26.224821,32.385123
-23.207540,-30.819276,28.984055
-18.932297,-35.504903,28.989891
-13.504735,-39.976799,28.993098
-7.208635,-43.133399,28.984385
-0.119965,-44.787152,28.976997
7.158025,-44.867627,28.982790
14.303171,-43.487067,28.982763
21.232630,-40.593400,28.990870
27.463480,-36.398194,28.990757
32.613892,-31.252091,28.990091
36.618841,-25.181927,28.993248
39.322966,-18.425116,28.987060
40.860618,-11.548873,28.988920
41.087590,-4.517712,28.985972
39.975647,2.202098,28.984883
37.725578,8.376370,28.991193
34.582468,13.878701,28.993522
30.851467,18.690663,28.987575
26.514161,22.726073,28.987363
21.271419,25.196972,28.989276
16.019144,26.549322,28.989612
11.370349,28.195731,28.990362
6.757003,28.900212,28.981289
2.039624,28.930405,28.983869
-2.164504,28.647611,28.988665
-6.544682,27.810740,28.977926
-10.573432,26.540449,28.990285
-14.446661,24.858155,28.988717
-18.130255,22.793272,28.978764
-21.768095,20.216983,28.992870
-25.098961,17.251935,28.992891
-28.181167,13.718961,28.982278
-30.933814,9.621703,28.976951
-33.005124,5.157580,28.978549
-34.184336,0.127698,28.977946
-34.536949,-5.259663,28.979491
-34.059596,-10.632181,28.986299
-32.693207,-16.103982,28.987777
-30.404321,-21.234339,28.982735
-27.132766,-26.095311,28.981267
-22.928795,-30.429289,25.580070
-18.803185,-35.361132,25.591018
-13.616866,-40.261376,25.583929
-7.415423,-43.806368,25.573800
-0.285428,-45.729257,25.576964
7.333638,-45.906690,25.578006
14.800461,-44.387507,25.577890
21.529897,-41.362095,25.578088
27.726291,-36.927611,25.581763
32.983626,-31.410647,25.580997
36.940725,-25.187796,25.580862
39.586484,-18.552782,25.588922
41.252775,-11.604953,25.579838
41.648613,-4.479565,25.577678
40.718427,2.124000,25.586544
38.573570,8.436174,25.588730
35.523388,14.093024,25.580802
31.751120,19.270344,25.586335
27.560480,23.292227,25.593101
21.701563,25.624482,25.587555
16.034297,26.538905,25.578701
11.335056,28.266771,25.582142
6.647692,28.827873,25.586609
2.092182,28.708031,25.585819
-2.168867,28.436750,25.587160
-6.387904,27.688208,25.593616
-10.503564,26.496895,25.582343
-14.482248,24.912307,25.573392
-18.285123,22.942725,25.581337
-22.054122,20.445266,25.591126
-25.516740,17.534023,25.582167
-28.712473,14.016184,25.585768
-31.594040,9.916285,25.592757
-33.848339,5.203580,25.590950
-34.946879,0.076870,25.593829
-35.152100,-5.158176,25.582585
-34.488976,-10.825366,25.587790
-33.004665,-16.108193,25.595014
-30.475504,-21.205411,25.587931
-26.878288,-25.927510,25.580029
-22.614370,-29.983870,22.179618
-18.540765,-35.026432,22.184796
-13.665572,-39.997648,22.183281
-7.335258,-43.914358,22.185003
-0.183503,-46.002174,22.190217
7.262632,-46.263970,22.184401
14.801553,-44.752677,22.181964
21.755917,-41.491348,22.188129
27.723862,-37.032661,22.192621
32.952352,-31.400452,22.185396
36.815724,-25.322269,22.180962
39.640880,-18.434632,22.191107
41.326129,-11.676921,22.183091
41.902273,-4.495234,22.179317
41.134039,2.183237,22.181628
39.073735,8.588183,22.179044
36.095217,14.346365,22.178507
32.555084,19.461131,22.192272
28.205361,23.753626,22.187681
22.274396,26.033122,22.176717
16.299469,26.837380,22.180877
11.577055,28.639580,22.183530
6.855315,29.192929,22.183159
2.254893,29.038612,22.185812
-2.284198,28.792077,22.189871
-6.549125,28.084525,22.189727
-10.717402,26.940428,22.190968
-14.752740,25.396635,22.185910
-18.609916,23.449927,22.183591
-22.427852,20.953869,22.191537
-26.103682,17.860856,22.183721
-29.302238,14.289477,22.184730
-32.181840,10.133266,22.187244
-34.430052,5.366427,22.183554
-35.481801,0.182405,22.187578
-35.561838,-5.342040,22.180917
-34.772871,-10.802584,22.177684
-33.132602,-16.090856,22.180373
-30.388850,-21.131358,22.181569
-26.706484,-25.547600,22.179721
-22.265319,-29.485579,18.789386
-18.304621,-34.329072,18.787160
-13.467094,-39.366178,18.786995
-7.179824,-43.385844,18.790270
-0.273864,-45.526309,18.785647
7.188565,-45.891771,18.777067
14.755352,-44.410006,18.787817
21.493340,-41.207505,18.783803
27.451243,-36.698017,18.778290
32.522277,-31.223973,18.778587
36.569838,-24.952674,18.776724
39.410390,-18.311335,18.776735
41.155873,-11.553130,18.784960
41.880010,-4.600279,18.781233
41.304431,2.109614,18.784016
39.358883,8.572383,18.792167
36.354672,14.605875,18.782708
32.869386,19.783391,18.781475
28.528590,24.095626,18.779604
22.587221,26.435465,18.778766
16.621118,27.383127,18.784943
11.912065,29.258755,18.789296
6.946679,29.896948,18.783684
2.332961,29.806094,18.786994
-2.221693,29.627855,18.793591
-6.745438,28.941691,18.784688
-10.934188,27.827163,18.782343
-15.202865,26.187295,18.786147
-19.259462,24.075490,18.785463
-23.040693,21.501641,18.781671
-26.656770,18.319438,18.790005
-29.932552,14.477400,18.788471
-32.704071,10.234581,18.782220
-34.843268,5.399556,18.785112
-35.824173,0.187796,18.790530
-35.791405,-5.351336,18.788739
-34.871815,-10.808408,18.780385
-33.078855,-16.061421,18.777373
-30.150133,-21.015982,18.782543
-26.300373,-25.312965,18.787477
-21.878691,-28.931270,15.388909
-17.959615,-33.467805,15.389697
-13.046553,-38.397263,15.391306
-7.179870,-42.136527,15.389808
-0.324035,-44.349230,15.389925
7.107055,-44.797502,15.392773
14.424162,-43.425431,15.386250
21.149415,-40.257922,15.385458
26.912110,-35.928928,15.383068
31.997700,-30.507986,15.383647
35.993633,-24.516635,15.385570
38.894392,-18.192300,15.379379
40.725103,-11.485144,15.385127
41.608974,-4.568949,15.393824
41.202007,2.124007,15.390380
39.361146,8.596098,15.381919
36.450490,14.649219,15.383978
33.032952,19.852837,15.385904
28.568647,24.318748,15.381625
22.922198,26.769926,15.378421
17.044391,28.056959,15.380301
12.384060,30.002724,15.380095
7.220490,30.839074,15.376482
2.384954,30.892091,15.382685
-2.395936,30.772769,15.393231
-6.910222,30.125371,15.391091
-11.316560,28.952073,15.382423
-15.769297,27.167533,15.381143
-19.963745,24.838003,15.385185
-23.647135,22.152177,15.382973
-27.309187,18.689849,15.378551
-30.432753,14.742896,15.387193
-33.032685,10.417508,15.388443
-35.095142,5.306116,15.376344
-35.979856,0.097203,15.375841
-35.833570,-5.419814,15.377040
-34.789807,-10.837775,15.380981
-32.850957,-16.015472,15.387373
-29.769714,-20.855945,15.391587
-25.993097,-24.869287,15.390788
-21.453498,-28.320671,11.985968
-17.363960,-32.629102,11.991544
-12.628262,-36.960576,11.984752
-6.938446,-40.411294,11.979781
-0.368697,-42.509848,11.982916
6.749986,-43.015280,11.980031
13.788461,-41.831430,11.986429
20.298431,-38.933314,11.987170
26.095195,-34.763019,11.980761
31.075926,-29.670605,11.982027
35.071223,-24.045430,11.987509
38.163572,-17.886158,11.981262
40.087747,-11.275909,11.976458
41.112197,-4.439845,11.980515
40.848064,2.192530,11.984293
39.106614,8.629234,11.980978
36.403218,14.448376,11.977052
32.933065,19.840018,11.981478
28.561124,24.272007,11.982778
23.091689,27.039343,11.986999
17.402598,28.808281,11.994300
12.599481,30.890360,11.990752
7.501395,31.889844,11.981079
2.486462,32.156116,11.974872
-2.253459,32.128784,11.977989
-7.201137,31.458724,11.986336
-11.784728,30.192681,11.983336
-16.371679,28.227938,11.985963
-20.454487,25.792192,11.985878
-24.371437,22.699163,11.975418
-27.839246,19.108357,11.986115
-30.904700,14.875122,11.981974
-33.272004,10.477298,11.977284
-35.119236,5.333578,11.989151
-35.936039,0.166197,11.993906
-35.720902,-5.295530,11.983643
-34.599290,-10.648883,11.987493
-32.455454,-15.940918,11.995519
-29.409877,-20.464228,11.992473
-25.618747,-24.390602,11.987204
-20.987868,-27.652436,8.586647
-16.857231,-31.463671,8.583647
-12.094024,-35.254392,8.584782
-6.545824,-38.282872,8.584747
-0.256594,-40.148463,8.583894
6.286294,-40.642617,8.584649
13.009990,-39.649320,8.580570
19.294424,-37.083708,8.584569
24.951631,-33.309480,8.580657
29.862368,-28.630065,8.583492
34.007397,-23.239096,8.591060
37.276892,-17.289691,8.580959
39.242159,-11.042962,8.588541
40.403022,-4.328118,8.585371
40.270883,2.207411,8.579721
38.642632,8.573722,8.586448
36.040981,14.335672,8.592656
32.644424,19.671153,8.588305
28.392791,24.050959,8.592368
23.200286,27.193857,8.590499
18.020705,29.400957,8.578585
13.106637,31.616840,8.579368
7.900485,32.902867,8.586739
2.753192,33.420337,8.591579
-2.388778,33.472383,8.592201
-7.498476,32.799130,8.588223
-12.225888,31.437354,8.577185
-16.908054,29.289206,8.582579
-21.227536,26.479433,8.588493
-24.945037,23.260024,8.576877
-28.343983,19.388412,8.578816
-31.173745,15.082443,8.581549
-33.380200,10.428776,8.586969
-34.976964,5.281541,8.588355
-35.711061,0.181881,8.579011
-35.399628,-5.427515,8.591855
-34.172600,-10.678369,8.586016
-32.014663,-15.613970,8.581584
-28.930056,-20.021664,8.590517
-25.177389,-23.874499,8.591057
-20.655588,-26.776434,5.191838
-16.322326,-30.182104,5.190895
-11.523811,-33.327305,5.187064
-6.324798,-35.756576,5.186793
-0.336192,-37.360290,5.192159
5.847751,-37.823881,5.191559
12.003007,-37.054383,5.184472
18.051220,-34.884103,5.180678
23.575518,-31.579907,5.180236
28.427872,-27.376612,5.187184
32.732104,-22.281868,5.191065
36.082824,-16.799255,5.178645
38.196806,-10.738251,5.176580
39.487746,-4.180055,5.180574
39.468523,2.226624,5.182516
37.949955,8.488757,5.185239
35.449643,14.160606,5.187740
32.127485,19.402605,5.179145
28.008898,23.714771,5.185996
23.169786,27.216450,5.188624
18.370303,29.924875,5.179823
13.371133,32.245593,5.186088
8.086602,33.778983,5.187936
2.854441,34.549065,5.189997
-2.421597,34.676398,5.192990
-7.662058,34.012571,5.188466
-12.719853,32.490187,5.184501
-17.459384,30.159595,5.181838
-21.602855,27.267985,5.183215
-25.451770,23.652845,5.184805
-28.608420,19.710209,5.176409
-31.317395,15.173548,5.185897
-33.320300,10.294698,5.194570
-34.609848,5.404403,5.187537
-35.305873,0.171610,5.183392
-34.934951,-5.322600,5.186468
-33.653960,-10.456208,5.180512
-31.432828,-15.239772,5.182412
-28.335987,-19.520368,5.193653
-24.492793,-23.468057,5.194795
-20.094996,-25.987413,1.785886
-15.591959,-28.921995,1.786139
-11.003454,-31.266550,1.784667
-5.966617,-33.140288,1.781551
-0.500680,-34.361890,1.782843
5.309818,-34.767144,1.788401
11.104635,-34.160552,1.785528
16.673325,-32.455641,1.785062
22.041658,-29.654052,1.788071
26.978990,-25.800477,1.784933
31.122633,-21.376448,1.780505
34.678599,-16.212666,1.787534
36.970479,-10.383603,1.793661
38.345142,-4.235481,1.789398
38.442541,2.237864,1.781224
37.103377,8.152496,1.776589
34.633915,13.918294,1.776464
31.391518,19.034972,1.785686
27.424158,23.276933,1.793595
23.158495,26.933340,1.791463
18.614018,30.187681,1.786328
13.556942,32.593645,1.789691
8.231140,34.351407,1.781608
2.955062,35.354219,1.780703
-2.422601,35.556650,1.786797
-7.762061,34.913611,1.783720
-12.904051,33.338358,1.789096
-17.692648,30.888758,1.784524
-22.015990,27.688925,1.775930
-25.645653,24.031127,1.777837
-28.826747,19.698288,1.776453
-31.276476,15.157948,1.785239
-32.999314,10.312790,1.789816
-34.105312,5.271573,1.782980
-34.715852,0.158376,1.782609
-34.299555,-5.197591,1.792548
-32.979963,-10.193705,1.788481
-30.713280,-14.804739,1.782031
-27.480099,-19.118287,1.783754
-24.059881,-22.687168,1.785126
-19.475025,-25.120903,-1.610914
-15.078512,-27.490576,-1.608658
-10.401570,-29.279411,-1.606938
-5.582462,-30.603607,-1.612438
-0.651421,-31.444244,-1.616706
4.558292,-31.745980,-1.607418
9.976798,-31.293387,-1.607322
15.450478,-29.877866,-1.617705
20.595046,-27.519508,-1.617313
25.232670,-24.297078,-1.611668
29.483430,-20.228304,-1.609840
33.161567,-15.380063,-1.608433
35.602738,-9.807176,-1.611865
37.053067,-3.868038,-1.611809
37.199403,2.201556,-1.614140
35.972583,7.959651,-1.620667
33.615248,13.574568,-1.623725
30.454435,18.531954,-1.620928
26.670838,22.711080,-1.616886
22.793807,26.558583,-1.612715
18.502874,30.203300,-1.610661
13.603403,32.560943,-1.613573
8.266708,34.492712,-1.611709
2.979923,35.682578,-1.614082
-2.462581,35.949530,-1.616391
-7.864834,35.327006,-1.609857
-13.059336,33.715861,-1.615370
-17.867585,31.171844,-1.617819
-22.166252,27.837528,-1.610966
-25.732364,24.025425,-1.606724
-28.676491,19.717274,-1.611997
-30.996745,15.031679,-1.619389
-32.513750,10.051645,-1.624470
-33.399786,5.118366,-1.618326
-33.939970,0.149378,-1.606447
-33.482797,-5.044359,-1.621977
-32.141943,-9.884120,-1.613759
-29.735444,-14.487698,-1.608615
-26.657745,-18.466367,-1.620232
-23.360374,-21.984542,-1.618176
-18.785081,-24.158767,-5.010443
-14.395396,-26.135167,-5.017381
-9.938245,-27.389684,-5.021650
-5.206431,-28.322143,-5.014614
-0.620024,-28.868952,-5.007857
4.205526,-29.008225,-5.009837
9.018051,-28.615325,-5.008294
14.139790,-27.467858,-5.018142
19.005695,-25.492832,-5.021306
23.624652,-22.592624,-5.013236
27.742365,-18.994014,-5.007266
31.360367,-14.632507,-5.011736
33.986137,-9.375612,-5.019253
35.526401,-3.682029,-5.009253
35.743078,1.970615,-5.011624
34.602309,7.751810,-5.023264
32.359389,13.186277,-5.013356
29.409165,17.785016,-5.009076
25.708226,22.059783,-5.010210
22.198816,26.005017,-5.009982
18.287588,29.764299,-5.011965
13.384436,32.162594,-5.022094
8.268859,34.152117,-5.020867
3.007413,35.500272,-5.019205
-2.458915,35.832394,-5.018698
-7.886012,35.240401,-5.012570
-13.097300,33.609717,-5.021530
-17.895584,30.999766,-5.017981
-21.993861,27.713638,-5.005687
-25.501351,23.807745,-5.005872
-28.339282,19.394296,-5.012858
-30.441050,14.802542,-5.018624
-31.738734,9.948704,-5.021981
-32.478615,4.954368,-5.023390
-32.960618,0.153395,-5.020841
-32.489377,-4.857245,-5.012216
-31.138493,-9.517290,-5.007981
-28.733508,-13.910095,-5.009073
-25.716940,-17.729397,-5.010009
-22.554064,-21.178918,-5.009054
-18.016160,-23.083138,-8.409790
-13.739696,-24.811160,-8.410638
-9.403126,-25.797634,-8.418793
-5.028718,-26.457327,-8.422410
-0.610890,-26.810789,-8.416669
3.818900,-26.798203,-8.410755
8.228224,-26.362705,-8.411458
12.952271,-25.335123,-8.416485
17.470904,-23.614592,-8.412686
21.820134,-21.079000,-8.409863
25.879228,-17.762171,-8.411121
29.477997,-13.684833,-8.409183
32.154647,-8.947156,-8.417077
33.766936,-3.531832,-8.413991
34.016351,2.099588,-8.407722
33.012243,7.455876,-8.413577
30.974785,12.500555,-8.421606
28.023340,17.070951,-8.411245
24.693905,21.097903,-8.416064
21.395432,25.213722,-8.419280
17.650879,29.092446,-8.408227
12.944808,31.402886,-8.411299
8.069599,33.407191,-8.415240
2.862145,34.857067,-8.413236
-2.383073,35.228986,-8.411333
-7.794020,34.677960,-8.415520
-12.985688,33.051296,-8.418551
-17.574342,30.519123,-8.420539
-21.627827,27.195115,-8.418452
-25.057150,23.236045,-8.413897
-27.683990,18.941414,-8.417870
-29.597619,14.488441,-8.419831
-30.747821,9.601925,-8.417937
-31.308315,4.994333,-8.417147
-31.776842,0.185441,-8.418044
-31.299544,-4.618164,-8.415659
-29.955381,-9.078423,-8.414442
-27.579989,-13.249211,-8.418566
-24.640846,-16.885190,-8.421336
-21.623499,-20.233642,-8.416116
-17.156553,-21.873092,-11.809296
-13.090944,-23.531699,-11.816418
-8.964743,-24.488808,-11.820241
-4.798796,-25.114368,-11.818909
-0.778403,-25.373326,-11.818232
3.437764,-25.230370,-11.822181
7.618737,-24.664042,-11.821817
11.903292,-23.610251,-11.812707
16.178028,-21.906291,-11.810986
20.318302,-19.481368,-11.817872
24.038270,-16.459266,-11.820911
27.378837,-12.751550,-11.817365
30.154872,-8.370536,-11.815960
31.790405,-3.257267,-11.810694
32.053427,1.923578,-11.814440
31.123803,7.220685,-11.823453
29.187053,12.025659,-11.819614
26.442742,16.190465,-11.810908
23.355645,20.093513,-11.812841
20.383197,24.150348,-11.812963
16.938196,27.949461,-11.808293
12.300657,30.269862,-11.817800
7.689449,32.256208,-11.822210
2.759419,33.725002,-11.815292
-2.425645,34.141404,-11.812847
-7.581138,33.645109,-11.822959
-12.535050,32.126108,-11.815267
-17.072028,29.621859,-11.813508
-21.049129,26.295951,-11.820221
-24.264745,22.482794,-11.819956
-26.708158,18.358292,-11.818418
-28.520383,13.904558,-11.811665
-29.490011,9.223847,-11.806033
-29.948477,4.635214,-11.812544
-30.362235,0.245167,-11.822963
-29.901969,-4.327641,-11.811212
-28.581626,-8.563725,-11.813556
-26.265781,-12.504293,-11.815556
-23.431191,-15.935134,-11.804868
-20.567085,-19.133458,-11.803667
-16.190138,-20.507918,-15.210854
-12.600387,-22.183517,-15.206703
-8.588634,-23.331893,-15.213244
-4.680954,-24.051028,-15.215115
-0.711357,-24.317297,-15.214545
3.258741,-24.063856,-15.219652
7.169965,-23.337508,-15.212138
11.145660,-22.114080,-15.211082
14.932524,-20.400004,-15.208829
18.782040,-18.017083,-15.213320
22.209718,-15.085036,-15.219823
25.190058,-11.674754,-15.217429
27.972343,-7.650676,-15.221262
29.525392,-3.036204,-15.220838
29.801946,1.859382,-15.219043
29.030328,6.683911,-15.219749
27.242641,11.230316,-15.220669
24.521582,15.283654,-15.221704
21.796008,18.877083,-15.222003
19.124151,22.799877,-15.220971
15.952612,26.446379,-15.220986
11.609495,28.690103,-15.222842
7.289997,30.633220,-15.215875
2.492493,32.134770,-15.212954
-2.395383,32.563466,-15.216473
-7.260098,32.137881,-15.214485
-12.106765,30.665324,-15.214751
-16.377202,28.289565,-15.218197
-20.111891,25.136110,-15.223388
-23.124775,21.524357,-15.223124
-25.485254,17.459313,-15.210077
-27.118073,13.230299,-15.213366
-27.933611,8.796869,-15.220260
-28.292542,4.465597,-15.215882
-28.698017,0.326644,-15.214970
-28.259383,-3.981752,-15.220903
-26.985679,-7.968837,-15.216371
-24.763219,-11.661309,-15.210771
-22.049014,-14.853606,-15.213555
-19.355729,-17.858135,-15.213931
-15.094291,-18.961306,-18.608918
-11.876997,-20.765582,-18.611639
-8.251283,-22.138057,-18.615124
-4.660764,-23.017215,-18.616349
-0.807180,-23.349250,-18.613710
3.046093,-23.010909,-18.609511
6.800579,-22.081255,-18.613991
10.402737,-20.671017,-18.612816
13.802837,-18.836258,-18.614917
17.144217,-16.554031,-18.612271
20.091398,-13.820381,-18.608947
22.770629,-10.567028,-18.615512
25.505319,-6.930067,-18.619803
26.981954,-2.662293,-18.620167
27.229730,1.902387,-18.617205
26.574751,6.224472,-18.617779
24.915664,10.453420,-18.621580
22.452605,14.065444,-18.614857
19.891637,17.595073,-18.609457
17.593883,21.168340,-18.609784
14.674644,24.584239,-18.615089
10.661826,26.723142,-18.621021
6.671046,28.584067,-18.613978
2.225182,30.030913,-18.605829
-2.315961,30.472200,-18.610888
-6.842920,30.108484,-18.621878
-11.362043,28.777236,-18.618179
-15.346240,26.592956,-18.613821
-18.828649,23.670232,-18.613067
-21.733615,20.178891,-18.609377
-23.899223,16.381775,-18.610054
-25.369637,12.430317,-18.617075
-26.062558,8.295300,-18.622326
-26.332658,4.264458,-18.617891
-26.741157,0.249167,-18.610404
-26.342138,-3.589057,-18.616293
-25.061357,-7.442817,-18.613441
-23.028486,-10.704235,-18.613363
-20.468920,-13.632469,-18.621220
-17.970348,-16.407604,-18.616131
-13.947919,-17.086539,-22.012154
-11.062999,-19.098639,-22.015831
-7.909584,-20.683823,-22.019329
-4.405906,-21.795673,-22.022061
-0.900265,-22.165727,-22.019158
2.755913,-21.761091,-22.012982
6.265350,-20.660480,-22.019949
9.434070,-19.116490,-22.015804
12.520356,-17.125587,-22.010967
15.430840,-14.859163,-22.014390
17.935061,-12.191806,-22.014848
20.179705,-9.264899,-22.010498
22.779605,-6.040484,-22.015412
24.063441,-2.295651,-22.014384
24.285157,1.719279,-22.014838
23.703969,5.812243,-22.014813
22.239120,9.517810,-22.012004
19.952075,12.780112,-22.017150
17.768848,15.914476,-22.016109
15.731358,19.204205,-22.012505
13.063415,22.312120,-22.010605
9.579696,24.259153,-22.008475
5.822728,26.054487,-22.012820
1.919593,27.342704,-22.016086
-2.211410,27.796788,-22.013063
-6.491738,27.489472,-22.010230
-10.465882,26.330476,-22.016774
-14.231009,24.266437,-22.021497
-17.391770,21.589337,-22.020646
-19.933886,18.519490,-22.020867
-21.908565,15.060568,-22.021368
-23.273342,11.305959,-22.014055
-23.828071,7.679767,-22.008242
-24.014230,4.004976,-22.009753
-24.413600,0.347528,-22.010792
-24.073915,-3.149914,-22.015472
-22.879891,-6.652314,-22.017764
-21.000332,-9.610875,-22.019069
-18.643238,-12.248534,-22.020265
-16.371672,-14.760167,-22.015752
-12.441216,-15.008073,-25.412702
-10.059217,-16.994326,-25.416003
-7.318971,-18.732274,-25.418244
-4.178505,-19.966460,-25.416323
-0.824579,-20.358793,-25.412262
2.385512,-19.896160,-25.409627
5.537949,-18.686476,-25.412835
8.320279,-17.024497,-25.419134
10.890591,-15.057556,-25.412627
13.324230,-12.901925,-25.415175
15.278419,-10.507730,-25.422140
17.182025,-7.877988,-25.418414
19.581261,-5.131855,-25.412665
20.662738,-1.815838,-25.415250
20.838293,1.594627,-25.416216
20.392223,5.070475,-25.416508
19.110589,8.339007,-25.417577
17.076513,11.201472,-25.412292
15.283760,13.890277,-25.409558
13.498832,16.788023,-25.412773
11.103032,19.498222,-25.414988
8.076468,21.291813,-25.409467
4.910386,22.849570,-25.411775
1.470138,23.998577,-25.413284
-2.163525,24.429756,-25.413146
-5.803739,24.200694,-25.419079
-9.322445,23.234222,-25.416375
-12.660733,21.456122,-25.412034
-15.461326,19.113878,-25.411017
-17.717503,16.421941,-25.409808
-19.472171,13.381280,-25.412160
-20.653628,10.066588,-25.419343
-21.104238,6.862636,-25.417880
-21.222342,3.623955,-25.408718
-21.606619,0.403247,-25.415642
-21.335220,-2.678736,-25.419141
-20.315749,-5.634928,-25.419434
-18.574762,-8.349492,-25.419656
-16.570416,-10.552517,-25.417449
-14.586614,-12.772420,-25.414086
-10.665519,-12.377637,-28.816294
-8.707847,-14.206344,-28.816169
-6.462319,-15.884276,-28.817472
-3.828794,-17.105872,-28.816988
-0.939510,-17.469494,-28.812024
1.922620,-16.947885,-28.810828
4.461968,-15.772696,-28.818299
6.749839,-14.165076,-28.819663
8.839876,-12.311993,-28.810247
10.658827,-10.482889,-28.815847
12.198695,-8.293411,-28.818199
13.729730,-6.227665,-28.810001
15.776596,-4.022881,-28.810890
16.541288,-1.340124,-28.817500
16.672942,1.485891,-28.819806
16.323977,4.368881,-28.818521
15.276881,6.957535,-28.817695
13.628264,9.219118,-28.816650
12.136726,11.578395,-28.813415
10.681361,13.847968,-28.814283
8.691914,15.955519,-28.817663
6.344581,17.481694,-28.816521
3.740392,18.797530,-28.815915
0.989577,19.712146,-28.818057
-2.011229,20.116231,-28.817865
-5.030534,19.987068,-28.811453
-7.955496,19.227030,-28.811448
-10.641271,17.840185,-28.813606
-12.985532,15.930657,-28.814985
-14.880781,13.723027,-28.817574
-16.376334,11.228054,-28.813710
-17.349213,8.599787,-28.809762
-17.722909,5.830769,-28.811810
-17.737187,3.146751,-28.815265
-18.092165,0.594727,-28.811596
-17.939331,-2.066974,-28.814476
-17.080103,-4.515712,-28.816246
-15.700695,-6.672880,-28.813268
-13.956058,-8.569226,-28.814358
-12.352914,-10.441782,-28.815684
-8.230301,-8.816486,-32.216797
-6.796466,-10.194713,-32.215851
-5.192602,-11.534360,-32.214374
-3.236859,-12.599759,-32.213755
-1.084344,-12.840557,-32.216514
1.018235,-12.344595,-32.216860
2.910829,-11.303710,-32.211332
4.505100,-9.969176,-32.212953
5.895042,-8.533518,-32.211782
7.143931,-7.074182,-32.215843
8.094209,-5.493436,-32.215805
9.337733,-4.140643,-32.213670
10.780152,-2.599486,-32.213279
11.161863,-0.604494,-32.212694
11.248923,1.400606,-32.212450
11.011369,3.391428,-32.211872
10.185616,5.197549,-32.214607
9.032778,6.739432,-32.218319
8.064674,8.399869,-32.215052
6.902794,9.912255,-32.216289
5.488800,11.228707,-32.218230
3.905094,12.445840,-32.214034
2.119815,13.339085,-32.213472
0.201637,13.926679,-32.213788
-1.853064,14.239953,-32.213178
-3.933930,14.202643,-32.214103
-6.045394,13.735457,-32.213313
-7.930230,12.854654,-32.210792
-9.590401,11.597298,-32.210831
-10.994556,10.062497,-32.216675
-12.128663,8.317063,-32.217364
-12.880276,6.461418,-32.216448
-13.161664,4.479190,-32.217943
-13.051345,2.559181,-32.214147
-13.273218,0.738082,-32.215553
-13.329617,-1.163623,-32.214579
-12.709139,-2.999726,-32.211531
-11.717849,-4.543065,-32.214999
-10.460809,-5.886114,-32.215425
-9.377860,-7.277895,-32.216001
-1.802269,-0.362499,-35.614875
-13.411633,-20.726968,32.385125
-10.572747,-23.662773,32.385125
-6.948343,-26.067377,32.385125
-2.705484,-27.499607,32.385125
1.767924,-27.791134,32.385125
6.197501,-27.113811,32.385125
10.542698,-25.563329,32.385125
14.534731,-23.250582,32.385125
18.023364,-20.231749,32.385125
20.808950,-16.548482,32.385125
22.608689,-12.300164,32.385125
23.282239,-7.733809,32.385125
22.916757,-3.263287,32.385125
21.710419,0.916682,32.385125
19.874991,4.569360,32.385125
17.606769,7.648508,32.385125
14.968506,10.232116,32.385125
12.162536,12.204223,32.385125
9.177760,13.609633,32.385124
6.242275,14.375081,32.385124
3.348437,14.614121,32.385124
0.716186,14.436851,32.385124
-1.742491,13.952778,32.385124
-3.882035,13.282915,32.385124
-5.826799,12.465734,32.385124
-7.577915,11.546906,32.385124
-9.140278,10.564225,32.385124
-10.624334,9.467022,32.385125
-12.020827,8.260569,32.385125
-13.319611,6.949467,32.385125
-14.589175,5.433807,32.385125
-15.716383,3.809489,32.385125
-16.797974,1.847014,32.385124
-17.641098,-0.229052,32.385124
-18.268697,-2.652798,32.385124
-18.560851,-5.139939,32.385124
-18.508717,-8.038547,32.385125
-18.043265,-11.032697,32.385125
-17.101481,-14.191885,32.385125
-14.762218,-16.272174,29.393136
-12.956987,-19.707770,29.386480
-10.423724,-23.256401,29.382094
-6.942332,-25.935429,29.385265
-2.804428,-27.741528,29.386109
1.782202,-28.480264,29.377652
6.542551,-27.991760,29.380025
10.950809,-26.509523,29.383124
15.214014,-24.061525,29.386798
18.854113,-20.955909,29.390098
21.829096,-17.208246,29.386266
23.955548,-12.920085,29.385478
25.046904,-8.261918,29.392167
24.969938,-3.476144,29.392918
23.832137,0.896595,29.389024
21.747495,4.911864,29.385356
19.068297,8.185411,29.389948
16.128937,10.951105,29.388221
12.811418,12.796734,29.379589
9.133404,13.475817,29.380277
6.149375,14.191124,29.386056
3.261454,14.533964,29.389568
0.616449,14.107657,29.387975
-1.820868,13.036669,29.383425
-3.842825,12.036945,29.379787
-5.633813,11.487674,29.379022
-7.354575,10.834842,29.381959
-8.696481,9.764646,29.387738
-9.913046,8.498991,29.391332
-11.107145,7.253856,29.388912
-12.150210,6.055976,29.382169
-13.131592,4.797055,29.377348
-14.188679,3.268183,29.381352
-15.044227,1.617369,29.386240
-15.690861,-0.126714,29.380000
-16.217330,-2.185618,29.384405
-16.606865,-4.544547,29.394829
-16.811278,-7.058544,29.387237
-16.733495,-9.982586,29.380642
-16.119833,-13.102106,29.393044
-14.102596,-15.237828,26.395180
-12.482076,-18.803068,26.384067
-10.226191,-22.577580,26.380025
-6.894262,-25.503451,26.380738
-2.730736,-27.666373,26.380989
1.835746,-28.723157,26.390958
6.659933,-28.451364,26.390115
11.265256,-26.997536,26.386635
15.581295,-24.549195,26.377421
19.281666,-21.442343,26.378399
22.413235,-17.595689,26.380850
24.732734,-13.203148,26.385529
26.055395,-8.559970,26.389938
26.218661,-3.730373,26.378809
25.148786,0.976106,26.388654
23.022475,5.173070,26.387691
20.124000,8.649632,26.382444
17.152186,11.470149,26.384701
13.556941,13.352603,26.387255
9.387242,13.785966,26.387984
6.411022,14.622944,26.387517
3.506646,15.058160,26.389266
0.708660,14.498142,26.391444
-1.861773,12.995351,26.387028
-3.902304,11.723770,26.381711
-5.585399,11.227829,26.381217
-7.245077,10.734363,26.382251
-8.624959,9.528756,26.381969
-9.686884,8.075411,26.384606
-10.588824,6.901486,26.390239
-11.541576,5.620229,26.388643
-12.365968,4.395139,26.380003
-13.234998,3.040980,26.379735
-14.001484,1.477071,26.390952
-14.556649,-0.175178,26.391379
-14.983911,-2.003039,26.383682
-15.331668,-3.983574,26.382653
-15.622931,-6.377482,26.385453
-15.679594,-9.194175,26.378304
-15.248089,-12.241974,26.393388
-13.476442,-14.436833,23.388385
-12.063559,-17.816610,23.393671
-9.958598,-21.710546,23.389092
-6.764575,-24.824768,23.384653
-2.705352,-27.226185,23.387095
1.833480,-28.523522,23.385819
6.689697,-28.476669,23.390963
11.355298,-27.110268,23.389174
15.609512,-24.765909,23.390500
19.469364,-21.594128,23.384707
22.657107,-17.757072,23.377963
25.075428,-13.382692,23.378379
26.576909,-8.623515,23.381086
26.863400,-3.770147,23.379840
25.897267,0.988550,23.388442
23.855499,5.259902,23.381367
20.931833,8.922341,23.386241
18.021694,11.844366,23.393455
14.373214,13.954092,23.389689
10.054036,14.494770,23.391151
6.956405,15.471009,23.383589
4.054545,16.007713,23.381616
0.963682,15.412472,23.389025
-1.805942,13.682462,23.391487
-3.913859,12.241923,23.386758
-5.718812,11.632306,23.381623
-7.362242,11.060705,23.380424
-8.763578,9.677902,23.387947
-9.718250,8.130992,23.392477
-10.523245,6.871188,23.388124
-11.371178,5.509658,23.381608
-12.085621,4.208658,23.378624
-12.774722,2.892903,23.375621
-13.398733,1.401960,23.387036
-13.863505,-0.149012,23.390412
-14.230229,-1.862901,23.384409
-14.512571,-3.729656,23.389517
-14.768650,-6.007167,23.391410
-14.836402,-8.568515,23.381995
-14.509805,-11.382302,23.382201
-12.933799,-13.663488,20.387825
-11.611181,-16.935542,20.381558
-9.670373,-20.629545,20.383996
-6.610432,-23.891151,20.387149
-2.772759,-26.397490,20.386548
1.732376,-27.881325,20.384991
6.584571,-28.088276,20.387083
11.173596,-26.888800,20.382417
15.485216,-24.628019,20.377768
19.399547,-21.507014,20.389190
22.645618,-17.703531,20.394008
25.086127,-13.483524,20.388467
26.697532,-8.748518,20.388129
27.087707,-3.756281,20.392029
26.198245,1.029981,20.384136
24.251445,5.355032,20.391405
21.543217,9.033758,20.387233
18.572201,12.272836,20.382973
15.153794,14.563001,20.389795
10.901779,15.492376,20.388541
7.681465,16.581120,20.391886
4.523482,17.219094,20.390178
1.280804,16.662334,20.381117
-1.642995,14.953540,20.380411
-3.864897,13.417145,20.385106
-5.881157,12.564599,20.386302
-7.671155,11.674047,20.383737
-8.981933,10.168453,20.379288
-9.954589,8.479944,20.380233
-10.762792,7.062978,20.387096
-11.515269,5.640474,20.387846
-12.121063,4.282867,20.379605
-12.677242,2.900574,20.379006
-13.173664,1.358934,20.380611
-13.510397,-0.090411,20.380736
-13.833113,-1.817057,20.389308
-14.021192,-3.563772,20.384912
-14.159477,-5.586454,20.391156
-14.180405,-8.018849,20.382019
-13.853709,-10.703082,20.385875
-12.466153,-12.859011,17.388452
-11.208696,-16.000052,17.381758
-9.334643,-19.428637,17.387626
-6.474902,-22.690157,17.383416
-2.846245,-25.235223,17.381497
1.500226,-26.803402,17.389406
6.313011,-27.308943,17.385364
10.945909,-26.274277,17.381411
15.193903,-24.194891,17.379605
19.066739,-21.247123,17.379866
22.396542,-17.517288,17.379190
24.914579,-13.348071,17.381301
26.564139,-8.627426,17.387300
26.996340,-3.777545,17.389772
26.190627,1.022844,17.386578
24.371207,5.396446,17.391167
21.834854,9.204277,17.391496
19.120699,12.454692,17.387537
15.906316,15.080341,17.382847
11.985840,16.565004,17.377979
8.529365,17.836730,17.382666
5.255100,18.566664,17.388506
1.731831,18.134995,17.389648
-1.408761,16.582355,17.392425
-3.905338,14.954238,17.392608
-6.089259,13.817446,17.386732
-7.959008,12.542496,17.383548
-9.288132,10.850810,17.387238
-10.316749,9.059930,17.388689
-11.209599,7.387970,17.384599
-11.880681,5.922136,17.383345
-12.437430,4.399266,17.386477
-12.873815,2.975247,17.387396
-13.247254,1.399101,17.386248
-13.470875,-0.069959,17.385988
-13.683307,-1.677765,17.380614
-13.804426,-3.428693,17.382661
-13.801178,-5.455175,17.382478
-13.700968,-7.615130,17.384356
-13.293373,-10.147150,17.392844
-11.983661,-12.228963,14.382149
-10.830317,-15.102275,14.390416
-8.922321,-18.194506,14.390353
-6.310378,-21.303683,14.387282
-2.861269,-23.812488,14.393645
1.217392,-25.331618,14.387405
5.823713,-26.157835,14.381292
10.368619,-25.414227,14.384494
14.694490,-23.540538,14.384633
18.646277,-20.722775,14.391227
21.899620,-17.302934,14.389600
24.497675,-13.202584,14.384613
26.147011,-8.634353,14.382680
26.650956,-3.807012,14.382958
25.945419,0.998218,14.385102
24.277590,5.414374,14.390554
22.023310,9.239857,14.390557
19.395402,12.685466,14.387352
16.382125,15.561784,14.385745
12.898304,17.606189,14.386799
9.404109,19.111970,14.389669
5.869934,19.935602,14.390587
2.215541,19.679604,14.387103
-1.166661,18.370592,14.383832
-3.962470,16.710643,14.383688
-6.366496,15.180010,14.385461
-8.277444,13.510907,14.385214
-9.732860,11.566460,14.382724
-10.835468,9.691554,14.382196
-11.743681,7.885411,14.384681
-12.393049,6.263379,14.388332
-12.903659,4.586418,14.390749
-13.273774,3.009657,14.388194
-13.539950,1.415270,14.386157
-13.677157,-0.059928,14.392122
-13.775180,-1.809494,14.393121
-13.793775,-3.425850,14.385695
-13.663588,-5.307296,14.387296
-13.372567,-7.444687,14.388544
-12.833905,-9.667195,14.376712
-11.545545,-11.606199,11.381618
-10.432040,-14.327924,11.386975
-8.571599,-16.788524,11.389652
-6.084001,-19.806070,11.379967
-2.881699,-22.126587,11.385983
0.933666,-23.539338,11.390970
5.308911,-24.661743,11.386192
9.742035,-24.230511,11.379159
14.021744,-22.679170,11.389160
17.967800,-20.127899,11.381191
21.342231,-16.859706,11.387745
23.905537,-12.927329,11.391764
25.566374,-8.382689,11.384939
26.094909,-3.718794,11.381706
25.517236,0.946363,11.387648
24.078853,5.276228,11.389614
22.059421,9.219299,11.387410
19.607537,12.739084,11.388808
16.813180,15.824512,11.392508
13.727918,18.426596,11.389497
10.305670,20.271623,11.382542
6.517659,21.213421,11.378911
2.615701,21.149665,11.383519
-0.872260,20.174591,11.385641
-4.082601,18.471463,11.383436
-6.547079,16.606140,11.381507
-8.620611,14.506383,11.381763
-10.239839,12.363618,11.384133
-11.413768,10.403798,11.386781
-12.330795,8.461973,11.387753
-12.962100,6.693309,11.385455
-13.434665,4.874478,11.383139
-13.745720,3.158061,11.385890
-13.933431,1.559523,11.388663
-14.034995,-0.181540,11.383509
-14.023210,-1.790317,11.379753
-13.904572,-3.530003,11.386323
-13.654731,-5.389703,11.387867
-13.212493,-7.215230,11.378043
-12.483657,-9.229897,11.388730
-11.156644,-10.955835,8.393662
-10.092630,-13.531553,8.386398
-8.101308,-15.485437,8.389493
-5.877236,-18.172275,8.381917
-2.895832,-20.256116,8.383749
0.536452,-21.442055,8.381650
4.663624,-22.841090,8.380705
8.946337,-22.794414,8.386252
13.288236,-21.569479,8.382477
17.124008,-19.408344,8.381028
20.611405,-16.325364,8.387674
23.107535,-12.547599,8.391983
24.760383,-8.179960,8.388400
25.355716,-3.562709,8.387264
24.912493,0.946211,8.392026
23.654663,5.295965,8.392820
21.913395,9.196363,8.382241
19.630162,12.768422,8.378316
17.021906,15.976516,8.384947
14.319773,18.981482,8.386415
10.948814,21.267121,8.387816
6.921514,22.307743,8.388549
3.060275,22.450562,8.380020
-0.759929,21.774667,8.380160
-4.110405,20.177437,8.389278
-6.819932,17.809603,8.393601
-9.006716,15.445765,8.385730
-10.663151,13.369824,8.377942
-11.972058,11.211041,8.381848
-12.941065,9.012108,8.389166
-13.584024,6.977592,8.388972
-13.982423,5.157297,8.384580
-14.235882,3.313649,8.379960
-14.372614,1.587776,8.379815
-14.438809,-0.145546,8.386642
-14.348365,-1.870258,8.391541
-14.071174,-3.578249,8.388618
-13.714725,-5.406123,8.386074
-13.106847,-7.166998,8.377784
-12.145027,-8.914114,8.386260
-10.772692,-10.373074,5.384633
-9.738222,-12.787409,5.391001
-7.767611,-14.052531,5.379932
-5.678287,-16.467011,5.392836
-3.031936,-18.247405,5.387176
0.140947,-19.199528,5.391113
3.899451,-20.720004,5.386041
8.106548,-21.068054,5.383220
12.223491,-20.312886,5.392121
16.175396,-18.483638,5.390159
19.629123,-15.679015,5.389160
22.113267,-11.949248,5.381500
23.728061,-7.917344,5.387807
24.417266,-3.507104,5.385522
24.133098,0.955087,5.380004
23.116704,5.174164,5.384355
21.604738,9.117848,5.390124
19.500466,12.723261,5.386501
17.048082,15.980087,5.377975
14.571528,19.318932,5.382800
11.408271,21.949442,5.387632
7.324146,23.098690,5.381851
3.268040,23.443448,5.383054
-0.573826,23.126568,5.385866
-4.143216,21.614282,5.388816
-7.007317,18.868514,5.392007
-9.283199,16.444161,5.390340
-11.212279,14.145478,5.385924
-12.540980,11.881838,5.383078
-13.494066,9.558223,5.386021
-14.109965,7.405886,5.392893
-14.485206,5.341610,5.392760
-14.673884,3.385085,5.382927
-14.766179,1.674960,5.377574
-14.811654,-0.174466,5.384111
-14.644812,-1.866869,5.392066
-14.189189,-3.648982,5.390275
-13.724621,-5.427616,5.382313
-12.974550,-7.106359,5.385351
-11.809735,-8.529553,5.383831
-10.398219,-9.825186,2.398000
-9.332061,-11.993025,2.391800
-7.340700,-12.782895,2.382597
-5.452008,-14.778553,2.387387
-3.129679,-16.239793,2.385850
-0.355476,-16.885003,2.389161
3.082247,-18.301335,2.389240
6.878268,-18.987581,2.386033
10.956410,-18.688841,2.388987
14.971162,-17.267864,2.386014
18.337551,-14.749394,2.379949
20.704714,-11.358763,2.385213
22.411566,-7.480468,2.380458
23.218913,-3.323283,2.378918
23.147130,0.915434,2.384259
22.396232,4.957771,2.389432
21.135010,8.894116,2.386502
19.187664,12.619112,2.381895
16.878857,15.853576,2.383147
14.548586,19.361990,2.388453
11.581990,22.243176,2.386903
7.505499,23.503389,2.378974
3.438335,24.035221,2.390481
-0.478825,24.037809,2.387570
-4.198854,22.607109,2.379601
-7.158868,19.670172,2.387279
-9.647997,17.201767,2.391485
-11.566950,15.001172,2.391450
-13.022183,12.426696,2.388682
-13.944641,10.008940,2.382081
-14.545603,7.643832,2.376577
-14.846165,5.492569,2.380609
-14.968860,3.574027,2.388614
-15.045723,1.636343,2.389844
-15.033223,-0.169893,2.384663
-14.716190,-1.925129,2.387554
-14.149973,-3.631992,2.389669
-13.589165,-5.340050,2.379688
-12.696461,-6.894700,2.386809
-11.336811,-8.074526,2.384642
-9.983500,-9.341865,-0.620714
-8.855187,-10.985538,-0.619960
-7.003876,-11.575351,-0.621694
-5.241461,-13.160354,-0.616685
-3.123304,-14.330025,-0.612339
-0.690668,-14.786108,-0.611293
2.140494,-15.600455,-0.610698
5.504109,-16.335805,-0.616059
9.299336,-16.410738,-0.614770
13.028074,-15.524229,-0.618480
16.344301,-13.479251,-0.619868
18.720288,-10.459914,-0.617091
20.537239,-6.967991,-0.616012
21.591708,-3.055435,-0.610644
21.808605,0.878731,-0.610701
21.355346,4.786035,-0.618803
20.386447,8.629003,-0.616738
18.747453,12.315111,-0.608828
16.547026,15.552186,-0.608296
14.281289,19.035259,-0.610988
11.485510,22.031228,-0.613408
7.523206,23.409441,-0.613418
3.533221,24.105125,-0.608976
-0.344208,24.370276,-0.607874
-4.165038,23.094183,-0.609266
-7.267687,20.169162,-0.612022
-9.857295,17.861612,-0.619335
-11.925802,15.477409,-0.622808
-13.316074,12.851971,-0.620547
-14.217785,10.285281,-0.617233
-14.730355,7.887281,-0.615780
-14.952916,5.571003,-0.616663
-15.025854,3.599168,-0.616055
-15.043954,1.618907,-0.612325
-14.859694,-0.209399,-0.611808
-14.387370,-1.861442,-0.617622
-13.803734,-3.475470,-0.616290
-13.146538,-5.082022,-0.615539
-12.044550,-6.369042,-0.614515
-10.776862,-7.523906,-0.616480
-9.508485,-8.586671,-3.619964
-8.223904,-9.786746,-3.614332
-6.677043,-10.527092,-3.610230
-5.106841,-11.668680,-3.618801
-3.215837,-12.485389,-3.618302
-1.097825,-12.949246,-3.611524
1.185008,-12.982274,-3.610749
3.689804,-13.163392,-3.613725
6.771038,-13.216334,-3.619035
10.045090,-12.715056,-3.612302
13.290148,-11.310942,-3.618153
15.765322,-8.940166,-3.613376
17.686649,-6.082263,-3.610258
19.103759,-2.721350,-3.610002
19.790235,0.761343,-3.610027
19.828754,4.527333,-3.614258
19.253523,8.275492,-3.615493
17.985651,11.946179,-3.611903
15.937566,15.210116,-3.612746
13.769633,18.381737,-3.617306
11.011012,21.357890,-3.617798
7.270547,22.793452,-3.610796
3.367759,23.626020,-3.615856
-0.452382,24.057159,-3.613783
-4.155037,22.980934,-3.609147
-7.302157,20.381930,-3.611208
-9.987149,18.236779,-3.610065
-12.024140,15.811154,-3.615377
-13.406216,13.022440,-3.622587
-14.232601,10.287238,-3.622575
-14.593750,7.691436,-3.615161
-14.660832,5.404239,-3.610491
-14.600353,3.461800,-3.614176
-14.395692,1.531871,-3.616903
-14.049623,-0.149341,-3.612423
-13.571173,-1.671573,-3.610589
-12.948371,-3.142505,-3.616048
-12.134772,-4.525217,-3.618646
-10.995652,-5.626356,-3.612919
-10.321327,-7.001318,-3.618317
-8.805397,-7.492128,-6.624084
-7.663134,-8.549867,-6.614623
-6.381015,-9.603337,-6.610359
-4.869005,-10.454284,-6.621584
-3.248182,-10.797598,-6.614874
-1.360477,-11.394898,-6.609080
0.402218,-11.006943,-6.608105
2.182837,-10.368428,-6.613722
4.171784,-9.868688,-6.616712
6.340184,-9.183914,-6.612110
8.700024,-8.157312,-6.614536
10.917526,-6.644589,-6.614592
13.066110,-4.710759,-6.612639
14.919858,-2.239579,-6.613665
16.370245,0.735881,-6.614541
17.306848,4.113250,-6.612586
17.513083,7.618378,-6.612081
16.839576,11.289315,-6.616681
15.168178,14.573374,-6.616817
12.944873,17.602830,-6.611636
10.241791,20.255782,-6.609030
6.707468,21.715926,-6.612631
3.114504,22.623552,-6.617433
-0.515321,23.155394,-6.619006
-4.143157,22.350861,-6.615301
-7.296595,20.272286,-6.613315
-9.957879,18.328055,-6.617305
-11.993188,15.743713,-6.613369
-13.289800,12.800844,-6.611624
-13.853730,9.973611,-6.613081
-13.849243,7.187002,-6.612851
-13.596077,4.934152,-6.613186
-13.395428,3.079858,-6.617582
-13.147606,1.447827,-6.620499
-12.660483,-0.121016,-6.615588
-12.063130,-1.438937,-6.611512
-11.443353,-2.627543,-6.611837
-10.864007,-3.832392,-6.609503
-10.446037,-5.107293,-6.615817
-9.746547,-6.370446,-6.622767
-8.046994,-6.370137,-9.617147
-7.167086,-7.550774,-9.616758
-6.130233,-8.769424,-9.611491
-4.810733,-9.412257,-9.609297
-3.234986,-9.365412,-9.618998
-1.635420,-9.970791,-9.613729
-0.038645,-9.646731,-9.612342
1.243349,-8.495135,-9.618949
2.450724,-7.633059,-9.619959
3.769175,-6.674170,-9.616115
4.971815,-5.644822,-9.612202
6.280390,-4.455903,-9.612653
7.433661,-3.022504,-9.613841
8.506218,-1.400442,-9.613001
10.475575,0.551367,-9.614821
12.306366,3.107356,-9.617284
14.209264,6.495510,-9.615476
15.004837,10.278936,-9.613572
14.049937,13.664780,-9.619841
11.962690,16.502294,-9.609702
9.158440,18.763368,-9.608588
5.943918,20.194776,-9.613685
2.664452,21.156002,-9.621251
-0.744840,21.701608,-9.614014
-4.098297,21.260175,-9.611488
-7.232988,19.805740,-9.615733
-9.862364,17.939598,-9.608786
-11.756968,15.306804,-9.615441
-12.775425,12.142897,-9.614459
-12.439985,8.561934,-9.616994
-12.208858,6.076559,-9.618948
-12.085801,4.234301,-9.617454
-11.598271,2.549213,-9.617859
-11.271075,1.199600,-9.616414
-11.041523,-0.071260,-9.614047
-10.851626,-1.164411,-9.612537
-10.685255,-2.376988,-9.611717
-10.403857,-3.538135,-9.611985
-9.747964,-4.611686,-9.613620
-8.908387,-5.494032,-9.615646
-7.395434,-5.549020,-12.619819
-6.826609,-6.745634,-12.621009
-5.936786,-8.019319,-12.615713
-4.649305,-8.585605,-12.609880
-3.327617,-8.263523,-12.613666
-1.901409,-8.674236,-12.612234
-0.347279,-8.692405,-12.612052
0.638597,-7.403496,-12.618813
1.484715,-6.309524,-12.619951
2.366309,-5.359953,-12.616350
3.135727,-4.435552,-12.613435
3.899486,-3.333797,-12.612637
4.649628,-2.202939,-12.612681
5.396826,-0.993924,-12.613178
5.957013,0.400116,-12.615855
6.530903,2.057782,-12.617856
8.399610,4.403211,-12.612433
11.175539,8.171378,-12.611887
12.351133,12.376831,-12.613833
10.650196,15.210662,-12.619368
7.883813,16.800352,-12.613599
5.057676,18.226929,-12.613214
2.052823,19.249131,-12.610086
-1.000311,19.700895,-12.611384
-4.101295,19.664161,-12.613752
-7.006198,18.929545,-12.614099
-9.569216,17.063268,-12.617544
-11.271098,14.381892,-12.611154
-10.893652,9.753970,-12.613938
-11.087076,7.319985,-12.617900
-10.893165,5.241957,-12.611596
-10.895601,3.654960,-12.613786
-10.825107,2.335158,-12.614734
-10.709300,1.090408,-12.613894
-10.632745,-0.021064,-12.612538
-10.551204,-1.142787,-12.611264
-10.288175,-2.265755,-12.610767
-9.675996,-3.205426,-12.611921
-8.870438,-3.954522,-12.614271
-8.103425,-4.639305,-12.616918
-7.014680,-4.902767,-15.613308
-6.538146,-6.240904,-15.609239
-5.770544,-7.424508,-15.611562
-4.544019,-7.945593,-15.618040
-3.313843,-7.468012,-15.617873
-2.018906,-7.762417,-15.616242
-0.649827,-7.993257,-15.615463
0.194778,-6.704916,-15.614225
0.857892,-5.529176,-15.613813
1.507865,-4.600467,-15.614264
2.156702,-3.693202,-15.615172
2.701657,-2.751415,-15.615893
3.177302,-1.805135,-15.616003
3.687780,-0.786723,-15.615070
4.231884,0.359702,-15.613036
4.637270,1.719074,-15.611459
5.170161,3.258021,-15.614658
6.753176,5.791693,-15.617819
9.877352,10.478803,-15.617937
9.061452,13.522086,-15.611249
6.253026,14.439492,-15.611904
3.900114,15.881395,-15.619358
1.382037,16.848934,-15.611213
-1.350179,17.166647,-15.609241
-4.042812,17.527159,-15.611287
-6.730043,17.406317,-15.607478
-9.051394,15.602119,-15.616472
-10.236403,12.481216,-15.618252
-10.477858,9.225434,-15.615758
-10.623792,6.913826,-15.615489
-10.692088,5.050501,-15.613106
-10.615648,3.507664,-15.615035
-10.501239,2.246143,-15.617548
-10.423420,1.096145,-15.617959
-10.364920,0.000091,-15.616001
-10.179754,-1.115659,-15.613232
-9.750486,-2.017367,-15.612032
-8.961806,-2.799582,-15.613293
-8.173840,-3.419885,-15.614966
-7.522024,-4.036554,-15.615461
-6.749876,-4.536510,-18.611990
-6.360368,-5.778762,-18.609509
-5.640789,-7.019492,-18.611160
-4.510990,-7.514678,-18.614478
-3.326643,-6.968243,-18.610967
-2.136509,-7.317791,-18.614751
-0.855590,-7.287749,-18.622902
-0.172182,-6.001654,-18.620867
0.407127,-4.921925,-18.616824
0.961861,-4.072987,-18.613127
1.461503,-3.243493,-18.612319
1.873461,-2.368418,-18.614631
2.242389,-1.515164,-18.616500
2.650083,-0.620054,-18.615555
3.055439,0.333478,-18.614369
3.436250,1.441936,-18.616697
4.161107,2.894937,-18.610933
5.146220,4.874677,-18.615185
7.286663,8.474441,-18.613274
6.917196,11.243492,-18.614896
4.373564,11.679592,-18.608068
2.603546,13.097288,-18.610030
0.537690,13.923415,-18.617203
-1.741807,14.097123,-18.621642
-3.960492,14.672311,-18.618522
-6.321124,15.031640,-18.617072
-8.240574,13.455743,-18.613966
-9.229970,10.624271,-18.618267
-9.942118,8.533123,-18.613098
-10.408204,6.641497,-18.613680
-10.480708,4.945880,-18.616339
-10.365576,3.398918,-18.618645
-10.202126,2.120268,-18.617270
-10.065703,1.005964,-18.614813
-9.961534,-0.009412,-18.612506
-9.780446,-0.992741,-18.610725
-9.362146,-1.910997,-18.610086
-8.623993,-2.632118,-18.611126
-7.862894,-3.188522,-18.612482
-7.227117,-3.743917,-18.613087
-6.577371,-4.283186,-21.618282
-6.164417,-5.355385,-21.620614
-5.558416,-6.682474,-21.618813
-4.481871,-7.193439,-21.614849
-3.349524,-6.635592,-21.614294
-2.094213,-7.428535,-21.614876
-1.177313,-6.494121,-21.613809
-0.564227,-5.293641,-21.612484
-0.004948,-4.403509,-21.611019
0.419845,-3.586906,-21.609635
0.755767,-2.776968,-21.609850
1.086254,-2.026741,-21.613138
1.456041,-1.308952,-21.615963
1.919824,-0.516614,-21.612896
2.358851,0.350316,-21.613878
2.804625,1.336221,-21.619551
3.299449,2.588396,-21.619090
4.089903,4.325823,-21.612725
5.008726,6.743300,-21.618822
3.723687,7.840008,-21.611268
2.282098,8.616547,-21.616558
1.010858,9.785202,-21.619495
-0.505928,10.367553,-21.618227
-2.196970,10.463313,-21.614194
-3.851478,10.960952,-21.612461
-5.679512,11.719392,-21.616522
-7.208248,10.452735,-21.613965
-8.065089,8.513863,-21.614659
-8.754942,6.995610,-21.613399
-9.453204,5.787313,-21.618366
-9.860977,4.486294,-21.614990
-10.092162,3.273599,-21.619904
-9.983252,2.087919,-21.617351
-9.755978,0.974979,-21.614680
-9.536663,-0.021906,-21.614062
-9.335154,-0.937044,-21.612962
-9.098510,-1.795473,-21.611086
-8.641008,-2.638946,-21.610035
-7.932262,-3.230992,-21.611769
-7.180018,-3.712838,-21.615016
-6.577346,-4.300891,-24.612927
-5.873900,-4.789249,-24.614107
-5.385282,-6.120489,-24.614854
-4.416864,-6.693086,-24.612568
-3.346556,-6.326366,-24.616531
-2.283923,-6.545957,-24.612992
-1.561276,-5.325508,-24.615946
-1.059721,-4.355638,-24.614118
-0.668127,-3.570590,-24.612976
-0.175491,-3.008869,-24.612503
0.349045,-2.480866,-24.611570
0.636661,-1.790429,-24.612255
0.927001,-1.143824,-24.616904
1.103295,-0.425615,-24.614376
1.265444,0.316803,-24.613291
1.521212,1.097674,-24.618457
1.807105,2.053493,-24.617378
2.230196,3.296192,-24.615516
1.197971,3.794951,-24.616576
0.450495,4.366200,-24.613623
-0.148431,5.072420,-24.612147
-0.940756,5.642463,-24.614299
-1.838453,5.908719,-24.617399
-2.789665,5.963967,-24.617986
-3.709244,6.174231,-24.616149
-4.813563,6.975562,-24.612312
-5.819782,6.547470,-24.612652
-6.496454,5.599576,-24.613613
-6.860724,4.471235,-24.616891
-7.138302,3.571749,-24.618439
-7.565489,2.949287,-24.616804
-8.100333,2.348307,-24.615924
-8.533069,1.624177,-24.615714
-8.714776,0.854526,-24.614824
-8.960038,0.009921,-24.612375
-8.937850,-0.827849,-24.612414
-8.644743,-1.660083,-24.613614
-8.345316,-2.468597,-24.612291
-7.967131,-3.254000,-24.611458
-7.388745,-3.901225,-24.612047
-4.014810,-4.324817,-27.614875
