27.360325,26.768495,28.575055
22.146025,30.548932,28.575055
16.390989,32.981813,28.575055
10.404193,33.879644,28.575054
4.391041,33.219789,28.575055
-0.995402,31.476202,28.575055
-5.863189,29.001655,28.575055
-9.733480,26.368932,28.575055
-13.139926,23.451461,28.575055
-16.074725,20.322701,28.575055
-18.432819,17.216750,28.575055
-20.277840,14.230949,28.575055
-21.837820,11.086908,28.575055
-23.089824,7.808249,28.575055
-23.967164,4.611710,28.575055
-24.546842,1.150166,28.575055
-24.737746,-2.159219,28.575055
-24.531931,-5.663279,28.575055
-23.826139,-9.300468,28.575055
-22.670376,-12.615784,28.575055
-20.821299,-16.050568,28.575055
-18.539559,-18.971674,28.575055
-15.672102,-21.616283,28.575055
-12.269792,-23.897457,28.575055
-8.578666,-25.673137,28.575055
-4.497824,-26.998519,28.575055
-0.279258,-27.786026,28.575055
4.394203,-28.043476,28.575055
9.064121,-27.715519,28.575055
14.041030,-26.744707,28.575055
19.214562,-24.994987,28.575055
24.234533,-22.378600,28.575055
28.819184,-18.740296,28.575055
32.663043,-14.065925,28.575055
35.516633,-8.509561,28.575055
37.182927,-2.489739,28.575055
37.661129,3.927438,28.575055
36.860155,10.339668,28.575056
34.874190,16.327450,28.575056
31.946967,22.151708,25.574978
27.599948,26.878402,25.575067
22.396263,30.610539,25.572602
16.757600,33.260652,25.570869
10.709741,34.653985,25.575074
4.717096,34.264857,25.579942
-0.925412,32.775345,25.576826
-5.962210,30.351100,25.571502
-10.073550,27.476309,25.574113
-13.588129,24.501308,25.580521
-16.562883,21.244802,25.577286
-18.819609,17.703665,25.579152
-20.723668,14.404421,25.575174
-22.355213,11.194572,25.570182
-23.442742,7.966480,25.574471
-24.156721,4.637817,25.579181
-24.667315,1.272322,25.576034
-24.923464,-2.324188,25.572457
-24.760132,-5.721967,25.575713
-24.167510,-9.283874,25.577783
-23.044348,-12.911420,25.575251
-21.299020,-16.524655,25.577150
-19.139712,-19.906913,25.580777
-16.233860,-22.634670,25.576819
-12.811175,-25.126463,25.571685
-8.996826,-27.286336,25.575175
-4.629272,-28.787994,25.582045
0.056235,-29.878470,25.575635
4.847309,-30.163232,25.571690
10.032960,-29.645556,25.572109
15.126850,-28.525960,25.571269
20.560178,-26.459364,25.571048
25.121202,-23.230302,25.577713
29.535369,-19.096140,25.576487
33.370840,-14.248614,25.571970
35.995187,-8.601450,25.575005
37.539229,-2.579965,25.570663
38.010200,3.805891,25.570788
37.220341,10.399340,25.574825
35.182642,16.556865,25.575492
32.151838,22.284249,22.584411
27.638037,27.057549,22.570179
22.447208,30.702394,22.572276
16.718089,33.510192,22.579148
10.798932,35.132035,22.568061
4.864601,34.951372,22.567060
-0.979424,33.673738,22.576745
-5.989793,31.400476,22.580784
-10.384847,28.359389,22.574244
-14.024325,25.369856,22.568784
-17.069312,22.035409,22.572007
-19.255862,18.339554,22.569691
-21.160495,14.940362,22.566517
-22.864154,11.674381,22.573426
-23.973412,8.154524,22.581489
-24.583041,4.725166,22.577150
-25.051721,1.274439,22.581419
-25.317847,-2.200407,22.583665
-25.166238,-5.880364,22.575778
-24.592455,-9.532510,22.568145
-23.500174,-13.256998,22.573327
-21.890062,-16.810147,22.581208
-19.778337,-20.577695,22.569844
-16.702422,-23.533912,22.576381
-13.236478,-26.153161,22.581262
-9.247855,-28.594676,22.575771
-4.787087,-30.170207,22.577162
0.183484,-31.442178,22.577537
5.283597,-31.747064,22.577551
10.581349,-31.124328,22.575957
15.977558,-29.846005,22.572249
21.487865,-27.594179,22.571427
26.020029,-23.804430,22.577683
30.160837,-19.471737,22.574877
33.876717,-14.622167,22.571949
36.434087,-8.783767,22.579297
37.920877,-2.599123,22.570994
38.345903,3.935403,22.566575
37.528153,10.475932,22.574214
35.492977,16.578492,22.583787
32.263432,22.357445,19.569439
27.768886,27.028447,19.566200
22.462473,30.710970,19.572542
16.840280,33.528104,19.581603
11.065676,35.313020,19.581635
4.814134,35.332311,19.578258
-0.979845,34.288411,19.570949
-6.129928,32.098767,19.570418
-10.483770,29.184498,19.576033
-14.416381,26.088323,19.576928
-17.551881,22.721964,19.572132
-19.761481,18.948437,19.567514
-21.802051,15.303601,19.573012
-23.527589,11.972218,19.578258
-24.611461,8.372724,19.573845
-25.169559,4.869162,19.570608
-25.628256,1.141830,19.576094
-25.872280,-2.399601,19.569883
-25.708072,-5.937983,19.575169
-25.086299,-9.864048,19.583573
-23.980497,-13.657830,19.579674
-22.369908,-17.290875,19.576695
-20.296606,-21.174375,19.569453
-17.208174,-24.219807,19.575491
-13.529755,-27.047847,19.578377
-9.503965,-29.585476,19.575563
-4.765254,-31.270495,19.578647
0.290651,-32.598388,19.570887
5.691102,-32.895899,19.571147
11.079120,-32.186176,19.573258
16.758777,-30.742639,19.573678
22.131994,-28.412561,19.580783
26.608967,-24.402126,19.574199
30.680258,-19.850751,19.573794
34.372112,-14.842373,19.578466
36.878094,-8.854162,19.572497
38.300951,-2.534258,19.571494
38.652916,3.917175,19.572719
37.764431,10.571712,19.572973
35.623531,16.765427,19.572043
32.266342,22.361621,16.568125
27.659454,27.047552,16.567952
22.427224,30.624131,16.574116
16.728313,33.477037,16.577810
10.887599,35.322116,16.570960
4.972570,35.494784,16.569452
-0.934982,34.643570,16.577827
-6.216110,32.573389,16.577533
-10.701789,29.726045,16.575078
-14.597252,26.815833,16.582467
-17.991932,23.316754,16.581564
-20.286212,19.523367,16.580282
-22.382626,15.841786,16.571848
-24.217865,12.271939,16.573701
-25.294810,8.615402,16.582050
-25.874600,4.851420,16.574383
-26.284471,1.278981,16.579326
-26.505811,-2.313275,16.576988
-26.306138,-6.110696,16.576512
-25.647268,-10.086005,16.579439
-24.516193,-13.930824,16.577103
-22.792948,-17.805480,16.573799
-20.680883,-21.735233,16.571686
-17.562496,-24.838202,16.568488
-13.838496,-27.712072,16.569160
-9.570962,-30.385215,16.574274
-4.760296,-32.077693,16.577898
0.372259,-33.399585,16.580840
5.848443,-33.678061,16.579325
11.308379,-32.928152,16.572772
17.049209,-31.409197,16.570375
22.653630,-28.879503,16.578999
27.144051,-24.753708,16.575191
31.193527,-20.074800,16.570579
34.831069,-14.917115,16.570079
37.232501,-9.019333,16.570869
38.620864,-2.599774,16.580699
38.903422,3.945406,16.579850
37.961226,10.470304,16.571855
35.732059,16.727741,16.568756
32.146865,22.288664,13.583100
27.449127,26.969131,13.570189
22.137540,30.536057,13.572925
16.561645,33.281041,13.582010
10.870888,35.091617,13.576249
4.906928,35.417327,13.573246
-0.860915,34.761450,13.573485
-6.068620,32.942118,13.569568
-10.873756,30.115654,13.573102
-14.879072,27.279402,13.583026
-18.247745,23.991232,13.571110
-20.802776,20.061888,13.576250
-22.959742,16.367280,13.577467
-24.811743,12.764423,13.574880
-25.984199,8.876916,13.576985
-26.591416,5.081318,13.569433
-27.009282,1.261096,13.569041
-27.178447,-2.580652,13.578379
-26.906642,-6.410251,13.574868
-26.230369,-10.202413,13.571175
-24.988418,-14.277453,13.578583
-23.214761,-18.171171,13.578028
-21.035422,-22.110233,13.570803
-17.740738,-25.402667,13.569862
-13.976745,-28.288669,13.578084
-9.631684,-30.933403,13.580307
-4.977493,-32.559402,13.570849
0.423606,-33.896005,13.574518
5.954284,-34.137160,13.580112
11.670945,-33.312818,13.577027
17.238525,-31.769792,13.571070
22.866879,-29.156858,13.572614
27.450787,-25.039829,13.576887
31.517510,-20.308384,13.574241
35.119437,-15.045519,13.571488
37.529125,-9.091169,13.575219
38.882924,-2.602244,13.570371
39.070932,4.008821,13.566952
37.995758,10.574495,13.572371
35.716826,16.647422,13.581541
31.886483,22.127291,10.580394
27.288296,26.647595,10.582494
21.945246,30.226949,10.582101
16.526954,32.858502,10.578782
10.802440,34.670426,10.571476
4.818446,35.138129,10.570360
-0.770893,34.655137,10.578026
-6.070611,33.010197,10.577210
-10.814392,30.464649,10.568821
-15.100552,27.616423,10.570058
-18.566359,24.400272,10.576356
-21.279162,20.548832,10.581799
-23.499741,16.866731,10.583091
-25.433930,13.043675,10.583007
-26.634109,9.144474,10.577948
-27.291558,5.338694,10.567233
-27.721481,1.285425,10.568871
-27.834218,-2.576396,10.574117
-27.517412,-6.421987,10.569991
-26.744594,-10.431333,10.568783
-25.437814,-14.510148,10.576540
-23.611411,-18.398981,10.576276
-21.220346,-22.484570,10.572072
-17.894491,-25.791793,10.567571
-14.100831,-28.663849,10.571056
-9.879193,-31.163540,10.579382
-4.793767,-32.916443,10.581229
0.444599,-34.111894,10.577708
6.006754,-34.305052,10.575264
11.538331,-33.505100,10.570421
17.323704,-31.856941,10.567982
22.945968,-29.169431,10.579632
27.642174,-25.118645,10.583691
31.746837,-20.395329,10.578826
35.308303,-15.056679,10.571756
37.736050,-9.080897,10.570791
39.050034,-2.552252,10.580131
39.121165,4.094706,10.575156
37.949740,10.455401,10.567205
35.457258,16.706457,10.572279
31.464654,21.865333,7.569181
26.819703,26.335397,7.570811
21.644756,29.788551,7.577677
16.213909,32.381034,7.581626
10.463636,34.118171,7.574734
4.698373,34.668410,7.568186
-0.890366,34.302548,7.569204
-6.242943,32.803415,7.574617
-10.887681,30.543722,7.579347
-15.079537,27.943353,7.581373
-18.810423,24.704341,7.578718
-21.691376,20.973271,7.575798
-24.079444,17.142274,7.581668
-25.976273,13.298596,7.580222
-27.207133,9.409248,7.573795
-27.952482,5.400931,7.577921
-28.371633,1.345947,7.569844
-28.426628,-2.516905,7.578588
-28.033343,-6.572621,7.582457
-27.141439,-10.775023,7.573390
-25.831911,-14.630782,7.567398
-23.857016,-18.685025,7.568342
-21.472906,-22.521414,7.577896
-18.174648,-25.867742,7.574188
-14.198325,-28.839604,7.572864
-9.722276,-31.343595,7.581960
-4.827053,-32.980872,7.581398
0.433160,-34.069271,7.570286
6.001776,-34.205916,7.571662
11.530978,-33.395879,7.576486
17.298546,-31.695110,7.573880
22.707847,-29.062975,7.572471
27.540051,-25.158372,7.569905
31.705779,-20.505680,7.570336
35.262994,-15.149784,7.574370
37.815746,-8.998043,7.577761
39.065008,-2.674171,7.578424
39.042066,3.975430,7.574570
37.676213,10.516248,7.570079
35.125033,16.505590,7.568740
30.864766,21.493013,4.577303
26.364365,25.755728,4.571313
21.220865,29.209695,4.573715
15.809522,31.757434,4.576416
10.269045,33.359271,4.571888
4.541775,34.018508,4.576151
-1.014820,33.757259,4.578884
-6.191865,32.496123,4.581422
-10.906769,30.463557,4.579702
-15.152616,27.998210,4.570848
-18.962485,24.893923,4.571746
-22.004912,21.319012,4.580770
-24.445314,17.550722,4.582030
-26.323483,13.718690,4.575864
-27.661471,9.661773,4.574461
-28.502974,5.475242,4.578853
-28.908607,1.438768,4.576354
-28.900889,-2.618323,4.579749
-28.445780,-6.648845,4.581239
-27.494016,-10.813926,4.574174
-26.052760,-14.831260,4.566770
-24.021004,-18.830819,4.569201
-21.392969,-22.730583,4.577992
-18.067281,-26.034756,4.571680
-14.261546,-28.816033,4.569155
-9.746320,-31.218320,4.575741
-4.870584,-32.817550,4.574175
0.384588,-33.781920,4.570209
5.931596,-33.858796,4.570080
11.430636,-33.046968,4.574029
16.952881,-31.382993,4.578337
22.506902,-28.635597,4.579170
27.262035,-25.010084,4.577321
31.619297,-20.304456,4.579898
35.147743,-14.953943,4.580778
37.661533,-9.056740,4.572749
38.923616,-2.550019,4.568461
38.748041,4.065530,4.574084
37.264937,10.327425,4.580979
34.599044,16.227208,4.581638
30.057415,20.992385,1.573386
25.566646,25.164042,1.575660
20.657817,28.480596,1.573206
15.303709,30.983734,1.574100
9.796022,32.486294,1.579320
4.345705,33.187813,1.571106
-0.935629,33.041551,1.568183
-6.111615,31.993364,1.576060
-10.863129,30.212874,1.581124
-15.135218,27.897771,1.574528
-19.001294,24.952320,1.567808
-22.189274,21.567827,1.570113
-24.776887,17.707593,1.569723
-26.600259,13.894596,1.572387
-28.012413,9.689101,1.580232
-28.890716,5.556374,1.579266
-29.283381,1.561492,1.579532
-29.215025,-2.662605,1.577388
-28.671385,-6.853078,1.577764
-27.650409,-10.952581,1.573022
-26.151506,-14.903552,1.569110
-24.081499,-18.827960,1.577592
-21.358004,-22.596022,1.571719
-18.060466,-25.872015,1.572462
-14.102797,-28.695858,1.578827
-9.756890,-30.871926,1.579741
-4.928783,-32.426640,1.577387
0.288726,-33.260180,1.580060
5.782011,-33.279805,1.579850
11.219898,-32.474420,1.579197
16.668650,-30.784634,1.577812
21.959992,-28.134505,1.570574
26.936464,-24.546482,1.570831
31.174778,-20.130273,1.571379
34.707362,-14.852129,1.569199
37.277685,-9.056992,1.569796
38.529806,-2.618682,1.571799
38.234051,3.922216,1.570019
36.604034,10.077451,1.568006
33.837548,15.850179,1.569857
29.020610,20.350717,-1.422043
24.578731,24.413294,-1.428199
19.941832,27.589458,-1.428838
14.689843,30.051097,-1.422231
9.458477,31.412857,-1.417298
4.110750,32.183121,-1.423267
-1.072627,32.114730,-1.423016
-5.994865,31.293429,-1.419254
-10.739653,29.777481,-1.419266
-15.005903,27.628704,-1.420298
-18.898060,24.863612,-1.418632
-22.199335,21.695704,-1.419580
-24.819692,17.965135,-1.420889
-26.763135,13.824294,-1.424056
-28.162895,9.697227,-1.427591
-29.062941,5.643698,-1.427629
-29.449997,1.509239,-1.431093
-29.322001,-2.640125,-1.426101
-28.741844,-6.753357,-1.419489
-27.631286,-10.966223,-1.418080
-26.098907,-14.829024,-1.420124
-23.901920,-18.831647,-1.423509
-21.228291,-22.274108,-1.426124
-17.819834,-25.631558,-1.423181
-13.899469,-28.339509,-1.418330
-9.565102,-30.370958,-1.417521
-4.807997,-31.844863,-1.422468
0.131106,-32.501819,-1.428430
5.534267,-32.473038,-1.421658
10.875732,-31.687249,-1.417419
16.219496,-29.993022,-1.422652
21.227679,-27.472178,-1.422471
26.210039,-24.067189,-1.423021
30.456869,-19.821168,-1.428650
33.983731,-14.662728,-1.429679
36.655001,-8.808402,-1.423111
37.833416,-2.469185,-1.429652
37.407566,3.742983,-1.426610
35.567730,9.943312,-1.417575
32.696888,15.536959,-1.417148
27.720704,19.547173,-4.427678
23.551546,23.375838,-4.428185
19.067680,26.530064,-4.423894
14.154828,28.877362,-4.422517
9.047205,30.170123,-4.430067
3.843881,30.991214,-4.432750
-0.999041,31.010633,-4.427357
-5.826747,30.380373,-4.426991
-10.513316,29.133908,-4.429011
-14.735026,27.168936,-4.423850
-18.613183,24.602335,-4.427583
-22.124309,21.527209,-4.419977
-24.827837,17.763141,-4.419837
-26.607092,13.890111,-4.427762
-28.056853,9.686050,-4.430457
-28.993206,5.541898,-4.432004
-29.341434,1.510032,-4.432890
-29.152984,-2.733097,-4.428671
-28.535760,-6.734695,-4.428049
-27.400667,-10.823762,-4.432872
-25.778593,-14.757127,-4.429315
-23.689244,-18.453771,-4.417497
-20.859338,-21.884166,-4.423806
-17.665048,-25.007668,-4.420479
-13.663343,-27.716092,-4.422560
-9.388733,-29.606368,-4.428226
-4.745415,-31.003103,-4.419942
0.080848,-31.521761,-4.420629
5.146737,-31.443095,-4.427598
10.351309,-30.691468,-4.426806
15.555911,-29.031664,-4.420767
20.432119,-26.568694,-4.425242
25.339921,-23.323789,-4.431045
29.526743,-19.243308,-4.430466
32.990451,-14.229518,-4.426727
35.610240,-8.533527,-4.425217
36.693237,-2.546258,-4.423196
36.124820,3.694522,-4.421822
34.225526,9.494174,-4.422623
31.339637,14.893590,-4.425191
26.153513,18.579983,-7.419514
22.314712,22.180441,-7.423845
18.033452,25.287962,-7.431466
13.311305,27.578150,-7.430173
8.377722,28.802490,-7.422738
3.558375,29.612316,-7.430719
-1.107895,29.693670,-7.426415
-5.783194,29.219913,-7.422670
-10.344825,28.201560,-7.427463
-14.462729,26.404372,-7.426839
-18.266664,24.030170,-7.432327
-21.773251,21.196705,-7.426895
-24.447422,17.627377,-7.427182
-26.309142,13.521644,-7.431108
-27.649644,9.655070,-7.424147
-28.606502,5.469978,-7.419653
-28.922944,1.383893,-7.428507
-28.692709,-2.706312,-7.424570
-28.062876,-6.560914,-7.427294
-26.937930,-10.495461,-7.429326
-25.264037,-14.457043,-7.420192
-23.202700,-17.994906,-7.417304
-20.391022,-21.232170,-7.418364
-17.138222,-24.354393,-7.423506
-13.409527,-26.798202,-7.429921
-9.252603,-28.558887,-7.430075
-4.769372,-29.881888,-7.424620
0.088843,-30.293949,-7.426566
4.975871,-30.167237,-7.421541
9.798249,-29.457202,-7.421609
14.812068,-27.833630,-7.427496
19.515297,-25.458922,-7.421326
24.280051,-22.373910,-7.418393
28.325078,-18.450213,-7.425027
31.636391,-13.589673,-7.428379
34.037725,-8.253275,-7.420993
35.011624,-2.465152,-7.420564
34.333469,3.539395,-7.426485
32.379936,9.092658,-7.428261
29.638865,14.094463,-7.423150
24.419699,17.295776,-10.423608
20.709859,20.942105,-10.427563
16.837579,23.871131,-10.429097
12.354267,26.083556,-10.428709
7.832924,27.201289,-10.429666
3.247572,28.026944,-10.429427
-1.193892,28.164109,-10.428913
-5.660989,27.826190,-10.431884
-10.040248,27.029050,-10.430376
-14.009240,25.420585,-10.419681
-17.846518,23.152140,-10.422501
-21.270157,20.548984,-10.429986
-23.857444,17.187793,-10.432669
-25.633693,13.269653,-10.426255
-26.983667,9.415716,-10.421417
-27.892629,5.426671,-10.427429
-28.189572,1.346446,-10.424394
-27.939386,-2.548890,-10.429702
-27.282534,-6.401456,-10.427178
-26.114998,-10.314673,-10.423131
-24.553666,-13.903733,-10.426246
-22.449161,-17.405890,-10.427374
-19.693858,-20.423199,-10.430107
-16.569706,-23.376701,-10.421571
-12.991533,-25.654023,-10.423659
-9.000868,-27.274061,-10.430400
-4.540471,-28.534685,-10.425099
-0.087349,-28.809433,-10.429138
4.569921,-28.656576,-10.425385
9.162373,-27.974851,-10.424957
13.935318,-26.411890,-10.430352
18.418463,-24.152172,-10.425009
22.826863,-21.347865,-10.418890
26.805657,-17.475577,-10.420145
29.773925,-12.939978,-10.422954
31.928862,-7.797069,-10.422520
32.714057,-2.261544,-10.427762
32.003328,3.267967,-10.428028
30.105502,8.540079,-10.423900
27.578496,13.131213,-10.422287
22.255512,15.976925,-13.426852
19.025156,19.411843,-13.423156
15.473037,22.264392,-13.421598
11.440294,24.319121,-13.421418
7.033685,25.438506,-13.419004
2.904953,26.218688,-13.419688
-1.436903,26.394780,-13.428148
-5.464222,26.180047,-13.431216
-9.601371,25.590444,-13.427141
-13.525463,24.101887,-13.429461
-17.173230,22.049564,-13.431631
-20.463844,19.698995,-13.426567
-23.039451,16.446436,-13.419897
-24.705240,12.759918,-13.423778
-26.035966,8.979183,-13.428462
-26.876654,5.229591,-13.421235
-27.132993,1.396109,-13.429063
-26.866702,-2.435082,-13.431933
-26.192479,-6.220177,-13.423647
-25.124730,-9.721905,-13.419976
-23.566669,-13.243382,-13.425891
-21.440925,-16.643084,-13.429307
-18.790432,-19.420652,-13.424115
-15.824250,-22.159956,-13.423475
-12.430560,-24.240881,-13.425038
-8.498458,-25.782700,-13.421814
-4.467608,-26.869871,-13.419723
-0.280890,-27.053573,-13.427698
4.092626,-26.884926,-13.424609
8.403225,-26.238842,-13.422975
12.883804,-24.763623,-13.425965
17.100796,-22.654908,-13.419923
21.248909,-20.030198,-13.418786
24.819519,-16.474614,-13.418613
27.457465,-12.119316,-13.421137
29.234393,-7.192739,-13.429136
29.779019,-2.149350,-13.429086
29.076641,3.042754,-13.427618
27.385689,7.830331,-13.428071
25.048001,12.150641,-13.428284
19.785174,14.478883,-16.418688
17.079192,17.685086,-16.425590
13.909772,20.431504,-16.428291
10.202617,22.364333,-16.421740
6.306179,23.393010,-16.418434
2.344015,24.166841,-16.421067
-1.498519,24.362897,-16.425400
-5.376919,24.233081,-16.427469
-9.205637,23.796682,-16.427706
-12.853778,22.500711,-16.427491
-16.257583,20.681090,-16.424111
-19.473011,18.484728,-16.427078
-21.876972,15.513536,-16.423858
-23.496752,11.970134,-16.419634
-24.740421,8.490428,-16.422282
-25.528073,4.869569,-16.418869
-25.736631,1.170950,-16.418488
-25.455303,-2.359928,-16.422374
-24.805517,-5.845675,-16.423427
-23.749648,-9.222046,-16.420005
-22.281131,-12.456453,-16.419338
-20.262113,-15.554035,-16.425683
-17.773420,-18.073698,-16.430003
-15.011754,-20.572155,-16.427530
-11.718383,-22.528092,-16.425406
-8.229902,-23.863409,-16.423821
-4.352225,-24.881180,-16.420467
-0.486821,-24.992436,-16.422162
3.545430,-24.812958,-16.426540
7.518917,-24.203874,-16.429571
11.650900,-22.843328,-16.426935
15.551269,-20.920215,-16.419350
19.385235,-18.502632,-16.417676
22.570045,-15.125576,-16.422205
24.728655,-10.949172,-16.426562
25.966600,-6.447551,-16.425675
26.234146,-1.781967,-16.421726
25.625625,2.693441,-16.424941
24.233940,6.982269,-16.427305
22.248041,10.862493,-16.421825
17.048840,12.657441,-19.426964
14.833833,15.736678,-19.427485
12.239793,18.256665,-19.426831
8.922219,20.065406,-19.423086
5.433507,21.054476,-19.419723
1.870191,21.777030,-19.422475
-1.589164,21.999928,-19.423199
-5.081948,21.940386,-19.423354
-8.543685,21.665573,-19.424892
-11.997002,20.544484,-19.421155
-15.092312,18.963604,-19.422859
-18.148014,16.957710,-19.424811
-20.419500,14.188850,-19.421353
-21.897894,11.003029,-19.420732
-23.089177,7.742264,-19.426996
-23.769442,4.473895,-19.431340
-23.938814,1.141616,-19.431535
-23.665252,-2.182474,-19.424187
-23.064877,-5.318494,-19.424407
-22.057883,-8.495093,-19.423248
-20.707862,-11.394537,-19.419219
-18.836126,-14.150314,-19.423192
-16.461281,-16.492519,-19.428132
-13.824456,-18.788123,-19.430712
-10.943050,-20.415156,-19.428923
-7.659672,-21.657268,-19.422800
-4.300478,-22.500745,-19.421427
-0.671124,-22.552946,-19.430244
2.814798,-22.396698,-19.424371
6.534988,-21.820701,-19.422137
10.118176,-20.638327,-19.428082
13.775380,-18.870408,-19.425910
17.232278,-16.683727,-19.422047
19.927381,-13.501118,-19.421585
21.455511,-9.698469,-19.425092
22.149885,-5.699462,-19.428791
22.174404,-1.640819,-19.428025
21.709445,2.260834,-19.427877
20.667462,6.020975,-19.428499
19.053077,9.424383,-19.427718
13.923738,10.660795,-22.425965
12.302960,13.411424,-22.424512
10.139493,15.837144,-22.425137
7.369962,17.394061,-22.428558
4.356936,18.328531,-22.426961
1.262614,18.976964,-22.428387
-1.748362,19.202014,-22.426455
-4.786051,19.188107,-22.422833
-7.930711,19.017319,-22.425771
-10.954113,18.101835,-22.427848
-13.673794,16.777587,-22.422994
-16.358915,15.070543,-22.426930
-18.456688,12.601487,-22.430447
-19.788826,9.850097,-22.427332
-20.934305,6.919723,-22.424425
-21.543706,3.949425,-22.421005
-21.670016,1.048452,-22.427012
-21.397193,-1.967630,-22.431700
-20.836100,-4.817458,-22.423079
-19.944946,-7.578482,-22.420737
-18.659458,-10.186709,-22.427843
-16.941857,-12.522867,-22.430068
-14.850064,-14.537627,-22.427282
-12.520960,-16.489548,-22.421661
-9.868488,-17.912145,-22.419264
-7.127713,-18.939489,-22.420711
-4.072901,-19.652112,-22.425123
-1.037245,-19.658800,-22.430015
2.120242,-19.506839,-22.429637
5.356006,-18.982659,-22.427293
8.472536,-17.959491,-22.427495
11.558681,-16.508527,-22.429671
14.676225,-14.516840,-22.428921
16.722525,-11.697061,-22.426601
17.681864,-8.244294,-22.424448
17.948430,-4.727012,-22.423139
17.794536,-1.327560,-22.422911
17.469237,1.826911,-22.421463
16.740775,5.003894,-22.420992
15.480942,7.878361,-22.423707
10.332047,8.342313,-25.420671
9.219453,10.729282,-25.423239
7.671453,12.869630,-25.424737
5.427396,14.209566,-25.420919
2.981610,15.057510,-25.420439
0.555654,15.578530,-25.426908
-2.018190,15.781863,-25.426935
-4.504071,15.787713,-25.419757
-7.085846,15.707769,-25.421575
-9.579930,15.024551,-25.426534
-11.918508,13.928383,-25.424572
-14.124422,12.539805,-25.425279
-15.873786,10.542476,-25.429009
-17.067114,8.224247,-25.428683
-18.099931,5.863651,-25.426553
-18.625129,3.328688,-25.426936
-18.727863,0.848549,-25.428343
-18.496758,-1.622169,-25.423919
-17.994195,-4.052088,-25.426873
-17.262795,-6.318865,-25.423964
-16.110872,-8.513591,-25.420561
-14.539415,-10.437257,-25.423899
-12.807680,-12.069001,-25.421998
-10.845954,-13.594661,-25.423895
-8.644663,-14.721691,-25.423010
-6.309329,-15.611693,-25.421531
-3.896788,-16.116837,-25.423084
-1.406628,-16.101708,-25.426423
1.178119,-15.976494,-25.428690
3.827995,-15.529761,-25.429074
6.385536,-14.718345,-25.426751
9.038886,-13.537246,-25.422389
11.496668,-11.919426,-25.420782
12.926808,-9.367008,-25.425462
13.311436,-6.431217,-25.429455
13.279320,-3.652644,-25.427744
13.054134,-1.082826,-25.425479
12.825636,1.404325,-25.425109
12.376635,3.824086,-25.424709
11.415720,6.196699,-25.422134
5.813962,5.484712,-28.423795
5.248321,7.121356,-28.424554
4.490961,8.914722,-28.424119
2.985240,9.963857,-28.425827
1.266290,10.678170,-28.426533
-0.499243,11.110440,-28.427002
-2.259734,11.236380,-28.426867
-4.018410,11.213851,-28.425111
-5.853640,11.196025,-28.425020
-7.712525,10.791992,-28.422999
-9.383474,10.038425,-28.425679
-10.998687,9.003259,-28.426255
-12.264647,7.603624,-28.421860
-13.211011,5.936287,-28.421948
-14.131359,4.275118,-28.423578
-14.553492,2.411323,-28.423482
-14.635022,0.580383,-28.424251
-14.432577,-1.240943,-28.425272
-14.050962,-3.031881,-28.423013
-13.496173,-4.711467,-28.421078
-12.488413,-6.225271,-28.423414
-11.263657,-7.502029,-28.424526
-9.971121,-8.690255,-28.423732
-8.509719,-9.672885,-28.425133
-7.007224,-10.435837,-28.423423
-5.362283,-11.084763,-28.423864
-3.638272,-11.370085,-28.427017
-1.870091,-11.359056,-28.427659
-0.039785,-11.286512,-28.423895
1.767012,-10.969671,-28.424833
3.657580,-10.422369,-28.427629
5.511976,-9.674015,-28.427790
7.236554,-8.478443,-28.426037
7.945106,-6.489784,-28.424271
7.867644,-4.362314,-28.423212
7.682387,-2.480952,-28.423866
7.433694,-0.744818,-28.426920
7.293324,0.874770,-28.425827
7.091397,2.462123,-28.422044
6.510091,4.014525,-28.421930
-4.313470,0.258500,-31.424945
19.647886,19.724000,28.575055
16.033390,22.183593,28.575055
12.167397,23.916866,28.575055
8.060052,24.956938,28.575055
4.096952,25.235091,28.575055
0.281325,24.770584,28.575055
-3.335700,23.478862,28.575055
-6.436224,21.443771,28.575055
-8.930271,18.880665,28.575055
-10.737054,16.266734,28.575055
-12.119224,13.554731,28.575055
-13.091078,10.951068,28.575055
-13.733731,8.520311,28.575055
-14.115116,6.303249,28.575055
-14.307137,4.062093,28.575055
-14.306085,1.944988,28.575055
-14.135046,-0.032543,28.575055
-13.758494,-2.115914,28.575055
-13.211026,-4.023887,28.575055
-12.406182,-5.982109,28.575055
-11.364345,-7.825493,28.575055
-10.012669,-9.623771,28.575055
-8.447195,-11.239465,28.575055
-6.600592,-12.743961,28.575055
-4.598474,-14.034979,28.575055
-2.110542,-15.273199,28.575055
0.500825,-16.224429,28.575055
3.591803,-16.956814,28.575055
6.882991,-17.300691,28.575055
10.586933,-17.139872,28.575055
14.331754,-16.287115,28.575055
18.033402,-14.501544,28.575055
21.165178,-11.849186,28.575055
23.613184,-8.547796,28.575055
25.464323,-4.589501,28.575055
26.538526,-0.490510,28.575055
26.911822,3.991181,28.575055
26.432666,8.365211,28.575055
25.023687,12.707126,28.575055
20.626920,15.127199,25.973767
17.887096,18.163002,25.971519
14.817019,20.674710,25.975635
11.340067,22.583937,25.977773
7.632289,23.593481,25.974063
3.791177,23.647718,25.974524
0.136845,22.862238,25.973413
-3.120178,21.108385,25.974380
-5.758088,18.650431,25.975709
-7.800741,16.327141,25.971214
-9.578273,14.257644,25.967463
-10.898934,12.169361,25.976316
-11.782409,9.981600,25.980409
-12.337503,7.696806,25.971568
-12.561531,5.728195,25.971775
-12.693512,3.749147,25.978293
-12.878632,1.907756,25.982422
-12.939375,0.031369,25.977169
-12.365587,-1.717300,25.970519
-11.566600,-3.377211,25.971859
-11.300675,-5.221994,25.975451
-10.349380,-6.958330,25.979843
-9.296999,-8.643498,25.982507
-8.030936,-10.473795,25.978842
-6.457389,-12.219210,25.975598
-4.505210,-13.956219,25.978269
-2.208156,-15.405409,25.978106
0.524854,-16.200102,25.969929
3.518930,-17.055693,25.973720
6.926858,-17.494761,25.979972
10.516863,-17.048004,25.978206
14.076125,-15.997895,25.977132
17.444589,-14.144082,25.978058
20.335207,-11.424818,25.980740
22.472523,-8.084370,25.979229
23.924801,-4.258698,25.974978
24.727411,-0.376723,25.975964
24.903537,3.709398,25.974391
24.234578,7.878489,25.973075
22.799101,11.617712,25.973980
19.231215,14.237634,23.374871
16.622363,17.022143,23.373873
13.779723,19.388907,23.377760
10.560125,21.207964,23.378458
6.977135,22.128071,23.373319
3.400213,22.033129,23.371566
0.028995,21.169658,23.370904
-2.950199,19.451853,23.375443
-5.374925,17.139385,23.378839
-7.218989,15.114229,23.375181
-8.908469,13.262300,23.378386
-10.171935,11.390752,23.379766
-11.048890,9.295101,23.375002
-11.533758,7.328981,23.369976
-11.743619,5.314442,23.371433
-11.851062,3.526249,23.379668
-12.070846,1.882695,23.379316
-12.225067,0.194524,23.372351
-11.688448,-1.484875,23.372407
-10.837754,-3.028589,23.377565
-10.683963,-4.823843,23.373294
-9.842578,-6.534019,23.372414
-8.952359,-8.223833,23.379056
-7.969742,-10.267536,23.378985
-6.505774,-12.426041,23.372218
-4.648040,-14.306285,23.371885
-2.224777,-16.021116,23.377570
0.618217,-16.905044,23.380019
3.766888,-17.662280,23.372133
7.189798,-17.897485,23.372493
10.616059,-17.304393,23.376822
14.089264,-16.049040,23.369114
17.339132,-14.042293,23.370918
20.079754,-11.214153,23.378746
21.975278,-7.902031,23.381543
23.185396,-4.153153,23.377526
23.795038,-0.266680,23.374121
23.770556,3.670747,23.377616
22.949048,7.524111,23.380212
21.390164,11.045680,23.378155
18.471841,13.747819,20.772857
15.841516,16.269325,20.771373
12.904932,18.427340,20.773164
9.852859,19.948884,20.774799
6.410741,20.720435,20.774171
3.121784,20.583477,20.773348
-0.076236,19.752725,20.773640
-2.871023,18.273326,20.777732
-5.170730,16.435578,20.779427
-7.057129,14.670897,20.773250
-8.636794,12.928128,20.769117
-9.859978,11.064590,20.769599
-10.739219,9.009078,20.774791
-11.246950,7.078338,20.779815
-11.493722,5.215492,20.779781
-11.633248,3.456944,20.780029
-11.830465,1.831144,20.775345
-11.964770,0.173778,20.769679
-11.537565,-1.514253,20.774930
-10.861955,-3.006573,20.780894
-10.599434,-4.754738,20.771072
-9.905841,-6.500490,20.770173
-9.074609,-8.317634,20.769750
-8.188397,-10.628151,20.769400
-6.803231,-13.057699,20.772294
-4.822110,-15.094995,20.776456
-2.254314,-16.945419,20.780084
0.721140,-18.049699,20.779665
3.978348,-18.554461,20.777600
7.385511,-18.501817,20.779824
10.955340,-17.780181,20.779083
14.419825,-16.310196,20.771361
17.535806,-14.196861,20.777607
20.154072,-11.333824,20.779060
21.990812,-7.917535,20.775700
23.073663,-4.188654,20.776144
23.555739,-0.222964,20.778294
23.365925,3.652441,20.780505
22.424738,7.301036,20.779922
20.682386,10.807427,20.776400
18.249676,13.596668,18.173447
15.440136,15.967073,18.178320
12.381125,17.772245,18.175859
9.282364,18.966355,18.170321
6.017738,19.556944,18.170737
2.819437,19.430013,18.174575
-0.173801,18.697183,18.171555
-2.792992,17.593897,18.166825
-5.060683,16.306159,18.170796
-7.148007,14.744326,18.181121
-8.711127,12.966967,18.174621
-9.881023,11.040305,18.175850
-10.730836,9.085864,18.179763
-11.310987,7.157866,18.173292
-11.670536,5.297669,18.173449
-11.882178,3.534056,18.175729
-12.029974,1.884069,18.176544
-12.105594,0.105797,18.177424
-11.928831,-1.537598,18.176110
-11.479869,-3.258971,18.171010
-11.005733,-5.092546,18.169353
-10.412342,-7.016355,18.173055
-9.615804,-8.990842,18.175133
-8.638664,-11.544735,18.175293
-7.177860,-14.092859,18.172787
-5.054655,-16.184469,18.169220
-2.317490,-18.051874,18.169653
0.781405,-19.258240,18.173660
4.190484,-19.583654,18.171726
7.747232,-19.279712,18.170151
11.311783,-18.441328,18.173893
14.858118,-16.783381,18.177265
17.937702,-14.564521,18.177938
20.595965,-11.538155,18.179766
22.396600,-8.066680,18.176944
23.462811,-4.177556,18.169878
23.852241,-0.287503,18.170002
23.553990,3.611895,18.176253
22.444216,7.371635,18.178124
20.609303,10.734033,18.174460
18.478493,13.731016,15.570455
15.475511,16.034918,15.577535
12.283498,17.528180,15.576593
8.988586,18.435710,15.574866
5.731540,18.879750,15.578516
2.684575,18.794140,15.578472
-0.169785,18.185808,15.577981
-2.739606,17.421153,15.577420
-5.141899,16.540787,15.574648
-7.317803,15.186659,15.571275
-8.898729,13.342515,15.575695
-10.113560,11.219883,15.574926
-10.997359,9.218238,15.572648
-11.627981,7.374172,15.575167
-12.126161,5.490947,15.574301
-12.432319,3.690251,15.572707
-12.545673,1.867611,15.577919
-12.564830,0.043674,15.577222
-12.621653,-1.789310,15.573328
-12.471035,-3.718924,15.575874
-11.878774,-5.580340,15.573716
-11.357424,-7.835134,15.574808
-10.525885,-10.116880,15.579070
-9.363799,-12.678866,15.576980
-7.644419,-15.319315,15.571721
-5.301224,-17.463572,15.573410
-2.391639,-19.243597,15.577554
0.937937,-20.459000,15.576118
4.445452,-20.657567,15.579104
8.088460,-20.169972,15.578603
11.837142,-19.148640,15.575233
15.335091,-17.417554,15.579639
18.556547,-15.006792,15.578149
21.182657,-11.962060,15.573895
23.086508,-8.283773,15.574676
24.151334,-4.402388,15.576828
24.538248,-0.278698,15.572321
24.152392,3.723596,15.572240
22.961326,7.447362,15.571687
20.994735,10.858940,15.569059
19.080444,14.103494,12.971677
16.039154,16.423520,12.972292
12.540760,17.885245,12.969293
9.053959,18.639809,12.973010
5.777618,19.019016,12.980177
2.727544,18.976989,12.974113
-0.137762,18.447911,12.974021
-2.865785,17.829660,12.973560
-5.302009,17.122069,12.971208
-7.570602,15.707277,12.976356
-9.180636,13.749595,12.979905
-10.372828,11.642696,12.976984
-11.330875,9.572321,12.971222
-12.107186,7.558521,12.969949
-12.695932,5.748287,12.973608
-13.100465,3.886057,12.972815
-13.214417,1.987892,12.976421
-13.224532,0.084513,12.978595
-13.469807,-1.941621,12.978474
-13.616801,-4.195612,12.979619
-13.009724,-6.411688,12.970704
-12.563607,-8.911316,12.971999
-11.659634,-11.547117,12.976838
-10.198125,-14.082923,12.979582
-8.210381,-16.558831,12.978144
-5.603932,-18.778579,12.973634
-2.463966,-20.455188,12.972432
1.056741,-21.572108,12.975399
4.718828,-21.698943,12.976386
8.495814,-21.078499,12.972493
12.369899,-19.882945,12.969366
15.881107,-18.096832,12.971538
19.217531,-15.556734,12.969703
21.945488,-12.373440,12.967773
23.899336,-8.666231,12.973808
25.078184,-4.508032,12.981258
25.469378,-0.334971,12.977324
25.027501,3.833403,12.977239
23.733729,7.695520,12.977065
21.641519,11.221093,12.973751
19.953428,14.651987,10.378762
16.861795,17.214569,10.371641
13.393831,18.882708,10.369665
9.781569,19.885665,10.374855
6.360775,20.421303,10.378793
3.024644,20.385388,10.378706
-0.116975,19.806853,10.378521
-2.950446,19.011248,10.379702
-5.522304,17.920472,10.378780
-7.740601,16.202382,10.374014
-9.413644,14.125258,10.373743
-10.703882,11.943624,10.376490
-11.694004,9.906041,10.377951
-12.521675,7.940528,10.377498
-13.251298,5.936848,10.375966
-13.734852,3.994434,10.371888
-13.902119,2.005178,10.373640
-13.975581,0.005695,10.374082
-14.337654,-2.237030,10.375626
-14.660314,-4.728322,10.379543
-14.293696,-7.110996,10.369443
-13.851328,-10.010413,10.370750
-12.881536,-12.924788,10.369468
-11.045290,-15.530708,10.373909
-8.670461,-17.895341,10.381415
-5.835108,-20.087565,10.379033
-2.552822,-21.586237,10.372493
1.197719,-22.563473,10.369714
5.051688,-22.613360,10.374892
8.867286,-21.914246,10.378776
12.786460,-20.612524,10.376211
16.466587,-18.727217,10.372855
19.857952,-16.133283,10.373625
22.733562,-12.799467,10.380088
24.826829,-8.927741,10.376085
26.060404,-4.837931,10.368795
26.509696,-0.458311,10.379265
26.033336,3.918180,10.372778
24.663585,7.966518,10.368064
22.567469,11.563861,10.374994
20.884273,15.242798,7.773618
17.787226,18.094731,7.771817
14.487968,20.202976,7.775678
10.874585,21.765831,7.777444
7.191824,22.608894,7.773058
3.546321,22.548287,7.773178
0.107329,21.842359,7.777873
-3.129270,20.500354,7.778804
-5.779429,18.666859,7.778156
-7.856245,16.580512,7.780507
-9.623613,14.403165,7.776738
-10.987721,12.285138,7.775838
-12.082477,10.168689,7.774514
-12.990452,8.120017,7.770349
-13.730371,6.153515,7.769465
-14.285605,4.125331,7.767849
-14.564196,2.045041,7.776978
-14.745189,-0.049913,7.778873
-15.120823,-2.401825,7.772889
-15.531293,-5.026787,7.777671
-15.439811,-7.970994,7.777416
-14.999279,-11.019325,7.776149
-13.887995,-14.215261,7.774243
-11.804940,-16.813690,7.771279
-9.112846,-19.101779,7.775507
-6.148198,-21.184246,7.779586
-2.618767,-22.571076,7.770030
1.231083,-23.362884,7.776054
5.146663,-23.354817,7.779592
9.147548,-22.604080,7.779077
13.126068,-21.248855,7.779313
16.992895,-19.268567,7.776515
20.449102,-16.633391,7.776962
23.414927,-13.265764,7.775565
25.627456,-9.364209,7.777165
27.040296,-4.955827,7.781337
27.518730,-0.493382,7.776761
27.008056,3.961026,7.772558
25.572203,8.222872,7.772172
23.512318,11.919942,7.773545
21.598916,15.702086,5.174498
18.480183,18.758270,5.177247
15.274917,21.282443,5.174787
11.701910,23.254629,5.174768
7.896545,24.244093,5.176988
3.819315,24.140575,5.171137
0.115126,23.274317,5.176505
-3.117810,21.626983,5.182230
-5.861802,19.221138,5.180291
-7.961072,16.804597,5.177408
-9.756455,14.699293,5.176930
-11.272932,12.566543,5.177498
-12.469532,10.398366,5.180150
-13.376027,8.412786,5.180780
-14.144175,6.369231,5.174648
-14.756224,4.273069,5.171725
-15.200657,1.988158,5.174188
-15.502197,-0.174811,5.173214
-15.837497,-2.624717,5.169891
-16.199658,-5.368663,5.174372
-16.343609,-8.420343,5.181210
-15.854069,-11.728043,5.172404
-14.589673,-15.173509,5.170761
-12.369309,-17.815951,5.170223
-9.477646,-20.086271,5.173365
-6.295041,-22.094280,5.177832
-2.700991,-23.310819,5.170084
1.331229,-23.947164,5.176634
5.399414,-23.824296,5.176973
9.407075,-23.047539,5.171768
13.406623,-21.697973,5.172995
17.298936,-19.714253,5.176425
20.905609,-16.997185,5.169832
24.016376,-13.526390,5.175216
26.309960,-9.635662,5.183146
27.823453,-5.224619,5.179082
28.345904,-0.589245,5.174206
27.772608,4.030414,5.174917
26.324368,8.327356,5.175712
24.168460,12.327842,5.174324
21.849197,15.871865,2.577473
18.797440,18.878473,2.571611
15.410637,21.510656,2.568854
11.885584,23.386611,2.574010
7.862208,24.357008,2.580751
3.872736,24.208197,2.579490
0.122796,23.296924,2.577185
-3.153145,21.612657,2.571788
-5.852532,19.299388,2.570797
-8.051926,16.908390,2.578439
-9.963935,14.852333,2.576382
-11.505598,12.872853,2.573182
-12.789736,10.712085,2.576572
-13.783465,8.568089,2.579213
-14.540316,6.485477,2.573447
-15.177755,4.363499,2.575142
-15.757302,2.072222,2.575980
-16.186841,-0.252151,2.572459
-16.438376,-2.748995,2.571427
-16.656654,-5.550394,2.575437
-16.871478,-8.789205,2.578825
-16.290046,-12.131891,2.579459
-14.986159,-15.624505,2.579235
-12.687236,-18.456805,2.575811
-9.730343,-20.735232,2.575233
-6.417154,-22.639186,2.579024
-2.729095,-23.743056,2.578242
1.235391,-24.237458,2.575179
5.360299,-24.031898,2.574680
9.428907,-23.244756,2.575579
13.637647,-21.863353,2.577487
17.580718,-19.833896,2.580343
21.128229,-17.171084,2.576725
24.326056,-13.687371,2.572304
26.727794,-9.780629,2.576250
28.328910,-5.327805,2.581182
28.838550,-0.619604,2.572309
28.187007,4.059696,2.568193
26.663184,8.402874,2.571766
24.456295,12.450354,2.576869
21.603290,15.728166,-0.026951
18.513544,18.680192,-0.023121
15.080191,20.938799,-0.025673
11.279694,22.567650,-0.024922
7.544155,23.366266,-0.019622
3.719381,23.219809,-0.022966
0.131927,22.363465,-0.022067
-3.077881,20.903008,-0.020266
-5.854271,18.965167,-0.020529
-8.060235,17.019816,-0.019725
-10.075213,15.081754,-0.020288
-11.780115,13.058558,-0.021787
-13.115920,10.942975,-0.023730
-14.115729,8.812796,-0.022584
-14.897955,6.593449,-0.019612
-15.584284,4.342918,-0.029163
-16.252095,2.086675,-0.027852
-16.772755,-0.359787,-0.027516
-16.919058,-2.852881,-0.029750
-16.940270,-5.649679,-0.023459
-17.083248,-8.878560,-0.022026
-16.354408,-12.326523,-0.026249
-15.129010,-15.673858,-0.029947
-12.856484,-18.688734,-0.029308
-9.918237,-20.965804,-0.029170
-6.433352,-22.833664,-0.031094
-2.735141,-23.836559,-0.029936
1.369361,-24.227300,-0.029419
5.325945,-23.952786,-0.020839
9.518408,-23.129496,-0.022814
13.572748,-21.814312,-0.031171
17.502863,-19.801620,-0.023676
21.162690,-17.076329,-0.030005
24.284545,-13.752889,-0.026559
26.829366,-9.782780,-0.020665
28.473155,-5.369876,-0.023782
28.934644,-0.529494,-0.020157
28.179759,4.117161,-0.020761
26.557375,8.393746,-0.024796
24.261983,12.359347,-0.027709
20.975829,15.339245,-2.623618
17.860602,18.180305,-2.625776
14.317534,20.098735,-2.625060
10.583958,21.338453,-2.622580
7.037697,22.022279,-2.622798
3.416147,21.914906,-2.624963
0.024079,21.146403,-2.621739
-2.960148,20.030609,-2.623302
-5.677567,18.667443,-2.627879
-8.096853,17.075697,-2.624861
-10.186686,15.287002,-2.622961
-11.934998,13.352965,-2.621469
-13.388531,11.190345,-2.623363
-14.446286,8.967485,-2.626374
-15.206018,6.779441,-2.624516
-15.922935,4.425400,-2.625992
-16.665773,2.079838,-2.630954
-17.202986,-0.324597,-2.628889
-17.262025,-2.924523,-2.621467
-17.088694,-5.672519,-2.620527
-17.055228,-8.853882,-2.626326
-16.240310,-12.074647,-2.625210
-14.965495,-15.651670,-2.621000
-12.783032,-18.659759,-2.624094
-9.887571,-20.898578,-2.628851
-6.416283,-22.663481,-2.626170
-2.618053,-23.614178,-2.619514
1.283237,-23.902131,-2.621324
5.322038,-23.593913,-2.627316
9.304084,-22.809872,-2.624683
13.295110,-21.513322,-2.621460
17.170328,-19.546818,-2.629575
20.796801,-16.897073,-2.621806
24.010080,-13.562113,-2.618934
26.577902,-9.691146,-2.626127
28.271389,-5.224824,-2.631200
28.640586,-0.596355,-2.631125
27.776422,4.107535,-2.630406
26.062292,8.259488,-2.628152
23.682735,12.081324,-2.624719
20.057294,14.759319,-5.221375
17.060573,17.376706,-5.225314
13.538147,19.114688,-5.227152
9.984261,20.139246,-5.226712
6.516709,20.783077,-5.227425
3.120603,20.774874,-5.229801
-0.071183,20.165238,-5.232684
-2.926460,19.348505,-5.226598
-5.596863,18.421423,-5.218822
-8.124670,17.152561,-5.222630
-10.250300,15.514550,-5.224069
-12.106844,13.567763,-5.226632
-13.645565,11.369589,-5.225627
-14.701102,9.209388,-5.221634
-15.542885,6.808997,-5.221898
-16.230939,4.507375,-5.218651
-16.938390,2.212078,-5.226888
-17.486299,-0.419976,-5.228098
-17.461545,-2.957081,-5.225170
-17.124566,-5.768809,-5.229412
-16.843903,-8.719490,-5.222927
-15.893763,-11.821785,-5.227227
-14.728874,-15.189522,-5.223497
-12.589852,-18.287019,-5.220791
-9.755112,-20.465170,-5.223179
-6.342408,-22.143962,-5.225446
-2.625057,-23.030717,-5.229584
1.185081,-23.255695,-5.226562
5.135056,-22.987912,-5.222877
9.017882,-22.228950,-5.219905
12.899979,-20.907164,-5.220523
16.686327,-18.997021,-5.228010
20.238594,-16.428114,-5.229259
23.409053,-13.205290,-5.225917
25.976985,-9.463659,-5.220913
27.659210,-5.117342,-5.219607
27.942830,-0.591946,-5.226997
26.991251,3.982505,-5.230182
25.143632,8.108887,-5.226931
22.785155,11.645827,-5.222454
18.861258,13.996781,-7.824056
15.908531,16.454645,-7.830152
12.614822,18.073508,-7.826244
9.324131,19.049029,-7.824972
6.111392,19.691592,-7.830737
2.969085,19.862095,-7.827441
-0.146929,19.481247,-7.829234
-2.963120,18.917699,-7.829169
-5.616311,18.259540,-7.828201
-8.141872,17.207635,-7.831732
-10.363310,15.619675,-7.820088
-12.283478,13.666154,-7.824852
-13.797983,11.559973,-7.832453
-14.964737,9.238645,-7.824411
-15.794717,6.923236,-7.820454
-16.481986,4.562029,-7.828021
-17.131206,2.189658,-7.830574
-17.568148,-0.372148,-7.826582
-17.497607,-2.961819,-7.823837
-17.055980,-5.664897,-7.822051
-16.459303,-8.607094,-7.819978
-15.428899,-11.427732,-7.827637
-14.279640,-14.672255,-7.831728
-12.188735,-17.651730,-7.824654
-9.420160,-19.721479,-7.823569
-6.098362,-21.301212,-7.832179
-2.630222,-22.098416,-7.830981
1.053115,-22.274177,-7.819988
4.884675,-22.096708,-7.825807
8.628378,-21.368253,-7.829106
12.353137,-19.984819,-7.823671
16.016570,-18.148857,-7.828082
19.460016,-15.678448,-7.820742
22.453368,-12.682779,-7.824394
24.988211,-9.097377,-7.828119
26.633255,-4.905162,-7.819847
26.818643,-0.522944,-7.819644
25.768789,3.872196,-7.826885
23.932251,7.689913,-7.828657
21.482390,11.161936,-7.824387
17.367295,13.039376,-10.427464
14.616512,15.248508,-10.424436
11.648641,16.879981,-10.422310
8.697161,17.934287,-10.424176
5.648267,18.647843,-10.424631
2.799150,19.019177,-10.418139
-0.063562,18.945134,-10.425327
-2.918321,18.612494,-10.428191
-5.610902,18.111102,-10.421443
-8.176982,17.143873,-10.424139
-10.434777,15.595136,-10.421335
-12.286476,13.749532,-10.423596
-13.832494,11.650304,-10.427449
-15.047212,9.340025,-10.428428
-15.921065,7.020861,-10.431898
-16.594634,4.636534,-10.428451
-17.135239,2.217133,-10.419512
-17.436929,-0.373788,-10.425137
-17.328495,-2.979054,-10.427565
-16.815494,-5.672330,-10.417638
-15.999453,-8.285603,-10.424893
-14.898457,-10.932226,-10.420898
-13.685849,-13.982825,-10.420981
-11.661906,-16.651137,-10.424888
-8.987954,-18.579153,-10.423667
-5.809928,-20.074805,-10.420372
-2.493582,-20.806675,-10.422145
1.021813,-20.913718,-10.425724
4.564556,-20.884180,-10.428510
8.114807,-20.192904,-10.430048
11.624666,-18.716943,-10.429361
15.013664,-17.050337,-10.426507
18.211477,-14.794661,-10.424815
21.190734,-11.870609,-10.424572
23.639559,-8.466599,-10.427207
25.142267,-4.580664,-10.429985
25.215351,-0.392615,-10.428000
24.121704,3.644605,-10.426087
22.198005,7.354098,-10.426563
19.927933,10.400860,-10.427853
15.538701,11.864746,-13.023052
13.019076,13.800230,-13.021995
10.578467,15.452906,-13.021452
7.951960,16.730951,-13.023517
5.237399,17.498678,-13.025386
2.491938,18.127595,-13.021903
-0.182502,18.357700,-13.020983
-2.877996,18.255272,-13.022167
-5.538107,17.850378,-13.021207
-8.075836,16.944442,-13.019883
-10.312018,15.448705,-13.025171
-12.142897,13.639518,-13.023693
-13.747844,11.481068,-13.020658
-14.924707,9.334861,-13.021145
-15.878366,6.949650,-13.019480
-16.521979,4.589372,-13.027982
-16.903016,2.172174,-13.025878
-17.026116,-0.391646,-13.023007
-16.913169,-2.839973,-13.022946
-16.415669,-5.479204,-13.020569
-15.484531,-7.876310,-13.025421
-14.319342,-10.434642,-13.028110
-12.949767,-13.045979,-13.023781
-10.915674,-15.300398,-13.024331
-8.375217,-17.037275,-13.027025
-5.498923,-18.386493,-13.023510
-2.389543,-19.066817,-13.021396
0.783552,-19.126996,-13.027642
4.120201,-19.282244,-13.024503
7.522303,-18.586566,-13.024979
10.531598,-17.124200,-13.030131
13.724259,-15.601086,-13.025387
16.733282,-13.500939,-13.021865
19.456306,-10.859538,-13.022962
21.718117,-7.790858,-13.024135
23.124427,-4.148519,-13.024977
23.079044,-0.218022,-13.027841
21.900995,3.520793,-13.024637
20.106824,6.737058,-13.021936
17.913860,9.553548,-13.022480
13.284059,10.414934,-15.625517
11.025033,12.055602,-15.628708
9.123596,13.810172,-15.630535
7.075314,15.293556,-15.626430
4.625343,16.137986,-15.619560
2.308091,16.968702,-15.621235
-0.189481,17.544211,-15.621209
-2.762919,17.647756,-15.623313
-5.423654,17.290282,-15.626597
-7.855214,16.447636,-15.620168
-9.979680,15.005725,-15.618687
-11.791810,13.173896,-15.623837
-13.268211,11.210518,-15.623750
-14.503105,9.084003,-15.619732
-15.479602,6.827971,-15.624745
-16.116876,4.451510,-15.625363
-16.295850,2.113892,-15.626567
-16.223308,-0.230696,-15.623690
-16.127197,-2.696131,-15.618260
-15.764688,-5.112068,-15.621763
-14.773936,-7.492600,-15.628364
-13.680412,-9.824014,-15.620081
-11.956358,-11.860872,-15.619893
-9.850120,-13.541086,-15.624818
-7.599943,-14.990468,-15.627855
-5.062500,-16.172118,-15.626687
-2.224095,-16.782931,-15.623158
0.563403,-16.809514,-15.628419
3.616201,-17.151807,-15.626454
6.555144,-16.497152,-15.624351
9.149913,-15.061200,-15.625440
12.082524,-13.713898,-15.624683
14.744725,-11.865125,-15.628196
17.168334,-9.544517,-15.628789
19.248331,-6.751387,-15.629160
20.445666,-3.511683,-15.628307
20.300637,-0.032325,-15.621652
19.112722,3.222844,-15.620341
17.428860,6.016847,-15.621782
15.438832,8.460528,-15.623268
10.364878,8.646042,-18.221651
8.576225,9.867335,-18.226359
7.350219,11.624282,-18.224483
5.927905,13.377073,-18.222382
3.900727,14.202404,-18.227704
1.909663,15.246783,-18.228824
-0.252037,16.128394,-18.226349
-2.672901,16.413317,-18.222024
-5.104107,16.128440,-18.220994
-7.342704,15.426436,-18.226922
-9.297197,13.993209,-18.227110
-10.955266,12.185430,-18.225905
-12.306848,10.403393,-18.223731
-13.534004,8.409928,-18.221051
-14.506030,6.389649,-18.224121
-15.085775,4.315825,-18.221145
-15.060597,2.084914,-18.223575
-14.761364,-0.142758,-18.229236
-14.741193,-2.299169,-18.226569
-14.613644,-4.602375,-18.221939
-13.695451,-6.776226,-18.228236
-12.631857,-8.999496,-18.227778
-10.556233,-10.157016,-18.227398
-8.413369,-11.175779,-18.223711
-6.498158,-12.321386,-18.221462
-4.352116,-13.276782,-18.224041
-2.063057,-13.733370,-18.225490
0.273933,-13.757956,-18.224276
2.829966,-14.248887,-18.227652
5.316086,-13.581796,-18.226280
7.460783,-12.289628,-18.224273
9.865547,-11.255690,-18.227706
12.119966,-9.711176,-18.227876
14.173151,-7.763361,-18.226249
15.873964,-5.484493,-18.226630
16.846241,-2.735337,-18.227754
16.644459,0.103523,-18.226736
15.452919,2.879399,-18.226085
13.929670,5.167799,-18.223406
12.260963,7.089900,-18.220486
6.501556,6.145380,-20.823370
5.263729,6.962931,-20.825819
4.715568,8.393367,-20.824377
4.155930,10.261015,-20.822284
2.633097,11.041984,-20.826263
1.230505,12.085924,-20.826013
-0.471867,13.202059,-20.826612
-2.385605,13.606733,-20.826762
-4.358029,13.460175,-20.823938
-6.379980,13.041535,-20.825813
-7.902535,11.657587,-20.823322
-9.023031,10.086110,-20.821774
-10.141514,8.580608,-20.824316
-11.131824,7.060793,-20.827089
-12.048714,5.500887,-20.828440
-12.630820,3.761934,-20.825817
-12.389014,1.847750,-20.823229
-11.926707,0.153706,-20.821885
-12.053287,-1.588806,-20.822776
-12.334677,-3.687777,-20.826381
-11.540122,-5.364062,-20.825195
-10.644193,-7.182087,-20.826616
-8.299197,-7.437391,-20.824245
-6.473875,-7.738584,-20.825313
-4.979706,-8.457787,-20.827596
-3.440451,-9.101452,-20.825873
-1.809733,-9.368293,-20.822190
-0.146484,-9.426253,-20.823032
1.717583,-9.969297,-20.827328
3.435332,-9.303487,-20.824706
4.987618,-8.430216,-20.823246
6.742729,-7.771837,-20.826260
8.373130,-6.664583,-20.827009
9.856130,-5.262970,-20.824122
11.062364,-3.606708,-20.821833
11.700981,-1.592526,-20.823819
11.459674,0.445508,-20.827600
10.400306,2.362429,-20.826470
9.166458,3.888720,-20.823665
7.883614,5.151429,-20.822278
-1.985853,0.694677,-23.424945
