31.943759,6.908444,35.718851
30.010203,11.821727,35.718851
27.322229,16.157645,35.718851
23.843547,19.885272,35.718851
19.657876,22.799919,35.718851
15.142353,24.744687,35.718851
10.530272,25.816143,35.718851
5.987685,26.115155,35.718851
1.635701,25.728259,35.718851
-2.436552,24.752078,35.718851
-6.171159,23.305747,35.718851
-9.539242,21.497540,35.718851
-12.671288,19.306042,35.718851
-15.395072,16.890543,35.718851
-17.712465,14.323183,35.718851
-19.832048,11.363194,35.718851
-21.601592,8.181655,35.718851
-23.001656,4.821240,35.718851
-24.010692,1.323119,35.718851
-24.621454,-2.450553,35.718851
-24.739993,-6.272034,35.718851
-24.310556,-10.253886,35.718851
-23.259039,-14.307495,35.718851
-21.525228,-18.318577,35.718851
-19.048967,-22.138180,35.718851
-15.924789,-25.451180,35.718851
-12.075746,-28.205529,35.718851
-7.782383,-30.203976,35.718851
-3.217595,-31.460943,35.718851
1.670139,-31.988400,35.718851
6.758591,-31.672716,35.718851
11.534995,-30.509812,35.718851
16.209802,-28.472769,35.718851
20.486085,-25.696604,35.718851
24.399874,-22.153075,35.718851
27.601452,-18.184836,35.718851
30.234949,-13.612505,35.718851
32.064364,-8.639348,35.718851
32.992291,-3.397012,35.718851
32.649020,1.755931,31.969077
31.663931,6.854566,31.961794
29.947115,11.758289,31.962426
27.464672,16.317526,31.969633
24.320684,20.220611,31.972132
20.358753,23.579289,31.967993
15.967313,25.988139,31.968591
11.383240,27.497559,31.965714
6.617117,28.200205,31.969248
1.970193,28.128615,31.972799
-2.573497,27.227492,31.964949
-6.685698,25.555610,31.962750
-10.537151,24.057426,31.964538
-13.915876,21.613121,31.966037
-16.528835,18.413317,31.967814
-19.057936,15.464087,31.969328
-21.198065,12.215014,31.964868
-22.924725,8.717495,31.967800
-24.175247,5.230754,31.972692
-25.042081,1.430340,31.971475
-25.399174,-2.447678,31.967738
-25.088348,-6.326502,31.965544
-24.277949,-10.330436,31.962847
-23.002991,-14.201974,31.965289
-21.100502,-18.021998,31.970477
-18.662918,-21.522744,31.966672
-15.581822,-24.736195,31.961241
-11.857685,-27.498555,31.961277
-7.722244,-29.597606,31.963352
-3.121219,-31.044248,31.962561
1.655541,-31.710946,31.963643
6.661284,-31.533863,31.973078
11.550148,-30.448028,31.966192
16.341582,-28.441228,31.968597
20.579368,-25.771516,31.976206
24.473384,-22.335007,31.962391
27.735092,-18.291326,31.965492
30.315342,-13.575980,31.970936
31.965988,-8.632940,31.972663
32.754361,-3.460211,31.972929
32.319950,1.768502,28.226936
31.405441,6.745138,28.218722
29.804608,11.745855,28.224412
27.568679,16.282257,28.224645
24.482675,20.532818,28.219321
20.826922,24.033303,28.225054
16.559325,26.755642,28.223823
11.856662,28.637192,28.217400
6.903026,29.646212,28.218890
2.017404,29.781498,28.223687
-2.777482,28.949028,28.223578
-7.109928,27.197084,28.226212
-11.170480,25.581407,28.217380
-14.811321,22.808681,28.213670
-17.492139,19.359232,28.222376
-20.076732,16.162127,28.226835
-22.138191,12.813156,28.221622
-23.790096,9.232910,28.214550
-25.053190,5.314768,28.218300
-25.771867,1.439574,28.224310
-25.945238,-2.492301,28.216958
-25.374460,-6.382128,28.213654
-24.309390,-10.372516,28.220619
-22.809299,-14.207320,28.224343
-20.790906,-17.805810,28.221970
-18.318419,-21.105440,28.222547
-15.138514,-24.286717,28.218203
-11.674041,-26.853404,28.220833
-7.528245,-29.037276,28.219571
-3.085987,-30.531867,28.215911
1.727847,-31.295522,28.222879
6.601552,-31.189037,28.214071
11.555084,-30.149359,28.216980
16.246372,-28.247274,28.215862
20.559290,-25.597663,28.212349
24.384247,-22.282546,28.224325
27.682867,-18.197076,28.219745
30.147430,-13.567144,28.212809
31.737129,-8.547472,28.216144
32.445832,-3.501255,28.224903
31.948839,1.764162,24.467969
31.087984,6.765539,24.468362
29.627177,11.628966,24.464369
27.502728,16.235170,24.466858
24.549241,20.597442,24.468460
21.024313,24.250424,24.460948
16.702648,27.257494,24.464882
12.066235,29.332375,24.470460
7.142397,30.554833,24.471426
2.065797,30.874129,24.474197
-2.770877,30.186878,24.476229
-7.334309,28.462785,24.463967
-11.608752,26.425009,24.470814
-15.257602,23.544838,24.473767
-18.057616,20.210948,24.471055
-20.684249,16.785666,24.475895
-22.778419,13.222380,24.462928
-24.433556,9.427642,24.466616
-25.607667,5.466960,24.473282
-26.237281,1.565281,24.466283
-26.294226,-2.569714,24.462939
-25.591796,-6.450806,24.470565
-24.368146,-10.407903,24.475569
-22.781938,-14.017625,24.469140
-20.626500,-17.549660,24.462732
-18.040691,-20.776758,24.468299
-14.917339,-23.766054,24.464501
-11.417262,-26.305203,24.460167
-7.427281,-28.411682,24.463284
-2.983318,-29.942994,24.469883
1.653205,-30.718085,24.471846
6.541982,-30.648031,24.467779
11.334488,-29.682133,24.465073
15.889181,-27.903474,24.467256
20.250442,-25.305252,24.469400
24.116663,-22.014795,24.467815
27.432717,-17.922995,24.469001
29.797958,-13.435050,24.464640
31.326223,-8.578139,24.461249
32.057515,-3.332268,24.464074
31.511739,1.742927,20.718068
30.727682,6.738789,20.716471
29.321286,11.598516,20.719992
27.247907,16.208938,20.721334
24.482414,20.448090,20.716942
20.924325,24.301710,20.711642
16.855508,27.308728,20.710914
12.143812,29.618235,20.716602
7.280549,31.011374,20.722971
2.242350,31.502109,20.721270
-2.788393,30.964990,20.712766
-7.572757,29.319476,20.712717
-11.799447,26.894480,20.714514
-15.453565,23.964908,20.716705
-18.541878,20.698220,20.720381
-21.079449,17.216466,20.722880
-23.194275,13.463520,20.720492
-24.789827,9.663445,20.716528
-25.909812,5.699283,20.713797
-26.504832,1.619225,20.712165
-26.491301,-2.502065,20.710800
-25.729672,-6.549649,20.713081
-24.415422,-10.459682,20.722572
-22.703604,-13.998182,20.720195
-20.433387,-17.438855,20.711113
-17.747348,-20.563564,20.717672
-14.691817,-23.328207,20.716157
-11.155278,-25.789040,20.722259
-7.148227,-27.826546,20.722102
-2.883266,-29.250681,20.714503
1.553166,-29.984602,20.718335
6.237464,-29.937970,20.712636
11.019601,-29.010396,20.711433
15.568673,-27.267059,20.712301
19.773506,-24.807452,20.715101
23.653779,-21.562104,20.724118
26.869678,-17.654244,20.721033
29.258555,-13.199294,20.720449
30.807282,-8.369100,20.722061
31.552948,-3.336458,20.720787
30.980199,1.704647,16.971768
30.330818,6.484577,16.973428
28.985281,11.309652,16.962482
26.959519,15.889949,16.967473
24.151416,20.262434,16.975507
20.795086,23.981641,16.962265
16.679206,27.152532,16.966640
12.243102,29.481434,16.963679
7.295967,31.079692,16.960667
2.144880,31.727513,16.966784
-2.855493,31.340831,16.969656
-7.662841,29.876839,16.964371
-11.849606,27.173526,16.964763
-15.472669,24.237638,16.962710
-18.812430,21.048747,16.961650
-21.364995,17.391135,16.971484
-23.402565,13.640017,16.975018
-25.001868,9.688183,16.969935
-26.093803,5.561968,16.961665
-26.609395,1.513457,16.962882
-26.532788,-2.567716,16.974550
-25.804155,-6.583845,16.973300
-24.457814,-10.437171,16.970029
-22.569702,-14.056007,16.969985
-20.329324,-17.243283,16.969028
-17.581239,-20.260514,16.966802
-14.478824,-22.911992,16.968377
-10.910705,-25.250989,16.962726
-7.065795,-27.101793,16.966883
-2.821255,-28.446039,16.975410
1.582081,-29.110852,16.965389
6.035593,-29.036060,16.967832
10.589700,-28.155726,16.968325
15.101333,-26.445603,16.965985
19.272738,-24.022777,16.968009
22.987354,-20.944082,16.971113
26.094211,-17.250125,16.971036
28.522524,-12.872206,16.964289
30.124119,-8.111669,16.960695
30.918200,-3.326135,16.964979
30.322540,1.648844,13.222775
29.782621,6.367686,13.224108
28.465481,11.117510,13.213939
26.438713,15.614292,13.216431
23.769022,19.760636,13.223060
20.356156,23.569033,13.214339
16.490027,26.631430,13.222249
12.016704,29.108511,13.225091
7.187491,30.807141,13.218712
2.141719,31.595858,13.217962
-2.792877,31.392017,13.224026
-7.759592,30.078136,13.220070
-11.985902,27.270143,13.217648
-15.548032,24.360455,13.222881
-18.998870,21.140837,13.224531
-21.465133,17.503268,13.214890
-23.509684,13.623356,13.211526
-25.033346,9.715058,13.222993
-26.071667,5.641346,13.222170
-26.559714,1.472613,13.210455
-26.454509,-2.544654,13.214633
-25.812088,-6.514174,13.214946
-24.486943,-10.301877,13.216625
-22.462679,-13.987963,13.221587
-20.066270,-17.210193,13.219342
-17.262118,-20.087667,13.211643
-14.116552,-22.586755,13.220570
-10.681845,-24.670158,13.218587
-6.839247,-26.366835,13.217672
-2.801266,-27.522432,13.221632
1.545306,-28.088307,13.211874
5.927254,-27.950374,13.211165
10.222902,-27.079566,13.212918
14.491052,-25.454447,13.216631
18.449831,-23.179554,13.220212
22.128084,-20.175845,13.217945
25.219860,-16.569229,13.215766
27.594918,-12.459741,13.216452
29.227511,-7.988989,13.218251
30.134887,-3.302132,13.220000
29.502950,1.574733,9.467465
29.083110,6.203666,9.461707
27.790784,10.846580,9.467389
25.751940,15.223093,9.473341
23.100242,19.251305,9.471867
19.872565,22.837009,9.470167
15.976588,25.975261,9.472936
11.637038,28.462274,9.469993
7.123242,30.178928,9.463986
2.217126,31.123878,9.460741
-2.792249,31.106594,9.464991
-7.698353,30.011629,9.476042
-11.930523,27.422517,9.468723
-15.699002,24.350111,9.464486
-19.010122,21.130618,9.471625
-21.499788,17.410088,9.475104
-23.461732,13.595415,9.476596
-24.964987,9.585890,9.465099
-25.938222,5.588888,9.465730
-26.380004,1.508798,9.479113
-26.252667,-2.599443,9.477397
-25.696095,-6.496829,9.469298
-24.327367,-10.359212,9.464554
-22.362272,-13.775240,9.465936
-19.850977,-17.022353,9.467527
-17.032483,-19.762619,9.465840
-13.878835,-22.108270,9.468474
-10.447893,-24.024369,9.466352
-6.628220,-25.539370,9.467507
-2.815094,-26.490907,9.471957
1.449324,-26.935491,9.469209
5.555234,-26.748820,9.471600
9.749446,-25.862686,9.471713
13.751102,-24.318329,9.471797
17.621949,-22.090641,9.473413
21.091934,-19.277783,9.471204
24.049358,-15.928794,9.468648
26.477122,-11.970119,9.473432
28.196312,-7.645510,9.477538
29.201594,-3.085819,9.474537
28.484942,1.481699,5.720901
28.192811,5.991579,5.717805
26.920942,10.495531,5.721250
24.868686,14.719807,5.724069
22.239976,18.597429,5.720851
19.069579,22.052039,5.717707
15.431838,25.009454,5.721545
11.255883,27.496989,5.724649
6.912393,29.270902,5.720107
2.174242,30.342184,5.714390
-2.863982,30.502477,5.716256
-7.659490,29.607978,5.717477
-11.930389,27.340437,5.713573
-15.616798,24.395730,5.714868
-18.866099,21.038461,5.720924
-21.391892,17.291172,5.722680
-23.278130,13.574180,5.724685
-24.761154,9.499264,5.725089
-25.676783,5.607442,5.722882
-26.089881,1.467425,5.721645
-25.950123,-2.524712,5.722993
-25.445837,-6.495381,5.720263
-24.109047,-10.241153,5.718901
-22.047869,-13.679102,5.713909
-19.543357,-16.782431,5.714623
-16.736484,-19.374873,5.726748
-13.599164,-21.554085,5.716209
-10.037821,-23.358994,5.716716
-6.428958,-24.611550,5.725124
-2.688464,-25.383090,5.722531
1.294683,-25.665544,5.715005
5.280224,-25.403115,5.716969
9.174420,-24.524892,5.717752
13.049811,-22.988968,5.722392
16.649499,-20.891106,5.725617
19.891744,-18.272674,5.719319
22.805624,-15.054716,5.723440
25.166967,-11.413003,5.726379
26.910889,-7.431396,5.725659
28.042555,-3.038863,5.723971
27.217085,1.368175,1.967491
27.052095,5.727931,1.975531
25.805093,10.062751,1.973027
23.754431,14.108867,1.972201
21.271500,17.680551,1.972253
18.189466,20.992641,1.964593
14.691256,23.859446,1.967569
10.841860,26.232916,1.974746
6.539328,28.104165,1.971015
1.995752,29.266361,1.966641
-2.686139,29.594011,1.972307
-7.502378,28.909867,1.965174
-11.814207,27.062692,1.965109
-15.549683,24.219081,1.970128
-18.592294,20.867895,1.969932
-21.161582,17.147435,1.967628
-23.046523,13.407808,1.971492
-24.442691,9.461184,1.969152
-25.331842,5.536632,1.963979
-25.699262,1.539145,1.964733
-25.538625,-2.478619,1.969916
-25.072545,-6.314549,1.971200
-23.720538,-10.079247,1.972817
-21.687697,-13.372901,1.977174
-19.230431,-16.332583,1.974891
-16.340601,-18.882499,1.961631
-13.103551,-20.972399,1.961312
-9.752844,-22.505609,1.965211
-6.224106,-23.569310,1.962907
-2.588055,-24.167058,1.963344
1.261724,-24.305789,1.972417
4.931969,-23.967254,1.963452
8.672605,-23.050482,1.962770
12.085786,-21.656444,1.972506
15.548927,-19.616060,1.974631
18.545075,-17.193261,1.964264
21.281098,-14.247760,1.960588
23.659501,-10.800180,1.967863
25.464597,-7.018524,1.971836
26.644602,-2.981214,1.967961
25.648738,1.232936,-1.774418
25.579019,5.406605,-1.780409
24.376405,9.547439,-1.779186
22.449481,13.257868,-1.781308
20.049032,16.654529,-1.782927
17.083152,19.805554,-1.776875
13.868681,22.454934,-1.782815
10.213318,24.766865,-1.788674
6.136216,26.638565,-1.781481
1.821779,27.874991,-1.773503
-2.641443,28.334396,-1.777118
-7.261903,27.867540,-1.777194
-11.556496,26.475747,-1.780603
-15.345043,23.842762,-1.785623
-18.332100,20.460926,-1.787241
-20.843705,16.946652,-1.786569
-22.725585,13.231987,-1.785413
-24.083728,9.292394,-1.782582
-24.920021,5.373402,-1.784033
-25.225888,1.384799,-1.783358
-25.021915,-2.455935,-1.773686
-24.465112,-6.270062,-1.774828
-23.102929,-9.848999,-1.784747
-21.029737,-13.104990,-1.785003
-18.621244,-15.887528,-1.778701
-15.799883,-18.260143,-1.780830
-12.646702,-20.168148,-1.777640
-9.393518,-21.523893,-1.777954
-5.983144,-22.416491,-1.782278
-2.486932,-22.859816,-1.783740
1.037343,-22.875138,-1.781626
4.539417,-22.472141,-1.783765
7.947218,-21.577424,-1.787982
11.336365,-20.128093,-1.786841
14.349049,-18.299187,-1.781103
17.201980,-15.966820,-1.778367
19.717643,-13.274757,-1.781433
21.960019,-10.150109,-1.784558
23.783451,-6.582261,-1.782091
25.014821,-2.753147,-1.775986
23.701638,1.073114,-5.527151
23.677632,5.019720,-5.526453
22.616213,8.801606,-5.529689
20.818981,12.323308,-5.528379
18.542316,15.530232,-5.529254
15.830383,18.390301,-5.535291
12.804383,20.912321,-5.530479
9.496947,23.050971,-5.531128
5.810446,24.823827,-5.529831
1.762538,26.104094,-5.529092
-2.591713,26.684225,-5.537272
-6.819701,26.419909,-5.532642
-11.134565,25.403902,-5.524046
-14.883720,23.206325,-5.529662
-17.951426,20.009408,-5.539199
-20.493939,16.623318,-5.533523
-22.360269,12.985042,-5.528725
-23.672580,9.106078,-5.525149
-24.434918,5.242494,-5.527858
-24.675797,1.462690,-5.534496
-24.410098,-2.316050,-5.534239
-23.623234,-6.024459,-5.527150
-22.174860,-9.520619,-5.532447
-20.205114,-12.582436,-5.531977
-17.883765,-15.180830,-5.523360
-15.053458,-17.464982,-5.527188
-12.024753,-19.189752,-5.528922
-8.912876,-20.383969,-5.534130
-5.665143,-21.137195,-5.533255
-2.348547,-21.464601,-5.530443
0.983411,-21.383636,-5.537525
4.134957,-20.943087,-5.527095
7.341651,-20.037780,-5.522705
10.385533,-18.676827,-5.524569
13.204042,-16.898106,-5.523841
15.751139,-14.747696,-5.525437
18.109541,-12.182980,-5.530525
20.145898,-9.354769,-5.536202
21.842519,-6.135512,-5.537090
23.030659,-2.682004,-5.532374
21.389835,0.890941,-9.279148
21.324357,4.423029,-9.286434
20.496811,7.853077,-9.279729
18.946583,11.184961,-9.273685
16.941222,14.088894,-9.274636
14.441377,16.777873,-9.275028
11.747409,19.058442,-9.281022
8.685105,21.082045,-9.285247
5.268265,22.771072,-9.284319
1.512768,24.014593,-9.282888
-2.394162,24.615462,-9.282354
-6.341901,24.474703,-9.275919
-10.382047,23.709872,-9.274552
-14.233850,21.987942,-9.283578
-17.410945,19.380055,-9.286715
-19.966493,16.181326,-9.277084
-21.863038,12.552863,-9.280872
-23.110919,8.797339,-9.282764
-23.770969,5.048772,-9.282013
-23.937446,1.373684,-9.283475
-23.574011,-2.279683,-9.282577
-22.396600,-5.747856,-9.275819
-20.912401,-8.963828,-9.280343
-19.122563,-11.829180,-9.287697
-16.821964,-14.325274,-9.287803
-14.152547,-16.411909,-9.284178
-11.307983,-17.978666,-9.276679
-8.257048,-19.091946,-9.277627
-5.217781,-19.732265,-9.285573
-2.121213,-19.978130,-9.286014
0.841050,-19.858315,-9.275869
3.903988,-19.344307,-9.275263
6.737033,-18.469487,-9.277761
9.422785,-17.212555,-9.277092
12.013771,-15.500059,-9.277671
14.336308,-13.437246,-9.282026
16.392258,-11.109041,-9.281624
18.168694,-8.563596,-9.284040
19.680278,-5.678775,-9.284181
20.807149,-2.460572,-9.279329
18.854804,0.823488,-13.027216
18.678776,3.784544,-13.031106
18.065432,6.959298,-13.030889
16.867815,9.944713,-13.027288
15.159528,12.534880,-13.025683
13.003898,14.932477,-13.027514
10.466707,17.125942,-13.029840
7.673757,18.982367,-13.033780
4.670727,20.476486,-13.030478
1.369689,21.591762,-13.028083
-2.197067,22.165816,-13.035153
-5.809054,22.055808,-13.030708
-9.480098,21.366662,-13.027487
-13.178825,20.153577,-13.031679
-16.463802,18.149224,-13.032198
-18.886098,15.276922,-13.026470
-20.724825,11.867697,-13.032047
-21.916228,8.319449,-13.030614
-22.496610,4.764138,-13.027260
-22.610931,1.267013,-13.029327
-22.189093,-2.191614,-13.031339
-20.725139,-5.334517,-13.032310
-19.300686,-8.244855,-13.029220
-17.675764,-11.009825,-13.026940
-15.543105,-13.270620,-13.025822
-13.086288,-15.152552,-13.025017
-10.477378,-16.564286,-13.035477
-7.689351,-17.583558,-13.029672
-4.915182,-18.176714,-13.025741
-2.085015,-18.399627,-13.033247
0.749261,-18.261695,-13.031246
3.411034,-17.761725,-13.031424
6.110660,-16.882667,-13.027829
8.539189,-15.684085,-13.028010
10.860997,-14.051616,-13.029288
12.835402,-12.196361,-13.024060
14.650311,-10.014063,-13.025589
16.190286,-7.635965,-13.026086
17.456884,-5.075128,-13.024828
18.415820,-2.237749,-13.024787
16.232916,0.607222,-16.782940
15.940318,3.222535,-16.781015
15.567029,5.955413,-16.786725
14.736121,8.557028,-16.781601
13.220414,10.999947,-16.774214
11.334294,13.149272,-16.779970
9.182098,15.035986,-16.779021
6.707431,16.690166,-16.781265
4.037149,18.003636,-16.785796
1.100034,18.973548,-16.787241
-1.954755,19.447701,-16.786446
-5.158890,19.298690,-16.787170
-8.399325,18.618022,-16.783000
-11.604863,17.654247,-16.780872
-14.598650,16.035381,-16.781667
-16.854683,13.419670,-16.780540
-18.471465,10.515458,-16.784539
-19.583830,7.386996,-16.780304
-20.143444,4.240584,-16.777438
-20.293271,1.021731,-16.779521
-19.958344,-2.051993,-16.777596
-18.617270,-4.818886,-16.781923
-17.360092,-7.531129,-16.779645
-15.985908,-10.018953,-16.778285
-14.087346,-12.025193,-16.782433
-11.810273,-13.755721,-16.780709
-9.499739,-15.017539,-16.774699
-7.032751,-15.940814,-16.778886
-4.463136,-16.509867,-16.788228
-1.952812,-16.727079,-16.786205
0.676508,-16.597646,-16.773611
3.028941,-16.107310,-16.773816
5.413185,-15.288500,-16.773866
7.647450,-14.130431,-16.776881
9.576096,-12.693679,-16.781778
11.358898,-10.914533,-16.780061
12.899063,-8.920741,-16.778788
14.113986,-6.854501,-16.777643
15.170428,-4.539540,-16.778724
15.969963,-1.996167,-16.782111
13.691254,0.394613,-20.533747
13.332566,2.631834,-20.529395
13.150214,4.898440,-20.524663
12.557553,7.266919,-20.527053
11.294274,9.401678,-20.536093
9.701855,11.275580,-20.537325
7.861613,12.913241,-20.526163
5.727320,14.330038,-20.533046
3.420228,15.441403,-20.537615
0.883597,16.250742,-20.532799
-1.751452,16.614302,-20.532371
-4.502977,16.403770,-20.530169
-7.179450,15.750059,-20.530859
-9.867490,14.738274,-20.531736
-12.256568,13.200594,-20.532250
-14.041218,11.083641,-20.534595
-15.478285,8.611540,-20.533061
-16.476740,6.039361,-20.529127
-17.040061,3.446726,-20.530995
-17.285659,0.787033,-20.534315
-17.145967,-1.870292,-20.530693
-16.184071,-4.336602,-20.535718
-15.278877,-6.642387,-20.538317
-14.116271,-8.901334,-20.537307
-12.428434,-10.715030,-20.534541
-10.554954,-12.154876,-20.527981
-8.407471,-13.359073,-20.524360
-6.297440,-14.187565,-20.530162
-4.000724,-14.744718,-20.529386
-1.744708,-14.968962,-20.525703
0.518255,-14.856030,-20.537195
2.632415,-14.385153,-20.537999
4.767745,-13.617952,-20.535922
6.672240,-12.588572,-20.535732
8.376708,-11.247843,-20.534973
9.863684,-9.670719,-20.533684
11.128913,-7.909122,-20.534267
12.130894,-5.996705,-20.536507
12.958997,-3.961643,-20.537754
13.559427,-1.845614,-20.536703
11.334480,0.195087,-24.274883
10.970416,2.062557,-24.286014
10.877250,4.047846,-24.280369
10.474623,5.974066,-24.273151
9.459788,7.793705,-24.278976
8.144093,9.383435,-24.285282
6.539895,10.814961,-24.276138
4.742377,11.995732,-24.273448
2.793815,12.899846,-24.279954
0.650007,13.536356,-24.284796
-1.566358,13.794259,-24.280557
-3.867746,13.546512,-24.274773
-6.098707,12.909091,-24.284471
-8.087148,11.897689,-24.284406
-9.870192,10.418394,-24.279268
-11.278781,8.685132,-24.288071
-12.438153,6.776619,-24.279543
-13.311186,4.721963,-24.280960
-13.866022,2.647757,-24.285121
-14.184320,0.517501,-24.279941
-14.218696,-1.633156,-24.278255
-13.731812,-3.718084,-24.281585
-13.096533,-5.786499,-24.282247
-12.157169,-7.701794,-24.282067
-10.771835,-9.251044,-24.281575
-9.077695,-10.572502,-24.279112
-7.359018,-11.562901,-24.286148
-5.452864,-12.365225,-24.285654
-3.537538,-12.877883,-24.279700
-1.564792,-13.108042,-24.283209
0.335690,-13.036236,-24.290087
2.268649,-12.596075,-24.279520
4.054620,-11.932286,-24.282643
5.710119,-11.002964,-24.289952
7.175771,-9.788916,-24.287999
8.440849,-8.368899,-24.285440
9.450535,-6.854043,-24.283535
10.218361,-5.213697,-24.285348
10.845616,-3.477726,-24.282327
11.306803,-1.604108,-24.274302
9.163978,0.076893,-28.032369
8.877042,1.539071,-28.028183
8.814688,3.163974,-28.027181
8.478109,4.808352,-28.030858
7.658734,6.304132,-28.027381
6.585851,7.607958,-28.024058
5.309410,8.719381,-28.036882
3.831717,9.677612,-28.032543
2.168138,10.427628,-28.028055
0.468807,10.900885,-28.030377
-1.415442,11.080167,-28.029008
-3.225866,10.840265,-28.029925
-4.983248,10.294717,-28.031325
-6.568392,9.284928,-28.035515
-7.805122,8.017894,-28.038176
-8.950293,6.597253,-28.033136
-9.841148,5.159369,-28.025889
-10.564409,3.554213,-28.023360
-11.056715,1.936795,-28.025935
-11.363428,0.271713,-28.026270
-11.474531,-1.417036,-28.023643
-11.293609,-3.163302,-28.035334
-10.894170,-4.886485,-28.030682
-10.152124,-6.471373,-28.026129
-8.998338,-7.809492,-28.034136
-7.682381,-8.872209,-28.026533
-6.176373,-9.781256,-28.023174
-4.691543,-10.441302,-28.031774
-3.069204,-10.917054,-28.038254
-1.459733,-11.146911,-28.036175
0.232034,-11.111408,-28.037661
1.812620,-10.746879,-28.038277
3.339806,-10.179494,-28.032694
4.743325,-9.371610,-28.035257
5.972482,-8.305603,-28.037576
6.988562,-7.126974,-28.027997
7.816890,-5.807865,-28.031309
8.425064,-4.380783,-28.025888
8.882869,-2.942896,-28.023226
9.184860,-1.466331,-28.028937
7.033477,-0.069957,-31.781620
6.819295,1.067742,-31.783723
6.772951,2.330050,-31.787561
6.498330,3.607451,-31.782313
5.855741,4.763546,-31.782479
5.010349,5.768312,-31.786159
3.975154,6.661938,-31.774797
2.857978,7.356006,-31.777496
1.552302,7.909443,-31.786678
0.225273,8.254366,-31.784350
-1.187445,8.366443,-31.778155
-2.589525,8.151105,-31.787224
-3.948514,7.692768,-31.784573
-5.075546,6.860787,-31.784149
-5.968668,5.809913,-31.788719
-6.784941,4.782865,-31.785909
-7.481530,3.668908,-31.784854
-8.013018,2.523636,-31.786684
-8.429095,1.276891,-31.783060
-8.694783,0.043472,-31.775494
-8.822406,-1.264663,-31.776706
-8.803334,-2.578665,-31.782547
-8.570753,-3.929188,-31.785843
-8.024366,-5.179309,-31.787245
-7.162616,-6.245113,-31.788461
-6.114787,-7.123135,-31.785889
-5.003492,-7.825120,-31.782954
-3.816702,-8.391190,-31.784415
-2.567051,-8.796111,-31.783132
-1.269526,-9.013691,-31.776915
0.045761,-9.011115,-31.779050
1.326763,-8.726819,-31.785452
2.562634,-8.266580,-31.787949
3.696339,-7.608628,-31.779164
4.641115,-6.769309,-31.777455
5.448631,-5.799620,-31.787250
6.083715,-4.769129,-31.774219
6.544526,-3.599293,-31.781356
6.861491,-2.471616,-31.789815
7.072520,-1.268952,-31.786129
4.636076,-0.277329,-35.529926
4.509393,0.526041,-35.525060
4.468212,1.410220,-35.525005
4.229986,2.256591,-35.533895
3.793608,2.990676,-35.537184
3.188594,3.680398,-35.533726
2.502879,4.239301,-35.532469
1.713476,4.711008,-35.528518
0.861716,5.054630,-35.525745
-0.036520,5.260832,-35.529914
-0.953188,5.302227,-35.534368
-1.894298,5.142624,-35.529553
-2.764819,4.816591,-35.530562
-3.480149,4.206237,-35.532540
-4.021707,3.497038,-35.529675
-4.541811,2.828887,-35.527176
-4.988455,2.108312,-35.531424
-5.340964,1.374436,-35.527459
-5.613016,0.608886,-35.525771
-5.797857,-0.183105,-35.533285
-5.913780,-1.023293,-35.531766
-5.962348,-1.906227,-35.531268
-5.867014,-2.821232,-35.533833
-5.548038,-3.683213,-35.531197
-5.006124,-4.427718,-35.526011
-4.318689,-5.037906,-35.531562
-3.584959,-5.531736,-35.530611
-2.766447,-5.949149,-35.533448
-1.932833,-6.242601,-35.536609
-1.030891,-6.421409,-35.528434
-0.111048,-6.439802,-35.528757
0.787575,-6.255346,-35.527980
1.621486,-5.951806,-35.528252
2.411860,-5.489657,-35.531520
3.071309,-4.897684,-35.530993
3.617001,-4.248663,-35.528892
4.061502,-3.484396,-35.537039
4.360719,-2.692070,-35.531725
4.564533,-1.897781,-35.527340
4.674031,-1.086372,-35.529758
-0.360651,-0.818065,-39.281149
16.207278,4.145595,35.718851
15.105693,6.590186,35.718851
13.602691,8.809759,35.718851
11.819979,10.681577,35.718851
9.836674,12.186578,35.718851
7.635356,13.349168,35.718851
5.266073,14.114003,35.718851
2.890829,14.419995,35.718851
0.596783,14.274389,35.718851
-1.537042,13.727875,35.718851
-3.547472,12.828087,35.718851
-5.254601,11.766184,35.718851
-6.831665,10.519975,35.718851
-8.208728,9.190118,35.718851
-9.399982,7.816302,35.718851
-10.471563,6.347127,35.718851
-11.414382,4.792090,35.718851
-12.252991,3.071406,35.718851
-12.912163,1.274124,35.718851
-13.393404,-0.775985,35.718851
-13.564569,-2.876358,35.718851
-13.363670,-4.973143,35.718851
-12.688485,-7.170183,35.718851
-11.650147,-9.112372,35.718851
-10.235857,-10.923082,35.718851
-8.481065,-12.550400,35.718851
-6.505053,-13.900269,35.718851
-4.271841,-14.997952,35.718851
-1.905268,-15.767275,35.718851
0.643800,-16.194132,35.718851
3.228416,-16.210686,35.718851
5.964151,-15.742835,35.718851
8.484339,-14.828462,35.718851
10.888427,-13.440644,35.718851
13.063206,-11.564838,35.718851
14.762613,-9.368370,35.718851
16.023486,-6.789742,35.718851
16.770724,-4.104183,35.718851
17.058346,-1.326094,35.718851
15.592730,1.330211,32.476655
14.880206,3.762824,32.474540
13.915910,6.097402,32.466812
12.985193,8.347046,32.464190
11.502835,10.374799,32.471847
9.636627,12.082368,32.472036
7.866262,13.766970,32.463512
5.900603,15.541313,32.464276
3.293328,16.025647,32.467978
0.775574,16.026576,32.473035
-1.655664,15.639791,32.472602
-3.895908,14.221337,32.464441
-5.695323,12.895621,32.470714
-7.414651,11.502130,32.477118
-8.886083,10.110043,32.472749
-10.246071,8.614192,32.462914
-11.443720,6.987070,32.463093
-12.478381,5.247059,32.470260
-13.338614,3.306984,32.474119
-13.848602,1.348552,32.471296
-14.062315,-0.761517,32.473110
-14.083513,-2.990658,32.473049
-13.869571,-5.199152,32.467284
-13.271177,-7.448547,32.462907
-12.352882,-9.699982,32.462900
-10.940241,-11.782775,32.464801
-9.206785,-13.777058,32.463090
-7.159374,-15.559819,32.462703
-4.766966,-16.895915,32.465674
-2.123491,-17.902143,32.464192
0.784821,-18.267287,32.468275
3.712580,-18.040218,32.465075
6.538858,-17.274431,32.465424
9.189043,-16.002373,32.471425
11.622159,-14.215566,32.474441
13.690173,-12.106904,32.473924
15.299060,-9.651475,32.471692
15.471590,-6.548816,32.466122
15.551481,-3.778432,32.467116
15.764095,-1.165372,32.472628
15.312184,1.370016,29.221096
14.671841,3.811145,29.224475
13.881341,6.094182,29.225922
13.136843,8.511850,29.214443
11.877815,10.678156,29.213039
10.149239,12.657737,29.217853
8.425054,14.664471,29.215587
6.439456,16.739702,29.212248
3.666237,17.348725,29.220378
0.830009,17.149629,29.227515
-1.746218,16.448577,29.222870
-3.990081,14.859826,29.214366
-5.889115,13.349527,29.221688
-7.647750,11.862033,29.225531
-9.163754,10.403373,29.222776
-10.569115,8.841478,29.223204
-11.816972,7.151052,29.223405
-12.863816,5.327299,29.216757
-13.648682,3.377466,29.213173
-14.113654,1.326542,29.223154
-14.273670,-0.766945,29.222680
-14.258699,-2.977456,29.218610
-14.036426,-5.273677,29.218028
-13.481614,-7.628019,29.215153
-12.644593,-10.012046,29.214426
-11.280402,-12.242948,29.221693
-9.599726,-14.417063,29.227255
-7.587549,-16.390987,29.222519
-5.078833,-17.955438,29.215959
-2.168395,-19.155291,29.216575
0.862462,-19.474663,29.211931
3.896439,-19.120897,29.220648
6.885908,-18.135597,29.218169
9.548213,-16.637697,29.215296
11.949809,-14.613588,29.223869
13.945057,-12.287245,29.223185
15.418337,-9.737459,29.220270
15.614152,-6.612813,29.222031
15.570348,-3.740106,29.222408
15.569451,-1.124205,29.221148
15.683348,1.329632,25.971508
15.235855,3.853132,25.969935
14.561042,6.329530,25.972007
13.816396,8.902274,25.968005
12.648990,11.298723,25.963520
11.019188,13.550563,25.968953
9.128612,15.746766,25.975365
6.835568,17.711208,25.963689
3.844127,18.326457,25.970415
0.944430,17.797952,25.974258
-1.760692,16.555957,25.967984
-4.013632,14.920234,25.968112
-5.916397,13.358813,25.963878
-7.595226,11.870311,25.968754
-9.113407,10.363811,25.973101
-10.516753,8.750150,25.964273
-11.711217,7.105545,25.965113
-12.700674,5.330595,25.965082
-13.458720,3.329852,25.961781
-13.904410,1.347049,25.967638
-14.143553,-0.778601,25.973894
-14.160847,-3.024882,25.971103
-13.927854,-5.257110,25.965090
-13.433269,-7.557941,25.965831
-12.634314,-10.001116,25.966887
-11.384003,-12.231927,25.969073
-9.733501,-14.486406,25.970983
-7.647087,-16.612307,25.968942
-5.136228,-18.268680,25.968027
-2.289443,-19.492585,25.971904
0.900534,-19.827936,25.965152
3.982323,-19.414987,25.967672
6.991301,-18.313503,25.972880
9.629983,-16.675346,25.970207
11.919399,-14.587520,25.967208
13.770286,-12.228753,25.968982
15.193263,-9.593229,25.967341
15.884290,-6.682206,25.968708
16.049693,-3.901433,25.971663
15.942876,-1.228617,25.973239
16.306575,1.388854,22.718779
16.047883,4.041427,22.723117
15.490980,6.763366,22.725193
14.658215,9.414374,22.726174
13.478733,12.044633,22.718336
11.881489,14.580986,22.711755
9.750973,16.830415,22.717169
7.056446,18.369973,22.721218
4.069291,18.866977,22.715065
0.921606,17.973598,22.716940
-1.695419,16.255096,22.725798
-3.957564,14.651177,22.722546
-5.849453,13.088143,22.716644
-7.494358,11.559274,22.718315
-8.901201,10.098114,22.719623
-10.196012,8.535004,22.715156
-11.358947,6.870146,22.721627
-12.267668,5.175308,22.727097
-12.964894,3.268424,22.724986
-13.424331,1.292211,22.723759
-13.771928,-0.711644,22.724714
-13.865693,-2.946965,22.724444
-13.627085,-5.074397,22.722272
-13.152681,-7.375376,22.719301
-12.383628,-9.711442,22.713235
-11.118280,-12.058140,22.712284
-9.527455,-14.213001,22.715337
-7.485960,-16.239321,22.714769
-4.988438,-17.901309,22.714021
-2.228808,-19.053004,22.719643
0.851694,-19.387002,22.716772
3.926099,-18.957163,22.715798
6.816656,-17.846930,22.713712
9.332018,-16.224559,22.714552
11.520137,-14.181997,22.720154
13.321426,-11.796514,22.719560
14.681142,-9.252086,22.714072
15.762626,-6.687989,22.720544
16.327839,-3.987902,22.722631
16.417588,-1.193443,22.718759
16.812942,1.512096,19.471621
16.701223,4.231438,19.465291
16.276422,7.028156,19.468847
15.307686,9.792309,19.467999
14.089892,12.572324,19.471467
12.511644,15.313857,19.471752
10.151848,17.524531,19.462101
7.185095,18.534853,19.461798
4.072005,18.865160,19.465086
0.938833,17.751301,19.466092
-1.659200,15.698099,19.466107
-3.830028,14.245311,19.468725
-5.696069,12.730010,19.471122
-7.211468,11.277827,19.469280
-8.629157,9.739032,19.465694
-9.851547,8.168881,19.464467
-10.886496,6.592294,19.463572
-11.741486,4.912128,19.468797
-12.370532,3.134892,19.473062
-12.839926,1.202987,19.464077
-13.283109,-0.744306,19.469123
-13.431139,-2.820290,19.475677
-13.171849,-4.908439,19.470334
-12.687389,-7.158642,19.465969
-11.908097,-9.326759,19.471075
-10.709723,-11.537865,19.470272
-9.101205,-13.603123,19.466198
-7.173538,-15.376229,19.468557
-4.794258,-16.906583,19.472394
-2.153774,-17.921804,19.468474
0.760983,-18.257192,19.463222
3.667637,-17.856208,19.463969
6.407195,-16.805956,19.471475
8.786522,-15.279423,19.469965
10.864866,-13.357398,19.464047
12.587934,-11.119231,19.470115
13.937000,-8.753466,19.474546
15.205067,-6.460857,19.472504
16.164032,-3.919238,19.473530
16.664108,-1.222144,19.476110
16.750403,1.449898,16.216627
16.704622,4.263588,16.220008
16.341611,7.046464,16.224805
15.275164,9.740333,16.224340
14.031518,12.583474,16.218930
12.517970,15.328720,16.217326
10.083867,17.388991,16.222410
6.954432,18.044112,16.224105
3.855533,18.208539,16.218627
0.896510,17.084179,16.220143
-1.683761,15.075734,16.224466
-3.730478,13.824536,16.220443
-5.541316,12.407621,16.220542
-7.055672,10.938970,16.220460
-8.381460,9.439904,16.216117
-9.509150,7.906127,16.211853
-10.459003,6.371813,16.217702
-11.243240,4.748579,16.223002
-11.861326,2.947937,16.221002
-12.307680,1.202619,16.219877
-12.755599,-0.655941,16.222167
-12.916189,-2.639053,16.224046
-12.635841,-4.735090,16.224843
-12.149145,-6.780006,16.225287
-11.309092,-8.814470,16.215324
-10.161486,-10.822142,16.214164
-8.544840,-12.722202,16.216533
-6.663893,-14.234414,16.216121
-4.412322,-15.535169,16.219046
-1.927255,-16.324118,16.216772
0.665215,-16.614957,16.214235
3.243674,-16.269408,16.212923
5.786187,-15.330717,16.218835
8.010500,-13.979788,16.222533
9.972212,-12.261965,16.216533
11.577542,-10.341375,16.214221
12.939282,-8.239307,16.222306
14.331228,-6.039916,16.218604
15.490991,-3.799624,16.214413
16.372327,-1.221174,16.214631
15.655797,1.374659,12.966151
15.567982,3.981360,12.970281
15.129738,6.628686,12.969178
13.993145,9.054167,12.969633
12.869375,11.599737,12.970531
11.451941,14.100885,12.972521
9.200481,15.887364,12.972025
6.330277,16.626163,12.964710
3.513461,16.765816,12.968726
0.796926,16.010763,12.971053
-1.586885,14.713795,12.969228
-3.695646,13.559915,12.973211
-5.477939,12.237721,12.976262
-6.959043,10.831721,12.970653
-8.291532,9.293135,12.966241
-9.357948,7.778538,12.972899
-10.245039,6.257577,12.975544
-11.007994,4.571355,12.973117
-11.569452,2.903176,12.969532
-12.015132,1.201822,12.967542
-12.333976,-0.625864,12.973327
-12.374944,-2.565308,12.971921
-12.095934,-4.494874,12.964949
-11.546728,-6.456581,12.973311
-10.644497,-8.277997,12.973463
-9.488813,-10.082610,12.971476
-7.955464,-11.667689,12.970299
-6.094660,-12.908814,12.966759
-4.020405,-13.920847,12.965190
-1.858098,-14.440225,12.968704
0.542122,-14.694296,12.967706
2.830097,-14.393145,12.972318
5.021268,-13.623747,12.970533
7.123450,-12.456596,12.969786
8.936547,-11.014486,12.973757
10.527106,-9.333097,12.970807
11.867775,-7.560772,12.970591
13.203123,-5.560576,12.966209
14.344099,-3.514183,12.962458
15.261535,-1.167536,12.962048
13.803883,1.220360,9.720652
13.627711,3.490078,9.719423
13.084621,5.771762,9.720809
12.026199,7.863353,9.721477
10.995843,9.997924,9.721879
9.615585,11.950435,9.718277
7.683822,13.491756,9.713341
5.537901,14.653983,9.715305
3.064660,14.843609,9.720824
0.673056,14.797411,9.724429
-1.625100,14.514819,9.721485
-3.671443,13.510673,9.715520
-5.471558,12.263788,9.719782
-7.026980,10.866365,9.720013
-8.292398,9.405541,9.715177
-9.389893,7.818200,9.714100
-10.273518,6.197178,9.714920
-10.966504,4.579044,9.719919
-11.536339,2.910230,9.723614
-11.964971,1.197314,9.716781
-12.050748,-0.638997,9.715819
-11.896979,-2.484526,9.719684
-11.606158,-4.305947,9.719832
-10.977977,-6.132586,9.718082
-9.978089,-7.776871,9.718885
-8.806152,-9.329090,9.716741
-7.304192,-10.638140,9.715751
-5.506342,-11.580319,9.717869
-3.634856,-12.305908,9.719035
-1.643982,-12.604755,9.723911
0.369986,-12.764323,9.719933
2.357055,-12.508448,9.713653
4.356327,-11.849094,9.714695
6.157667,-10.956835,9.722039
7.871645,-9.746670,9.722410
9.365162,-8.395290,9.715255
10.764084,-6.833683,9.717875
11.924654,-5.088549,9.720139
12.902447,-3.112746,9.721521
13.570252,-1.021758,9.722046
11.964403,1.077925,6.468912
11.767853,3.074661,6.470927
11.233568,5.017112,6.468092
10.505130,6.891861,6.471276
9.438625,8.606911,6.470048
7.969963,10.063851,6.467694
6.427685,11.527397,6.469964
4.836158,12.997200,6.472786
2.646430,13.198864,6.467289
0.603604,13.779882,6.466426
-1.591405,14.453083,6.467838
-3.709132,13.551825,6.464745
-5.561991,12.374608,6.471897
-7.138319,11.045529,6.475363
-8.473907,9.526311,6.472902
-9.565615,7.929987,6.472482
-10.409984,6.277395,6.471645
-11.090887,4.635265,6.470734
-11.679065,2.952875,6.470037
-12.060758,1.205283,6.469686
-11.918457,-0.629808,6.473518
-11.587034,-2.388390,6.470880
-11.248005,-4.131811,6.462820
-10.521549,-5.844042,6.464218
-9.472809,-7.275817,6.463929
-8.204992,-8.651785,6.468175
-6.709625,-9.720120,6.472971
-5.047653,-10.391509,6.473176
-3.344697,-10.899105,6.474097
-1.496080,-11.042363,6.469619
0.287254,-11.102274,6.466058
2.043068,-10.863188,6.471427
3.744593,-10.326090,6.469402
5.361529,-9.587921,6.469297
6.865086,-8.637063,6.472384
8.325984,-7.488389,6.467027
9.654444,-6.193258,6.473959
10.697648,-4.563968,6.471927
11.407510,-2.758028,6.467058
11.822101,-0.859607,6.465309
11.058839,1.020149,3.220669
11.069399,2.934086,3.221236
10.756552,4.853870,3.223932
10.327568,6.822018,3.224121
9.141673,8.407829,3.224865
7.645975,9.658040,3.220068
6.179257,11.048124,3.215909
4.557384,12.456254,3.221786
2.529309,12.813640,3.222611
0.556607,13.568481,3.216498
-1.593278,14.335586,3.213332
-3.687047,13.644621,3.218204
-5.594422,12.578843,3.215306
-7.262947,11.257942,3.218894
-8.623186,9.768055,3.223793
-9.766631,8.119599,3.216942
-10.583765,6.454632,3.214924
-11.289072,4.736523,3.216398
-11.904250,2.981751,3.216219
-12.205100,1.214854,3.215154
-11.960421,-0.611256,3.216985
-11.532462,-2.353428,3.220155
-11.074257,-4.071276,3.220407
-10.235295,-5.647678,3.216871
-9.080471,-7.005769,3.216986
-7.784199,-8.127586,3.221153
-6.315267,-8.988155,3.218740
-4.696526,-9.549494,3.213403
-3.027843,-9.913515,3.221408
-1.471042,-9.979362,3.219739
0.165789,-9.944277,3.222956
1.777393,-9.695774,3.221319
3.268947,-9.232356,3.215231
4.759933,-8.564990,3.213307
6.155949,-7.717414,3.213894
7.471876,-6.744478,3.216528
8.716910,-5.577877,3.219994
9.630776,-4.132435,3.214332
10.291335,-2.477214,3.214225
10.744442,-0.748984,3.218997
11.011764,1.016096,-0.033102
11.398723,3.029468,-0.036277
11.384458,5.037797,-0.034632
11.097550,7.255865,-0.034455
9.861734,9.042891,-0.029175
8.266071,10.416884,-0.028677
6.550633,11.676099,-0.032384
4.673685,12.713483,-0.030340
2.682283,13.501916,-0.027148
0.596300,14.013818,-0.027067
-1.615415,14.102200,-0.031107
-3.711350,13.635234,-0.036224
-5.644150,12.703796,-0.037663
-7.352848,11.412259,-0.034295
-8.781709,9.912359,-0.032570
-9.933914,8.282706,-0.035282
-10.770402,6.558172,-0.031328
-11.501049,4.778229,-0.029031
-12.089539,3.029566,-0.029973
-12.313447,1.191662,-0.027569
-12.098989,-0.636910,-0.034588
-11.670617,-2.366743,-0.034259
-11.031783,-4.092658,-0.024713
-10.050218,-5.570379,-0.028803
-8.887350,-6.820035,-0.030210
-7.501322,-7.786107,-0.027184
-5.961217,-8.521015,-0.028245
-4.503712,-9.042147,-0.033362
-2.899009,-9.299150,-0.032966
-1.348426,-9.362696,-0.031644
0.122519,-9.243604,-0.036215
1.575005,-8.968883,-0.036074
2.981664,-8.522378,-0.032356
4.319471,-7.894576,-0.032849
5.576457,-7.121047,-0.033482
6.814140,-6.183575,-0.028858
7.924978,-5.104079,-0.026543
8.833195,-3.755894,-0.035581
9.609200,-2.327897,-0.036968
10.354430,-0.720773,-0.032355
11.046352,1.026888,-3.278593
11.713004,3.061185,-3.280281
11.955781,5.288401,-3.280468
11.759340,7.683304,-3.283819
10.559387,9.585837,-3.282207
8.884973,11.149750,-3.278285
6.957728,12.334248,-3.277999
4.820646,12.991417,-3.282388
2.857843,13.983352,-3.286111
0.605939,14.227511,-3.279822
-1.565927,13.793556,-3.275006
-3.691814,13.505813,-3.281862
-5.668146,12.673595,-3.285685
-7.362454,11.439672,-3.287346
-8.827307,9.967582,-3.285998
-10.006318,8.342778,-3.280762
-10.866377,6.618559,-3.281722
-11.603641,4.825837,-3.284067
-12.150391,3.056981,-3.281991
-12.317656,1.207187,-3.278101
-12.218954,-0.651958,-3.280576
-11.832500,-2.393111,-3.281820
-11.034280,-4.068639,-3.281462
-9.935090,-5.469959,-3.286441
-8.727581,-6.701761,-3.279357
-7.269240,-7.545136,-3.277796
-5.743300,-8.165279,-3.283653
-4.304901,-8.746977,-3.281326
-2.829421,-8.923684,-3.275966
-1.341490,-9.014786,-3.283499
0.052045,-8.847754,-3.281422
1.431372,-8.527077,-3.284524
2.766219,-8.081016,-3.286072
4.024274,-7.438948,-3.284558
5.203189,-6.664908,-3.285667
6.291517,-5.766882,-3.277584
7.309027,-4.685612,-3.279448
8.205033,-3.501206,-3.280761
9.155363,-2.172417,-3.279526
10.133144,-0.682952,-3.277673
10.703897,1.030279,-6.532139
11.443152,3.018196,-6.535695
11.734288,5.186641,-6.530209
11.335146,7.416995,-6.531766
10.336638,9.434847,-6.528198
8.925219,11.158598,-6.528028
6.959991,12.348095,-6.530493
4.747444,12.853054,-6.525719
2.812631,13.837034,-6.528347
0.558587,13.949403,-6.527011
-1.553499,13.402837,-6.528971
-3.580831,13.221918,-6.538345
-5.550162,12.485999,-6.530149
-7.301065,11.264548,-6.528709
-8.708887,9.894705,-6.533949
-9.931852,8.257436,-6.528925
-10.815489,6.583735,-6.531331
-11.536768,4.821718,-6.536092
-12.028173,2.997134,-6.536660
-12.159692,1.180914,-6.534687
-12.191035,-0.656089,-6.528794
-11.842389,-2.430507,-6.530602
-10.929974,-4.020870,-6.537825
-9.775732,-5.331305,-6.534744
-8.565059,-6.521658,-6.533846
-7.039717,-7.315203,-6.530920
-5.591189,-7.845185,-6.531249
-4.206281,-8.481477,-6.537913
-2.757996,-8.645793,-6.534396
-1.368768,-8.779180,-6.531662
0.060079,-8.582333,-6.526913
1.405041,-8.216614,-6.526702
2.700068,-7.740179,-6.531783
3.842439,-7.089930,-6.529448
4.908959,-6.325220,-6.525675
5.919880,-5.380314,-6.531143
6.766896,-4.377312,-6.532877
7.712984,-3.268169,-6.530277
8.693407,-2.087653,-6.526701
9.731587,-0.678059,-6.525632
9.983554,0.951648,-9.781993
10.679155,2.837943,-9.779117
10.781087,4.810636,-9.781462
9.830604,6.527061,-9.780795
9.325592,8.560875,-9.781637
8.405438,10.561647,-9.780052
6.551180,11.720273,-9.780223
4.539295,12.282990,-9.785390
2.632172,13.250889,-9.781041
0.523678,13.346849,-9.780076
-1.501604,12.884104,-9.781518
-3.511651,12.739996,-9.779488
-5.404701,12.058805,-9.784356
-7.042579,10.961425,-9.783467
-8.504281,9.572807,-9.776697
-9.646204,8.074739,-9.776922
-10.571739,6.436492,-9.783759
-11.278507,4.686633,-9.785226
-11.683600,2.923710,-9.778222
-11.803525,1.118820,-9.773810
-11.910622,-0.640912,-9.780118
-11.588619,-2.395212,-9.786311
-10.643487,-3.883655,-9.784789
-9.455623,-5.153384,-9.782557
-8.277244,-6.266587,-9.780205
-6.816111,-7.024755,-9.776711
-5.364533,-7.545411,-9.773886
-4.112900,-8.151263,-9.775231
-2.667359,-8.356620,-9.783569
-1.342311,-8.533403,-9.789222
0.019236,-8.354630,-9.779192
1.367285,-7.958510,-9.779546
2.531267,-7.506480,-9.781174
3.660451,-6.810464,-9.780692
4.648516,-6.036290,-9.781252
5.559874,-5.078692,-9.776767
6.319649,-4.081163,-9.786911
7.222578,-3.111296,-9.780231
8.241419,-1.947324,-9.778813
9.173049,-0.640599,-9.783291
9.026418,0.919888,-13.032042
9.513452,2.574339,-13.027354
9.301890,4.212683,-13.025306
8.087869,5.425947,-13.032232
8.019255,7.477910,-13.035311
7.432688,9.500819,-13.028624
5.903478,10.607591,-13.026693
4.130826,11.404294,-13.035214
2.429951,12.296552,-13.038331
0.493606,12.476656,-13.030005
-1.413738,12.190362,-13.023000
-3.355669,12.052396,-13.026031
-5.131066,11.429949,-13.027489
-6.725937,10.388864,-13.029532
-8.095646,9.095622,-13.032335
-9.207781,7.649999,-13.033589
-10.102855,6.133909,-13.036907
-10.754385,4.500471,-13.036180
-11.097535,2.776430,-13.032327
-11.199848,1.091190,-13.033601
-11.304117,-0.555032,-13.030471
-11.000740,-2.253277,-13.032558
-10.060406,-3.687430,-13.037619
-8.950030,-4.874830,-13.026563
-7.834511,-5.887068,-13.026816
-6.487579,-6.650010,-13.032254
-5.145155,-7.167288,-13.032140
-3.895953,-7.718662,-13.033589
-2.556714,-7.976060,-13.036148
-1.261291,-8.187994,-13.027810
0.015668,-8.046407,-13.027336
1.276909,-7.682680,-13.028802
2.417207,-7.218639,-13.030723
3.506033,-6.501288,-13.033386
4.447886,-5.697759,-13.031769
5.206831,-4.807375,-13.029041
5.920336,-3.800403,-13.026036
6.778077,-2.904620,-13.035341
7.670418,-1.841164,-13.038850
8.458977,-0.566370,-13.035671
7.814075,0.792289,-16.277015
7.990944,2.191086,-16.277081
7.531487,3.510551,-16.280858
6.648383,4.582088,-16.283672
6.720169,6.363470,-16.284275
6.193084,8.007004,-16.284146
4.983168,9.195493,-16.285634
3.632291,10.216433,-16.288672
2.131165,11.054752,-16.289584
0.361141,11.331578,-16.282447
-1.363343,11.252369,-16.274413
-3.114268,11.110600,-16.273765
-4.771588,10.523706,-16.279657
-6.258308,9.557741,-16.285170
-7.492040,8.387182,-16.282458
-8.497846,7.085895,-16.274731
-9.343072,5.670881,-16.281414
-9.940251,4.140332,-16.284591
-10.223992,2.578556,-16.278618
-10.299946,0.999250,-16.284694
-10.334211,-0.486556,-16.283677
-10.037526,-2.019440,-16.280554
-9.219288,-3.325812,-16.284664
-8.256947,-4.439129,-16.281655
-7.206357,-5.373025,-16.276379
-6.031716,-6.155712,-16.275683
-4.868393,-6.716559,-16.281022
-3.644259,-7.129314,-16.288206
-2.452985,-7.444356,-16.289936
-1.235156,-7.657548,-16.286268
-0.008538,-7.599793,-16.276208
1.193628,-7.307848,-16.280876
2.273021,-6.850787,-16.287305
3.295556,-6.161507,-16.286656
4.170721,-5.375841,-16.285277
4.864214,-4.504358,-16.279193
5.484932,-3.581018,-16.281634
6.276988,-2.708769,-16.283012
7.006629,-1.689351,-16.282545
7.544074,-0.510746,-16.280356
6.364392,0.695841,-19.524752
6.158590,1.799021,-19.526994
5.829740,2.816221,-19.534602
5.517172,3.891410,-19.537259
5.272251,5.141255,-19.526898
4.726314,6.339534,-19.526263
4.003420,7.529605,-19.527814
3.013168,8.747685,-19.525520
1.746767,9.524219,-19.526612
0.263959,9.900098,-19.530809
-1.269740,9.978418,-19.533044
-2.839316,9.815022,-19.531267
-4.272358,9.281527,-19.530522
-5.553156,8.437694,-19.531879
-6.649271,7.372215,-19.534422
-7.534947,6.188965,-19.536089
-8.235748,4.944734,-19.534863
-8.726261,3.658174,-19.533087
-8.990216,2.255299,-19.532063
-9.020654,0.935874,-19.530258
-8.986299,-0.402895,-19.530123
-8.740922,-1.689732,-19.530512
-8.081508,-2.843262,-19.528153
-7.311862,-3.872581,-19.525850
-6.384555,-4.723226,-19.531586
-5.454563,-5.456422,-19.538366
-4.508477,-6.135350,-19.534065
-3.366047,-6.386323,-19.523191
-2.295327,-6.735282,-19.527507
-1.150771,-6.919340,-19.535454
-0.071985,-6.950140,-19.534680
1.077767,-6.787770,-19.531765
2.109332,-6.334830,-19.535595
2.999315,-5.746469,-19.531947
3.828329,-4.989185,-19.526379
4.477004,-4.141103,-19.533831
5.040707,-3.294960,-19.534448
5.702558,-2.451523,-19.531353
6.183514,-1.479490,-19.527391
6.414505,-0.372431,-19.524619
4.564748,0.583439,-22.787786
4.233485,1.306678,-22.784249
4.464201,2.248558,-22.776770
4.147368,3.073188,-22.774745
3.555577,3.670053,-22.778665
3.238160,4.589942,-22.784162
2.909992,5.837603,-22.783289
2.246203,6.940128,-22.778348
1.249592,7.670963,-22.777253
0.090823,8.079422,-22.780074
-1.170576,8.200759,-22.783180
-2.384812,8.041294,-22.782650
-3.560898,7.568907,-22.778690
-4.595275,6.839646,-22.779889
-5.449772,5.960773,-22.781933
-6.138320,4.998832,-22.777377
-6.627321,3.977451,-22.776361
-7.005611,2.895444,-22.778097
-7.262577,1.870339,-22.777777
-7.248903,0.787078,-22.777196
-7.175725,-0.278412,-22.776943
-7.080591,-1.322046,-22.775653
-6.612104,-2.256125,-22.773604
-6.047913,-3.119189,-22.781521
-5.387178,-3.862155,-22.788656
-4.656565,-4.509336,-22.786878
-3.989659,-5.292268,-22.788769
-2.939075,-5.469956,-22.778969
-2.052690,-5.778542,-22.781405
-1.088297,-5.927145,-22.784612
-0.115951,-5.999906,-22.780940
0.905243,-6.031782,-22.779961
1.809962,-5.628592,-22.778178
2.626939,-5.121675,-22.779336
3.345184,-4.465371,-22.785505
3.939185,-3.702539,-22.782044
4.457895,-2.931427,-22.780044
4.914702,-2.129075,-22.788150
5.071015,-1.200783,-22.782942
4.950029,-0.265374,-22.781193
2.560465,0.433448,-26.025999
2.776096,0.973306,-26.023900
2.940815,1.627926,-26.027882
2.115260,1.837636,-26.031630
1.950597,2.315158,-26.028250
1.881540,3.039324,-26.024877
1.721493,3.893661,-26.026790
1.336790,4.713088,-26.032471
0.682161,5.310464,-26.034957
-0.123649,5.510615,-26.031772
-0.971897,5.536102,-26.032704
-1.782229,5.399120,-26.036440
-2.526040,5.025590,-26.035763
-3.166729,4.493419,-26.031295
-3.690715,3.887508,-26.029134
-4.095164,3.263018,-26.032409
-4.346172,2.546385,-26.031310
-4.504731,1.855008,-26.027239
-4.745384,1.237637,-26.030367
-4.812573,0.561369,-26.035690
-4.658338,-0.106013,-26.036087
-4.773601,-0.783476,-26.032701
-4.721769,-1.499872,-26.028163
-4.326574,-2.084059,-26.028605
-3.974371,-2.663369,-26.033022
-3.512902,-3.221277,-26.026808
-3.104423,-3.884167,-26.030260
-2.420245,-4.223875,-26.035239
-1.707319,-4.375900,-26.030729
-0.987141,-4.572938,-26.031751
-0.226026,-4.461219,-26.032705
0.588023,-4.813243,-26.031143
1.326466,-4.488532,-26.035943
2.046730,-4.102538,-26.032973
2.627277,-3.593674,-26.028470
3.120716,-3.009154,-26.028955
3.549100,-2.360419,-26.026753
3.684834,-1.598692,-26.028125
3.402305,-0.788508,-26.030060
2.976338,-0.108023,-26.029998
0.031094,-0.826760,-29.281149
