19.443837,15.606750,35.583487
16.635278,18.100365,35.583487
13.461987,20.108139,35.583487
10.011716,21.592366,35.583487
6.555839,22.544563,35.583487
2.842583,23.101886,35.583487
-0.908836,23.255067,35.583487
-4.827358,23.029082,35.583487
-8.707864,22.436782,35.583487
-12.839263,21.372067,35.583487
-16.966880,19.742904,35.583487
-20.936043,17.386424,35.583487
-24.378585,14.069804,35.583487
-26.758649,9.919496,35.583487
-27.931130,5.279060,35.583487
-28.093443,0.500312,35.583487
-27.477192,-4.067411,35.583487
-26.230832,-8.505176,35.583487
-24.435680,-12.749095,35.583487
-22.133943,-16.741283,35.583487
-19.454291,-20.279400,35.583487
-16.189330,-23.533133,35.583487
-12.442465,-26.216934,35.583487
-8.277034,-28.193448,35.583487
-3.818828,-29.367809,35.583487
0.780746,-29.681019,35.583487
5.355554,-29.121496,35.583487
9.602259,-27.828524,35.583487
13.600541,-25.901056,35.583487
17.281050,-23.421512,35.583487
20.439197,-20.551771,35.583487
23.106461,-17.218309,35.583487
25.138362,-13.466356,35.583487
26.414739,-9.572334,35.583487
27.029079,-5.521212,35.583487
27.004205,-1.424467,35.583487
26.413299,2.454985,35.583487
25.350399,6.065765,35.583487
23.820512,9.513430,35.583487
22.060134,12.909578,31.845220
19.558152,15.759970,31.845146
16.703983,18.257898,31.843816
13.534435,20.341270,31.849618
10.115208,21.983719,31.856361
6.522742,23.199602,31.854569
2.820974,24.023743,31.851044
-1.120890,24.526364,31.850708
-5.267347,24.702903,31.851351
-9.604493,24.520996,31.849293
-14.399883,23.647956,31.847362
-18.679206,21.712620,31.852769
-22.627840,18.831788,31.849869
-26.057252,15.113823,31.847032
-28.623159,10.752573,31.851018
-30.222620,5.760878,31.851012
-30.812220,0.735841,31.851581
-30.477279,-4.495117,31.847108
-29.215730,-9.393178,31.846231
-27.100009,-13.987461,31.849584
-24.347480,-18.229426,31.846669
-21.235853,-22.000204,31.849521
-17.453884,-25.303783,31.848603
-13.527658,-28.316536,31.848657
-9.097870,-30.573449,31.851020
-4.010866,-30.813079,31.846555
0.702106,-30.755548,31.846965
5.499199,-30.021756,31.849264
9.800896,-28.604167,31.848343
14.036448,-26.586935,31.846510
17.824787,-24.128181,31.847855
21.100237,-21.287649,31.850297
23.988987,-17.816059,31.855789
26.118279,-14.037953,31.851241
27.504728,-9.930433,31.840882
28.109607,-5.635997,31.839497
27.990408,-1.482339,31.843796
27.263429,2.423219,31.845562
25.979392,6.191261,31.845373
24.190067,9.756950,31.845131
22.136657,12.989323,28.116344
19.662095,15.769713,28.114209
16.739066,18.363417,28.117512
13.680908,20.485945,28.118498
10.231866,22.324089,28.117006
6.773332,23.700165,28.115271
2.832604,24.809611,28.107592
-1.197264,25.537147,28.106635
-5.642671,25.929647,28.113244
-10.303943,25.864582,28.117307
-15.246718,24.966408,28.112911
-19.768144,22.771458,28.109215
-23.715890,19.643909,28.109206
-27.141929,15.716126,28.114400
-29.857220,11.048926,28.114959
-31.532831,6.110456,28.106239
-32.259517,0.759503,28.114299
-31.947901,-4.632954,28.115863
-30.589007,-9.858079,28.115648
-28.381536,-14.579832,28.116966
-25.516204,-18.932202,28.107661
-22.157517,-22.932554,28.112863
-18.235219,-26.307336,28.112601
-14.140248,-29.352588,28.110794
-9.511790,-31.550604,28.114275
-4.265681,-31.612777,28.114165
0.769144,-31.315998,28.116547
5.501198,-30.414374,28.108161
9.907640,-28.880909,28.106026
14.101665,-26.876539,28.109171
17.879239,-24.491220,28.105151
21.453445,-21.511472,28.115819
24.381782,-18.137011,28.114125
26.649258,-14.285109,28.106618
28.061007,-10.243146,28.108166
28.678655,-5.816409,28.111502
28.498913,-1.537624,28.103708
27.651052,2.467045,28.107448
26.219983,6.311388,28.115171
24.381965,9.776877,28.117711
22.059161,12.950762,24.379064
19.582799,15.775232,24.373706
16.818186,18.317939,24.367817
13.801044,20.556624,24.375210
10.398398,22.551122,24.385074
6.796262,24.158275,24.379572
2.862465,25.422848,24.375421
-1.366918,26.305435,24.380087
-5.848050,26.772242,24.377120
-10.739629,26.698881,24.372548
-15.713263,25.705883,24.380613
-20.247013,23.430071,24.372856
-24.326873,20.094741,24.373092
-27.726485,16.079904,24.375072
-30.437657,11.352420,24.370710
-32.176932,6.186944,24.372689
-32.874675,0.781181,24.374359
-32.507104,-4.657177,24.374347
-31.100957,-9.922262,24.373198
-28.779189,-14.850767,24.370264
-25.867403,-19.230850,24.369799
-22.450673,-23.239011,24.380425
-18.494900,-26.669104,24.375417
-14.270003,-29.566763,24.373585
-9.450577,-31.544757,24.382986
-4.169728,-31.708736,24.378667
0.705573,-31.271690,24.373504
5.455621,-30.199791,24.372481
9.872686,-28.583072,24.376638
13.922236,-26.609700,24.375613
17.737341,-24.207357,24.368534
21.241887,-21.371028,24.377890
24.273872,-18.033708,24.376637
26.551857,-14.358593,24.376133
28.089166,-10.120712,24.380919
28.682577,-5.837633,24.378330
28.473402,-1.520297,24.374159
27.570603,2.510912,24.379636
26.087663,6.376365,24.384705
24.214051,9.862485,24.383289
21.812013,12.784851,20.647754
19.420909,15.639203,20.648093
16.748313,18.231357,20.639437
13.681282,20.657240,20.641213
10.537790,22.653053,20.648737
6.857395,24.451417,20.643957
2.994090,25.813506,20.634598
-1.365192,26.797709,20.631935
-5.993570,27.279137,20.636242
-10.839833,27.140280,20.636769
-15.933383,26.023428,20.633823
-20.562774,23.621825,20.646099
-24.570945,20.273809,20.641680
-28.004439,16.104222,20.632027
-30.613076,11.372869,20.635244
-32.261459,6.227388,20.641037
-32.874002,0.672160,20.643196
-32.402611,-4.710468,20.642105
-30.938978,-9.910193,20.635911
-28.606602,-14.781831,20.633865
-25.693973,-19.106480,20.644870
-22.258633,-23.030751,20.646622
-18.309954,-26.427323,20.644489
-14.012695,-29.069101,20.645250
-9.092316,-30.759128,20.642771
-4.064466,-31.062725,20.636332
0.749089,-30.509512,20.643538
5.427506,-29.280671,20.640494
9.597156,-27.666751,20.640315
13.587509,-25.659569,20.643874
17.200358,-23.359949,20.639183
20.553406,-20.695574,20.644045
23.501144,-17.587380,20.637934
25.844139,-13.999183,20.630162
27.437255,-9.823965,20.636726
28.052600,-5.770167,20.647719
27.889169,-1.488679,20.646769
27.028674,2.514970,20.643185
25.675529,6.191239,20.642581
23.884238,9.680714,20.644679
21.377732,12.480926,16.898236
19.147700,15.344107,16.909257
16.504660,18.088210,16.911628
13.741204,20.442530,16.911132
10.448577,22.699268,16.909634
6.910965,24.550782,16.903506
3.001938,26.015422,16.902596
-1.418899,27.036948,16.911507
-6.116509,27.473878,16.905953
-11.015670,27.213724,16.897997
-15.951997,26.001395,16.912062
-20.452017,23.635378,16.910050
-24.486958,20.244631,16.898941
-27.898120,15.998383,16.897784
-30.355158,11.340226,16.903064
-31.901301,6.116654,16.900748
-32.372589,0.689768,16.902799
-31.824210,-4.547983,16.908388
-30.285174,-9.771662,16.912120
-28.056819,-14.340966,16.911897
-25.072836,-18.676906,16.911336
-21.642721,-22.423507,16.912434
-17.710690,-25.656527,16.902926
-13.404037,-27.978706,16.902373
-8.677477,-29.312353,16.912108
-3.787737,-29.651625,16.907270
0.879522,-28.969577,16.901452
5.230179,-27.670309,16.900993
9.088647,-26.083077,16.901202
12.791484,-24.157377,16.900624
16.302649,-21.901566,16.900254
19.428690,-19.418359,16.898239
22.209333,-16.551036,16.904778
24.543189,-13.089004,16.907627
26.045158,-9.388138,16.905030
26.759331,-5.457191,16.903212
26.733268,-1.462942,16.897531
26.086928,2.292549,16.902119
24.916614,5.925135,16.903321
23.293120,9.386493,16.897408
20.747398,12.034385,13.165811
18.624652,15.008445,13.162109
16.195238,17.737185,13.167677
13.500033,20.206695,13.171678
10.414224,22.472172,13.169824
6.920268,24.425955,13.166789
2.867640,26.010105,13.164773
-1.372385,26.989403,13.162172
-6.056286,27.364896,13.163464
-10.747321,27.020468,13.168592
-15.633277,25.747287,13.171657
-20.247439,23.299759,13.171690
-24.223535,19.906618,13.171139
-27.433459,15.785140,13.165001
-29.763299,11.108473,13.163271
-31.141608,5.889469,13.173997
-31.443887,0.674818,13.165069
-30.785039,-4.507791,13.166399
-29.294484,-9.330745,13.174445
-26.943859,-13.994700,13.170785
-24.097863,-17.951599,13.162740
-20.702208,-21.442222,13.162346
-16.807248,-24.394181,13.163183
-12.562977,-26.375448,13.165298
-7.954287,-27.369886,13.170674
-3.432388,-27.532072,13.173512
1.014183,-26.714680,13.169741
4.976077,-25.377397,13.164782
8.471838,-23.823384,13.162765
11.837730,-21.998315,13.162459
14.905244,-20.013417,13.162285
17.762580,-17.735349,13.165201
20.423233,-14.981206,13.173032
22.499235,-11.972490,13.174408
23.991849,-8.635132,13.172458
24.837314,-5.078136,13.171485
25.050066,-1.428491,13.165308
24.687140,2.208707,13.171488
23.831939,5.585806,13.176658
22.449559,8.983197,13.172748
19.910589,11.440450,9.438077
18.053016,14.349174,9.427085
15.778511,17.158813,9.432297
13.208123,19.703826,9.437399
10.233263,22.036579,9.430062
6.840878,24.051400,9.425773
2.885841,25.673583,9.439384
-1.277260,26.645772,9.433165
-5.869945,26.955426,9.422734
-10.618435,26.492324,9.430655
-15.362216,25.139110,9.441588
-19.708826,22.802801,9.436571
-23.581388,19.482218,9.437864
-26.657285,15.415291,9.434774
-28.808218,10.791084,9.425872
-29.984406,5.661193,9.430924
-30.132948,0.729741,9.431175
-29.386923,-4.313898,9.427612
-27.847397,-8.999618,9.427074
-25.636524,-13.225308,9.431015
-22.769816,-17.035740,9.435006
-19.305513,-20.306986,9.433551
-15.599932,-22.773385,9.434252
-11.312434,-24.411420,9.435093
-7.065393,-24.996832,9.434925
-2.795119,-24.838863,9.436544
1.044079,-23.940345,9.432100
4.585942,-22.608795,9.428837
7.692128,-21.109572,9.427540
10.695307,-19.406675,9.428364
13.443973,-17.605572,9.433126
15.853442,-15.618303,9.436973
18.098762,-13.217041,9.434292
19.903648,-10.667270,9.431012
21.395103,-7.737556,9.428666
22.410479,-4.610208,9.427907
22.930993,-1.363529,9.432368
22.954793,1.925664,9.428083
22.401020,5.333719,9.428884
21.356639,8.467357,9.437337
18.788524,10.833087,5.695350
17.200426,13.628368,5.690949
15.207076,16.342984,5.692063
12.804092,18.920335,5.696830
9.990252,21.285692,5.700723
6.622795,23.411811,5.699898
2.819077,25.038029,5.695976
-1.207442,25.990532,5.699738
-5.642574,26.236057,5.696569
-10.209279,25.693520,5.690440
-14.756518,24.322427,5.697450
-19.065672,21.980073,5.694179
-22.755309,18.746995,5.691714
-25.623842,14.767664,5.695161
-27.534729,10.249931,5.695928
-28.448477,5.431263,5.692599
-28.432793,0.528537,5.701240
-27.611031,-4.150206,5.700334
-26.089795,-8.486942,5.692853
-23.864806,-12.509062,5.690780
-21.072731,-15.965588,5.692071
-17.821777,-18.762776,5.694877
-14.087779,-20.891051,5.697436
-10.127947,-22.061032,5.696909
-5.990863,-22.295480,5.693898
-2.339545,-21.869263,5.693356
1.195538,-20.867186,5.695782
4.164781,-19.627996,5.692246
6.877408,-18.209493,5.694732
9.377563,-16.719632,5.700612
11.667371,-15.186520,5.698365
13.758783,-13.390508,5.700653
15.603758,-11.342325,5.702707
17.215304,-9.105797,5.698331
18.593525,-6.718139,5.696820
19.748484,-4.048022,5.699617
20.540386,-1.247851,5.692366
20.951187,1.791616,5.698073
20.780850,4.845642,5.704283
20.034084,7.836410,5.701718
17.536675,9.935446,1.961578
16.157600,12.708641,1.955512
14.445521,15.290237,1.954969
12.239398,17.852686,1.954353
9.510285,20.296130,1.956986
6.474338,22.345143,1.964800
2.887091,23.989331,1.960738
-1.080829,24.971327,1.955622
-5.443129,25.168704,1.957110
-9.771064,24.560016,1.959936
-14.063525,23.179693,1.960159
-18.020546,21.011204,1.964826
-21.505386,17.929197,1.964699
-24.220079,13.978574,1.965635
-25.866416,9.626682,1.966443
-26.536372,5.023541,1.958069
-26.356882,0.518555,1.958057
-25.465583,-3.902671,1.965349
-23.983626,-7.860554,1.965251
-21.846330,-11.508171,1.956878
-19.070497,-14.696460,1.955028
-15.943794,-17.104681,1.959691
-12.372229,-18.791772,1.963163
-8.648689,-19.556310,1.960395
-4.981833,-19.481847,1.960499
-1.660469,-18.851300,1.966434
1.277615,-17.869175,1.957238
3.847452,-16.712861,1.960712
6.176425,-15.399089,1.961464
8.193163,-14.106689,1.956451
10.146772,-12.724359,1.961954
11.809030,-11.202308,1.967092
13.280578,-9.495985,1.963436
14.623018,-7.685804,1.961319
15.925828,-5.677645,1.959629
17.063391,-3.571123,1.957632
18.097162,-1.103117,1.967103
18.787085,1.487446,1.964773
18.938481,4.294934,1.960929
18.490061,7.099274,1.962364
16.077091,8.896087,-1.772033
14.980165,11.478605,-1.767512
13.410441,14.106524,-1.766683
11.497373,16.498305,-1.770436
9.006453,18.879774,-1.776072
6.213864,20.897736,-1.777936
2.775398,22.584497,-1.772777
-0.931632,23.553353,-1.767556
-5.010623,23.724165,-1.771779
-9.049626,23.095244,-1.777558
-13.042047,21.754042,-1.774814
-16.829319,19.629010,-1.777332
-20.026961,16.690422,-1.775608
-22.373595,13.037846,-1.774490
-23.747201,8.916532,-1.774590
-24.194469,4.598741,-1.769040
-23.851816,0.401731,-1.772851
-22.904927,-3.572592,-1.774858
-21.407846,-7.234154,-1.772807
-19.363394,-10.471818,-1.772212
-16.824004,-13.165872,-1.774022
-13.887391,-15.209000,-1.776883
-10.563840,-16.521250,-1.776124
-7.276907,-17.001747,-1.772452
-4.092884,-16.797462,-1.771785
-1.118106,-16.069964,-1.776393
1.402241,-15.160168,-1.778280
3.595354,-14.128530,-1.779085
5.464986,-13.030819,-1.773954
7.153292,-11.882726,-1.772392
8.669184,-10.715661,-1.779073
10.051381,-9.392271,-1.773013
11.295344,-7.938590,-1.774094
12.461327,-6.421254,-1.774789
13.563783,-4.857636,-1.775832
14.705512,-3.014293,-1.779316
15.707191,-1.090966,-1.771606
16.565526,1.180911,-1.771261
16.945466,3.698858,-1.774689
16.753923,6.267749,-1.774930
14.392248,7.835420,-5.504107
13.534199,10.170519,-5.505639
12.249561,12.562317,-5.504695
10.571120,14.838465,-5.510373
8.354744,17.103761,-5.515631
5.751367,19.100423,-5.510664
2.740776,20.672766,-5.509562
-0.748595,21.652510,-5.507700
-4.365023,21.819249,-5.510608
-8.162811,21.182768,-5.517269
-11.783441,19.880490,-5.515441
-15.209213,17.884426,-5.506388
-18.058271,15.130430,-5.508691
-20.068051,11.713884,-5.510063
-21.131048,7.894347,-5.506935
-21.323396,4.049959,-5.512553
-20.843268,0.346491,-5.509815
-19.838983,-3.132412,-5.512129
-18.380832,-6.323450,-5.514496
-16.556326,-9.050518,-5.510838
-14.256669,-11.392105,-5.510782
-11.609338,-13.143042,-5.508155
-8.738746,-14.173333,-5.505996
-5.925196,-14.543835,-5.505096
-3.107592,-14.351560,-5.507448
-0.704954,-13.699223,-5.512841
1.426939,-12.937480,-5.509191
3.277268,-12.091168,-5.513373
4.936633,-11.119287,-5.517550
6.323344,-10.141418,-5.512938
7.628147,-9.057424,-5.510068
8.745183,-7.935210,-5.517214
9.780711,-6.737340,-5.514001
10.759307,-5.492733,-5.511580
11.750968,-4.116222,-5.510446
12.670741,-2.691040,-5.507644
13.601231,-1.008449,-5.511549
14.432831,0.976005,-5.506175
14.869546,3.080025,-5.500708
14.850893,5.478586,-5.501171
12.610544,6.559852,-9.247662
11.953087,8.702659,-9.249477
10.891078,10.895347,-9.253488
9.467797,12.992095,-9.248162
7.626980,15.007052,-9.239721
5.348918,16.840948,-9.242593
2.611758,18.339537,-9.251536
-0.476249,19.250665,-9.250573
-3.690317,19.407599,-9.242876
-7.044207,18.772115,-9.241245
-10.199257,17.470410,-9.247982
-13.083122,15.641593,-9.248217
-15.541564,13.132741,-9.249282
-17.170998,10.135520,-9.252478
-17.956531,6.709096,-9.250570
-17.956465,3.393403,-9.244914
-17.316446,0.141588,-9.250362
-16.263879,-2.690378,-9.248880
-14.899599,-5.277376,-9.242319
-13.275758,-7.589608,-9.243260
-11.443418,-9.478600,-9.248126
-9.271171,-10.973806,-9.245061
-7.003713,-11.847018,-9.241800
-4.590879,-12.256804,-9.244051
-2.355633,-12.209341,-9.246389
-0.277737,-11.679269,-9.245837
1.483840,-11.102785,-9.252271
3.101943,-10.431225,-9.252790
4.470525,-9.682941,-9.251797
5.750976,-8.794398,-9.249278
6.860050,-7.842659,-9.240494
7.819513,-6.873263,-9.242563
8.707616,-5.838327,-9.253767
9.538032,-4.756328,-9.246028
10.311432,-3.633173,-9.237303
11.068225,-2.382863,-9.242664
11.817052,-0.905639,-9.243899
12.428086,0.738388,-9.246838
12.802072,2.557466,-9.248772
12.875455,4.519665,-9.248286
10.812797,5.367600,-12.986390
10.321364,7.261434,-12.989619
9.507577,9.129086,-12.984001
8.342808,10.996838,-12.976172
6.793731,12.779854,-12.979944
4.841980,14.386954,-12.987550
2.500698,15.713447,-12.976298
-0.155459,16.505568,-12.978711
-2.930849,16.608247,-12.981826
-5.708113,15.964146,-12.977543
-8.259529,14.681779,-12.978806
-10.643860,12.970726,-12.980848
-12.601523,10.887492,-12.978662
-13.957857,8.291592,-12.977759
-14.494644,5.481603,-12.980809
-14.356279,2.631385,-12.982779
-13.676073,0.027704,-12.985181
-12.610964,-2.260865,-12.984213
-11.328580,-4.343395,-12.982680
-10.046640,-6.129999,-12.983501
-8.684474,-7.644765,-12.983813
-7.067302,-8.889573,-12.986368
-5.296705,-9.705973,-12.986842
-3.472513,-10.175910,-12.980723
-1.689642,-10.307868,-12.975834
0.067324,-9.955863,-12.982136
1.566851,-9.560182,-12.976758
2.948952,-9.077958,-12.977296
4.193530,-8.467095,-12.986656
5.284392,-7.755135,-12.989465
6.221617,-6.970669,-12.985596
7.090268,-6.111450,-12.988240
7.882726,-5.181541,-12.978656
8.546210,-4.254121,-12.973283
9.184532,-3.212390,-12.979718
9.749712,-2.128692,-12.983544
10.267892,-0.844846,-12.976913
10.617802,0.494287,-12.982429
10.855602,1.948787,-12.987275
10.956948,3.663521,-12.986302
9.122016,4.292458,-16.723648
8.791683,5.784617,-16.718213
8.153560,7.388240,-16.715798
7.253248,8.940205,-16.722236
5.988933,10.477014,-16.724582
4.362744,11.847815,-16.716560
2.458304,12.934363,-16.714490
0.231339,13.599462,-16.714425
-2.101748,13.648149,-16.715664
-4.327419,12.996504,-16.718543
-6.295372,11.751664,-16.720792
-8.086442,10.271707,-16.719912
-9.650612,8.543705,-16.715600
-10.713122,6.485852,-16.715978
-11.101709,4.252563,-16.717966
-10.942521,1.999267,-16.712050
-10.307446,-0.099117,-16.718560
-9.338893,-1.913109,-16.726713
-8.300437,-3.455751,-16.720317
-7.335490,-4.804725,-16.711059
-6.264574,-6.071898,-16.722315
-5.112149,-7.077469,-16.720418
-3.791995,-7.834734,-16.719800
-2.416196,-8.345847,-16.722736
-1.049967,-8.606916,-16.713105
0.335372,-8.467927,-16.708477
1.645212,-8.232406,-16.713141
2.798634,-7.930092,-16.711541
3.907434,-7.481403,-16.713237
4.883361,-6.916731,-16.719574
5.721011,-6.263452,-16.718466
6.534960,-5.482275,-16.720514
7.208402,-4.661141,-16.714507
7.744647,-3.822738,-16.722014
8.235159,-2.880688,-16.723808
8.636671,-1.897413,-16.719309
8.915517,-0.804499,-16.726226
9.041688,0.316251,-16.714147
9.141439,1.511016,-16.709642
9.206980,2.838269,-16.717925
7.628561,3.247858,-20.452317
7.371949,4.493983,-20.449926
6.880363,5.780735,-20.450857
6.159306,7.079929,-20.458261
5.161292,8.314390,-20.459579
3.901445,9.373411,-20.454139
2.328935,10.255162,-20.458130
0.544226,10.759204,-20.458702
-1.269760,10.761742,-20.454625
-3.018419,10.165579,-20.453894
-4.505633,9.047646,-20.456390
-5.816998,7.812318,-20.449662
-6.984844,6.434259,-20.451112
-7.776103,4.880810,-20.457459
-8.083286,3.098621,-20.455350
-7.952870,1.406192,-20.449200
-7.452125,-0.214872,-20.456298
-6.724615,-1.567562,-20.457246
-5.882319,-2.789324,-20.447773
-5.131618,-3.814862,-20.445608
-4.358151,-4.756514,-20.453466
-3.515913,-5.562468,-20.457483
-2.564618,-6.233905,-20.454005
-1.525435,-6.767421,-20.455022
-0.464752,-7.101099,-20.459931
0.645668,-7.143422,-20.445969
1.704762,-7.069451,-20.455913
2.695866,-6.904265,-20.465020
3.659870,-6.609655,-20.453086
4.517297,-6.194574,-20.446531
5.336120,-5.608441,-20.460558
6.033445,-4.958100,-20.458939
6.590867,-4.250737,-20.462073
7.061973,-3.421583,-20.461004
7.406820,-2.589827,-20.462010
7.660344,-1.669383,-20.456631
7.744064,-0.773800,-20.446495
7.681689,0.124703,-20.460388
7.661978,1.077861,-20.466983
7.684113,2.137731,-20.460389
6.339269,2.428362,-24.187707
6.128654,3.360163,-24.191861
5.753295,4.329676,-24.190288
5.217958,5.318971,-24.185200
4.440986,6.291667,-24.182422
3.447193,7.117496,-24.186212
2.243483,7.777623,-24.192819
0.880099,8.153045,-24.191695
-0.543464,8.138432,-24.190924
-1.866007,7.654697,-24.193697
-2.970407,6.763981,-24.193759
-3.917532,5.770625,-24.189936
-4.758538,4.683347,-24.191184
-5.340778,3.490011,-24.191018
-5.570625,2.217457,-24.188261
-5.493165,0.929905,-24.194761
-5.167899,-0.276310,-24.188255
-4.636459,-1.356822,-24.179822
-4.030886,-2.253226,-24.181295
-3.435757,-3.053502,-24.182645
-2.852011,-3.757809,-24.182019
-2.201556,-4.399622,-24.184872
-1.519736,-4.945316,-24.192179
-0.788470,-5.422113,-24.195777
0.007778,-5.781054,-24.188847
0.859459,-5.969885,-24.183882
1.731154,-6.031324,-24.182380
2.560602,-5.984194,-24.187365
3.416814,-5.809911,-24.193017
4.227353,-5.487498,-24.187789
4.925987,-5.035796,-24.183640
5.541617,-4.476957,-24.194682
6.044705,-3.814737,-24.183451
6.411713,-3.069162,-24.192475
6.656804,-2.274390,-24.189893
6.764178,-1.491115,-24.185838
6.707652,-0.745670,-24.195882
6.541821,-0.016026,-24.188410
6.453812,0.724194,-24.182859
6.420172,1.515244,-24.183039
5.290442,1.692375,-27.917675
5.096295,2.401966,-27.922230
4.790933,3.108897,-27.929852
4.371217,3.829906,-27.929202
3.800927,4.522111,-27.922872
3.059230,5.136922,-27.921555
2.154126,5.621054,-27.929120
1.163809,5.889955,-27.930005
0.097947,5.893561,-27.920441
-0.898596,5.552307,-27.918917
-1.730140,4.891270,-27.931595
-2.414644,4.126029,-27.927411
-2.980647,3.308451,-27.927264
-3.391269,2.404108,-27.926887
-3.572521,1.457755,-27.918355
-3.545207,0.528134,-27.924087
-3.352253,-0.350136,-27.929767
-3.016588,-1.146870,-27.932750
-2.594606,-1.828675,-27.932875
-2.141822,-2.450423,-27.920006
-1.686377,-2.988577,-27.917859
-1.209314,-3.462638,-27.917023
-0.701854,-3.905403,-27.917323
-0.168842,-4.315427,-27.932856
0.421427,-4.637614,-27.930928
1.071628,-4.914187,-27.919968
1.757246,-5.069836,-27.919088
2.463001,-5.102845,-27.926207
3.196346,-5.027874,-27.926487
3.899097,-4.806986,-27.918868
4.532798,-4.429111,-27.916035
5.078103,-3.933028,-27.915400
5.484098,-3.356340,-27.918646
5.761834,-2.707687,-27.919427
5.907958,-2.018489,-27.930110
5.923093,-1.343864,-27.934334
5.783985,-0.687213,-27.922492
5.583834,-0.112527,-27.913439
5.467535,0.450549,-27.912400
5.389719,1.057078,-27.915387
4.388751,1.111114,-31.664552
4.223937,1.581916,-31.670911
3.981347,2.072506,-31.666657
3.666434,2.548544,-31.664275
3.244193,3.033437,-31.660200
2.707524,3.466209,-31.659939
2.092613,3.781088,-31.664665
1.379480,3.971312,-31.663829
0.638023,3.977831,-31.662032
-0.064792,3.758881,-31.659170
-0.662143,3.321885,-31.656019
-1.144620,2.763804,-31.662526
-1.526827,2.160128,-31.665002
-1.800318,1.527376,-31.658084
-1.935161,0.874143,-31.652314
-1.938186,0.208307,-31.661699
-1.836947,-0.402905,-31.669318
-1.636584,-0.987437,-31.666874
-1.359200,-1.486329,-31.663411
-1.042880,-1.932834,-31.657479
-0.723058,-2.316210,-31.653385
-0.373465,-2.672410,-31.658015
-0.005139,-3.009303,-31.665997
0.359512,-3.351344,-31.653167
0.797059,-3.633817,-31.661834
1.267928,-3.916830,-31.660412
1.793642,-4.126802,-31.663231
2.361010,-4.211550,-31.668019
2.954774,-4.209743,-31.655211
3.554450,-4.061248,-31.657757
4.071519,-3.766695,-31.668269
4.527023,-3.348978,-31.654799
4.854570,-2.852719,-31.651388
5.056427,-2.293185,-31.658833
5.127044,-1.727511,-31.668070
5.084161,-1.180444,-31.669672
4.906588,-0.665130,-31.668901
4.708830,-0.207583,-31.665050
4.596188,0.204893,-31.656359
4.502204,0.648972,-31.653180
3.516915,0.519393,-35.396371
3.387546,0.799754,-35.394339
3.202667,1.083220,-35.395412
2.986885,1.346090,-35.398418
2.721518,1.626399,-35.400225
2.398426,1.862015,-35.401961
2.016989,2.033096,-35.402986
1.596077,2.131068,-35.400939
1.161787,2.131824,-35.395427
0.733919,2.003620,-35.391330
0.378353,1.755154,-35.392885
0.093391,1.429929,-35.397398
-0.130631,1.060235,-35.402136
-0.286987,0.690910,-35.401570
-0.382104,0.300846,-35.392566
-0.406468,-0.099053,-35.390834
-0.368817,-0.467791,-35.397103
-0.284484,-0.812820,-35.399805
-0.141252,-1.136613,-35.401907
0.041309,-1.423199,-35.401489
0.240064,-1.678604,-35.395987
0.457445,-1.918436,-35.389323
0.677584,-2.134063,-35.390514
0.912007,-2.379925,-35.392723
1.164774,-2.603415,-35.394529
1.474485,-2.834980,-35.395099
1.835066,-3.066154,-35.389994
2.238477,-3.178058,-35.391800
2.683459,-3.217810,-35.391752
3.122740,-3.137949,-35.390864
3.513119,-2.918669,-35.397167
3.831968,-2.605570,-35.393811
4.058373,-2.219995,-35.402698
4.179303,-1.805417,-35.400768
4.196576,-1.389839,-35.391214
4.113513,-0.981239,-35.393286
3.932738,-0.624150,-35.394553
3.796936,-0.330902,-35.395844
3.702618,-0.052959,-35.397918
3.617218,0.227989,-35.398342
2.105054,-0.924644,-39.132350
11.814555,10.606049,35.583487
9.809333,11.731397,35.583487
7.669696,12.572736,35.583487
5.533435,13.113159,35.583487
3.443166,13.382532,35.583487
1.431439,13.404149,35.583487
-0.568422,13.181186,35.583487
-2.521354,12.696086,35.583487
-4.382596,11.931163,35.583487
-6.096772,10.875880,35.583487
-7.538657,9.613709,35.583487
-8.824544,8.065387,35.583487
-9.828469,6.433484,35.583487
-10.618548,4.687988,35.583487
-11.195712,2.861154,35.583487
-11.557804,0.979967,35.583487
-11.702585,-1.026330,35.583487
-11.606446,-3.035378,35.583487
-11.236961,-5.206954,35.583487
-10.634632,-7.226234,35.583487
-9.707319,-9.329699,35.583487
-8.388596,-11.441810,35.583487
-6.754175,-13.320717,35.583487
-4.759835,-14.967892,35.583487
-2.432660,-16.301398,35.583487
0.281901,-17.245432,35.583487
3.037522,-17.604592,35.583487
5.996087,-17.349114,35.583487
8.744238,-16.504732,35.583487
11.348006,-15.075427,35.583487
13.597942,-13.136788,35.583487
15.347894,-10.856224,35.583487
16.654968,-8.296173,35.583487
17.498095,-5.649145,35.583487
17.925500,-2.903588,35.583487
17.928107,-0.126478,35.583487
17.523094,2.429041,35.583487
16.680146,4.898475,35.583487
15.400743,7.172457,35.583487
13.668403,9.033726,32.336432
11.957388,10.687873,32.337989
9.856144,11.793977,32.338090
7.758515,12.677061,32.339384
5.597547,13.349845,32.337693
3.467923,13.696782,32.333873
1.433558,13.850980,32.333179
-0.734086,13.895469,32.334319
-2.845349,13.541259,32.335665
-4.802228,12.942464,32.336806
-7.150982,12.520742,32.338422
-9.634884,11.785195,32.337919
-12.165773,10.699605,32.333620
-14.823596,9.282054,32.330823
-17.335972,7.137611,32.336831
-19.813580,4.510866,32.339764
-19.483350,1.285591,32.334602
-19.080400,-1.934437,32.329135
-20.462810,-5.576698,32.330215
-18.654431,-8.560924,32.336147
-17.248954,-11.647036,32.337406
-15.985933,-15.238472,32.334992
-9.478191,-12.800975,32.336406
-7.248245,-14.202683,32.336737
-4.820167,-15.083217,32.337211
-2.313716,-15.814959,32.335001
0.266872,-16.128675,32.330021
2.928984,-16.142149,32.335127
5.332809,-14.977759,32.339616
7.578418,-13.960903,32.336572
10.234705,-13.373094,32.332269
12.344694,-11.815239,32.332643
14.225440,-9.988493,32.335373
15.814803,-7.795137,32.329623
16.904974,-5.409600,32.326233
17.522357,-2.763668,32.329773
17.550936,-0.150432,32.330509
17.163350,2.435473,32.333091
16.309961,4.888062,32.334856
15.092962,7.078953,32.335280
13.493972,8.849613,29.085464
11.836932,10.655669,29.086795
9.810742,11.777295,29.086883
7.813879,12.732935,29.087177
5.759447,13.515260,29.086831
3.600854,13.989820,29.083251
1.419687,14.307166,29.078300
-0.785347,14.556777,29.082513
-3.092509,14.392189,29.083988
-5.381682,13.952836,29.077619
-8.080491,13.895607,29.078021
-11.223707,13.481602,29.081431
-14.285593,12.477443,29.082168
-17.466368,10.734217,29.080551
-20.135874,8.164958,29.079772
-22.431478,5.125438,29.082217
-22.160600,1.352120,29.083530
-22.301737,-2.332781,29.082008
-23.356785,-6.400532,29.080742
-21.261801,-9.755713,29.082122
-20.127117,-13.683250,29.083919
-19.539809,-18.517461,29.086089
-10.057185,-13.582963,29.082178
-7.479566,-14.570478,29.080738
-4.839902,-15.082350,29.083356
-2.172133,-15.456602,29.088469
0.274053,-15.429033,29.089633
2.745353,-15.170459,29.092009
5.014888,-14.023733,29.081617
7.209816,-12.985268,29.080147
9.576598,-12.341904,29.088021
11.518283,-11.047615,29.077751
13.494415,-9.379875,29.084547
15.171075,-7.442231,29.091191
16.423878,-5.177851,29.089159
17.133252,-2.708414,29.086349
17.183469,-0.131907,29.081840
16.782220,2.420021,29.081827
15.977782,4.716085,29.083343
14.808392,6.873863,29.084263
13.198368,8.643372,25.829769
11.701244,10.394618,25.837419
9.678171,11.702418,25.837033
7.764873,12.778138,25.836328
5.770289,13.662567,25.839740
3.660662,14.262358,25.839206
1.408361,14.740809,25.828828
-0.870907,15.144864,25.826603
-3.276675,15.173877,25.828506
-5.801390,14.912531,25.828133
-8.798312,14.995676,25.831364
-12.227296,14.693647,25.838088
-15.771550,13.560088,25.835098
-18.968897,11.562909,25.829094
-21.447266,8.653579,25.836481
-23.298348,5.227381,25.833777
-23.283333,1.408238,25.829283
-23.340463,-2.450030,25.831968
-23.433043,-6.484547,25.837120
-21.374063,-9.860151,25.837134
-18.619369,-12.677993,25.835591
-14.129058,-13.433841,25.840738
-10.475485,-14.015492,25.831647
-7.579259,-14.757762,25.829027
-4.825082,-15.074515,25.833468
-2.180715,-15.205130,25.833349
0.343357,-14.982230,25.839271
2.718498,-14.496839,25.835684
4.981945,-13.658028,25.832633
6.989395,-12.776221,25.836017
9.181130,-11.758738,25.840956
11.134607,-10.534529,25.840277
13.042745,-9.042542,25.830505
14.687507,-7.271469,25.830363
16.006700,-5.096212,25.837992
16.743164,-2.674302,25.838057
16.787441,-0.135329,25.831372
16.355262,2.368817,25.832995
15.536331,4.629745,25.831516
14.395820,6.769425,25.826977
12.818452,8.411785,22.587470
11.357440,10.157080,22.582465
9.552812,11.546659,22.580282
7.739904,12.739715,22.584342
5.817781,13.727736,22.582823
3.668546,14.498471,22.578424
1.471427,15.103565,22.582827
-0.872624,15.622780,22.584498
-3.476195,15.836617,22.581108
-6.215691,15.759153,22.580234
-9.409508,15.822306,22.587845
-13.025662,15.432508,22.584982
-16.617900,14.218480,22.581732
-19.782980,12.008592,22.582953
-21.934122,8.902531,22.577212
-23.246986,5.242648,22.585077
-23.506098,1.371560,22.582299
-23.075956,-2.432287,22.581362
-22.176318,-6.086220,22.586051
-19.980130,-9.235583,22.580786
-15.096568,-10.252836,22.578236
-13.324086,-12.667571,22.582610
-10.819536,-14.400595,22.584631
-7.530830,-14.771343,22.582016
-4.836807,-15.044250,22.579580
-2.096438,-15.010820,22.581663
0.391419,-14.676148,22.588767
2.702050,-14.066264,22.582761
4.915035,-13.481132,22.580492
7.008695,-12.620575,22.586201
8.868755,-11.493662,22.589494
10.928874,-10.278031,22.585997
12.742289,-8.894354,22.578102
14.451824,-7.056327,22.578410
15.671019,-4.989649,22.585178
16.333708,-2.572855,22.590675
16.328071,-0.058653,22.588578
15.865534,2.291806,22.580283
15.035902,4.530964,22.581128
13.983448,6.561953,22.586951
12.384837,8.139032,19.334196
11.054032,9.803549,19.337049
9.406472,11.330444,19.339214
7.701977,12.618143,19.339974
5.765159,13.751170,19.333554
3.703683,14.648245,19.326440
1.467617,15.397365,19.329847
-0.932583,15.991767,19.334111
-3.599955,16.359928,19.334008
-6.520464,16.461776,19.331725
-9.777695,16.372438,19.333156
-13.326478,15.838781,19.335568
-16.948346,14.557594,19.334689
-20.083461,12.193297,19.333293
-21.959277,8.844493,19.336221
-22.686320,5.118018,19.337086
-23.147744,1.433065,19.334079
-22.230246,-2.302449,19.332700
-20.279259,-5.484554,19.334536
-18.031439,-8.313690,19.333893
-13.906884,-9.448514,19.333217
-12.653554,-12.112781,19.338815
-10.719021,-14.291294,19.338083
-7.538097,-14.669479,19.334065
-4.773605,-14.925751,19.336194
-2.080151,-14.807321,19.331049
0.366433,-14.427906,19.332580
2.629802,-13.784390,19.334793
4.834693,-13.294761,19.334753
6.897246,-12.484761,19.337596
8.811853,-11.283549,19.340726
10.761195,-10.175890,19.335837
12.621201,-8.722312,19.327487
14.191820,-6.958964,19.331017
15.345711,-4.772476,19.338744
15.854299,-2.467693,19.338272
15.804127,-0.106831,19.336222
15.312675,2.200824,19.339396
14.535837,4.309903,19.337602
13.521573,6.322945,19.334114
11.909186,7.848055,16.090279
10.661738,9.510869,16.087384
9.246150,11.035242,16.077926
7.575544,12.451198,16.075943
5.747977,13.656062,16.078503
3.701146,14.705121,16.082668
1.456061,15.578888,16.087940
-0.975257,16.217051,16.083757
-3.674810,16.709859,16.078612
-6.724468,16.973400,16.081777
-9.881275,16.658996,16.083336
-13.421020,15.919148,16.080282
-17.016727,14.553304,16.077204
-19.983181,12.120935,16.078022
-21.566569,8.722326,16.079692
-21.824603,4.937257,16.079329
-22.289222,1.347983,16.085242
-21.292062,-2.199468,16.083522
-18.353092,-4.993995,16.078336
-16.327207,-7.530674,16.089051
-13.397190,-9.098649,16.083586
-11.980063,-11.428163,16.079945
-10.321338,-13.802658,16.083714
-7.307945,-14.365044,16.086238
-4.596300,-14.656706,16.080898
-2.090192,-14.521371,16.086199
0.401373,-14.113637,16.080768
2.611269,-13.499325,16.077245
4.755438,-13.018256,16.079838
6.781922,-12.249837,16.087420
8.693577,-11.162094,16.085813
10.678247,-10.012772,16.080491
12.452606,-8.545240,16.087512
13.899327,-6.758241,16.082253
14.848716,-4.663240,16.076538
15.269660,-2.399890,16.079632
15.183949,-0.104046,16.082371
14.684205,2.142950,16.081911
13.926638,4.202713,16.083664
12.999653,6.073319,16.086858
11.448335,7.470754,12.829281
10.318651,9.129640,12.826695
8.970229,10.756842,12.829820
7.420960,12.193452,12.834037
5.717052,13.443969,12.837459
3.711887,14.621269,12.836681
1.485777,15.602349,12.829835
-0.950048,16.269810,12.831239
-3.761189,16.860994,12.837247
-6.792856,17.212605,12.837983
-9.905899,16.655666,12.837441
-13.284017,15.744312,12.836683
-16.706457,14.325227,12.831576
-19.474794,11.858376,12.828246
-20.845066,8.503629,12.835433
-20.835332,4.746748,12.836034
-21.081801,1.258334,12.831937
-20.371015,-2.085474,12.829845
-17.007499,-4.607354,12.835287
-15.058752,-6.962649,12.838382
-12.999852,-8.918184,12.830195
-11.397017,-10.933849,12.830995
-9.651161,-12.979463,12.837882
-6.998538,-13.751214,12.833680
-4.476492,-14.141365,12.839551
-1.958465,-14.042048,12.832336
0.341763,-13.664975,12.829623
2.594480,-13.110138,12.833693
4.639032,-12.570161,12.832170
6.628298,-11.870984,12.831277
8.532483,-10.950638,12.830124
10.418207,-9.785611,12.832290
12.080854,-8.313715,12.836824
13.382766,-6.518089,12.834031
14.204751,-4.455174,12.833729
14.559143,-2.263865,12.837379
14.461796,-0.047811,12.840409
14.012189,2.018450,12.840903
13.288825,4.010617,12.838964
12.407898,5.826138,12.834853
10.889143,7.206352,9.581591
9.882016,8.831943,9.580347
8.713016,10.347924,9.576745
7.220027,11.844450,9.577663
5.571230,13.167883,9.582872
3.628613,14.429804,9.585517
1.447338,15.479054,9.578788
-0.961770,16.157874,9.576141
-3.744330,16.760434,9.580354
-6.825171,17.094083,9.584541
-9.753941,16.374602,9.584611
-12.935964,15.363653,9.586078
-16.128503,13.868981,9.585764
-18.633790,11.374753,9.582524
-19.829285,8.033606,9.582327
-19.760572,4.552364,9.584375
-19.694850,1.298404,9.584081
-19.083059,-1.966503,9.580855
-16.231179,-4.377687,9.578106
-14.088849,-6.517686,9.579428
-12.646812,-8.589132,9.585576
-10.953078,-10.564565,9.588673
-8.802471,-11.887788,9.582649
-6.440868,-12.754986,9.577970
-4.179760,-13.280622,9.578277
-1.773953,-13.264160,9.583191
0.416765,-12.919121,9.582082
2.488679,-12.498785,9.580275
4.397655,-11.867642,9.578562
6.325195,-11.283637,9.582805
8.268438,-10.477202,9.583481
10.015824,-9.275418,9.585423
11.455463,-7.873013,9.587499
12.616441,-6.103705,9.580712
13.357575,-4.124344,9.580269
13.676120,-2.033606,9.588432
13.626338,-0.019547,9.579922
13.229028,1.948931,9.573070
12.589082,3.758795,9.573804
11.782993,5.511186,9.577908
10.364352,6.805413,6.331180
9.497321,8.374322,6.330440
8.379420,9.903387,6.337999
7.022568,11.352395,6.334019
5.455819,12.716714,6.329309
3.606260,14.029156,6.332662
1.508166,15.126102,6.329565
-0.922285,15.851755,6.332463
-3.635104,16.390472,6.333986
-6.535733,16.607785,6.329885
-9.366203,15.866555,6.338908
-12.415704,14.802962,6.332977
-15.310359,13.208634,6.326803
-17.485148,10.704774,6.331294
-18.493111,7.638635,6.331080
-18.563077,4.345148,6.334605
-18.220881,1.208359,6.334860
-17.460773,-1.709273,6.328418
-15.578186,-4.180476,6.325421
-13.383211,-6.129440,6.334046
-12.008430,-8.141372,6.336059
-10.543020,-10.156926,6.332536
-7.754396,-10.578089,6.337432
-5.704452,-11.303126,6.329316
-3.635100,-11.966666,6.326691
-1.560646,-12.019685,6.331707
0.497737,-11.740575,6.329145
2.372618,-11.453312,6.330977
4.115770,-10.740841,6.329813
5.934106,-10.270680,6.331734
7.680407,-9.605992,6.336904
9.199206,-8.455695,6.334220
10.493330,-7.091956,6.333024
11.511318,-5.492989,6.336646
12.233014,-3.650859,6.335894
12.554847,-1.785376,6.333114
12.622639,0.009817,6.338745
12.332957,1.861481,6.345080
11.771928,3.574624,6.346680
11.104270,5.162720,6.342327
9.763712,6.377916,3.087080
9.015762,7.928911,3.091217
7.963435,9.417753,3.084415
6.690578,10.836131,3.077554
5.234583,12.185388,3.077862
3.511270,13.488861,3.084038
1.462822,14.614928,3.084472
-0.836120,15.342883,3.083251
-3.409844,15.752790,3.081376
-6.164853,15.772792,3.081535
-8.938130,15.106358,3.089756
-11.711797,14.092795,3.084182
-14.226050,12.418004,3.076987
-16.053050,9.893097,3.079554
-16.918256,6.990237,3.085535
-17.167702,4.016766,3.091625
-16.666729,1.157782,3.087514
-15.533213,-1.467140,3.076696
-14.482622,-3.890812,3.081958
-12.713092,-5.881399,3.081606
-11.104770,-7.603744,3.077875
-9.534741,-9.234643,3.081125
-6.374673,-8.775332,3.082259
-4.610989,-9.494719,3.081744
-2.946554,-9.972519,3.084048
-1.133614,-10.051187,3.083175
0.497626,-9.908000,3.084188
2.140534,-9.717397,3.079803
3.630553,-9.053970,3.077573
5.106939,-8.607853,3.083119
6.638894,-8.073086,3.089715
7.950773,-7.058561,3.083526
9.036174,-5.954779,3.079870
9.962572,-4.595612,3.085254
10.648574,-3.105397,3.079680
11.080800,-1.521997,3.086884
11.301030,0.109981,3.085835
11.211275,1.735266,3.079377
10.853446,3.248942,3.075967
10.322957,4.823974,3.077832
9.044513,5.897735,-0.163691
8.405930,7.449242,-0.166268
7.477923,8.859319,-0.167592
6.330323,10.200672,-0.171047
4.960210,11.532069,-0.171489
3.340561,12.814032,-0.164413
1.408658,13.903489,-0.168359
-0.769755,14.639283,-0.166093
-3.199537,14.890580,-0.163423
-5.642668,14.689249,-0.169627
-8.274563,14.208772,-0.163806
-10.929037,13.188820,-0.161830
-13.015869,11.396463,-0.162898
-14.364899,8.996042,-0.164062
-15.102011,6.338526,-0.164659
-15.491686,3.732256,-0.160745
-14.847171,1.066274,-0.162315
-13.369972,-1.265188,-0.170253
-12.960510,-3.478601,-0.166790
-11.893481,-5.482562,-0.169912
-9.886258,-6.789159,-0.169616
-6.776423,-6.675763,-0.161007
-4.729857,-6.698266,-0.164471
-3.329332,-7.146215,-0.164885
-1.960762,-7.303030,-0.167691
-0.670667,-7.451809,-0.171657
0.628915,-7.437511,-0.168753
1.850653,-7.301596,-0.164505
2.988247,-6.874157,-0.162824
4.108092,-6.370068,-0.164529
5.147268,-5.892967,-0.166248
6.167143,-5.213683,-0.166987
7.126867,-4.455261,-0.170689
8.005274,-3.492999,-0.171253
8.615069,-2.350661,-0.170992
9.124493,-1.148311,-0.169903
9.572723,0.147570,-0.166930
9.726109,1.519114,-0.164098
9.662442,2.974800,-0.162171
9.429197,4.412371,-0.161845
8.173404,5.354208,-3.417545
7.713529,6.793198,-3.418189
6.955747,8.119531,-3.418371
5.909967,9.472941,-3.416179
4.655942,10.741364,-3.411057
3.173326,11.954997,-3.412969
1.406464,12.972257,-3.420959
-0.660590,13.718569,-3.422021
-2.877378,13.834825,-3.413446
-5.100301,13.466251,-3.410908
-7.586737,13.157980,-3.418599
-9.908747,12.164270,-3.413320
-11.539205,10.270914,-3.414681
-12.480644,7.951609,-3.418090
-13.089044,5.624576,-3.415650
-13.391705,3.288481,-3.415922
-12.153358,0.975960,-3.412810
-11.243296,-0.973948,-3.413530
-11.250778,-2.947426,-3.419530
-10.200060,-4.696934,-3.421055
-5.614251,-3.894619,-3.411891
-4.051449,-4.165407,-3.416747
-2.807644,-4.278303,-3.414173
-1.768074,-4.384634,-3.415418
-0.949774,-4.657695,-3.421145
-0.103206,-4.823286,-3.415113
0.685583,-4.817637,-3.411156
1.533484,-4.686517,-3.416288
2.323227,-4.527273,-3.417005
3.086009,-4.174162,-3.414618
3.673086,-3.637349,-3.415121
4.280192,-3.119888,-3.419597
4.938706,-2.682727,-3.421595
5.706888,-2.170717,-3.415798
6.396489,-1.543759,-3.420595
6.838070,-0.672562,-3.423279
7.217949,0.247427,-3.419918
7.808129,1.270808,-3.416766
7.985744,2.443032,-3.412013
8.122675,3.787620,-3.412378
6.427870,4.176833,-6.663634
6.974477,6.068403,-6.665803
6.331929,7.401728,-6.664048
5.451746,8.582170,-6.667253
4.332714,9.796819,-6.672249
2.981711,10.941962,-6.663292
1.326252,11.897831,-6.666383
-0.555475,12.596572,-6.669946
-2.548777,12.626499,-6.665873
-4.538853,12.197550,-6.667493
-6.831125,11.994922,-6.660848
-8.767445,10.928875,-6.665782
-9.847073,8.917812,-6.662680
-10.464548,6.802843,-6.663990
-10.682438,4.716453,-6.663015
-9.843288,2.582855,-6.663335
-9.301949,0.879234,-6.666672
-9.043933,-0.697971,-6.666317
-7.703276,-1.978197,-6.665580
-3.948208,-1.779569,-6.670639
-2.438269,-1.766629,-6.669416
-1.680086,-1.916867,-6.667166
-1.161537,-2.208559,-6.663185
-0.717477,-2.422101,-6.663642
-0.193225,-2.553948,-6.668134
0.334689,-2.566175,-6.670860
0.805693,-2.504532,-6.669077
1.241283,-2.460113,-6.665630
1.753037,-2.455675,-6.661812
2.214642,-2.380023,-6.660654
2.610160,-2.015917,-6.665544
2.827629,-1.625348,-6.670503
3.060748,-1.237579,-6.672688
3.398572,-0.890221,-6.669283
3.783513,-0.602611,-6.663582
4.340052,-0.189552,-6.661029
4.914945,0.302980,-6.670203
5.291837,0.992535,-6.669270
5.617968,1.789382,-6.662962
6.231223,2.940974,-6.672294
4.320135,2.740798,-9.922547
4.808249,4.064156,-9.914641
5.736049,6.640577,-9.916339
5.207827,8.116379,-9.929619
3.864809,8.568720,-9.909317
2.773547,9.891329,-9.925985
1.303221,10.606518,-9.917951
-0.401743,11.290921,-9.913608
-2.148293,11.300347,-9.913805
-3.928589,10.914241,-9.909780
-5.926998,10.698379,-9.915625
-7.400571,9.429438,-9.919994
-7.954066,7.464017,-9.918522
-7.485485,5.150752,-9.922034
-7.217709,3.455870,-9.919704
-5.017130,1.640751,-9.913711
-4.118700,0.665529,-9.915000
-3.487992,-0.062279,-9.913662
-1.620259,-0.250069,-9.919523
-1.199341,-0.515550,-9.921798
-0.875452,-0.719987,-9.921016
-0.525974,-0.877189,-9.917275
-0.201587,-0.959935,-9.913677
0.123925,-0.978263,-9.912453
0.406853,-0.949780,-9.913966
0.654378,-0.920459,-9.915768
0.868715,-0.911335,-9.916626
1.092684,-0.927997,-9.916215
1.318886,-0.958404,-9.914752
1.577199,-0.982347,-9.912426
1.866896,-0.931053,-9.910003
2.046062,-0.761992,-9.909826
2.175923,-0.504262,-9.911129
2.255703,-0.291507,-9.912541
2.337501,-0.073973,-9.914034
2.454257,0.169647,-9.915542
2.629236,0.408643,-9.916569
2.916542,0.704259,-9.917435
3.295412,1.140861,-9.919021
3.846382,1.820529,-9.912962
2.768352,1.718903,-13.170327
3.270581,2.650121,-13.160591
3.820693,4.155107,-13.168204
4.382400,6.706865,-13.166767
3.694860,8.078197,-13.173426
2.519956,8.565617,-13.168705
1.231468,9.253086,-13.173470
-0.186387,9.787118,-13.167205
-1.733524,9.847832,-13.165813
-3.289514,9.568712,-13.170625
-4.911752,9.192019,-13.164461
-5.669475,7.568311,-13.165113
-5.683374,5.640463,-13.170268
-3.778836,3.094740,-13.167190
-3.455171,2.065019,-13.167227
-3.335697,1.307978,-13.171000
-1.531806,0.557812,-13.160811
-0.948239,0.240549,-13.165596
-0.563572,0.050032,-13.167078
-0.224733,-0.059803,-13.165303
0.084314,-0.094551,-13.163603
0.324696,-0.080145,-13.163268
0.499633,-0.066523,-13.163618
0.607057,-0.063441,-13.164059
0.716967,-0.067711,-13.164672
0.791858,-0.075997,-13.165173
0.906022,-0.095803,-13.166048
0.982549,-0.112116,-13.166694
1.096573,-0.138107,-13.167725
1.208012,-0.162152,-13.168793
1.349332,-0.183854,-13.170201
1.508049,-0.180193,-13.171790
1.661602,-0.106432,-13.173198
1.759856,0.013533,-13.173893
1.825198,0.137206,-13.174181
1.883705,0.276969,-13.174269
1.939946,0.424948,-13.174192
2.014026,0.609473,-13.173918
2.119693,0.810778,-13.173415
2.378830,1.144891,-13.172205
2.832991,1.756599,-16.415312
3.277450,2.656104,-16.418975
3.586841,3.868882,-16.415372
3.428151,4.973980,-16.412972
3.129672,6.459499,-16.411153
2.211608,7.099921,-16.422785
1.178055,7.769431,-16.410383
-0.014363,8.152167,-16.420626
-1.286589,8.264787,-16.420299
-2.615030,8.104413,-16.422947
-3.721521,7.404809,-16.415317
-3.961528,5.736764,-16.418877
-3.212374,3.721684,-16.417088
-2.938838,2.616393,-16.417600
-2.731175,1.795325,-16.412633
-2.588221,1.161399,-16.409823
-1.312071,0.550649,-16.419228
-0.489840,0.305745,-16.412096
-0.070675,0.185180,-16.412926
0.218058,0.148690,-16.415978
0.458095,0.155364,-16.419567
0.566800,0.156070,-16.421199
0.677166,0.148963,-16.422721
0.733063,0.141066,-16.423411
0.789412,0.129926,-16.424040
0.846020,0.116222,-16.424601
0.902679,0.100733,-16.425087
0.959178,0.084240,-16.425492
1.043169,0.059329,-16.425932
1.125623,0.036551,-16.426153
1.231946,0.014057,-16.426067
1.332600,0.006289,-16.425498
1.469319,0.035795,-16.423627
1.569056,0.103243,-16.421189
1.659072,0.200361,-16.418291
1.742915,0.316560,-16.415286
1.824133,0.441252,-16.412532
1.923100,0.587244,-16.410053
2.097211,0.801859,-16.408496
2.405261,1.162120,-16.410557
3.249830,2.045954,-19.660222
3.604994,2.952298,-19.676956
3.290325,3.471186,-19.673657
3.004210,4.209203,-19.669869
2.636327,5.175481,-19.669717
1.898449,5.480842,-19.668748
1.125692,6.187536,-19.661411
0.211423,6.362208,-19.665338
-0.795947,6.538146,-19.669961
-1.838845,6.419093,-19.661304
-1.910210,4.691148,-19.667792
-2.574893,4.249137,-19.668103
-2.568074,3.199574,-19.666119
-2.475238,2.363598,-19.668250
-2.381586,1.682098,-19.666995
-2.138182,1.063325,-19.670124
-1.807902,0.567595,-19.671787
-1.298644,0.196301,-19.671133
-0.879892,-0.037822,-19.668865
-0.025513,0.034223,-19.660004
0.202070,-0.015391,-19.666812
0.362829,-0.043185,-19.671019
0.501850,-0.050072,-19.673041
0.617780,-0.051964,-19.673859
0.733055,-0.058343,-19.674177
0.801622,-0.067428,-19.674241
0.892238,-0.086935,-19.674239
0.982206,-0.112038,-19.674083
1.094254,-0.146057,-19.673567
1.206445,-0.176749,-19.672568
1.364973,-0.201360,-19.670101
1.525766,-0.191060,-19.666312
1.684180,-0.147002,-19.662416
1.854126,-0.063601,-19.659948
2.023658,0.060679,-19.661597
2.192918,0.219533,-19.666653
2.387995,0.411921,-19.671985
2.720827,0.688717,-19.673842
3.357462,1.156914,-19.673499
3.404544,1.630185,-19.667053
3.199435,1.989824,-22.918676
2.978568,2.392713,-22.921535
2.750685,2.788217,-22.923320
2.466000,3.256998,-22.924168
1.968983,3.340387,-22.909962
1.548704,3.629368,-22.923437
1.055921,4.392224,-22.921262
0.444230,4.419316,-22.914245
-0.244040,4.553012,-22.920915
-0.885444,4.364828,-22.912658
-0.848593,3.083627,-22.913508
-1.233412,2.783688,-22.915693
-1.585383,2.425720,-22.918227
-1.684674,1.913378,-22.918394
-1.433983,1.322730,-22.915256
-1.105257,0.868667,-22.911917
-0.749302,0.532731,-22.911733
-1.724838,0.167922,-22.911069
-0.987554,-0.072020,-22.912037
-0.830363,-0.350476,-22.912247
-0.677386,-0.583892,-22.913025
-0.451710,-0.782632,-22.914458
0.183624,-0.458047,-22.909569
0.399918,-0.433441,-22.918366
0.565281,-0.461182,-22.923817
0.726153,-0.478413,-22.923755
0.882818,-0.491925,-22.920804
1.037749,-0.516107,-22.918379
1.212811,-0.566017,-22.917427
1.448507,-0.685658,-22.919762
1.797911,-0.859283,-22.924432
2.051777,-0.770897,-22.917703
2.261489,-0.598041,-22.910139
2.510414,-0.424846,-22.909499
2.851542,-0.249392,-22.916277
3.245395,0.008840,-22.918570
3.362134,0.385485,-22.917024
3.295091,0.738279,-22.915988
3.425327,1.176856,-22.910023
3.387263,1.617722,-22.915266
1.801164,1.063892,-26.171461
1.711261,1.216019,-26.174607
1.615998,1.371966,-26.176999
1.540878,1.592293,-26.165935
1.428320,1.874436,-26.168756
1.206115,1.983299,-26.178579
0.980759,2.270108,-26.172939
0.700848,2.280095,-26.166393
0.411611,2.222049,-26.163921
-0.077841,2.615739,-26.166776
0.048217,1.762480,-26.170462
0.049635,1.414328,-26.189559
-0.070359,1.234493,-26.192545
-0.206134,1.094707,-26.191685
-0.373704,0.943496,-26.188136
-0.565010,0.762504,-26.181554
-0.728730,0.527368,-26.172112
-0.732491,0.270241,-26.164277
-0.590543,0.047158,-26.160801
-0.412846,-0.135209,-26.159647
-0.223472,-0.298973,-26.159729
-0.062105,-0.429703,-26.160718
-0.155998,-0.909101,-26.168111
-0.011322,-1.177100,-26.166503
0.217518,-1.455947,-26.164742
0.624471,-0.994814,-26.164873
0.865411,-0.971151,-26.170015
1.102049,-1.019036,-26.166582
1.371359,-1.147795,-26.167436
1.847163,-1.551321,-26.160610
2.125424,-1.344035,-26.161684
2.382498,-1.120288,-26.164890
2.587626,-0.854414,-26.163305
2.724545,-0.547903,-26.159066
2.834642,-0.227214,-26.156080
2.904003,0.085556,-26.154876
2.567629,0.415637,-26.165948
2.570806,0.662360,-26.163864
2.553441,0.929315,-26.161990
1.882763,0.911923,-26.160971
1.011888,-0.821388,-29.416513
