1.051832,-30.520434,35.718385
6.244328,-30.158397,35.718385
11.239206,-28.681372,35.718385
15.854804,-26.267576,35.718385
20.011848,-23.134838,35.718385
23.545506,-19.553000,35.718385
26.643560,-15.369543,35.718385
29.093430,-10.776688,35.718385
30.735040,-6.019556,35.718385
31.531504,-0.873438,35.718385
31.288368,4.153665,35.718385
30.046641,9.032525,35.718385
27.871569,13.571809,35.718385
24.954259,17.458147,35.718385
21.327363,20.691802,35.718385
17.470354,23.031807,35.718385
13.291028,24.729840,35.718385
9.248351,25.726750,35.718385
5.280305,26.147544,35.718385
1.292999,26.008753,35.718385
-2.459456,25.310642,35.718385
-5.897843,24.106476,35.718385
-8.960412,22.475905,35.718385
-11.744910,20.405943,35.718385
-14.083596,18.083147,35.718385
-16.100264,15.476318,35.718385
-17.721556,12.808253,35.718385
-19.088861,10.001538,35.718385
-20.220044,7.091694,35.718385
-21.121868,4.102731,35.718385
-21.822135,0.882504,35.718385
-22.261940,-2.558576,35.718385
-22.350964,-6.201469,35.718385
-21.933412,-10.169667,35.718385
-20.863212,-14.195206,35.718385
-18.970006,-18.292284,35.718385
-16.362270,-21.971796,35.718385
-12.825004,-25.333176,35.718385
-8.671676,-27.950974,35.718385
-4.051152,-30.889967,31.974948
1.187626,-31.715814,31.970563
6.477985,-31.395291,31.969861
11.746628,-29.900031,31.974777
16.465281,-27.482596,31.975663
20.837244,-24.186840,31.963912
24.475212,-20.334033,31.961401
27.432528,-15.939586,31.969055
29.665922,-11.131741,31.970835
31.087340,-6.029188,31.964296
31.507534,-0.923388,31.967305
30.944996,4.168256,31.961697
29.476668,8.894269,31.963617
27.127601,13.241032,31.967372
24.141215,16.963233,31.963780
20.745740,20.058045,31.974917
16.800115,22.390756,31.976556
12.877200,24.012261,31.965717
8.968698,25.097498,31.962789
5.117054,25.615502,31.969448
1.233421,25.611102,31.971025
-2.435136,25.073130,31.972222
-5.821502,24.070110,31.973255
-9.027849,22.593155,31.976689
-11.995847,20.677587,31.971767
-14.534299,18.487412,31.965203
-16.656330,16.120095,31.969502
-18.587680,13.374613,31.969438
-20.036205,10.355241,31.972578
-21.214951,7.398950,31.973998
-22.295304,4.227612,31.967347
-23.060542,0.779246,31.960280
-23.493547,-2.902124,31.968718
-23.525194,-6.791232,31.970555
-22.960783,-10.804697,31.966284
-21.701086,-15.045388,31.965561
-19.831813,-19.241250,31.967495
-16.994545,-23.058314,31.973220
-13.273753,-26.372810,31.977834
-9.025983,-28.991752,31.978103
-4.155862,-31.882470,28.213721
1.172257,-32.715384,28.218428
6.733574,-32.398357,28.214828
12.100373,-30.909797,28.216796
17.069653,-28.390449,28.223047
21.505786,-25.023921,28.211202
25.256765,-20.907201,28.216582
28.107174,-16.336495,28.220330
30.156836,-11.347988,28.221615
31.331575,-6.091101,28.225636
31.455810,-0.883004,28.213210
30.650379,4.082669,28.216254
28.951174,8.819889,28.218304
26.483440,12.987499,28.215826
23.474691,16.564270,28.222007
20.166810,19.605619,28.225134
16.307355,21.877826,28.216965
12.500410,23.503182,28.217804
8.726885,24.650171,28.225190
5.001128,25.248119,28.224604
1.232852,25.360659,28.215688
-2.337163,24.971452,28.212577
-5.819757,24.093137,28.220582
-9.142919,22.735318,28.225012
-12.103130,21.035658,28.217809
-14.808659,18.961389,28.215607
-17.217743,16.543788,28.224659
-19.310585,13.844386,28.215671
-20.855188,10.812474,28.214003
-22.181726,7.661415,28.212330
-23.412859,4.294456,28.211779
-24.214096,0.791593,28.222481
-24.670358,-3.131107,28.225903
-24.661415,-7.268019,28.226915
-23.995847,-11.332363,28.222412
-22.626582,-15.620051,28.215673
-20.661224,-20.057075,28.222540
-17.603469,-24.025170,28.226401
-13.735763,-27.311670,28.222535
-9.224714,-30.001169,28.215991
-4.239489,-32.696490,24.465742
1.173880,-33.501526,24.460524
6.996650,-33.141957,24.465849
12.440996,-31.620782,24.472165
17.487290,-29.071839,24.471021
21.982378,-25.645232,24.471338
25.751271,-21.431985,24.462525
28.631986,-16.573380,24.464085
30.529075,-11.438374,24.469375
31.468702,-6.237518,24.464063
31.375249,-0.951911,24.462985
30.356249,4.050371,24.467763
28.457075,8.790835,24.470280
25.927516,12.791217,24.465926
22.939648,16.236253,24.464380
19.725140,19.208255,24.473806
15.993711,21.468860,24.466106
12.326814,23.111645,24.464056
8.700026,24.313327,24.471810
4.937082,25.021130,24.476973
1.299397,25.233587,24.474048
-2.333894,24.950932,24.462730
-5.892375,24.162998,24.465118
-9.138005,22.960105,24.474646
-12.204774,21.350174,24.472996
-15.173532,19.240514,24.465191
-17.698259,16.869104,24.468325
-19.902094,14.193962,24.470215
-21.584479,11.177475,24.472697
-23.089482,7.849969,24.471409
-24.391198,4.452130,24.467808
-25.287386,0.729849,24.469118
-25.770591,-3.432068,24.471734
-25.730838,-7.631555,24.466439
-24.963125,-11.923622,24.464887
-23.421712,-16.418349,24.473960
-21.345595,-20.883288,24.476742
-18.172260,-24.855017,24.466317
-14.192043,-28.122931,24.459521
-9.411170,-30.863705,24.463200
-4.299813,-33.306404,20.722722
1.371419,-34.051105,20.720965
7.073313,-33.637044,20.716737
12.578350,-32.090048,20.719501
17.687433,-29.521143,20.722706
22.373316,-25.933086,20.714020
26.139904,-21.630740,20.719988
28.896538,-16.835126,20.724508
30.710246,-11.604014,20.725543
31.511842,-6.131459,20.726224
31.214500,-0.792065,20.714829
30.049514,4.049342,20.716945
28.074410,8.621370,20.718580
25.451098,12.628100,20.712564
22.400712,16.086910,20.712023
19.271387,18.950702,20.718893
15.854534,21.121733,20.717532
12.186409,22.866709,20.715709
8.537353,24.144742,20.719787
4.928148,24.903851,20.719337
1.254044,25.200845,20.710454
-2.426429,24.991504,20.714130
-5.861223,24.306295,20.724032
-9.172124,23.165844,20.722572
-12.468572,21.514192,20.718514
-15.362589,19.543717,20.718996
-17.974901,17.209884,20.716711
-20.379174,14.412502,20.723605
-22.212119,11.434033,20.722699
-23.838210,8.119325,20.716110
-25.252142,4.520408,20.716528
-26.234284,0.584575,20.722482
-26.734699,-3.624549,20.715419
-26.663368,-8.055707,20.719694
-25.797035,-12.569660,20.727554
-24.165956,-17.090287,20.722877
-21.948708,-21.550235,20.714560
-18.676472,-25.521678,20.710154
-14.461718,-28.878995,20.712228
-9.569938,-31.550994,20.718371
-4.334502,-33.684671,16.974372
1.391603,-34.328672,16.968174
7.127841,-33.835464,16.968125
12.662736,-32.238519,16.967681
17.802651,-29.638909,16.964058
22.379272,-26.141254,16.971117
26.182721,-21.816013,16.975425
29.031837,-16.811131,16.971793
30.770619,-11.513403,16.970208
31.423451,-6.165392,16.973519
31.009815,-0.794324,16.970826
29.720689,4.052960,16.971863
27.628603,8.611170,16.976514
25.049654,12.469724,16.973747
22.105094,15.816566,16.966268
18.947640,18.693472,16.970627
15.559807,20.970735,16.972649
12.075853,22.727664,16.967851
8.415386,24.065739,16.967964
4.793824,24.889502,16.973119
1.282513,25.231976,16.972183
-2.428196,25.086651,16.970659
-5.897389,24.444882,16.973311
-9.245576,23.333119,16.967905
-12.580106,21.698932,16.966335
-15.516054,19.742766,16.972723
-18.177462,17.426569,16.968547
-20.640306,14.646792,16.961423
-22.724489,11.574354,16.962081
-24.459256,8.289459,16.964053
-25.961873,4.491734,16.962255
-26.984418,0.536449,16.961096
-27.512405,-3.701090,16.963844
-27.429435,-8.348994,16.972167
-26.553713,-12.899632,16.974417
-24.805899,-17.609521,16.970732
-22.439794,-22.033779,16.973811
-18.958096,-26.128674,16.965278
-14.674854,-29.446781,16.960768
-9.690121,-32.033586,16.968795
-4.341137,-33.801843,13.224534
1.224936,-34.318520,13.218967
6.966532,-33.759283,13.221609
12.505998,-32.130851,13.223176
17.657013,-29.525803,13.220133
22.251207,-26.029780,13.225159
26.072148,-21.703847,13.214981
28.860971,-16.860886,13.214039
30.605304,-11.554085,13.219386
31.204292,-6.185941,13.216646
30.729173,-0.807497,13.222586
29.363504,4.030164,13.221899
27.293091,8.404239,13.222886
24.714883,12.278871,13.220272
21.787041,15.651039,13.212796
18.753522,18.399776,13.222401
15.433347,20.797569,13.226114
11.993270,22.647216,13.225923
8.514932,23.976136,13.226998
4.904812,24.878295,13.224472
1.206069,25.294959,13.218568
-2.328928,25.199125,13.220254
-5.994076,24.552428,13.221742
-9.351206,23.441235,13.224653
-12.528252,21.890012,13.223484
-15.631931,19.834490,13.219929
-18.306913,17.522449,13.221909
-20.793469,14.754825,13.215704
-23.003097,11.755689,13.220653
-24.917772,8.353920,13.222965
-26.428466,4.544673,13.216840
-27.490464,0.591334,13.219854
-28.068760,-3.837180,13.225583
-27.984373,-8.494372,13.218755
-27.072045,-13.241743,13.213029
-25.284540,-17.945677,13.220314
-22.693164,-22.469933,13.224851
-19.134719,-26.523433,13.221051
-14.809769,-29.791623,13.219431
-9.757043,-32.277024,13.223414
-4.317706,-33.631540,9.474114
1.239777,-34.006664,9.470181
6.946972,-33.331197,9.472766
12.443397,-31.631619,9.472723
17.396325,-29.092402,9.464640
21.975325,-25.611078,9.461757
25.687161,-21.464115,9.471719
28.596264,-16.498617,9.474074
30.279549,-11.389332,9.468717
30.845420,-6.035754,9.466499
30.362609,-0.862750,9.461981
28.905271,4.122130,9.462371
26.790186,8.453669,9.470136
24.329865,12.167164,9.473013
21.570896,15.417173,9.468116
18.401471,18.268119,9.470547
15.310780,20.645114,9.474504
11.936510,22.574092,9.476570
8.481929,23.937133,9.475342
4.899257,24.887455,9.473901
1.218195,25.343887,9.475701
-2.489737,25.257936,9.475266
-5.959875,24.647216,9.471698
-9.477441,23.470830,9.463854
-12.627350,21.894023,9.466871
-15.555214,19.931664,9.477066
-18.359378,17.505665,9.476035
-20.841868,14.753496,9.475904
-23.127932,11.825126,9.471722
-25.106974,8.482512,9.468793
-26.626225,4.688201,9.469414
-27.763581,0.579332,9.468633
-28.372544,-4.016057,9.471983
-28.272012,-8.655550,9.467789
-27.355255,-13.387567,9.466205
-25.552854,-18.064236,9.471879
-22.896092,-22.528817,9.468966
-19.328726,-26.554587,9.470003
-14.849531,-29.881419,9.474167
-9.759833,-32.249361,9.475888
-4.262652,-33.151160,5.721768
1.246600,-33.377110,5.715383
6.700466,-32.625641,5.720171
12.124985,-30.891220,5.724977
17.017709,-28.358641,5.720853
21.414164,-25.036218,5.721451
25.129106,-20.968697,5.725028
27.994075,-16.256196,5.721414
29.779614,-11.047219,5.715485
30.335886,-5.930135,5.717094
29.869601,-0.807667,5.722045
28.480222,3.951717,5.726282
26.396367,8.243368,5.720663
23.891516,12.095970,5.713755
21.190117,15.335729,5.717696
18.183336,18.028524,5.723528
15.188978,20.468256,5.720929
11.900770,22.457660,5.713796
8.494078,23.848120,5.708683
4.782866,24.878342,5.712451
1.140739,25.348851,5.718926
-2.347280,25.285843,5.710084
-5.964558,24.657830,5.720428
-9.441126,23.475961,5.727598
-12.546646,21.889946,5.724053
-15.575565,19.812466,5.720255
-18.329730,17.386473,5.714065
-20.665508,14.799883,5.711493
-23.090815,11.793138,5.717294
-25.166381,8.344168,5.717432
-26.658186,4.580124,5.710379
-27.785836,0.513827,5.710690
-28.378567,-3.851663,5.715985
-28.289700,-8.628663,5.722419
-27.326753,-13.489134,5.724861
-25.498022,-18.101464,5.723175
-22.818113,-22.490887,5.722087
-19.252401,-26.448468,5.721917
-14.778966,-29.683256,5.723244
-9.689049,-31.920315,5.724501
-4.174910,-32.342591,1.964659
1.243595,-32.426892,1.961829
6.586148,-31.570622,1.961878
11.724740,-29.855450,1.967171
16.522976,-27.347026,1.974925
20.842048,-24.079547,1.976583
24.400023,-20.241277,1.970017
27.204792,-15.813662,1.969664
29.019997,-10.907241,1.969498
29.668006,-5.707873,1.960903
29.237173,-0.670366,1.962412
27.873861,4.008239,1.969956
25.828077,8.226726,1.969905
23.499525,11.886163,1.962603
20.892243,15.109193,1.962476
17.948755,17.768100,1.974940
15.055574,20.228572,1.971883
11.871901,22.256206,1.973652
8.370713,23.730493,1.973623
4.909515,24.738410,1.961537
1.156322,25.264474,1.960243
-2.452290,25.199550,1.970839
-6.004104,24.560222,1.975424
-9.410789,23.368149,1.964551
-12.445970,21.775679,1.962801
-15.401136,19.702291,1.974822
-18.093996,17.301458,1.973826
-20.506558,14.621596,1.967578
-22.891574,11.667512,1.970477
-24.931954,8.277796,1.966487
-26.402514,4.579504,1.962172
-27.517115,0.584434,1.974880
-28.115999,-3.885534,1.971254
-28.011727,-8.582256,1.962932
-27.082767,-13.177165,1.960954
-25.194282,-17.870171,1.963874
-22.559511,-22.184135,1.968930
-18.896177,-26.172031,1.972146
-14.587750,-29.167488,1.971715
-9.538697,-31.262371,1.968591
-4.054536,-31.198518,-1.784668
1.055246,-31.179353,-1.784027
6.254061,-30.272872,-1.785009
11.249809,-28.553074,-1.787448
15.767873,-26.176844,-1.787434
19.863808,-23.127827,-1.786011
23.511120,-19.309592,-1.785345
26.233059,-15.192515,-1.787294
28.115229,-10.449192,-1.783583
28.837109,-5.567488,-1.774815
28.497322,-0.647450,-1.777968
27.217418,3.930658,-1.774956
25.261926,8.064084,-1.782187
23.032866,11.660164,-1.787740
20.535625,14.840722,-1.776560
17.555532,17.575668,-1.777152
14.759143,20.005023,-1.782887
11.673844,22.013531,-1.779433
8.274172,23.488293,-1.778369
4.737612,24.548245,-1.785491
1.253930,25.060366,-1.786798
-2.441938,25.007557,-1.789972
-5.905538,24.378098,-1.790256
-9.224960,23.205276,-1.781599
-12.327364,21.544044,-1.779541
-15.184499,19.486348,-1.782373
-17.791331,17.122392,-1.774332
-20.251236,14.367267,-1.782954
-22.532796,11.452765,-1.786000
-24.412798,8.281256,-1.786743
-25.925105,4.518155,-1.788352
-27.000886,0.617706,-1.782138
-27.572649,-3.743517,-1.776762
-27.468047,-8.326828,-1.777166
-26.482640,-12.967374,-1.779977
-24.662094,-17.367190,-1.783241
-22.014660,-21.733618,-1.786829
-18.524801,-25.457900,-1.779195
-14.270940,-28.311744,-1.774259
-9.306865,-30.258372,-1.779242
-4.073187,-29.706259,-5.527649
1.039403,-29.617636,-5.524642
5.891371,-28.711577,-5.529853
10.556608,-27.083706,-5.536087
14.929350,-24.789278,-5.538440
18.904700,-21.857922,-5.538361
22.371292,-18.340007,-5.526559
25.093593,-14.419701,-5.530180
27.028752,-9.876312,-5.538638
27.839657,-5.172418,-5.530387
27.602627,-0.576949,-5.530134
26.433534,3.871182,-5.529730
24.599311,7.897568,-5.525078
22.482589,11.399658,-5.524006
19.986121,14.629748,-5.527226
17.261644,17.196769,-5.525423
14.429493,19.659772,-5.533553
11.454035,21.621553,-5.532667
8.028170,23.155581,-5.528094
4.613427,24.205714,-5.532379
1.246594,24.724144,-5.535931
-2.329352,24.690145,-5.540148
-5.847872,24.051156,-5.535231
-9.208682,22.830505,-5.536689
-12.191803,21.188025,-5.530644
-14.932239,19.165909,-5.524278
-17.547749,16.729037,-5.540287
-19.798200,14.174836,-5.534169
-21.927061,11.299524,-5.527829
-23.775732,8.046041,-5.531382
-25.238858,4.409690,-5.531249
-26.255268,0.628575,-5.524005
-26.776630,-3.594547,-5.532010
-26.654072,-8.030230,-5.533123
-25.709876,-12.344206,-5.533032
-23.855597,-16.749761,-5.535710
-21.305118,-20.980845,-5.525460
-17.866796,-24.518734,-5.529398
-13.670841,-27.170470,-5.535692
-8.992355,-28.894240,-5.533322
-3.883830,-27.906240,-9.273228
0.853574,-27.781475,-9.284450
5.503860,-26.898190,-9.286201
9.972780,-25.327498,-9.282201
14.020479,-23.201548,-9.281682
17.719299,-20.513090,-9.282391
21.094308,-17.191725,-9.287482
23.792073,-13.495469,-9.281162
25.719010,-9.348906,-9.274989
26.649730,-4.867982,-9.284437
26.533836,-0.457062,-9.286757
25.499798,3.830196,-9.278875
23.807535,7.721816,-9.277072
21.720984,11.234469,-9.279566
19.445674,14.218763,-9.275660
16.765466,16.845547,-9.274803
14.032806,19.184255,-9.283809
11.035234,21.149326,-9.283388
7.921687,22.595995,-9.276264
4.503563,23.692915,-9.280473
1.117618,24.236361,-9.287473
-2.311539,24.210181,-9.275584
-5.685866,23.599492,-9.279434
-8.910108,22.433120,-9.280359
-11.911342,20.774958,-9.277780
-14.650886,18.714168,-9.282210
-17.133982,16.350278,-9.285958
-19.272997,13.882543,-9.291987
-21.280472,10.907285,-9.277959
-22.891736,7.878436,-9.278324
-24.306182,4.401410,-9.292578
-25.293458,0.609058,-9.287412
-25.746352,-3.281883,-9.285723
-25.619477,-7.535696,-9.276817
-24.639571,-11.819565,-9.278010
-22.885864,-15.879595,-9.290164
-20.429067,-19.930976,-9.283178
-17.061734,-23.247483,-9.277085
-12.963756,-25.680802,-9.273171
-8.604325,-27.192512,-9.270004
-3.665547,-25.799732,-13.032072
0.828895,-25.662739,-13.037839
5.089869,-24.851581,-13.034175
9.188002,-23.421869,-13.028262
13.033830,-21.413528,-13.029188
16.433242,-18.974046,-13.033885
19.584011,-15.990217,-13.033884
22.241205,-12.557733,-13.035802
24.203566,-8.686408,-13.036979
25.225167,-4.624945,-13.030800
25.258825,-0.283077,-13.028595
24.369326,3.806296,-13.034862
22.832554,7.530888,-13.039688
20.884808,10.880827,-13.037550
18.640594,13.844280,-13.033274
16.141533,16.383331,-13.033374
13.525483,18.571417,-13.038292
10.673883,20.433736,-13.037130
7.602379,21.914640,-13.032764
4.368271,22.989875,-13.030813
1.007732,23.561401,-13.028682
-2.246777,23.548119,-13.033536
-5.601863,22.942218,-13.036680
-8.658976,21.828796,-13.028727
-11.637202,20.168583,-13.022344
-14.219744,18.192158,-13.028507
-16.557460,15.927973,-13.034167
-18.669663,13.449498,-13.029909
-20.411476,10.528619,-13.037751
-21.852435,7.603508,-13.035442
-23.206020,4.313484,-13.028153
-24.107842,0.703499,-13.034651
-24.510630,-2.992707,-13.024327
-24.352858,-7.026372,-13.032903
-23.387919,-11.085040,-13.037355
-21.698724,-14.927751,-13.027438
-19.393699,-18.608674,-13.037763
-16.114394,-21.664162,-13.032223
-12.299798,-23.796251,-13.023265
-7.992991,-25.200625,-13.025065
-3.421920,-23.416531,-16.780334
0.644897,-23.309237,-16.779477
4.500083,-22.604371,-16.786172
8.349645,-21.290040,-16.783540
11.837721,-19.500939,-16.774139
15.040412,-17.239896,-16.784645
17.936680,-14.596265,-16.779744
20.521149,-11.455658,-16.779370
22.421742,-8.025442,-16.786218
23.558231,-4.118186,-16.779440
23.734891,-0.197574,-16.780311
23.035865,3.660350,-16.778866
21.687554,7.189411,-16.778624
19.827547,10.473710,-16.777748
17.734496,13.259630,-16.775067
15.438242,15.684367,-16.786276
12.862226,17.807496,-16.784784
10.055360,19.617423,-16.782635
7.191719,21.030449,-16.783638
4.170694,22.069144,-16.781581
1.029093,22.647034,-16.784171
-2.310423,22.654510,-16.788468
-5.454381,22.084069,-16.781431
-8.449813,20.977495,-16.777882
-11.111712,19.485410,-16.778605
-13.640222,17.539033,-16.784034
-15.916072,15.294610,-16.790428
-17.872769,12.950004,-16.774556
-19.343662,10.128534,-16.776032
-20.665251,7.210971,-16.777220
-21.927375,4.127980,-16.771327
-22.702387,0.875645,-16.773696
-23.056403,-2.736412,-16.775777
-22.859742,-6.513309,-16.777440
-21.958555,-10.169035,-16.784696
-20.345392,-13.757230,-16.788818
-18.099420,-17.152149,-16.777161
-14.904258,-19.875362,-16.775580
-11.385778,-21.674802,-16.779617
-7.472552,-22.876167,-16.781170
-3.154387,-20.764310,-20.524353
0.459475,-20.690426,-20.530121
4.018904,-20.076109,-20.534783
7.446524,-18.931149,-20.532411
10.551776,-17.361355,-20.526605
13.523607,-15.306922,-20.528434
16.219372,-12.904293,-20.537897
18.597861,-10.177082,-20.534121
20.454329,-7.082640,-20.526163
21.554344,-3.635843,-20.535477
21.880390,-0.032087,-20.537829
21.376819,3.542221,-20.527831
20.163443,6.950679,-20.525087
18.549514,9.878677,-20.527479
16.553087,12.562873,-20.524269
14.367860,14.916699,-20.536179
11.985840,16.860634,-20.537585
9.395865,18.526268,-20.534000
6.648726,19.908699,-20.533189
3.872922,20.890276,-20.534914
0.851948,21.475361,-20.539172
-2.225600,21.505579,-20.536994
-5.126507,20.999793,-20.533797
-8.016342,19.945340,-20.527405
-10.584683,18.501090,-20.524864
-12.902666,16.694117,-20.531186
-14.986643,14.611120,-20.537996
-16.853568,12.326254,-20.536413
-18.057184,9.656823,-20.536705
-19.190317,6.931646,-20.534889
-20.401149,3.966853,-20.531012
-21.074958,0.958787,-20.529718
-21.363506,-2.373847,-20.528483
-21.129482,-5.847316,-20.536402
-20.279640,-9.217492,-20.532371
-18.758673,-12.504983,-20.523573
-16.522450,-15.516479,-20.536584
-13.663479,-17.712917,-20.535819
-10.248578,-19.315672,-20.527392
-6.752818,-20.307210,-20.523310
-2.862694,-17.831972,-24.283664
0.270152,-17.797374,-24.287952
3.365482,-17.319564,-24.279956
6.349313,-16.368725,-24.277450
9.152827,-14.970306,-24.289543
11.748923,-13.218359,-24.289383
14.133609,-11.192997,-24.278074
16.365057,-8.815512,-24.277462
18.127939,-6.091687,-24.286587
19.180124,-3.009058,-24.284706
19.626727,0.220843,-24.284780
19.305809,3.449394,-24.279935
18.330714,6.434336,-24.280979
16.870090,9.202045,-24.285264
15.091407,11.631958,-24.276649
13.050511,13.846512,-24.278130
10.924531,15.619714,-24.286986
8.502601,17.199500,-24.282304
6.033005,18.451779,-24.277712
3.428717,19.397315,-24.285272
0.715324,19.954743,-24.286764
-2.054600,20.018250,-24.287381
-4.789376,19.568531,-24.282128
-7.503013,18.577909,-24.284219
-9.914632,17.206514,-24.281713
-11.987700,15.565858,-24.276273
-13.933650,13.586093,-24.282760
-15.577724,11.500480,-24.286665
-16.567310,8.928413,-24.287245
-17.540241,6.458576,-24.283355
-18.575540,3.897047,-24.278507
-19.175891,1.063407,-24.275499
-19.398297,-1.939931,-24.273369
-19.133755,-5.058410,-24.281358
-18.357287,-8.098405,-24.280526
-16.943169,-11.028689,-24.272583
-14.832404,-13.512240,-24.275750
-12.149680,-15.345746,-24.275038
-9.143660,-16.627556,-24.274274
-5.982852,-17.454920,-24.277836
-2.548604,-14.629329,-28.034774
0.068109,-14.628860,-28.028956
2.656170,-14.261613,-28.028897
5.255305,-13.459809,-28.033067
7.608391,-12.317155,-28.032911
9.795232,-10.881549,-28.029099
11.884470,-9.150517,-28.031179
13.823776,-7.223477,-28.030698
15.446099,-4.928490,-28.025232
16.347570,-2.248028,-28.028811
16.849888,0.438996,-28.031423
16.730452,3.244884,-28.027711
15.916858,5.961397,-28.026851
14.684560,8.383337,-28.034501
13.154972,10.504455,-28.037722
11.365718,12.408981,-28.027180
9.490415,14.081541,-28.032152
7.507860,15.435996,-28.040342
5.266277,16.571435,-28.032942
2.921534,17.462984,-28.024241
0.571017,17.976853,-28.032191
-1.937790,18.067547,-28.037000
-4.417116,17.671058,-28.037707
-6.774150,16.811129,-28.036263
-8.867093,15.617921,-28.035351
-10.816460,14.047320,-28.036010
-12.495231,12.313281,-28.035074
-13.944618,10.392339,-28.032872
-14.715785,8.122839,-28.037580
-15.546362,5.973846,-28.030366
-16.446478,3.638927,-28.027127
-16.916618,1.165860,-28.036897
-17.069407,-1.444257,-28.034353
-16.807765,-4.039221,-28.027654
-16.119885,-6.798838,-28.024652
-14.827505,-9.292411,-28.029617
-12.781497,-11.258167,-28.037883
-10.443068,-12.653907,-28.038130
-7.811181,-13.682459,-28.036899
-5.260892,-14.304907,-28.037076
-2.199564,-11.031946,-31.784764
-0.150941,-11.039193,-31.781530
1.877264,-10.775141,-31.781496
3.923317,-10.174179,-31.784059
5.776881,-9.304659,-31.784722
7.577227,-8.159488,-31.783446
9.237156,-6.834848,-31.778569
10.876031,-5.316030,-31.778496
12.226124,-3.570811,-31.784105
12.907944,-1.376883,-31.779231
13.394822,0.807267,-31.779735
13.435717,3.086018,-31.785523
12.849557,5.239547,-31.784848
11.901482,7.241773,-31.778480
10.639895,9.066854,-31.781445
9.126309,10.561980,-31.787204
7.678366,12.018805,-31.782516
6.070764,13.259057,-31.778583
4.220971,14.157824,-31.782302
2.319331,14.903727,-31.786115
0.243274,15.390441,-31.786355
-1.801157,15.492784,-31.779118
-3.906721,15.160236,-31.784974
-5.826970,14.452792,-31.782716
-7.599353,13.425138,-31.777228
-9.173469,12.125272,-31.778389
-10.584848,10.632740,-31.783491
-11.724270,9.040715,-31.786385
-12.398116,7.111326,-31.778012
-13.119563,5.284845,-31.781556
-13.790977,3.358710,-31.782957
-14.152459,1.337134,-31.776781
-14.241495,-0.791283,-31.775643
-13.956153,-2.979184,-31.776386
-13.436426,-5.175171,-31.782127
-12.269904,-7.202705,-31.785613
-10.461657,-8.533369,-31.781662
-8.413936,-9.601820,-31.781853
-6.421137,-10.328632,-31.784233
-4.333077,-10.798388,-31.785706
-1.835276,-6.631165,-35.527597
-0.392708,-6.623203,-35.532859
0.975481,-6.449415,-35.535548
2.305681,-6.079986,-35.535642
3.565864,-5.516793,-35.536716
4.805720,-4.776375,-35.531165
5.944491,-3.910671,-35.527609
7.085609,-2.918420,-35.531890
8.156069,-1.767952,-35.535955
8.535141,-0.287430,-35.533231
8.838744,1.267345,-35.530147
9.062943,2.790408,-35.528024
8.716286,4.325162,-35.527063
8.063571,5.740284,-35.532503
7.266015,7.019839,-35.531486
6.104425,8.054319,-35.530440
5.148172,9.125151,-35.534685
4.139925,10.198402,-35.534277
2.763800,10.846654,-35.527146
1.383522,11.417450,-35.529795
-0.073236,11.781905,-35.536616
-1.569429,11.893125,-35.527911
-3.112420,11.663598,-35.526525
-4.513728,11.127322,-35.528208
-5.791664,10.340247,-35.529645
-6.920263,9.354604,-35.531662
-7.879522,8.276149,-35.534918
-8.669698,7.076528,-35.535119
-9.249278,5.756540,-35.528924
-9.788477,4.420455,-35.528302
-10.195095,3.043026,-35.531439
-10.439895,1.615217,-35.531726
-10.469363,0.064360,-35.530679
-10.227079,-1.469622,-35.534292
-9.928216,-3.133867,-35.532119
-8.952833,-4.427088,-35.528617
-7.408398,-5.100201,-35.530391
-5.988429,-5.748383,-35.533288
-4.587691,-6.235380,-35.531735
-3.225591,-6.505915,-35.528209
-0.812227,3.257495,-39.281615
-0.122093,-20.945292,35.718385
4.110983,-21.842120,35.718385
8.318044,-21.547834,35.718385
12.438164,-20.206217,35.718385
16.305231,-18.021369,35.718385
19.700691,-15.157474,35.718385
22.540300,-11.592005,35.718385
24.401358,-7.548975,35.718385
24.978177,-3.146186,35.718385
24.039070,1.321860,35.718385
21.997694,5.270327,35.718385
19.400396,8.442637,35.718385
16.459946,10.962305,35.718385
13.537744,12.732125,35.718385
10.577691,13.917666,35.718385
7.791754,14.505746,35.718385
5.173937,14.571720,35.718385
2.919495,14.249036,35.718385
0.950140,13.681934,35.718385
-0.731871,12.983306,35.718385
-2.140262,12.237651,35.718385
-3.389075,11.443930,35.718385
-4.398004,10.702512,35.718385
-5.275008,9.976987,35.718385
-6.111858,9.205476,35.718385
-6.906641,8.390668,35.718385
-7.657264,7.535056,35.718385
-8.361513,6.640856,35.718385
-9.079624,5.615172,35.718385
-9.734804,4.548109,35.718385
-10.422039,3.237540,35.718385
-11.087550,1.664912,35.718385
-11.659945,-0.184221,35.718385
-12.052587,-2.427170,35.718385
-12.100112,-4.932560,35.718385
-11.697213,-7.636719,35.718385
-10.740247,-10.556885,35.718385
-9.124429,-13.579423,35.718385
-6.836932,-16.458327,35.718385
-3.833551,-19.448519,31.971796
-0.093784,-20.798894,31.966507
3.728105,-20.540634,31.963301
7.501610,-19.351533,31.963573
11.412893,-18.408533,31.964341
15.745006,-17.270155,31.966820
19.070620,-14.502788,31.971878
21.517466,-10.996953,31.974802
23.464605,-7.185500,31.973558
24.336283,-2.966891,31.971907
23.391015,1.425042,31.973494
22.080273,5.286512,31.972494
19.205922,8.432426,31.970881
15.545471,10.512869,31.965861
12.157198,11.914870,31.963588
9.115835,12.666002,31.969829
6.441373,12.909097,31.973967
4.111677,12.851576,31.968523
2.178152,12.641936,31.966805
0.336821,11.498705,31.973034
-1.011787,10.327051,31.969124
-2.031672,9.858857,31.960960
-2.905151,9.361418,31.963082
-3.651773,8.869770,31.974667
-4.387682,8.366424,31.970579
-4.983030,7.842096,31.966473
-5.719058,7.365410,31.970529
-7.062129,7.161477,31.971585
-7.867492,6.438914,31.969857
-8.744175,5.544602,31.966089
-10.074680,4.544381,31.964244
-11.188854,3.138140,31.972061
-12.241432,1.406014,31.976482
-12.944342,-0.693568,31.971670
-13.176580,-3.044272,31.965877
-13.157889,-5.722406,31.968270
-12.750299,-8.823699,31.971977
-11.709615,-12.024308,31.971222
-9.811076,-15.030943,31.969881
-7.085053,-17.517382,31.971659
-3.763484,-18.756903,28.214272
-0.168503,-19.910055,28.213441
3.608307,-19.720762,28.214885
7.221158,-18.685383,28.216382
11.060192,-17.770613,28.218760
15.324882,-16.770341,28.219791
18.512381,-14.009673,28.213316
20.748178,-10.455965,28.215182
22.459528,-6.649748,28.216563
23.188003,-2.598005,28.214450
22.377816,1.495092,28.220264
21.028473,5.152003,28.213852
17.854814,8.140751,28.218113
13.864692,9.880559,28.228025
10.407534,10.873492,28.221455
7.445352,11.260380,28.214554
4.991437,11.267455,28.224005
2.992151,11.095146,28.216469
1.466611,10.901616,28.213355
-0.148533,9.632011,28.215629
-1.173688,8.728151,28.222146
-1.967561,8.399625,28.219107
-2.628262,8.056203,28.213660
-3.189237,7.749989,28.224079
-3.834456,7.379894,28.223951
-4.359067,6.995595,28.221466
-5.033919,6.731262,28.220500
-6.333639,6.735881,28.216015
-7.153486,6.110535,28.216514
-7.966099,5.379979,28.217875
-9.267723,4.480187,28.216785
-10.408922,3.205780,28.213769
-11.563528,1.526965,28.211850
-12.349370,-0.434534,28.213118
-12.722952,-2.763100,28.215711
-12.819776,-5.421580,28.216102
-12.498957,-8.493470,28.214810
-11.478964,-11.760446,28.219771
-9.655461,-14.621192,28.224018
-7.010899,-16.956546,28.220034
-3.708974,-17.453388,24.462166
-0.279254,-18.740072,24.469011
3.457160,-19.234874,24.466443
7.270462,-18.813761,24.461356
11.107574,-17.771013,24.468705
15.036369,-16.408060,24.475643
18.045814,-13.594051,24.477037
20.091885,-10.041250,24.470718
21.329628,-6.200749,24.466522
21.666748,-2.247186,24.470182
20.958132,1.647872,24.471316
18.907573,5.040637,24.463394
15.635446,7.599243,24.470738
11.865825,9.125351,24.471833
8.572976,9.780841,24.468494
5.806884,9.917886,24.471677
3.634472,9.782473,24.462189
1.984485,9.519634,24.465300
0.787780,9.321582,24.463677
-0.470440,8.423239,24.468959
-1.280818,7.879467,24.476387
-1.932519,7.634602,24.472660
-2.472765,7.391831,24.468823
-3.015177,7.152287,24.472450
-3.545323,6.887648,24.468175
-3.973053,6.630759,24.467288
-4.618067,6.405810,24.468519
-5.606335,6.302778,24.465301
-6.334758,5.815010,24.464053
-7.063049,5.118743,24.463993
-7.849414,4.381876,24.463885
-8.843262,3.278683,24.465704
-9.812615,1.903210,24.473431
-10.637042,0.217876,24.474308
-11.272049,-1.969460,24.469823
-11.555717,-4.425395,24.472580
-11.358955,-7.188457,24.468464
-10.525945,-10.140131,24.468944
-8.936456,-13.000502,24.471268
-6.617917,-15.493765,24.465678
-3.552947,-16.221705,20.712385
-0.332654,-17.748009,20.720324
3.389010,-18.984245,20.722706
7.445205,-19.263423,20.716515
11.266575,-18.068351,20.712468
14.811282,-16.117616,20.717877
17.617323,-13.220390,20.718655
19.492751,-9.688076,20.723948
20.177357,-5.661567,20.720144
19.900777,-1.755104,20.712404
19.168622,1.762372,20.724051
16.154602,4.892074,20.723944
12.957986,7.043601,20.718726
9.962373,8.349871,20.717674
6.944982,8.807530,20.712911
4.464327,8.825289,20.712999
2.723149,8.677202,20.724387
1.283209,8.379973,20.716354
0.214587,8.104659,20.710231
-0.578346,7.869015,20.718501
-1.275031,7.633213,20.724083
-1.878848,7.410862,20.717395
-2.395134,7.216560,20.714455
-2.909455,7.017525,20.720972
-3.411390,6.789360,20.714183
-3.909980,6.551157,20.717248
-4.476928,6.253034,20.721749
-5.038811,5.933827,20.714280
-5.674640,5.542718,20.713980
-6.131331,4.876216,20.717066
-6.478739,4.221410,20.720373
-7.128741,3.444543,20.725364
-7.851514,2.380953,20.721596
-8.689476,0.948413,20.716248
-9.547726,-0.878872,20.715478
-10.034546,-3.131628,20.715380
-9.966131,-5.617503,20.721961
-9.320632,-8.293111,20.719088
-8.074620,-11.095250,20.708889
-6.161191,-13.887556,20.706997
-3.472325,-15.633451,16.959888
-0.331252,-17.357266,16.972656
3.445697,-18.997320,16.968760
7.558305,-19.640011,16.965149
11.435851,-18.328191,16.976439
14.550814,-15.873558,16.972196
17.178773,-12.897620,16.973637
18.898478,-9.293309,16.967897
19.056941,-5.213986,16.961767
18.097845,-1.303768,16.967271
16.972478,1.955910,16.970551
13.519009,4.693556,16.965973
10.735912,6.519591,16.964516
8.319731,7.698937,16.964101
5.689454,8.111520,16.961519
3.666188,8.151627,16.963040
2.170636,8.057681,16.970668
0.965553,7.845527,16.974211
-0.065950,7.502681,16.964505
-0.627934,7.732344,16.962099
-1.280493,7.810642,16.966285
-1.872952,7.557097,16.965041
-2.455891,7.371730,16.962161
-3.027826,7.141625,16.972551
-3.502634,6.918576,16.972655
-4.100372,6.686718,16.964057
-4.479336,6.246150,16.961299
-4.769418,5.702863,16.967502
-5.318517,5.381565,16.971200
-5.596171,4.788792,16.967489
-5.744322,4.173426,16.967284
-6.259233,3.451796,16.975622
-6.771685,2.629289,16.973195
-7.531547,1.444283,16.969915
-8.559472,-0.299581,16.970562
-9.131869,-2.433866,16.963326
-9.109601,-4.727130,16.970796
-8.593348,-7.222174,16.973880
-7.588069,-9.988865,16.965508
-5.929668,-12.999705,16.958156
-3.519698,-16.170624,13.224146
-0.297675,-17.867322,13.223777
3.432338,-19.136250,13.219931
7.601514,-19.546438,13.216101
11.383224,-18.275785,13.216385
14.298143,-15.514851,13.215070
16.744474,-12.531193,13.218006
18.228461,-8.919588,13.214641
18.032689,-4.754010,13.211004
16.419136,-0.862731,13.213965
14.424085,2.205265,13.213630
11.569216,4.592732,13.216129
9.362505,6.181267,13.213057
7.296997,7.267093,13.216666
5.177245,7.788720,13.222751
3.447138,7.975569,13.217542
2.054544,8.001805,13.215784
1.024456,7.919422,13.223115
0.055610,7.637511,13.224560
-0.581623,8.025669,13.221522
-1.245290,8.243490,13.219795
-1.934906,7.960879,13.221227
-2.510038,7.787268,13.224052
-3.151152,7.513757,13.225151
-3.689480,7.245330,13.220209
-4.284710,6.999701,13.222072
-4.712917,6.423477,13.224267
-4.835410,5.820232,13.219343
-5.384980,5.399296,13.219706
-5.965725,4.863343,13.215643
-6.407677,4.213212,13.213847
-6.967433,3.438011,13.221844
-7.614910,2.407301,13.222946
-8.362880,1.126927,13.218288
-9.202103,-0.686306,13.217323
-9.632713,-2.824467,13.221279
-9.544858,-5.175330,13.218254
-8.956436,-7.802684,13.220596
-7.871930,-10.588583,13.227511
-6.095133,-13.570773,13.227393
-3.636787,-17.271350,9.474889
-0.232237,-18.790846,9.469440
3.491978,-19.139746,9.463850
7.253655,-18.846557,9.465965
11.083388,-17.754455,9.475526
13.915942,-15.078998,9.476015
16.282796,-12.054413,9.468123
17.481989,-8.433870,9.469014
17.053589,-4.332951,9.472038
14.929319,-0.496615,9.468100
11.935324,2.494177,9.467339
10.387141,4.535821,9.462734
8.698393,6.051325,9.469081
6.838663,7.088398,9.466508
5.136577,7.800898,9.463007
3.685038,8.171580,9.472419
2.375751,8.348046,9.470095
1.325321,8.415183,9.470467
0.337542,8.281229,9.469271
-0.376313,8.569103,9.467624
-1.150472,8.844576,9.469574
-1.930996,8.556373,9.470974
-2.681190,8.319572,9.465596
-3.318802,8.017684,9.463571
-3.933277,7.685013,9.468736
-4.585310,7.360820,9.467068
-5.090762,6.802238,9.463300
-5.291010,6.114446,9.469608
-5.851125,5.562684,9.470891
-6.814555,5.062096,9.466486
-7.896284,4.352704,9.463219
-8.760015,3.340736,9.466910
-9.695807,1.943432,9.472945
-10.444856,0.262160,9.468964
-10.880784,-1.723091,9.462934
-10.995033,-4.010039,9.468010
-10.746661,-6.553800,9.463943
-9.993447,-9.359728,9.466313
-8.602753,-12.222322,9.475996
-6.474180,-14.965608,9.478357
-3.692833,-17.703726,5.724665
-0.211370,-19.001730,5.717277
3.287682,-18.551722,5.717090
6.772662,-17.637505,5.719156
10.521291,-16.783476,5.718004
13.428596,-14.425384,5.720336
15.681638,-11.496205,5.719424
16.610734,-7.888238,5.718289
16.027065,-3.926068,5.720215
13.673748,-0.204139,5.725716
10.459105,2.606836,5.726235
9.798059,4.452827,5.719197
8.479460,6.009290,5.714977
6.789718,7.077464,5.723698
5.480502,7.971262,5.723555
4.187144,8.556653,5.710161
2.901661,8.891307,5.717298
1.770781,9.118750,5.724308
0.710751,9.189434,5.715824
-0.161171,9.372584,5.710077
-1.103872,9.480509,5.718100
-1.962504,9.204965,5.723859
-2.799675,8.920565,5.715233
-3.507352,8.554728,5.718820
-4.271633,8.108803,5.718039
-4.955192,7.684334,5.714431
-5.510836,7.127024,5.712976
-5.928856,6.442961,5.713532
-6.468909,5.851993,5.719027
-7.469222,5.276907,5.721856
-9.022166,4.461410,5.715113
-10.076490,3.249851,5.714957
-11.174834,1.612934,5.717311
-11.833916,-0.286270,5.718333
-11.984206,-2.337839,5.719056
-11.889311,-4.724062,5.720312
-11.532528,-7.446296,5.716591
-10.664170,-10.434075,5.718526
-9.068407,-13.279697,5.725448
-6.660667,-15.757673,5.727870
-3.560061,-16.353266,1.974277
-0.348157,-17.429856,1.972184
2.934825,-16.976149,1.966840
6.158882,-16.072140,1.961666
9.649637,-15.398815,1.964305
12.656676,-13.612913,1.971609
14.848855,-10.846278,1.966378
15.594712,-7.232341,1.967818
14.829428,-3.410521,1.970210
12.687631,0.053216,1.964493
10.235935,2.659971,1.969412
9.629099,4.446350,1.968227
8.402199,5.984283,1.973608
6.930094,7.183309,1.974043
5.908659,8.201016,1.970476
4.706206,9.004961,1.972927
3.437747,9.494471,1.970339
2.223256,9.883504,1.962766
1.148973,10.146932,1.961103
0.047937,10.223378,1.963112
-1.047657,10.074249,1.966177
-2.031231,9.802257,1.969889
-2.905436,9.470181,1.968030
-3.719346,9.012129,1.961440
-4.439451,8.557648,1.964948
-5.185886,7.998077,1.970765
-5.824346,7.435372,1.972406
-6.508161,6.798272,1.975767
-7.134823,6.102519,1.973360
-7.974044,5.388952,1.967219
-9.166085,4.440117,1.964708
-10.019154,3.266549,1.968938
-10.900269,1.699654,1.964156
-11.456911,-0.157526,1.959757
-11.593998,-2.120260,1.964869
-11.505854,-4.410782,1.970641
-11.125615,-7.016503,1.963759
-10.282395,-9.795862,1.965596
-8.700914,-12.489419,1.975316
-6.417347,-14.653957,1.976794
-3.274036,-13.561962,-1.776362
-0.491425,-14.423187,-1.784653
2.396392,-14.570446,-1.780369
5.433726,-14.218880,-1.776359
8.595740,-13.597287,-1.785934
11.675396,-12.397008,-1.784811
13.773025,-9.869561,-1.781425
14.382965,-6.447448,-1.779851
13.424653,-2.800973,-1.773811
11.748789,0.305362,-1.775936
10.516057,2.576179,-1.789347
9.551278,4.471665,-1.780155
8.308262,5.967704,-1.781228
7.144125,7.238979,-1.781811
6.215459,8.405977,-1.774584
5.161155,9.343628,-1.775872
3.839231,10.028773,-1.782532
2.690032,10.517399,-1.778858
1.489998,10.946187,-1.778744
0.191946,10.917053,-1.784157
-1.016203,10.528357,-1.785459
-2.074873,10.252680,-1.783306
-3.009334,9.845069,-1.780364
-3.875574,9.309477,-1.780066
-4.647795,8.771122,-1.776131
-5.292626,8.199085,-1.777837
-6.001319,7.586322,-1.783830
-6.868969,7.049331,-1.781891
-7.572292,6.314764,-1.783301
-8.073552,5.421986,-1.780431
-8.545957,4.433816,-1.775526
-9.122591,3.320242,-1.780527
-9.609809,1.998263,-1.787046
-9.994777,0.475408,-1.787183
-10.261444,-1.305195,-1.784213
-10.254942,-3.344273,-1.786588
-9.888346,-5.587305,-1.788184
-9.083900,-7.968689,-1.784769
-7.695834,-10.243076,-1.778451
-5.750489,-12.107501,-1.774469
-3.006444,-10.350948,-5.534883
-0.730588,-11.084189,-5.536297
1.822879,-11.819470,-5.532107
4.638606,-12.066304,-5.529301
7.378372,-11.467591,-5.534299
10.348496,-10.727147,-5.529856
12.279825,-8.542844,-5.530178
12.870296,-5.470355,-5.531791
11.837596,-2.105450,-5.524634
10.672491,0.615941,-5.525942
10.387962,2.589789,-5.538134
9.168190,4.449424,-5.529378
8.056318,5.935732,-5.530070
7.208079,7.233656,-5.532943
6.236855,8.453256,-5.529554
5.241605,9.457019,-5.531811
4.067167,10.247016,-5.533926
2.884971,10.869275,-5.527484
1.670853,11.345022,-5.525104
0.243922,11.229446,-5.526262
-1.020472,10.720777,-5.523784
-2.041918,10.446124,-5.524651
-3.055098,9.940934,-5.530538
-3.874427,9.383845,-5.529265
-4.651290,8.772133,-5.535702
-5.248164,8.160807,-5.533680
-5.921916,7.553168,-5.524332
-6.866054,7.063446,-5.529558
-7.577505,6.338422,-5.530845
-7.740586,5.313635,-5.526901
-7.737801,4.325145,-5.528238
-8.014505,3.369033,-5.534407
-8.176579,2.320470,-5.531355
-8.408983,1.071520,-5.529105
-8.726326,-0.452352,-5.531369
-8.737296,-2.082010,-5.528966
-8.369817,-3.885407,-5.528600
-7.668487,-5.659982,-5.533757
-6.536839,-7.472543,-5.538780
-4.986860,-9.086314,-5.537457
-2.750291,-7.645085,-9.287993
-0.916758,-8.342181,-9.280965
1.253064,-9.234652,-9.277033
3.701572,-9.714301,-9.278329
5.980512,-9.156578,-9.276821
8.549356,-8.603138,-9.278924
10.350079,-6.811220,-9.283606
10.999266,-4.272030,-9.286672
10.244810,-1.404380,-9.285694
9.463292,0.867914,-9.286187
9.542869,2.698449,-9.288921
8.229051,4.349031,-9.277570
7.525826,5.771042,-9.281970
6.976467,7.189808,-9.283343
5.878870,8.235309,-9.279058
4.873684,9.148879,-9.287135
3.889078,10.002039,-9.278698
2.724057,10.692673,-9.281975
1.538210,11.144173,-9.284751
0.222288,11.056509,-9.280002
-1.015416,10.594803,-9.280037
-2.074992,10.264498,-9.282717
-2.990212,9.739843,-9.277523
-3.780066,9.139125,-9.276440
-4.465968,8.515155,-9.281448
-5.037320,7.853103,-9.285799
-5.660550,7.269893,-9.286197
-6.461735,6.789396,-9.283637
-7.040816,6.108230,-9.280850
-7.096203,5.147584,-9.281961
-7.000909,4.282120,-9.282953
-7.132319,3.421476,-9.279635
-7.160326,2.553625,-9.276074
-7.283837,1.512248,-9.278814
-7.477799,0.286473,-9.284960
-7.395488,-1.015006,-9.283383
-7.023372,-2.328307,-9.277734
-6.394006,-3.670998,-9.276987
-5.483037,-5.094075,-9.282407
-4.284471,-6.491553,-9.287487
-2.521579,-5.543611,-13.029506
-1.015891,-6.227232,-13.026977
0.727129,-6.949267,-13.024235
2.762961,-7.358524,-13.028013
4.618880,-6.838229,-13.035566
6.589823,-6.231625,-13.029840
8.179688,-4.894139,-13.034309
8.944243,-2.953649,-13.032354
8.689370,-0.720729,-13.030041
8.170415,1.207843,-13.036818
8.151800,2.817076,-13.027932
6.883609,4.294749,-13.035180
6.597656,5.591039,-13.037734
6.383910,6.910902,-13.028751
5.162216,7.782648,-13.026955
4.162349,8.527701,-13.035126
3.342750,9.417840,-13.028922
2.313655,10.034751,-13.033993
1.265927,10.441140,-13.030982
0.086246,10.500378,-13.028086
-1.048299,10.205705,-13.033135
-2.028529,9.843758,-13.035888
-2.873105,9.309152,-13.035919
-3.595502,8.698342,-13.027138
-4.208826,8.050688,-13.026015
-4.702347,7.433745,-13.033064
-5.196364,6.893810,-13.036913
-5.772013,6.353477,-13.035197
-6.186608,5.737775,-13.036659
-6.353863,4.975731,-13.029501
-6.426168,4.186756,-13.026145
-6.536739,3.461011,-13.033657
-6.569513,2.674707,-13.034606
-6.614017,1.780597,-13.028982
-6.603214,0.838396,-13.026814
-6.378658,-0.136997,-13.031820
-5.973413,-1.108523,-13.031982
-5.403006,-2.107744,-13.031697
-4.666872,-3.211074,-13.033369
-3.755231,-4.415804,-13.032450
-2.369706,-3.927017,-16.781633
-1.118751,-4.589010,-16.787245
0.318115,-5.033264,-16.784372
1.862859,-5.181352,-16.777121
3.377128,-4.741901,-16.785468
4.741040,-3.974125,-16.785427
6.017414,-3.036260,-16.778653
6.932162,-1.680074,-16.780756
7.132289,-0.068325,-16.788381
6.845009,1.563027,-16.785476
6.403419,2.981121,-16.778916
5.544988,4.209100,-16.777535
5.247476,5.275670,-16.775917
4.924931,6.371063,-16.779320
4.052141,7.142987,-16.784272
3.285980,7.841734,-16.778687
2.692298,8.651377,-16.778890
1.802434,9.184154,-16.785716
0.863954,9.557116,-16.778388
-0.111985,9.769563,-16.778231
-1.106084,9.659493,-16.788539
-1.984967,9.270613,-16.786920
-2.775505,8.730497,-16.777053
-3.385540,8.171381,-16.778184
-3.891358,7.573834,-16.779646
-4.357368,6.997096,-16.785715
-4.720095,6.456598,-16.789448
-5.016001,5.873096,-16.784997
-5.304542,5.336418,-16.779291
-5.674283,4.795220,-16.782136
-5.999384,4.185881,-16.783948
-6.183692,3.464581,-16.779737
-6.296587,2.731570,-16.784159
-6.272171,1.949066,-16.787395
-6.043996,1.153115,-16.785009
-5.662593,0.418065,-16.782401
-5.234174,-0.290988,-16.782917
-4.720306,-1.042809,-16.785088
-4.102389,-1.894339,-16.785799
-3.365823,-2.900162,-16.783231
-2.273099,-2.696502,-20.523764
-1.198931,-3.297343,-20.534092
-0.045410,-3.458475,-20.536955
1.144104,-3.293546,-20.528474
2.327223,-2.979368,-20.532364
3.218726,-2.117642,-20.532346
4.151738,-1.384784,-20.535575
5.133879,-0.574461,-20.534440
5.619780,0.614999,-20.524976
5.528028,1.906401,-20.525236
4.658160,3.148064,-20.531415
4.375026,4.120925,-20.531911
3.703146,4.945451,-20.526826
3.125964,5.651545,-20.526044
2.953904,6.459346,-20.527320
2.510607,7.189638,-20.525923
2.045968,7.945215,-20.534338
1.296384,8.411143,-20.538058
0.507060,8.729713,-20.538695
-0.297130,9.043743,-20.534440
-1.156677,9.057735,-20.533956
-1.965142,8.651251,-20.533912
-2.628465,8.187939,-20.527683
-3.203849,7.667052,-20.532495
-3.654167,7.132300,-20.526662
-4.049456,6.677806,-20.524094
-4.302660,6.085778,-20.529955
-4.410150,5.492710,-20.530848
-4.636036,5.067656,-20.525159
-5.166749,4.663122,-20.529766
-5.708782,4.139031,-20.532961
-5.979488,3.472697,-20.528391
-6.198709,2.753373,-20.535115
-6.099590,2.006997,-20.531645
-5.701068,1.364538,-20.525781
-5.221018,0.806461,-20.533183
-4.777249,0.217751,-20.538449
-4.295967,-0.437629,-20.538961
-3.769833,-1.106339,-20.535388
-3.104972,-1.907855,-20.527690
-2.185011,-1.774861,-24.285829
-1.285616,-2.183935,-24.281774
-0.335638,-2.181656,-24.283289
0.545343,-1.795919,-24.287505
1.477509,-1.559434,-24.283169
2.101571,-0.779360,-24.283261
2.755791,-0.139603,-24.283563
3.689867,0.344952,-24.278132
4.248453,1.192415,-24.275031
4.223731,2.241899,-24.279621
3.389159,3.269189,-24.278211
3.357599,4.062646,-24.280669
2.685447,4.727748,-24.282059
2.001079,5.212372,-24.283600
2.114203,5.974844,-24.283862
1.921865,6.690810,-24.276308
1.528105,7.362394,-24.278244
0.929256,7.804211,-24.276618
0.252068,8.110122,-24.281368
-0.440675,8.427632,-24.283669
-1.214758,8.466775,-24.281191
-1.929100,8.108935,-24.282488
-2.525585,7.727076,-24.288137
-3.063308,7.310151,-24.290105
-3.503437,6.884536,-24.277023
-3.894994,6.474775,-24.275395
-4.074567,5.880113,-24.283392
-4.151419,5.327233,-24.287672
-4.404764,4.947226,-24.287071
-4.918187,4.598818,-24.280734
-5.490406,4.107702,-24.274951
-5.832604,3.497835,-24.276669
-6.143605,2.753864,-24.281038
-5.961890,2.050301,-24.281873
-5.445512,1.508340,-24.281185
-4.926798,1.029885,-24.280676
-4.525476,0.486534,-24.276947
-4.114419,-0.144143,-24.278970
-3.604990,-0.764047,-24.286477
-2.944917,-1.315828,-24.288491
-2.089746,-1.006538,-28.037257
-1.340879,-1.151040,-28.038170
-0.570345,-1.067615,-28.033960
0.091222,-0.647305,-28.027157
0.813474,-0.410974,-28.029637
1.328317,0.152641,-28.027464
1.804011,0.693490,-28.025890
2.572836,1.055594,-28.031628
3.080499,1.702845,-28.035062
2.946295,2.571163,-28.038285
2.526458,3.357306,-28.032164
2.641237,4.031750,-28.032691
2.190040,4.606474,-28.039730
1.361243,4.955809,-28.031374
1.523114,5.619030,-28.020292
1.509326,6.375935,-28.022347
1.128062,6.906606,-28.037408
0.639447,7.349770,-28.023537
0.064120,7.707998,-28.034868
-0.585776,7.947854,-28.034419
-1.255224,7.921182,-28.022236
-1.896338,7.661272,-28.033963
-2.457557,7.388430,-28.036958
-2.980126,7.098296,-28.023561
-3.463646,6.800332,-28.034610
-3.868502,6.428783,-28.034252
-4.068127,5.900915,-28.028348
-4.237866,5.399648,-28.027958
-4.587085,5.015463,-28.027268
-4.889241,4.597489,-28.024930
-5.238431,4.091410,-28.022148
-5.670928,3.512150,-28.024417
-5.996445,2.779543,-28.035987
-5.752179,2.141540,-28.043782
-5.205879,1.663508,-28.036406
-4.737300,1.218859,-28.024861
-4.390850,0.640962,-28.035524
-4.054849,-0.047963,-28.043407
-3.554916,-0.625732,-28.038426
-2.834688,-0.889617,-28.036552
-2.028764,-0.128915,-31.787367
-1.421613,-0.065830,-31.779597
-0.822856,0.066272,-31.775182
-0.340999,0.417538,-31.784905
0.182793,0.650638,-31.788636
0.626714,0.980740,-31.785954
1.036942,1.396547,-31.780571
1.584308,1.700326,-31.776726
1.982415,2.189413,-31.780629
1.698883,2.886569,-31.775547
1.659135,3.450253,-31.774777
1.991113,3.988754,-31.783050
1.765145,4.514777,-31.780312
0.900912,4.763665,-31.772770
0.951338,5.287625,-31.787263
1.123830,6.046234,-31.773733
0.749586,6.474826,-31.781353
0.348722,6.888098,-31.783303
-0.111868,7.301717,-31.776066
-0.701957,7.411093,-31.781358
-1.315778,7.289444,-31.791393
-1.859531,7.143662,-31.786726
-2.372975,6.970665,-31.783437
-2.867399,6.818573,-31.789651
-3.357685,6.649109,-31.776082
-3.771878,6.303892,-31.785455
-4.022022,5.846592,-31.783486
-4.290544,5.435674,-31.772387
-4.641188,5.053745,-31.779463
-4.702537,4.544426,-31.776334
-4.869672,4.057598,-31.771719
-5.317927,3.523850,-31.773428
-5.525484,2.897412,-31.775867
-5.253417,2.327827,-31.779918
-4.808579,1.896924,-31.777399
-4.442024,1.445338,-31.773347
-4.182647,0.870504,-31.784060
-3.908450,0.185377,-31.789873
-3.405567,-0.312503,-31.787724
-2.699442,-0.284694,-31.788971
-1.896149,1.138440,-35.544562
-1.504312,1.279334,-35.532931
-1.133480,1.416383,-35.525800
-0.827397,1.652688,-35.535931
-0.505851,1.829753,-35.532062
-0.188856,1.976468,-35.526157
0.109042,2.193286,-35.535669
0.439641,2.419231,-35.533488
0.721978,2.718689,-35.532229
0.613563,3.177405,-35.532628
0.453679,3.552743,-35.532589
1.041493,3.929190,-35.536903
1.107746,4.375210,-35.536439
0.448573,4.580600,-35.531617
0.298293,4.914095,-35.529610
0.487192,5.521757,-35.532095
0.252484,5.899384,-35.534752
-0.051378,6.266226,-35.538354
-0.399604,6.631219,-35.533928
-0.917294,6.579413,-35.534388
-1.398720,6.401218,-35.530637
-1.814651,6.321113,-35.526813
-2.200614,6.210478,-35.537710
-2.608251,6.189698,-35.534007
-3.020447,6.083954,-35.534804
-3.338402,5.810400,-35.529801
-3.614373,5.485100,-35.526099
-3.851787,5.156685,-35.528709
-3.995046,4.777700,-35.530889
-4.039230,4.373154,-35.527348
-4.224744,3.998450,-35.531012
-4.407590,3.578883,-35.534397
-4.376586,3.149695,-35.530224
-4.218318,2.736807,-35.527572
-4.030534,2.355757,-35.526120
-3.835863,1.943048,-35.524407
-3.639806,1.510723,-35.524555
-3.383322,1.019190,-35.531570
-2.970363,0.721277,-35.543177
-2.387328,0.891023,-35.549181
-1.567020,4.095134,-39.281615
