24.594975,26.624465,40.005045
19.412995,29.561780,40.005045
13.820244,31.638110,40.005045
8.349322,32.589484,40.005045
2.798408,32.396980,40.005045
-2.381366,31.071522,40.005045
-7.029981,28.875296,40.005045
-10.949132,26.230025,40.005045
-14.218059,23.410585,40.005045
-17.052276,20.433091,40.005045
-19.481117,17.375257,40.005045
-21.632283,14.116251,40.005045
-23.295242,11.043306,40.005045
-24.745457,7.640039,40.005045
-25.781729,4.302775,40.005045
-26.494381,0.672127,40.005045
-26.789078,-3.222219,40.005045
-26.611038,-6.918156,40.005045
-25.871379,-10.962889,40.005045
-24.551590,-14.857368,40.005045
-22.558297,-18.687271,40.005045
-20.002866,-22.168180,40.005045
-16.810130,-25.373026,40.005045
-13.003896,-28.180545,40.005045
-8.625510,-30.457427,40.005045
-3.744527,-32.072253,40.005045
1.326773,-32.913363,40.005045
6.877981,-32.992382,40.005045
12.580685,-32.187945,40.005045
18.073646,-30.459011,40.005045
23.518838,-27.556269,40.005045
28.320380,-23.681638,40.005045
32.360514,-19.016641,40.005045
35.736594,-13.366776,40.005045
37.985575,-7.400407,40.005045
39.117740,-0.916861,40.005045
38.859457,5.872229,40.005045
37.043166,12.199505,40.005045
33.849782,17.778019,40.005045
30.242794,23.267465,35.805249
25.341358,27.186633,35.811120
19.922000,30.325034,35.806219
14.284925,32.518069,35.805753
8.794365,33.715763,35.812302
3.182098,34.015745,35.800824
-2.363868,33.124699,35.794310
-7.205927,31.266232,35.801780
-11.683815,28.648259,35.803503
-15.442494,25.741938,35.798685
-18.662337,22.546540,35.807744
-21.361787,19.172767,35.811188
-23.532417,15.692054,35.807492
-25.292030,11.979771,35.804575
-26.477084,8.283628,35.807037
-27.475419,4.521834,35.811102
-28.655090,0.590827,35.811527
-28.873839,-3.489500,35.810696
-28.773145,-7.633315,35.803317
-27.818145,-11.786482,35.802324
-26.000216,-15.744452,35.805814
-24.033119,-19.822158,35.801456
-21.233494,-23.659200,35.809058
-17.633597,-27.099866,35.806955
-13.504484,-29.855094,35.808086
-8.955802,-31.865621,35.810717
-3.743950,-33.282204,35.797313
1.608340,-34.014634,35.809462
7.224440,-34.005499,35.816038
12.994705,-33.133661,35.812395
18.765118,-31.314068,35.813155
24.344857,-28.459424,35.804640
29.356059,-24.695700,35.799422
33.936408,-19.803883,35.807160
37.559435,-14.168606,35.810283
40.110662,-7.739298,35.796653
41.244425,-0.905768,35.810129
40.631001,5.974634,35.808543
38.320840,12.515401,35.794283
34.777842,18.256390,35.796051
31.098764,23.802375,31.614812
26.082951,27.938586,31.609218
20.712330,31.172888,31.606580
14.915348,33.560594,31.604031
9.258289,34.948112,31.601384
3.456320,35.466635,31.609846
-2.327611,34.790302,31.604623
-7.422345,33.077770,31.604021
-12.168946,30.548786,31.604062
-16.341770,27.533280,31.601010
-19.741306,24.283668,31.611711
-22.694310,20.622972,31.613048
-25.006013,16.790321,31.610552
-26.721890,12.891899,31.600388
-27.869175,8.802322,31.598697
-28.735078,4.863237,31.610648
-29.842925,0.752371,31.605348
-29.980808,-3.476992,31.605471
-29.757652,-7.990790,31.611737
-28.708168,-12.286656,31.608122
-26.811598,-16.380653,31.600613
-24.748220,-20.595938,31.603275
-21.830196,-24.562282,31.602000
-18.249758,-27.962690,31.600745
-13.954567,-30.796634,31.604596
-9.003375,-32.897314,31.607814
-3.792621,-34.214910,31.602195
1.764402,-34.907519,31.596334
7.361371,-34.847214,31.597228
13.335838,-33.902725,31.606236
19.312307,-32.002409,31.613471
24.925140,-29.202174,31.605426
30.369415,-25.263952,31.597187
35.068650,-20.455446,31.598977
38.948601,-14.696519,31.601136
41.666489,-8.060567,31.595452
42.794714,-0.962808,31.603617
41.937637,6.135736,31.609184
39.323438,12.846415,31.610034
35.599225,18.758834,31.613874
31.929042,24.331941,27.398488
26.883939,28.681972,27.402693
21.447570,32.111143,27.408022
15.548281,34.661872,27.408680
9.538066,36.183820,27.407623
3.589219,36.690763,27.404007
-2.344170,36.032155,27.404822
-7.599862,34.380332,27.398421
-12.526997,31.908176,27.399868
-16.869603,28.908353,27.411997
-20.566187,25.467460,27.406705
-23.599599,21.720329,27.401895
-26.061319,17.578099,27.400661
-27.831356,13.339169,27.400298
-28.945652,9.128653,27.404276
-29.751292,4.839041,27.409153
-30.458694,0.768413,27.405192
-30.449970,-3.580781,27.405785
-30.061247,-7.943817,27.409960
-29.022273,-12.389295,27.410511
-27.261270,-16.646908,27.405515
-25.076441,-20.937774,27.402562
-22.069884,-24.993814,27.409244
-18.410835,-28.484262,27.401285
-14.012662,-31.400538,27.400266
-9.166523,-33.504620,27.408352
-3.836013,-34.898179,27.398118
1.862549,-35.586751,27.399316
7.599763,-35.475172,27.408417
13.714574,-34.455714,27.409719
19.615771,-32.557320,27.404315
25.382339,-29.714669,27.408135
31.002290,-25.732755,27.402551
35.877103,-20.862089,27.398555
39.918357,-15.001978,27.407077
42.740017,-8.213764,27.411666
43.835755,-0.927064,27.398267
42.823083,6.328029,27.404799
40.170944,12.975412,27.416800
36.427082,19.078352,27.408328
32.643030,24.793113,23.207429
27.626086,29.333911,23.199501
21.975372,33.049223,23.199653
16.007287,35.703981,23.201273
9.895859,37.225581,23.198754
3.842041,37.599723,23.209385
-2.180848,36.879092,23.215164
-7.758348,35.186849,23.209935
-12.804276,32.758499,23.198241
-17.258008,29.772071,23.197424
-21.200053,26.134842,23.213982
-24.267792,22.317263,23.206571
-26.752050,18.097096,23.209228
-28.523668,13.783767,23.213866
-29.688834,9.509244,23.212449
-30.411699,5.138794,23.213394
-30.712691,0.719265,23.212182
-30.549765,-3.707748,23.213967
-29.938472,-8.093443,23.206312
-28.954360,-12.416648,23.207537
-27.420678,-16.816632,23.213103
-25.099633,-21.131608,23.199128
-22.170868,-25.058303,23.195677
-18.489027,-28.631966,23.199632
-14.052563,-31.648412,23.206340
-9.168544,-33.870654,23.207907
-3.772718,-35.361269,23.202478
1.783496,-36.045249,23.211005
7.845411,-35.898177,23.204423
13.820638,-34.864004,23.195532
19.809824,-32.916927,23.204764
25.669296,-30.031982,23.202169
31.390392,-26.003283,23.209494
36.360412,-21.074335,23.215517
40.490174,-15.136286,23.211955
43.366696,-8.243851,23.213025
44.414893,-1.068052,23.212315
43.393334,6.305185,23.207474
40.658677,13.292027,23.205099
37.079465,19.351731,23.207785
33.164422,25.133887,19.009932
28.011010,29.953141,19.009741
22.557772,33.640862,19.008733
16.566671,36.378669,19.005514
10.167042,37.921771,19.001984
3.820658,38.109433,19.002410
-2.233529,37.249497,19.009135
-7.860575,35.557319,19.002072
-12.976424,33.174940,19.000084
-17.493592,30.203895,19.009913
-21.488759,26.560274,19.005360
-24.583521,22.714479,19.010155
-27.099842,18.464579,19.014344
-28.901608,14.128199,19.014331
-30.198929,9.600640,19.013222
-30.870322,5.193282,19.007353
-30.790612,0.727267,18.996021
-30.511587,-3.736433,18.996618
-29.747311,-7.883576,18.998073
-28.778474,-12.258642,19.000663
-27.478555,-16.755159,19.002879
-25.061108,-21.072970,19.000475
-22.099511,-25.027010,19.009466
-18.411368,-28.645340,19.008083
-14.167661,-31.610432,19.001716
-9.296202,-33.958244,18.999576
-3.885502,-35.563162,18.996394
1.945809,-36.303517,18.998707
7.822118,-36.136955,19.006300
13.841697,-35.072547,19.012685
19.872012,-33.088107,19.012080
25.770845,-30.164243,19.007752
31.532527,-26.094251,19.011150
36.533526,-21.118120,19.014767
40.686843,-15.123725,19.013961
43.508065,-8.397052,19.011524
44.582594,-0.932785,18.998772
43.555570,6.503830,19.000151
40.986140,13.364271,19.009773
37.512879,19.551591,19.011465
33.405876,25.293931,14.797242
28.295777,30.164939,14.809893
22.651435,33.993508,14.808262
16.635389,36.687821,14.800215
10.209167,38.126653,14.804015
3.857286,38.159189,14.801628
-2.187149,37.218189,14.796422
-7.827805,35.561222,14.803942
-12.978095,33.252167,14.806067
-17.526864,30.323989,14.796975
-21.546927,26.704366,14.802905
-24.788236,22.672892,14.809792
-27.299522,18.416560,14.810494
-29.114849,14.086736,14.811708
-30.469200,9.567303,14.808136
-31.123830,5.162123,14.797900
-30.869724,0.698561,14.797512
-30.553948,-3.532544,14.806440
-29.634812,-7.884171,14.801832
-28.611414,-12.249957,14.798046
-27.345240,-16.751060,14.801588
-24.985441,-20.838251,14.797243
-22.021781,-24.795838,14.803048
-18.358601,-28.438335,14.810544
-14.145851,-31.453670,14.812464
-9.312257,-33.881671,14.806521
-3.922098,-35.563731,14.796690
1.907567,-36.337020,14.802629
7.786514,-36.162810,14.800826
13.804194,-35.072268,14.796784
19.827053,-33.057348,14.806275
25.712484,-30.100759,14.808157
31.274504,-26.149147,14.807132
36.273353,-21.168269,14.802433
40.425913,-15.168783,14.802847
43.325865,-8.218173,14.814062
44.364173,-0.986118,14.802469
43.452603,6.473453,14.802288
41.036521,13.387870,14.808025
37.677123,19.643676,14.800633
33.300667,25.226975,10.600278
28.213231,30.051840,10.598860
22.574877,33.800198,10.606255
16.565645,36.393196,10.607936
10.167607,37.741260,10.598191
3.861774,37.730074,10.606293
-2.138878,36.798420,10.611521
-7.757474,35.214250,10.611964
-12.901471,32.994346,10.603801
-17.445268,30.129342,10.598800
-21.459220,26.561100,10.613596
-24.690178,22.568945,10.607891
-27.206804,18.357731,10.605772
-29.066840,14.082088,10.608273
-30.474442,9.617039,10.609844
-31.196992,5.251806,10.608200
-31.044494,0.817255,10.599205
-30.708494,-3.616264,10.600393
-29.762098,-7.930238,10.609786
-28.593062,-12.225795,10.605946
-27.124011,-16.636802,10.593119
-24.755003,-20.673682,10.597385
-21.799887,-24.590881,10.609063
-18.155296,-28.202320,10.603641
-13.988202,-31.215769,10.596141
-9.211252,-33.669660,10.599762
-3.872187,-35.379954,10.602102
1.914274,-36.160104,10.598974
7.750689,-35.970163,10.601432
13.719414,-34.854215,10.605146
19.686031,-32.815393,10.603652
25.506690,-29.835587,10.606773
30.994587,-25.864094,10.601886
35.906282,-20.868830,10.598847
39.964805,-14.867860,10.606739
42.720232,-8.168396,10.613284
43.787756,-0.997857,10.608439
43.030919,6.430089,10.599348
40.791927,13.342994,10.595713
37.527633,19.595430,10.598064
32.849642,24.931517,6.398940
27.778364,29.635720,6.413132
22.149832,33.220800,6.405590
16.168416,35.643610,6.397472
9.842331,36.883264,6.410727
3.625306,36.872723,6.406247
-2.296317,35.996661,6.398439
-7.635566,34.570213,6.402554
-12.740516,32.461480,6.412020
-17.250681,29.684316,6.411594
-21.232740,26.193755,6.401931
-24.306256,22.462391,6.402697
-26.842381,18.345297,6.407541
-28.853338,13.952530,6.413381
-30.293826,9.574690,6.409205
-31.103607,5.281072,6.402851
-31.209451,0.677835,6.414717
-30.911073,-3.690517,6.402652
-30.028003,-7.964841,6.403103
-28.686286,-12.135793,6.410149
-26.895295,-16.371133,6.407855
-24.572562,-20.348515,6.409220
-21.656267,-24.206020,6.412485
-18.059015,-27.768461,6.414166
-13.774955,-30.885014,6.403913
-9.068685,-33.313344,6.397576
-3.807171,-35.008076,6.411149
1.899016,-35.772233,6.402279
7.652903,-35.563122,6.406257
13.531808,-34.429188,6.414060
19.400998,-32.379257,6.402911
25.115507,-29.393832,6.406680
30.487772,-25.424656,6.406948
35.269317,-20.440447,6.400692
39.080381,-14.672856,6.397761
41.770399,-8.056927,6.400287
42.870245,-0.998116,6.403686
42.292771,6.346227,6.404911
40.239468,13.203413,6.401380
37.053384,19.389033,6.396220
32.063287,24.413962,2.204941
27.014650,28.939773,2.205361
21.417397,32.316145,2.202532
15.497816,34.534335,2.197513
9.281846,35.652150,2.198288
3.416710,35.697454,2.206583
-2.175947,34.983087,2.200284
-7.650402,33.624717,2.200125
-12.470990,31.713282,2.204215
-16.926176,29.052105,2.203540
-20.865572,25.676323,2.210283
-23.909292,22.047263,2.211387
-26.540518,17.841647,2.205789
-28.482457,13.768501,2.204526
-29.943990,9.504718,2.205452
-30.881049,5.090213,2.201864
-31.295566,0.824811,2.200186
-31.059729,-3.674712,2.205357
-30.238126,-8.122531,2.211691
-28.658273,-12.330129,2.210590
-26.639083,-16.120730,2.203183
-24.250701,-20.206200,2.198363
-21.360068,-23.957284,2.203292
-17.793355,-27.409733,2.201621
-13.774338,-30.321339,2.201188
-8.961005,-32.800059,2.205971
-3.799395,-34.439246,2.203976
1.793535,-35.172830,2.204171
7.429246,-34.945686,2.203190
13.184097,-33.805867,2.202546
18.923527,-31.767809,2.202482
24.499543,-28.800166,2.196325
29.727402,-24.863277,2.205196
34.354516,-19.925834,2.215305
38.005994,-14.222238,2.211868
40.560633,-7.708971,2.206946
41.639756,-0.796143,2.210511
41.226055,6.188202,2.210253
39.350594,12.939884,2.206064
36.241138,19.011680,2.204624
30.945737,23.676021,-2.000830
26.129399,27.866265,-2.002410
20.620681,31.049644,-2.001612
14.819017,33.100102,-1.994299
8.761202,34.149967,-1.990540
3.053394,34.276527,-2.000611
-2.403632,33.692893,-2.004257
-7.542068,32.515372,-1.998075
-12.261549,30.722297,-1.990514
-16.627357,28.180454,-1.990049
-20.335170,25.082852,-1.995745
-23.483766,21.419535,-1.993046
-25.977894,17.543928,-1.987225
-27.952145,13.615946,-1.986218
-29.493504,9.280549,-1.987677
-30.503742,4.999481,-1.986314
-31.214794,0.667056,-1.987556
-31.031651,-3.706006,-1.998482
-30.325774,-8.077285,-1.999269
-28.612916,-12.307414,-1.992151
-26.303502,-16.068583,-1.988230
-23.973078,-20.039323,-1.986946
-21.115830,-23.656636,-1.988560
-17.596035,-26.971979,-1.986725
-13.466271,-29.876397,-1.984553
-8.941421,-32.123536,-1.990749
-3.902404,-33.673540,-2.001490
1.545692,-34.363077,-1.993907
7.249100,-34.098391,-1.991659
12.841971,-32.939999,-1.997964
18.412166,-30.908297,-1.999899
23.811201,-27.964588,-2.003449
28.849739,-24.065669,-2.002980
33.142849,-19.360859,-1.996536
36.624208,-13.763419,-1.991431
38.978144,-7.606243,-1.992665
40.076269,-0.885644,-1.989708
39.797474,5.921134,-1.996371
38.076271,12.519653,-2.005385
35.062166,18.443299,-2.004108
29.512594,22.728217,-6.190886
24.793982,26.704315,-6.201456
19.402106,29.666026,-6.196171
13.757143,31.535116,-6.188064
8.316201,32.462278,-6.195401
2.803281,32.712411,-6.199628
-2.274025,32.316676,-6.197281
-7.267401,31.298536,-6.186890
-11.861183,29.651006,-6.190573
-16.124731,27.269506,-6.204800
-19.766592,24.345565,-6.194663
-22.874684,20.860653,-6.195608
-25.349730,17.156822,-6.196775
-27.417553,13.200911,-6.200669
-28.876777,9.226623,-6.206693
-29.980884,4.899085,-6.203002
-30.867776,0.747601,-6.193071
-30.744646,-3.686268,-6.188903
-30.129997,-7.936144,-6.185980
-28.405369,-12.205506,-6.193088
-26.094418,-15.800578,-6.201525
-23.837444,-19.636352,-6.195833
-20.913546,-23.273234,-6.193538
-17.294352,-26.558824,-6.193484
-13.240252,-29.274352,-6.194385
-8.815481,-31.342927,-6.195064
-3.707528,-32.786070,-6.193287
1.571231,-33.345962,-6.192789
6.869825,-33.039032,-6.190652
12.269108,-31.886516,-6.192675
17.641789,-29.889684,-6.198255
22.842177,-27.009747,-6.191465
27.676325,-23.194423,-6.189411
31.764969,-18.590143,-6.190872
35.034755,-13.121940,-6.189658
37.201425,-7.129841,-6.190784
38.189455,-0.836076,-6.197635
37.950454,5.743651,-6.195697
36.392128,11.932347,-6.187795
33.510165,17.681775,-6.185505
27.761406,21.568102,-10.399168
23.208813,25.339721,-10.405121
18.189152,28.034210,-10.396265
12.971206,29.759383,-10.390839
7.562747,30.726639,-10.400023
2.487191,31.067307,-10.393680
-2.387574,30.802206,-10.397147
-7.189241,29.903251,-10.397858
-11.613365,28.379799,-10.395071
-15.562148,26.267596,-10.398023
-19.268265,23.409293,-10.398873
-22.308297,20.122968,-10.398897
-24.740218,16.612743,-10.402543
-26.770393,12.845255,-10.401715
-28.260036,8.853176,-10.402127
-29.289116,4.907358,-10.401883
-30.217638,0.735774,-10.385248
-30.133096,-3.516120,-10.389144
-29.542311,-7.792011,-10.388655
-27.985784,-11.930544,-10.384064
-25.752201,-15.605740,-10.385675
-23.449627,-19.435031,-10.387892
-20.577965,-22.866955,-10.394196
-17.044607,-25.945940,-10.393434
-13.094811,-28.451570,-10.395026
-8.609281,-30.389065,-10.397302
-3.676684,-31.637621,-10.388949
1.392921,-32.077822,-10.393879
6.468135,-31.720202,-10.399022
11.634207,-30.569754,-10.399133
16.769115,-28.613908,-10.398515
21.727294,-25.804436,-10.396018
26.169184,-22.231089,-10.397005
30.046324,-17.779542,-10.402483
33.109114,-12.495595,-10.401765
35.095821,-6.719563,-10.391475
35.966124,-0.673828,-10.396683
35.698264,5.425373,-10.397049
34.200785,11.363082,-10.391591
31.564914,16.716455,-10.392906
25.844056,20.066811,-14.592174
21.554268,23.677638,-14.588889
16.794005,26.250717,-14.592920
11.855986,27.929401,-14.595357
6.928386,28.899811,-14.592681
2.311863,29.321886,-14.600911
-2.321304,29.196344,-14.599747
-6.895274,28.439896,-14.600832
-11.123181,27.075399,-14.600360
-15.085309,25.064583,-14.592384
-18.516601,22.556654,-14.594464
-21.628054,19.385736,-14.586578
-24.011093,16.105494,-14.585470
-26.060203,12.377548,-14.596485
-27.493192,8.592078,-14.599158
-28.504758,4.657049,-14.589119
-29.249474,0.670848,-14.587727
-29.167758,-3.373283,-14.589631
-28.573316,-7.605010,-14.587229
-27.231016,-11.606344,-14.594623
-25.222548,-15.372107,-14.597895
-22.990520,-18.980275,-14.584897
-20.074674,-22.331180,-14.594948
-16.652630,-25.172640,-14.591593
-12.657314,-27.519428,-14.592917
-8.330860,-29.191939,-14.598822
-3.804415,-30.197789,-14.585707
1.014065,-30.534421,-14.592831
6.019060,-30.119689,-14.601939
10.911083,-28.974857,-14.594836
15.765771,-27.067817,-14.586160
20.435712,-24.337425,-14.597350
24.601978,-20.883349,-14.598480
28.097911,-16.753235,-14.597528
30.925722,-11.692374,-14.601666
32.654326,-6.360062,-14.597320
33.375842,-0.799875,-14.589220
33.047862,4.980731,-14.589504
31.666763,10.434041,-14.594647
29.244447,15.560602,-14.595106
23.466682,18.502669,-18.797937
19.626100,21.810589,-18.791052
15.359388,24.214970,-18.787593
10.774702,25.908043,-18.790642
6.357660,26.903908,-18.797745
1.861593,27.435424,-18.800954
-2.483850,27.404319,-18.802182
-6.604661,26.796070,-18.804846
-10.763486,25.533002,-18.797669
-14.514549,23.721962,-18.789117
-17.790452,21.453512,-18.802401
-20.796811,18.570647,-18.800196
-23.210638,15.401894,-18.803638
-25.152514,11.921421,-18.798627
-26.527199,8.378312,-18.788575
-27.475205,4.506866,-18.791658
-27.951230,0.734120,-18.794511
-27.860414,-3.246312,-18.796813
-27.287306,-7.192188,-18.787962
-26.220683,-11.027607,-18.790741
-24.528940,-14.836103,-18.796128
-22.281150,-18.342882,-18.785514
-19.490933,-21.436629,-18.798549
-16.082474,-24.137424,-18.791276
-12.262510,-26.210045,-18.789813
-8.152890,-27.631363,-18.803059
-3.702684,-28.466797,-18.797275
0.821258,-28.674985,-18.787831
5.505389,-28.203498,-18.796225
10.074803,-27.058607,-18.805320
14.437539,-25.285712,-18.800060
18.793309,-22.687737,-18.797607
22.664002,-19.407399,-18.791531
25.889595,-15.491670,-18.788285
28.390736,-10.869953,-18.792259
29.921685,-5.842157,-18.794332
30.435280,-0.610567,-18.788481
29.978104,4.613938,-18.793604
28.677212,9.542126,-18.804048
26.464417,14.381522,-18.804153
20.891248,16.608882,-22.990675
17.417671,19.729094,-22.986491
13.678340,21.959824,-22.992639
9.668155,23.620146,-23.000611
5.633491,24.700495,-22.999053
1.502878,25.318648,-23.001159
-2.505206,25.392496,-23.004836
-6.482274,24.883755,-22.993363
-10.178140,23.833130,-22.986268
-13.680960,22.252828,-22.998093
-16.912910,20.174695,-22.998664
-19.775944,17.612514,-22.996459
-22.180845,14.614070,-23.002724
-23.987959,11.417521,-22.994271
-25.389132,7.833081,-22.988680
-26.177659,4.249964,-23.001017
-26.327850,0.576172,-22.994173
-26.209702,-3.100632,-22.994986
-25.646819,-6.721591,-23.004054
-24.832886,-10.320354,-23.000090
-23.478584,-14.074530,-22.986587
-21.348789,-17.286932,-22.985213
-18.621480,-20.229330,-22.985767
-15.284687,-22.737978,-22.985131
-11.691312,-24.521792,-22.993349
-7.693479,-25.733910,-23.000960
-3.563224,-26.356540,-22.994413
0.613075,-26.432882,-22.993641
4.761992,-25.949866,-22.988428
8.963870,-24.846899,-22.990475
12.964097,-23.151289,-23.004013
16.948492,-20.699276,-23.003536
20.356333,-17.739794,-23.001262
23.294486,-14.098394,-23.000946
25.492600,-9.963703,-22.997207
26.850346,-5.308618,-22.989770
27.143890,-0.638010,-22.991140
26.563422,4.166870,-22.998433
25.307262,8.697899,-23.001748
23.455989,12.879910,-22.997586
17.863139,14.634637,-27.187418
15.012847,17.305863,-27.196125
11.718081,19.443196,-27.202860
8.181272,21.115929,-27.193891
4.733878,22.206681,-27.187916
1.030147,22.885400,-27.202675
-2.581839,23.059499,-27.194592
-6.174716,22.678545,-27.193638
-9.527252,21.798183,-27.200667
-12.864106,20.409232,-27.190544
-15.835113,18.626785,-27.193994
-18.604587,16.304161,-27.195210
-20.835765,13.648162,-27.198197
-22.536792,10.641344,-27.203972
-23.815533,7.401613,-27.200925
-24.501489,4.024187,-27.193870
-24.313399,0.559705,-27.197900
-24.190976,-2.757208,-27.187778
-23.647910,-6.161828,-27.190737
-23.004521,-9.588064,-27.196685
-21.936394,-13.005785,-27.191653
-19.865416,-15.997612,-27.190349
-17.354592,-18.601028,-27.201045
-14.298401,-20.794548,-27.192882
-10.873056,-22.368117,-27.184163
-7.232341,-23.330801,-27.191408
-3.641997,-23.759741,-27.198219
0.124763,-23.762352,-27.190352
4.004353,-23.238970,-27.196728
7.635295,-22.230367,-27.198242
11.362040,-20.602989,-27.187007
14.666752,-18.499971,-27.200197
17.724370,-15.811411,-27.199482
20.350332,-12.513864,-27.196634
22.296617,-8.763397,-27.203176
23.424522,-4.693785,-27.199087
23.518392,-0.479953,-27.189141
22.891732,3.539897,-27.193400
21.719985,7.607989,-27.201545
20.130043,11.244877,-27.194333
14.552604,12.320996,-31.400465
12.229666,14.627694,-31.399636
9.450781,16.612516,-31.401132
6.688094,18.114924,-31.399237
3.623385,19.278432,-31.389682
0.556636,19.984309,-31.392235
-2.579832,20.251283,-31.395534
-5.716849,20.021945,-31.398268
-8.783518,19.310825,-31.399091
-11.722812,18.188366,-31.396100
-14.475382,16.663387,-31.399680
-16.959119,14.731592,-31.389206
-19.120419,12.260168,-31.391938
-20.642228,9.522415,-31.397262
-21.751859,6.687101,-31.398675
-22.284986,3.616706,-31.402006
-21.822892,0.494085,-31.395851
-21.696809,-2.391310,-31.393019
-21.221724,-5.353505,-31.387142
-20.733653,-8.350871,-31.392356
-19.807103,-11.585421,-31.395625
-17.954079,-14.167174,-31.386587
-15.639039,-16.487112,-31.395544
-12.926272,-18.321128,-31.393084
-9.901815,-19.596000,-31.387435
-6.708452,-20.335901,-31.389067
-3.573751,-20.620065,-31.394057
-0.296683,-20.537717,-31.398401
2.945376,-20.051715,-31.395095
6.215825,-19.089285,-31.395573
9.315533,-17.667702,-31.399459
12.180442,-15.818705,-31.390374
14.816396,-13.450879,-31.392080
16.994088,-10.662959,-31.396441
18.628453,-7.511964,-31.396575
19.585833,-3.960025,-31.399667
19.497660,-0.431373,-31.396456
18.826553,3.056301,-31.396089
17.860151,6.328222,-31.400165
16.454093,9.472287,-31.401318
10.867893,9.703903,-35.598177
9.015740,11.641776,-35.595723
6.989723,13.229018,-35.594792
4.708326,14.631209,-35.599085
2.354880,15.668563,-35.597406
-0.117743,16.377521,-35.592601
-2.668148,16.713177,-35.595456
-5.237739,16.627828,-35.601229
-7.867558,16.112577,-35.597901
-10.397929,15.234146,-35.590365
-12.682788,14.053153,-35.593178
-14.832533,12.455443,-35.594452
-16.624765,10.455605,-35.595745
-17.914523,8.126028,-35.594377
-18.887923,5.592545,-35.592786
-19.239239,3.083248,-35.593137
-18.670860,0.452724,-35.590767
-18.554459,-2.010740,-35.594876
-18.137889,-4.429176,-35.598124
-17.774054,-6.993765,-35.600388
-17.008597,-9.625940,-35.595168
-15.459106,-11.719488,-35.589581
-13.461578,-13.657056,-35.599118
-11.199950,-15.090084,-35.602572
-8.694138,-16.048324,-35.602225
-6.065934,-16.566949,-35.602103
-3.390975,-16.724592,-35.602241
-0.822653,-16.589281,-35.602414
1.817425,-16.132731,-35.598395
4.373367,-15.329147,-35.597524
6.795122,-14.181898,-35.601167
9.124034,-12.652333,-35.600881
11.203629,-10.791647,-35.601052
12.995659,-8.528453,-35.599383
14.351119,-5.957532,-35.595567
15.116150,-3.155701,-35.594869
14.884367,-0.293195,-35.597248
14.231884,2.436386,-35.596010
13.438784,5.101486,-35.593154
12.308805,7.551301,-35.595586
6.333356,6.630406,-39.795054
5.164929,7.918154,-39.791487
3.778775,9.080279,-39.791092
2.348189,10.059195,-39.796696
0.744968,10.897283,-39.795336
-0.956491,11.509858,-39.798591
-2.803100,11.893298,-39.796685
-4.684288,11.961298,-39.789805
-6.549717,11.684962,-39.791882
-8.353799,11.141819,-39.790499
-10.123814,10.300724,-39.793994
-11.716855,9.159133,-39.791997
-13.016308,7.686529,-39.792629
-13.911571,5.956300,-39.797167
-14.554900,4.158012,-39.797906
-14.753473,2.242942,-39.796577
-14.327653,0.319634,-39.798498
-14.267578,-1.413368,-39.799066
-13.951181,-3.190080,-39.799701
-13.727344,-5.074756,-39.795597
-13.102405,-6.896793,-39.792177
-11.938118,-8.413009,-39.790578
-10.507736,-9.742617,-39.789743
-8.871816,-10.680810,-39.795825
-7.004698,-11.284631,-39.796820
-5.139582,-11.550509,-39.794500
-3.329872,-11.574108,-39.794088
-1.528654,-11.407268,-39.795230
0.314787,-11.016273,-39.796714
2.024301,-10.423099,-39.796429
3.647494,-9.624050,-39.794310
5.220966,-8.587250,-39.792660
6.696099,-7.289937,-39.795119
7.925669,-5.775781,-39.798113
8.882782,-4.049786,-39.798628
9.459346,-2.156561,-39.797801
9.186927,-0.176409,-39.796857
8.599126,1.640784,-39.796875
8.067395,3.442236,-39.797454
7.329353,5.101460,-39.797034
-3.876314,0.711884,-43.994955
12.352890,17.991389,40.005045
8.844648,19.551303,40.005045
5.401695,20.542372,40.005045
1.987461,21.029879,40.005045
-1.196433,21.025058,40.005045
-4.341773,20.527290,40.005045
-7.226740,19.535096,40.005045
-9.658315,18.174615,40.005045
-11.840135,16.443447,40.005045
-13.669338,14.523016,40.005045
-15.181724,12.508245,40.005045
-16.350083,10.580779,40.005045
-17.398194,8.436956,40.005045
-18.208347,6.333967,40.005045
-18.839931,4.170547,40.005045
-19.285403,1.961259,40.005045
-19.533226,-0.278766,40.005045
-19.556496,-2.797591,40.005045
-19.283836,-5.302073,40.005045
-18.638873,-7.874871,40.005045
-17.461894,-10.543597,40.005045
-15.803170,-12.945259,40.005045
-13.754429,-15.023002,40.005045
-11.185314,-16.901839,40.005045
-8.365262,-18.378726,40.005045
-5.243984,-19.498496,40.005045
-1.739123,-20.232338,40.005045
1.834928,-20.462633,40.005045
5.799393,-20.096384,40.005045
9.628081,-19.007026,40.005045
13.271734,-17.095093,40.005045
16.439684,-14.469763,40.005045
19.138151,-11.189758,40.005045
21.205804,-7.480464,40.005045
22.611745,-3.332939,40.005045
23.181434,1.010409,40.005045
22.776051,5.378906,40.005045
21.260634,9.485409,40.005045
18.787200,12.985123,40.005045
16.220503,16.181838,36.205417
12.729583,18.437740,36.206038
9.253899,20.080494,36.207705
5.856859,21.289190,36.208318
2.338686,22.115372,36.200675
-1.083589,21.896146,36.197725
-4.377014,21.249060,36.198806
-7.340425,20.513862,36.203881
-9.962739,19.195160,36.212010
-12.307956,17.216839,36.201979
-14.058656,15.042407,36.204168
-15.512288,12.960572,36.214327
-16.745192,10.763718,36.209610
-17.474068,8.474634,36.199493
-18.123339,6.306448,36.207862
-18.528988,4.214925,36.209190
-18.724693,1.959311,36.209429
-18.768936,-0.170295,36.210520
-18.630148,-2.432211,36.208099
-18.114962,-4.769130,36.209803
-17.310128,-7.029883,36.207978
-16.286609,-9.343774,36.202560
-14.889199,-11.611643,36.206148
-12.989284,-13.666632,36.199147
-10.693029,-15.478116,36.199678
-8.213378,-17.311912,36.204363
-5.150180,-18.859373,36.205937
-1.837340,-19.368373,36.202554
1.492803,-19.321971,36.196701
5.198521,-18.902479,36.202750
8.969288,-18.103052,36.209781
12.889272,-16.769598,36.205755
16.765946,-14.638168,36.201976
19.628649,-11.377121,36.200793
21.925409,-7.710927,36.198793
23.976419,-3.561073,36.198630
24.500470,1.075974,36.205953
23.857755,5.601240,36.203404
22.139222,9.765042,36.198716
19.465912,13.294763,36.201383
16.973815,16.698254,32.400535
13.435162,18.987270,32.397460
9.789920,20.712345,32.403693
6.220546,21.998345,32.413429
2.657434,22.867170,32.409417
-0.939372,22.590472,32.401029
-4.262513,21.847045,32.401509
-7.389392,21.022201,32.408079
-10.166653,19.616999,32.409477
-12.373460,17.621759,32.408022
-14.106759,15.211998,32.402664
-15.568306,12.926901,32.401706
-16.662701,10.773761,32.400964
-17.219077,8.399815,32.397197
-17.746087,6.165517,32.409965
-18.004866,4.020370,32.405432
-18.018059,1.994237,32.403683
-17.922244,-0.163538,32.408843
-17.683364,-2.178854,32.411825
-17.069743,-4.245038,32.411375
-16.249079,-6.246824,32.409336
-15.289706,-8.481206,32.406414
-14.089526,-10.594169,32.405644
-12.435743,-12.559121,32.407032
-10.335901,-14.461648,32.399946
-8.069050,-16.403955,32.404916
-5.223100,-18.184090,32.413207
-1.957444,-19.107777,32.408310
1.542776,-19.412070,32.409747
5.323506,-19.250253,32.402707
9.317957,-18.615371,32.397364
13.474941,-17.389230,32.402655
17.597791,-15.292825,32.399137
20.679818,-11.968525,32.400725
23.097650,-8.141957,32.401346
25.174797,-3.780840,32.399091
25.666160,0.925717,32.408489
24.961534,5.643267,32.411069
23.149242,9.987517,32.406945
20.265920,13.778318,32.403640
17.859641,17.301248,28.613016
14.132225,19.686541,28.608642
10.253288,21.430199,28.601910
6.576043,22.611622,28.599296
2.780538,23.342006,28.599086
-0.903611,23.059881,28.598621
-4.261592,22.230097,28.602065
-7.380228,21.151913,28.607019
-10.145744,19.602982,28.606336
-12.312657,17.487069,28.604742
-13.979143,14.960863,28.607836
-15.283651,12.684148,28.607051
-16.288723,10.435441,28.604249
-16.731612,8.132250,28.607361
-17.132735,5.967579,28.601924
-17.289284,3.909870,28.599085
-17.217702,1.984639,28.610561
-17.054632,0.066048,28.611284
-16.740008,-1.976533,28.607845
-16.141828,-3.803340,28.609074
-15.359592,-5.714896,28.609869
-14.528143,-7.754559,28.609459
-13.437929,-9.821880,28.606360
-11.947422,-11.802525,28.599953
-10.156010,-13.707058,28.601822
-7.901465,-15.728940,28.600134
-5.198088,-17.628161,28.598401
-1.964655,-19.166781,28.606214
1.767526,-20.133572,28.612284
5.888380,-20.460777,28.611296
10.274043,-20.031474,28.606740
14.746355,-18.633271,28.606355
18.761869,-16.205636,28.611061
22.071491,-12.717294,28.605626
24.559549,-8.565163,28.602118
26.220108,-3.901590,28.606827
26.677181,0.900137,28.602675
25.975931,5.820779,28.597835
24.145059,10.279050,28.600238
21.270704,14.198598,28.608303
18.798101,17.942667,24.805142
14.876891,20.407921,24.810199
10.739272,22.115362,24.811847
6.804151,23.121284,24.810047
2.906217,23.548228,24.811188
-0.865224,23.282665,24.808190
-4.248487,22.390949,24.804487
-7.311212,21.000543,24.804208
-9.985680,19.204607,24.807089
-12.098361,16.963940,24.810910
-13.657079,14.474486,24.806053
-14.795010,12.220299,24.806754
-15.650619,10.007588,24.812346
-16.053239,7.802906,24.805470
-16.360860,5.726382,24.805918
-16.461742,3.770435,24.803472
-16.363942,1.954124,24.802829
-16.176566,0.145203,24.809708
-15.879526,-1.650583,24.806341
-15.362111,-3.392202,24.798727
-14.694200,-5.234492,24.796734
-13.946383,-7.196057,24.799313
-12.965187,-9.206679,24.800964
-11.668860,-11.202979,24.797328
-9.997324,-13.274379,24.797718
-7.833714,-15.253094,24.804541
-5.126404,-17.256366,24.807430
-1.918789,-19.245483,24.800803
1.990046,-20.786415,24.800168
6.407968,-21.565503,24.807478
11.173174,-21.316943,24.809937
15.826988,-19.774657,24.803368
19.842039,-16.977057,24.804234
23.278518,-13.427173,24.808080
25.829332,-8.965723,24.803606
27.082194,-4.054759,24.798521
27.538340,0.969593,24.810653
26.897999,5.959878,24.814569
25.042535,10.673702,24.809186
22.297656,14.631018,24.805154
19.703158,18.575063,20.999576
15.627050,21.085708,21.006024
11.269397,22.708330,21.004788
6.982984,23.484633,21.001195
2.907513,23.530714,21.011277
-0.889210,23.204336,21.012427
-4.267490,22.273904,21.005939
-7.342015,20.548013,21.002254
-9.800984,18.445840,21.003669
-11.723778,16.201530,21.000979
-13.199745,13.809978,21.004003
-14.221417,11.492275,21.009645
-14.885648,9.344144,21.005462
-15.280888,7.272506,20.999346
-15.503160,5.458532,21.010514
-15.582761,3.632916,21.004642
-15.515197,1.947484,20.998868
-15.347434,0.269027,20.997421
-15.092915,-1.398717,20.999270
-14.690236,-3.180739,21.009242
-14.185783,-4.937583,21.012833
-13.526598,-6.791738,21.009395
-12.661604,-8.714540,21.005842
-11.502942,-10.805602,21.001962
-9.869174,-13.099275,21.009019
-7.841320,-15.035418,21.004829
-5.116504,-17.045017,20.995650
-1.893688,-19.042844,21.001454
2.008049,-20.657454,21.011498
6.428922,-21.517624,21.005641
11.222345,-21.369255,21.001481
15.954851,-20.004026,21.010378
20.253035,-17.342448,21.003213
23.950845,-13.808158,21.005508
26.584027,-9.219643,21.013417
27.750165,-4.255012,21.013027
28.259906,0.930433,21.012849
27.696167,6.086808,21.010871
25.957114,10.884817,21.005828
23.247885,15.083230,21.000379
20.507317,19.148053,17.197707
16.178354,21.731597,17.201960
11.631075,23.206489,17.208490
7.042325,23.683794,17.211121
2.860211,23.319717,17.209449
-0.899548,22.810545,17.203013
-4.242212,21.803056,17.204095
-7.199629,19.913020,17.206882
-9.529739,17.491569,17.197826
-11.257543,15.285486,17.202934
-12.658171,13.021478,17.208999
-13.528996,10.810389,17.205018
-14.017970,8.766740,17.198254
-14.445009,6.854074,17.197691
-14.631183,5.185724,17.203942
-14.717053,3.507807,17.206589
-14.715579,1.828441,17.198865
-14.600275,0.293319,17.201879
-14.420378,-1.235661,17.209884
-14.204593,-2.901533,17.210300
-13.845009,-4.684932,17.205825
-13.285592,-6.416152,17.200488
-12.429771,-8.486286,17.196437
-11.401790,-10.632377,17.200131
-9.883425,-12.989111,17.204922
-7.833179,-15.090341,17.205630
-5.211269,-16.973081,17.202500
-1.997847,-18.681254,17.201205
1.696904,-20.001216,17.207736
5.975938,-20.729138,17.207508
10.743439,-20.629834,17.201722
15.527967,-19.554145,17.200523
20.186107,-17.276476,17.201122
24.108976,-13.849856,17.207685
26.852270,-9.314924,17.208924
28.235427,-4.296625,17.203087
28.814945,0.858498,17.206688
28.347710,6.143917,17.212290
26.718443,11.111036,17.210776
24.070954,15.509637,17.203041
21.142510,19.606223,13.398726
16.693031,22.185881,13.402562
11.845887,23.533324,13.411091
7.128158,23.708667,13.411134
2.746698,22.950468,13.400393
-1.056108,22.066801,13.403251
-4.295440,20.820397,13.407958
-7.128494,18.796665,13.407323
-9.150337,16.501035,13.408875
-10.790652,14.257663,13.410777
-12.037009,12.239246,13.407763
-12.828827,10.168739,13.400787
-13.189390,8.113568,13.399282
-13.623527,6.501829,13.407575
-13.828108,4.850176,13.410545
-13.933270,3.323966,13.401958
-14.025388,1.937133,13.402586
-13.995081,0.409454,13.412407
-13.898206,-1.116436,13.404897
-13.853568,-2.644962,13.406057
-13.650025,-4.438640,13.402468
-13.111776,-6.308856,13.398785
-12.371648,-8.258765,13.410063
-11.341415,-10.689506,13.410730
-9.896468,-13.067482,13.408633
-7.820800,-15.318019,13.400432
-5.210401,-17.166081,13.397599
-2.049310,-18.620971,13.406409
1.690637,-19.708865,13.410864
5.830589,-20.209231,13.413182
10.278408,-20.025832,13.411779
15.047527,-19.037613,13.404810
19.791496,-17.012471,13.401109
23.767484,-13.749908,13.405138
26.713368,-9.348195,13.407865
28.465212,-4.354756,13.405201
29.168719,0.887535,13.406895
28.814402,6.150632,13.411133
27.311047,11.266124,13.410456
24.727190,15.842007,13.403688
21.524591,19.890626,9.609335
16.955224,22.447123,9.599348
11.968328,23.618756,9.600505
7.011929,23.522951,9.611156
2.463282,22.408151,9.607517
-1.178868,21.109545,9.608447
-4.366544,19.485821,9.605844
-6.875742,17.544315,9.602559
-8.895883,15.283191,9.611043
-10.321315,13.262168,9.606931
-11.471536,11.366177,9.607147
-12.209977,9.446569,9.613191
-12.459199,7.532175,9.605738
-12.918695,6.088129,9.605978
-13.152519,4.597257,9.610431
-13.295143,3.225919,9.612424
-13.488685,1.862243,9.605630
-13.549818,0.487640,9.607167
-13.550300,-1.027566,9.602926
-13.628864,-2.540943,9.596348
-13.522022,-4.463096,9.607326
-13.040686,-6.330888,9.614386
-12.362774,-8.283593,9.607373
-11.418187,-10.722477,9.603856
-9.960399,-13.221994,9.601556
-7.852031,-15.597805,9.609000
-5.162398,-17.513959,9.609591
-1.985917,-18.863936,9.600527
1.632591,-19.735418,9.609750
5.753825,-20.027117,9.605529
10.011273,-19.675818,9.596801
14.577503,-18.616155,9.602312
19.265671,-16.578849,9.600997
23.210002,-13.373697,9.601842
26.333477,-9.135510,9.604234
28.420030,-4.337556,9.603805
29.280880,0.971160,9.603708
29.035565,6.199199,9.599152
27.626696,11.435852,9.598848
25.144395,16.028435,9.606200
21.546917,19.930034,5.805721
16.991699,22.385620,5.803097
11.766134,23.416774,5.801134
6.739825,23.083187,5.800824
2.300991,21.775300,5.799949
-1.399440,20.037096,5.806427
-4.369918,18.125090,5.805337
-6.668452,16.206500,5.799053
-8.557813,14.241436,5.805004
-9.899499,12.371724,5.806792
-10.943973,10.603459,5.806450
-11.669694,8.849657,5.810952
-11.901281,7.093604,5.812472
-12.368765,5.818840,5.803077
-12.665764,4.499403,5.797314
-12.867715,3.152272,5.809192
-13.153302,1.822492,5.801974
-13.303747,0.472152,5.805447
-13.379501,-0.885945,5.813090
-13.536909,-2.510907,5.803204
-13.507963,-4.411454,5.801362
-13.115096,-6.275801,5.808692
-12.427710,-8.485050,5.804572
-11.520462,-10.902930,5.798806
-10.011906,-13.487495,5.809542
-7.944557,-15.849191,5.809442
-5.197673,-17.846779,5.802577
-1.920062,-19.197868,5.807194
1.684613,-19.917854,5.812942
5.628433,-20.004459,5.809303
9.810450,-19.447795,5.807468
14.258828,-18.171108,5.813556
18.549480,-16.082569,5.807951
22.425956,-12.897331,5.805655
25.613155,-8.960251,5.804157
28.052948,-4.259418,5.801652
29.087828,0.949964,5.810238
28.955319,6.257802,5.808986
27.639782,11.449929,5.803587
25.144070,16.129587,5.804296
21.058114,19.622784,2.002506
16.531132,21.941474,2.009660
11.384549,22.818554,2.007230
6.323157,22.346436,1.997530
1.992415,20.966215,2.000168
-1.645685,18.987567,2.005274
-4.422237,16.905794,2.007635
-6.517977,15.045151,2.005542
-8.253879,13.370998,1.999526
-9.543182,11.684378,2.006780
-10.549959,9.941673,2.007264
-11.225139,8.490202,1.996354
-11.569879,6.924960,2.012314
-12.121805,5.567503,2.000996
-12.447259,4.416540,1.995431
-12.722157,3.108250,2.002934
-13.056277,1.816052,2.013360
-13.276712,0.500380,2.000681
-13.411299,-0.961567,2.008789
-13.570202,-2.556247,2.004173
-13.560435,-4.422273,2.005796
-13.233448,-6.399185,2.013418
-12.600136,-8.718411,2.000418
-11.637570,-11.207925,1.998010
-10.119400,-13.722955,2.004932
-7.979502,-16.118809,2.010254
-5.161868,-18.144181,2.006877
-1.937270,-19.449565,2.002204
1.752371,-20.069523,2.009202
5.625494,-19.977902,2.011433
9.692689,-19.201217,2.005779
13.840367,-17.707289,2.002441
17.802848,-15.480024,2.006131
21.467313,-12.386335,2.006522
24.707510,-8.622662,2.003885
27.308829,-4.122610,2.002239
28.512060,0.950620,2.000268
28.495655,6.165462,2.001001
27.233550,11.265889,2.001618
24.750052,15.843921,2.000616
19.960144,18.757491,-1.796670
15.381386,20.957322,-1.799074
10.505325,21.703422,-1.799881
5.843160,21.277276,-1.796535
1.612349,20.002904,-1.790062
-1.793420,18.128141,-1.784786
-4.462825,16.060976,-1.789180
-6.488242,14.242872,-1.798571
-8.095008,12.723717,-1.799990
-9.309168,11.214339,-1.802270
-10.228020,9.643394,-1.802037
-11.006766,8.148878,-1.793247
-11.592888,6.849142,-1.792709
-12.126881,5.666406,-1.792279
-12.548217,4.441921,-1.787075
-12.889741,3.190306,-1.789658
-13.235204,1.806823,-1.800838
-13.478482,0.533036,-1.796044
-13.637532,-1.014162,-1.791216
-13.720148,-2.698573,-1.795436
-13.662774,-4.511468,-1.796322
-13.416080,-6.573915,-1.794965
-12.865612,-8.973853,-1.796688
-11.816855,-11.490042,-1.796558
-10.195941,-13.996378,-1.791715
-8.050850,-16.257348,-1.795219
-5.158180,-18.236297,-1.796893
-1.882344,-19.488666,-1.788688
1.717770,-19.986018,-1.791269
5.607373,-19.758980,-1.792440
9.391759,-18.851775,-1.793856
13.328697,-17.164381,-1.800614
16.951286,-14.879113,-1.802468
20.377802,-11.908430,-1.798589
23.538676,-8.277006,-1.797956
26.115499,-3.928516,-1.802596
27.433648,0.963293,-1.800694
27.487604,6.030301,-1.798067
26.184037,10.959028,-1.796781
23.604760,15.302982,-1.796070
18.032392,17.487691,-5.595672
13.805712,19.399561,-5.589860
9.268302,20.131378,-5.590053
5.032643,19.873805,-5.596980
1.272149,18.964609,-5.598393
-1.858975,17.456194,-5.598576
-4.412299,15.663596,-5.597067
-6.416326,13.987926,-5.595042
-8.027029,12.429090,-5.598296
-9.215440,10.992157,-5.594272
-10.138076,9.511833,-5.587811
-10.965725,8.122147,-5.590527
-11.879143,7.095652,-5.588299
-12.445435,5.864033,-5.596436
-12.925920,4.576300,-5.598581
-13.344788,3.276128,-5.596892
-13.632643,1.810514,-5.599502
-13.876051,0.463627,-5.595204
-14.021860,-1.146569,-5.587325
-13.964706,-2.763142,-5.596656
-13.810800,-4.621925,-5.600958
-13.621315,-6.859158,-5.591115
-13.143430,-9.293183,-5.591695
-11.981560,-11.780084,-5.601135
-10.318614,-14.115414,-5.592531
-7.971005,-16.339968,-5.590577
-5.199262,-18.021428,-5.594136
-1.893005,-19.131555,-5.588284
1.575064,-19.493690,-5.587917
5.301939,-19.190083,-5.596070
9.030474,-18.199260,-5.601929
12.647155,-16.524205,-5.599100
16.062852,-14.241284,-5.595442
19.306822,-11.331681,-5.594969
22.228494,-7.766878,-5.595265
24.493969,-3.612030,-5.594752
25.754754,0.954048,-5.596036
25.803744,5.819256,-5.595067
24.390375,10.485841,-5.594541
21.739574,14.369059,-5.596239
15.780846,15.868552,-9.401606
11.850396,17.599206,-9.399923
7.926143,18.367210,-9.393096
4.256987,18.396541,-9.388250
0.972377,17.929716,-9.391995
-2.014407,16.849970,-9.396883
-4.481313,15.433222,-9.392898
-6.392645,14.044388,-9.385791
-8.004738,12.488879,-9.394147
-9.239414,11.057909,-9.394018
-10.251121,9.600235,-9.386942
-11.128566,8.341872,-9.394541
-12.388441,7.443491,-9.402151
-12.924133,6.033885,-9.401059
-13.471874,4.718533,-9.400248
-13.922174,3.381261,-9.389296
-14.128989,1.858043,-9.392586
-14.364575,0.342780,-9.389047
-14.473144,-1.306945,-9.388833
-14.268149,-2.945767,-9.387081
-14.006935,-4.695503,-9.391493
-13.824933,-7.060159,-9.395721
-13.339344,-9.595055,-9.389749
-12.047566,-11.997339,-9.400785
-10.257887,-14.202467,-9.402784
-7.981829,-16.076504,-9.392801
-5.133262,-17.521471,-9.390846
-2.048023,-18.336180,-9.399833
1.371104,-18.556858,-9.395187
4.778786,-18.204731,-9.392293
8.324031,-17.275945,-9.395834
11.877403,-15.678474,-9.401140
15.089099,-13.470650,-9.403065
18.115664,-10.639295,-9.394459
20.632569,-7.223517,-9.393163
22.460735,-3.244038,-9.402822
23.518455,1.000475,-9.398972
23.482086,5.503953,-9.393215
22.017415,9.745528,-9.393535
19.280455,13.239057,-9.398041
13.417814,14.309725,-13.194089
10.053642,15.860967,-13.195522
6.741616,16.730128,-13.194246
3.535041,17.057827,-13.190357
0.641988,16.979528,-13.187754
-2.063450,16.409233,-13.192643
-4.438907,15.448465,-13.198668
-6.452563,14.268112,-13.196850
-8.095709,12.787086,-13.191545
-9.396799,11.413890,-13.187577
-10.506717,10.027772,-13.192995
-11.550018,8.734758,-13.203092
-12.865523,7.881884,-13.193455
-13.372807,6.327755,-13.190355
-14.007944,4.903349,-13.187278
-14.489090,3.432592,-13.196073
-14.628178,1.882284,-13.198601
-14.827517,0.344006,-13.203746
-14.904538,-1.430326,-13.195580
-14.613236,-3.067282,-13.193553
-14.232116,-4.912535,-13.191744
-13.981064,-7.129224,-13.185048
-13.395444,-9.707166,-13.188835
-12.054536,-11.894279,-13.193759
-10.170900,-13.941066,-13.201534
-7.902412,-15.531412,-13.196142
-5.117654,-16.649351,-13.187308
-2.166446,-17.185720,-13.189574
0.942111,-17.247416,-13.193572
4.130797,-16.841231,-13.191160
7.481348,-16.013530,-13.190256
10.863540,-14.628024,-13.194665
13.872223,-12.536846,-13.195769
16.650458,-9.792006,-13.199253
18.745044,-6.541709,-13.201620
20.086929,-2.880542,-13.199988
20.863619,1.041478,-13.197836
20.690190,5.162339,-13.194076
19.271035,8.884619,-13.191488
16.670859,11.976237,-13.192087
11.496974,12.926677,-16.991698
8.648872,14.464218,-16.995146
5.734072,15.504676,-17.001378
2.998380,16.079173,-17.003248
0.312798,16.266457,-16.993391
-2.160656,16.073036,-16.991940
-4.479789,15.520453,-16.997699
-6.476335,14.653994,-16.997857
-8.226396,13.381134,-16.999779
-9.783902,12.002076,-16.995029
-10.955374,10.703068,-16.988330
-12.062864,9.332537,-16.987354
-13.249778,8.175574,-16.987911
-13.732319,6.493985,-16.993764
-14.387966,5.087452,-16.999462
-14.882731,3.513657,-16.993231
-15.018404,1.861909,-16.992904
-15.203284,0.218458,-16.996137
-15.229210,-1.435261,-16.994905
-14.922424,-3.271509,-16.991868
-14.504784,-5.084129,-16.999250
-14.043343,-7.213291,-17.001486
-13.279944,-9.456134,-16.988675
-11.870217,-11.508699,-16.988803
-10.003088,-13.305841,-16.990750
-7.684616,-14.665139,-16.998995
-5.107390,-15.441074,-17.002403
-2.430518,-15.737959,-16.994271
0.466197,-15.685191,-16.986715
3.425204,-15.227118,-16.993232
6.450277,-14.478585,-16.995702
9.519712,-13.267060,-16.992967
12.312453,-11.297079,-17.001174
14.694504,-8.820632,-16.994695
16.462218,-5.800965,-16.990013
17.511537,-2.319347,-16.998956
17.989869,1.167344,-17.002101
17.698302,4.683481,-16.999559
16.378984,8.051743,-16.995054
14.156357,10.823357,-16.991935
9.853703,11.750488,-20.788371
7.485114,13.362627,-20.794128
5.069703,14.516060,-20.800486
2.626857,15.337548,-20.798021
0.176424,15.683166,-20.793529
-2.215827,15.723173,-20.791292
-4.397548,15.515653,-20.790179
-6.511840,14.920936,-20.790475
-8.472568,13.938426,-20.800600
-10.110267,12.776685,-20.801821
-11.522894,11.362385,-20.790830
-12.556541,9.869208,-20.788807
-13.349977,8.239961,-20.799845
-13.854981,6.598634,-20.791500
-14.513647,5.117675,-20.793532
-14.964879,3.563355,-20.803096
-15.188344,1.860051,-20.794933
-15.358174,0.246653,-20.789964
-15.342238,-1.467332,-20.786548
-15.131033,-3.364824,-20.794834
-14.725013,-5.229043,-20.797997
-13.930597,-7.168149,-20.793317
-12.853666,-8.974048,-20.797074
-11.461728,-10.790058,-20.800845
-9.638687,-12.330983,-20.803982
-7.497047,-13.389098,-20.791765
-5.080726,-13.940164,-20.789838
-2.599425,-14.065170,-20.797093
-0.028745,-13.918148,-20.788937
2.509068,-13.477725,-20.787156
5.159464,-12.682379,-20.794064
7.849247,-11.445897,-20.796781
10.277709,-9.751107,-20.789773
12.307542,-7.469366,-20.795152
13.776758,-4.786340,-20.798249
14.680606,-1.866241,-20.792809
14.997352,1.271046,-20.794070
14.600468,4.296080,-20.798790
13.512733,7.168590,-20.798623
11.879893,9.682426,-20.792259
7.928311,10.429878,-24.588357
6.078522,12.054245,-24.589291
4.089806,13.263458,-24.595416
1.981517,14.221680,-24.600067
-0.189055,14.655434,-24.598840
-2.335673,14.834218,-24.596847
-4.469853,14.866636,-24.598161
-6.498552,14.537680,-24.601583
-8.468281,13.917823,-24.604535
-10.164816,12.948937,-24.595814
-11.649362,11.612959,-24.588729
-12.652712,9.943964,-24.591596
-13.021254,8.002013,-24.587336
-13.647204,6.503155,-24.588337
-14.210011,4.976587,-24.589934
-14.582919,3.481739,-24.593044
-15.005562,1.908995,-24.590142
-15.187648,0.297152,-24.599515
-15.160262,-1.418660,-24.602968
-15.013478,-3.290755,-24.594236
-14.593773,-5.146695,-24.588077
-13.511370,-6.756325,-24.590139
-12.179144,-8.101706,-24.595475
-10.866572,-9.678917,-24.595639
-9.136535,-10.945765,-24.592501
-7.145927,-11.744727,-24.592196
-5.035102,-12.093112,-24.591169
-2.893372,-12.106723,-24.589047
-0.675087,-11.904408,-24.588842
1.601279,-11.453559,-24.591184
3.701232,-10.530060,-24.593540
5.787227,-9.306917,-24.591484
7.849838,-7.929768,-24.587720
9.464598,-5.949017,-24.595554
10.612055,-3.721941,-24.602319
11.443182,-1.294394,-24.600653
11.759233,1.265138,-24.596837
11.350390,3.870793,-24.598820
10.479670,6.232852,-24.599665
9.339280,8.488971,-24.593966
5.355395,8.662094,-28.394814
4.081465,10.100996,-28.393838
2.577831,11.243673,-28.389841
0.933426,12.168073,-28.391261
-0.929738,12.681625,-28.391126
-2.729513,12.925547,-28.395546
-4.521263,13.108404,-28.402461
-6.316492,12.979711,-28.391525
-8.029909,12.627228,-28.393422
-9.644632,11.886301,-28.398313
-11.026876,10.782091,-28.392134
-12.026605,9.303984,-28.387499
-12.151227,7.265392,-28.390125
-12.971589,6.090795,-28.396124
-13.322896,4.651584,-28.402612
-13.557222,3.288725,-28.395601
-14.316634,1.879807,-28.400019
-14.508113,0.339498,-28.392462
-14.541495,-1.268168,-28.398205
-14.280936,-2.948906,-28.403959
-13.745652,-4.573303,-28.400312
-12.540824,-5.817289,-28.397253
-11.199760,-6.807975,-28.397518
-10.017860,-8.076192,-28.400759
-8.470998,-9.015654,-28.400524
-6.823915,-9.556269,-28.398950
-5.031265,-9.774299,-28.395643
-3.234244,-9.713229,-28.396979
-1.430095,-9.498127,-28.398770
0.401058,-9.051524,-28.393594
1.909795,-7.976663,-28.395330
3.454524,-6.879369,-28.395272
5.094474,-5.851098,-28.390186
6.227949,-4.276101,-28.390888
7.053806,-2.485741,-28.389568
7.750600,-0.589599,-28.389281
8.129301,1.407403,-28.395821
7.804869,3.372143,-28.392504
7.087054,5.227415,-28.387363
6.321937,6.978631,-28.390121
1.878795,6.269144,-32.192905
1.142586,7.330017,-32.192108
0.238740,8.213588,-32.193534
-0.864141,8.943239,-32.198048
-2.035599,9.398797,-32.199831
-3.324212,9.662865,-32.197899
-4.569975,9.889156,-32.200720
-5.873452,9.934578,-32.195187
-7.186034,9.744415,-32.190810
-8.425576,9.334544,-32.198062
-9.546293,8.553860,-32.195069
-10.462669,7.637951,-32.189255
-10.562519,6.077578,-32.196428
-11.315443,5.177027,-32.201425
-11.664270,4.068093,-32.200677
-11.666778,2.921832,-32.192580
-12.632010,1.829562,-32.194844
-12.795111,0.562819,-32.200777
-12.940601,-0.782357,-32.199482
-12.476641,-2.051319,-32.194863
-11.897590,-3.281851,-32.199073
-10.735587,-4.081649,-32.193226
-9.720757,-4.832096,-32.195552
-8.716345,-5.677409,-32.199024
-7.522142,-6.234215,-32.194602
-6.245954,-6.550452,-32.194716
-4.934321,-6.638704,-32.199433
-3.637139,-6.536369,-32.193971
-2.337692,-6.366140,-32.191000
-1.169693,-5.763188,-32.193321
-0.364993,-4.638053,-32.194124
0.663338,-4.011936,-32.195480
1.739587,-3.297683,-32.195477
2.346812,-2.168793,-32.194271
2.780787,-0.976249,-32.197480
3.266467,0.197541,-32.200886
3.734786,1.492310,-32.200080
3.536180,2.792725,-32.198471
2.983711,3.985707,-32.196899
2.447690,5.155727,-32.194798
-6.644330,1.576863,-35.994955
