26.760635,20.297434,40.481303
21.146416,22.770714,40.481303
15.752079,24.019270,40.481303
10.629175,24.443994,40.481303
6.282655,24.311728,40.481304
2.165992,23.780835,40.481304
-1.305547,23.001414,40.481304
-4.503224,21.969839,40.481304
-7.404409,20.711375,40.481304
-9.985514,19.251438,40.481304
-12.371840,17.491550,40.481303
-14.364257,15.571028,40.481303
-16.088327,13.405915,40.481303
-17.436717,11.218421,40.481303
-18.616287,8.715667,40.481302
-19.466700,6.291202,40.481302
-20.133261,3.605939,40.481302
-20.558204,0.872039,40.481303
-20.758480,-1.887405,40.481303
-20.740855,-4.851654,40.481304
-20.449259,-8.198511,40.481304
-19.801468,-11.896983,40.481304
-18.707196,-15.900350,40.481303
-17.062869,-20.138589,40.481303
-14.530396,-24.836767,40.481303
-10.921638,-29.544282,40.481303
-6.155395,-33.707107,40.481303
-0.261661,-36.947606,40.481303
6.390948,-38.868442,40.481303
13.703732,-39.220203,40.481304
21.062455,-37.666870,40.481304
27.533622,-34.218752,40.481303
32.813482,-28.879682,40.481303
36.502553,-22.319720,40.481303
38.710213,-15.343441,40.481303
39.684342,-8.291728,40.481304
39.533425,-1.386201,40.481304
38.186535,5.280061,40.481304
35.698460,11.206685,40.481304
36.532961,18.328910,36.232036
32.571387,23.767382,36.235678
26.376859,26.995428,36.228442
19.469088,28.320439,36.221709
12.876702,28.066414,36.227294
7.053969,26.376740,36.236455
2.576333,25.344363,36.232694
-1.199281,24.187168,36.222113
-4.605910,22.589452,36.225264
-7.467086,20.875231,36.240955
-10.001556,19.055843,36.232405
-12.361805,17.659541,36.226552
-14.555034,15.822141,36.230515
-16.073645,13.551676,36.234052
-18.062335,11.411318,36.233502
-19.475208,9.112033,36.224536
-20.455300,6.567255,36.224137
-21.145518,3.741994,36.227353
-21.546595,0.843922,36.230587
-21.760776,-2.064062,36.239552
-21.505955,-5.179929,36.226110
-21.256874,-8.717597,36.225643
-20.685011,-12.633430,36.232410
-19.462159,-16.623564,36.234985
-17.468573,-20.984195,36.236956
-14.748302,-25.433382,36.231647
-11.006506,-29.918768,36.220235
-6.221741,-33.624127,36.235599
-0.256615,-36.572390,36.240690
6.367692,-38.693924,36.232122
13.775172,-39.185639,36.236162
20.613073,-37.252240,36.239160
28.148142,-34.996676,36.230643
34.132617,-29.890875,36.222667
37.738530,-23.101432,36.229717
40.234509,-16.075211,36.240255
41.337802,-8.848140,36.235403
41.126133,-1.558986,36.228326
40.313314,5.299766,36.225761
38.936475,12.057018,36.227488
38.349431,19.117597,31.974592
34.125906,24.633612,31.983656
27.751019,28.156568,31.990504
20.702451,29.732978,31.983685
13.851809,29.630455,31.971236
7.775704,28.090583,31.971923
2.948421,26.902841,31.981241
-1.119123,25.502452,31.976998
-4.583369,23.728561,31.972359
-7.639717,21.702425,31.980671
-10.179322,19.704812,31.982496
-12.822928,18.170703,31.975900
-15.046668,16.239792,31.979189
-16.620674,13.894646,31.991358
-18.732166,12.042725,31.987934
-20.495562,9.613761,31.982538
-21.657760,6.799223,31.981033
-22.348346,3.876224,31.981680
-22.721938,0.868631,31.984523
-22.927244,-2.354904,31.986604
-22.486034,-5.559731,31.980435
-22.236440,-9.219656,31.978452
-21.654884,-13.484051,31.975083
-20.356758,-17.837556,31.974861
-18.305562,-22.344811,31.978292
-15.254868,-26.801916,31.975424
-11.243760,-31.028253,31.977860
-6.274874,-34.469249,31.979990
-0.186716,-37.196638,31.986767
6.489984,-39.191780,31.991494
13.947257,-39.737886,31.983428
21.067067,-37.923755,31.971831
28.881300,-35.652853,31.971442
34.742123,-30.635103,31.978425
38.543480,-23.646168,31.985344
41.271831,-16.430155,31.985665
42.471020,-8.959698,31.976913
42.232327,-1.646671,31.973493
41.616225,5.518552,31.972169
40.661394,12.415002,31.971158
38.598153,19.229905,27.728240
33.767398,24.396856,27.724337
27.446798,28.096504,27.734214
20.863825,29.948860,27.741423
14.243438,30.237157,27.737157
8.335759,29.447549,27.732125
3.374309,28.354971,27.731878
-1.010857,26.870259,27.730046
-4.783290,25.030050,27.730927
-7.949933,23.018287,27.734976
-10.769575,20.902795,27.731535
-13.349902,19.162113,27.730502
-15.580408,17.073258,27.736235
-17.471146,14.623911,27.736998
-19.808235,12.598264,27.723624
-21.635513,10.120836,27.732647
-22.948555,7.059027,27.739546
-23.642238,4.063701,27.734165
-24.029423,0.764583,27.728938
-24.193612,-2.754018,27.726616
-23.644861,-6.243117,27.727346
-23.382618,-9.987897,27.728399
-22.720979,-14.334831,27.725042
-21.425847,-19.036381,27.723688
-19.420390,-23.916927,27.728330
-16.026567,-28.561998,27.731144
-11.650906,-32.608531,27.731937
-6.445054,-35.941094,27.733100
-0.139556,-38.593590,27.732532
6.742019,-40.236375,27.732689
14.227791,-40.626455,27.736181
21.840785,-39.292204,27.736965
29.204818,-36.149887,27.731304
34.894763,-30.709571,27.732146
38.946986,-23.797172,27.738384
41.731540,-16.606122,27.736840
43.004275,-9.197232,27.727043
42.788460,-1.736652,27.726689
42.211295,5.450842,27.730392
41.235261,12.587491,27.731412
37.811872,18.904846,23.476225
32.521366,23.739807,23.485527
26.793895,27.419925,23.481932
20.524781,29.638488,23.473011
14.472063,30.379017,23.475588
8.870927,30.454749,23.487050
3.581105,29.532158,23.487245
-0.930980,28.147835,23.480258
-4.862002,26.524851,23.479091
-8.418676,24.615942,23.482371
-11.423933,22.653063,23.476928
-14.137053,20.314413,23.477879
-16.437711,17.857691,23.481889
-18.589386,15.575731,23.479700
-20.982726,13.214237,23.475658
-22.906010,10.458516,23.482522
-24.241752,7.362933,23.481303
-24.981499,4.091600,23.482776
-25.381969,0.517908,23.487237
-25.509146,-3.059085,23.480358
-25.033535,-6.613789,23.484310
-24.666224,-10.861986,23.486813
-23.847500,-15.251081,23.482989
-22.453513,-20.237742,23.479686
-20.396558,-25.428149,23.480313
-16.721258,-30.256940,23.479989
-12.071364,-34.133711,23.478825
-6.515308,-37.505859,23.483433
-0.044842,-40.107832,23.483091
6.988660,-41.259214,23.482378
14.672763,-41.282559,23.484637
22.710726,-40.441442,23.478562
29.171678,-36.148374,23.486706
34.546390,-30.264651,23.482840
38.811407,-23.753610,23.474205
41.591849,-16.620261,23.479157
42.942931,-9.110244,23.486769
42.752444,-1.770891,23.486265
42.054301,5.576383,23.479872
40.877239,12.384709,23.474400
36.280415,18.277696,19.232007
31.201678,23.026899,19.239913
26.042523,26.740177,19.234628
20.338757,29.194654,19.228622
14.350007,30.422993,19.228994
9.000866,31.033552,19.229452
3.896118,30.394592,19.231039
-0.920314,29.190347,19.226979
-4.970643,27.908089,19.226496
-8.716227,26.376697,19.231813
-12.104161,24.557472,19.229243
-14.855523,21.648532,19.225982
-17.239966,18.959899,19.222000
-19.752950,16.716983,19.223613
-22.061537,13.962902,19.237545
-24.045797,10.962859,19.233167
-25.472601,7.669911,19.227994
-26.268985,4.166059,19.235153
-26.669035,0.592968,19.239005
-26.810778,-3.218513,19.228089
-26.482578,-7.245103,19.227273
-26.003474,-11.714730,19.235831
-24.960995,-16.299802,19.242398
-23.302600,-21.206194,19.232920
-20.883455,-26.260150,19.224255
-17.048803,-30.965594,19.237312
-12.276565,-34.707253,19.235142
-6.628266,-37.944301,19.234279
-0.069645,-40.364440,19.235439
7.018474,-41.135847,19.236656
14.251706,-40.733575,19.235484
22.282484,-39.720295,19.228176
28.441316,-35.376357,19.236512
33.745624,-29.700840,19.236308
38.069465,-23.501036,19.229208
40.905507,-16.369858,19.228207
42.268813,-9.078717,19.227703
42.114571,-1.718648,19.228452
41.203203,5.351298,19.228020
39.518812,12.260892,19.227549
34.173212,17.426146,14.978360
30.129641,22.420324,14.987362
25.282264,26.305396,14.976687
19.892924,28.865045,14.974382
14.317056,30.380653,14.982115
9.049580,31.084117,14.980728
3.983443,30.702812,14.984905
-0.833023,29.858247,14.988554
-5.134684,28.898977,14.982413
-9.179875,27.697658,14.974791
-12.845363,26.024555,14.981552
-15.554275,22.873548,14.984827
-18.067491,20.088258,14.982922
-20.976436,17.712440,14.982357
-23.134519,14.614158,14.984142
-25.112972,11.402136,14.987434
-26.587655,7.951561,14.985878
-27.448039,4.278477,14.985234
-27.887950,0.320081,14.988245
-28.006805,-3.664329,14.989359
-27.861805,-7.868623,14.987955
-27.263140,-12.252067,14.981794
-26.031847,-17.208034,14.976471
-23.921589,-21.821759,14.975972
-20.862605,-26.189380,14.980150
-16.854328,-30.615193,14.987606
-12.089885,-34.231101,14.988838
-6.375230,-37.178917,14.983642
-0.235083,-39.022886,14.978958
6.624638,-39.731708,14.978285
13.628486,-38.839240,14.981198
20.279012,-36.374596,14.984038
27.106136,-33.611009,14.980860
32.852748,-28.909789,14.977681
36.893905,-22.714602,14.976024
39.756960,-15.775154,14.977409
41.075589,-8.577448,14.982565
40.916022,-1.495672,14.976748
39.609434,5.276188,14.969989
37.374043,11.577893,14.970274
31.573278,16.370921,10.726158
28.650497,21.495890,10.731584
24.324717,25.376936,10.727299
19.248424,28.029225,10.731539
13.886263,29.754572,10.738873
8.689149,30.351149,10.732009
3.900704,30.297538,10.733716
-0.869671,29.853171,10.730208
-5.156811,29.183450,10.730196
-9.198699,28.271092,10.736718
-13.096543,26.775000,10.729963
-16.170045,23.770918,10.730087
-18.989930,21.035815,10.727951
-21.952020,18.519033,10.723312
-24.063488,15.197516,10.727486
-26.039143,11.805113,10.723064
-27.541258,8.202350,10.731878
-28.469661,4.384889,10.737781
-28.937571,0.284204,10.729136
-29.048175,-3.852915,10.722960
-29.013971,-8.208219,10.724066
-28.155840,-12.897111,10.728601
-26.882343,-17.796807,10.728615
-24.404721,-22.297117,10.729836
-20.776732,-26.124133,10.732444
-16.807094,-30.136423,10.727720
-11.954447,-33.826433,10.723252
-6.412159,-36.391091,10.728526
-0.297065,-37.784288,10.730048
6.316084,-38.348710,10.724834
12.840989,-37.097989,10.724448
18.605316,-33.539256,10.730723
25.658773,-31.824495,10.727994
31.538678,-27.817347,10.723464
35.338646,-21.711040,10.726240
38.133115,-15.175550,10.732822
39.398855,-8.314162,10.735396
39.271507,-1.307690,10.736890
37.485614,5.099801,10.732965
34.554537,10.937442,10.726527
28.656342,15.174862,6.484343
26.004345,19.790714,6.479186
22.110233,23.628981,6.479892
17.679580,26.268501,6.484677
12.910101,27.978426,6.485549
8.067035,28.652048,6.480835
3.405193,29.054751,6.479051
-0.828227,28.966122,6.481308
-5.049044,28.446199,6.478852
-9.007186,27.677490,6.474206
-13.028632,26.300184,6.482668
-16.511790,24.281987,6.479180
-19.708612,21.798310,6.477902
-22.528429,18.928959,6.483816
-24.824023,15.606225,6.482836
-26.709753,12.278410,6.485720
-28.303349,8.349816,6.483096
-29.297991,4.432594,6.475263
-29.782615,0.222805,6.478035
-29.850609,-4.028371,6.490861
-29.737692,-8.700168,6.487547
-28.630678,-13.216564,6.485497
-27.247478,-18.172435,6.480389
-24.853058,-22.818837,6.483376
-21.202675,-26.740772,6.486813
-17.072061,-30.697797,6.476790
-12.167165,-34.427196,6.485773
-6.482284,-36.811101,6.480417
-0.214724,-37.763701,6.480351
6.248506,-37.853516,6.490235
12.559545,-36.360896,6.488118
18.082877,-32.731833,6.475633
24.325449,-30.481117,6.480455
29.935348,-26.249972,6.477572
33.545744,-20.559555,6.474935
36.214884,-14.375448,6.482104
37.419718,-7.676857,6.480763
37.290495,-1.247547,6.475809
35.134126,5.043055,6.477427
31.689450,10.442198,6.483547
26.254708,14.177439,2.237819
23.212275,18.099482,2.232833
19.890559,21.501623,2.227461
15.960469,24.194682,2.231767
11.556074,25.995895,2.235454
7.330354,27.005878,2.225719
3.241583,27.706434,2.224202
-0.876052,27.783158,2.230276
-5.007300,27.334006,2.229119
-8.863261,26.612662,2.222839
-12.590834,25.407394,2.232070
-16.465048,24.406297,2.231698
-20.090284,22.273265,2.229436
-22.647745,19.188203,2.231750
-25.257453,15.994065,2.230734
-27.281810,12.392939,2.241823
-28.795204,8.533653,2.228031
-29.858722,4.535165,2.225919
-30.370971,0.227056,2.241035
-30.372308,-4.123076,2.232696
-30.056127,-8.667726,2.223314
-28.694392,-13.210464,2.226651
-27.159803,-18.166566,2.225814
-25.061275,-23.091511,2.227699
-21.659443,-27.543167,2.233654
-17.442348,-31.515296,2.232191
-12.413916,-35.163370,2.237780
-6.425270,-37.460660,2.226200
-0.259985,-38.097978,2.229629
6.180924,-37.688112,2.242320
12.355962,-36.093030,2.235867
18.072803,-32.728489,2.221821
23.361221,-29.072273,2.224089
27.968831,-24.645056,2.226588
31.623360,-19.340495,2.228138
34.130640,-13.451856,2.231432
35.239484,-7.339148,2.230371
35.111234,-1.083356,2.230859
33.049550,4.866174,2.234637
29.650942,9.869852,2.238233
25.323127,13.776046,-2.022938
22.183522,17.460690,-2.014293
18.925973,20.771927,-2.016710
15.176618,23.500748,-2.022733
11.324568,25.281950,-2.020887
7.074349,26.563159,-2.011762
3.113550,27.386907,-2.009561
-0.906304,27.535536,-2.017083
-4.920260,26.995399,-2.025056
-8.630384,26.039612,-2.025997
-12.249931,24.803261,-2.025449
-16.341678,24.208224,-2.018065
-20.123968,22.379302,-2.008850
-22.752674,19.154580,-2.011955
-25.433399,16.161834,-2.024083
-27.516812,12.485972,-2.026080
-29.059756,8.522646,-2.027690
-30.161650,4.434919,-2.021713
-30.663519,0.229094,-2.015870
-30.563549,-4.214575,-2.021566
-29.938919,-8.613560,-2.018636
-28.402142,-12.983893,-2.014167
-26.714671,-17.742762,-2.012972
-24.613363,-22.764365,-2.012225
-21.514242,-27.252378,-2.015918
-17.246734,-31.264523,-2.023616
-12.111374,-34.477008,-2.018172
-6.424557,-36.559658,-2.024168
-0.206871,-37.373209,-2.022646
5.996926,-36.799924,-2.013325
12.084461,-35.168660,-2.015534
17.752955,-32.496792,-2.024815
21.981665,-27.680271,-2.019950
25.914793,-23.030856,-2.018746
29.680205,-18.072530,-2.018075
31.948946,-12.653682,-2.014040
33.044247,-6.697234,-2.017496
32.894913,-0.825054,-2.024371
31.235831,4.745887,-2.029447
28.515455,9.516557,-2.029388
25.397783,13.782352,-6.268146
22.491454,17.711676,-6.272049
19.378615,21.217021,-6.275488
15.925995,24.135564,-6.275092
11.709106,26.148295,-6.268819
7.293566,27.032993,-6.260380
3.279668,27.939717,-6.259480
-0.998424,28.237631,-6.266479
-5.029192,27.407753,-6.271565
-8.662898,25.961038,-6.271875
-12.312626,24.573277,-6.275277
-16.225140,23.836973,-6.268772
-19.788176,22.128935,-6.266023
-22.623628,19.035999,-6.274864
-25.384889,16.018905,-6.276121
-27.420600,12.464655,-6.268619
-28.949049,8.638422,-6.274762
-30.096016,4.499412,-6.274751
-30.612824,0.228216,-6.265923
-30.415509,-4.070652,-6.265647
-29.469739,-8.468543,-6.259619
-27.825448,-12.649355,-6.264959
-25.959479,-16.957271,-6.264119
-23.688824,-21.500305,-6.267260
-20.580347,-25.777763,-6.277262
-16.417233,-29.329942,-6.271843
-11.488363,-31.715117,-6.264840
-6.155488,-33.627861,-6.262061
-0.373270,-34.844589,-6.263832
5.389069,-34.452959,-6.270105
11.183920,-33.008833,-6.273817
16.935306,-31.070473,-6.267873
20.492903,-25.818393,-6.264900
24.018267,-21.324486,-6.263663
27.584675,-16.968945,-6.264785
29.787545,-11.701865,-6.265256
30.843735,-6.132961,-6.261489
30.733040,-0.662771,-6.265437
29.671948,4.531772,-6.268350
27.790632,9.498422,-6.267644
25.184983,13.665407,-10.520979
22.658049,17.801662,-10.521356
19.701054,21.394207,-10.518159
16.211838,24.532055,-10.514315
12.097944,26.655907,-10.512368
7.511703,27.530585,-10.511764
3.284119,28.278210,-10.513499
-0.810032,28.467057,-10.512681
-4.997010,27.561779,-10.511499
-8.588915,25.999093,-10.514422
-12.193707,24.489365,-10.516777
-15.757143,23.305081,-10.510649
-19.301611,21.362478,-10.517963
-22.183001,18.660458,-10.527425
-24.875694,15.829206,-10.510019
-26.973330,12.317636,-10.519475
-28.542415,8.517601,-10.526746
-29.693960,4.396284,-10.519480
-30.179235,0.320047,-10.511143
-29.887589,-3.954842,-10.509086
-28.680968,-8.261303,-10.515898
-27.017389,-12.213895,-10.521644
-24.828800,-16.108124,-10.520575
-22.240498,-19.983340,-10.518678
-19.220050,-23.539711,-10.516586
-15.092337,-26.405807,-10.512279
-10.500454,-27.960224,-10.515663
-5.754697,-29.587780,-10.515010
-0.669094,-31.016934,-10.519186
4.610028,-30.841079,-10.525529
9.833411,-29.736530,-10.524166
15.434415,-28.418575,-10.519156
18.686870,-23.764796,-10.521333
22.191836,-19.576771,-10.517725
25.520475,-15.631725,-10.515759
27.556941,-10.774170,-10.521401
28.574597,-5.660593,-10.526893
28.546506,-0.455727,-10.527859
27.966186,4.397824,-10.525533
26.919519,9.156073,-10.522427
24.207601,13.424046,-14.768635
22.098988,17.454041,-14.762339
19.267100,21.003701,-14.765993
15.868889,24.048860,-14.765900
11.933732,26.292753,-14.764802
7.529226,27.435692,-14.776138
3.184386,27.913978,-14.771340
-1.014883,27.847494,-14.773950
-4.948881,27.071513,-14.778053
-8.543692,25.698041,-14.769150
-12.064672,24.155800,-14.765531
-15.319752,22.464605,-14.770304
-18.530379,20.358570,-14.774227
-21.394431,18.057357,-14.771174
-24.102630,15.329381,-14.767895
-26.217193,11.918800,-14.773556
-27.736911,8.378844,-14.773019
-28.886117,4.353172,-14.764985
-29.349929,0.352469,-14.758142
-28.970630,-3.818836,-14.758640
-27.671195,-7.804271,-14.769369
-25.994065,-11.667259,-14.772570
-23.493800,-14.996644,-14.772101
-20.645218,-18.095887,-14.775671
-17.627888,-21.001991,-14.771790
-13.797369,-23.103152,-14.761843
-9.568640,-24.202084,-14.774553
-5.427633,-25.541769,-14.771401
-1.023220,-26.873155,-14.765262
3.594818,-26.861741,-14.764093
8.327716,-26.012962,-14.763204
13.274742,-25.059681,-14.764269
16.747040,-21.456576,-14.768684
20.231840,-17.927555,-14.772726
23.351641,-14.246820,-14.765850
25.283747,-9.699699,-14.763064
26.229202,-5.083113,-14.775687
26.302341,-0.203302,-14.767759
26.038723,4.373212,-14.762973
25.476252,8.903616,-14.767484
22.737496,12.781681,-19.026451
20.922358,16.770970,-19.011666
18.214847,20.205257,-19.021472
14.912011,23.091526,-19.029735
11.159476,25.340509,-19.019218
7.139626,26.625038,-19.010624
2.943319,26.923314,-19.018234
-1.112739,26.680033,-19.023456
-4.779900,26.069302,-19.019339
-8.496377,24.913455,-19.017517
-11.755185,23.446356,-19.026515
-14.649258,21.385402,-19.019511
-17.476990,19.216185,-19.015495
-20.397613,17.170478,-19.021889
-23.073058,14.573281,-19.013348
-25.087381,11.441123,-19.023019
-26.607140,8.031503,-19.027310
-27.694346,4.303668,-19.015143
-28.135371,0.429421,-19.013817
-27.693936,-3.589337,-19.026808
-26.397397,-7.251598,-19.014078
-24.819072,-10.855210,-19.022249
-22.040563,-13.699227,-19.031498
-18.975855,-16.151398,-19.020285
-15.925482,-18.525834,-19.011585
-12.514200,-20.057624,-19.021174
-8.950338,-21.140470,-19.024255
-5.236803,-22.267800,-19.014975
-1.267511,-23.194191,-19.017094
2.739867,-23.150905,-19.016657
6.938940,-22.462413,-19.011003
11.184930,-21.511214,-19.020748
14.784077,-19.051040,-19.025679
18.198841,-16.240211,-19.015847
21.071044,-12.794936,-19.012215
22.830719,-8.749709,-19.015447
23.758517,-4.478270,-19.011374
23.918510,-0.115800,-19.016753
23.869052,4.129924,-19.026856
23.615191,8.515813,-19.033054
20.776898,11.941099,-23.266017
19.280396,15.675516,-23.267036
16.740139,18.962906,-23.274553
13.702030,21.607830,-23.273032
10.290585,23.717277,-23.266081
6.488404,25.020985,-23.267575
2.642114,25.341291,-23.263342
-1.222111,25.076399,-23.268647
-4.739690,24.524080,-23.276305
-8.190318,23.614599,-23.270508
-11.316186,22.188182,-23.262171
-13.869364,19.931339,-23.264278
-16.338927,17.819365,-23.265084
-19.123339,16.087121,-23.261290
-21.626826,13.755319,-23.266965
-23.624050,10.801664,-23.268158
-25.070069,7.699906,-23.273656
-26.131267,4.144249,-23.278145
-26.533376,0.589140,-23.277592
-26.119271,-3.096818,-23.274172
-24.848452,-6.577811,-23.261133
-23.304384,-10.034162,-23.270784
-20.370877,-12.368395,-23.277041
-17.292372,-14.262701,-23.271892
-14.449194,-16.104595,-23.266851
-11.453435,-17.439745,-23.264679
-8.427360,-19.026270,-23.266052
-5.003884,-20.022843,-23.270357
-1.439946,-20.210886,-23.274415
2.116701,-19.936529,-23.273952
5.637459,-19.365898,-23.271070
9.353183,-18.310441,-23.267660
12.857180,-16.683662,-23.262327
16.142063,-14.350543,-23.270946
18.660184,-11.246236,-23.275958
20.229404,-7.694146,-23.274419
21.098852,-3.778644,-23.278108
21.313455,0.073189,-23.278659
21.413291,3.960485,-23.275189
21.375056,7.986989,-23.269862
18.319460,10.897844,-27.526265
17.046969,14.436341,-27.519372
14.868922,17.302563,-27.522149
12.033786,19.806594,-27.517494
8.944627,21.647067,-27.512048
5.468281,22.663793,-27.522749
2.010420,23.156525,-27.519223
-1.324858,23.063712,-27.517702
-4.627326,22.491344,-27.523046
-7.601614,21.699298,-27.522007
-10.547240,20.361456,-27.513344
-12.771303,18.244006,-27.513257
-14.919209,16.273532,-27.520902
-17.605566,14.737381,-27.524315
-19.897339,12.675874,-27.518443
-21.758208,10.055345,-27.516073
-23.168306,7.165739,-27.526080
-24.156434,3.970124,-27.522565
-24.533769,0.634403,-27.510189
-24.123217,-2.681486,-27.514300
-22.965413,-5.808836,-27.509735
-21.555030,-8.944374,-27.509807
-18.659455,-10.844915,-27.517766
-15.719006,-12.253887,-27.522041
-13.051534,-13.767716,-27.521548
-10.423463,-15.062601,-27.524145
-7.917762,-17.292413,-27.527211
-4.808908,-18.127292,-27.511604
-1.637403,-17.532014,-27.517861
1.390252,-17.030227,-27.519294
4.537797,-16.485788,-27.509341
7.560128,-15.359235,-27.510234
10.870732,-14.282881,-27.513311
13.816756,-12.427679,-27.516046
16.024457,-9.724747,-27.512452
17.486606,-6.410012,-27.512058
18.225564,-3.008537,-27.521769
18.448955,0.327778,-27.525575
18.626981,3.820532,-27.527918
18.709556,7.309112,-27.529472
15.318858,9.753420,-31.766353
14.335403,12.760173,-31.764999
12.410507,15.372242,-31.763823
10.130921,17.457427,-31.769652
7.305285,19.016493,-31.775376
4.201438,19.613003,-31.768067
1.356165,20.353255,-31.763621
-1.515449,20.569634,-31.764696
-4.393325,19.941644,-31.765353
-7.034611,19.022248,-31.760746
-9.480036,17.872712,-31.757004
-11.474617,16.089375,-31.768273
-13.375418,14.400012,-31.779075
-15.752060,13.126890,-31.775596
-17.770929,11.353726,-31.775369
-19.451848,9.107955,-31.767286
-20.749213,6.625444,-31.766846
-21.691348,3.740461,-31.768416
-22.030763,0.834803,-31.768835
-21.679290,-2.060060,-31.777864
-20.657530,-4.901340,-31.775622
-19.403792,-7.646377,-31.777807
-16.569443,-9.168030,-31.770180
-13.923510,-10.187552,-31.762589
-11.646648,-11.399002,-31.764673
-9.441390,-12.641368,-31.768636
-7.399817,-15.210162,-31.766276
-4.653207,-15.822498,-31.767607
-1.896845,-14.756386,-31.774733
0.683421,-14.193379,-31.766685
3.274189,-13.625272,-31.759597
5.681360,-12.418020,-31.767543
8.652940,-11.772896,-31.767245
11.291986,-10.279401,-31.767647
13.204776,-7.899074,-31.767943
14.404756,-5.108266,-31.766107
15.018766,-2.254699,-31.764769
15.235480,0.653730,-31.765769
15.437855,3.574900,-31.766817
15.579193,6.611105,-31.766987
11.658327,8.183510,-36.010314
10.934748,10.674714,-36.011921
9.441081,12.864476,-36.020302
7.611508,14.662426,-36.021175
5.338297,15.771884,-36.017577
2.638650,15.879131,-36.022852
0.448596,16.824347,-36.026687
-1.822762,17.386763,-36.021713
-4.183458,16.723792,-36.011196
-6.288562,15.598374,-36.008414
-8.148110,14.609330,-36.019620
-9.861482,13.391117,-36.019460
-11.549676,12.144675,-36.012146
-13.419747,11.171476,-36.017641
-15.158116,9.672965,-36.012474
-16.575813,7.857803,-36.012511
-17.698315,5.856775,-36.021002
-18.538430,3.511744,-36.020472
-18.873777,1.042776,-36.012601
-18.581763,-1.427901,-36.017793
-17.785092,-3.768861,-36.017791
-16.739275,-6.031405,-36.013733
-14.183719,-7.151402,-36.009419
-11.863430,-7.834869,-36.012132
-9.990681,-8.845570,-36.015576
-8.307977,-10.051442,-36.014406
-6.715806,-12.327775,-36.011807
-4.430590,-12.692629,-36.012147
-2.151586,-11.597438,-36.020327
-0.017550,-11.182862,-36.023905
2.058086,-10.389225,-36.025011
3.794866,-9.248031,-36.023062
6.298223,-8.953843,-36.014676
8.414628,-7.820909,-36.018211
9.911980,-5.932447,-36.016079
10.860977,-3.630791,-36.010438
11.305218,-1.376155,-36.013762
11.471068,1.010252,-36.022325
11.653216,3.305179,-36.022725
11.802196,5.695141,-36.016211
6.829085,6.256294,-40.268887
6.398576,7.979780,-40.264348
5.580451,9.528552,-40.269978
4.369876,10.927512,-40.270775
2.697248,11.588969,-40.263197
0.683277,11.193278,-40.261480
-0.686127,12.097690,-40.267027
-2.237639,13.011774,-40.273088
-3.874913,12.481800,-40.272711
-5.247605,11.245306,-40.265338
-6.431543,10.355129,-40.260163
-7.672773,9.768576,-40.263794
-8.997423,9.228294,-40.271641
-10.403454,8.524346,-40.265305
-11.566155,7.483471,-40.268234
-12.613448,6.215664,-40.267111
-13.548474,4.795910,-40.262327
-14.243396,3.160948,-40.264535
-14.569097,1.417980,-40.263573
-14.405718,-0.418722,-40.264780
-13.882801,-2.164883,-40.272964
-13.124457,-3.790468,-40.268244
-11.109209,-4.504261,-40.261541
-9.271296,-4.846354,-40.265146
-8.004281,-5.671105,-40.267177
-6.918413,-6.809557,-40.267692
-5.682434,-8.217325,-40.268865
-4.019825,-8.279171,-40.265765
-2.422012,-7.669824,-40.269472
-0.873449,-7.549231,-40.268333
0.396453,-6.482565,-40.266714
1.583146,-5.580305,-40.267013
3.389977,-5.547863,-40.264309
4.895347,-4.724235,-40.262866
5.832961,-3.382578,-40.271137
6.393109,-1.764211,-40.268650
6.625826,-0.216021,-40.263020
6.698374,1.351257,-40.269657
6.814333,2.918558,-40.274318
6.914260,4.552523,-40.273886
-3.828122,1.510066,-44.518697
14.295241,14.037482,40.481303
9.761054,14.480082,40.481303
6.258040,14.698622,40.481303
3.526888,14.759585,40.481303
1.187091,14.675744,40.481303
-0.880499,14.435259,40.481303
-2.658281,14.034388,40.481303
-4.354884,13.368595,40.481303
-5.767931,12.428601,40.481303
-6.816613,11.271917,40.481303
-7.571976,9.900368,40.481303
-8.025207,8.541890,40.481303
-8.271329,7.264119,40.481303
-8.373733,6.228364,40.481304
-8.404700,5.318384,40.481304
-8.387831,4.408125,40.481304
-8.339492,3.629281,40.481304
-8.277556,2.981949,40.481304
-8.179418,2.207825,40.481304
-8.057327,1.437121,40.481304
-7.913129,0.670234,40.481304
-7.719065,-0.219209,40.481303
-7.465796,-1.228331,40.481303
-7.143858,-2.353677,40.481303
-6.615498,-3.959683,40.481303
-5.871504,-5.903103,40.481303
-4.637068,-8.628102,40.481303
-2.480937,-12.489633,40.481303
1.229658,-17.516241,40.481303
6.839332,-22.407878,40.481303
13.491470,-25.090255,40.481303
20.129871,-24.816782,40.481303
25.894865,-22.307978,40.481304
30.433408,-17.828505,40.481304
32.984096,-12.109878,40.481304
33.562350,-5.880121,40.481304
32.526353,0.153570,40.481304
29.705344,5.671695,40.481304
25.387821,10.060749,40.481304
20.352198,12.985400,36.732109
16.254593,15.297354,36.727065
13.010569,17.288154,36.732465
9.297367,18.126497,36.732952
4.960431,17.091355,36.731411
0.334259,12.582563,36.726570
-1.962782,9.904734,36.728947
-3.159869,8.298153,36.730677
-3.900255,6.965161,36.727882
-4.294723,6.167315,36.727060
-4.582609,5.660224,36.729265
-4.845954,5.251674,36.733152
-5.028786,4.943705,36.736347
-5.160340,4.634256,36.738635
-5.195757,4.219123,36.738494
-5.097264,3.905753,36.735306
-4.950527,3.590707,36.730857
-4.860961,3.379789,36.728033
-4.802392,3.168183,36.725909
-4.784797,2.955481,36.724728
-4.800189,2.740562,36.724308
-4.838903,2.522239,36.724427
-4.919569,2.185778,36.725129
-5.034129,1.591755,36.725875
-5.024671,0.985393,36.725481
-4.825575,0.470176,36.726940
-4.398133,0.133364,36.732614
-3.891390,-0.144407,36.736080
-3.338963,-0.539778,36.733444
-2.433954,-1.785684,36.724191
0.987021,-8.152362,36.730928
4.051829,-9.386738,36.731064
12.661658,-16.044888,36.736038
20.156393,-17.249588,36.731010
24.067537,-13.902557,36.734816
29.309591,-10.626909,36.729157
31.282870,-5.319115,36.727687
32.062262,0.266660,36.731684
28.722293,5.558140,36.725360
24.042472,9.706966,36.726705
26.527299,6.160958,32.985035
25.946005,8.243842,32.981929
25.626587,10.843388,32.979378
23.971081,12.546363,32.978292
22.411894,14.490438,32.977634
20.645236,16.596621,32.976224
18.327079,17.977869,32.978446
15.636984,18.678599,32.983731
12.856878,18.556417,32.977859
10.286008,17.814365,32.983094
7.867921,16.664864,32.982382
5.667740,15.164412,32.977038
3.769791,13.426446,32.986608
2.016853,11.651656,32.990162
0.319765,9.705828,32.987163
-1.175535,7.552823,32.982119
-2.787822,5.331333,32.983124
-2.925680,2.555722,32.978614
-3.057227,-0.144038,32.980852
-0.469223,-2.296300,32.987515
0.256922,-4.491990,32.986654
0.726916,-6.950352,32.981863
1.864395,-9.207853,32.977459
4.104980,-10.437719,32.977727
6.317112,-11.536118,32.978080
8.415119,-12.350948,32.984432
10.603739,-13.033546,32.983187
12.856380,-13.288677,32.979207
15.364045,-15.994842,32.977277
18.218295,-16.346453,32.976877
20.738781,-15.016951,32.981989
22.567365,-12.794766,32.986405
24.653430,-11.321135,32.982744
27.064249,-9.977057,32.977433
28.416902,-7.750436,32.979391
29.382203,-5.279896,32.976642
30.356774,-2.817564,32.975298
31.251920,-0.316643,32.981088
30.881764,2.331938,32.988150
28.344581,4.488979,32.988043
27.296778,5.332724,29.233466
25.303650,6.785116,29.233401
23.542804,8.226982,29.234507
22.393446,10.019291,29.230507
21.000593,11.877385,29.227488
19.130785,13.171526,29.230613
17.100231,14.349062,29.232940
14.789714,15.128440,29.231991
12.343912,15.307624,29.234545
9.938120,14.899395,29.233378
7.631514,14.080282,29.226201
5.418776,13.047472,29.229347
3.454877,11.596347,29.227971
1.689602,9.875888,29.225897
0.151015,7.988140,29.228432
-1.347952,5.939421,29.234447
-2.247697,3.529705,29.232601
-2.776028,1.045968,29.223141
-1.829461,-1.417312,29.232617
-0.397670,-3.591870,29.226633
0.169259,-5.784364,29.224785
0.806592,-7.954861,29.224664
2.138278,-9.879073,29.224247
3.821155,-11.524772,29.233039
5.631034,-12.847894,29.231107
7.705709,-13.956810,29.227401
9.918425,-14.733796,29.235784
12.231421,-15.138553,29.232858
14.600577,-15.703404,29.226103
17.079918,-15.949461,29.225067
19.557269,-15.195926,29.224911
21.530804,-13.592397,29.223069
23.369148,-12.054362,29.226910
25.297883,-10.564977,29.235809
26.669413,-8.567416,29.237301
27.611035,-6.288113,29.231638
28.466042,-4.020855,29.225127
29.446068,-1.653945,29.225293
30.126581,0.906906,29.231131
29.337760,3.339004,29.234159
27.710732,3.387851,25.474219
26.207376,5.564398,25.474051
23.954796,7.133975,25.474627
21.186695,7.594659,25.477656
18.299689,7.160091,25.482392
16.156421,6.902821,25.485069
14.446299,7.241194,25.485102
12.911091,8.591742,25.481200
11.114573,9.137751,25.477216
9.092539,9.296051,25.481415
6.645095,10.039617,25.477637
4.110270,9.931083,25.479911
1.702331,9.055123,25.476457
-0.192540,7.497757,25.486228
-1.836419,5.514279,25.477895
-2.580800,3.075718,25.473489
-3.517621,0.789974,25.480952
-3.269596,-1.729380,25.474860
-2.470997,-4.051597,25.484811
-2.253712,-6.327208,25.476953
-1.772286,-8.648183,25.485962
-0.794335,-10.697307,25.489347
0.650380,-12.589023,25.483245
2.312168,-14.140172,25.477519
4.277962,-15.458612,25.480091
6.336602,-16.463683,25.484356
8.514348,-17.142231,25.484698
10.768354,-17.331568,25.479874
12.950450,-17.118238,25.475281
15.102300,-16.711256,25.478390
17.303981,-16.153059,25.485290
19.466160,-15.408379,25.483255
21.463367,-14.326752,25.477267
23.149774,-12.793067,25.476523
24.538845,-10.850032,25.479573
25.546154,-8.806340,25.482370
26.380129,-6.592774,25.481313
27.112343,-4.346959,25.476078
27.866253,-1.870500,25.472701
28.297230,0.754673,25.473541
7.909002,7.928861,21.736704
1.529461,6.351823,21.732223
-0.075859,6.263168,21.728993
-1.116531,6.172221,21.722891
-1.927533,5.950322,21.747802
-2.560114,5.699268,21.733716
-3.202625,4.942979,21.730709
-3.503573,4.387589,21.727614
-3.657569,3.806262,21.729047
-3.705428,3.602469,21.730020
-3.731031,3.500708,21.730537
-3.731031,3.500708,21.730537
-3.758437,3.399637,21.731056
-3.758437,3.399637,21.731056
-3.758437,3.399637,21.731056
-3.788162,3.299701,21.731562
-3.788162,3.299701,21.731562
-3.788162,3.299701,21.731562
-3.820724,3.201350,21.732043
-3.820724,3.201350,21.732043
-3.820724,3.201350,21.732043
-3.856638,3.105030,21.732484
-3.896421,3.011191,21.732871
-4.039706,2.745365,21.733651
-5.877372,-0.401175,21.729551
-7.053897,-4.905818,21.735004
-5.361200,-3.872299,21.729713
-4.895779,-11.882493,21.728336
-2.300736,-15.060038,21.727064
1.237929,-17.596528,21.736285
5.521432,-19.177478,21.734189
9.907255,-19.022318,21.733429
13.970631,-17.606751,21.733493
19.340586,-16.546936,21.727844
22.536753,-12.955947,21.723848
24.509368,-8.549153,21.736500
25.797359,-3.978638,21.737499
25.793148,0.795721,21.731177
23.512432,5.233599,21.725976
18.805381,8.499590,21.726035
11.679362,9.492726,17.979807
4.899034,8.398852,17.982727
0.872807,7.028720,17.985774
-1.412479,5.811143,17.971201
-2.418487,5.163719,17.983487
-2.970119,4.824799,17.983847
-3.258815,4.671809,17.978519
-3.410795,5.601774,17.982687
-3.813586,5.854779,17.985203
-4.114223,5.588708,17.985141
-4.086104,4.432354,17.984080
-4.333629,4.453203,17.981822
-4.852173,4.734854,17.981572
-5.028845,4.485321,17.980483
-5.211015,4.228310,17.979869
-5.400972,3.966445,17.979709
-5.598716,3.703935,17.979930
-5.804244,3.444984,17.980460
-6.090385,3.112524,17.981518
-6.621079,2.574483,17.983739
-7.652674,1.586439,17.984750
-8.704831,0.154737,17.983276
-9.008533,-1.347090,17.987435
-10.117196,-4.265985,17.985865
-10.595983,-7.916252,17.981636
-9.689453,-11.189007,17.981535
-7.923219,-14.124080,17.980835
-5.319221,-16.856825,17.977689
-1.991878,-19.067542,17.977192
1.962332,-20.585300,17.974560
6.229804,-20.798451,17.982802
10.242872,-19.652834,17.986525
14.359891,-17.999434,17.978321
19.156835,-16.447026,17.983840
21.264637,-12.168014,17.980002
22.964687,-8.000302,17.978261
23.686929,-3.489632,17.982051
22.408850,1.076803,17.981750
19.879730,4.990340,17.980998
16.582575,7.973585,17.981035
9.756436,8.721979,14.225457
5.735313,8.922397,14.230118
1.758675,7.776344,14.227388
-0.719627,6.592688,14.229472
-1.852835,6.025694,14.235443
-2.608719,5.649968,14.237704
-3.080025,5.412365,14.235154
-3.456611,5.220955,14.230608
-3.740620,5.081104,14.228066
-4.027648,4.948517,14.228424
-4.220492,4.863346,14.229748
-4.509236,4.732164,14.228605
-4.800188,4.605907,14.223371
-5.109959,4.536055,14.229774
-5.389368,4.374203,14.240182
-5.620188,4.094713,14.242512
-7.363547,4.216235,14.232982
-8.529824,3.645536,14.235730
-9.622973,2.810873,14.237757
-10.691469,1.617891,14.235318
-11.960524,-0.129443,14.229938
-12.422705,-2.084167,14.229058
-14.271632,-5.795085,14.237596
-13.990057,-8.754151,14.235960
-12.874427,-11.676031,14.226482
-11.202291,-14.768369,14.226758
-8.659360,-17.393322,14.238997
-5.499850,-19.519116,14.238991
-1.811574,-21.064324,14.228021
2.285802,-21.764901,14.227140
6.420757,-21.345743,14.237670
10.296918,-19.742943,14.235479
14.511303,-18.189824,14.229997
17.493194,-15.042542,14.230376
19.162277,-10.873051,14.229010
20.381505,-6.859049,14.228311
20.372244,-2.629632,14.230918
18.337206,1.410479,14.229597
15.816445,4.626540,14.226289
13.027709,7.165884,14.224128
6.891803,7.489693,10.487483
4.764024,8.332042,10.487739
1.830616,7.849903,10.483377
-0.787886,6.492332,10.476732
-1.857285,6.135142,10.474172
-2.452010,6.009398,10.473357
-2.949101,5.916456,10.473542
-3.346554,5.840751,10.474153
-3.745609,5.765670,10.474200
-4.147191,5.692546,10.473123
-4.543217,5.608914,10.474047
-4.926787,5.503440,10.480435
-5.445694,5.418627,10.483894
-5.940875,5.310505,10.475175
-7.302954,5.567412,10.485155
-8.269542,5.219834,10.475100
-9.025154,4.593551,10.479423
-11.494400,3.941978,10.482851
-12.839780,2.606915,10.483391
-14.053049,0.829182,10.479786
-15.150179,-1.431001,10.479322
-15.961043,-4.167139,10.482556
-16.504949,-7.666509,10.480094
-15.953106,-10.960062,10.482530
-14.433152,-14.189203,10.479270
-12.149422,-17.026816,10.472947
-9.157990,-19.305544,10.475692
-5.653823,-20.911363,10.480044
-1.804920,-21.786161,10.474623
2.278671,-22.066726,10.475492
6.453136,-21.378821,10.483989
10.178039,-19.492810,10.486957
13.329091,-16.777176,10.480740
15.247509,-13.105291,10.474797
16.407647,-9.190758,10.480963
16.867292,-5.361386,10.485385
16.239562,-1.663159,10.479849
14.221338,1.746159,10.476268
11.689539,4.358917,10.479434
9.157497,6.222464,10.484492
4.278737,6.489451,6.737159
3.168371,7.376540,6.738527
0.872129,7.016578,6.718992
-0.720844,6.558758,6.722691
-1.502919,6.660927,6.736069
-2.087037,6.779885,6.739889
-2.675958,6.838111,6.732840
-3.272019,6.851207,6.726865
-3.870086,6.837533,6.730358
-4.447989,6.773035,6.734140
-5.029408,6.688471,6.732104
-5.688750,6.680483,6.727634
-6.269482,6.428054,6.723233
-6.478308,5.744644,6.724245
-7.515343,5.686628,6.738921
-8.995496,5.510489,6.723245
-10.639133,4.987131,6.728264
-13.977061,4.156312,6.728517
-15.237138,2.376125,6.738429
-16.343848,0.271369,6.731820
-17.915482,-2.579796,6.734415
-18.887506,-6.006299,6.734931
-18.541250,-9.345253,6.738095
-17.349551,-12.611829,6.733189
-15.406508,-15.705199,6.729610
-12.724134,-18.340930,6.732228
-9.409442,-20.324568,6.733720
-5.713551,-21.433868,6.734433
-1.771468,-21.656101,6.724348
2.294411,-21.843145,6.732811
6.216943,-20.884911,6.735081
9.414728,-18.349359,6.730278
11.612582,-14.808096,6.733460
12.956423,-11.091342,6.735711
13.647777,-7.472146,6.730786
13.372961,-3.866576,6.730116
12.294063,-0.627790,6.734500
10.799443,2.043806,6.735530
8.081636,4.114140,6.734072
5.710605,5.446477,6.734591
2.797344,5.829217,2.977703
1.709157,6.445272,2.982752
0.780672,6.956503,2.978963
0.018588,7.382490,2.980741
-0.759663,7.767618,2.987588
-1.587159,8.011066,2.989722
-2.357240,8.122876,2.986353
-3.232407,8.179787,2.979530
-3.986039,8.140774,2.974323
-4.748670,8.062332,2.974362
-5.606396,8.066150,2.983330
-6.335741,7.739297,2.986459
-6.714067,6.989584,2.973435
-7.900647,6.956518,2.978744
-9.031091,6.599667,2.977421
-10.001586,5.955336,2.973086
-12.094451,5.369137,2.986698
-15.548272,4.273097,2.977251
-16.684301,2.318099,2.979016
-17.744985,-0.057077,2.986000
-19.754365,-3.344178,2.980577
-20.331026,-6.879377,2.989882
-19.701942,-10.322426,2.988852
-18.084954,-13.510582,2.983361
-15.747150,-16.345292,2.983159
-12.853736,-18.743216,2.988172
-9.465214,-20.402227,2.988715
-5.668289,-21.128855,2.983508
-1.821621,-20.778541,2.986876
2.028333,-20.930995,2.976550
5.661355,-19.543648,2.977185
8.361905,-16.489384,2.984907
9.941119,-12.827107,2.984678
10.919697,-9.297325,2.978284
11.391097,-6.103553,2.985152
10.677021,-2.782015,2.982320
9.496823,0.034635,2.976754
8.479503,2.205710,2.978483
6.433596,3.984789,2.972975
4.297503,5.069860,2.970865
2.199761,5.652461,-0.769368
1.581808,6.349532,-0.770103
1.761675,7.735658,-0.775950
1.098834,8.716794,-0.768838
0.018977,9.101854,-0.764767
-0.989414,9.360523,-0.773078
-2.084275,9.515462,-0.775152
-3.031033,9.533587,-0.769625
-4.053276,9.449110,-0.771068
-5.012605,9.385381,-0.772361
-6.050156,9.229906,-0.769950
-6.846687,8.592071,-0.777367
-7.919724,8.312622,-0.772727
-9.116227,8.037314,-0.765162
-10.104773,7.293441,-0.769291
-11.271915,6.494242,-0.774514
-13.458486,5.682070,-0.768851
-16.328728,4.330648,-0.774870
-17.440484,2.215208,-0.763901
-18.436724,-0.212243,-0.776038
-20.173454,-3.523688,-0.768941
-20.352875,-6.851770,-0.764038
-19.671052,-10.315375,-0.766824
-17.986591,-13.320195,-0.771027
-15.455845,-15.873009,-0.768238
-12.578061,-17.977517,-0.761915
-9.183763,-19.385506,-0.767964
-5.535241,-19.828634,-0.777102
-2.008485,-19.247575,-0.768133
1.550446,-18.862062,-0.774875
4.859857,-17.441700,-0.765871
7.170238,-14.514615,-0.770908
8.471517,-11.097749,-0.774979
9.307986,-7.919772,-0.763196
9.678784,-4.993644,-0.759759
8.917735,-2.041586,-0.769263
7.937196,0.442852,-0.774808
7.217412,2.367295,-0.773582
5.990423,3.948646,-0.774504
4.157958,5.062301,-0.774253
3.449051,6.142490,-4.512057
2.792842,7.140783,-4.514378
3.081924,8.916072,-4.521338
2.242530,9.950948,-4.528317
0.811635,10.386263,-4.525384
-0.487843,10.658407,-4.514402
-1.712997,10.769436,-4.516697
-2.977063,10.757361,-4.527430
-4.135277,10.651441,-4.530955
-5.276673,10.438936,-4.520921
-6.412111,10.187223,-4.513656
-7.640782,9.929325,-4.522683
-8.914826,9.495046,-4.523422
-10.027253,8.759356,-4.517384
-11.054161,7.878566,-4.512688
-12.498065,7.005209,-4.521253
-14.591642,5.992193,-4.519165
-16.581170,4.342214,-4.509768
-17.703139,2.196291,-4.511907
-18.606651,-0.234191,-4.520348
-19.499143,-3.216213,-4.522105
-19.199137,-6.178565,-4.524144
-18.543056,-9.297165,-4.522355
-16.985773,-12.243794,-4.512711
-14.617101,-14.463842,-4.513716
-11.856752,-16.280923,-4.526270
-8.746732,-17.425277,-4.511588
-5.364104,-17.691209,-4.522828
-2.142695,-17.272936,-4.522633
0.863654,-15.904430,-4.517500
3.784023,-14.999909,-4.517610
5.998093,-12.583400,-4.519491
7.202333,-9.611918,-4.523703
8.059492,-6.801382,-4.525210
8.329824,-4.122990,-4.513369
7.882947,-1.576284,-4.509015
7.326102,0.598524,-4.518175
6.867560,2.324255,-4.526146
6.092198,3.922175,-4.522958
4.858309,5.263896,-4.514850
5.205082,6.878207,-8.270850
4.556153,8.154965,-8.267355
4.317395,9.970276,-8.261269
3.134932,11.057563,-8.265239
1.456175,11.474279,-8.273490
-0.022785,11.729241,-8.275612
-1.527008,11.799827,-8.268468
-2.887588,11.753680,-8.267930
-4.226081,11.582480,-8.275940
-5.454714,11.239145,-8.277118
-6.791686,11.144801,-8.277310
-8.278758,11.055494,-8.273038
-9.538819,10.303015,-8.261238
-10.659755,9.365701,-8.262420
-11.803309,8.389004,-8.272651
-13.336500,7.361497,-8.278449
-15.391774,6.186681,-8.269730
-16.450994,4.354715,-8.261900
-17.618953,2.209459,-8.277709
-18.412180,-0.198957,-8.259771
-18.357713,-2.730879,-8.273030
-17.520831,-5.119231,-8.275239
-16.743413,-7.823179,-8.275922
-15.509390,-10.461305,-8.267809
-13.426778,-12.467448,-8.260907
-10.900517,-13.997674,-8.273883
-8.085675,-14.911068,-8.262747
-5.157956,-15.077059,-8.263195
-2.286920,-14.855200,-8.274468
0.150550,-12.875715,-8.261505
2.712001,-12.268474,-8.262039
4.820883,-10.659735,-8.263416
6.071646,-8.271908,-8.263493
7.004791,-5.935854,-8.265228
7.174740,-3.417042,-8.260703
7.223044,-1.290919,-8.270420
7.137340,0.633362,-8.271035
6.859287,2.392561,-8.260523
6.553190,3.995794,-8.261454
6.056308,5.521786,-8.268099
6.766350,7.494034,-12.022238
6.180691,9.175759,-12.021006
5.331384,10.757451,-12.014933
3.792968,11.798942,-12.024006
1.954549,12.235233,-12.026202
0.298579,12.466730,-12.012052
-1.296016,12.505117,-12.017809
-2.820000,12.431865,-12.018707
-4.241034,12.198087,-12.013463
-5.632851,11.783158,-12.025847
-7.070333,11.848388,-12.030016
-8.739088,11.686052,-12.019180
-9.922073,10.761377,-12.012683
-11.074128,9.733627,-12.012592
-12.308259,8.640015,-12.017104
-13.810260,7.557287,-12.017923
-15.633427,6.223630,-12.013104
-16.076206,4.320608,-12.025897
-17.204138,2.283189,-12.015120
-17.915469,-0.085666,-12.014490
-17.097120,-2.256662,-12.020780
-15.760955,-4.092743,-12.024172
-14.772532,-6.155560,-12.023663
-13.756964,-8.424529,-12.017216
-11.968886,-10.264344,-12.015252
-9.798311,-11.471782,-12.026822
-7.408206,-12.150629,-12.024578
-4.958219,-12.280244,-12.024555
-2.452383,-12.209029,-12.024249
-0.461741,-10.231166,-12.016018
1.590468,-9.463125,-12.017387
3.635210,-8.690676,-12.015513
5.030355,-7.019045,-12.015416
6.051175,-5.130253,-12.026252
6.141251,-2.812263,-12.017294
6.685234,-1.054217,-12.010085
7.083766,0.626323,-12.012288
6.972345,2.324488,-12.018781
6.978264,4.028764,-12.021468
7.011767,5.706384,-12.021470
7.668226,7.863715,-15.764220
7.236354,9.776871,-15.773112
5.804221,11.216016,-15.762362
4.005258,12.082307,-15.764981
2.188135,12.564580,-15.774234
0.385994,12.783648,-15.768132
-1.275296,12.794696,-15.758363
-2.786244,12.704634,-15.761206
-4.271737,12.425832,-15.772561
-5.655427,12.021817,-15.775667
-7.180565,12.104464,-15.764882
-8.809712,11.867848,-15.762330
-10.009238,10.856838,-15.772857
-11.203120,9.795500,-15.769080
-12.388527,8.674427,-15.765619
-13.900804,7.587176,-15.766544
-15.334614,6.131545,-15.769586
-15.469308,4.271982,-15.777013
-16.515826,2.326724,-15.763394
-17.160304,0.087561,-15.758457
-15.902606,-1.750745,-15.772352
-14.177663,-3.160075,-15.775300
-12.933550,-4.611246,-15.766712
-11.937873,-6.416932,-15.766964
-10.610231,-7.948141,-15.779265
-8.735230,-8.945641,-15.776974
-6.756405,-9.455623,-15.763287
-4.666653,-9.571356,-15.773928
-2.686839,-9.618591,-15.768254
-0.966817,-8.074936,-15.771326
0.505162,-6.855262,-15.770883
2.438032,-6.700733,-15.762376
4.052235,-5.835164,-15.772136
5.145232,-4.297162,-15.767627
5.199393,-2.237526,-15.762317
6.127167,-0.814003,-15.760153
6.937253,0.669997,-15.761776
6.954826,2.376887,-15.764113
7.130410,4.034047,-15.761115
7.482479,5.873704,-15.757572
7.695283,7.889744,-19.524463
7.366781,9.878818,-19.529802
5.632536,11.078332,-19.515044
3.811183,11.803027,-19.512103
2.041150,12.364614,-19.520677
0.298160,12.570505,-19.523288
-1.309766,12.580604,-19.519872
-2.845629,12.480053,-19.517425
-4.284764,12.197841,-19.515330
-5.634429,11.832299,-19.513459
-7.056187,11.816333,-19.521073
-8.569268,11.505396,-19.522714
-9.736073,10.561855,-19.512524
-10.918375,9.573198,-19.515041
-12.050156,8.463812,-19.523142
-13.443058,7.420301,-19.528950
-14.550772,5.986995,-19.521254
-14.624192,4.193555,-19.508810
-15.545017,2.371132,-19.515912
-16.142973,0.356106,-19.508800
-14.675327,-1.266342,-19.506564
-12.862243,-2.372855,-19.513214
-11.463826,-3.371007,-19.520049
-10.289021,-4.446508,-19.523270
-9.294021,-5.873425,-19.528757
-7.778623,-6.624944,-19.528832
-6.140919,-7.000987,-19.523594
-4.486400,-7.118124,-19.526011
-2.880792,-7.230831,-19.515389
-1.398484,-6.194003,-19.508604
-0.313860,-4.855701,-19.518493
1.202173,-4.673288,-19.523971
3.130420,-4.708478,-19.517059
4.199848,-3.455449,-19.522105
4.298190,-1.623354,-19.527716
5.418563,-0.547237,-19.529263
6.501632,0.762626,-19.522889
6.617570,2.354880,-19.513378
6.872919,4.007924,-19.509721
7.329040,5.804201,-19.513868
6.794469,7.512273,-23.266012
6.530324,9.352000,-23.271363
4.748305,10.314611,-23.259968
3.055822,10.959000,-23.260235
1.516946,11.540513,-23.270417
-0.034097,11.736460,-23.276464
-1.525604,11.758959,-23.276368
-2.889939,11.674686,-23.263913
-4.172305,11.448414,-23.259889
-5.433922,11.121686,-23.275407
-6.746953,10.952328,-23.270281
-8.028421,10.572341,-23.257221
-9.088476,9.795569,-23.258057
-10.199276,8.996857,-23.258795
-11.216602,8.015403,-23.260711
-12.424633,6.970720,-23.260743
-13.300092,5.639013,-23.261453
-13.486249,4.068837,-23.267890
-14.220587,2.492026,-23.273796
-14.797255,0.626971,-23.271524
-13.288900,-0.690437,-23.277157
-11.669935,-1.590704,-23.275594
-10.444001,-2.531473,-23.266051
-8.888199,-2.823764,-23.270391
-8.165022,-4.104259,-23.270423
-6.976545,-4.657522,-23.268740
-5.633807,-4.930764,-23.276838
-4.285861,-5.047858,-23.269410
-2.998463,-5.161638,-23.272863
-1.817380,-4.500698,-23.277245
-0.905741,-3.392281,-23.271337
0.144676,-2.977429,-23.268082
2.152145,-3.603411,-23.278406
3.155152,-2.559206,-23.277249
3.334808,-1.076489,-23.273161
4.544747,-0.166358,-23.266333
5.596372,0.987548,-23.262725
5.757494,2.469995,-23.262910
6.031879,3.980387,-23.261569
6.452409,5.627394,-23.260956
5.092659,6.814223,-27.015201
4.830457,8.365064,-27.015871
3.214456,9.006493,-27.015788
1.837546,9.570067,-27.009701
0.635888,10.095219,-27.014046
-0.652767,10.263827,-27.023698
-1.889440,10.299739,-27.012532
-3.017874,10.230980,-27.011369
-4.085363,10.060273,-27.015692
-5.136373,9.811426,-27.012215
-6.142721,9.553201,-27.020033
-7.142145,9.155147,-27.027515
-8.084042,8.527679,-27.015966
-9.070383,7.970448,-27.010937
-9.941396,7.178058,-27.011985
-10.732552,6.277961,-27.016249
-11.475470,5.176392,-27.017314
-11.931805,3.968014,-27.013241
-12.513294,2.606878,-27.020751
-13.040841,1.031520,-27.014908
-11.744045,-0.066976,-27.017053
-10.246422,-0.764110,-27.021447
-9.332181,-1.544504,-27.018895
-7.737499,-1.540963,-27.010237
-7.187930,-2.496164,-27.021877
-6.211667,-2.960702,-27.018540
-5.197305,-3.150921,-27.014643
-4.180415,-3.239149,-27.016922
-3.123069,-3.335745,-27.027280
-2.165553,-2.849954,-27.017868
-1.424230,-2.061289,-27.007093
-0.646884,-1.671027,-27.022958
1.167453,-2.386776,-27.010486
1.935942,-1.555794,-27.015148
2.270199,-0.394919,-27.027544
3.338572,0.349326,-27.018090
4.072813,1.345301,-27.011177
4.249161,2.612062,-27.014039
4.498993,3.840917,-27.015504
4.827602,5.213991,-27.015444
2.494834,5.757729,-30.767737
2.227115,6.785453,-30.760653
0.947117,7.104227,-30.765134
0.093376,7.553347,-30.765840
-0.720656,7.929406,-30.771228
-1.607332,8.037205,-30.775800
-2.414300,8.068907,-30.769258
-3.215194,8.022767,-30.771371
-3.942880,7.918634,-30.776988
-4.661544,7.770163,-30.772364
-5.350381,7.525800,-30.766117
-5.964510,7.192042,-30.762201
-6.567602,6.763530,-30.759079
-7.250963,6.423766,-30.770618
-7.965761,5.981696,-30.778845
-8.416194,5.293419,-30.773074
-8.764403,4.528682,-30.771431
-9.569258,3.767038,-30.762667
-10.140478,2.796333,-30.770773
-10.537448,1.629395,-30.769253
-9.843654,0.729001,-30.762145
-8.532020,0.285946,-30.764561
-7.794138,-0.272943,-30.763044
-6.597992,-0.213954,-30.764904
-6.124163,-0.820617,-30.773211
-5.478021,-1.172629,-30.762394
-4.716051,-1.294050,-30.772563
-3.989324,-1.360203,-30.763183
-3.282438,-1.419581,-30.764239
-2.586033,-1.070388,-30.765257
-2.024690,-0.587064,-30.766272
-1.398102,-0.402043,-30.773112
-0.144210,-0.860276,-30.766326
0.426742,-0.226096,-30.775389
0.879910,0.456521,-30.773417
1.437000,1.145363,-30.766227
1.723132,1.935937,-30.764203
1.906850,2.782632,-30.766949
2.122582,3.668038,-30.771316
2.337024,4.644420,-30.773012
-3.868530,2.341770,-34.518697
