7.187897,31.958711,30.956004
1.939460,31.672722,30.956004
-2.959470,30.409171,30.956004
-7.435933,28.542073,30.956004
-11.510194,26.304520,30.956003
-15.215508,23.846996,30.956003
-18.566371,21.243382,30.956003
-21.880559,18.281042,30.956003
-24.976353,15.088427,30.956003
-27.663802,11.543876,30.956003
-29.467561,7.239383,30.956003
-29.754019,2.623616,30.956003
-29.230854,-1.814496,30.956003
-28.897792,-6.237890,30.956003
-28.979350,-11.088882,30.956003
-28.915394,-16.553111,30.956003
-27.412049,-21.811687,30.956004
-24.052054,-26.100888,30.956004
-19.423876,-29.036901,30.956004
-14.308333,-30.932488,30.956004
-9.188681,-32.114787,30.956004
-3.978213,-32.798342,30.956004
1.071945,-32.939437,30.956004
6.304746,-32.440720,30.956004
11.396323,-31.135012,30.956003
16.146509,-28.878480,30.956003
20.324062,-25.687993,30.956003
23.848619,-21.785548,30.956003
26.624720,-17.562625,30.956003
28.900595,-12.825312,30.956003
30.517729,-8.037850,30.956003
31.555419,-3.091851,30.956003
31.951719,2.148901,30.956003
31.566059,7.391721,30.956003
30.318249,12.499070,30.956004
28.175432,17.301788,30.956004
25.240937,21.652225,30.956004
21.446191,25.628742,30.956004
17.158206,28.782302,30.956004
12.650513,31.801245,27.709996
7.244356,32.518972,27.714681
2.001477,31.920094,27.707959
-3.027892,30.399294,27.705666
-7.446099,28.389894,27.713946
-11.509679,26.131191,27.713409
-15.175849,23.986546,27.705695
-18.839470,21.470134,27.699411
-22.216566,18.572201,27.701384
-25.279586,15.346359,27.705869
-27.956178,11.541236,27.703861
-29.646604,7.191368,27.707485
-29.967545,2.772276,27.708408
-29.540168,-1.874993,27.707388
-29.115992,-6.296897,27.706042
-28.656428,-10.924115,27.700297
-27.884345,-15.920113,27.706666
-26.022694,-20.855510,27.712019
-22.837877,-24.756854,27.707164
-18.498449,-27.767230,27.699399
-13.939118,-29.939019,27.698092
-9.121572,-31.471462,27.702158
-3.948581,-32.417618,27.708079
1.100220,-32.656876,27.709698
6.136125,-32.197850,27.706343
11.243265,-30.943878,27.703359
16.065894,-28.844418,27.706202
20.421480,-25.898396,27.709975
24.218966,-22.257937,27.713096
27.410390,-18.079484,27.709224
30.038763,-13.291849,27.701202
31.840424,-8.350348,27.703004
32.817198,-3.185644,27.704633
33.022924,2.073625,27.705078
32.398718,7.496149,27.703207
30.836017,12.731187,27.700788
28.505138,17.448791,27.705034
25.420611,21.930228,27.702334
21.864080,25.897202,27.698936
17.557922,29.439207,27.702772
12.674505,31.939796,24.456700
7.261988,32.536730,24.452852
2.027377,31.848445,24.458063
-2.989055,30.308471,24.460982
-7.419906,28.333300,24.453843
-11.354205,26.266953,24.451463
-15.280694,24.178089,24.459411
-19.016273,21.777807,24.457025
-22.410483,18.900817,24.449343
-25.555052,15.479222,24.454443
-28.111782,11.595898,24.459021
-29.736257,7.226573,24.461756
-30.108435,2.609482,24.460017
-29.786640,-1.838370,24.453788
-29.258140,-6.449873,24.451834
-28.427606,-10.817528,24.459902
-27.118436,-15.486324,24.459970
-25.060589,-19.892494,24.452039
-21.838736,-23.762651,24.454477
-17.964613,-26.707475,24.463824
-13.566059,-29.183989,24.462786
-8.851316,-31.001396,24.455795
-3.917557,-32.097430,24.454599
1.124153,-32.416907,24.451964
6.157974,-31.970373,24.453021
11.267121,-30.737796,24.459127
16.124392,-28.730846,24.456497
20.577284,-25.940711,24.453560
24.533475,-22.478348,24.451714
28.031631,-18.291199,24.453885
30.732004,-13.780018,24.459244
32.733629,-8.700294,24.460234
33.749381,-3.340578,24.456270
33.821095,2.323885,24.457676
32.978972,7.714227,24.457346
31.221863,12.883669,24.449014
28.753362,17.527096,24.449242
25.604995,21.956180,24.455227
21.894864,26.066087,24.459872
17.753261,29.501697,24.460100
12.479701,31.516580,21.202100
7.280686,32.106106,21.210839
1.856768,31.478461,21.204877
-2.989611,30.119484,21.199994
-7.475458,28.310813,21.208061
-11.476052,26.404997,21.210251
-15.442881,24.418996,21.212949
-19.347105,21.933606,21.211238
-22.699700,19.025327,21.209011
-25.755380,15.541650,21.210494
-28.196013,11.599636,21.207857
-29.760140,7.224780,21.211146
-30.192460,2.623316,21.213610
-29.949684,-1.816187,21.207193
-29.357062,-6.406409,21.202065
-28.193398,-10.894073,21.210141
-26.520962,-15.215684,21.207368
-24.267275,-19.274476,21.207344
-21.142209,-22.952390,21.211581
-17.391553,-26.020738,21.210714
-13.299688,-28.593500,21.205942
-8.873556,-30.546353,21.205232
-3.992483,-31.802496,21.202357
1.029710,-32.202173,21.203561
6.051919,-31.786053,21.205023
11.153783,-30.586462,21.201944
16.026977,-28.659515,21.200624
20.538537,-25.994661,21.198858
24.741751,-22.535597,21.206818
28.230561,-18.625969,21.214049
31.260690,-13.862339,21.208373
33.330784,-8.826058,21.201857
34.392177,-3.283765,21.210305
34.384048,2.162805,21.210934
33.387190,7.718353,21.207619
31.526042,12.833932,21.213330
28.760413,17.755367,21.206912
25.517257,22.102537,21.204483
21.854768,25.941081,21.203804
17.447201,29.320690,21.200477
12.133211,30.700081,17.953219
6.961180,31.354884,17.952540
1.954696,30.997245,17.950450
-2.938416,29.916200,17.954095
-7.495148,28.373013,17.962694
-11.556874,26.658360,17.963149
-15.701903,24.630828,17.958545
-19.397706,22.233326,17.953704
-22.845240,19.164447,17.949779
-25.809109,15.633047,17.948290
-28.154369,11.661420,17.951294
-29.685897,7.302606,17.954962
-30.199737,2.730962,17.960588
-30.017011,-1.888422,17.959359
-29.362653,-6.446188,17.954617
-27.998852,-10.853332,17.959649
-26.140558,-14.852906,17.955186
-23.694975,-18.766132,17.949413
-20.695099,-22.260780,17.950058
-17.073664,-25.436583,17.956171
-13.104014,-28.151422,17.961880
-8.754705,-30.213065,17.962610
-3.920434,-31.546948,17.962511
1.072551,-31.982224,17.962750
6.069588,-31.571573,17.959733
11.144965,-30.377219,17.953087
15.820146,-28.568174,17.950228
20.521633,-25.885770,17.954800
24.616843,-22.656825,17.953420
28.440330,-18.546539,17.949183
31.424143,-14.026056,17.953506
33.629814,-8.859887,17.960990
34.727503,-3.350993,17.956657
34.666210,2.264100,17.948934
33.560326,7.773571,17.951594
31.542044,13.012452,17.959915
28.803658,17.683168,17.955423
25.499702,21.963092,17.952845
21.579285,25.751219,17.953737
17.187458,28.701990,17.953707
11.718206,29.698101,14.707192
6.795561,30.478252,14.702200
1.823973,30.440735,14.707942
-2.902971,29.732282,14.710368
-7.514843,28.491472,14.704671
-11.797937,26.877936,14.711630
-15.728099,24.940916,14.713370
-19.520323,22.382276,14.712296
-22.883388,19.271602,14.712451
-25.753192,15.705248,14.710645
-28.014389,11.723658,14.706349
-29.567587,7.199845,14.703369
-30.123150,2.663741,14.704059
-29.991687,-1.922585,14.706786
-29.289781,-6.440523,14.710246
-27.805657,-10.774024,14.713600
-25.787851,-14.659919,14.712356
-23.213921,-18.447458,14.705034
-20.206243,-21.893520,14.703109
-16.833985,-24.995224,14.705474
-12.969228,-27.798119,14.704848
-8.676451,-29.897673,14.707174
-3.887372,-31.262760,14.703713
1.066538,-31.720023,14.700064
6.028410,-31.316642,14.700259
11.065965,-30.126394,14.702042
15.708233,-28.332942,14.703516
20.391162,-25.696892,14.704310
24.490181,-22.534618,14.700497
28.340562,-18.504759,14.703104
31.364009,-14.058188,14.711255
33.677482,-8.766524,14.706458
34.789103,-3.299118,14.708424
34.698795,2.272213,14.707549
33.540082,7.732897,14.701067
31.495121,12.916638,14.700656
28.734647,17.525809,14.708463
25.252455,21.887549,14.711369
21.369489,25.312360,14.710522
16.662399,27.999337,14.710072
11.331383,28.751567,11.458374
6.484988,29.716432,11.454061
1.770242,30.005034,11.451050
-2.952371,29.622579,11.455796
-7.391593,28.692557,11.460984
-11.868447,27.155135,11.450756
-15.908189,25.089775,11.451166
-19.595450,22.447676,11.458035
-22.856108,19.292100,11.457504
-25.731841,15.532797,11.452127
-27.880980,11.537157,11.455262
-29.325240,7.232351,11.453149
-29.947594,2.744464,11.449061
-29.874821,-1.798955,11.452843
-29.160907,-6.274518,11.459606
-27.637935,-10.549877,11.457441
-25.452447,-14.524090,11.458607
-22.813840,-18.214616,11.462398
-19.955708,-21.474552,11.458306
-16.673281,-24.611075,11.453544
-12.897072,-27.459012,11.459524
-8.462011,-29.616459,11.462057
-3.903043,-30.908082,11.457793
1.002811,-31.378246,11.457654
5.920364,-30.985600,11.461257
10.910462,-29.801397,11.461284
15.507074,-28.016287,11.458522
20.151461,-25.411957,11.456095
24.229282,-22.300446,11.452274
28.075544,-18.337081,11.451916
31.108326,-13.956830,11.457995
33.438681,-8.730383,11.462825
34.574329,-3.318765,11.462085
34.491233,2.200205,11.455831
33.268948,7.798459,11.455310
31.288423,12.740363,11.461894
28.418986,17.453878,11.458099
25.025580,21.584686,11.460191
20.913227,24.923163,11.464392
16.293345,27.196309,11.462801
11.074601,28.114507,8.212437
6.520036,29.236527,8.204111
1.691684,29.816347,8.201317
-2.990339,29.658921,8.202828
-7.596075,28.829806,8.203599
-11.848093,27.398449,8.207244
-15.970720,25.186090,8.211609
-19.543841,22.471912,8.215650
-22.824394,19.135180,8.209127
-25.472436,15.515394,8.198816
-27.627472,11.361384,8.211040
-29.022939,7.096677,8.213644
-29.675989,2.662681,8.202631
-29.633205,-1.826953,8.200415
-28.890121,-6.247209,8.208313
-27.344186,-10.459109,8.205565
-25.137801,-14.362604,8.207873
-22.608518,-17.827493,8.205860
-19.659682,-21.201724,8.202022
-16.443742,-24.333552,8.200124
-12.715574,-27.154558,8.201332
-8.489903,-29.168922,8.210982
-3.788017,-30.474995,8.212438
1.063464,-30.916364,8.207978
5.923699,-30.509023,8.205400
10.664796,-29.372388,8.207894
15.382708,-27.516991,8.212435
19.796461,-25.023376,8.207124
23.833731,-21.955269,8.202170
27.651970,-18.052391,8.203315
30.669328,-13.735358,8.207132
32.926434,-8.760474,8.210865
34.114551,-3.225949,8.212623
34.029821,2.230684,8.206956
32.868791,7.575788,8.204190
30.832969,12.640172,8.210624
27.971666,17.285473,8.210079
24.689778,21.180374,8.210481
20.569640,24.399187,8.213691
15.787121,26.624612,8.215590
10.953911,27.810210,4.957789
6.510138,29.075327,4.952717
1.772404,29.809001,4.956326
-2.843451,29.780355,4.957206
-7.581423,28.984222,4.952963
-11.939933,27.470342,4.960470
-15.942012,25.182674,4.957551
-19.531225,22.281794,4.959040
-22.674056,18.908709,4.963320
-25.203424,15.284419,4.956491
-27.187253,11.335148,4.949215
-28.610491,6.948115,4.950866
-29.290070,2.581918,4.951975
-29.270113,-1.839666,4.953411
-28.507881,-6.192168,4.957272
-26.972471,-10.337641,4.955347
-24.793249,-14.181525,4.949878
-22.287507,-17.585133,4.948593
-19.390142,-20.918904,4.949112
-16.229773,-24.012901,4.949729
-12.522993,-26.749709,4.953804
-8.328124,-28.668396,4.958041
-3.869365,-29.865008,4.950460
0.910901,-30.303540,4.953348
5.701250,-29.917236,4.962540
10.374071,-28.801759,4.958178
15.018495,-26.961662,4.949394
19.363517,-24.496582,4.958582
23.338390,-21.469379,4.956966
26.976877,-17.770374,4.950901
30.074773,-13.369545,4.957382
32.288373,-8.462251,4.959515
33.406877,-3.194767,4.958253
33.345651,2.185131,4.954164
32.222191,7.453876,4.954385
30.209877,12.443182,4.957898
27.494452,16.861780,4.951214
24.098686,20.804666,4.956470
20.012626,23.961456,4.964949
15.526517,26.179640,4.963725
10.892466,27.661894,1.710334
6.388762,29.068173,1.709338
1.744036,29.839200,1.704244
-2.971460,29.827064,1.704259
-7.613827,29.003412,1.711437
-11.863079,27.440444,1.712192
-15.889190,24.995268,1.711229
-19.331176,22.052784,1.712098
-22.339543,18.675630,1.706768
-24.760334,15.078164,1.697351
-26.738861,11.009670,1.702242
-28.059663,6.880088,1.711535
-28.770126,2.601450,1.712815
-28.782569,-1.734084,1.708947
-28.030422,-6.005175,1.705567
-26.547357,-10.080211,1.701827
-24.447481,-13.873485,1.704565
-21.881431,-17.365372,1.707725
-19.049622,-20.649296,1.703762
-15.932589,-23.663136,1.701614
-12.216517,-26.242022,1.708232
-8.065211,-28.043606,1.709858
-3.674948,-29.149908,1.707246
0.831977,-29.526285,1.710400
5.530650,-29.142640,1.708366
10.114112,-28.043824,1.698881
14.494558,-26.304628,1.700095
18.754847,-23.882347,1.698657
22.655686,-20.913034,1.704412
26.229154,-17.288794,1.708943
29.267803,-12.970031,1.701805
31.369232,-8.329777,1.698631
32.473179,-3.165933,1.704024
32.444913,2.116383,1.706642
31.374649,7.287863,1.702641
29.480739,12.014628,1.700735
26.732213,16.522241,1.706915
23.502555,20.213840,1.709899
19.536793,23.399514,1.709850
15.263692,25.823903,1.710138
10.811027,27.485710,-1.538516
6.450277,28.950139,-1.543219
1.734775,29.752559,-1.540908
-2.864383,29.734735,-1.541488
-7.565509,28.842657,-1.551336
-11.843569,27.147988,-1.552491
-15.707027,24.657429,-1.543284
-18.997128,21.708774,-1.542213
-21.868795,18.357794,-1.546354
-24.273628,14.656007,-1.542915
-26.084476,10.832653,-1.538034
-27.371962,6.803776,-1.536421
-28.118797,2.450394,-1.541522
-28.130591,-1.777926,-1.546214
-27.374166,-5.942340,-1.544708
-25.937780,-9.921776,-1.542854
-23.921440,-13.641823,-1.546658
-21.420512,-17.047780,-1.545111
-18.798231,-20.137504,-1.542991
-15.606128,-23.174902,-1.541207
-12.041070,-25.462145,-1.538866
-7.976044,-27.183228,-1.542966
-3.686892,-28.232552,-1.540069
0.897926,-28.573543,-1.546443
5.298044,-28.199631,-1.545458
9.771208,-27.134173,-1.536608
14.039386,-25.422143,-1.548580
18.185657,-23.039692,-1.542146
21.974832,-20.121199,-1.541547
25.321777,-16.704910,-1.545425
28.194558,-12.650790,-1.542501
30.322809,-7.956815,-1.544302
31.337155,-3.095033,-1.540436
31.334868,2.063094,-1.537610
30.320485,7.110505,-1.541380
28.462016,11.720556,-1.546793
25.881862,15.968515,-1.547812
22.602494,19.688580,-1.542758
18.943172,22.791265,-1.537425
15.099642,25.349426,-1.535965
10.636445,27.111419,-4.797677
6.268979,28.652605,-4.796715
1.691052,29.418642,-4.798073
-2.941026,29.362158,-4.800935
-7.481734,28.418301,-4.800007
-11.592113,26.689403,-4.795886
-15.295338,24.213554,-4.790907
-18.564809,21.181748,-4.786281
-21.290214,17.886335,-4.790055
-23.573121,14.268989,-4.796904
-25.303080,10.552577,-4.788590
-26.587986,6.474351,-4.794672
-27.291353,2.432032,-4.799740
-27.325965,-1.663948,-4.797440
-26.602478,-5.701393,-4.799368
-25.245618,-9.569461,-4.801600
-23.353776,-13.208957,-4.789025
-20.947862,-16.517342,-4.788456
-18.305701,-19.669105,-4.794483
-15.176554,-22.557069,-4.793555
-11.618862,-24.618024,-4.791282
-7.657485,-26.229246,-4.792332
-3.489848,-27.187856,-4.787388
0.780609,-27.460807,-4.795031
5.042028,-27.087308,-4.803188
9.376185,-26.052004,-4.795808
13.509466,-24.386678,-4.789403
17.363621,-22.151717,-4.796288
21.033862,-19.320473,-4.794016
24.275814,-16.010373,-4.787390
27.051066,-12.074882,-4.789830
29.034886,-7.685813,-4.793971
30.003422,-2.974503,-4.796478
30.017815,2.027595,-4.792385
29.106333,6.747251,-4.792195
27.314958,11.220057,-4.799247
24.828839,15.346867,-4.794746
21.789886,18.827239,-4.788865
18.342760,21.964268,-4.788961
14.647305,24.808308,-4.793844
10.308745,26.398716,-8.039695
6.143663,27.950476,-8.043473
1.743930,28.711212,-8.041133
-2.874366,28.655651,-8.035135
-7.227930,27.707590,-8.037584
-11.303239,25.910160,-8.046610
-14.959820,23.372085,-8.038547
-18.046069,20.404541,-8.040022
-20.610855,17.194716,-8.046910
-22.762364,13.694729,-8.042063
-24.393266,10.110857,-8.042336
-25.615798,6.189531,-8.045960
-26.290732,2.306957,-8.050051
-26.326898,-1.627847,-8.044949
-25.640074,-5.506938,-8.037512
-24.357688,-9.229620,-8.044677
-22.584530,-12.749926,-8.040814
-20.282624,-15.929835,-8.041204
-17.754421,-18.975229,-8.040489
-14.730388,-21.712784,-8.038992
-11.237149,-23.567856,-8.044930
-7.418464,-25.081103,-8.046045
-3.408489,-25.962476,-8.043200
0.697438,-26.188899,-8.040873
4.788612,-25.815578,-8.038518
8.785232,-24.859567,-8.040588
12.755770,-23.260641,-8.049767
16.457782,-21.113355,-8.045122
19.978252,-18.387726,-8.040778
23.083070,-15.199327,-8.041708
25.652042,-11.559622,-8.040230
27.567356,-7.347768,-8.037342
28.481246,-2.820856,-8.044712
28.514514,1.815506,-8.045762
27.681644,6.354484,-8.038176
25.968362,10.654895,-8.036895
23.579491,14.619442,-8.045359
20.663957,17.960967,-8.046539
17.429929,21.068143,-8.041981
14.168317,23.896234,-8.039129
9.933809,25.187068,-11.301496
5.866300,26.806875,-11.295733
1.525638,27.578554,-11.287920
-2.859094,27.515970,-11.291032
-6.987944,26.583108,-11.300586
-10.840939,24.835782,-11.300691
-14.298811,22.402503,-11.302660
-17.218474,19.571958,-11.295447
-19.734022,16.378866,-11.286149
-21.748385,13.036697,-11.289459
-23.280045,9.624936,-11.292978
-24.437066,5.898733,-11.295170
-25.074989,2.211262,-11.295700
-25.117485,-1.526958,-11.294780
-24.447700,-5.372085,-11.293589
-23.235160,-8.910303,-11.295094
-21.571338,-12.264650,-11.299710
-19.385803,-15.283377,-11.294857
-16.979272,-18.177892,-11.295962
-14.069195,-20.725145,-11.303428
-10.702011,-22.399661,-11.299909
-7.061866,-23.801156,-11.289441
-3.242459,-24.585649,-11.286310
0.660712,-24.746348,-11.292278
4.542746,-24.357320,-11.299624
8.334441,-23.430801,-11.299987
11.952956,-21.967419,-11.293659
15.463271,-19.918301,-11.290601
18.799436,-17.318675,-11.286306
21.632041,-14.404531,-11.289813
24.158182,-10.808689,-11.297581
25.901375,-6.952178,-11.290962
26.763376,-2.652058,-11.288594
26.792397,1.753036,-11.291095
25.987481,6.059633,-11.294025
24.331691,10.134488,-11.296634
22.136109,13.755173,-11.297270
19.357620,16.917838,-11.292859
16.449628,19.806913,-11.291831
13.348032,22.743592,-11.297659
9.237599,23.679059,-14.535998
5.453114,25.247303,-14.547637
1.383911,26.001466,-14.543808
-2.722054,25.976859,-14.539733
-6.593830,25.110157,-14.549662
-10.333960,23.391404,-14.541288
-13.565254,21.096968,-14.537004
-16.286151,18.430859,-14.541559
-18.624448,15.422872,-14.542896
-20.504038,12.286702,-14.538081
-21.935236,9.088109,-14.539616
-23.022061,5.596384,-14.542839
-23.614572,2.142036,-14.543145
-23.661717,-1.515047,-14.540417
-23.094151,-4.972441,-14.540114
-21.984062,-8.296704,-14.543003
-20.394061,-11.595140,-14.536929
-18.358948,-14.431653,-14.548098
-16.090583,-17.134802,-14.547029
-13.341187,-19.494839,-14.538779
-10.028716,-21.091292,-14.545721
-6.747584,-22.315549,-14.539311
-3.160936,-23.009823,-14.539562
0.497918,-23.124187,-14.542592
4.134318,-22.746055,-14.540156
7.686205,-21.875130,-14.538412
11.072283,-20.492165,-14.544044
14.352587,-18.556266,-14.547263
17.351742,-16.205917,-14.550884
20.111433,-13.364474,-14.546117
22.392205,-10.121100,-14.538201
24.069111,-6.360759,-14.544521
24.824201,-2.474777,-14.546175
24.838940,1.652673,-14.548127
24.060716,5.683031,-14.546132
22.554464,9.355968,-14.538521
20.485515,12.743655,-14.540898
17.834760,15.661985,-14.548167
15.121996,18.384939,-14.547760
12.437095,21.154612,-14.539288
8.369863,21.792045,-17.786281
4.912793,23.289717,-17.793972
1.163230,24.006317,-17.802234
-2.617617,24.019019,-17.797451
-6.188609,23.244149,-17.788485
-9.625263,21.645060,-17.798759
-12.606977,19.536000,-17.794174
-15.118092,17.088522,-17.793791
-17.270510,14.315638,-17.797200
-19.005977,11.430047,-17.789712
-20.375422,8.353940,-17.798802
-21.373313,5.135509,-17.796283
-21.899271,1.953333,-17.789170
-21.946102,-1.417845,-17.788241
-21.467006,-4.607005,-17.793100
-20.455654,-7.672828,-17.800961
-19.018686,-10.723667,-17.796086
-17.188430,-13.369072,-17.798094
-14.982302,-15.938737,-17.802379
-12.400337,-18.065137,-17.798235
-9.359979,-19.548056,-17.791215
-6.324788,-20.640339,-17.790544
-3.010564,-21.224885,-17.796710
0.359930,-21.289206,-17.791183
3.706209,-20.915008,-17.789071
6.973826,-20.097367,-17.797628
10.088504,-18.814287,-17.800611
13.101418,-17.017314,-17.800867
15.853705,-14.839795,-17.801666
18.382558,-12.210314,-17.797534
20.465527,-9.210581,-17.794264
21.943459,-5.871223,-17.800677
22.657016,-2.151929,-17.800232
22.634107,1.508082,-17.799022
21.913620,5.077670,-17.795498
20.450943,8.581222,-17.790092
18.588842,11.565476,-17.795343
16.074557,14.183132,-17.797004
13.660641,16.571413,-17.792572
11.195128,19.333095,-17.787138
7.420957,19.431993,-21.051553
4.365861,20.875584,-21.040742
0.992392,21.571978,-21.042719
-2.406059,21.638314,-21.052129
-5.749300,20.940179,-21.049929
-8.734332,19.567965,-21.042838
-11.524589,17.603029,-21.047651
-13.785953,15.401321,-21.050900
-15.725531,12.908314,-21.044575
-17.286878,10.310986,-21.038976
-18.523557,7.544905,-21.038235
-19.421783,4.647122,-21.037372
-19.867010,1.781618,-21.040675
-19.916647,-1.254902,-21.045206
-19.558496,-4.133066,-21.045687
-18.625087,-7.017855,-21.048835
-17.345408,-9.767955,-21.049535
-15.749321,-12.188961,-21.047462
-13.733371,-14.463086,-21.046034
-11.361635,-16.337236,-21.048962
-8.660098,-17.724874,-21.048748
-5.798399,-18.720981,-21.039581
-2.803835,-19.183095,-21.047193
0.228588,-19.185521,-21.046592
3.237672,-18.821362,-21.039165
6.175614,-18.077566,-21.038646
8.973011,-16.908946,-21.042451
11.674543,-15.275056,-21.043432
14.138950,-13.300104,-21.046633
16.320370,-11.017694,-21.046490
18.199397,-8.321774,-21.041074
19.542100,-5.322431,-21.038175
20.197408,-1.975802,-21.040923
20.127346,1.314561,-21.046599
19.366892,4.633394,-21.045982
18.114410,7.538826,-21.039121
16.335862,10.311490,-21.038737
14.056129,12.471826,-21.045395
11.846898,14.571848,-21.052574
9.813574,17.055249,-21.055643
6.159230,16.715487,-24.296097
3.637354,17.971471,-24.297993
0.705121,18.620637,-24.300530
-2.242347,18.752808,-24.297407
-5.157792,18.193475,-24.291000
-7.752159,17.004355,-24.295436
-10.103661,15.380004,-24.294406
-12.168580,13.414723,-24.288470
-13.855927,11.249147,-24.290126
-15.210386,8.990749,-24.298505
-16.288975,6.589526,-24.298631
-17.075931,4.071601,-24.294921
-17.446582,1.471610,-24.296212
-17.494780,-1.059475,-24.295585
-17.261444,-3.676646,-24.289471
-16.462711,-6.188529,-24.292025
-15.373289,-8.586147,-24.291026
-13.996784,-10.837326,-24.293325
-12.189315,-12.739857,-24.297092
-10.065791,-14.313495,-24.296999
-7.777309,-15.608399,-24.293495
-5.167838,-16.460557,-24.289247
-2.554820,-16.797314,-24.287749
0.077148,-16.736108,-24.292577
2.688168,-16.379614,-24.295718
5.236245,-15.717946,-24.297622
7.661669,-14.689224,-24.299725
10.003166,-13.259320,-24.292830
12.136946,-11.534077,-24.290064
14.020516,-9.538437,-24.292769
15.634599,-7.184248,-24.296241
16.788761,-4.572546,-24.296190
17.356906,-1.771394,-24.291059
17.215371,1.188257,-24.291115
16.468479,3.942836,-24.296091
15.338157,6.447785,-24.296791
13.814954,8.744090,-24.290427
11.742126,10.520801,-24.291061
9.784846,12.286937,-24.295175
8.178428,14.437071,-24.296100
4.754138,13.285720,-27.544064
2.681804,14.443914,-27.542991
0.375878,15.007021,-27.540408
-2.024060,15.202229,-27.538744
-4.331842,14.828989,-27.540761
-6.546085,13.850214,-27.546130
-8.474696,12.530588,-27.548343
-10.110284,11.001322,-27.548894
-11.507069,9.245356,-27.547230
-12.682470,7.336171,-27.539889
-13.561815,5.374213,-27.543369
-14.200555,3.312536,-27.544847
-14.464895,1.275453,-27.545004
-14.507297,-0.883074,-27.544524
-14.437112,-3.028241,-27.540566
-13.813790,-5.090509,-27.548261
-12.954636,-7.059351,-27.547800
-11.913440,-9.072217,-27.539958
-10.316789,-10.587130,-27.541273
-8.509864,-11.796213,-27.547522
-6.649815,-13.022242,-27.547381
-4.491469,-13.657436,-27.546051
-2.258558,-13.863896,-27.548456
-0.110945,-13.758051,-27.540450
2.018715,-13.436086,-27.541356
4.096512,-12.878471,-27.547467
6.074548,-12.028850,-27.544349
7.979888,-10.846637,-27.539960
9.709632,-9.420481,-27.545721
11.241210,-7.780758,-27.548147
12.556399,-5.857020,-27.542907
13.502234,-3.722233,-27.540230
13.970714,-1.429240,-27.545414
13.731058,0.971765,-27.543127
13.025451,3.107761,-27.541994
12.059282,5.133060,-27.546416
10.753466,6.969689,-27.544395
8.946088,8.287550,-27.541919
7.437087,9.532538,-27.541840
6.198191,11.341652,-27.543016
2.836970,8.850955,-30.797310
1.471898,9.797506,-30.795723
-0.029096,10.227068,-30.793187
-1.710915,10.493706,-30.792723
-3.356982,10.336502,-30.795315
-4.890848,9.729746,-30.792189
-6.267045,8.812224,-30.792734
-7.439028,7.745251,-30.795460
-8.441807,6.515778,-30.790684
-9.242900,5.220282,-30.793492
-9.878491,3.838355,-30.792134
-10.334303,2.381231,-30.794393
-10.501920,0.872661,-30.796653
-10.512076,-0.650902,-30.790748
-10.625748,-2.167676,-30.796976
-10.238041,-3.706225,-30.796348
-9.652087,-5.169328,-30.793545
-9.098058,-6.722326,-30.791661
-7.743535,-7.700843,-30.792315
-6.373983,-8.505476,-30.794227
-5.127110,-9.554856,-30.793363
-3.553853,-9.898612,-30.792189
-1.909228,-9.947433,-30.794826
-0.395491,-9.796115,-30.790021
1.107335,-9.543573,-30.794119
2.637685,-9.128349,-30.793498
4.028824,-8.510508,-30.791182
5.361391,-7.648766,-30.797855
6.532714,-6.676408,-30.798551
7.661773,-5.469555,-30.794252
8.544486,-4.159828,-30.792978
9.228747,-2.647261,-30.795805
9.583400,-1.025781,-30.796629
9.227103,0.628078,-30.793920
8.547531,2.150048,-30.791429
7.842203,3.499109,-30.790686
6.873215,4.686625,-30.790462
5.525119,5.411041,-30.791797
4.406560,6.171931,-30.794015
3.668272,7.375745,-30.796145
-1.786013,-0.551623,-34.043996
5.329153,20.193761,30.956004
1.750386,20.385775,30.956004
-1.664266,19.671612,30.956004
-4.776662,18.365367,30.956004
-7.660100,16.611604,30.956004
-10.049814,14.702128,30.956004
-12.171325,12.499379,30.956004
-13.882014,10.090023,30.956004
-15.090673,7.511424,30.956004
-15.719384,4.839867,30.956004
-15.800308,2.097894,30.956004
-15.434297,-0.407905,30.956004
-14.700328,-2.830243,30.956004
-13.790016,-4.849195,30.956004
-12.653480,-6.749680,30.956004
-11.375883,-8.427612,30.956004
-9.995834,-9.880045,30.956004
-8.461774,-11.168676,30.956004
-6.874717,-12.209979,30.956004
-5.071602,-13.083122,30.956004
-3.262010,-13.657293,30.956004
-1.387976,-13.957898,30.956004
0.509980,-13.990672,30.956004
2.396371,-13.780729,30.956004
4.245546,-13.352858,30.956004
6.136152,-12.690421,30.956004
7.947024,-11.833569,30.956004
9.837927,-10.681438,30.956004
11.593217,-9.331362,30.956004
13.261516,-7.719336,30.956004
14.845254,-5.744979,30.956004
16.223006,-3.373457,30.956004
17.188120,-0.692970,30.956004
17.615392,2.122938,30.956004
17.490918,5.181305,30.956004
16.815441,8.273072,30.956004
15.606714,11.306489,30.956004
13.849361,14.220089,30.956004
11.519400,16.859007,30.956004
9.626992,21.174178,28.209743
5.723090,21.667175,28.201819
1.975205,21.720640,28.205173
-1.663123,20.391458,28.212431
-4.750481,18.250272,28.211308
-7.588350,16.449771,28.204891
-9.986800,14.422250,28.202018
-11.892657,12.097937,28.208361
-13.701051,9.938906,28.207937
-15.293127,7.697319,28.200296
-15.765163,4.825948,28.204819
-15.857002,2.122391,28.207721
-15.387572,-0.469733,28.209907
-14.654138,-2.810775,28.210040
-14.015676,-4.918724,28.205338
-12.911483,-6.831668,28.200130
-11.323406,-8.372541,28.200343
-9.698806,-9.644875,28.206873
-8.414429,-11.080716,28.211471
-6.874551,-12.361072,28.209221
-4.529937,-11.645071,28.206515
-3.162501,-13.333855,28.204649
-1.352166,-14.016406,28.206451
0.556551,-14.167761,28.207124
2.606987,-14.775291,28.204459
4.648384,-14.118113,28.203957
6.590427,-13.353962,28.207411
8.443574,-12.402568,28.206877
10.276747,-11.166804,28.203094
12.064428,-9.686433,28.200566
13.768826,-7.943761,28.201506
15.359916,-5.798438,28.204163
16.714498,-3.490759,28.205162
18.471901,-0.668186,28.205710
20.888911,2.911318,28.202724
22.071570,7.006996,28.201644
20.837459,10.666813,28.209944
19.989757,15.017684,28.206647
17.728657,18.583068,28.204841
13.728738,20.325618,28.210137
10.005069,22.038469,25.456103
5.869779,22.210152,25.459473
2.010981,22.087683,25.460651
-1.672541,20.450306,25.460316
-4.749489,17.935610,25.458579
-7.421701,16.176838,25.457223
-9.755977,14.147739,25.458078
-11.546699,11.792003,25.453540
-13.378693,9.732698,25.455070
-15.205637,7.617600,25.462398
-15.637347,4.789764,25.455551
-15.816797,2.136375,25.453121
-15.428760,-0.395613,25.451479
-14.786721,-2.820084,25.454092
-14.373871,-5.033704,25.461189
-13.311683,-7.029184,25.456685
-11.651485,-8.565413,25.452659
-9.982225,-9.859267,25.453629
-8.683747,-11.510899,25.452848
-7.225602,-12.909018,25.451621
-4.801702,-12.331512,25.461215
-3.430575,-14.108385,25.454468
-1.444812,-15.005603,25.449713
0.528514,-15.139095,25.457205
2.858759,-15.775351,25.459299
4.939202,-15.087618,25.450162
7.019831,-14.211678,25.458696
9.097514,-13.077225,25.457680
10.899682,-11.717765,25.459514
12.735523,-10.028485,25.461255
14.410283,-8.186550,25.456149
15.880972,-6.027422,25.457830
17.368509,-3.454133,25.451234
19.044697,-0.621359,25.454688
21.157179,2.932532,25.460622
22.224094,7.081608,25.455011
21.137541,10.870727,25.460953
20.303388,15.167580,25.458604
18.047650,19.026739,25.453129
14.232988,21.090625,25.453287
9.874582,21.701895,22.701494
5.785589,21.864160,22.706074
1.857314,21.572757,22.708414
-1.659152,19.938679,22.709353
-4.622659,17.559356,22.705706
-7.235754,15.784909,22.701310
-9.520984,13.760228,22.707810
-11.271839,11.417737,22.704826
-13.090475,9.398625,22.700814
-14.868907,7.435756,22.702878
-15.395865,4.664790,22.700254
-15.712385,2.063189,22.706529
-15.488205,-0.460279,22.705041
-15.078132,-2.782242,22.699463
-14.864927,-5.112983,22.702460
-13.909248,-7.256932,22.704426
-12.325143,-8.994149,22.701130
-10.709108,-10.502522,22.702764
-9.395929,-12.213542,22.707035
-7.796993,-13.835537,22.705994
-5.563152,-14.162044,22.705430
-3.807412,-15.732473,22.703833
-1.649791,-16.495538,22.708394
0.657412,-16.585211,22.710475
3.057203,-16.806830,22.704602
5.434330,-16.067982,22.702319
7.582852,-15.132202,22.707994
9.718312,-13.910674,22.708598
11.621310,-12.354324,22.706612
13.435396,-10.514323,22.708655
15.159729,-8.449314,22.708493
16.569953,-6.150050,22.701117
17.956377,-3.564673,22.707841
19.304840,-0.591966,22.709754
20.563879,2.865961,22.706308
21.001525,6.545694,22.709888
19.982962,10.168457,22.711470
18.846262,14.010806,22.710709
16.844369,17.596925,22.706868
13.673579,20.261294,22.702283
9.348416,20.457985,19.952655
5.538371,20.789406,19.959123
1.796181,20.400294,19.960537
-1.590100,19.028362,19.958136
-4.501170,17.079340,19.953506
-7.065692,15.296453,19.950660
-9.308980,13.278696,19.958524
-11.004652,11.084040,19.960630
-12.763678,9.058599,19.959409
-14.393724,7.138139,19.959213
-15.077870,4.561040,19.954478
-15.567210,2.029643,19.953173
-15.619521,-0.487004,19.956454
-15.482873,-2.813822,19.957887
-15.426473,-5.241003,19.955599
-14.640914,-7.544337,19.956493
-13.312138,-9.590543,19.958035
-11.793334,-11.484002,19.957150
-10.319664,-13.284133,19.958261
-8.607229,-14.999003,19.959992
-6.511180,-16.233977,19.952623
-4.244815,-17.440395,19.954634
-1.796745,-18.033720,19.959458
0.773963,-18.076763,19.958600
3.301444,-17.827102,19.955431
5.761204,-17.146245,19.953531
8.202923,-16.080614,19.950609
10.395995,-14.772477,19.953844
12.407529,-13.036305,19.957994
14.208338,-11.060945,19.955511
15.895042,-8.858158,19.952992
17.288766,-6.317558,19.959943
18.573521,-3.586733,19.956974
19.431280,-0.590273,19.955903
19.781846,2.650288,19.960467
19.562692,5.996542,19.961641
18.559413,9.329651,19.957234
17.081023,12.581563,19.957163
15.157036,15.751817,19.956125
12.699204,18.553429,19.952519
8.579844,18.686274,17.210711
5.145642,19.263507,17.202579
1.693182,18.835788,17.209540
-1.526469,17.876271,17.207108
-4.451458,16.504091,17.200126
-6.905950,14.760536,17.206135
-8.977001,12.904875,17.203568
-10.759280,10.790538,17.205230
-12.360841,8.799069,17.206215
-13.857678,6.756499,17.203518
-14.742316,4.370801,17.209501
-15.403787,2.022224,17.211001
-15.790531,-0.360746,17.206922
-15.983303,-2.908637,17.205082
-16.027574,-5.446010,17.206872
-15.448830,-7.922974,17.202397
-14.505477,-10.293340,17.200784
-13.139324,-12.573463,17.205228
-11.362922,-14.546238,17.209359
-9.370513,-16.321364,17.209745
-7.272237,-17.964703,17.209661
-4.656131,-18.810053,17.204508
-1.893686,-19.330102,17.203921
0.846181,-19.362338,17.203118
3.586998,-18.811054,17.203050
6.158815,-18.155931,17.209392
8.707224,-17.060387,17.206207
11.082541,-15.611435,17.201083
13.238529,-13.698605,17.200219
15.049135,-11.583890,17.204602
16.688269,-9.209219,17.210707
18.009340,-6.507510,17.211436
19.094041,-3.695507,17.206320
19.573325,-0.616855,17.204600
19.287356,2.494889,17.209733
18.544849,5.654144,17.211439
17.556149,8.738332,17.202260
15.899438,11.489202,17.202314
13.828901,14.247583,17.208921
11.541373,16.800774,17.213640
7.759071,16.818549,14.456691
4.717737,17.680146,14.460277
1.528095,17.258096,14.455329
-1.486244,16.719608,14.451250
-4.255446,15.999244,14.453615
-6.648663,14.310354,14.455857
-8.747556,12.459285,14.451787
-10.572416,10.514276,14.456671
-12.085813,8.450162,14.461635
-13.331097,6.349769,14.457403
-14.383789,4.275990,14.453685
-15.259829,1.999496,14.453256
-16.004469,-0.449409,14.454480
-16.527412,-2.953214,14.454970
-16.648270,-5.508748,14.453512
-16.308387,-8.276250,14.451055
-15.722806,-11.013962,14.456424
-14.482461,-13.639851,14.456457
-12.468358,-15.725510,14.453394
-10.142341,-17.492527,14.457002
-7.817664,-19.253004,14.457353
-4.894870,-19.829766,14.454248
-1.978801,-20.292360,14.453528
0.871081,-20.368874,14.456515
3.738997,-19.732982,14.455918
6.559266,-19.063799,14.450084
9.234682,-17.929865,14.453755
11.708452,-16.391270,14.460650
13.957965,-14.381264,14.458456
15.877853,-12.038483,14.453583
17.473236,-9.474532,14.455380
18.679294,-6.701920,14.456431
19.556741,-3.683542,14.453410
19.735988,-0.544701,14.450104
19.049188,2.510514,14.452031
18.025212,5.363438,14.455327
17.018313,8.338991,14.453242
15.149776,10.979507,14.454126
12.987087,13.145106,14.455007
10.481652,15.225789,14.454706
7.113323,15.354297,11.709424
4.353560,16.425308,11.712482
1.378894,16.090172,11.705470
-1.357397,15.817413,11.707153
-4.195990,15.420853,11.709118
-6.544926,13.785972,11.700185
-8.517169,12.106451,11.708608
-10.400345,10.324580,11.706144
-11.776087,8.294608,11.701457
-12.825681,6.057281,11.707158
-14.126352,4.097328,11.705086
-15.160552,1.998027,11.704092
-16.203788,-0.383561,11.708184
-17.052209,-2.928875,11.709638
-17.222841,-5.637967,11.703409
-17.123057,-8.571842,11.700221
-16.789206,-11.621426,11.705956
-15.552880,-14.539497,11.711401
-13.372629,-16.669593,11.707662
-10.697282,-18.408453,11.703343
-8.121932,-20.063470,11.709679
-5.011321,-20.468825,11.706170
-2.068763,-20.871506,11.704190
0.938526,-21.035067,11.709181
3.970824,-20.482352,11.709434
6.827898,-19.829878,11.703036
9.653934,-18.669776,11.707016
12.348631,-16.985313,11.702744
14.606734,-14.931214,11.703777
16.499456,-12.528722,11.706667
18.087545,-9.781489,11.704767
19.250236,-6.828459,11.710327
19.887322,-3.721433,11.704900
19.886888,-0.532873,11.707077
19.049152,2.510037,11.709246
17.861089,5.334021,11.705458
16.746512,8.303969,11.707776
14.890051,10.729527,11.703310
12.468317,12.576998,11.700354
9.804579,14.028315,11.703619
6.845689,14.755063,8.952653
4.174086,15.790583,8.954410
1.384273,15.622611,8.957864
-1.384197,15.349155,8.960757
-4.029021,14.919521,8.958673
-6.357248,13.438271,8.953171
-8.390786,11.801147,8.955504
-10.314294,10.161998,8.956766
-11.622691,8.087120,8.957800
-12.449692,5.857041,8.960910
-13.950075,4.012303,8.960573
-15.154290,1.980001,8.957631
-16.413956,-0.337083,8.958559
-17.520576,-2.917588,8.958965
-17.717814,-5.785492,8.952577
-17.804512,-8.870322,8.953256
-17.499117,-12.070877,8.956622
-16.201284,-15.012373,8.959106
-13.772925,-17.259424,8.960089
-10.978153,-18.875693,8.959714
-8.278560,-20.384647,8.960010
-5.122271,-20.746440,8.961918
-2.034306,-21.089560,8.955557
1.024308,-21.355456,8.949682
3.989985,-21.046984,8.953530
7.114961,-20.340742,8.959569
9.982469,-19.192771,8.956925
12.716330,-17.509957,8.953469
15.073730,-15.337195,8.954400
17.004443,-12.775253,8.958315
18.541200,-9.957259,8.957946
19.640021,-6.942864,8.950875
20.082970,-3.772883,8.953008
19.986061,-0.546736,8.951981
19.170764,2.532228,8.954080
17.952820,5.381220,8.959120
16.769209,8.232086,8.953201
14.879134,10.686164,8.952032
12.259118,12.476025,8.952949
9.535096,13.637272,8.952569
6.919908,14.935398,6.202450
4.143148,15.664304,6.205488
1.413060,15.660434,6.210170
-1.327900,15.254267,6.212453
-3.953067,14.482496,6.208583
-6.245532,13.183699,6.202782
-8.245680,11.690775,6.204634
-10.266225,10.110831,6.208084
-11.564294,8.039227,6.207330
-12.299003,5.762033,6.204451
-13.922240,4.006082,6.204143
-15.292297,1.922049,6.202535
-16.676294,-0.350819,6.202905
-17.904864,-3.001553,6.207057
-18.092215,-5.898534,6.209934
-18.285141,-8.999672,6.209162
-17.796221,-12.302529,6.204924
-16.296106,-15.188057,6.207488
-13.904528,-17.317439,6.207424
-11.059196,-18.880783,6.200680
-8.177941,-20.335278,6.202918
-5.114230,-20.707510,6.202145
-2.006803,-20.975667,6.203355
0.957758,-21.344626,6.204137
4.059217,-21.303645,6.205296
7.210600,-20.593694,6.210928
10.109191,-19.474345,6.208782
12.979653,-17.751198,6.202728
15.324282,-15.538235,6.205898
17.220714,-12.925386,6.207154
18.740864,-10.076848,6.200760
19.801669,-7.027319,6.203941
20.127236,-3.705824,6.207811
19.982419,-0.585101,6.210221
19.279265,2.544285,6.206857
18.130357,5.442091,6.202927
16.824038,8.259062,6.207687
14.922477,10.721990,6.205877
12.463081,12.597801,6.202056
9.656193,13.945377,6.201182
7.119107,15.387991,3.459188
4.279951,15.752071,3.460428
1.392133,15.900413,3.454861
-1.377567,15.342419,3.456068
-3.915739,14.225248,3.458402
-6.258962,13.054345,3.450066
-8.307235,11.638711,3.448391
-10.276547,10.183315,3.457101
-11.647685,8.169570,3.458402
-12.478511,5.800791,3.450188
-14.134144,4.073710,3.457984
-15.517668,2.004220,3.461498
-16.894304,-0.275017,3.454068
-18.138963,-3.039529,3.451505
-18.308807,-5.937779,3.461012
-18.505746,-9.159511,3.459635
-17.752172,-12.271190,3.458138
-16.111108,-14.953392,3.457507
-13.711612,-17.062971,3.458449
-10.867786,-18.619245,3.461975
-8.059479,-19.943803,3.461087
-5.005973,-20.410069,3.454391
-2.018455,-20.617801,3.454768
0.940811,-21.041476,3.457186
4.022578,-21.214136,3.457757
7.178712,-20.504197,3.460177
10.085640,-19.415416,3.456492
12.880929,-17.804824,3.457446
15.308916,-15.514986,3.456065
17.182775,-12.886016,3.451950
18.699505,-10.040369,3.451108
19.728255,-6.982713,3.450765
19.999120,-3.777336,3.450819
19.819165,-0.548394,3.451469
19.251907,2.494578,3.456693
18.178237,5.540201,3.459517
16.754939,8.298334,3.452316
14.859650,10.748560,3.457325
12.616749,12.772989,3.461799
10.044044,14.367907,3.460207
7.244885,15.669646,0.704158
4.299890,15.838111,0.700716
1.425732,16.100311,0.706397
-1.374826,15.516990,0.707754
-3.948441,14.216738,0.705141
-6.208161,13.214406,0.707879
-8.389381,11.832359,0.706305
-10.427647,10.342667,0.705508
-11.928641,8.431577,0.709359
-12.989544,6.178928,0.710586
-14.604875,4.292567,0.701976
-15.943131,2.087862,0.706142
-17.163387,-0.243219,0.711032
-18.176861,-2.962591,0.706893
-18.339668,-5.938155,0.705296
-18.427398,-9.134395,0.710085
-17.450698,-12.012576,0.706667
-15.652889,-14.557356,0.707677
-13.265912,-16.631339,0.713616
-10.570942,-18.132227,0.711794
-7.759808,-19.366331,0.705460
-4.865383,-19.915685,0.704159
-2.031999,-20.110752,0.703751
0.899655,-20.492247,0.700590
3.941612,-20.713037,0.702383
6.951286,-20.036985,0.711571
9.836480,-18.985063,0.708784
12.619520,-17.425460,0.704857
14.973915,-15.280965,0.706495
16.872064,-12.712167,0.704674
18.387607,-9.906136,0.700412
19.395840,-6.878615,0.705337
19.682641,-3.705517,0.701461
19.484970,-0.638419,0.703272
18.961032,2.509137,0.710187
18.031436,5.433275,0.709237
16.540840,8.121214,0.701444
14.690762,10.554124,0.699709
12.592322,12.740007,0.702566
10.176240,14.574643,0.705307
7.197910,15.561662,-2.041279
4.197669,15.743983,-2.038889
1.397637,16.075398,-2.039252
-1.374232,15.646158,-2.045728
-3.946508,14.488909,-2.050399
-6.394756,13.474629,-2.045631
-8.575493,12.177350,-2.038540
-10.606765,10.629517,-2.043388
-12.391154,8.831640,-2.048043
-13.911561,6.787821,-2.041937
-15.312457,4.664828,-2.039717
-16.488011,2.287999,-2.041377
-17.419317,-0.214445,-2.042133
-18.026907,-3.022703,-2.040339
-18.169266,-5.919982,-2.041267
-18.062676,-8.934640,-2.049335
-16.891758,-11.670091,-2.051146
-15.004085,-14.054685,-2.047691
-12.748500,-16.014988,-2.047581
-10.138569,-17.519420,-2.048319
-7.466204,-18.616775,-2.042562
-4.766682,-19.257035,-2.044355
-1.891179,-19.509519,-2.039530
0.878649,-19.745078,-2.041768
3.752703,-19.814235,-2.050075
6.581270,-19.180017,-2.044960
9.409704,-18.162333,-2.047425
12.039678,-16.713082,-2.044684
14.364848,-14.803240,-2.038977
16.347480,-12.395181,-2.040155
17.844820,-9.653588,-2.046546
18.829514,-6.691285,-2.047063
19.160396,-3.702735,-2.043273
18.933415,-0.594458,-2.041679
18.438205,2.380140,-2.042629
17.573378,5.247794,-2.045996
16.049087,7.843717,-2.049524
14.252686,10.234504,-2.040469
12.281686,12.467857,-2.035230
10.009242,14.396065,-2.038295
7.000017,15.107999,-4.792531
4.098535,15.427247,-4.796499
1.402474,15.780360,-4.799472
-1.352755,15.609967,-4.795325
-4.047658,14.737681,-4.789270
-6.439653,13.784663,-4.790657
-8.790270,12.464541,-4.795103
-10.781250,10.838174,-4.790799
-12.816250,9.218713,-4.790523
-14.905244,7.392514,-4.797727
-16.038480,4.946528,-4.790118
-17.004257,2.403798,-4.789376
-17.522440,-0.206712,-4.792224
-17.658737,-3.019742,-4.792651
-17.786585,-5.821057,-4.791833
-17.428252,-8.725776,-4.789776
-16.076061,-11.292108,-4.794126
-14.227252,-13.427004,-4.792811
-12.122846,-15.274100,-4.789566
-9.726267,-16.730716,-4.791808
-7.107364,-17.732757,-4.789626
-4.513441,-18.473884,-4.789212
-1.849334,-18.789141,-4.793797
0.850905,-18.814186,-4.798400
3.529805,-18.619211,-4.798946
6.159044,-18.025745,-4.796148
8.800305,-17.078100,-4.791145
11.250496,-15.727356,-4.790072
13.642849,-14.033047,-4.791145
15.647236,-11.936094,-4.788723
17.066657,-9.374434,-4.788790
18.038620,-6.506344,-4.799470
18.408532,-3.609492,-4.798547
18.191054,-0.708490,-4.795438
17.696546,2.180658,-4.796876
16.856098,4.959155,-4.796498
15.328699,7.451508,-4.792120
13.661102,9.691593,-4.797019
11.809380,11.899597,-4.799206
9.677557,13.843665,-4.795137
6.671383,14.344487,-7.544926
4.024539,14.852313,-7.545694
1.345354,15.212652,-7.548503
-1.341670,15.274264,-7.547437
-3.989146,14.773168,-7.544738
-6.496206,13.784709,-7.545268
-8.777264,12.546343,-7.541751
-10.819382,10.811423,-7.544216
-12.993417,9.354236,-7.545223
-15.465972,7.768475,-7.538651
-16.368208,5.100194,-7.540074
-17.175213,2.461907,-7.544729
-17.318114,-0.257179,-7.548331
-17.080880,-2.960419,-7.547782
-17.175780,-5.649359,-7.546200
-16.553195,-8.386825,-7.549094
-15.154569,-10.687758,-7.543687
-13.329621,-12.671451,-7.538138
-11.309280,-14.464118,-7.537419
-9.137641,-15.851963,-7.539606
-6.696467,-16.704389,-7.543776
-4.245048,-17.544812,-7.538347
-1.807672,-17.940785,-7.544128
0.774815,-17.733181,-7.546222
3.205678,-17.259641,-7.537806
5.622255,-16.715256,-7.540379
8.053253,-15.829365,-7.547941
10.305354,-14.575699,-7.548500
12.649938,-13.205358,-7.546740
14.736126,-11.391444,-7.542793
16.123670,-8.929025,-7.538837
17.042677,-6.286222,-7.541609
17.416527,-3.508259,-7.538327
17.213895,-0.721390,-7.545184
16.744325,1.945152,-7.549579
15.888908,4.596650,-7.543384
14.444613,6.877237,-7.541302
12.854704,9.041510,-7.541860
11.112805,11.167560,-7.543103
9.107023,13.048178,-7.544236
6.221997,13.280675,-10.296609
3.786160,13.995051,-10.289091
1.276624,14.345998,-10.294800
-1.368779,14.519686,-10.295630
-3.871862,14.251264,-10.292139
-6.334173,13.284406,-10.297630
-8.580057,12.082475,-10.292320
-10.497709,10.447115,-10.289601
-12.659730,9.062353,-10.294049
-15.200476,7.575135,-10.295898
-16.009388,4.934185,-10.289004
-16.747484,2.317622,-10.290861
-16.682966,-0.320507,-10.293001
-16.274012,-2.845461,-10.294986
-16.302128,-5.477187,-10.297503
-15.484830,-7.879325,-10.288082
-14.040747,-9.979449,-10.294895
-12.285420,-11.792726,-10.295408
-10.472039,-13.440094,-10.288357
-8.481085,-14.814268,-10.290235
-6.158014,-15.547415,-10.288912
-3.997784,-16.432088,-10.298387
-1.718996,-16.930122,-10.293630
0.678363,-16.528461,-10.290845
2.895519,-15.808837,-10.298342
5.072774,-15.317526,-10.295663
7.261229,-14.505599,-10.296975
9.287955,-13.363476,-10.294308
11.588910,-12.240011,-10.287958
13.653037,-10.691002,-10.292680
14.941966,-8.462446,-10.298528
15.837192,-5.987476,-10.287696
16.157933,-3.372985,-10.297991
16.018950,-0.841082,-10.294206
15.579298,1.664057,-10.291661
14.678203,4.131499,-10.301124
13.352839,6.177716,-10.298113
11.867838,8.227482,-10.295340
10.314856,10.138915,-10.297059
8.461964,11.917976,-10.299728
5.650453,11.905917,-13.040796
3.495213,12.770287,-13.041545
1.121319,13.120671,-13.038555
-1.211493,13.260223,-13.042306
-3.592451,13.071643,-13.049538
-5.853804,12.214734,-13.045490
-7.999287,11.091867,-13.039654
-9.782450,9.640942,-13.043988
-11.792235,8.259936,-13.050425
-13.973795,6.800487,-13.049160
-14.861585,4.451819,-13.046948
-15.599949,2.079306,-13.042495
-15.560132,-0.421497,-13.039375
-15.167712,-2.826897,-13.039769
-15.116014,-5.224420,-13.043077
-14.075717,-7.393516,-13.049605
-12.639852,-9.241851,-13.047994
-11.070377,-10.787669,-13.045961
-9.421897,-12.314596,-13.048141
-7.736996,-13.588710,-13.049451
-5.590989,-14.188214,-13.045978
-3.685869,-15.135840,-13.037827
-1.536097,-15.712342,-13.044551
0.614937,-15.161314,-13.049567
2.564932,-14.319015,-13.046176
4.466189,-13.880687,-13.050228
6.458614,-13.120118,-13.050134
8.226170,-12.110202,-13.042440
10.375464,-11.187070,-13.037254
12.327243,-9.881289,-13.042403
13.552812,-7.862450,-13.047227
14.386094,-5.608342,-13.042804
14.629997,-3.216676,-13.043715
14.559168,-0.892823,-13.045903
14.144253,1.384055,-13.044836
13.242300,3.518208,-13.040928
11.969318,5.455231,-13.039829
10.670759,7.258634,-13.047382
9.251705,8.985784,-13.049788
7.571174,10.601387,-13.044762
4.932900,10.166947,-15.792110
3.027094,11.102786,-15.795494
0.947375,11.397341,-15.792090
-1.108796,11.430858,-15.791759
-3.198754,11.223500,-15.796004
-5.194422,10.499994,-15.795844
-7.015171,9.574929,-15.792799
-8.719285,8.342257,-15.792065
-10.378052,7.002452,-15.791731
-11.977352,5.517434,-15.789990
-12.998663,3.668201,-15.791320
-13.817161,1.579418,-15.791219
-13.897928,-0.558759,-15.793768
-13.635956,-2.688477,-15.795078
-13.522683,-4.871192,-15.789536
-12.442768,-6.675951,-15.788332
-11.097131,-8.245038,-15.788558
-9.637909,-9.627880,-15.788828
-8.261873,-10.930282,-15.792412
-6.784793,-12.174047,-15.795370
-4.873460,-12.620559,-15.788308
-3.283462,-13.583781,-15.795895
-1.433256,-14.218943,-15.800382
0.504031,-13.607386,-15.795054
2.141315,-12.725084,-15.793184
3.891046,-12.304655,-15.795924
5.553990,-11.638016,-15.796852
7.100255,-10.735561,-15.794200
9.008654,-9.982424,-15.790818
10.810678,-8.830528,-15.787715
11.884243,-7.144057,-15.789445
12.622729,-5.168721,-15.796433
12.774483,-3.064735,-15.792698
12.799280,-1.011717,-15.793317
12.411996,0.962795,-15.796969
11.481836,2.790250,-15.797715
10.367316,4.489129,-15.796773
9.238669,6.083158,-15.795466
7.988816,7.584910,-15.793140
6.578760,8.941740,-15.791114
3.965280,7.992202,-18.547793
2.470269,8.769079,-18.545962
0.753170,8.976517,-18.542491
-0.939232,8.886702,-18.543586
-2.659505,8.636172,-18.546553
-4.254142,8.105640,-18.545878
-5.755302,7.366796,-18.547647
-7.213051,6.494211,-18.543637
-8.414690,5.261990,-18.541190
-9.280391,3.816488,-18.547353
-10.420882,2.496774,-18.548848
-11.293610,0.974994,-18.548279
-11.548324,-0.805742,-18.545915
-11.482905,-2.570232,-18.543191
-11.329658,-4.373140,-18.544157
-10.313851,-5.847964,-18.547562
-9.144306,-7.093215,-18.548427
-7.915102,-8.205585,-18.546649
-6.793377,-9.292779,-18.545000
-5.660465,-10.411028,-18.545256
-4.058606,-10.686990,-18.546553
-2.798729,-11.635594,-18.543300
-1.280119,-12.335111,-18.540751
0.361792,-11.728317,-18.545104
1.760600,-10.841502,-18.546001
3.142065,-10.503976,-18.541018
4.502664,-9.928878,-18.544144
5.769166,-9.167369,-18.544449
7.347522,-8.566312,-18.541150
8.852494,-7.643389,-18.542071
9.821222,-6.221100,-18.546358
10.423802,-4.596312,-18.547173
10.468437,-2.855782,-18.544445
10.606172,-1.153237,-18.540432
10.211457,0.487095,-18.539975
9.288295,1.931639,-18.542068
8.423452,3.281541,-18.543118
7.498217,4.600227,-18.544685
6.464442,5.834717,-18.546451
5.308093,6.956391,-18.547714
2.714142,5.023304,-21.292159
1.571779,5.398813,-21.293394
0.423159,5.434290,-21.291242
-0.723160,5.314042,-21.292925
-1.858278,5.119449,-21.297007
-2.919535,4.817288,-21.295905
-3.956730,4.359941,-21.291977
-5.002619,3.865752,-21.291534
-5.796961,2.989371,-21.293371
-6.007692,1.784455,-21.292414
-6.922941,0.996705,-21.293280
-7.820031,0.059415,-21.294899
-8.152048,-1.110827,-21.294390
-8.245150,-2.353557,-21.292141
-8.103272,-3.601481,-21.291407
-7.444580,-4.695286,-21.292781
-6.572938,-5.609770,-21.292654
-5.694270,-6.340362,-21.291888
-4.877279,-7.087960,-21.293375
-4.181530,-8.016535,-21.295595
-2.983661,-8.146741,-21.294603
-2.100023,-8.973713,-21.295828
-0.993733,-9.699749,-21.295580
0.204210,-9.179914,-21.293482
1.216546,-8.416202,-21.291869
2.202672,-8.155887,-21.291760
3.198985,-7.684925,-21.295123
4.093914,-7.124827,-21.292505
5.225843,-6.712245,-21.290017
6.293084,-6.038676,-21.294109
7.048678,-4.998116,-21.295866
7.428312,-3.836583,-21.293123
7.377880,-2.586248,-21.294872
7.638939,-1.326425,-21.291300
7.154888,-0.183635,-21.291037
6.369666,0.785404,-21.291801
5.797462,1.770609,-21.290507
5.166165,2.676069,-21.290809
4.473472,3.554461,-21.290941
3.664014,4.381397,-21.291035
-0.215228,-2.396676,-24.043996
