18.340806,25.975119,28.574992
13.798086,28.106816,28.574992
8.920503,29.310933,28.574992
3.897755,29.393705,28.574992
-0.852445,28.450021,28.574992
-5.214432,26.805154,28.574992
-9.190640,24.735936,28.574992
-12.800972,22.396645,28.574992
-16.050906,19.859687,28.574992
-19.058883,17.040009,28.574992
-21.655291,14.071259,28.574992
-23.984164,10.667074,28.574992
-25.860631,6.795637,28.574992
-27.045394,2.844372,28.574992
-27.617282,-1.421289,28.574992
-27.504530,-5.723721,28.574992
-26.714137,-9.954577,28.574992
-25.179783,-14.167380,28.574992
-22.929004,-18.044820,28.574992
-20.109587,-21.299357,28.574992
-16.533718,-24.009438,28.574992
-12.427847,-25.813208,28.574992
-8.202961,-26.638965,28.574992
-3.897418,-26.684224,28.574992
0.013579,-26.172366,28.574992
4.012096,-25.166132,28.574992
7.552877,-23.886946,28.574992
10.967984,-22.302931,28.574992
14.390968,-20.344441,28.574992
17.489700,-18.206807,28.574992
20.665093,-15.576960,28.574992
23.572053,-12.652591,28.574992
26.362820,-9.144612,28.574992
28.845350,-4.987982,28.574992
30.694870,-0.319239,28.574992
31.624034,4.802701,28.574992
31.263141,9.996777,28.574992
29.512440,14.894762,28.574992
26.436654,19.356720,28.574992
23.166938,23.468570,25.569287
19.035071,26.745534,25.578918
14.437505,29.401395,25.579393
9.494399,31.251831,25.574728
4.242437,31.917552,25.575809
-1.022553,31.399735,25.575462
-5.747155,29.944703,25.576928
-10.043270,27.235190,25.573772
-13.774924,24.285388,25.576367
-17.261093,21.362965,25.580389
-20.167790,18.086622,25.573225
-22.483614,14.586856,25.569821
-24.254645,10.792669,25.568158
-25.773817,6.876358,25.574963
-26.962802,2.862082,25.578605
-27.474290,-1.488144,25.568404
-27.312722,-5.679214,25.567356
-26.462683,-9.976417,25.571551
-24.919421,-14.057257,25.578721
-22.762420,-17.903682,25.579189
-19.826139,-21.111160,25.573045
-15.934654,-23.134172,25.573149
-11.978587,-24.582064,25.569126
-7.890216,-25.419341,25.573219
-3.874813,-25.703990,25.577965
0.127685,-25.617939,25.573072
3.924536,-25.139990,25.570110
7.743771,-24.654313,25.573623
11.524875,-23.431960,25.579424
15.008520,-21.390484,25.578279
18.442884,-18.995604,25.570008
21.575838,-16.209437,25.570729
24.496666,-12.947608,25.578120
27.110571,-9.213072,25.579420
29.263370,-4.988729,25.575726
30.745475,-0.291804,25.576150
31.269121,4.619925,25.568727
30.530578,9.643995,25.572297
28.815849,14.512632,25.578599
26.396788,19.300143,25.572736
23.002660,23.231392,22.568874
18.944908,26.632698,22.577212
14.406827,29.454425,22.577764
9.518031,31.511062,22.576473
4.262332,32.358769,22.579454
-1.042477,31.959234,22.576662
-5.980801,30.489890,22.569842
-10.313431,27.784155,22.571841
-14.115376,24.882809,22.575601
-17.657909,21.992072,22.576450
-20.563399,18.681574,22.578560
-22.895322,14.944719,22.578318
-24.529804,10.869257,22.576588
-25.884079,6.868957,22.574917
-26.989310,2.807973,22.574212
-27.410572,-1.391730,22.573951
-27.198075,-5.602897,22.573861
-26.296398,-9.914444,22.579768
-24.781700,-13.831433,22.579893
-22.621262,-17.711487,22.573819
-19.671655,-20.927349,22.572381
-15.698532,-22.843863,22.577791
-11.741461,-24.351272,22.581156
-7.847653,-25.314445,22.572588
-3.828963,-25.809245,22.567642
0.009953,-25.926352,22.572820
4.025771,-25.591188,22.570824
8.081617,-25.349058,22.574028
12.075233,-24.190311,22.579518
15.578213,-22.110796,22.579722
19.008896,-19.676112,22.576488
22.234270,-16.686292,22.576911
25.061770,-13.310592,22.575671
27.532185,-9.450803,22.572273
29.488450,-5.103449,22.572753
30.715873,-0.306282,22.579468
30.936927,4.654449,22.581732
29.949937,9.474456,22.577096
28.144513,14.345478,22.570115
26.028592,18.905577,22.566563
22.302278,22.472023,19.575292
18.244937,25.832029,19.576302
13.850791,28.454101,19.572979
9.113330,30.320591,19.568417
4.073607,31.128751,19.569570
-1.020232,30.847649,19.574384
-5.797956,29.636837,19.573352
-10.155957,27.396034,19.571454
-14.122951,24.785373,19.571565
-17.729297,22.022919,19.572344
-20.700180,18.810634,19.573455
-23.169160,14.980108,19.576656
-24.808164,10.937390,19.581183
-26.085483,6.940351,19.580045
-27.068588,2.875889,19.575091
-27.413690,-1.484126,19.573476
-27.115959,-5.662160,19.574963
-26.200977,-9.753911,19.577171
-24.593897,-13.803916,19.572289
-22.412539,-17.628488,19.567452
-19.488090,-20.838029,19.569315
-15.808301,-22.856871,19.570125
-11.955059,-24.540046,19.573753
-7.958290,-25.725756,19.577976
-3.987888,-26.361867,19.579786
0.186141,-26.558857,19.579246
4.177768,-26.243316,19.577580
8.201634,-25.953434,19.575405
12.345245,-24.739784,19.574962
15.980830,-22.586276,19.578054
19.507492,-20.020554,19.580770
22.664198,-16.998777,19.575040
25.502074,-13.434505,19.568261
27.821473,-9.517024,19.570250
29.592662,-5.124234,19.574222
30.604800,-0.310375,19.568985
30.603646,4.617783,19.571393
29.488227,9.385434,19.576216
27.641507,13.991029,19.577586
25.355612,18.411937,19.576314
21.356970,21.485411,16.575162
17.400748,24.609081,16.572252
13.104107,26.875692,16.578268
8.650161,28.313589,16.577239
3.842363,29.012816,16.569769
-0.835233,28.929645,16.578560
-5.446827,28.126110,16.581016
-9.845356,26.550329,16.579706
-13.835797,24.461131,16.576313
-17.513789,21.878786,16.574559
-20.705044,18.705762,16.578766
-23.279868,15.014365,16.578085
-25.062029,11.086843,16.579125
-26.371318,6.965973,16.574834
-27.201636,2.916284,16.572111
-27.450542,-1.395821,16.578447
-27.058146,-5.695906,16.578396
-26.082838,-9.719380,16.579528
-24.455792,-13.713037,16.581935
-22.263297,-17.448619,16.576940
-19.428983,-20.692778,16.569126
-15.870419,-23.144942,16.574011
-12.176145,-25.028514,16.577929
-8.095083,-26.404824,16.572356
-4.014432,-27.148682,16.566811
0.112872,-27.345659,16.571791
4.231404,-26.974083,16.579949
8.347656,-26.401054,16.572756
12.418507,-25.050398,16.567187
16.165132,-22.862096,16.569960
19.632562,-20.297703,16.570237
22.856792,-17.162470,16.572558
25.610079,-13.602855,16.572641
27.902347,-9.525493,16.573004
29.529863,-5.137450,16.576965
30.394024,-0.355050,16.580488
30.266667,4.505459,16.577558
29.145429,9.227317,16.577394
27.198974,13.697162,16.579507
24.588005,17.832536,16.578472
20.514823,20.621244,13.569154
16.654054,23.517448,13.578115
12.462051,25.427692,13.574472
7.947779,26.508873,13.567936
3.531268,27.018393,13.570948
-0.918095,27.046085,13.572505
-5.164292,26.607989,13.574139
-9.525093,25.685489,13.578886
-13.648010,24.038473,13.576221
-17.380296,21.599753,13.571327
-20.657245,18.591249,13.576969
-23.252574,15.197150,13.575514
-25.304007,11.246717,13.572719
-26.624109,7.184537,13.570717
-27.361567,2.795256,13.574080
-27.482729,-1.474078,13.580199
-27.022286,-5.542431,13.574376
-25.949236,-9.676776,13.568414
-24.299736,-13.619111,13.570360
-22.082858,-17.268160,13.571623
-19.339763,-20.546102,13.570790
-16.141774,-23.380045,13.579162
-12.314048,-25.647318,13.581976
-8.305134,-27.132192,13.579523
-4.113201,-27.957201,13.576323
0.155598,-28.120816,13.576674
4.400776,-27.645538,13.580698
8.551682,-26.625607,13.571960
12.511343,-25.030393,13.568209
16.214861,-22.896834,13.573820
19.759983,-20.208731,13.575616
22.798909,-17.205568,13.574617
25.593181,-13.516057,13.578375
27.786910,-9.441074,13.581923
29.309039,-5.067614,13.580833
30.075910,-0.321447,13.579294
29.885964,4.478627,13.579348
28.804482,9.175222,13.579394
26.789414,13.521419,13.575694
23.882879,17.362467,13.569486
20.051743,20.153840,10.568120
16.325306,22.898467,10.576713
12.134930,24.718544,10.575932
7.786061,25.620425,10.570852
3.389486,26.047808,10.573509
-0.855523,26.094055,10.578346
-5.084154,25.790769,10.582023
-9.311988,25.249093,10.576797
-13.499404,23.908535,10.570173
-17.277511,21.571418,10.570664
-20.618805,18.679741,10.571873
-23.392933,15.237554,10.570279
-25.544614,11.364168,10.578882
-26.888732,7.159319,10.577136
-27.457953,2.945018,10.573528
-27.470837,-1.474948,10.581407
-26.881225,-5.679833,10.573555
-25.778185,-9.594991,10.576548
-24.094301,-13.498157,10.581804
-21.837176,-17.083434,10.577671
-19.160974,-20.387951,10.572370
-16.146392,-23.624436,10.575112
-12.631367,-25.990141,10.570807
-8.523534,-27.678248,10.567578
-4.206468,-28.587401,10.568618
0.223182,-28.701978,10.568620
4.434507,-28.125853,10.568297
8.581774,-26.625430,10.569257
12.429749,-24.803419,10.570690
16.115564,-22.714893,10.570288
19.482721,-20.123387,10.569982
22.617004,-17.001539,10.575440
25.265580,-13.460590,10.574372
27.414092,-9.392902,10.574188
28.888411,-5.033089,10.576743
29.626964,-0.312544,10.571146
29.472555,4.279375,10.569758
28.492417,8.978394,10.573371
26.423770,13.439375,10.573661
23.519453,17.010940,10.568789
19.937879,20.048320,7.574759
16.262694,22.822742,7.577348
12.126357,24.719732,7.579790
7.819157,25.706748,7.578248
3.445852,26.170685,7.572079
-0.779782,26.212106,7.571025
-5.162125,25.873879,7.577317
-9.375156,25.361953,7.575759
-13.713896,23.998643,7.573047
-17.476549,21.669749,7.577716
-20.806340,18.797587,7.580824
-23.566427,15.370892,7.578052
-25.711376,11.513698,7.573045
-27.035580,7.143726,7.574001
-27.476570,2.931348,7.578582
-27.365011,-1.466120,7.579256
-26.680979,-5.636568,7.575414
-25.515755,-9.514307,7.569836
-23.774724,-13.370114,7.575192
-21.466721,-16.899231,7.576451
-18.939768,-20.071225,7.569255
-16.110592,-23.446009,7.577346
-12.565746,-26.032779,7.576392
-8.513009,-27.817899,7.577905
-4.233030,-28.767252,7.577070
0.183126,-28.842606,7.570511
4.535953,-28.134964,7.577817
8.371750,-26.407643,7.581554
12.125773,-24.434573,7.580736
15.802265,-22.374811,7.576177
19.138278,-19.772970,7.569674
22.240443,-16.647931,7.572004
24.849681,-13.103802,7.578734
26.871552,-9.192434,7.579607
28.269482,-5.015370,7.573826
29.037528,-0.322547,7.571843
28.960832,4.250151,7.580438
28.076142,8.944760,7.576957
26.173008,13.264220,7.568125
23.346992,16.872096,7.569675
20.001364,20.129929,4.578099
16.433542,22.973236,4.569301
12.253590,25.117207,4.571301
7.871329,26.351588,4.576090
3.544851,26.934161,4.576211
-0.822003,26.998376,4.578518
-5.164363,26.588955,4.573180
-9.657242,25.836359,4.574646
-13.762297,24.402856,4.573109
-17.628301,21.988902,4.570491
-21.024839,18.978140,4.580830
-23.791392,15.377593,4.576572
-25.805485,11.491120,4.577524
-26.974646,7.292940,4.577587
-27.338478,2.932540,4.577103
-27.116154,-1.426146,4.579979
-26.352712,-5.548323,4.572340
-25.143988,-9.380956,4.573088
-23.335575,-13.164404,4.573431
-21.090677,-16.490879,4.570314
-18.476351,-19.773664,4.569632
-15.762377,-22.970095,4.571753
-12.408744,-25.467275,4.577733
-8.417869,-27.300400,4.575652
-4.178866,-28.277006,4.573424
0.203325,-28.331249,4.577490
4.341021,-27.601533,4.572608
8.273988,-25.747437,4.567297
11.823727,-23.838112,4.573243
15.458278,-21.771090,4.580152
18.615899,-19.278774,4.576617
21.563347,-16.295196,4.576593
24.148014,-12.776236,4.580144
26.072333,-9.050445,4.576759
27.520062,-4.743330,4.569472
28.284916,-0.442615,4.571502
28.350251,4.095702,4.573313
27.612081,8.770567,4.578180
25.873498,13.131390,4.583602
23.240663,16.847374,4.583620
20.105958,20.260377,1.575398
16.545464,23.267982,1.580047
12.528107,25.597163,1.582992
8.144007,27.159249,1.576057
3.734384,27.945521,1.568641
-0.914589,28.063108,1.577006
-5.359898,27.543413,1.574365
-9.883916,26.443752,1.578567
-14.007522,24.714148,1.577504
-17.764985,22.266305,1.570639
-21.161420,19.090994,1.578561
-23.770294,15.451361,1.579109
-25.672577,11.390083,1.571476
-26.723746,7.043265,1.573597
-26.976673,2.739388,1.578689
-26.669440,-1.380696,1.573908
-25.851061,-5.431512,1.570225
-24.618839,-9.199793,1.570246
-22.747686,-12.880620,1.576173
-20.477943,-16.127219,1.577620
-17.975074,-19.199744,1.573631
-15.261546,-22.086982,1.576979
-11.885465,-24.460318,1.577361
-8.092098,-26.139057,1.576582
-4.069217,-27.048565,1.574544
0.072648,-27.123246,1.572753
4.152868,-26.430268,1.577557
7.962914,-24.856134,1.578036
11.499979,-23.049980,1.574938
14.905760,-21.043503,1.576040
18.009740,-18.577359,1.579080
20.776878,-15.741719,1.571614
23.219248,-12.406884,1.571199
25.125460,-8.739130,1.572776
26.532271,-4.668151,1.568921
27.378448,-0.446209,1.569903
27.598972,4.026517,1.578670
27.045329,8.475942,1.577142
25.531760,12.870003,1.569878
23.095464,16.859263,1.570670
20.116806,20.300509,-1.423297
16.596875,23.442797,-1.420375
12.776231,25.920585,-1.419119
8.451353,27.797130,-1.423222
3.840085,28.811623,-1.428685
-0.875481,28.976506,-1.426957
-5.548010,28.310728,-1.423997
-9.869092,26.897405,-1.426253
-14.094364,24.790198,-1.423230
-17.832084,22.199357,-1.420822
-21.042199,18.973770,-1.429383
-23.457237,15.317619,-1.423790
-25.215944,11.118590,-1.420095
-26.107920,7.004138,-1.420367
-26.326848,2.794838,-1.421630
-25.968797,-1.400261,-1.423903
-25.122115,-5.353001,-1.424595
-23.879235,-9.029536,-1.429394
-22.048599,-12.434358,-1.426702
-19.787760,-15.589040,-1.425933
-17.287856,-18.546286,-1.432073
-14.412075,-21.144908,-1.428343
-11.123435,-23.194773,-1.425677
-7.522652,-24.636229,-1.420895
-3.726080,-25.412127,-1.423355
0.150581,-25.485025,-1.428624
3.816581,-24.928173,-1.419820
7.511486,-23.763288,-1.425703
10.880121,-22.213172,-1.428803
14.189743,-20.199567,-1.421935
17.220455,-17.784488,-1.420204
19.798504,-15.120861,-1.424679
22.181298,-11.853077,-1.426828
23.982531,-8.422319,-1.422229
25.405811,-4.457493,-1.421148
26.293775,-0.512932,-1.430715
26.682087,3.853908,-1.426531
26.291401,8.212125,-1.422090
25.006738,12.592278,-1.423707
22.913782,16.675036,-1.424413
19.858911,20.070167,-4.431374
16.526664,23.172992,-4.430449
12.641409,25.881244,-4.432198
8.394559,27.929050,-4.426495
3.794244,29.026122,-4.419485
-0.928910,29.148045,-4.429186
-5.584680,28.316978,-4.430638
-9.799032,26.597802,-4.424622
-13.759483,24.318705,-4.425006
-17.429960,21.621262,-4.428667
-20.438171,18.410183,-4.423848
-22.741577,14.663201,-4.420883
-24.270788,10.712519,-4.419921
-25.121604,6.565591,-4.425807
-25.326662,2.497625,-4.426818
-24.991344,-1.395110,-4.422455
-24.203846,-5.055793,-4.430146
-22.939793,-8.762253,-4.423584
-21.118605,-12.020632,-4.419028
-19.004288,-14.927347,-4.420027
-16.538374,-17.735963,-4.420739
-13.717256,-19.948721,-4.425777
-10.454348,-21.795665,-4.428101
-7.095115,-23.030581,-4.426037
-3.571538,-23.713644,-4.422647
0.007112,-23.819705,-4.423597
3.557450,-23.345849,-4.428681
7.052203,-22.518182,-4.421299
10.344181,-21.134926,-4.424645
13.382315,-19.218021,-4.429283
16.183599,-16.988146,-4.418825
18.773709,-14.283483,-4.426865
20.970852,-11.247395,-4.428216
22.725957,-7.939775,-4.427297
24.097095,-4.279106,-4.428448
25.056417,-0.490873,-4.419560
25.573292,3.717718,-4.417416
25.310452,7.931174,-4.424135
24.228622,12.224444,-4.431067
22.452729,16.305592,-4.432657
19.159327,19.390625,-7.423169
15.897694,22.449621,-7.421391
12.222949,25.045098,-7.422903
8.213849,27.028640,-7.421487
3.692245,28.083907,-7.420582
-0.946558,28.088770,-7.428727
-5.342330,27.161762,-7.424107
-9.387389,25.263175,-7.421001
-13.050788,22.936564,-7.422448
-16.365130,20.412222,-7.422651
-19.183282,17.330169,-7.423775
-21.361599,13.769272,-7.428613
-22.830364,10.029046,-7.430737
-23.689603,6.260601,-7.429687
-23.998754,2.409353,-7.429425
-23.753018,-1.291558,-7.428320
-23.003390,-4.923378,-7.423335
-21.841436,-8.289873,-7.429254
-20.122244,-11.387456,-7.431722
-18.032329,-14.280552,-7.425173
-15.746340,-16.782839,-7.420841
-12.828417,-18.818929,-7.424526
-9.807210,-20.389530,-7.426710
-6.596763,-21.488227,-7.421986
-3.395806,-22.072161,-7.421067
-0.001986,-22.186016,-7.428282
3.372938,-21.782702,-7.429698
6.572391,-21.167196,-7.420795
9.712375,-19.915784,-7.421036
12.578164,-18.057045,-7.425282
15.212095,-15.913305,-7.422462
17.542340,-13.438162,-7.430743
19.543978,-10.686858,-7.426027
21.252672,-7.571176,-7.421451
22.623197,-4.124389,-7.428696
23.620964,-0.552783,-7.429011
24.232682,3.426413,-7.427140
24.074888,7.579358,-7.428238
23.193140,11.535943,-7.429332
21.598775,15.627361,-7.426894
18.049108,18.087406,-10.429454
14.910147,21.019980,-10.424715
11.453906,23.367031,-10.423960
7.542159,25.146622,-10.425580
3.452501,25.949904,-10.423941
-0.852706,25.834511,-10.421079
-4.923653,24.904603,-10.424154
-8.615021,23.023013,-10.428431
-11.960657,20.770822,-10.426653
-15.015734,18.402187,-10.423458
-17.518759,15.629175,-10.426236
-19.533026,12.485669,-10.428238
-20.999835,9.057766,-10.427562
-21.915395,5.733203,-10.426864
-22.377127,2.177460,-10.427791
-22.255298,-1.266041,-10.426963
-21.611310,-4.649574,-10.421731
-20.478767,-7.906516,-10.423027
-18.907411,-10.799911,-10.425563
-16.991264,-13.505351,-10.429169
-14.702942,-15.865968,-10.430863
-12.027889,-17.552457,-10.423769
-9.185490,-18.940115,-10.418461
-6.189653,-19.911107,-10.416958
-3.068985,-20.442618,-10.423899
-0.061517,-20.549193,-10.432964
3.077461,-20.221921,-10.430130
6.059013,-19.700870,-10.424447
8.979103,-18.554879,-10.422624
11.629017,-16.808559,-10.422351
14.053447,-14.792297,-10.421479
16.202166,-12.479367,-10.426218
18.054341,-9.921095,-10.431458
19.673632,-7.044729,-10.427815
21.021499,-3.876020,-10.421536
22.020025,-0.580175,-10.427612
22.666817,3.102733,-10.429622
22.599359,6.961409,-10.429260
21.747170,10.923528,-10.430524
20.247853,14.715259,-10.431140
16.355300,16.406308,-13.429045
13.558859,18.943112,-13.431100
10.350148,20.949224,-13.425817
6.703324,22.343520,-13.419280
2.960951,22.863358,-13.420743
-0.808503,22.638137,-13.425113
-4.385016,21.845723,-13.421627
-7.604542,20.188199,-13.424299
-10.516348,18.187286,-13.429121
-13.204844,16.146278,-13.428009
-15.510612,13.662014,-13.426651
-17.382155,10.995367,-13.426237
-18.818371,8.079591,-13.420565
-19.889335,4.998826,-13.422410
-20.495032,1.937270,-13.428216
-20.516238,-1.320994,-13.427799
-19.985696,-4.401670,-13.428630
-18.958533,-7.353759,-13.427440
-17.543242,-10.136432,-13.428817
-15.855763,-12.624852,-13.428404
-13.731834,-14.722201,-13.427366
-11.138124,-16.227730,-13.432412
-8.409120,-17.473472,-13.429569
-5.674955,-18.303750,-13.423191
-2.840209,-18.763595,-13.419605
0.018083,-18.873660,-13.421255
2.740077,-18.617796,-13.426596
5.566169,-18.092228,-13.430783
8.205888,-17.015599,-13.428418
10.599177,-15.419520,-13.422718
12.775624,-13.561109,-13.421008
14.713407,-11.451387,-13.424366
16.400453,-9.135715,-13.425173
17.908973,-6.548121,-13.427225
19.208125,-3.706638,-13.430129
20.264894,-0.490637,-13.424310
20.883925,2.843967,-13.420555
20.843779,6.350999,-13.419314
20.032990,9.927235,-13.420289
18.549743,13.304816,-13.424297
14.273242,14.326695,-16.422146
11.829487,16.462497,-16.423436
8.908591,18.079864,-16.421540
5.680207,18.992597,-16.420866
2.459779,19.240117,-16.426660
-0.760590,18.987442,-16.430383
-3.724524,18.417713,-16.423395
-6.612136,17.029687,-16.426417
-9.032529,15.426421,-16.426431
-11.353058,13.729645,-16.420086
-13.353442,11.645431,-16.427386
-15.123303,9.363115,-16.428154
-16.478216,6.954925,-16.425452
-17.639607,4.304024,-16.421482
-18.396625,1.647453,-16.422499
-18.569818,-1.238845,-16.426034
-18.162366,-4.096656,-16.420838
-17.253650,-6.709801,-16.426215
-16.111325,-9.237851,-16.424922
-14.569587,-11.680004,-16.419857
-12.533927,-13.552881,-16.422255
-10.087475,-14.860044,-16.423290
-7.645736,-15.909484,-16.418920
-5.209494,-16.604888,-16.422415
-2.580214,-17.001739,-16.429821
-0.045576,-17.116840,-16.428028
2.486210,-16.920404,-16.419738
4.968535,-16.369108,-16.423793
7.296782,-15.363735,-16.422614
9.412869,-13.953147,-16.419107
11.403155,-12.197357,-16.426448
13.108833,-10.316140,-16.430365
14.609182,-8.268910,-16.429269
16.045367,-5.899192,-16.423987
17.268724,-3.415062,-16.418261
18.263480,-0.583671,-16.418126
18.841556,2.481166,-16.426912
18.785863,5.715162,-16.429816
17.961550,8.840589,-16.425247
16.423271,11.702500,-16.422478
12.040287,11.946433,-19.425916
9.881936,13.767658,-19.428170
7.399903,14.995941,-19.426581
4.638919,15.537161,-19.422126
1.949073,15.618669,-19.420581
-0.635998,15.403548,-19.421438
-3.207296,14.974237,-19.428254
-5.500906,14.035859,-19.427814
-7.653479,12.744637,-19.423058
-9.593229,11.352734,-19.423911
-11.286987,9.654360,-19.427241
-12.835079,7.822339,-19.426591
-14.107229,5.799715,-19.424390
-15.269172,3.581282,-19.423434
-16.123492,1.245845,-19.427001
-16.400650,-1.242916,-19.430166
-16.119403,-3.724480,-19.424482
-15.311486,-6.080456,-19.421085
-14.411514,-8.419306,-19.423409
-13.154516,-10.564550,-19.423495
-11.259832,-12.199653,-19.422754
-9.025335,-13.315057,-19.426692
-6.804425,-14.218549,-19.421414
-4.589565,-14.812407,-19.418580
-2.314695,-15.132240,-19.421223
-0.119909,-15.247961,-19.422135
2.172901,-15.100774,-19.419926
4.282986,-14.504790,-19.427493
6.368312,-13.525634,-19.425139
8.193417,-12.311510,-19.420961
9.893100,-10.764325,-19.427885
11.364906,-9.133245,-19.425522
12.721882,-7.283656,-19.426818
13.987979,-5.247726,-19.430672
15.103482,-3.128149,-19.429590
16.046794,-0.602153,-19.426195
16.543449,2.046433,-19.425533
16.469019,4.855928,-19.427545
15.608031,7.598741,-19.428567
14.036151,9.902698,-19.426848
9.766040,9.571586,-22.427849
7.994561,11.039429,-22.423252
5.902714,12.011945,-22.426834
3.634345,12.308656,-22.429438
1.461141,12.308276,-22.423718
-0.625208,12.127444,-22.427250
-2.621543,11.841255,-22.428239
-4.527924,11.226844,-22.429926
-6.317408,10.291292,-22.430696
-7.954839,9.131555,-22.427485
-9.337988,7.786749,-22.427074
-10.673464,6.280695,-22.429896
-11.794456,4.616268,-22.423306
-12.824062,2.880823,-22.418409
-13.663705,0.969899,-22.421889
-14.019412,-1.188400,-22.426685
-13.844941,-3.277990,-22.426103
-13.157912,-5.340101,-22.420283
-12.550624,-7.362326,-22.418150
-11.491672,-9.328344,-22.421128
-9.762131,-10.688986,-22.422520
-7.867591,-11.579327,-22.420620
-5.911672,-12.331352,-22.422655
-3.961856,-12.823352,-22.421505
-2.053411,-13.075042,-22.421626
-0.123710,-13.193327,-22.424243
1.803667,-13.095845,-22.423235
3.607691,-12.447270,-22.420705
5.331122,-11.553097,-22.422657
6.862215,-10.542369,-22.425980
8.275795,-9.226276,-22.425479
9.506024,-7.851777,-22.423117
10.648656,-6.302534,-22.420803
11.732250,-4.606329,-22.419348
12.747502,-2.774218,-22.420134
13.566000,-0.662836,-22.424025
13.972423,1.644433,-22.424411
13.849225,4.010922,-22.426007
13.054564,6.187559,-22.429665
11.516681,8.040419,-22.430428
7.418910,7.181928,-25.427897
6.041960,8.287815,-25.428688
4.449275,9.028613,-25.426945
2.703790,9.190047,-25.425887
1.045934,9.144621,-25.426284
-0.543337,9.001579,-25.429344
-2.058524,8.791446,-25.429271
-3.615483,8.430840,-25.427496
-5.017858,7.824997,-25.427212
-6.263454,6.934153,-25.427651
-7.374014,5.882151,-25.427783
-8.454708,4.706472,-25.428502
-9.335942,3.459414,-25.423709
-10.206309,2.115935,-25.422693
-10.968424,0.571056,-25.423029
-11.323464,-1.130281,-25.419750
-11.211744,-2.855319,-25.421231
-10.673825,-4.496033,-25.426038
-10.332089,-6.212809,-25.428114
-9.511982,-7.827983,-25.424873
-8.017692,-8.888942,-25.419290
-6.439686,-9.580878,-25.419406
-4.876448,-10.146437,-25.427670
-3.323587,-10.524973,-25.423091
-1.746631,-10.727371,-25.418058
-0.210818,-10.841294,-25.423687
1.387611,-10.785051,-25.429508
2.815652,-10.109026,-25.422044
4.154589,-9.336059,-25.421738
5.375075,-8.549583,-25.426083
6.484942,-7.489661,-25.424484
7.455835,-6.393333,-25.424980
8.359993,-5.162702,-25.427011
9.226625,-3.820781,-25.426998
10.059233,-2.381757,-25.424067
10.734072,-0.714564,-25.422962
11.034598,1.116483,-25.427988
10.899000,3.000230,-25.426071
10.220114,4.701752,-25.419384
8.897477,6.064841,-25.422404
4.813372,4.414466,-28.425639
3.879102,5.129232,-28.425740
2.856624,5.680591,-28.423043
1.698621,5.770223,-28.420846
0.556678,5.708442,-28.422850
-0.491471,5.607699,-28.422762
-1.484137,5.445520,-28.421591
-2.537700,5.321847,-28.422335
-3.533624,5.031459,-28.424153
-4.388088,4.397137,-28.423103
-5.160824,3.684866,-28.421726
-5.878126,2.913157,-28.426092
-6.499305,2.063670,-28.423472
-7.134491,1.163383,-28.422286
-7.684761,0.113467,-28.424404
-7.961294,-1.053751,-28.426533
-7.901710,-2.239281,-28.426862
-7.577239,-3.385211,-28.422734
-7.532813,-4.741253,-28.421374
-6.916367,-5.884242,-28.421300
-5.810188,-6.541643,-28.421778
-4.632858,-7.018081,-28.422065
-3.508824,-7.413710,-28.421162
-2.433276,-7.654390,-28.425992
-1.307259,-7.792475,-28.424122
-0.240223,-7.912693,-28.421385
0.858882,-7.890943,-28.427197
1.812570,-7.211341,-28.426630
2.697581,-6.620106,-28.422650
3.553576,-6.105111,-28.420363
4.274744,-5.394673,-28.421034
4.939444,-4.634864,-28.424243
5.564108,-3.790237,-28.426007
6.139383,-2.906439,-28.423985
6.728682,-1.925253,-28.421483
7.209338,-0.782809,-28.426140
7.416761,0.476478,-28.425617
7.307147,1.727210,-28.421402
6.817071,2.896593,-28.421225
5.851286,3.759127,-28.423573
-0.634014,-0.509578,-31.425008
9.545690,13.815889,28.574992
7.661215,15.148580,28.574992
5.501435,16.237012,28.574992
3.216081,17.026066,28.574992
0.850765,17.528424,28.574992
-1.776616,17.757428,28.574992
-4.412279,17.651096,28.574992
-7.117127,17.166508,28.574992
-9.815962,16.224920,28.574992
-12.382386,14.729614,28.574992
-14.528993,12.677654,28.574992
-16.151996,10.063022,28.574992
-17.123172,7.255546,28.574992
-17.607317,4.327940,28.574992
-17.679493,1.361831,28.574992
-17.391891,-1.590969,28.574991
-16.774271,-4.492726,28.574991
-15.836512,-7.307337,28.574991
-14.519636,-10.088074,28.574991
-12.761005,-12.746087,28.574991
-10.566698,-15.058183,28.574992
-7.959468,-16.892887,28.574992
-4.917869,-18.170295,28.574992
-1.773996,-18.703063,28.574992
1.515045,-18.457484,28.574992
4.549402,-17.477530,28.574992
7.226051,-15.957855,28.574992
9.502361,-14.053407,28.574992
11.356014,-11.878991,28.574992
12.790327,-9.535881,28.574992
13.802823,-7.219836,28.574992
14.504275,-4.906411,28.574992
14.949011,-2.530490,28.574992
15.130988,-0.340568,28.574992
15.089993,1.966766,28.574992
14.822595,4.147871,28.574991
14.321159,6.286780,28.574991
13.566427,8.360852,28.574991
12.548206,10.322655,28.574991
10.756851,11.731108,25.975065
9.092104,13.110973,25.974665
7.258140,14.265884,25.972117
5.176105,15.143814,25.972019
3.142661,15.884372,25.976261
0.878551,16.882419,25.981158
-1.640536,17.340514,25.980326
-4.231642,17.229066,25.980664
-6.840114,16.675701,25.978937
-9.412185,15.605230,25.972574
-11.752970,14.074306,25.978972
-13.449855,11.905312,25.974462
-14.707844,9.397969,25.971459
-15.669201,6.801873,25.977268
-16.124724,4.055286,25.976436
-16.212610,1.378356,25.978583
-16.005057,-1.391659,25.979353
-15.590101,-4.037419,25.974899
-14.882372,-6.831717,25.970863
-13.770136,-9.491679,25.971556
-12.127117,-11.986440,25.970138
-9.945703,-14.174060,25.972941
-7.348063,-15.677250,25.971952
-4.334344,-16.249763,25.970985
-1.433591,-16.248424,25.975059
1.432534,-16.061154,25.980197
4.093297,-15.242523,25.980471
6.518493,-14.099632,25.973430
8.726559,-12.596116,25.973996
10.540660,-10.905235,25.979519
12.050508,-8.831205,25.978679
13.075808,-6.691573,25.971557
13.944606,-4.601030,25.969546
14.613304,-2.433307,25.975262
14.868696,-0.292579,25.971883
14.849860,1.875566,25.970200
14.676954,4.028439,25.979008
14.193563,6.135254,25.977379
13.374979,8.150104,25.974219
12.244216,10.013248,25.974164
10.582120,11.544841,23.374204
8.865514,12.712477,23.380217
6.936434,13.726823,23.373112
4.965718,14.379176,23.373806
3.003850,15.039778,23.380826
0.828358,16.227466,23.371087
-1.572719,16.723657,23.371977
-4.069965,16.564043,23.371832
-6.455858,15.980315,23.371452
-8.885793,14.856525,23.379867
-11.006303,13.362614,23.373988
-12.471224,11.175673,23.373600
-13.521997,8.799843,23.378275
-14.464494,6.420102,23.376180
-14.951627,3.892051,23.370746
-15.079628,1.422934,23.374048
-15.025345,-1.146469,23.372582
-14.790111,-3.805161,23.371034
-14.239497,-6.519968,23.373500
-13.232055,-9.098032,23.374145
-11.635053,-11.481045,23.379766
-9.506166,-13.551422,23.380085
-6.945139,-14.871314,23.372718
-4.013946,-15.174742,23.375609
-1.237032,-15.027038,23.378609
1.419327,-14.884853,23.369813
3.897831,-14.188491,23.371564
6.284591,-13.223462,23.378613
8.407750,-11.971223,23.377114
10.264983,-10.474520,23.376305
11.765915,-8.651465,23.375697
12.869926,-6.544660,23.371813
13.855837,-4.498100,23.375502
14.645414,-2.458539,23.377797
14.886972,-0.217071,23.375766
14.868902,1.970144,23.373673
14.848778,4.139577,23.375427
14.368576,6.261665,23.379237
13.444601,8.252683,23.377572
12.161702,10.035914,23.373026
10.590198,11.554796,20.772781
8.736794,12.610824,20.771184
6.867006,13.426085,20.776547
4.892005,13.932570,20.776826
2.937295,14.467414,20.772337
0.870105,15.553812,20.777118
-1.394757,15.988748,20.778621
-3.744536,15.779179,20.772744
-6.067567,15.142738,20.769385
-8.245195,14.062700,20.774475
-10.221881,12.620503,20.774536
-11.592127,10.545605,20.776225
-12.581578,8.307838,20.776227
-13.496236,6.175542,20.774009
-14.070345,3.817426,20.776317
-14.259428,1.401367,20.773745
-14.344622,-1.022534,20.770301
-14.268842,-3.637004,20.772887
-13.819449,-6.220302,20.774521
-12.834291,-8.852689,20.769699
-11.263783,-11.187389,20.772413
-9.244295,-13.151641,20.773140
-6.743071,-14.455395,20.777021
-3.967739,-14.826800,20.775914
-1.243701,-14.802348,20.771431
1.367005,-14.781599,20.774281
3.921202,-14.192074,20.777592
6.295703,-13.333285,20.775120
8.504478,-12.131321,20.776522
10.446884,-10.661086,20.779521
12.032094,-8.840880,20.778886
13.162907,-6.800938,20.774470
14.189019,-4.716199,20.770100
15.070462,-2.540232,20.774992
15.228619,-0.344881,20.776719
15.169417,1.895673,20.775974
15.295026,4.214623,20.778255
14.797657,6.389503,20.776336
13.755312,8.392422,20.774743
12.323395,10.133480,20.774404
10.719363,11.697619,18.171513
8.820583,12.667768,18.173174
6.818279,13.410471,18.171365
4.822144,13.811879,18.171015
2.834994,14.225153,18.175470
0.836939,14.982236,18.180003
-1.269850,15.219955,18.175451
-3.501834,14.931538,18.175794
-5.625059,14.283698,18.180031
-7.609012,13.258716,18.175292
-9.481556,11.855566,18.173275
-10.847405,9.996033,18.177834
-11.862372,7.995461,18.178931
-12.826016,5.882142,18.174672
-13.449422,3.739174,18.174230
-13.705711,1.429482,18.170443
-13.903628,-0.988361,18.171538
-13.929995,-3.503830,18.176313
-13.501603,-6.090903,18.177806
-12.569311,-8.638737,18.177967
-11.104119,-10.925068,18.179137
-9.133497,-12.934698,18.175894
-6.711701,-14.373106,18.171738
-3.992351,-15.048232,18.175727
-1.284004,-15.333517,18.176943
1.418097,-15.491129,18.171691
4.098776,-15.044918,18.178669
6.587063,-14.221645,18.175093
8.898738,-13.005232,18.169787
10.997336,-11.426653,18.174867
12.729448,-9.473531,18.177109
13.975388,-7.279156,18.170183
14.979417,-5.078038,18.173758
15.815370,-2.778118,18.174073
15.886924,-0.388110,18.176369
15.761680,1.942047,18.176711
15.900025,4.261722,18.170582
15.312581,6.611936,18.169799
14.124841,8.646077,18.170371
12.601542,10.306070,18.170387
11.003859,11.870265,15.571611
8.973737,12.876438,15.574321
6.919281,13.571116,15.575945
4.889143,13.957538,15.572951
2.837547,14.230252,15.572878
0.889403,14.526199,15.579881
-1.176198,14.518610,15.573341
-3.217717,14.152412,15.571547
-5.175742,13.488525,15.575338
-7.091995,12.473699,15.569560
-8.741566,11.221238,15.574672
-10.200487,9.619592,15.576339
-11.373764,7.796153,15.573152
-12.352743,5.751139,15.573880
-13.041623,3.694728,15.574728
-13.367404,1.457032,15.575015
-13.631580,-0.896865,15.578794
-13.702444,-3.450690,15.580499
-13.269909,-5.980362,15.577030
-12.364278,-8.481003,15.575296
-10.944614,-10.847110,15.575057
-9.078290,-12.878528,15.573650
-6.756540,-14.552953,15.576713
-4.134063,-15.666418,15.578379
-1.452012,-16.346757,15.576178
1.471626,-16.741255,15.574557
4.320042,-16.481098,15.574153
7.056594,-15.650515,15.577603
9.583374,-14.321736,15.576117
11.850433,-12.574305,15.572900
13.675491,-10.509605,15.572471
15.049897,-8.115679,15.572403
16.052697,-5.655923,15.572488
16.778215,-3.077828,15.571366
16.784188,-0.540165,15.572094
16.564138,1.919716,15.572330
16.537683,4.379926,15.571008
15.864488,6.749621,15.574853
14.553908,8.856894,15.575689
12.875212,10.555505,15.572803
11.233866,12.125197,12.975130
9.154209,13.176098,12.978423
7.043719,13.875841,12.979738
4.956009,14.315710,12.974793
2.941001,14.474604,12.970442
0.922113,14.310589,12.974449
-1.087038,14.028037,12.978257
-2.954607,13.583711,12.980263
-4.849561,12.857985,12.978339
-6.630130,11.892424,12.971737
-8.227374,10.654877,12.972639
-9.749858,9.300056,12.977546
-11.089926,7.669055,12.976122
-12.072557,5.657789,12.970965
-12.796075,3.657931,12.976734
-13.196715,1.369356,12.978218
-13.490706,-0.947150,12.973190
-13.543775,-3.370300,12.972351
-13.089867,-5.865364,12.978111
-12.194840,-8.342080,12.979083
-10.869833,-10.734754,12.970599
-9.045612,-12.902488,12.969377
-6.932362,-14.801274,12.971264
-4.382263,-16.444026,12.973795
-1.562653,-17.587686,12.974581
1.515535,-18.205291,12.973151
4.656949,-18.116360,12.976217
7.677850,-17.258838,12.976511
10.445359,-15.771081,12.972731
12.807676,-13.858240,12.973113
14.778983,-11.545040,12.976157
16.272722,-8.898646,12.975134
17.214206,-6.224820,12.975756
17.743380,-3.429447,12.974929
17.679316,-0.606248,12.974389
17.378059,2.014673,12.972168
17.095938,4.528366,12.970129
16.305222,6.937633,12.978333
14.927482,9.065216,12.981391
13.171109,10.778826,12.977356
11.458952,12.372971,10.380545
9.342514,13.504547,10.377614
7.187058,14.257139,10.374586
5.140746,14.758377,10.371984
2.972031,14.891827,10.370416
0.838827,14.381225,10.372068
-1.088353,13.896136,10.374621
-2.875868,13.348586,10.377393
-4.694983,12.551344,10.376202
-6.413065,11.565203,10.370297
-7.875186,10.397705,10.373228
-9.520202,9.090036,10.372038
-10.930776,7.588891,10.372776
-11.910954,5.611820,10.379313
-12.669913,3.559768,10.371360
-13.103120,1.418473,10.370822
-13.400638,-0.862869,10.371777
-13.407511,-3.358845,10.374943
-12.908988,-5.814516,10.381020
-12.006623,-8.261076,10.380517
-10.747690,-10.662424,10.374433
-9.028817,-12.888933,10.371008
-7.049195,-15.037830,10.374454
-4.605854,-17.160257,10.373918
-1.770921,-18.701530,10.370234
1.475295,-19.510908,10.373921
4.918701,-19.584650,10.375439
8.139590,-18.721129,10.371299
11.074268,-17.114515,10.374237
13.611893,-14.953114,10.378357
15.720556,-12.360204,10.377087
17.241805,-9.627378,10.376117
18.150566,-6.633144,10.373677
18.486239,-3.623560,10.370776
18.344373,-0.710863,10.373478
17.981921,1.977616,10.377380
17.515606,4.541461,10.375816
16.650766,7.006483,10.373593
15.238787,9.189696,10.375292
13.438097,10.958190,10.379166
11.651707,12.580006,7.772747
9.532237,13.798669,7.772065
7.362836,14.628303,7.774071
5.288006,15.204602,7.774585
2.982633,15.354299,7.772410
0.839305,14.712680,7.772421
-1.095521,14.110101,7.775455
-2.983560,13.424536,7.776364
-4.700678,12.572294,7.775733
-6.325092,11.564046,7.777701
-7.865102,10.268167,7.778688
-9.357388,9.053337,7.776762
-10.807665,7.532526,7.771740
-11.776578,5.625508,7.770915
-12.559535,3.538915,7.778966
-13.057341,1.368276,7.773525
-13.336235,-0.849789,7.768976
-13.272499,-3.286995,7.773812
-12.742181,-5.673910,7.779347
-11.846279,-8.060723,7.779042
-10.592811,-10.521111,7.776624
-8.980940,-12.761168,7.773584
-7.044063,-15.152329,7.772782
-4.769690,-17.556015,7.771786
-1.839034,-19.436955,7.770433
1.467592,-20.303749,7.773106
4.973257,-20.466702,7.776461
8.455273,-19.539684,7.772371
11.509230,-17.789618,7.775629
14.018989,-15.511134,7.777654
16.114826,-12.823086,7.773764
17.721948,-9.952626,7.774639
18.558594,-6.877634,7.774439
18.795236,-3.695218,7.775034
18.618194,-0.729193,7.772545
18.239909,2.006898,7.770150
17.701246,4.606315,7.771547
16.784132,7.103126,7.770399
15.415849,9.246166,7.770366
13.623964,11.084871,7.772050
11.784198,12.713093,5.171003
9.712503,13.998649,5.169388
7.579086,14.901729,5.173519
5.319629,15.582001,5.178363
3.125028,15.765097,5.177699
0.876846,15.139754,5.172316
-1.144009,14.471915,5.170710
-3.004691,13.731278,5.171169
-4.777082,12.768768,5.172326
-6.436512,11.631233,5.174371
-7.848307,10.356118,5.174252
-9.329638,8.983099,5.176863
-10.701544,7.385905,5.178281
-11.635496,5.594498,5.175114
-12.392904,3.617403,5.174823
-12.961883,1.468666,5.176457
-13.246797,-0.845931,5.177277
-13.095509,-3.274585,5.175232
-12.535817,-5.538096,5.171824
-11.614561,-7.906838,5.172239
-10.396603,-10.257399,5.178141
-8.824943,-12.517534,5.172287
-6.949418,-14.940436,5.171021
-4.698614,-17.512840,5.172809
-1.829664,-19.438538,5.172963
1.496660,-20.227171,5.176402
4.992583,-20.334857,5.175486
8.345914,-19.382856,5.177308
11.363669,-17.585438,5.174522
13.884907,-15.183106,5.174045
15.880938,-12.561529,5.177212
17.466718,-9.812903,5.176144
18.314083,-6.751991,5.177927
18.586896,-3.686044,5.178815
18.483122,-0.726752,5.172850
18.162512,2.009818,5.170560
17.651892,4.606777,5.177755
16.738211,7.094527,5.177896
15.406163,9.258676,5.175374
13.686865,11.152674,5.173330
11.831219,12.744412,2.570990
9.767045,14.108479,2.575576
7.616601,15.080863,2.577127
5.431988,15.761626,2.576049
3.089476,15.977952,2.575011
0.879640,15.458228,2.575761
-1.182999,14.776736,2.575163
-3.162246,13.923237,2.575456
-4.852447,12.929656,2.575933
-6.500052,11.693371,2.575036
-7.906709,10.335300,2.577445
-9.231039,8.891137,2.577887
-10.419830,7.339272,2.576320
-11.415523,5.534776,2.578059
-12.208391,3.522761,2.581328
-12.817703,1.445394,2.572220
-13.090449,-0.803122,2.570713
-12.874031,-3.162377,2.573750
-12.250610,-5.449674,2.576036
-11.315780,-7.737463,2.580453
-10.125419,-9.903905,2.570073
-8.524326,-12.178501,2.574966
-6.719864,-14.417182,2.580052
-4.532231,-16.786224,2.577515
-1.686658,-18.563027,2.575592
1.485383,-19.144403,2.575122
4.781879,-19.092574,2.572818
7.920016,-18.106782,2.571150
10.741164,-16.375334,2.572388
13.047983,-14.181065,2.571854
14.956848,-11.739536,2.571448
16.555581,-9.099665,2.576535
17.482705,-6.259887,2.578947
17.920439,-3.404440,2.572729
18.005567,-0.731043,2.568716
17.829246,1.943843,2.573800
17.366378,4.580683,2.579909
16.490638,7.002798,2.572647
15.252003,9.151023,2.566553
13.606107,11.151825,2.567040
11.691404,12.711754,-0.023288
9.751775,14.052090,-0.025094
7.625516,15.057627,-0.022023
5.358619,15.745119,-0.019211
3.117442,15.949993,-0.022837
0.893420,15.547262,-0.030073
-1.254912,14.835975,-0.027729
-3.124558,13.974528,-0.022391
-4.875720,12.885351,-0.023607
-6.403038,11.651810,-0.029351
-7.786993,10.258422,-0.026065
-9.007840,8.723582,-0.027081
-10.114037,7.099010,-0.030524
-11.092468,5.399974,-0.027608
-11.885500,3.497653,-0.023671
-12.559350,1.441644,-0.019600
-12.835269,-0.794900,-0.027801
-12.570155,-3.039167,-0.027837
-11.895727,-5.298046,-0.019269
-10.966962,-7.461812,-0.024393
-9.721568,-9.576019,-0.022474
-8.198682,-11.625296,-0.024222
-6.365208,-13.663454,-0.022353
-4.153080,-15.641468,-0.019485
-1.456191,-16.984812,-0.023210
1.492894,-17.318204,-0.027817
4.426032,-17.065643,-0.027995
7.208353,-16.108657,-0.028008
9.727729,-14.571388,-0.022494
11.907437,-12.597110,-0.022757
13.664385,-10.478688,-0.025636
15.158172,-8.173348,-0.022833
16.256009,-5.653294,-0.028439
16.928802,-3.190167,-0.024734
17.291041,-0.565207,-0.019503
17.291946,1.988734,-0.021567
16.889187,4.508904,-0.024990
16.075234,6.822786,-0.023388
14.914181,9.001050,-0.021364
13.449355,10.989593,-0.021383
11.497277,12.462425,-2.629044
9.627762,13.807510,-2.625200
7.553527,14.807063,-2.624333
5.337445,15.441543,-2.627654
3.044002,15.628932,-2.627255
0.855023,15.312527,-2.620058
-1.150963,14.635192,-2.625131
-3.055144,13.703706,-2.627067
-4.751551,12.601587,-2.621382
-6.221238,11.345461,-2.619964
-7.502257,10.018969,-2.619421
-8.635253,8.459077,-2.627694
-9.617558,6.898655,-2.628949
-10.616860,5.247431,-2.620038
-11.445346,3.400221,-2.628744
-12.165494,1.403981,-2.624172
-12.450043,-0.689161,-2.625695
-12.161138,-2.882027,-2.630276
-11.482152,-4.986539,-2.624594
-10.548457,-7.088217,-2.623300
-9.280438,-9.117537,-2.631483
-7.778508,-10.981892,-2.626942
-5.895101,-12.739362,-2.627259
-3.711809,-14.118746,-2.626348
-1.175809,-14.938658,-2.622430
1.404868,-15.048829,-2.624879
3.947009,-14.621212,-2.622629
6.448666,-13.686439,-2.624218
8.576071,-12.404631,-2.628421
10.498451,-10.823612,-2.628838
12.172993,-8.992228,-2.623559
13.553203,-7.034800,-2.620784
14.794963,-4.988508,-2.627919
15.748331,-2.796856,-2.631481
16.387224,-0.483617,-2.630149
16.601279,1.988927,-2.626377
16.257867,4.361164,-2.623047
15.484931,6.624112,-2.624621
14.417014,8.786653,-2.628014
13.134515,10.717109,-2.630101
11.143917,12.038681,-5.229388
9.288765,13.404983,-5.222958
7.278539,14.349691,-5.227474
5.130483,14.890233,-5.229514
2.998504,15.020418,-5.224203
0.879709,14.764202,-5.223551
-1.047299,14.089959,-5.228665
-2.872985,13.149577,-5.225307
-4.433482,12.116027,-5.217928
-5.840827,10.875814,-5.221465
-7.077297,9.575053,-5.227584
-8.103166,8.115008,-5.228034
-9.031906,6.581436,-5.223982
-9.980127,5.065062,-5.221243
-10.810544,3.384690,-5.220680
-11.573344,1.479862,-5.221363
-11.906227,-0.620530,-5.227083
-11.609192,-2.732805,-5.227512
-10.901856,-4.746438,-5.221615
-10.003719,-6.677965,-5.221728
-8.806392,-8.543733,-5.220065
-7.272208,-10.258142,-5.217960
-5.409854,-11.629013,-5.225711
-3.169003,-12.401892,-5.230113
-0.864468,-12.659361,-5.224747
1.341255,-12.600010,-5.223456
3.566412,-11.996445,-5.227351
5.552785,-11.217699,-5.223549
7.401984,-10.169499,-5.220354
9.135437,-8.914677,-5.221917
10.580772,-7.479229,-5.223053
11.851091,-5.870958,-5.221469
13.240831,-4.254733,-5.222240
14.438840,-2.397770,-5.227203
15.347998,-0.356937,-5.231829
15.768615,1.977216,-5.229959
15.470798,4.185125,-5.224906
14.750778,6.369737,-5.227627
13.820354,8.401263,-5.232004
12.609593,10.379890,-5.233334
10.567885,11.489742,-7.826744
8.877884,12.759581,-7.826725
6.955133,13.646411,-7.824521
4.897052,14.094996,-7.822370
2.858020,14.163778,-7.822765
0.912186,13.944533,-7.826643
-0.916564,13.278312,-7.830887
-2.580125,12.387018,-7.825008
-4.070858,11.390154,-7.818583
-5.348689,10.238287,-7.827136
-6.481266,9.042780,-7.832575
-7.472298,7.644216,-7.827093
-8.316327,6.233154,-7.822927
-9.197632,4.848964,-7.829294
-10.051775,3.268042,-7.832288
-10.836833,1.472145,-7.826644
-11.196522,-0.525728,-7.820517
-10.927638,-2.462715,-7.823775
-10.210460,-4.368413,-7.829990
-9.326738,-6.198338,-7.828076
-8.183231,-7.975045,-7.829124
-6.673263,-9.443107,-7.828816
-4.786094,-10.445007,-7.822030
-2.635039,-10.585182,-7.824895
-0.596537,-10.369620,-7.827057
1.333857,-10.177124,-7.823135
3.096008,-9.511933,-7.829919
4.767722,-8.847405,-7.821463
6.283963,-8.045739,-7.818548
7.756084,-7.136772,-7.825106
9.032192,-6.000458,-7.827841
10.253419,-4.678941,-7.821526
11.704381,-3.487192,-7.818655
13.053396,-1.978550,-7.828607
14.217787,-0.177445,-7.827836
14.794817,1.898199,-7.824645
14.521656,4.014719,-7.830615
13.862004,6.100745,-7.824225
13.014674,8.049945,-7.820820
11.938847,9.886455,-7.823518
9.841372,10.758317,-10.423841
8.322084,11.928962,-10.430567
6.503007,12.740390,-10.432317
4.623680,13.080545,-10.429353
2.700845,13.091989,-10.426687
0.934981,12.895907,-10.426084
-0.778180,12.243781,-10.420988
-2.275337,11.409002,-10.420508
-3.622726,10.498938,-10.426065
-4.777001,9.449145,-10.427705
-5.805852,8.365950,-10.421502
-6.720227,7.108393,-10.423598
-7.488829,5.830393,-10.429565
-8.296382,4.579725,-10.424254
-9.159053,3.114030,-10.424878
-9.922439,1.508647,-10.420867
-10.312309,-0.364318,-10.421111
-10.071090,-2.192323,-10.429112
-9.386157,-3.907783,-10.429233
-8.529703,-5.619867,-10.423059
-7.521546,-7.254061,-10.430613
-6.008773,-8.523203,-10.423591
-4.161845,-9.146315,-10.420159
-2.102128,-8.779963,-10.425815
-0.262813,-8.247709,-10.427869
1.263686,-7.975625,-10.428752
2.681787,-7.310178,-10.430315
4.000188,-6.787908,-10.427376
5.276007,-6.174684,-10.421854
6.543275,-5.518939,-10.426683
7.634968,-4.629501,-10.428896
8.741218,-3.638560,-10.422919
10.209335,-2.770444,-10.421269
11.657588,-1.532502,-10.427925
12.996816,0.001318,-10.427029
13.665513,1.882186,-10.422761
13.418644,3.818321,-10.422542
12.846375,5.717321,-10.419708
12.105989,7.491289,-10.417781
11.115092,9.231087,-10.418843
8.956497,9.833843,-13.024302
7.571783,10.939185,-13.027432
5.938105,11.630768,-13.027965
4.188190,11.865911,-13.023594
2.538274,11.819360,-13.021719
0.904061,11.620511,-13.025784
-0.551108,11.034385,-13.021407
-1.876538,10.272470,-13.023210
-3.030661,9.504926,-13.030679
-4.065323,8.577823,-13.025971
-5.027383,7.568715,-13.017769
-5.830366,6.516836,-13.022176
-6.533256,5.389603,-13.029572
-7.287391,4.222169,-13.020501
-8.098882,2.942106,-13.027094
-8.848695,1.476580,-13.027848
-9.236474,-0.185450,-13.025204
-9.054792,-1.818263,-13.025047
-8.395990,-3.395117,-13.020659
-7.600725,-4.903250,-13.025610
-6.726834,-6.458155,-13.023384
-5.306863,-7.466738,-13.025196
-3.519442,-7.785753,-13.024849
-1.536822,-7.048038,-13.025685
-0.033034,-6.424027,-13.030712
1.247402,-6.101694,-13.028875
2.365505,-5.502998,-13.022008
3.425463,-5.091089,-13.022668
4.461044,-4.622610,-13.028973
5.505285,-4.157969,-13.029134
6.408445,-3.477680,-13.028443
7.426503,-2.741678,-13.026670
8.866902,-2.085502,-13.023363
10.255223,-1.104139,-13.028940
11.708496,0.210999,-13.029641
12.354832,1.901743,-13.025695
12.120587,3.642696,-13.025165
11.629361,5.335809,-13.027817
10.973252,6.911028,-13.027197
10.083453,8.456387,-13.024542
7.893284,8.689500,-15.620831
6.734120,9.686345,-15.621100
5.318192,10.266544,-15.626478
3.796246,10.408677,-15.630030
2.319537,10.315960,-15.627805
0.962482,10.139473,-15.623592
-0.284333,9.617167,-15.624616
-1.421461,8.943336,-15.627958
-2.425447,8.290982,-15.629447
-3.281784,7.531216,-15.629011
-4.076808,6.701141,-15.624344
-4.803999,5.817784,-15.620044
-5.444871,4.866856,-15.621654
-6.087836,3.852820,-15.626261
-6.824255,2.770163,-15.628870
-7.525091,1.535295,-15.624520
-7.929001,0.058377,-15.622590
-7.806630,-1.408684,-15.628468
-7.215426,-2.762051,-15.630455
-6.495708,-4.043735,-15.628421
-5.790841,-5.495403,-15.625295
-4.498410,-6.295451,-15.624232
-2.797656,-6.377948,-15.622798
-1.068704,-5.511738,-15.628434
0.193152,-4.907142,-15.629556
1.228809,-4.584855,-15.628017
2.128287,-4.063605,-15.630943
2.994846,-3.730803,-15.626647
3.800194,-3.392816,-15.619185
4.658226,-3.035005,-15.621427
5.407722,-2.490928,-15.624160
6.303847,-1.982533,-15.624131
7.570577,-1.480803,-15.625872
8.872244,-0.673941,-15.630640
10.271762,0.388624,-15.623760
10.823192,1.829609,-15.617585
10.626015,3.346621,-15.621517
10.224326,4.810708,-15.630035
9.622662,6.205807,-15.630664
8.825994,7.523979,-15.625410
6.533496,7.318946,-18.225478
5.633170,8.168682,-18.228380
4.468698,8.610384,-18.226804
3.221321,8.657347,-18.227155
2.069298,8.533690,-18.229030
0.968835,8.360166,-18.228093
0.004915,7.931176,-18.226543
-0.875287,7.394358,-18.224901
-1.666992,6.903472,-18.224134
-2.375170,6.300270,-18.226189
-2.991993,5.657082,-18.226949
-3.604187,4.954423,-18.226583
-4.139281,4.245105,-18.228767
-4.667757,3.423122,-18.227900
-5.284111,2.553024,-18.223535
-5.921997,1.541203,-18.224952
-6.292271,0.347076,-18.227183
-6.271197,-0.850467,-18.221054
-5.775455,-1.993835,-18.225716
-5.122419,-3.046681,-18.221475
-4.631967,-4.292973,-18.222068
-3.514090,-4.944085,-18.227810
-2.092475,-4.862828,-18.226912
-0.645657,-4.071360,-18.225599
0.357805,-3.535100,-18.226746
1.193274,-3.252988,-18.222259
1.922213,-2.824854,-18.219779
2.581720,-2.558718,-18.225892
3.241503,-2.292635,-18.226559
3.893042,-2.013278,-18.219076
4.517899,-1.588121,-18.223258
5.294777,-1.260333,-18.224653
6.314542,-0.849940,-18.224995
7.423294,-0.235517,-18.227430
8.646502,0.635161,-18.223391
8.969938,1.810531,-18.220283
8.812089,3.052243,-18.222779
8.496721,4.236708,-18.227558
7.958181,5.339525,-18.227046
7.283420,6.348001,-18.224722
4.796632,5.488562,-20.825504
4.246901,6.149002,-20.824018
3.411116,6.436854,-20.825639
2.553088,6.424273,-20.827949
1.747497,6.298779,-20.828765
1.036309,6.156347,-20.827740
0.362310,5.839973,-20.826057
-0.194194,5.478056,-20.825844
-0.736610,5.160037,-20.826867
-1.237281,4.786947,-20.824126
-1.659160,4.362828,-20.821930
-2.075756,3.893718,-20.827056
-2.482678,3.415529,-20.828989
-2.868216,2.882441,-20.824915
-3.269055,2.281779,-20.820675
-3.791016,1.576263,-20.821805
-4.085732,0.748992,-20.823639
-4.166872,-0.132622,-20.823633
-3.864165,-0.983261,-20.821928
-3.334485,-1.689123,-20.823755
-3.026106,-2.591521,-20.826812
-2.307268,-3.223755,-20.828560
-1.167581,-3.017904,-20.827300
-0.158329,-2.461294,-20.826605
0.600152,-2.047915,-20.826556
1.182481,-1.834494,-20.824154
1.674158,-1.553899,-20.824355
2.164814,-1.344621,-20.824199
2.634661,-1.165824,-20.822070
3.078664,-0.935105,-20.824083
3.551357,-0.688488,-20.826803
4.169687,-0.463431,-20.824891
4.845259,-0.153381,-20.824256
5.754175,0.263472,-20.822559
6.486918,0.923249,-20.822493
6.549825,1.769412,-20.827387
6.471498,2.613114,-20.827793
6.214509,3.447847,-20.825884
5.745586,4.139674,-20.826263
5.228831,4.801161,-20.826740
0.912399,0.718346,-23.425008
