18.962038,30.795317,30.955940
13.652736,32.529787,30.955940
8.312337,33.116910,30.955940
2.967800,32.574959,30.955940
-1.974336,31.102216,30.955940
-6.261375,29.115786,30.955940
-10.122280,26.785326,30.955940
-13.579819,24.237264,30.955940
-16.648474,21.548255,30.955939
-19.480473,18.611319,30.955940
-22.033900,15.428903,30.955939
-24.137176,12.184905,30.955940
-25.949159,8.528924,30.955940
-27.292131,4.675097,30.955940
-28.171177,0.470144,30.955940
-28.486280,-3.814638,30.955940
-28.181334,-8.530069,30.955940
-27.264938,-12.947524,30.955940
-25.581161,-17.593375,30.955940
-23.094295,-22.110167,30.955940
-19.897287,-26.156191,30.955940
-15.690210,-29.836111,30.955940
-11.016578,-32.484456,30.955940
-5.701395,-34.212412,30.955940
0.052285,-34.954438,30.955940
5.635708,-34.785807,30.955940
11.351510,-33.801649,30.955940
17.087667,-31.992672,30.955940
22.530834,-29.433509,30.955939
27.742387,-26.020227,30.955939
32.517176,-21.688339,30.955939
36.438575,-16.572322,30.955939
39.372607,-10.591182,30.955940
40.995286,-4.126906,30.955940
41.147924,2.535423,30.955940
39.694172,9.039455,30.955940
36.921253,14.855298,30.955940
33.120086,20.076977,30.955940
28.874194,24.377814,30.955940
24.236854,28.187031,27.713691
19.253334,30.931261,27.714130
13.889160,32.806113,27.710619
8.476268,33.583176,27.704640
3.020273,33.251290,27.704747
-2.060043,31.932547,27.711359
-6.467331,30.006776,27.705397
-10.595555,27.544110,27.705384
-14.149147,24.995347,27.709514
-17.323417,22.320714,27.708549
-20.249976,19.373848,27.703509
-22.920499,16.194101,27.703099
-25.233253,12.742179,27.708142
-27.135818,8.811387,27.708925
-28.507910,4.884739,27.705025
-29.505831,0.408723,27.703954
-29.743202,-4.178208,27.708727
-29.324344,-8.750511,27.711279
-28.155708,-13.643924,27.712511
-26.193631,-18.269106,27.710492
-23.508462,-22.526100,27.705443
-20.131607,-26.542602,27.704483
-15.952757,-30.066940,27.710699
-10.984299,-32.834841,27.712916
-5.578731,-34.598981,27.710949
0.053816,-35.377082,27.711339
5.737308,-35.267639,27.708818
11.567673,-34.331928,27.710934
17.408132,-32.507240,27.711723
22.932393,-29.864832,27.705782
28.214521,-26.358396,27.699794
33.021076,-21.892113,27.698522
36.932351,-16.627698,27.706947
39.783623,-10.711773,27.715607
41.400530,-4.129381,27.712444
41.456900,2.435081,27.701648
39.994920,9.060210,27.700884
37.224880,15.002061,27.702659
33.502954,20.149663,27.704528
29.161100,24.502415,27.709382
24.216438,28.149697,24.450673
19.191634,30.934876,24.457412
13.796941,32.891504,24.453417
8.349549,33.798944,24.456017
3.051889,33.649443,24.461779
-1.909115,32.552922,24.453743
-6.608355,30.626377,24.460179
-10.792131,28.164713,24.452694
-14.408917,25.628356,24.451430
-17.827453,22.839162,24.457421
-20.820121,19.899622,24.456685
-23.562964,16.727274,24.458975
-26.067690,13.088133,24.461664
-28.006128,9.128063,24.454799
-29.481588,4.957434,24.449348
-30.508707,0.442424,24.453207
-30.709692,-4.413516,24.454621
-30.153777,-9.239707,24.452439
-28.896341,-13.935902,24.451167
-26.779877,-18.546670,24.450743
-23.794285,-22.931093,24.454099
-20.264666,-26.883674,24.462326
-15.966843,-30.347289,24.452261
-11.119728,-32.997055,24.452415
-5.670732,-34.807017,24.462077
0.010638,-35.643409,24.457125
5.971993,-35.555076,24.455700
11.855350,-34.578158,24.462131
17.525056,-32.744175,24.459035
23.082132,-30.027785,24.450073
28.393924,-26.452622,24.455524
33.047316,-22.049745,24.456479
36.967889,-16.715265,24.456974
39.880911,-10.747731,24.461186
41.516994,-4.109382,24.459904
41.413258,2.521259,24.449230
39.961150,8.996971,24.452985
37.197113,15.006656,24.456680
33.429712,20.202489,24.452984
29.022634,24.575505,24.449299
23.971116,27.881938,21.212806
18.950194,30.688675,21.213987
13.781261,32.646099,21.209935
8.354264,33.709714,21.209664
3.047035,33.737975,21.210637
-1.952166,32.788505,21.203467
-6.697245,30.954185,21.203675
-10.908346,28.525611,21.200747
-14.554496,26.019029,21.206165
-18.021954,23.280272,21.209910
-21.219218,20.225174,21.199906
-24.134375,16.901306,21.198801
-26.662273,13.269972,21.207464
-28.632357,9.317765,21.210548
-30.195704,4.936230,21.211181
-31.206137,0.409873,21.210653
-31.382876,-4.454627,21.199820
-30.770732,-9.282425,21.196907
-29.354569,-14.170055,21.207247
-27.138473,-18.744653,21.213287
-24.075002,-23.083113,21.204795
-20.457136,-26.966601,21.199329
-16.103216,-30.372595,21.208263
-11.034415,-33.093164,21.214055
-5.787055,-34.835815,21.207974
-0.102305,-35.708831,21.202947
5.869472,-35.647910,21.210366
11.754489,-34.633339,21.212971
17.412415,-32.730729,21.208288
22.951909,-29.958723,21.203523
28.242668,-26.335235,21.201265
32.846842,-21.866613,21.201384
36.598997,-16.675675,21.207411
39.570769,-10.715189,21.209555
41.247363,-4.087321,21.202075
40.980271,2.551118,21.198549
39.471718,9.029622,21.202255
36.786210,14.834632,21.207538
32.999518,20.036097,21.210683
28.759338,24.277033,21.211790
23.468545,27.349936,17.957614
18.502192,30.159060,17.951325
13.602550,32.093308,17.953069
8.249169,33.295518,17.957328
2.985821,33.488456,17.956909
-2.000301,32.689595,17.956556
-6.747960,30.971819,17.955560
-10.963975,28.626796,17.952990
-14.613887,26.185788,17.950684
-18.260501,23.374664,17.953736
-21.462285,20.373359,17.961582
-24.374447,17.091537,17.963761
-26.914361,13.510115,17.956754
-29.016875,9.415798,17.950580
-30.582589,5.074069,17.952966
-31.602593,0.360054,17.959770
-31.751155,-4.468269,17.961446
-31.050660,-9.468488,17.958494
-29.543513,-14.286867,17.957155
-27.160923,-18.983008,17.955536
-24.058820,-23.242036,17.952756
-20.383169,-27.014751,17.953692
-16.003262,-30.319029,17.952016
-11.151717,-32.886641,17.954467
-5.736249,-34.683589,17.956894
-0.093778,-35.544270,17.952200
5.833536,-35.470138,17.953680
11.659571,-34.393043,17.956503
17.245769,-32.416116,17.956633
22.704664,-29.591781,17.957247
27.899386,-25.915665,17.961664
32.242170,-21.562436,17.963154
36.005323,-16.176144,17.957858
38.837682,-10.438677,17.957108
40.474153,-4.087722,17.960617
40.107043,2.495559,17.954864
38.621540,8.708237,17.957920
35.943814,14.453285,17.960426
32.317140,19.447440,17.959709
28.001398,23.862644,17.960044
22.687357,26.531023,14.709855
18.026438,29.234251,14.705887
13.039313,31.287766,14.709095
8.019022,32.540963,14.712363
3.071185,32.893321,14.707572
-2.064595,32.246059,14.702332
-6.572663,30.763188,14.701077
-10.785535,28.588581,14.702189
-14.599974,26.145765,14.708599
-18.220384,23.431546,14.712292
-21.405516,20.525120,14.709822
-24.430487,17.157371,14.712309
-27.058503,13.468919,14.705210
-29.151744,9.457702,14.707859
-30.756331,4.988644,14.708809
-31.700176,0.342139,14.703220
-31.808577,-4.618157,14.712827
-31.045480,-9.520057,14.712722
-29.483652,-14.228457,14.711193
-27.086817,-18.815371,14.711414
-24.009645,-22.977733,14.709811
-20.201174,-26.793231,14.710002
-15.862252,-29.993180,14.710454
-10.883101,-32.573989,14.710540
-5.548309,-34.297870,14.710416
0.000890,-35.111804,14.708718
5.824920,-34.995991,14.703298
11.534117,-33.862189,14.699953
16.994618,-31.836831,14.705476
22.311455,-28.974296,14.711292
27.170520,-25.389767,14.704860
31.490788,-20.863991,14.702599
34.942415,-15.663089,14.701172
37.604028,-9.971475,14.701219
39.083978,-3.917221,14.705878
38.756657,2.335633,14.710992
37.245117,8.427668,14.711965
34.523912,14.028166,14.706094
31.073516,18.754962,14.702822
27.061400,23.018290,14.707156
21.618516,25.415021,11.461268
17.116383,28.092704,11.451585
12.491070,30.090776,11.455431
7.646191,31.447112,11.461981
2.846115,31.939941,11.462082
-1.960013,31.509006,11.462515
-6.591754,30.159074,11.453037
-10.764242,28.191543,11.457700
-14.531908,25.910201,11.466085
-18.087227,23.313738,11.458850
-21.368124,20.377061,11.448768
-24.316855,17.106701,11.461092
-26.882237,13.526196,11.457423
-29.045362,9.452414,11.453145
-30.601480,5.106557,11.453484
-31.510695,0.369215,11.452062
-31.588155,-4.455839,11.455600
-30.761070,-9.421079,11.458352
-29.100986,-14.176628,11.458964
-26.683834,-18.589635,11.459783
-23.614818,-22.582787,11.461210
-19.883360,-26.266610,11.460764
-15.652227,-29.363147,11.458225
-10.806235,-31.869030,11.458892
-5.621003,-33.557645,11.462057
-0.016206,-34.379146,11.460037
5.648027,-34.238810,11.451788
11.196511,-33.109258,11.454754
16.683053,-31.010304,11.459990
21.622391,-28.237820,11.455804
26.268939,-24.644965,11.449574
30.363569,-20.145439,11.451059
33.489388,-15.174816,11.454622
35.822490,-9.548718,11.455529
37.050833,-3.593997,11.454153
36.893795,2.282484,11.453310
35.356047,8.177395,11.455818
32.670949,13.385225,11.458496
29.316181,17.979085,11.461439
25.781413,21.896600,11.464179
20.282874,24.022093,8.209143
16.165867,26.575798,8.201877
11.752951,28.603087,8.202403
7.322646,30.001139,8.207822
2.719649,30.661895,8.208721
-1.924921,30.443942,8.206360
-6.440332,29.341113,8.201430
-10.556970,27.656490,8.198804
-14.431410,25.479684,8.199763
-17.888835,23.017046,8.203061
-21.079540,20.220581,8.207272
-24.063024,16.924632,8.211507
-26.640243,13.301492,8.214251
-28.721142,9.371600,8.208731
-30.252847,4.983187,8.200943
-31.054535,0.401913,8.199771
-31.070362,-4.449946,8.203259
-30.198254,-9.220042,8.208328
-28.553715,-13.792102,8.208009
-26.159125,-18.002385,8.206629
-22.982712,-21.939081,8.206208
-19.378443,-25.479857,8.201362
-15.135462,-28.576850,8.205368
-10.453932,-30.971987,8.210374
-5.452570,-32.584922,8.206760
-0.049158,-33.362680,8.199844
5.408523,-33.210504,8.202156
10.951244,-32.066574,8.199044
16.040319,-30.091428,8.203218
20.933307,-27.244424,8.213431
25.308143,-23.652061,8.207456
28.996809,-19.362446,8.201198
31.964762,-14.291163,8.203662
33.746171,-8.938368,8.206869
34.559104,-3.320531,8.204674
34.638672,2.342993,8.203392
33.127811,7.784660,8.205760
30.494112,12.575742,8.204371
27.400199,16.838224,8.203661
24.065851,20.677979,8.208141
18.743768,22.417050,4.957213
15.022719,24.841232,4.953050
11.036218,26.818919,4.952772
6.850718,28.308640,4.954757
2.478176,29.120157,4.952968
-1.967829,29.112187,4.949442
-6.144637,28.322004,4.947777
-10.364118,26.906254,4.958181
-14.144975,24.974193,4.961359
-17.640658,22.545995,4.952807
-20.848479,19.758734,4.950307
-23.691623,16.596783,4.958681
-26.139836,13.120193,4.959127
-28.202556,9.180488,4.954661
-29.626908,4.971084,4.953365
-30.354864,0.386028,4.955237
-30.301365,-4.253824,4.955718
-29.409514,-8.802666,4.956074
-27.734691,-13.349267,4.958221
-25.258251,-17.482132,4.957450
-22.112104,-21.162512,4.955592
-18.664384,-24.546522,4.959713
-14.609838,-27.510295,4.957640
-10.131354,-29.801627,4.958254
-5.352290,-31.356307,4.961913
-0.186422,-32.112197,4.961420
5.224471,-31.946220,4.960039
10.343466,-30.913645,4.953736
15.392449,-28.964473,4.952104
20.030006,-26.168663,4.954063
24.124313,-22.626060,4.948901
27.655635,-18.278800,4.955642
30.240244,-13.492550,4.961987
31.571558,-8.282221,4.958223
31.979470,-3.056519,4.950644
32.214986,2.168332,4.950122
30.717913,7.331340,4.957223
28.186270,11.709771,4.957003
25.233003,15.773816,4.953664
22.185672,19.305496,4.955978
17.243747,20.588071,1.707216
13.766271,22.987169,1.707528
10.042544,24.986890,1.709330
6.282373,26.465888,1.706558
2.343675,27.381256,1.700853
-1.876019,27.609038,1.701730
-5.882321,27.096271,1.699957
-9.984830,26.043453,1.706101
-13.661095,24.392216,1.707968
-17.179333,22.035830,1.704884
-20.253851,19.417469,1.704257
-23.084474,16.279809,1.699326
-25.498806,12.811617,1.706317
-27.429734,9.050885,1.712332
-28.793529,4.859687,1.712619
-29.417023,0.490484,1.712430
-29.282490,-4.101736,1.712199
-28.359067,-8.409572,1.711095
-26.722768,-12.717269,1.708203
-24.329286,-16.618788,1.703857
-21.297463,-20.082714,1.701212
-17.896494,-23.435494,1.702638
-14.049589,-26.261896,1.701884
-9.796580,-28.448930,1.703004
-5.079044,-29.983556,1.704115
-0.166479,-30.687391,1.703681
4.975645,-30.512761,1.709668
9.847302,-29.549601,1.706410
14.812917,-27.621605,1.703032
19.172303,-24.882723,1.703257
22.968978,-21.407894,1.698663
26.112493,-17.340512,1.706550
28.441704,-12.720100,1.704070
29.469949,-7.716237,1.700308
29.615330,-2.736514,1.705919
29.790797,2.233004,1.702375
28.382688,6.752971,1.705869
25.931558,10.904901,1.707294
23.223602,14.598772,1.704885
20.398181,17.760220,1.705673
15.594728,18.882902,-1.538369
12.489385,21.118861,-1.541290
9.192405,23.047625,-1.541812
5.685856,24.570905,-1.541417
2.000247,25.589551,-1.542447
-1.801580,25.991066,-1.539428
-5.784448,25.715041,-1.541548
-9.559125,25.029394,-1.543760
-13.263231,23.578912,-1.540516
-16.627457,21.396375,-1.542592
-19.678359,18.822151,-1.549457
-22.352651,15.851570,-1.540757
-24.705178,12.407795,-1.539986
-26.542662,8.662779,-1.538865
-27.752110,4.672663,-1.542846
-28.266689,0.530751,-1.548656
-28.055414,-3.809460,-1.541148
-27.067165,-8.036200,-1.546953
-25.456818,-12.084146,-1.548257
-23.166147,-15.758996,-1.546804
-20.305983,-19.040398,-1.549423
-17.092424,-22.214328,-1.545225
-13.460227,-24.896737,-1.540622
-9.283266,-27.041733,-1.543810
-4.816270,-28.481282,-1.544456
-0.169687,-29.140092,-1.537505
4.692213,-28.957256,-1.540561
9.472196,-28.013655,-1.538976
14.002736,-26.245878,-1.537205
18.102738,-23.617315,-1.542578
21.639126,-20.272077,-1.547299
24.638391,-16.227087,-1.543110
26.716306,-11.795642,-1.543480
27.507371,-7.030748,-1.541776
27.470177,-2.317793,-1.538413
27.505930,2.040013,-1.548420
26.051017,6.448996,-1.548544
23.811495,10.223652,-1.548654
21.328323,13.546440,-1.549384
18.536389,16.409325,-1.543049
14.029899,17.268891,-4.792092
11.279105,19.333184,-4.791187
8.386619,21.170110,-4.792554
5.133813,22.708478,-4.790428
1.866291,23.760189,-4.790381
-1.685983,24.321593,-4.798174
-5.440094,24.291376,-4.789577
-9.193290,23.871483,-4.786588
-12.728736,22.664634,-4.797673
-16.066442,20.568670,-4.798057
-18.943555,18.157843,-4.786019
-21.552571,15.227426,-4.796028
-23.725430,11.959664,-4.802180
-25.388592,8.407620,-4.797546
-26.510961,4.476207,-4.788405
-26.932436,0.575234,-4.788654
-26.633345,-3.502037,-4.800942
-25.643905,-7.465649,-4.797425
-24.085552,-11.250456,-4.787984
-21.846468,-14.852846,-4.792211
-19.202095,-17.975875,-4.800112
-16.175494,-20.957889,-4.789219
-12.752523,-23.475000,-4.783876
-8.973588,-25.425501,-4.793111
-4.618190,-26.838198,-4.803287
-0.247524,-27.458823,-4.802007
4.325780,-27.289729,-4.801317
8.825630,-26.416154,-4.796636
13.092806,-24.767046,-4.790605
17.071982,-22.183232,-4.789363
20.348844,-18.984218,-4.793616
23.018937,-15.269568,-4.799262
24.912046,-11.074693,-4.801634
25.595890,-6.579487,-4.798417
25.429275,-2.151852,-4.793331
25.282738,2.107540,-4.791562
23.950364,5.926991,-4.789298
21.876698,9.501129,-4.794030
19.521929,12.599853,-4.799761
16.762853,15.144788,-4.796684
12.611307,15.811798,-8.042310
10.194754,17.694413,-8.041670
7.546245,19.493574,-8.043273
4.677507,20.938451,-8.046453
1.510292,22.064535,-8.049252
-1.789306,22.705701,-8.048322
-5.144086,22.830525,-8.039871
-8.671293,22.630804,-8.044647
-12.165203,21.603430,-8.043039
-15.318762,19.693852,-8.037309
-18.121148,17.336369,-8.044083
-20.550278,14.587773,-8.044703
-22.623503,11.376751,-8.050043
-24.087793,8.017403,-8.054415
-25.069677,4.319405,-8.045510
-25.422390,0.518803,-8.038701
-25.033205,-3.284570,-8.048656
-24.035110,-6.973619,-8.038720
-22.505852,-10.473918,-8.044730
-20.515540,-13.735096,-8.049056
-18.138043,-16.725948,-8.041282
-15.304252,-19.510966,-8.051109
-12.106848,-21.870923,-8.048933
-8.446394,-23.775310,-8.045181
-4.521666,-25.057778,-8.047210
-0.286183,-25.670001,-8.046508
3.989506,-25.509173,-8.044930
8.193311,-24.680957,-8.049608
12.181621,-23.132738,-8.047021
15.898244,-20.713675,-8.038015
18.941658,-17.702153,-8.042069
21.481413,-14.071309,-8.044858
23.118548,-10.261564,-8.045749
23.713267,-6.047661,-8.042968
23.460036,-1.915134,-8.037225
23.142866,1.904963,-8.039041
21.799565,5.603800,-8.048210
19.979987,8.834299,-8.050232
17.886149,11.614542,-8.045661
15.228552,13.896585,-8.043248
11.359956,14.533314,-11.301240
9.153067,16.323524,-11.295770
6.853601,17.971836,-11.289736
4.219469,19.366531,-11.291998
1.440980,20.435847,-11.297640
-1.737053,21.163691,-11.292672
-4.844304,21.380540,-11.297057
-8.263112,21.293093,-11.295429
-11.527290,20.415409,-11.296726
-14.476931,18.683323,-11.299868
-17.179942,16.396799,-11.292291
-19.419395,13.833694,-11.288165
-21.302040,10.827368,-11.299846
-22.632437,7.546766,-11.295828
-23.478669,4.095847,-11.286811
-23.759122,0.568666,-11.288869
-23.316532,-2.952469,-11.290131
-22.331403,-6.360251,-11.288601
-20.859730,-9.579899,-11.297049
-19.044837,-12.630507,-11.301721
-16.923655,-15.466082,-11.296095
-14.290673,-18.048165,-11.295521
-11.315121,-20.228381,-11.298032
-7.919227,-21.994110,-11.294765
-4.276630,-23.181156,-11.294559
-0.345967,-23.745837,-11.301507
3.622063,-23.601680,-11.294278
7.518000,-22.817550,-11.293929
11.341687,-21.302248,-11.292841
14.664045,-19.125253,-11.289559
17.481294,-16.324139,-11.297456
19.816482,-12.937868,-11.293235
21.286281,-9.387436,-11.295660
21.807119,-5.466737,-11.300157
21.500636,-1.639758,-11.292114
20.995761,1.878018,-11.287665
19.751802,5.169503,-11.288020
18.113535,8.188244,-11.292999
16.184174,10.776410,-11.299276
13.800548,12.770363,-11.302409
10.351852,13.323786,-14.543037
8.352944,15.004671,-14.542989
6.165376,16.635693,-14.543744
3.762326,17.948792,-14.547530
1.224535,18.967890,-14.550088
-1.682224,19.690514,-14.540916
-4.663360,19.955359,-14.536244
-7.799731,19.881128,-14.546022
-10.815226,19.104581,-14.544806
-13.645082,17.474530,-14.542298
-16.100474,15.336302,-14.549119
-18.140509,12.967463,-14.541063
-19.831381,10.180702,-14.545700
-20.969228,7.136481,-14.547026
-21.702453,3.951909,-14.546446
-21.944675,0.585154,-14.550216
-21.455765,-2.640827,-14.548727
-20.547760,-5.635846,-14.541396
-19.165981,-8.576007,-14.539545
-17.536003,-11.404542,-14.543475
-15.582626,-14.161590,-14.548035
-13.145822,-16.517986,-14.549489
-10.402087,-18.509438,-14.541910
-7.276865,-20.116931,-14.536636
-3.922396,-21.184792,-14.542461
-0.439311,-21.678925,-14.550640
3.207138,-21.554523,-14.545358
6.778746,-20.807948,-14.541996
10.286427,-19.397502,-14.538952
13.348563,-17.415301,-14.537659
15.947934,-14.853049,-14.546413
18.015477,-11.844666,-14.544524
19.390126,-8.457196,-14.544038
19.857077,-4.847484,-14.548315
19.518601,-1.339184,-14.546208
18.837594,1.850331,-14.540541
17.634349,4.860805,-14.542454
16.303795,7.421110,-14.546783
14.594954,9.853177,-14.547593
12.454139,11.739341,-14.545230
9.277186,12.255625,-17.796582
7.503563,13.821660,-17.796688
5.543833,15.329011,-17.793979
3.383744,16.549580,-17.793376
0.984363,17.539329,-17.796268
-1.528140,18.193539,-17.794170
-4.344411,18.476743,-17.788136
-7.180382,18.375087,-17.786378
-10.036374,17.645674,-17.786909
-12.601935,16.187366,-17.788955
-14.804487,14.219264,-17.793898
-16.707008,11.965317,-17.798862
-18.192763,9.411893,-17.801133
-19.168112,6.511296,-17.793530
-19.793844,3.613639,-17.789434
-19.987951,0.684716,-17.789103
-19.482417,-2.230765,-17.786436
-18.572367,-5.040278,-17.792682
-17.327225,-7.575249,-17.790022
-15.884391,-10.159350,-17.793982
-14.179243,-12.697540,-17.800988
-12.055819,-14.752716,-17.789396
-9.565570,-16.553407,-17.791300
-6.735002,-18.009241,-17.796865
-3.698029,-18.984236,-17.793666
-0.426604,-19.455221,-17.788458
2.760659,-19.343361,-17.791293
5.984671,-18.622817,-17.793658
9.044646,-17.363356,-17.798310
11.940672,-15.540556,-17.800281
14.331976,-13.255848,-17.788208
16.195745,-10.523442,-17.788927
17.401633,-7.441985,-17.794240
17.823705,-4.282550,-17.791506
17.501064,-1.108857,-17.786775
16.640436,1.837298,-17.793118
15.543426,4.443885,-17.799313
14.387442,6.779306,-17.798836
12.963567,8.934546,-17.795481
11.112451,10.739446,-17.795388
8.264607,11.108054,-21.049389
6.655222,12.615511,-21.042821
4.932711,13.977034,-21.037412
2.936646,15.133715,-21.041378
0.811774,16.025041,-21.044674
-1.516964,16.644078,-21.037001
-4.020140,16.887116,-21.038568
-6.629886,16.684591,-21.042019
-9.165180,15.991670,-21.046350
-11.431902,14.700358,-21.049984
-13.429006,12.834921,-21.046229
-15.093717,10.815518,-21.041334
-16.354030,8.514739,-21.049842
-17.120075,5.909199,-21.045135
-17.643170,3.433960,-21.041437
-17.821971,0.737035,-21.047972
-17.299792,-1.842620,-21.051722
-16.497298,-4.228084,-21.049374
-15.314804,-6.555173,-21.044226
-14.124378,-8.781671,-21.040592
-12.675870,-11.071766,-21.039439
-10.774807,-12.883717,-21.040309
-8.554700,-14.471449,-21.042582
-6.038627,-15.755351,-21.041525
-3.337681,-16.605234,-21.038389
-0.535513,-17.001700,-21.039961
2.296420,-16.910493,-21.047224
5.142860,-16.221240,-21.043679
7.846525,-15.064900,-21.039889
10.353651,-13.544815,-21.043625
12.525123,-11.567631,-21.041864
14.192308,-9.150305,-21.046151
15.252983,-6.413768,-21.046855
15.647410,-3.605291,-21.045577
15.373875,-0.892292,-21.050949
14.403565,1.760730,-21.050760
13.432879,3.968547,-21.042527
12.455319,6.057621,-21.037566
11.244827,8.013578,-21.041786
9.790746,9.656141,-21.047703
7.076595,9.962666,-24.285992
5.735678,11.299818,-24.292599
4.263837,12.485777,-24.293270
2.486653,13.552972,-24.288328
0.579549,14.361344,-24.289920
-1.513338,14.906030,-24.292544
-3.671026,15.091186,-24.289643
-5.893008,14.778257,-24.287971
-8.154230,14.100755,-24.295159
-10.084382,12.981097,-24.293557
-11.756082,11.320693,-24.289189
-13.210110,9.488200,-24.300258
-14.242054,7.480966,-24.291564
-14.781635,5.302532,-24.287490
-15.257931,3.084380,-24.290810
-15.418415,0.864123,-24.290402
-14.918349,-1.349397,-24.287114
-14.196127,-3.388412,-24.291747
-13.141817,-5.370144,-24.299318
-12.153721,-7.304374,-24.300993
-11.003150,-9.222057,-24.298001
-9.290142,-10.833174,-24.295194
-7.446836,-12.135743,-24.290965
-5.277279,-13.226301,-24.289858
-3.036533,-13.916761,-24.290819
-0.626743,-14.258693,-24.292298
1.811579,-14.189192,-24.297406
4.238491,-13.534485,-24.291362
6.462160,-12.527673,-24.289563
8.644135,-11.265886,-24.299181
10.507717,-9.695984,-24.298378
11.975518,-7.643148,-24.298510
12.869987,-5.380120,-24.295277
13.260230,-2.969512,-24.291974
13.051065,-0.541855,-24.297760
12.074577,1.676054,-24.295470
11.181479,3.551681,-24.295391
10.371996,5.358367,-24.295353
9.430136,6.999544,-24.290086
8.319402,8.531588,-24.285706
5.765673,8.500816,-27.539721
4.694485,9.694563,-27.540797
3.390686,10.759091,-27.545541
1.958566,11.639616,-27.550355
0.348703,12.334171,-27.547890
-1.421708,12.791052,-27.548795
-3.251606,12.919947,-27.539802
-5.082017,12.465675,-27.543620
-6.907161,11.853812,-27.541613
-8.491630,10.870322,-27.540011
-9.781722,9.445734,-27.543931
-10.940017,7.945514,-27.540596
-11.703722,6.280693,-27.540430
-12.039836,4.488598,-27.542993
-12.488018,2.701763,-27.545504
-12.613201,0.913897,-27.544022
-12.157137,-0.805526,-27.543217
-11.543660,-2.446281,-27.547167
-10.705883,-3.982096,-27.542736
-9.939611,-5.569655,-27.545811
-9.024498,-7.132726,-27.547790
-7.676977,-8.382779,-27.538302
-6.168602,-9.420742,-27.543021
-4.464825,-10.257048,-27.546389
-2.645886,-10.810227,-27.541717
-0.689415,-11.084607,-27.538912
1.219893,-11.036643,-27.543657
3.097923,-10.473164,-27.543347
4.883025,-9.610252,-27.538905
6.625061,-8.686609,-27.538977
8.213858,-7.505752,-27.543033
9.410002,-5.939061,-27.546890
10.178196,-4.039773,-27.544741
10.521350,-2.162164,-27.540676
10.417395,-0.179864,-27.542274
9.531852,1.562879,-27.538829
8.690663,3.109877,-27.544893
8.088744,4.519917,-27.548914
7.365567,5.874754,-27.537981
6.608323,7.218836,-27.535727
3.913927,6.575146,-30.795851
3.187375,7.552425,-30.795702
2.272587,8.318877,-30.792303
1.197841,9.022516,-30.789770
-0.029659,9.555861,-30.792338
-1.330567,9.879518,-30.795432
-2.726737,9.920447,-30.795988
-4.000128,9.391630,-30.792421
-5.269785,8.906292,-30.795713
-6.346390,8.091109,-30.794069
-7.183633,7.019823,-30.791843
-7.966119,5.938504,-30.793405
-8.402946,4.725887,-30.791188
-8.567826,3.448627,-30.794886
-9.034242,2.288716,-30.794483
-9.099438,1.049958,-30.794611
-8.717187,-0.162128,-30.793440
-8.259825,-1.298918,-30.791269
-7.669917,-2.325860,-30.796074
-7.168034,-3.463163,-30.796193
-6.528589,-4.501851,-30.793290
-5.589434,-5.324207,-30.791529
-4.514679,-6.034978,-30.789595
-3.392573,-6.550193,-30.791914
-2.152552,-6.895209,-30.795469
-0.823320,-7.069811,-30.794585
0.476363,-7.057713,-30.790435
1.729303,-6.637131,-30.792037
2.908092,-5.984055,-30.796540
4.069305,-5.432212,-30.795362
5.296085,-4.752631,-30.791361
6.226266,-3.737863,-30.790883
6.778095,-2.451073,-30.794691
7.065438,-1.144399,-30.797494
7.110248,0.223471,-30.794798
6.424909,1.500272,-30.789653
5.662446,2.549903,-30.792573
5.249606,3.551069,-30.798721
4.775558,4.464542,-30.796149
4.356601,5.471432,-30.794421
-1.047833,2.069273,-34.044060
10.873044,19.880482,30.955941
6.833019,20.346601,30.955940
3.191422,20.160762,30.955940
-0.241051,19.449556,30.955940
-3.276283,18.360193,30.955940
-5.905135,17.034731,30.955940
-8.249416,15.496527,30.955940
-10.298179,13.794175,30.955940
-11.949582,12.075595,30.955940
-13.389293,10.176057,30.955940
-14.567765,8.104570,30.955940
-15.403492,6.022382,30.955940
-15.939439,3.988589,30.955940
-16.252663,1.767185,30.955940
-16.314865,-0.335184,30.955940
-16.166318,-2.433139,30.955940
-15.790815,-4.644828,30.955940
-15.206241,-6.810857,30.955940
-14.426058,-8.914414,30.955940
-13.328411,-11.187231,30.955940
-11.930744,-13.455528,30.955940
-10.207616,-15.668668,30.955940
-7.923565,-17.947591,30.955940
-5.336096,-19.875596,30.955940
-2.095624,-21.550960,30.955940
1.521261,-22.675281,30.955940
5.553286,-23.222027,30.955940
9.900970,-23.106887,30.955940
14.446393,-22.228758,30.955940
19.023174,-20.451825,30.955940
23.253030,-17.674780,30.955940
26.659557,-13.757605,30.955940
28.649092,-9.109336,30.955940
29.229978,-4.085319,30.955941
28.665036,0.935878,30.955941
27.135931,5.749011,30.955941
24.910523,9.965340,30.955941
22.041166,13.605729,30.955940
18.591995,16.545188,30.955941
15.277364,19.213000,28.198837
11.262888,20.489626,28.206698
7.229999,20.976658,28.211213
3.437469,20.900019,28.207307
-0.129645,20.199595,28.207326
-3.246173,18.922368,28.208115
-6.023781,17.576910,28.200024
-8.445133,15.924885,28.201405
-10.671896,14.635874,28.207808
-12.313376,12.465819,28.213240
-13.755933,10.549959,28.210333
-15.231641,8.600868,28.208540
-15.679663,6.208776,28.211888
-16.166683,4.026535,28.207101
-16.400525,1.799133,28.207075
-16.410883,-0.307054,28.205861
-16.228637,-2.540769,28.202062
-15.846071,-4.607795,28.200705
-15.245718,-6.767380,28.203486
-14.508541,-9.040640,28.205071
-13.431987,-11.309702,28.201658
-11.962766,-13.539347,28.199555
-10.272539,-15.951956,28.209400
-8.061329,-18.292087,28.211549
-5.301597,-20.228147,28.205418
-2.126209,-21.715065,28.202335
1.626985,-22.862656,28.198922
5.680270,-23.360704,28.203078
9.969286,-23.095505,28.209668
14.399760,-22.160981,28.207214
19.013016,-20.357521,28.200564
20.746869,-16.014213,28.207194
21.589113,-11.431852,28.210111
23.619900,-7.612664,28.204117
25.996871,-3.655455,28.204279
28.211004,1.013086,28.205631
27.607376,5.822986,28.202880
25.202433,10.101637,28.206889
22.495685,13.807183,28.213107
19.062278,16.974369,28.205199
15.596155,19.540353,25.453353
11.419347,20.868296,25.455158
7.349117,21.352491,25.453194
3.520399,21.341156,25.454255
-0.077979,20.669309,25.457669
-3.336886,19.283211,25.453829
-6.154465,17.961733,25.453185
-8.589493,16.290199,25.460903
-10.975747,15.183007,25.462277
-12.582590,12.875471,25.460611
-14.097628,10.832303,25.455941
-15.755169,8.905404,25.450305
-15.976573,6.277032,25.450706
-16.418623,4.070010,25.453102
-16.610520,1.821152,25.458627
-16.603470,-0.304528,25.456266
-16.424614,-2.556784,25.453974
-16.033609,-4.640525,25.456832
-15.421308,-6.815792,25.457090
-14.676561,-9.260149,25.459772
-13.584863,-11.537676,25.460936
-12.142157,-13.645738,25.459433
-10.415945,-16.237297,25.461524
-8.215575,-18.620314,25.459919
-5.393701,-20.522444,25.454177
-2.021237,-21.987690,25.450754
1.643292,-23.063294,25.452924
5.731537,-23.495847,25.456512
9.921845,-23.128483,25.457162
14.351769,-22.047248,25.456897
18.630558,-20.144576,25.460654
20.535783,-15.744707,25.456835
21.665670,-11.397786,25.457389
23.732977,-7.708557,25.461879
25.850184,-3.560493,25.455215
28.083127,0.992415,25.451298
27.652446,5.836550,25.458788
25.367539,10.078469,25.459915
22.620188,13.978262,25.451374
19.345015,17.183564,25.450393
15.655278,19.605354,22.702920
11.478808,20.932720,22.705267
7.394769,21.417293,22.704406
3.560489,21.448532,22.703133
-0.055150,20.829680,22.705131
-3.343526,19.494869,22.707810
-6.188274,18.216363,22.703244
-8.645739,16.569249,22.703353
-11.196437,15.454409,22.709431
-12.801714,13.153336,22.703901
-14.432378,11.005276,22.704172
-16.039813,9.212097,22.709993
-16.229733,6.434281,22.705856
-16.688863,4.081242,22.708672
-16.877141,1.827222,22.708816
-16.884481,-0.303068,22.710176
-16.730222,-2.561394,22.709789
-16.324940,-4.791077,22.708094
-15.712577,-6.971124,22.711501
-14.957180,-9.417659,22.709279
-13.869072,-11.703547,22.705000
-12.343180,-13.932016,22.705471
-10.605611,-16.524785,22.708546
-8.280068,-18.991500,22.709600
-5.417822,-20.846164,22.705276
-2.014302,-22.257735,22.701100
1.676138,-23.278710,22.709425
5.772798,-23.621811,22.708081
9.978379,-23.126250,22.702241
14.217432,-21.902968,22.705447
18.318549,-19.783703,22.701631
20.666862,-15.909441,22.700847
22.324794,-11.756945,22.707909
24.380528,-7.906129,22.712498
26.203665,-3.604074,22.704513
27.889464,0.995066,22.701018
27.381364,5.784263,22.708953
25.213323,10.039293,22.709106
22.563198,13.871009,22.699187
19.349174,17.173193,22.698690
15.391475,19.334397,19.958555
11.379154,20.634567,19.961763
7.306780,21.131524,19.958933
3.492911,21.173618,19.952240
-0.124296,20.622842,19.950637
-3.321271,19.488111,19.953918
-6.175909,18.261390,19.954582
-8.662592,16.677288,19.959997
-11.149271,15.500862,19.962676
-12.916827,13.288470,19.954067
-14.576154,11.142635,19.951441
-16.112889,9.260042,19.956980
-16.437059,6.530924,19.959271
-16.934168,4.191965,19.960986
-17.176835,1.952735,19.955237
-17.232427,-0.310009,19.951432
-17.099469,-2.702129,19.950848
-16.718067,-4.927962,19.950444
-16.083879,-7.240064,19.951084
-15.270438,-9.653550,19.951547
-14.091843,-12.048911,19.954840
-12.518694,-14.400409,19.959591
-10.717630,-16.933601,19.957533
-8.432683,-19.229577,19.952728
-5.449869,-21.129443,19.951979
-2.050063,-22.514184,19.955057
1.785197,-23.487377,19.952880
5.727563,-23.713521,19.955814
9.920687,-23.103579,19.957944
14.067819,-21.691825,19.953272
17.969838,-19.375893,19.957160
20.900798,-15.983050,19.953661
23.120130,-12.174575,19.951796
25.100252,-8.133462,19.953677
26.619397,-3.731206,19.948517
27.491104,1.019482,19.956772
26.779100,5.582263,19.958553
24.697405,9.938068,19.953605
22.109212,13.650207,19.953358
19.029074,16.873513,19.955307
14.730739,18.643197,17.207240
10.909540,19.944993,17.204155
6.884103,20.472821,17.207672
3.254219,20.486505,17.210503
-0.207258,20.049760,17.206236
-3.305578,19.196950,17.206516
-6.147932,18.027393,17.207350
-8.666854,16.541168,17.202592
-10.986111,15.197741,17.202421
-12.885982,13.218787,17.202562
-14.486782,11.235699,17.203737
-15.955370,9.087911,17.206042
-16.555486,6.618851,17.206747
-17.132263,4.319224,17.209835
-17.476416,1.974446,17.205993
-17.601310,-0.400173,17.208051
-17.502887,-2.769549,17.209435
-17.137221,-5.116480,17.206077
-16.491995,-7.546033,17.210289
-15.595876,-9.895247,17.211205
-14.396877,-12.261076,17.207516
-12.821985,-14.736493,17.203469
-10.846014,-17.272074,17.201460
-8.490136,-19.453817,17.201424
-5.407285,-21.380152,17.201150
-2.038256,-22.741782,17.201066
1.779719,-23.611504,17.205778
5.825020,-23.719240,17.209353
9.959887,-22.972355,17.211793
13.850903,-21.418959,17.211578
17.460429,-19.037964,17.202348
20.869054,-16.107046,17.205174
23.672426,-12.487405,17.207357
25.586173,-8.266487,17.203670
26.795563,-3.674697,17.210531
26.763777,0.926077,17.204063
25.736640,5.442367,17.200228
23.836230,9.619777,17.202708
21.306365,13.161704,17.204521
18.221175,16.306350,17.206905
13.619518,17.469629,14.454647
10.031702,18.845390,14.459619
6.378744,19.422288,14.459356
2.952207,19.392259,14.453583
-0.325939,19.094848,14.451637
-3.291634,18.570707,14.456206
-5.972784,17.526415,14.456355
-8.519868,16.175467,14.451872
-10.696735,14.524214,14.457207
-12.612743,12.950110,14.457977
-14.325966,11.017962,14.454308
-15.539046,8.854104,14.455101
-16.564279,6.615558,14.458177
-17.284823,4.255388,14.459040
-17.719828,1.966386,14.455786
-17.927072,-0.354772,14.458815
-17.869496,-2.819342,14.460502
-17.532365,-5.264964,14.453798
-16.937483,-7.662075,14.451002
-15.864976,-10.176711,14.455280
-14.576364,-12.605060,14.456837
-13.086405,-15.062743,14.453088
-11.029593,-17.450852,14.455188
-8.517852,-19.584098,14.456809
-5.489268,-21.461370,14.457354
-2.059026,-22.857627,14.460337
1.707049,-23.614854,14.461550
5.818983,-23.604541,14.460741
9.720478,-22.788289,14.458052
13.595077,-21.045891,14.454292
17.036219,-18.570970,14.453497
20.736098,-15.894567,14.457060
23.834878,-12.515616,14.459640
25.627663,-8.294029,14.457988
26.429665,-3.700405,14.454896
25.640165,0.862199,14.451606
24.299011,5.221323,14.452081
22.575542,9.075058,14.452864
20.026405,12.497965,14.451460
16.989808,15.327459,14.451751
12.082457,15.847985,11.700545
9.050567,17.282687,11.706832
5.708051,18.029085,11.710679
2.506323,17.962955,11.706369
-0.413455,17.806169,11.705631
-3.189918,17.586642,11.710852
-5.808538,16.636623,11.703570
-8.236322,15.502735,11.704668
-10.142004,13.677927,11.710392
-12.166137,12.359512,11.706476
-13.854622,10.643959,11.703514
-14.965901,8.479025,11.704394
-16.409886,6.585797,11.703066
-17.263588,4.345716,11.709774
-17.829976,2.015780,11.711399
-18.137905,-0.351462,11.707560
-18.125981,-2.876061,11.707333
-17.821431,-5.384499,11.710035
-17.243852,-7.848233,11.704213
-16.138454,-10.249408,11.700808
-14.786763,-12.706696,11.701366
-13.251280,-15.339497,11.702653
-11.046208,-17.637677,11.706189
-8.514897,-19.598432,11.705531
-5.452569,-21.460447,11.704223
-1.994757,-22.841419,11.708055
1.676142,-23.458186,11.709924
5.666281,-23.330790,11.707386
9.550250,-22.405875,11.703333
13.245561,-20.582092,11.702360
16.515987,-18.090219,11.705892
20.117340,-15.533094,11.709160
23.315250,-12.240793,11.709007
24.984542,-7.981639,11.706213
25.234706,-3.463823,11.703128
24.008585,0.865210,11.701527
22.508908,4.863391,11.702342
20.816418,8.465531,11.704133
18.353963,11.600562,11.703980
15.343969,13.982457,11.700815
10.414642,13.934016,8.952111
7.752770,15.500155,8.953379
5.037525,16.377511,8.953023
2.091940,16.337265,8.956228
-0.690348,16.280728,8.959925
-3.213973,16.194162,8.955545
-5.614645,15.398423,8.960101
-7.866879,14.471425,8.954011
-9.569512,12.614404,8.951465
-11.579713,11.526155,8.950574
-13.190343,9.954459,8.955532
-14.381238,7.989495,8.958350
-16.168521,6.389278,8.953726
-17.108373,4.296001,8.957584
-17.786060,1.976035,8.956533
-18.178189,-0.388702,8.957222
-18.216440,-2.922626,8.959633
-17.948445,-5.443653,8.957278
-17.396437,-7.923828,8.952267
-16.193032,-10.415056,8.953009
-14.821505,-12.861300,8.957663
-13.299082,-15.477244,8.958413
-11.112668,-17.578654,8.952592
-8.424965,-19.511749,8.950531
-5.485781,-21.248388,8.955255
-2.061474,-22.582775,8.961014
1.702371,-23.092685,8.962078
5.504174,-22.847203,8.958189
9.296106,-21.832270,8.952663
12.780562,-20.015088,8.950830
15.964196,-17.514503,8.954995
19.138544,-14.786618,8.955470
21.825026,-11.573554,8.954831
23.220116,-7.507495,8.957323
22.913674,-3.199729,8.957502
21.885491,0.735477,8.953775
20.477772,4.380912,8.956250
18.683790,7.757401,8.958574
16.353420,10.568221,8.953445
13.293734,12.506689,8.951396
8.665156,12.162941,6.203518
6.568316,13.594372,6.202806
4.128081,14.648966,6.204818
1.585700,14.667578,6.204762
-0.906395,14.672163,6.202941
-3.160428,14.613549,6.206834
-5.328161,13.987128,6.201435
-7.477039,13.210053,6.201917
-8.994246,11.542736,6.206461
-10.917787,10.613550,6.203669
-12.412664,9.244920,6.201155
-13.739287,7.575070,6.206530
-15.713376,6.254938,6.210807
-16.822057,4.125123,6.203830
-17.545548,1.972647,6.205300
-18.011474,-0.348554,6.208949
-18.112473,-2.847209,6.208412
-17.887617,-5.337257,6.207696
-17.340971,-7.905686,6.211656
-16.163586,-10.352598,6.206688
-14.804907,-12.750942,6.200090
-13.230758,-15.397337,6.200655
-11.038725,-17.396565,6.200427
-8.370826,-19.219712,6.201850
-5.369721,-20.910262,6.205114
-2.009239,-22.117535,6.206992
1.538822,-22.485093,6.207051
5.226290,-22.150151,6.207273
8.872558,-21.088010,6.207368
12.236692,-19.290737,6.205132
15.231134,-16.921497,6.201325
17.698291,-13.907017,6.205312
19.576900,-10.525077,6.209662
20.517597,-6.761328,6.207040
19.823509,-2.773045,6.204667
19.338633,0.683326,6.205336
18.246029,4.003746,6.205688
16.445557,6.876566,6.205184
14.324784,9.411547,6.205268
11.445107,10.961699,6.204581
7.288817,10.649435,3.460761
5.428477,11.911333,3.456021
3.406844,12.954293,3.449750
1.043534,13.106968,3.452908
-1.059709,13.147459,3.461062
-3.054969,13.047319,3.460698
-5.106921,12.565654,3.455008
-7.028004,11.962601,3.453551
-8.469899,10.584628,3.458973
-10.175797,9.787805,3.453835
-11.692230,8.584803,3.450333
-13.139267,7.222098,3.456145
-15.227513,5.989104,3.458142
-16.350999,4.041026,3.451637
-17.131332,1.950131,3.454855
-17.661621,-0.423877,3.459975
-17.798695,-2.754672,3.459571
-17.590799,-5.303296,3.455887
-17.053001,-7.807138,3.453854
-15.935211,-10.207900,3.455548
-14.618894,-12.548704,3.458521
-13.034778,-15.080394,3.459430
-10.802560,-17.074917,3.457153
-8.197959,-18.802805,3.455672
-5.354621,-20.307394,3.456729
-2.079365,-21.376609,3.456915
1.350984,-21.640820,3.451494
4.898740,-21.230961,3.452235
8.380080,-20.140669,3.457727
11.513343,-18.441311,3.457913
14.412166,-16.126864,3.454033
16.218759,-12.907169,3.453304
17.273264,-9.422435,3.454298
17.811473,-5.952143,3.452567
17.029722,-2.490487,3.450884
16.806631,0.655907,3.456188
16.024306,3.553459,3.460504
14.181038,6.156550,3.458675
12.321851,8.341687,3.457000
9.709427,9.686318,3.459748
6.237980,9.511952,0.706567
4.439371,10.570492,0.705778
2.713510,11.451569,0.704467
0.653397,11.755070,0.705574
-1.200667,11.810315,0.711842
-3.051899,11.639323,0.708541
-4.880315,11.306095,0.701512
-6.584016,10.854908,0.704623
-8.089925,9.773448,0.709998
-9.695912,9.056276,0.706355
-11.180884,7.980253,0.704248
-12.696506,6.902394,0.706249
-14.690471,5.671552,0.705839
-15.782348,3.884587,0.702815
-16.583015,1.861803,0.702668
-17.110085,-0.341618,0.703501
-17.283109,-2.712805,0.705480
-17.098897,-5.084121,0.707179
-16.576447,-7.511857,0.705337
-15.558529,-9.872917,0.707108
-14.246429,-12.234493,0.708998
-12.692291,-14.540437,0.707412
-10.557328,-16.487976,0.708009
-8.052238,-18.151336,0.711258
-5.271378,-19.514049,0.709719
-2.085796,-20.406265,0.701685
1.214312,-20.569683,0.701521
4.505213,-20.119262,0.705083
7.723023,-19.050291,0.705074
10.703633,-17.376233,0.700690
13.381066,-15.162314,0.699489
14.814470,-11.861351,0.705808
15.330370,-8.502890,0.706969
15.614032,-5.338524,0.702330
14.880385,-2.236682,0.709274
14.565556,0.574066,0.712096
13.849301,3.179589,0.705954
12.218941,5.383398,0.701495
10.551385,7.355395,0.707133
8.375798,8.633183,0.708618
5.430502,8.664392,-2.036004
3.684157,9.487528,-2.041966
2.110126,10.174151,-2.049036
0.346534,10.620820,-2.046388
-1.371942,10.693141,-2.040515
-2.985402,10.487771,-2.046640
-4.692735,10.267675,-2.041202
-6.277263,9.899759,-2.046484
-7.739437,9.193117,-2.046174
-9.225202,8.523212,-2.047757
-10.685278,7.628813,-2.049221
-12.325093,6.622355,-2.045629
-14.018758,5.415312,-2.039902
-15.119519,3.713635,-2.039875
-15.913026,1.762005,-2.046537
-16.427982,-0.374932,-2.045019
-16.595928,-2.569266,-2.042536
-16.412722,-4.860215,-2.043042
-15.890368,-7.195561,-2.038363
-15.004818,-9.413263,-2.041780
-13.754648,-11.681827,-2.044517
-12.181398,-13.846345,-2.039630
-10.161124,-15.748701,-2.039046
-7.769267,-17.344773,-2.040733
-5.147959,-18.515642,-2.042832
-2.164418,-19.213778,-2.045729
0.894084,-19.309033,-2.047825
4.032850,-18.849587,-2.044321
7.079191,-17.764371,-2.041134
9.782907,-16.115826,-2.044748
12.203562,-13.988927,-2.047012
13.407432,-10.988943,-2.043386
13.678741,-7.659496,-2.039098
13.770013,-4.805482,-2.041764
13.104541,-1.934913,-2.050045
12.608076,0.531695,-2.046162
11.843538,2.853942,-2.040599
10.433157,4.814986,-2.042799
9.004786,6.495275,-2.040720
7.252584,7.771860,-2.036694
4.727194,7.953715,-4.793655
3.088386,8.598146,-4.793683
1.584683,9.095766,-4.794931
0.099663,9.647485,-4.796246
-1.481886,9.752155,-4.791047
-2.962693,9.532273,-4.794650
-4.454489,9.409289,-4.789897
-5.925013,9.131522,-4.796536
-7.456116,8.715777,-4.792415
-8.890988,8.048189,-4.796646
-10.374372,7.272586,-4.798454
-11.962749,6.320482,-4.792338
-13.332594,5.081974,-4.787394
-14.404142,3.462529,-4.788220
-15.133617,1.666905,-4.793914
-15.602603,-0.305490,-4.798048
-15.761571,-2.412956,-4.795988
-15.582221,-4.520655,-4.790531
-15.090683,-6.667205,-4.788584
-14.264076,-8.900372,-4.792998
-13.111734,-10.977532,-4.798970
-11.600953,-12.931244,-4.799139
-9.719017,-14.789414,-4.791624
-7.531585,-16.272561,-4.793836
-4.917152,-17.337516,-4.794889
-2.231397,-17.843663,-4.788208
0.672670,-17.871609,-4.796989
3.562269,-17.423598,-4.796655
6.260751,-16.395796,-4.787568
8.741557,-14.703166,-4.788864
10.841463,-12.740494,-4.796484
11.990689,-9.981718,-4.800119
12.152155,-7.010289,-4.797049
12.089269,-4.287391,-4.792638
11.571681,-1.799141,-4.789420
10.881919,0.491152,-4.794802
10.031808,2.513137,-4.797823
8.915042,4.206911,-4.790757
7.607511,5.753099,-4.789000
6.222578,6.997591,-4.791345
4.061396,7.299548,-7.546172
2.593224,7.857220,-7.546923
1.106029,8.188558,-7.548397
-0.200240,8.819584,-7.547917
-1.563541,8.946014,-7.538385
-2.994074,8.726645,-7.548415
-4.359986,8.667024,-7.547595
-5.711256,8.455269,-7.548105
-7.234586,8.280032,-7.548961
-8.593079,7.601163,-7.547863
-10.086505,6.967469,-7.549540
-11.457522,6.037406,-7.548337
-12.565873,4.728720,-7.542826
-13.599059,3.206841,-7.540015
-14.253534,1.559092,-7.542156
-14.677954,-0.328583,-7.540016
-14.794877,-2.254666,-7.543404
-14.600896,-4.176792,-7.549407
-14.109790,-6.210279,-7.546386
-13.413976,-8.190863,-7.541443
-12.317614,-10.146958,-7.540255
-10.895061,-11.904366,-7.543304
-9.204502,-13.631048,-7.546315
-7.143896,-15.032947,-7.545581
-4.803392,-15.913812,-7.542694
-2.255741,-16.301569,-7.539792
0.396016,-16.284862,-7.537039
2.959910,-15.882871,-7.541074
5.469660,-14.850436,-7.545072
7.568355,-13.210777,-7.540701
9.422214,-11.365112,-7.539557
10.524212,-9.013027,-7.539348
10.709577,-6.318809,-7.540480
10.505737,-3.836768,-7.543883
10.096896,-1.617914,-7.539999
9.355897,0.415360,-7.540448
8.400788,2.192669,-7.547060
7.484336,3.708871,-7.548423
6.366145,5.062415,-7.544864
5.295873,6.216574,-7.543906
3.446574,6.608097,-10.294826
2.145136,7.216965,-10.294960
0.774811,7.386223,-10.298226
-0.355329,8.052631,-10.288940
-1.649567,8.239702,-10.294379
-2.943439,8.058612,-10.294750
-4.249959,8.040323,-10.289512
-5.548981,7.878671,-10.289911
-7.006201,7.856349,-10.295616
-8.206735,7.203594,-10.289913
-9.755366,6.676144,-10.289247
-10.924284,5.619089,-10.289820
-11.716405,4.350756,-10.290521
-12.667699,2.998734,-10.290625
-13.269336,1.432746,-10.286925
-13.614683,-0.279134,-10.298256
-13.693220,-2.020287,-10.295709
-13.482170,-3.823279,-10.288227
-13.029540,-5.583405,-10.296459
-12.376851,-7.441292,-10.300059
-11.405512,-9.131039,-10.293462
-10.109415,-10.711646,-10.287920
-8.543138,-12.332638,-10.294732
-6.733219,-13.543031,-10.293003
-4.531262,-14.311519,-10.287346
-2.294089,-14.586871,-10.288175
0.024977,-14.539767,-10.288931
2.347070,-14.179020,-10.290269
4.531550,-13.248352,-10.293928
6.332827,-11.656528,-10.297673
7.935729,-9.937416,-10.295629
9.012993,-7.902207,-10.293090
9.280169,-5.645308,-10.292156
8.965851,-3.347187,-10.289281
8.624032,-1.393903,-10.287955
7.970712,0.347787,-10.292167
6.957949,1.867419,-10.296134
6.165433,3.264594,-10.290396
5.236951,4.442811,-10.296014
4.321952,5.551672,-10.299929
2.783389,5.909376,-13.043081
1.753926,6.608437,-13.044733
0.403854,6.740770,-13.046996
-0.566468,7.382615,-13.039806
-1.767954,7.607088,-13.040990
-2.918980,7.480078,-13.042971
-4.141059,7.484333,-13.050014
-5.360841,7.359333,-13.041904
-6.715073,7.393088,-13.050224
-7.874098,6.718290,-13.040328
-9.376402,6.325846,-13.036466
-10.210627,5.141806,-13.040576
-10.808922,3.890209,-13.046777
-11.660885,2.692625,-13.047150
-12.158558,1.287192,-13.039062
-12.420899,-0.236641,-13.042162
-12.441501,-1.781614,-13.049622
-12.228231,-3.311892,-13.046662
-11.796609,-4.931592,-13.037581
-11.216882,-6.507659,-13.044205
-10.333822,-7.994135,-13.045498
-9.184881,-9.396069,-13.042391
-7.832688,-10.777334,-13.049188
-6.210754,-11.823245,-13.047555
-4.309201,-12.456997,-13.041051
-2.324424,-12.681930,-13.039821
-0.335426,-12.616657,-13.043049
1.726500,-12.286407,-13.048268
3.591941,-11.465048,-13.048267
5.074307,-10.025216,-13.040297
6.382707,-8.502371,-13.037866
7.394302,-6.848169,-13.042640
7.810524,-4.892463,-13.047126
7.436065,-2.880159,-13.043873
7.118005,-1.202325,-13.046102
6.611793,0.355585,-13.048472
5.624100,1.637708,-13.042641
4.946976,2.820729,-13.040770
4.224063,3.854785,-13.042916
3.444792,4.848277,-13.044216
2.068919,5.148023,-15.792668
1.285102,5.959335,-15.792064
0.124818,6.099264,-15.789350
-0.788707,6.721989,-15.796659
-1.809898,6.971588,-15.799812
-2.914288,6.900887,-15.791732
-4.019551,6.918653,-15.791641
-5.124896,6.807874,-15.795839
-6.391170,6.808754,-15.797800
-7.429362,6.172635,-15.794251
-8.869272,5.850260,-15.791830
-9.291263,4.538932,-15.787621
-9.777270,3.417201,-15.792181
-10.499489,2.363548,-15.797440
-10.891447,1.087137,-15.798921
-11.045171,-0.176257,-15.799861
-11.016000,-1.505724,-15.791990
-10.790878,-2.813599,-15.790297
-10.396221,-4.143249,-15.795828
-9.854731,-5.478489,-15.797578
-9.104742,-6.701403,-15.798961
-8.159065,-7.868424,-15.800171
-7.010106,-8.990367,-15.798734
-5.641558,-9.828007,-15.794541
-4.056073,-10.347463,-15.794564
-2.406218,-10.543364,-15.799382
-0.753788,-10.481935,-15.799077
0.969234,-10.211028,-15.795194
2.530145,-9.543020,-15.791969
3.718562,-8.301599,-15.791970
4.732937,-6.983182,-15.795344
5.657460,-5.644756,-15.796561
6.229024,-4.189891,-15.794015
5.899571,-2.445195,-15.796229
5.536131,-1.007369,-15.795637
5.272347,0.280504,-15.791080
4.382135,1.395888,-15.790524
3.741963,2.377782,-15.795407
3.201306,3.325510,-15.797145
2.549205,4.169545,-15.793030
1.227534,4.265634,-18.544928
0.731531,5.144080,-18.541631
-0.208656,5.375724,-18.547704
-1.016942,5.934223,-18.538692
-1.915453,6.210377,-18.549386
-2.903622,6.184657,-18.543950
-3.889607,6.202496,-18.541901
-4.879695,6.103119,-18.542188
-5.971056,5.982637,-18.549026
-6.883916,5.454681,-18.543780
-8.092397,5.134862,-18.546106
-8.093540,3.753411,-18.543106
-8.593803,2.857333,-18.538864
-9.146040,1.919267,-18.542890
-9.380277,0.915053,-18.547252
-9.423280,-0.120339,-18.545023
-9.336118,-1.195153,-18.540070
-9.116196,-2.204910,-18.541687
-8.760990,-3.224057,-18.544061
-8.279951,-4.239629,-18.543808
-7.696630,-5.200610,-18.545455
-6.927750,-6.141367,-18.545632
-6.003161,-6.929401,-18.542521
-4.941568,-7.517363,-18.539733
-3.742890,-7.920000,-18.541456
-2.498453,-8.105557,-18.546419
-1.204249,-8.055175,-18.548272
0.106653,-7.842429,-18.548441
1.348769,-7.345451,-18.548113
2.263980,-6.361187,-18.545683
2.964279,-5.310662,-18.542180
3.680585,-4.321661,-18.540486
4.375101,-3.314702,-18.542934
4.313159,-2.012696,-18.545922
3.819145,-0.786570,-18.545453
3.699569,0.263378,-18.543148
3.129298,1.164882,-18.541385
2.464447,1.920536,-18.542115
2.126464,2.706341,-18.544865
1.603391,3.428397,-18.547974
0.129554,3.098932,-21.298089
-0.101753,3.912887,-21.293154
-0.708467,4.335279,-21.291454
-1.344156,4.741940,-21.296024
-2.088491,5.065080,-21.297724
-2.880250,5.033657,-21.296757
-3.669683,5.044246,-21.296472
-4.464188,4.949230,-21.294012
-5.260221,4.725290,-21.290863
-6.068857,4.371736,-21.294493
-6.592449,3.706462,-21.292914
-6.618542,2.713207,-21.296554
-7.070508,2.107467,-21.296966
-7.375927,1.424641,-21.292974
-7.398774,0.661406,-21.296725
-7.339349,-0.066777,-21.295827
-7.224273,-0.786828,-21.291648
-6.996884,-1.477736,-21.290714
-6.663294,-2.088072,-21.295050
-6.325823,-2.740857,-21.296890
-5.974611,-3.376787,-21.295382
-5.437009,-3.905932,-21.296531
-4.784230,-4.314681,-21.297315
-4.105036,-4.652991,-21.295238
-3.364857,-4.948290,-21.295276
-2.564057,-5.135454,-21.296216
-1.749021,-5.117828,-21.292555
-0.918198,-4.976454,-21.290400
-0.101643,-4.705493,-21.293258
0.510202,-4.136737,-21.294919
0.937080,-3.372376,-21.295028
1.311222,-2.682176,-21.295448
1.880463,-2.105285,-21.294126
2.401731,-1.442977,-21.292190
1.943547,-0.522510,-21.294772
1.686305,0.190146,-21.295384
1.627449,0.879935,-21.295046
1.089483,1.436054,-21.298478
0.697626,1.933098,-21.294921
0.484491,2.527459,-21.290677
-2.730089,1.672649,-24.044060
