32.276700,20.583353,34.972483
28.115687,25.282715,34.972483
23.372160,29.079158,34.972483
17.968976,31.843873,34.972483
12.278756,33.266239,34.972483
6.627148,33.420859,34.972483
1.253864,32.549870,34.972483
-3.708255,30.889931,34.972483
-8.195247,28.633136,34.972483
-12.014642,26.062453,34.972483
-15.359677,23.213084,34.972483
-18.102579,20.335013,34.972483
-20.663512,17.025194,34.972483
-22.647062,13.822985,34.972483
-24.367897,10.239054,34.972483
-25.605139,6.681379,34.972483
-26.476171,2.802208,34.972483
-26.875273,-0.943371,34.972483
-26.810232,-5.128036,34.972482
-26.224758,-9.061534,34.972482
-25.023454,-13.071841,34.972482
-23.086773,-17.016996,34.972482
-20.515405,-20.582818,34.972482
-17.264140,-23.843903,34.972482
-13.571992,-26.594532,34.972482
-9.357690,-28.920465,34.972482
-4.879976,-30.687177,34.972482
0.191122,-31.973576,34.972482
5.595985,-32.600703,34.972482
11.245240,-32.459554,34.972482
17.014245,-31.421146,34.972482
22.719317,-29.346315,34.972482
28.308551,-26.049692,34.972482
33.163322,-21.737998,34.972482
37.118180,-16.327445,34.972483
39.622676,-10.106770,34.972483
40.498810,-3.469585,34.972483
39.964507,3.016903,34.972483
38.232383,9.526157,34.972483
36.573358,15.634650,31.293433
33.224129,21.133036,31.292517
29.041782,26.031482,31.298171
24.248842,29.986706,31.298420
18.804639,33.039038,31.300055
13.083462,34.858997,31.309165
7.095505,35.162476,31.299814
1.489160,34.788940,31.298607
-3.828125,33.271338,31.300853
-8.594532,30.745072,31.301612
-12.737153,28.078454,31.302952
-16.327893,25.016996,31.296107
-19.390187,21.709248,31.296061
-21.954541,18.270924,31.298216
-24.139842,14.577932,31.301520
-25.832977,10.870252,31.305841
-27.127664,7.006255,31.299875
-28.002971,3.020474,31.303348
-28.406460,-1.022908,31.307093
-28.420103,-5.335675,31.305428
-27.766322,-9.785435,31.306428
-25.787891,-13.575508,31.297455
-23.559007,-17.279162,31.298395
-20.762235,-21.030749,31.300887
-17.642639,-24.322435,31.297374
-14.055671,-27.694016,31.300347
-9.584769,-29.754290,31.303774
-4.814200,-31.119314,31.297440
0.235202,-32.039211,31.296191
5.381747,-32.335258,31.300686
10.947785,-31.982821,31.294498
16.626595,-30.834047,31.292241
22.256895,-28.735537,31.297212
27.634599,-25.603153,31.302429
32.527138,-21.414517,31.299876
36.617482,-16.164727,31.293997
39.393164,-10.110723,31.300356
40.636739,-3.579403,31.300550
40.443698,3.092155,31.296040
39.009697,9.634382,31.294473
37.097976,15.827803,27.637268
33.773341,21.479339,27.627342
29.563582,26.511074,27.632277
24.717464,30.575995,27.637721
19.231003,33.792990,27.633769
13.474537,35.843293,27.630600
7.387385,36.323091,27.633056
1.450567,36.087499,27.636222
-3.999827,34.670282,27.631003
-8.910046,32.202941,27.630468
-13.337056,29.408108,27.636956
-17.004831,26.302332,27.625945
-20.268383,22.769792,27.631623
-22.987480,19.076136,27.635976
-25.188180,15.300408,27.629856
-26.978643,11.314757,27.628802
-28.276551,7.373111,27.629544
-29.208273,3.097843,27.623541
-29.623872,-1.234856,27.625547
-29.642505,-5.633494,27.630529
-28.996270,-10.168049,27.622783
-26.771465,-14.155118,27.627129
-24.310911,-18.073285,27.626445
-21.557894,-21.685433,27.624226
-18.185039,-25.161395,27.631312
-14.513458,-28.575401,27.637630
-9.873627,-30.452857,27.627652
-4.933259,-31.553785,27.630235
0.248509,-32.210024,27.636389
5.498921,-32.246906,27.630269
10.929518,-31.673159,27.623264
16.462917,-30.384412,27.625814
21.954119,-28.226073,27.621735
27.219667,-25.108633,27.627557
32.050137,-21.002823,27.637563
36.161676,-15.893469,27.626341
39.079571,-10.014714,27.621735
40.602372,-3.416622,27.628283
40.650228,3.160979,27.637171
39.435025,9.654182,27.641351
37.239162,15.873010,23.956931
33.930314,21.613969,23.960788
29.693344,26.710187,23.956257
24.804375,30.831002,23.952389
19.480196,34.009539,23.955198
13.701294,36.192496,23.959524
7.565258,36.873085,23.964149
1.577898,36.664201,23.961753
-3.980848,35.355607,23.961553
-9.018607,33.049950,23.964160
-13.526029,30.272943,23.963826
-17.432922,27.030565,23.965455
-20.759705,23.489146,23.963038
-23.534232,19.776284,23.959074
-25.885391,15.780261,23.955168
-27.704572,11.757183,23.951089
-29.090664,7.566099,23.951931
-30.028937,3.247691,23.959480
-30.482319,-1.354674,23.963786
-30.484390,-5.788619,23.959270
-29.794610,-10.589210,23.953794
-27.818205,-14.767821,23.956935
-25.354054,-18.992397,23.961738
-22.421569,-22.813633,23.957118
-18.893067,-26.199694,23.954312
-14.878852,-29.297922,23.965500
-9.905638,-31.087787,23.962487
-4.892419,-32.022062,23.956275
0.154849,-32.444697,23.960416
5.454987,-32.281665,23.963469
10.917795,-31.501502,23.954735
16.254028,-30.089445,23.962421
21.555992,-27.887921,23.964075
26.838365,-24.676049,23.954807
31.535581,-20.652558,23.950497
35.599119,-15.701351,23.954795
38.667686,-9.824190,23.955541
40.340305,-3.415442,23.962095
40.567249,3.225018,23.965402
39.449520,9.809276,23.960074
36.993652,15.768798,20.278454
33.691447,21.534193,20.283374
29.585739,26.471439,20.291230
24.690667,30.618240,20.286487
19.356605,33.797196,20.278073
13.561350,35.989354,20.283549
7.419459,36.807887,20.287152
1.653852,36.592381,20.282257
-3.957720,35.360662,20.287269
-9.068032,33.217011,20.293016
-13.615252,30.471844,20.283968
-17.574120,27.270876,20.283410
-20.954983,23.765459,20.285319
-23.904346,19.891380,20.289494
-26.179597,16.093948,20.291907
-28.121993,11.871205,20.290253
-29.525833,7.673174,20.293609
-30.476306,3.348852,20.287753
-30.966666,-1.270690,20.282893
-30.944065,-5.923136,20.284141
-30.277956,-10.745751,20.281362
-28.724279,-15.357586,20.285149
-26.411820,-19.907730,20.285952
-23.341234,-23.954856,20.289197
-19.494960,-27.308625,20.288631
-15.094235,-29.870763,20.278419
-10.056018,-31.550587,20.288358
-5.035891,-32.421350,20.291956
0.267231,-32.700313,20.292615
5.569047,-32.365789,20.292844
10.799795,-31.439017,20.284464
16.103802,-29.860270,20.284298
21.358683,-27.513299,20.289895
26.407215,-24.313981,20.286107
30.917685,-20.389333,20.277892
34.997291,-15.430935,20.281436
38.039846,-9.771679,20.287785
39.842997,-3.380190,20.285915
40.186467,3.048806,20.280415
39.161416,9.667141,20.277665
36.366813,15.516933,16.609679
33.060831,21.234019,16.607546
29.094113,25.947542,16.605661
24.214775,30.060166,16.609654
18.890969,33.168442,16.611802
13.313371,35.217049,16.607757
7.220805,36.138805,16.609806
1.500851,35.925545,16.607929
-3.882616,34.790117,16.611957
-9.001518,32.776736,16.613850
-13.554172,30.099813,16.608352
-17.535077,26.975588,16.620612
-20.942515,23.538948,16.612446
-23.795985,19.904974,16.609618
-26.222080,15.974023,16.615458
-28.100851,11.994996,16.609229
-29.601490,7.625385,16.611872
-30.555352,3.331888,16.613799
-31.071891,-1.262858,16.616911
-31.038826,-5.877730,16.621205
-30.422324,-10.679642,16.619848
-29.350789,-15.634640,16.619918
-27.239058,-20.454112,16.616358
-24.075716,-24.723404,16.610879
-20.004298,-28.049224,16.611328
-15.182698,-30.235169,16.617334
-10.154723,-31.864122,16.618046
-4.959209,-32.753396,16.617926
0.325555,-32.919146,16.619669
5.582984,-32.465628,16.616361
10.753226,-31.390675,16.608548
15.971865,-29.652925,16.615106
21.122866,-27.166427,16.621368
25.887731,-24.000133,16.617536
30.315669,-20.038330,16.609085
34.325680,-15.074065,16.608612
37.250780,-9.645994,16.619634
39.090810,-3.307614,16.613154
39.467292,3.080699,16.603276
38.509332,9.446348,16.605584
35.364393,15.119225,12.942743
32.183327,20.533804,12.947523
28.094418,25.291807,12.941130
23.418206,29.152315,12.939224
18.140583,32.126411,12.942102
12.611164,34.024425,12.937251
7.051192,34.906857,12.935487
1.427376,34.761254,12.942983
-3.877334,33.681775,12.941149
-8.735598,31.847153,12.936872
-13.262878,29.301110,12.942605
-17.068761,26.440747,12.936680
-20.497173,23.138698,12.937752
-23.378857,19.624899,12.944324
-25.834038,15.802084,12.945440
-27.822601,11.716144,12.943176
-29.265389,7.635384,12.948871
-30.274273,3.208037,12.951167
-30.801129,-1.311628,12.944464
-30.771141,-5.847223,12.935972
-30.205596,-10.575560,12.934860
-29.414636,-15.724953,12.942523
-27.386386,-20.698048,12.948130
-24.283006,-24.935914,12.946656
-20.108486,-28.307216,12.941850
-15.297615,-30.316348,12.940046
-10.154685,-32.018084,12.943172
-5.053922,-32.920907,12.940946
0.148849,-33.057928,12.936418
5.527417,-32.521878,12.937422
10.793804,-31.280689,12.941510
15.865172,-29.397121,12.938639
20.848256,-26.786534,12.942783
25.447123,-23.544386,12.941520
29.712731,-19.550937,12.934751
33.446251,-14.777246,12.937902
36.364037,-9.216476,12.938581
38.064677,-3.176249,12.936762
38.411698,3.110194,12.936046
37.436282,9.368574,12.938064
33.992753,14.577643,9.271929
30.808665,19.788366,9.264132
26.910425,24.207064,9.270290
22.324202,27.916079,9.273726
17.331500,30.622751,9.271648
11.920054,32.370194,9.277209
6.512855,33.226331,9.277911
1.253711,33.125085,9.274732
-3.912054,32.110802,9.272946
-8.460651,30.454252,9.274056
-12.733809,28.179742,9.275145
-16.501855,25.488870,9.274022
-19.903996,22.349065,9.273985
-22.767768,18.982831,9.269208
-25.211530,15.301208,9.267111
-27.110671,11.544725,9.275182
-28.630282,7.394208,9.276548
-29.632326,3.093026,9.273991
-30.165264,-1.300170,9.275237
-30.169867,-5.711643,9.277013
-29.644604,-10.525668,9.272400
-28.914578,-15.537708,9.269375
-27.080029,-20.206317,9.273930
-24.019488,-24.554165,9.275924
-20.054365,-27.956015,9.272351
-15.255547,-30.153673,9.272098
-10.284943,-31.903966,9.271476
-5.130389,-32.888381,9.268720
0.140021,-33.041298,9.266965
5.574076,-32.437052,9.265287
10.667449,-31.112225,9.265347
15.543626,-29.135109,9.276859
20.311741,-26.452375,9.275102
24.866335,-23.053240,9.271560
28.917540,-19.069055,9.274464
32.444651,-14.346656,9.271148
35.110296,-9.085564,9.271448
36.714158,-3.199994,9.270126
37.020450,2.920268,9.270346
36.052476,9.007189,9.273544
32.261020,13.895126,5.593750
29.092594,18.840079,5.591628
25.259600,23.017381,5.600529
20.948767,26.387666,5.603030
16.091009,28.882374,5.600445
11.039852,30.380755,5.601616
6.036049,31.154324,5.593547
0.977224,31.096195,5.599439
-3.608208,30.271817,5.603099
-8.207760,28.706098,5.595032
-12.188346,26.708052,5.593173
-15.874482,24.207983,5.605330
-19.059399,21.392499,5.603439
-21.879779,18.210934,5.600463
-24.290734,14.710309,5.603391
-26.164333,11.120717,5.601724
-27.666597,7.143249,5.602515
-28.661609,3.012482,5.605307
-29.194645,-1.209131,5.605608
-29.238717,-5.656553,5.601383
-28.801636,-10.090207,5.597547
-28.002418,-14.892232,5.602100
-26.168889,-19.587267,5.606060
-23.317242,-23.809766,5.602236
-19.457618,-27.354598,5.593437
-14.981025,-29.743961,5.592111
-10.051814,-31.605044,5.605146
-5.098566,-32.605255,5.599792
0.169856,-32.799236,5.591202
5.396048,-32.193566,5.594743
10.468592,-30.782586,5.598403
15.284337,-28.657200,5.602973
19.946921,-25.806287,5.598650
24.214508,-22.388802,5.599381
27.992395,-18.439709,5.601920
31.251247,-13.799677,5.594255
33.683678,-8.673829,5.599850
35.084020,-2.978491,5.602695
35.263081,2.920540,5.599966
34.302322,8.567740,5.597203
30.192200,13.079914,1.921172
27.191632,17.563189,1.932688
23.477165,21.476717,1.933773
19.324004,24.615811,1.928600
14.833132,26.820399,1.929043
10.193058,28.126378,1.932307
5.431151,28.857220,1.928676
0.811623,28.833174,1.929451
-3.565883,28.129402,1.925806
-7.799306,26.825528,1.924225
-11.469909,25.124765,1.930199
-15.036244,22.835833,1.922449
-18.123964,20.222329,1.922435
-20.856912,17.240490,1.923957
-23.090329,14.101338,1.926009
-25.010782,10.541458,1.934306
-26.463390,6.766068,1.931307
-27.391445,3.027822,1.930187
-27.938653,-1.174766,1.927090
-28.031545,-5.217716,1.922035
-27.652028,-9.631544,1.923272
-26.693460,-14.155593,1.923474
-24.925291,-18.633590,1.930712
-22.337423,-22.703447,1.930771
-18.826302,-26.271818,1.926403
-14.613441,-28.989773,1.933639
-9.979344,-30.895956,1.930077
-4.899164,-32.007052,1.923417
0.106742,-32.251884,1.923768
5.272317,-31.647307,1.928314
10.260842,-30.170589,1.929270
14.952669,-27.926177,1.928580
19.294352,-25.063383,1.932508
23.249758,-21.684673,1.933044
26.851763,-17.671846,1.927231
29.804073,-13.156180,1.923550
31.956325,-8.204990,1.923692
33.114276,-2.748745,1.924290
33.166239,2.678950,1.921671
32.198589,8.045436,1.918103
27.722427,12.298895,-1.745986
24.887879,16.286591,-1.738982
21.451778,19.774719,-1.739386
17.656169,22.568426,-1.746311
13.410605,24.601203,-1.746087
9.040218,25.804869,-1.740310
4.920187,26.440303,-1.748586
0.575806,26.476731,-1.740454
-3.379090,25.954073,-1.741292
-7.229507,24.928011,-1.747285
-10.896807,23.365610,-1.737190
-14.145324,21.383936,-1.743430
-17.091776,18.976843,-1.752156
-19.698794,16.205268,-1.745245
-21.828318,13.273587,-1.736642
-23.654079,9.935629,-1.742500
-24.982593,6.564164,-1.742678
-25.927494,2.878363,-1.738692
-26.446435,-1.070816,-1.738058
-26.563833,-5.059095,-1.739274
-26.236546,-9.030416,-1.738239
-25.121872,-13.228343,-1.742138
-23.504977,-17.277697,-1.742829
-21.115665,-21.322515,-1.738796
-17.975830,-24.850665,-1.737075
-14.093741,-27.825712,-1.741334
-9.626518,-29.817590,-1.745818
-4.861536,-30.960354,-1.746435
0.199395,-31.282546,-1.747909
5.060028,-30.706196,-1.750918
9.907466,-29.204327,-1.748003
14.425571,-26.896487,-1.738850
18.418389,-24.070635,-1.745159
22.163639,-20.646450,-1.746586
25.421585,-16.759791,-1.738764
28.046611,-12.416527,-1.740848
29.901380,-7.688914,-1.740061
30.808046,-2.524115,-1.745039
30.718814,2.586294,-1.751012
29.713152,7.617730,-1.751142
25.059157,11.231990,-5.419294
22.369888,14.890535,-5.412929
19.256450,17.967715,-5.413962
15.703096,20.512558,-5.419634
12.069238,22.270680,-5.418455
8.041845,23.480110,-5.409890
4.222827,24.096578,-5.410292
0.358375,24.192254,-5.418784
-3.325748,23.826734,-5.415281
-6.927214,22.987988,-5.408665
-10.209110,21.681115,-5.414713
-13.262871,19.906150,-5.415117
-16.026506,17.707707,-5.414825
-18.458753,15.147141,-5.418039
-20.441610,12.430096,-5.421696
-22.147287,9.338226,-5.422878
-23.438592,6.051646,-5.423232
-24.305707,2.626952,-5.422530
-24.757906,-0.870780,-5.420361
-24.874015,-4.575482,-5.419607
-24.536769,-8.426343,-5.421484
-23.386833,-12.111337,-5.418919
-21.782762,-16.014756,-5.420678
-19.724592,-19.657828,-5.421134
-16.820190,-23.171032,-5.418546
-13.391068,-26.141183,-5.422051
-9.157748,-28.195927,-5.422127
-4.756989,-29.368315,-5.412282
0.097616,-29.766574,-5.411221
4.779884,-29.223088,-5.418272
9.269908,-27.798485,-5.416038
13.571156,-25.500174,-5.420756
17.340919,-22.677607,-5.419468
20.712597,-19.389836,-5.419838
23.613173,-15.681169,-5.420853
25.913924,-11.571364,-5.413590
27.514174,-6.960552,-5.414909
28.162111,-2.305232,-5.417572
27.956888,2.433092,-5.419732
26.970788,6.917273,-5.421585
22.165229,10.069797,-9.091536
19.818983,13.304878,-9.087738
16.978897,16.122037,-9.088389
13.854452,18.347894,-9.091315
10.577491,20.055547,-9.091174
7.114036,21.314649,-9.089130
3.629425,21.901022,-9.087889
0.249605,22.085129,-9.084673
-3.122797,21.886318,-9.081916
-6.437014,21.211238,-9.084674
-9.607010,20.035152,-9.089585
-12.417028,18.445820,-9.086334
-14.948505,16.443898,-9.086804
-17.170470,14.102260,-9.082855
-19.060636,11.486445,-9.081740
-20.593823,8.646698,-9.093076
-21.757141,5.636645,-9.088314
-22.544300,2.505320,-9.081805
-22.957338,-0.845777,-9.078384
-23.009350,-4.233325,-9.082678
-22.609818,-7.742692,-9.093046
-21.478168,-11.085294,-9.083020
-20.033893,-14.493459,-9.078315
-18.070510,-17.952841,-9.083990
-15.542805,-21.066569,-9.087813
-12.485789,-23.868551,-9.086588
-8.701020,-25.909912,-9.082138
-4.418442,-27.186878,-9.079750
-0.139285,-27.603199,-9.083882
4.296799,-27.125620,-9.092081
8.544541,-25.770587,-9.093800
12.457436,-23.635371,-9.083365
15.853264,-20.991330,-9.081408
18.953760,-17.788376,-9.086630
21.486404,-14.309423,-9.088097
23.446632,-10.477325,-9.087136
24.710619,-6.361522,-9.090952
25.207846,-2.091050,-9.086038
24.924653,2.223855,-9.082650
23.912316,6.288114,-9.088080
19.141715,8.853167,-12.759211
17.197696,11.704615,-12.764712
14.800926,14.187318,-12.760566
12.023984,16.222655,-12.760541
9.158717,17.903142,-12.765850
6.279990,19.223086,-12.763303
3.166595,19.820787,-12.757890
-0.004275,20.091978,-12.761808
-3.031807,20.014731,-12.764878
-6.022194,19.471458,-12.764282
-8.888906,18.474313,-12.764187
-11.545804,17.004318,-12.757751
-13.915868,15.107495,-12.757157
-15.883383,12.979471,-12.758207
-17.624824,10.493186,-12.759915
-18.964209,7.924069,-12.766172
-19.973959,5.208726,-12.767232
-20.690934,2.257787,-12.756568
-21.021334,-0.617903,-12.755489
-20.992608,-3.795092,-12.762104
-20.559940,-6.799068,-12.755394
-19.504301,-9.933320,-12.754713
-18.155089,-12.965849,-12.756178
-16.391911,-15.919795,-12.757382
-14.085898,-18.676450,-12.760864
-11.312133,-21.161977,-12.764797
-7.988932,-23.133123,-12.762594
-4.196725,-24.426697,-12.756678
-0.221425,-24.873863,-12.754409
3.763960,-24.466009,-12.756613
7.584683,-23.272527,-12.759061
11.094668,-21.349698,-12.760656
14.217530,-18.845975,-12.756209
16.832448,-16.001386,-12.757819
19.009055,-12.808282,-12.763544
20.704026,-9.183362,-12.760710
21.668187,-5.584481,-12.758771
22.035164,-1.736154,-12.755652
21.704382,1.978476,-12.753253
20.685900,5.586984,-12.754351
16.115579,7.634677,-16.430560
14.535923,10.232638,-16.425013
12.569310,12.376878,-16.424989
10.265027,14.165190,-16.426880
7.826015,15.772523,-16.425882
5.364351,17.083423,-16.423981
2.660641,17.777307,-16.427273
-0.117084,18.150918,-16.435620
-2.904176,18.172756,-16.432349
-5.666664,17.727680,-16.422345
-8.312956,16.832447,-16.422948
-10.650110,15.533477,-16.424500
-12.812997,13.764034,-16.424737
-14.586902,11.764765,-16.432347
-16.076237,9.545077,-16.434348
-17.273531,7.156315,-16.422238
-18.118399,4.749547,-16.427629
-18.715870,2.144489,-16.434196
-18.997117,-0.514025,-16.430036
-18.880967,-3.304032,-16.423026
-18.336805,-6.045471,-16.425652
-17.480522,-8.705379,-16.433073
-16.242683,-11.344118,-16.436882
-14.567558,-13.879616,-16.436188
-12.438200,-16.209633,-16.434815
-9.996294,-18.213965,-16.432405
-7.136169,-20.062596,-16.424952
-3.963838,-21.280924,-16.428457
-0.464278,-21.728889,-16.428594
3.046623,-21.411324,-16.426746
6.426123,-20.411384,-16.436355
9.541057,-18.761832,-16.426503
12.274799,-16.539832,-16.429620
14.520629,-13.982854,-16.437202
16.358452,-11.119415,-16.432757
17.709511,-7.997426,-16.425319
18.485268,-4.687821,-16.427017
18.747777,-1.409174,-16.433330
18.383834,1.835584,-16.436967
17.419551,4.853946,-16.435451
13.206475,6.463339,-20.107562
12.044709,8.696996,-20.102113
10.432470,10.604254,-20.104959
8.508755,12.234618,-20.106163
6.470693,13.697640,-20.100577
4.373744,14.878781,-20.099996
2.115779,15.712567,-20.106323
-0.348211,16.213573,-20.099160
-2.856644,16.282094,-20.098567
-5.240856,15.929776,-20.105560
-7.627864,15.148580,-20.103487
-9.730093,13.972807,-20.105373
-11.647400,12.350426,-20.110054
-13.207754,10.516165,-20.102820
-14.449846,8.577690,-20.092941
-15.473852,6.399561,-20.097371
-16.187957,4.211062,-20.103373
-16.673461,1.961206,-20.098934
-16.890182,-0.439899,-20.100056
-16.676828,-2.831967,-20.107169
-16.109262,-5.064988,-20.103439
-15.417426,-7.484719,-20.103441
-14.309733,-9.725416,-20.107351
-12.730093,-11.829001,-20.109774
-10.860924,-13.647348,-20.105541
-8.647015,-15.232242,-20.098540
-6.310254,-16.828756,-20.105422
-3.619215,-17.970934,-20.106903
-0.709210,-18.368051,-20.104177
2.318285,-18.119262,-20.104029
5.245706,-17.317413,-20.102787
7.855204,-15.980501,-20.105139
10.215462,-14.070405,-20.104108
12.111461,-11.835306,-20.105796
13.618220,-9.319578,-20.107352
14.692315,-6.593919,-20.100164
15.247759,-3.933515,-20.096984
15.479509,-1.103270,-20.097810
15.156863,1.570644,-20.102325
14.263462,4.143293,-20.107652
10.500964,5.374972,-23.777326
9.653804,7.315730,-23.768184
8.368309,8.967847,-23.764246
6.878236,10.359545,-23.772440
5.202085,11.625203,-23.781439
3.440824,12.627718,-23.778685
1.563190,13.598818,-23.776538
-0.549273,14.185366,-23.778898
-2.664438,14.295654,-23.772477
-4.844606,14.017853,-23.768286
-6.936469,13.335885,-23.777069
-8.774652,12.293829,-23.770310
-10.426046,10.842508,-23.767702
-11.697425,9.266649,-23.766127
-12.782306,7.456141,-23.766556
-13.589476,5.601085,-23.774406
-14.172708,3.663961,-23.773912
-14.545890,1.767356,-23.774038
-14.706291,-0.256747,-23.771507
-14.463827,-2.257443,-23.771066
-13.857242,-4.189249,-23.779240
-13.351824,-6.248549,-23.771893
-12.350091,-8.176733,-23.774533
-10.967261,-9.807047,-23.775421
-9.307766,-11.226846,-23.770524
-7.410695,-12.344444,-23.778557
-5.539663,-13.666553,-23.775958
-3.307719,-14.679841,-23.776961
-0.855696,-15.006076,-23.773920
1.599668,-14.813093,-23.768109
3.984190,-14.194092,-23.776276
6.196788,-13.107932,-23.778667
8.117027,-11.564245,-23.773133
9.683184,-9.661919,-23.771373
10.851426,-7.591969,-23.775754
11.669996,-5.362923,-23.775610
12.118520,-3.034288,-23.768157
12.311607,-0.829471,-23.772747
12.041940,1.409466,-23.781362
11.304059,3.481682,-23.782447
8.000463,4.449294,-27.445239
7.421457,5.996397,-27.450919
6.433769,7.381796,-27.445331
5.277214,8.579831,-27.446431
3.932319,9.625355,-27.453145
2.487698,10.425911,-27.447551
0.987467,11.410149,-27.441244
-0.759687,12.017734,-27.450288
-2.557945,12.144941,-27.446337
-4.404187,11.931851,-27.438022
-6.111531,11.386696,-27.446042
-7.727873,10.458717,-27.441135
-9.048340,9.250538,-27.446069
-10.135194,7.825570,-27.447224
-10.975221,6.326658,-27.444979
-11.618438,4.732865,-27.451525
-12.057875,3.145474,-27.447378
-12.351285,1.527227,-27.442602
-12.460127,-0.124189,-27.438815
-12.195018,-1.813778,-27.442004
-11.642550,-3.367390,-27.452454
-11.287687,-5.060531,-27.443676
-10.456310,-6.607564,-27.447913
-9.265785,-7.893127,-27.449067
-7.860037,-8.971734,-27.441923
-6.306811,-9.715893,-27.451097
-4.772374,-10.773526,-27.448580
-3.023163,-11.571939,-27.444515
-1.093190,-11.808718,-27.444521
0.833903,-11.661129,-27.441994
2.782075,-11.185102,-27.437943
4.590768,-10.315719,-27.440394
6.091516,-9.095022,-27.441524
7.296598,-7.581361,-27.445324
8.208887,-5.874794,-27.452162
8.817260,-4.115625,-27.450171
9.159879,-2.288466,-27.438508
9.339149,-0.567173,-27.445309
9.167579,1.187481,-27.452685
8.598995,2.885116,-27.447297
5.661109,3.494606,-31.116233
5.270771,4.709987,-31.123722
4.549593,5.806505,-31.113447
3.690401,6.769200,-31.110779
2.658047,7.578888,-31.121597
1.483341,8.205222,-31.124499
0.339728,9.081701,-31.117341
-0.982616,9.624997,-31.111315
-2.426355,9.752143,-31.111250
-3.853918,9.591439,-31.117466
-5.279261,9.141550,-31.123935
-6.521913,8.414168,-31.118917
-7.572523,7.430554,-31.111386
-8.383368,6.309844,-31.118389
-9.027603,5.085135,-31.122276
-9.508872,3.848151,-31.109821
-9.832089,2.560561,-31.117972
-10.036214,1.306384,-31.121400
-10.110790,0.029798,-31.117298
-9.895642,-1.274220,-31.117952
-9.448077,-2.466480,-31.124013
-9.185441,-3.835198,-31.123397
-8.544649,-5.024030,-31.116588
-7.597672,-5.999512,-31.111053
-6.483810,-6.790610,-31.112849
-5.248584,-7.287132,-31.118619
-4.055325,-8.091224,-31.111712
-2.694727,-8.679300,-31.107557
-1.251041,-8.817553,-31.112129
0.234057,-8.686729,-31.119096
1.629521,-8.334383,-31.120711
2.985076,-7.701610,-31.110902
4.140689,-6.756788,-31.115336
5.053467,-5.571582,-31.122383
5.715319,-4.293528,-31.118637
6.167454,-2.928764,-31.115295
6.402704,-1.624336,-31.117488
6.571892,-0.297483,-31.119417
6.469636,1.057335,-31.116898
6.087324,2.271711,-31.113458
3.104597,2.493491,-34.786129
2.883125,3.318363,-34.782678
2.406269,4.055548,-34.786747
1.846474,4.717961,-34.786151
1.155204,5.253720,-34.785542
0.395171,5.644513,-34.791611
-0.367049,6.294199,-34.792465
-1.267435,6.721666,-34.791221
-2.230368,6.830194,-34.789399
-3.225906,6.726144,-34.787980
-4.182770,6.434336,-34.789661
-5.042586,5.921121,-34.792992
-5.739872,5.254655,-34.789999
-6.295222,4.467741,-34.789408
-6.727272,3.606150,-34.789832
-7.034404,2.771905,-34.784216
-7.243676,1.907596,-34.783133
-7.366875,1.065994,-34.788022
-7.408645,0.173010,-34.790558
-7.265616,-0.700215,-34.788697
-6.964582,-1.498172,-34.790589
-6.795401,-2.417668,-34.793377
-6.373554,-3.213250,-34.787390
-5.724032,-3.854898,-34.786424
-4.967077,-4.369287,-34.794153
-4.090583,-4.676118,-34.791813
-3.317015,-5.186628,-34.788772
-2.439921,-5.555712,-34.785562
-1.467850,-5.631046,-34.785343
-0.474826,-5.546793,-34.789831
0.458124,-5.302963,-34.791800
1.331167,-4.891621,-34.787913
2.101906,-4.255584,-34.789139
2.684216,-3.486112,-34.788530
3.118062,-2.625349,-34.782416
3.396614,-1.742523,-34.783047
3.545872,-0.867483,-34.792419
3.672939,-0.017517,-34.792296
3.622246,0.851112,-34.788659
3.368043,1.665619,-34.788106
-1.774733,0.465215,-38.459868
21.452461,15.175739,34.972482
18.800266,18.590311,34.972482
15.687960,21.595132,34.972482
12.114552,24.033898,34.972482
8.232527,25.610395,34.972482
3.935143,26.141139,34.972482
-0.205812,25.496375,34.972482
-3.915699,23.873395,34.972482
-7.072218,21.566895,34.972482
-9.613616,18.979160,34.972482
-11.578362,16.443474,34.972482
-13.161588,13.979954,34.972482
-14.493995,11.529975,34.972482
-15.548295,9.252288,34.972482
-16.401367,7.040621,34.972482
-17.089346,4.772095,34.972482
-17.578959,2.452611,34.972482
-17.830732,0.095358,34.972482
-17.789324,-2.414536,34.972482
-17.383828,-4.892321,34.972482
-16.591046,-7.274288,34.972482
-15.374163,-9.628362,34.972482
-13.827467,-11.780141,34.972482
-11.901051,-13.797506,34.972482
-9.719254,-15.535616,34.972482
-7.201645,-17.032567,34.972482
-4.367439,-18.207889,34.972482
-1.259929,-19.003363,34.972482
2.064580,-19.395169,34.972482
5.551416,-19.372523,34.972482
9.284084,-18.871998,34.972482
13.037291,-17.785101,34.972482
16.649948,-15.961036,34.972482
20.014417,-13.240315,34.972482
22.695714,-9.844051,34.972482
24.582339,-5.948888,34.972482
25.644370,-1.612243,34.972483
25.795581,2.726615,34.972482
25.086719,7.174725,34.972482
23.034162,11.083687,31.716090
20.969526,14.877535,31.716464
18.587048,18.483906,31.720378
15.699449,21.519366,31.724937
11.985686,23.738079,31.726774
7.780727,24.769821,31.727263
3.588684,24.703346,31.728466
-0.347116,23.728998,31.721102
-3.759254,22.095153,31.719729
-6.719568,19.963918,31.727516
-9.064056,17.725790,31.718187
-10.981219,15.457918,31.719817
-12.554201,13.262318,31.722761
-13.882665,11.068596,31.716143
-14.934646,8.877810,31.715978
-15.759667,6.738080,31.718017
-16.422860,4.533898,31.720210
-16.828008,2.428293,31.724753
-17.181212,0.131812,31.728064
-17.239668,-2.272193,31.722864
-15.900420,-4.306897,31.722358
-15.216036,-6.483976,31.726575
-14.400375,-8.771865,31.722214
-12.866475,-10.837628,31.717567
-11.111092,-12.516937,31.720934
-9.070832,-14.071115,31.723821
-6.778570,-15.497858,31.723459
-4.144823,-16.874986,31.725002
-1.275218,-18.033265,31.725167
1.945130,-19.149699,31.721173
5.644499,-19.671992,31.715435
9.239337,-18.927817,31.716270
12.949364,-17.659350,31.726003
16.489313,-15.707529,31.722108
19.577208,-13.070401,31.717625
22.246656,-9.675315,31.723753
24.231016,-5.833296,31.726037
25.479294,-1.679246,31.718277
25.627472,2.749640,31.712730
24.688371,7.012108,31.713918
22.891852,11.037560,28.469990
20.953346,14.820000,28.477105
18.618566,18.367452,28.478057
15.498066,21.469981,28.475166
11.713917,23.398118,28.474435
7.486216,23.953532,28.474165
3.252804,23.487557,28.469824
-0.430529,22.357070,28.473631
-3.752020,20.682211,28.474031
-6.460485,18.758727,28.466033
-8.737878,16.720959,28.472193
-10.614878,14.660186,28.478466
-12.166031,12.667621,28.473276
-13.480406,10.671847,28.468464
-14.495381,8.654574,28.478803
-15.324462,6.556652,28.471517
-15.950791,4.517748,28.466571
-16.372285,2.320545,28.469741
-16.788688,0.056702,28.469052
-16.951816,-2.161458,28.469160
-15.380309,-4.146274,28.467050
-14.800637,-6.288362,28.468482
-14.276197,-8.668367,28.476677
-12.776578,-10.654940,28.476483
-10.980917,-12.259485,28.472992
-9.040106,-14.057238,28.480280
-6.775072,-15.454015,28.479511
-4.187915,-16.824937,28.467823
-1.355280,-17.916059,28.469633
2.049449,-19.206217,28.472652
5.759738,-19.859364,28.466949
9.269324,-18.927920,28.467925
12.859698,-17.515988,28.468199
16.267579,-15.474995,28.471331
19.235877,-12.798910,28.475110
21.758575,-9.548917,28.475200
23.793678,-5.815139,28.472177
25.228905,-1.647771,28.471253
25.451002,2.813424,28.469532
24.503875,7.003218,28.467626
23.259067,11.158349,25.217291
21.343549,15.099761,25.226533
18.648377,18.522179,25.222128
15.337704,21.244775,25.217118
11.471625,22.940744,25.221412
7.086263,23.184151,25.225635
3.021210,22.506191,25.222869
-0.495371,21.324357,25.217981
-3.691099,19.707555,25.216297
-6.214572,17.993869,25.219896
-8.454429,16.123405,25.226216
-10.310120,14.231595,25.224468
-11.842549,12.399563,25.217673
-13.215952,10.449047,25.216139
-14.268942,8.455999,25.222290
-15.084130,6.497578,25.219036
-15.732816,4.475226,25.221371
-16.195692,2.277008,25.226468
-16.590551,0.179498,25.223943
-16.886750,-2.176491,25.225077
-16.137321,-4.443330,25.221086
-15.696712,-6.781561,25.221221
-15.117357,-9.395010,25.216968
-13.671210,-11.577565,25.219839
-11.720966,-13.595382,25.223124
-9.693590,-15.665330,25.215617
-7.148355,-17.110847,25.222210
-4.318137,-18.279139,25.219021
-1.211092,-18.859927,25.220798
2.066895,-19.542446,25.225260
5.822353,-19.952369,25.226906
9.283584,-18.891269,25.229026
12.687163,-17.395372,25.226495
16.021474,-15.245625,25.227760
18.822731,-12.598359,25.224095
21.316020,-9.332872,25.218887
23.388248,-5.628464,25.226205
24.867980,-1.631614,25.228986
25.307469,2.685198,25.223644
24.625401,7.046061,25.216604
23.848767,11.355390,21.973255
21.939975,15.388008,21.966429
18.772084,18.638968,21.973748
15.089150,20.983460,21.975725
11.054710,22.402993,21.968797
6.867152,22.468694,21.969005
2.883971,21.743931,21.968965
-0.684876,20.543844,21.972542
-3.592145,19.132268,21.973334
-6.201572,17.465957,21.969566
-8.319406,15.802773,21.973127
-10.166657,14.036046,21.971145
-11.762452,12.211191,21.969944
-13.104176,10.358731,21.975887
-14.157650,8.480724,21.975980
-15.046177,6.517717,21.973861
-15.746868,4.483044,21.969340
-16.300191,2.261879,21.964454
-16.688831,0.145202,21.967307
-17.079888,-2.246188,21.977085
-17.560205,-4.898812,21.976143
-17.306915,-7.703859,21.973909
-16.343359,-10.516031,21.971386
-14.971209,-13.134753,21.974552
-13.142291,-15.640390,21.977908
-10.656887,-17.902116,21.970891
-7.797952,-19.413712,21.966712
-4.539664,-20.317390,21.967089
-1.194167,-20.241592,21.969846
2.178022,-20.119242,21.975484
5.787209,-19.965102,21.977687
9.256661,-18.829937,21.972270
12.532635,-17.250268,21.973637
15.738920,-15.029900,21.970454
18.510292,-12.277300,21.964958
20.843620,-9.145756,21.967264
22.901963,-5.515623,21.976370
24.400694,-1.614271,21.976065
25.115164,2.765645,21.974720
24.882907,7.100597,21.975956
24.246242,11.635180,18.721655
22.212140,15.670345,18.728642
18.884214,18.665529,18.726076
14.819428,20.684169,18.725779
10.735872,21.722393,18.726022
6.504930,21.779788,18.718357
2.735086,21.163206,18.721488
-0.654314,20.130301,18.719400
-3.648504,18.812433,18.715295
-6.122446,17.372662,18.717827
-8.319107,15.758446,18.717395
-10.231752,14.012622,18.724059
-11.772643,12.282229,18.726385
-13.131855,10.406182,18.721030
-14.244767,8.531574,18.726107
-15.218492,6.579311,18.720266
-15.999104,4.545872,18.714181
-16.654796,2.321450,18.718194
-17.100546,0.049537,18.723846
-17.501481,-2.368706,18.724241
-18.556416,-5.331810,18.718800
-18.343084,-8.290413,18.717655
-17.247879,-11.262850,18.722488
-15.848152,-14.211401,18.723420
-13.919253,-17.015670,18.722939
-11.316514,-19.226602,18.726297
-8.135244,-20.791971,18.722939
-4.647888,-21.481680,18.721801
-1.134245,-21.139945,18.719467
2.364689,-20.533692,18.720747
5.845169,-19.899530,18.725648
9.197847,-18.741769,18.726993
12.458795,-17.034725,18.726643
15.416549,-14.841557,18.724899
18.070561,-12.102608,18.719387
20.396331,-8.900780,18.717347
22.397019,-5.335890,18.723566
23.856980,-1.523541,18.719195
24.813628,2.775046,18.713718
25.033057,7.179778,18.715061
24.554194,11.735324,15.470580
22.350687,15.693152,15.469968
18.900797,18.663163,15.473657
14.579588,20.325644,15.473366
10.223202,20.934535,15.471139
6.263009,21.137599,15.473198
2.592429,20.759351,15.468022
-0.731243,19.936085,15.470604
-3.552390,18.888324,15.475167
-6.114122,17.587052,15.470565
-8.369473,16.039795,15.465715
-10.328305,14.326865,15.466777
-11.961756,12.487514,15.467794
-13.297242,10.582691,15.467670
-14.530777,8.612223,15.475414
-15.593653,6.697688,15.478655
-16.518865,4.568620,15.478213
-17.291183,2.368640,15.473644
-17.800704,0.105922,15.467672
-18.126448,-2.471927,15.468130
-19.138324,-5.603746,15.470140
-18.846981,-8.709890,15.468238
-17.774753,-11.696421,15.472528
-16.417909,-14.692001,15.475542
-14.319987,-17.533581,15.475867
-11.393149,-19.594008,15.477411
-8.143588,-21.039649,15.469639
-4.639424,-21.622918,15.468929
-1.075758,-21.497296,15.468025
2.405592,-20.803759,15.472718
5.691235,-19.837503,15.480727
9.167960,-18.600702,15.479401
12.272360,-16.863962,15.472667
15.175548,-14.571399,15.467213
17.680785,-11.865083,15.468573
19.890533,-8.726951,15.471600
21.795847,-5.248715,15.469170
23.218288,-1.420002,15.469583
24.355261,2.625422,15.471121
25.085408,7.180234,15.471500
24.497619,11.692241,12.228264
22.055404,15.455809,12.222777
18.532262,18.411731,12.225498
14.086148,19.769213,12.224928
9.560569,20.004308,12.216525
5.919428,20.418081,12.215433
2.527931,20.357238,12.223810
-0.692538,19.810820,12.224240
-3.560757,18.966585,12.220447
-6.176647,17.824797,12.222365
-8.571774,16.277674,12.218636
-10.543310,14.600837,12.216382
-12.154791,12.767796,12.220015
-13.531174,10.743757,12.224060
-14.805347,8.818131,12.221527
-16.011783,6.847017,12.224150
-17.024183,4.776327,12.222751
-17.932421,2.495471,12.221444
-18.547061,0.000794,12.226950
-18.765867,-2.575399,12.228558
-19.304478,-5.656693,12.226775
-18.952814,-8.751515,12.221532
-17.960741,-11.719872,12.223311
-16.555126,-14.850415,12.227844
-14.299445,-17.491205,12.222945
-11.268057,-19.108413,12.217361
-8.011464,-20.474185,12.225270
-4.552914,-21.104936,12.221865
-1.131271,-21.443760,12.223290
2.437286,-20.905269,12.230193
5.646165,-19.700096,12.226568
8.959883,-18.498663,12.216524
12.124785,-16.644872,12.222826
14.844948,-14.377481,12.219604
17.359377,-11.533470,12.213586
19.414248,-8.481676,12.218645
21.168636,-5.107650,12.227706
22.451379,-1.413608,12.227329
23.740152,2.619897,12.226308
24.858748,7.139084,12.228880
23.215333,11.167138,8.974035
20.561732,14.626778,8.972612
17.272404,17.269856,8.970807
13.104682,18.597516,8.973210
8.841945,18.891729,8.974089
5.457649,19.463625,8.968024
2.293509,19.630495,8.966386
-0.734442,19.330737,8.969549
-3.569452,18.679212,8.975061
-6.164330,17.693461,8.978658
-8.538817,16.262277,8.974499
-10.494591,14.675115,8.970212
-12.174800,12.818121,8.973800
-13.604911,10.751752,8.978646
-14.882950,8.905389,8.970318
-16.162306,6.899687,8.968216
-17.245309,4.786153,8.976760
-18.196356,2.454888,8.973792
-18.816761,0.031185,8.967079
-19.001190,-2.609412,8.977844
-19.081019,-5.515219,8.967062
-18.687400,-8.529994,8.968792
-17.728495,-11.541224,8.978230
-16.292162,-14.563284,8.974729
-14.015128,-17.054846,8.969601
-11.033385,-18.560384,8.976798
-7.875119,-19.908526,8.976564
-4.536110,-20.630623,8.968100
-1.095923,-21.228746,8.968057
2.358596,-20.821812,8.973397
5.592826,-19.528501,8.972492
8.922767,-18.281378,8.967536
11.961696,-16.411464,8.969769
14.645240,-14.047760,8.971066
16.941865,-11.327081,8.967299
18.874183,-8.316302,8.966602
20.522901,-4.859874,8.974584
21.650377,-1.229386,8.976685
22.789447,2.619234,8.975775
23.735116,6.800083,8.974994
19.426324,9.667661,5.721514
17.127963,12.612178,5.719695
14.342645,14.926748,5.724004
11.274257,16.556114,5.722802
8.073699,17.591049,5.718323
5.032069,18.231068,5.721075
2.062635,18.554546,5.718311
-0.793677,18.476124,5.716068
-3.493120,18.003750,5.716732
-6.090320,17.141872,5.717797
-8.368991,15.870092,5.723329
-10.345292,14.347942,5.723132
-12.055030,12.549335,5.721504
-13.460473,10.647112,5.725192
-14.764714,8.828331,5.726770
-16.026977,6.832009,5.720644
-17.106153,4.730099,5.720427
-17.982497,2.535917,5.720828
-18.639261,0.006611,5.720323
-18.816494,-2.598533,5.729576
-18.495442,-5.314071,5.725828
-18.074033,-8.152135,5.717341
-17.093314,-11.078762,5.718672
-15.624409,-13.859428,5.722775
-13.532996,-16.273496,5.725898
-10.745499,-17.961325,5.727782
-7.697213,-19.363955,5.718343
-4.463497,-20.212857,5.717497
-1.120759,-20.863439,5.717460
2.271898,-20.532722,5.723479
5.577112,-19.306709,5.726607
8.814199,-18.057233,5.719151
11.755235,-16.189978,5.726742
14.323251,-13.830481,5.721341
16.521747,-11.130597,5.715844
18.377104,-8.036857,5.720614
19.774930,-4.711460,5.724547
20.749981,-1.245400,5.725765
21.145027,2.521236,5.725409
20.761759,6.180151,5.724076
14.401721,7.672299,2.470471
12.708874,10.042404,2.467456
10.606962,11.852297,2.471311
8.891005,13.947398,2.475732
7.114185,16.123617,2.476240
4.350195,16.744000,2.473873
1.646445,17.094051,2.470424
-0.994399,17.198161,2.470423
-3.433147,16.875943,2.474151
-5.893166,16.165581,2.475279
-8.069424,15.055784,2.467212
-9.965301,13.695634,2.469657
-11.655955,12.099029,2.473398
-13.081956,10.406567,2.468304
-14.397959,8.628105,2.471390
-15.593799,6.633448,2.471378
-16.578601,4.648645,2.475621
-17.401131,2.478670,2.478827
-18.003072,0.097009,2.471792
-18.217183,-2.448576,2.469500
-17.652411,-4.944623,2.478939
-17.218189,-7.717128,2.480899
-16.245932,-10.303386,2.477023
-14.724768,-12.813857,2.476642
-12.832105,-15.308159,2.478350
-10.409698,-17.320033,2.474938
-7.612381,-18.757141,2.470346
-4.515159,-19.759084,2.476181
-1.169531,-20.346712,2.476162
2.164252,-20.054625,2.475720
5.412034,-19.054849,2.478551
8.653237,-17.773803,2.475908
11.488750,-15.935706,2.472788
14.012198,-13.523543,2.467298
16.099107,-10.850611,2.466681
17.763386,-7.804438,2.468645
18.895871,-4.489481,2.468005
19.685572,-1.127023,2.474169
18.790728,2.324370,2.478233
16.449966,5.216880,2.475284
12.047186,6.711393,-0.774513
10.402685,8.602588,-0.782443
8.452968,10.042067,-0.776359
7.172811,11.912940,-0.770402
5.974265,14.252182,-0.774550
3.504950,14.889871,-0.778387
1.180661,15.249584,-0.776135
-1.059640,15.450081,-0.773257
-3.357567,15.255297,-0.771593
-5.582038,14.709884,-0.770898
-7.573475,13.820022,-0.779304
-9.403527,12.631810,-0.780966
-11.025383,11.338896,-0.775290
-12.530137,9.914695,-0.772060
-13.847850,8.174885,-0.771752
-14.823666,6.348788,-0.780340
-15.688341,4.459966,-0.781092
-16.445317,2.309427,-0.778927
-16.964904,0.063181,-0.781446
-17.206555,-2.312649,-0.773631
-16.696784,-4.544490,-0.774072
-16.302478,-7.149676,-0.776816
-15.324531,-9.536905,-0.774279
-13.824015,-11.840797,-0.771069
-12.177388,-14.281677,-0.773826
-10.065126,-16.478011,-0.776464
-7.410444,-17.999366,-0.772295
-4.441031,-19.104685,-0.779361
-1.210291,-19.620904,-0.777469
2.051261,-19.384554,-0.772189
5.231085,-18.582925,-0.774708
8.366642,-17.322463,-0.778464
11.102579,-15.519976,-0.778543
13.505837,-13.148559,-0.779251
15.535344,-10.417178,-0.778340
16.996386,-7.398979,-0.776989
17.778365,-4.204505,-0.779310
18.161447,-0.989486,-0.781926
16.844326,2.181523,-0.777194
14.113593,4.729160,-0.770970
10.943935,6.345654,-4.027083
9.275873,7.924645,-4.032146
7.325068,9.150117,-4.025838
5.915867,10.563810,-4.024887
4.536774,12.092937,-4.028627
2.605126,12.646956,-4.023237
0.598822,12.966861,-4.023193
-1.372640,13.157813,-4.028638
-3.275780,13.072285,-4.030460
-5.141730,12.718495,-4.026105
-6.839604,12.117735,-4.025287
-8.505492,11.214281,-4.024167
-10.133035,10.225587,-4.024035
-11.731010,9.202573,-4.028686
-12.970344,7.638408,-4.027431
-13.747605,5.899205,-4.029444
-14.448800,4.134495,-4.025432
-15.076758,2.244066,-4.022868
-15.489589,0.179378,-4.031450
-15.799778,-1.992230,-4.028533
-15.606086,-4.179134,-4.030579
-15.309987,-6.580244,-4.030009
-14.345238,-8.737869,-4.028399
-13.014647,-10.874147,-4.030300
-11.542243,-13.248652,-4.030181
-9.558785,-15.361727,-4.026308
-7.111741,-16.921194,-4.029959
-4.325664,-18.035707,-4.032074
-1.279591,-18.606375,-4.026888
1.817860,-18.541312,-4.024783
4.951917,-17.883138,-4.026205
7.919774,-16.690566,-4.026630
10.659052,-14.847539,-4.033572
12.887182,-12.559569,-4.031157
14.730090,-9.923117,-4.030746
15.976652,-6.997814,-4.029854
16.435566,-3.818074,-4.022452
16.278346,-0.793721,-4.027203
14.953357,2.114639,-4.028360
12.849902,4.461784,-4.024778
10.666913,6.192958,-7.278695
8.831131,7.684150,-7.282168
6.964001,8.862722,-7.276600
4.989390,9.458816,-7.273112
3.096476,9.758770,-7.278080
1.531616,10.241521,-7.283124
-0.072696,10.522642,-7.276337
-1.531053,10.611440,-7.273793
-3.073816,10.631273,-7.280824
-4.605687,10.445240,-7.278789
-6.121566,10.116258,-7.273892
-7.566898,9.594052,-7.276894
-9.085583,8.965673,-7.284425
-10.789701,8.321161,-7.283773
-11.901927,7.023171,-7.284532
-12.513452,5.382788,-7.279848
-13.016931,3.738683,-7.273671
-13.475431,2.075781,-7.273512
-13.746286,0.277034,-7.275419
-14.106886,-1.596723,-7.277940
-14.409139,-3.664175,-7.284445
-14.232282,-5.940030,-7.274522
-13.327182,-7.907877,-7.278752
-12.202191,-10.000145,-7.285739
-10.879849,-12.147139,-7.281428
-8.935272,-13.955790,-7.282198
-6.701873,-15.512047,-7.283178
-4.178678,-16.534221,-7.279497
-1.356885,-17.297955,-7.278477
1.621597,-17.475345,-7.280349
4.583871,-16.922848,-7.281658
7.449264,-15.770185,-7.281254
9.928556,-14.075715,-7.279968
12.055766,-11.833585,-7.282382
13.686762,-9.310350,-7.283703
14.728753,-6.489551,-7.281097
14.885101,-3.492119,-7.278307
14.105447,-0.606255,-7.279166
13.141775,2.009611,-7.278209
12.104584,4.258713,-7.276728
10.251561,6.082433,-10.527599
8.426444,7.421559,-10.523945
6.568640,8.521854,-10.531974
4.322196,8.749178,-10.528069
2.316203,8.622391,-10.522288
0.962450,9.055997,-10.531660
-0.348147,9.266244,-10.530537
-1.693003,9.278879,-10.523925
-3.026531,9.284204,-10.524552
-4.265229,9.129664,-10.529195
-5.593262,8.934505,-10.527405
-6.968214,8.628368,-10.525267
-8.385380,8.107750,-10.531282
-9.877294,7.538485,-10.526998
-10.913256,6.370737,-10.521605
-11.462356,4.946454,-10.526542
-11.853433,3.415931,-10.526873
-12.128871,1.939251,-10.521707
-12.266128,0.442879,-10.529877
-12.550618,-1.201940,-10.527450
-13.136096,-3.211721,-10.529045
-13.030721,-5.200480,-10.528881
-12.289276,-7.068459,-10.530643
-11.364186,-9.039853,-10.526483
-10.108287,-10.983406,-10.524313
-8.366635,-12.570584,-10.533382
-6.349078,-14.044575,-10.530585
-4.044638,-15.014960,-10.522098
-1.403996,-15.845732,-10.522363
1.320786,-16.133160,-10.525031
4.137288,-15.683674,-10.525694
6.768765,-14.624657,-10.527179
9.097216,-12.997377,-10.526744
11.027288,-10.906087,-10.524186
12.426476,-8.449847,-10.526042
13.244418,-5.788447,-10.526624
13.308424,-3.048928,-10.523169
12.405106,-0.367708,-10.527764
11.842684,1.907781,-10.531485
11.364622,4.083290,-10.531870
9.486116,5.711279,-13.779961
7.778530,7.107797,-13.773389
6.053702,8.105645,-13.775068
4.250170,8.644001,-13.778573
2.505226,8.843581,-13.778721
0.996312,9.027728,-13.777749
-0.366133,9.127600,-13.778699
-1.734770,9.113382,-13.781298
-3.021436,8.999903,-13.782768
-4.222532,8.819565,-13.781125
-5.498443,8.599792,-13.779660
-6.742220,8.265903,-13.776503
-7.971756,7.660150,-13.771028
-9.079455,6.848888,-13.773992
-9.917102,5.778548,-13.771775
-10.577858,4.481234,-13.776809
-10.960062,3.177526,-13.785375
-11.152441,1.819440,-13.781034
-11.346954,0.467482,-13.775588
-11.287064,-0.977264,-13.776225
-11.763429,-2.661688,-13.775041
-11.690279,-4.455269,-13.776741
-11.217472,-6.238062,-13.773958
-10.479266,-8.058225,-13.778415
-9.297744,-9.739490,-13.783300
-7.788027,-11.243031,-13.776046
-6.015738,-12.550795,-13.774636
-3.863434,-13.506380,-13.774681
-1.523757,-14.182510,-13.779446
0.968088,-14.463314,-13.780576
3.533539,-14.138672,-13.780442
5.863961,-13.205181,-13.781534
8.033281,-11.663856,-13.777475
9.721460,-9.791175,-13.780425
10.825810,-7.473799,-13.778427
11.448253,-5.027968,-13.775079
11.820552,-2.708536,-13.777765
11.819541,-0.356219,-13.779300
11.457176,1.868075,-13.781598
10.690024,3.975325,-13.783103
7.932299,5.120302,-17.032063
6.779855,6.501094,-17.022797
5.327347,7.502327,-17.023311
4.038744,8.390057,-17.025069
2.700326,9.201022,-17.027109
1.116842,9.279834,-17.035003
-0.361245,9.308119,-17.027863
-1.664145,9.317387,-17.021566
-2.967286,9.112707,-17.028239
-4.268017,8.892347,-17.027974
-5.482982,8.639504,-17.028576
-6.734196,8.194109,-17.029367
-7.797426,7.419789,-17.023280
-8.409714,6.260949,-17.023522
-8.975459,5.148698,-17.026820
-9.721029,4.124595,-17.024741
-10.225601,3.018258,-17.020593
-10.348163,1.764795,-17.023125
-10.670877,0.488758,-17.027139
-10.252352,-0.685782,-17.033464
-10.315740,-2.051360,-17.029884
-10.237586,-3.558972,-17.023101
-10.128550,-5.315560,-17.024251
-9.557142,-7.017737,-17.026390
-8.467201,-8.417153,-17.028520
-7.230521,-9.883400,-17.032386
-5.591821,-11.064101,-17.030047
-3.712759,-11.959981,-17.029107
-1.668698,-12.268690,-17.030184
0.488926,-12.428900,-17.028225
2.753562,-12.254725,-17.023082
4.816708,-11.417373,-17.023322
6.663376,-10.068087,-17.031110
8.138145,-8.387463,-17.030205
8.925080,-6.265983,-17.025662
9.348553,-4.153687,-17.025537
10.159440,-2.214442,-17.027062
11.277706,-0.318994,-17.025586
10.899755,1.833642,-17.030492
9.302916,3.646446,-17.035480
6.108236,4.434560,-20.282756
5.357179,5.652373,-20.273897
4.245761,6.599178,-20.276457
3.265417,7.539240,-20.280181
2.253043,8.507716,-20.281789
0.838254,8.667660,-20.286569
-0.517635,8.721260,-20.278127
-1.753833,8.743251,-20.270933
-2.937363,8.538253,-20.278209
-4.122745,8.339596,-20.281064
-5.296063,8.147044,-20.274780
-6.452591,7.781046,-20.272365
-7.441446,6.993754,-20.283319
-7.770348,5.670720,-20.283522
-8.130456,4.600214,-20.276613
-8.797206,3.716583,-20.273217
-9.275138,2.781901,-20.273883
-9.249502,1.634900,-20.272844
-9.372024,0.557506,-20.275284
-9.047526,-0.457246,-20.281026
-8.822205,-1.510279,-20.280093
-8.638047,-2.633963,-20.281041
-8.895104,-4.285551,-20.283753
-8.485916,-5.777556,-20.276740
-7.522174,-6.923329,-20.270906
-6.522659,-8.359882,-20.272133
-5.171095,-9.305264,-20.277337
-3.572976,-10.136819,-20.282340
-1.805649,-9.963843,-20.274596
-0.004457,-10.007122,-20.272192
1.832908,-9.939210,-20.275344
3.553479,-9.199974,-20.277760
5.032684,-8.077205,-20.280186
6.175454,-6.674043,-20.281188
6.730338,-4.860025,-20.280134
7.045819,-3.142608,-20.277238
7.848359,-1.633516,-20.276246
9.158058,-0.094011,-20.281321
8.663011,1.686557,-20.288732
7.152769,3.187372,-20.289207
4.213917,3.661235,-23.520719
3.709671,4.668795,-23.528416
2.879588,5.474207,-23.533891
2.160282,6.263886,-23.537243
1.399838,7.139506,-23.536484
0.264102,7.407287,-23.525943
-0.807153,7.506180,-23.523139
-1.875731,7.540229,-23.526917
-2.905012,7.379906,-23.528558
-3.895697,7.290543,-23.531178
-4.930743,7.247737,-23.534544
-6.048895,6.998302,-23.535067
-6.894328,6.358760,-23.532961
-7.120796,5.127559,-23.537484
-7.358441,4.129584,-23.530624
-7.834027,3.352397,-23.519960
-8.101024,2.446795,-23.521964
-8.001234,1.554597,-23.524917
-7.790279,0.682042,-23.527480
-7.715757,-0.135214,-23.522092
-7.282312,-0.885507,-23.521659
-6.918356,-1.585507,-23.523055
-7.420162,-3.051318,-23.527767
-7.161476,-4.264829,-23.530533
-6.401492,-5.164728,-23.527734
-5.719341,-6.391735,-23.528149
-4.584793,-7.202096,-23.526042
-3.319703,-7.839240,-23.528794
-1.985176,-7.096033,-23.524691
-0.684848,-7.148120,-23.527266
0.730649,-7.102570,-23.530061
1.945460,-6.530770,-23.528309
3.000218,-5.664982,-23.528034
3.785743,-4.538286,-23.530915
4.288343,-3.312139,-23.524403
4.534175,-2.055340,-23.524062
5.037416,-0.924694,-23.527591
5.780214,0.207397,-23.526344
5.523049,1.529963,-23.520678
4.817227,2.627076,-23.517949
2.286835,2.906212,-26.779596
1.912536,3.616302,-26.768189
1.310332,4.169117,-26.775581
0.794348,4.708913,-26.778501
0.254016,5.313427,-26.772063
-0.489852,5.618613,-26.778308
-1.275360,5.770756,-26.784821
-2.013141,5.827922,-26.784923
-2.791083,5.737205,-26.783159
-3.557733,5.800429,-26.780359
-4.456048,6.017772,-26.781521
-5.407562,5.970916,-26.786244
-6.182110,5.492941,-26.777923
-6.449827,4.513882,-26.767246
-6.658165,3.646540,-26.773562
-6.992064,2.957093,-26.784870
-6.782695,2.105170,-26.780564
-6.637518,1.418396,-26.783635
-6.169291,0.776672,-26.783339
-6.026092,0.209918,-26.775833
-5.804845,-0.295422,-26.771934
-5.107263,-0.548115,-26.776304
-5.463478,-1.449831,-26.781540
-5.453701,-2.357805,-26.780192
-5.022661,-2.970246,-26.779671
-4.592068,-3.846615,-26.774109
-3.887929,-4.388100,-26.774373
-3.013410,-4.462948,-26.782018
-2.198450,-3.630603,-26.778180
-1.429019,-3.800616,-26.774382
-0.667552,-3.626535,-26.773023
0.009571,-3.222304,-26.779783
0.482087,-2.558060,-26.778014
1.042886,-2.120329,-26.775050
1.764142,-1.685019,-26.776324
1.715524,-0.821237,-26.773274
1.325314,0.032428,-26.771718
1.312384,0.650374,-26.776020
1.664379,1.277375,-26.783566
2.165845,2.052325,-26.788625
-3.131019,0.383466,-30.027518
