15.887540,21.523979,43.814962
12.778349,23.112685,43.814962
9.697018,24.260074,43.814962
6.298472,25.067312,43.814962
3.027664,25.401351,43.814962
-0.463389,25.302451,43.814962
-3.918251,24.788556,43.814962
-7.501641,23.876326,43.814962
-11.186144,22.589142,43.814962
-14.957329,20.959667,43.814963
-19.173230,18.830734,43.814963
-23.634077,16.276186,43.814963
-28.930453,12.776796,43.814963
-34.731263,8.112197,43.814963
-39.530174,1.959839,43.814962
-40.436124,-5.188857,43.814962
-38.264742,-11.848204,43.814962
-34.553734,-17.783451,43.814962
-30.293356,-23.312654,43.814962
-25.740911,-28.335912,43.814962
-20.623536,-32.782675,43.814962
-14.528151,-36.238355,43.814962
-7.912800,-37.673753,43.814962
-1.139755,-37.086764,43.814962
5.301192,-34.958506,43.814962
10.753715,-32.082053,43.814962
15.610792,-28.631282,43.814962
19.727246,-24.912927,43.814962
23.138483,-21.072817,43.814962
25.978481,-17.041903,43.814962
28.199206,-12.870185,43.814962
29.779199,-8.413531,43.814962
30.501020,-3.950409,43.814962
30.386638,0.365948,43.814962
29.508796,4.592150,43.814962
28.116082,8.241292,43.814962
26.224495,11.655591,43.814962
23.893135,14.792138,43.814962
21.478815,17.332706,43.814962
20.273984,21.391058,39.222026
17.898145,24.542369,39.215233
14.500788,26.560209,39.212443
10.364816,26.938833,39.218564
6.514532,26.904256,39.224503
2.840928,27.101251,39.219252
-0.712947,26.368334,39.216566
-4.283229,25.492611,39.210969
-8.048170,24.689829,39.207174
-11.546577,23.013435,39.214007
-15.062313,20.962618,39.205841
-19.001093,18.833251,39.207646
-23.582939,16.229430,39.211566
-29.222436,12.821112,39.205798
-34.396221,8.080907,39.207565
-36.658529,1.908897,39.218453
-37.336389,-4.595885,39.222704
-36.020783,-11.157650,39.211770
-32.995069,-16.948453,39.213400
-28.715202,-22.124473,39.218669
-23.886594,-26.496053,39.210076
-18.744312,-30.150661,39.215700
-13.135727,-33.054162,39.224678
-7.114348,-34.900549,39.218906
-0.797825,-35.513775,39.212369
5.199081,-34.531698,39.213292
10.758159,-31.982218,39.208461
15.853275,-29.373005,39.208013
20.180493,-25.726222,39.210566
23.382959,-21.479835,39.207997
26.151914,-17.217444,39.209979
28.651775,-13.020997,39.221159
30.248335,-8.621761,39.208602
30.826778,-4.165479,39.212101
30.428664,0.283711,39.219625
29.604669,4.481898,39.207008
29.048596,8.538708,39.204800
27.353824,12.175350,39.213558
24.961654,15.269825,39.222294
22.589263,18.287404,39.224980
20.659652,21.789713,34.619584
18.013534,24.658040,34.620233
14.582472,26.894603,34.623563
10.609124,27.845472,34.621593
6.713546,27.875159,34.613376
2.811748,27.950616,34.610003
-0.959455,27.144886,34.619930
-4.535851,26.195199,34.625324
-8.270517,25.173145,34.621286
-11.726361,23.370228,34.619524
-15.157817,21.139180,34.617980
-19.087139,18.942556,34.611270
-23.873561,16.242760,34.609310
-29.407361,12.926407,34.618802
-34.486701,8.097682,34.626190
-36.356410,1.958308,34.622009
-37.293147,-4.556017,34.613627
-36.329153,-11.198452,34.616303
-33.343639,-17.291090,34.621386
-29.147058,-22.318355,34.619707
-24.108177,-26.503429,34.613493
-18.527325,-29.926576,34.606570
-12.998552,-32.611075,34.608426
-6.988940,-34.582124,34.615774
-0.884690,-35.568844,34.617346
5.198740,-35.107725,34.612810
10.909954,-32.818108,34.614688
16.215137,-30.089224,34.624298
20.466181,-26.308398,34.621479
23.622093,-21.736899,34.615451
26.245037,-17.353576,34.617096
28.738016,-13.122260,34.617689
30.290152,-8.670543,34.611075
30.675866,-4.192137,34.610883
30.279645,0.308212,34.619030
29.388898,4.507013,34.622648
27.915656,8.321961,34.616111
26.437248,11.922318,34.620090
24.918035,15.272005,34.626094
22.960056,18.634493,34.623801
20.138857,21.253059,30.019504
17.165051,23.461501,30.018095
14.087489,25.624766,30.018937
10.683050,27.512841,30.022196
6.772816,28.127948,30.022439
2.835154,28.076672,30.012566
-0.862087,27.634004,30.018795
-4.687087,26.715221,30.016494
-8.378314,25.347410,30.008496
-11.896765,23.589172,30.021050
-15.394734,21.374254,30.015419
-19.559346,19.063830,30.012584
-24.234266,16.431802,30.017467
-29.713454,12.971628,30.018559
-34.788768,8.203764,30.016278
-37.426561,1.849766,30.016169
-38.500197,-4.920231,30.011341
-37.582137,-11.677369,30.011771
-34.717762,-17.902031,30.007678
-30.272481,-23.367775,30.003818
-25.173160,-27.602791,30.010866
-19.322260,-31.131086,30.015121
-13.488765,-33.823310,30.014411
-7.360795,-35.693558,30.017798
-0.983385,-36.631480,30.022927
5.402554,-36.216377,30.023005
11.244151,-34.059593,30.019336
16.357172,-30.880916,30.017125
20.620953,-26.663616,30.023007
23.828050,-21.828725,30.023352
26.326265,-17.294280,30.019289
28.547532,-13.082417,30.022310
29.949626,-8.521642,30.019275
30.189046,-3.985078,30.014142
29.770441,0.363893,30.010957
28.938839,4.414263,30.007517
27.296821,8.213265,30.003532
25.844761,11.637216,30.011314
24.387393,15.100314,30.020926
22.648486,18.231167,30.022198
18.942173,19.990597,25.423050
16.255040,21.994700,25.417292
13.353899,24.054943,25.416425
10.236145,26.223032,25.415554
6.725587,27.609449,25.406703
2.968548,27.561333,25.420377
-0.850889,27.533735,25.427681
-4.710022,26.879452,25.421553
-8.402587,25.273456,25.412622
-12.054441,23.702185,25.406775
-15.717631,21.661100,25.411015
-19.972425,19.381363,25.421639
-24.715128,16.699327,25.424681
-29.918248,13.145176,25.421233
-35.289309,8.135244,25.420987
-38.896144,1.964959,25.418772
-40.122038,-5.066690,25.417505
-39.143792,-12.369286,25.417782
-36.253856,-18.883678,25.422991
-31.849375,-24.511610,25.421627
-26.472167,-29.200388,25.409906
-20.617914,-32.898075,25.407864
-14.282423,-35.693227,25.407933
-7.793563,-37.424753,25.413226
-1.113555,-38.089571,25.413656
5.377671,-37.512026,25.410418
11.520030,-35.340085,25.420478
16.633602,-31.345245,25.427866
20.692452,-26.772465,25.412460
23.801122,-22.061256,25.407858
26.269395,-17.186505,25.416733
28.179164,-12.756985,25.412229
29.276551,-8.268988,25.417816
29.418782,-3.660370,25.416303
28.942539,0.515652,25.411703
28.147052,4.419599,25.415469
26.948671,8.002574,25.418561
25.322892,11.403649,25.417532
23.490435,14.483440,25.417858
21.397246,17.408393,25.421893
17.307200,18.245461,20.813989
15.147694,20.603773,20.813442
12.621910,22.432829,20.814319
9.635693,24.093528,20.818664
6.422310,26.100871,20.821618
2.870260,26.374792,20.815092
-0.773355,26.723392,20.811961
-4.668201,26.405338,20.815267
-8.283793,25.055654,20.812851
-12.081672,23.791094,20.806309
-16.121281,21.960234,20.820981
-20.461133,19.766393,20.812531
-25.227019,17.026311,20.806477
-30.299742,13.256231,20.812423
-35.533035,8.275302,20.809905
-40.254847,1.794358,20.822147
-41.600264,-5.472012,20.816428
-40.625538,-12.858814,20.806009
-37.739772,-19.645301,20.806204
-33.295840,-25.580544,20.808851
-27.833391,-30.569509,20.804562
-21.622756,-34.591351,20.807155
-14.999789,-37.371126,20.820705
-8.194938,-38.969635,20.818301
-1.253260,-39.331309,20.816080
5.489185,-38.448111,20.825693
11.662059,-36.219919,20.825314
16.769085,-31.530492,20.822571
20.643113,-26.719552,20.816970
23.762450,-21.973571,20.811833
26.000468,-17.175470,20.808759
27.578886,-12.355823,20.805108
28.359402,-7.773352,20.804270
28.435557,-3.541132,20.813404
27.886484,0.642733,20.820406
27.029096,4.351664,20.817340
26.092300,7.833844,20.818049
24.245612,11.130734,20.815385
21.978109,13.667176,20.812374
19.555567,16.012472,20.812912
15.849908,16.367450,16.222859
13.762142,18.439730,16.215426
11.455858,20.221664,16.206192
8.875620,21.633924,16.208281
6.107119,23.112652,16.221293
3.036409,24.476372,16.219012
-0.443759,25.141856,16.212010
-4.230324,25.150272,16.214755
-7.973447,24.769099,16.215450
-12.057155,23.830306,16.204936
-16.409615,22.317483,16.218215
-20.952107,20.177979,16.224093
-25.825381,17.282931,16.213099
-30.695190,13.361812,16.212669
-35.714665,8.249076,16.220333
-40.747350,1.837394,16.204199
-42.352763,-5.519425,16.217418
-41.440089,-13.061341,16.212752
-38.457384,-20.191148,16.207117
-33.989089,-26.283765,16.214747
-28.448754,-31.399598,16.217982
-22.274373,-35.356851,16.218076
-15.497969,-38.143067,16.218109
-8.527240,-39.689125,16.216850
-1.435645,-39.869450,16.216699
5.416135,-38.708862,16.215194
11.663017,-36.251512,16.210109
16.620010,-31.495002,16.218272
20.494709,-26.493121,16.221837
23.565494,-21.762901,16.219218
25.707167,-16.753340,16.218550
26.806237,-11.846360,16.218071
27.258596,-7.261889,16.210909
27.249526,-3.068847,16.212438
26.682963,0.866060,16.217195
25.592099,4.259311,16.214751
24.021457,7.455808,16.209062
22.119701,10.216525,16.208533
20.010824,12.540463,16.214127
17.863555,14.530528,16.220909
14.849670,15.296711,11.619426
12.669647,16.836707,11.625214
10.707118,18.363143,11.618261
8.524029,19.871009,11.608222
5.781972,20.779712,11.618608
3.082511,22.727953,11.616983
-0.133952,23.685705,11.614522
-3.709093,23.864656,11.617343
-7.757837,24.376537,11.613723
-12.062851,23.824990,11.609166
-16.848916,22.577902,11.622935
-21.531702,20.479278,11.626277
-26.449339,17.424013,11.612140
-31.068195,13.379193,11.606336
-35.607157,8.272888,11.615050
-40.405552,1.854543,11.613851
-42.101195,-5.569254,11.618482
-41.211434,-12.969159,11.621151
-38.290633,-19.994785,11.621831
-33.828623,-26.179865,11.615197
-28.420088,-31.251626,11.605100
-22.205503,-35.295957,11.612793
-15.347890,-38.095495,11.624316
-8.487527,-39.576032,11.614173
-1.302066,-39.648192,11.611724
5.370340,-38.236314,11.620792
11.555077,-35.409770,11.606907
16.391169,-30.960262,11.615125
20.333231,-25.919258,11.618480
23.287890,-21.200858,11.621861
25.222691,-16.224368,11.621206
25.883894,-11.320936,11.605698
26.048135,-6.792061,11.613225
25.978302,-2.678773,11.622893
25.414205,0.995179,11.617819
24.046951,4.221183,11.608089
21.727017,7.106073,11.612198
19.987632,9.399615,11.610628
18.431549,11.585197,11.608118
16.674698,13.626251,11.612443
14.589272,15.030958,7.018138
12.629440,16.752400,7.007211
10.703577,18.210369,7.009738
8.325081,19.702682,7.022626
5.789058,20.919386,7.012918
3.104531,22.310332,7.018032
-0.137245,23.300505,7.021691
-3.547278,23.727717,7.014467
-7.546296,24.010859,7.014295
-12.165286,23.805227,7.025022
-17.099316,22.834838,7.010367
-21.878394,20.756375,7.003520
-26.792451,17.575877,7.008196
-31.161568,13.472021,7.015003
-35.297282,8.247882,7.020228
-39.424163,1.838916,7.018190
-40.912244,-5.245965,7.016082
-39.948882,-12.642991,7.008878
-37.133741,-19.309000,7.016271
-32.815212,-25.363271,7.021806
-27.610940,-30.395828,7.012113
-21.656027,-34.509478,7.018614
-14.991393,-37.302816,7.009131
-8.102774,-38.808559,7.006483
-1.275531,-38.856365,7.007210
5.355037,-37.179189,7.005674
11.201964,-34.039987,7.014110
16.146661,-29.913611,7.008856
19.924250,-25.240136,7.007996
22.733982,-20.557433,7.008734
24.514634,-15.675667,7.004081
24.872010,-10.653869,7.004747
24.808148,-6.232276,7.018841
24.704470,-2.409150,7.016420
24.088592,1.145853,7.016552
22.631148,4.246901,7.025237
20.734436,6.842646,7.010858
19.140681,9.154583,7.007753
17.697370,11.337034,7.015230
16.223618,13.255532,7.019915
14.565117,15.041019,2.418971
12.823074,16.891529,2.412935
10.690520,18.577630,2.413343
8.553165,19.953315,2.422524
5.916424,21.622775,2.419401
3.151492,22.532099,2.410816
-0.069965,23.401885,2.405990
-3.694063,24.028473,2.407180
-7.607847,23.999041,2.411853
-12.085307,23.824862,2.416831
-17.287440,22.973332,2.409446
-22.105316,20.884903,2.404913
-26.810801,17.698054,2.415304
-31.076088,13.455497,2.422330
-34.770716,8.154399,2.412707
-37.937552,1.897672,2.406965
-39.031193,-5.044203,2.409626
-38.008380,-11.805697,2.415560
-35.232819,-18.260169,2.414788
-31.184292,-23.993503,2.416237
-26.258370,-29.005157,2.420866
-20.810939,-33.125564,2.409945
-14.406957,-35.974439,2.415006
-7.741061,-37.520531,2.418081
-1.098209,-37.604149,2.416482
5.255081,-35.750691,2.415766
10.878258,-32.224247,2.412998
15.600386,-28.720186,2.420443
19.336044,-24.292650,2.412944
21.963475,-19.658397,2.413511
23.615423,-14.905472,2.424770
23.794180,-9.824338,2.416892
23.613904,-5.735383,2.407467
23.479215,-2.012705,2.407857
22.831327,1.207537,2.417192
21.463698,4.242169,2.425135
20.323803,6.725295,2.420111
18.987574,9.097658,2.412469
17.557814,11.195764,2.411325
16.048656,13.231813,2.416351
14.433208,14.939396,-2.180106
12.722510,16.677369,-2.186718
10.753099,18.425088,-2.188366
8.559142,20.200997,-2.182645
6.035824,21.843718,-2.185299
3.022600,22.886910,-2.176425
-0.100702,23.601624,-2.183842
-3.805375,24.252897,-2.193596
-7.930131,24.395575,-2.184333
-12.227740,23.859788,-2.187403
-17.240949,23.003294,-2.188179
-22.045903,20.908994,-2.186771
-26.659059,17.607018,-2.185077
-30.793947,13.261944,-2.180118
-33.945920,8.118068,-2.178906
-36.198145,1.933574,-2.186793
-36.825713,-4.438743,-2.181728
-35.696881,-10.924202,-2.187577
-33.047358,-16.959970,-2.190597
-29.175415,-22.506389,-2.181621
-24.661343,-27.307873,-2.179231
-19.560896,-31.474233,-2.188735
-13.621383,-34.283275,-2.191100
-7.407501,-35.862262,-2.188842
-0.991525,-36.035231,-2.182973
5.249391,-34.034037,-2.174317
10.481925,-30.338754,-2.174767
15.123445,-27.072770,-2.187107
18.584363,-22.951723,-2.188010
20.988660,-18.398219,-2.180982
22.496564,-13.787244,-2.180158
22.695162,-9.076898,-2.188569
22.545348,-5.134505,-2.195239
22.384115,-1.732169,-2.186465
21.663615,1.355138,-2.174579
20.550607,4.156313,-2.176554
19.991588,6.738643,-2.189218
18.917802,9.106183,-2.191969
17.465523,11.111359,-2.185699
15.987694,13.068456,-2.180456
14.111979,14.625370,-6.784486
12.345923,16.421188,-6.777902
10.537499,18.191067,-6.784339
8.561995,20.038669,-6.794762
6.032905,21.778500,-6.778841
3.054916,23.084687,-6.783399
-0.262094,23.918880,-6.795806
-4.008019,24.636501,-6.788218
-8.114887,24.855124,-6.772915
-12.192482,23.981473,-6.777179
-17.133695,22.882436,-6.778131
-21.856639,20.677387,-6.792076
-26.188318,17.389907,-6.793577
-30.085817,13.127582,-6.782944
-32.951111,7.909635,-6.784557
-34.381147,2.117536,-6.791921
-34.636167,-4.023166,-6.791852
-33.396265,-10.212427,-6.785667
-30.863863,-15.812553,-6.789444
-27.265616,-21.000786,-6.786282
-23.114317,-25.528273,-6.776057
-18.270492,-29.587776,-6.792484
-12.811932,-32.379466,-6.782303
-6.892926,-34.047375,-6.782271
-0.730184,-34.250921,-6.783329
5.233301,-32.263937,-6.777223
10.158346,-28.574724,-6.791315
14.461001,-25.244989,-6.788872
17.651981,-21.159019,-6.792529
19.785143,-16.726439,-6.791131
21.133151,-12.438704,-6.786372
21.623999,-8.493054,-6.792214
21.689165,-4.705205,-6.791743
21.451749,-1.454682,-6.780607
20.693886,1.510592,-6.775809
19.840184,4.079174,-6.782898
19.489998,6.595210,-6.788013
18.559988,8.898078,-6.791069
17.048775,10.975641,-6.791826
15.614027,12.842729,-6.789489
13.660604,14.165088,-11.393542
12.087814,15.998998,-11.392870
10.428201,17.754876,-11.382882
8.405653,19.637003,-11.373813
5.955282,21.548565,-11.384861
3.066431,23.104191,-11.390260
-0.354873,24.282302,-11.384184
-4.086011,25.119238,-11.386901
-8.364363,25.170949,-11.392503
-12.376138,24.055210,-11.380476
-16.823123,22.646117,-11.385550
-21.265740,20.358779,-11.378311
-25.453538,17.018037,-11.379126
-29.105498,12.846004,-11.385670
-31.687406,7.789011,-11.380801
-32.638002,2.154859,-11.383248
-32.553873,-3.722053,-11.389211
-31.254991,-9.441575,-11.391649
-28.789634,-14.774696,-11.383736
-25.559035,-19.469583,-11.378402
-21.596122,-23.801789,-11.386043
-17.054514,-27.523192,-11.393190
-11.923841,-30.376736,-11.393126
-6.314356,-32.134721,-11.381007
-0.430383,-32.338983,-11.380396
5.152681,-30.555489,-11.388498
9.883968,-27.054679,-11.378503
13.668062,-23.260550,-11.380409
16.530444,-19.153182,-11.390655
18.334640,-15.045556,-11.387937
19.645060,-11.111831,-11.375899
20.653864,-7.811047,-11.376042
21.059783,-4.377586,-11.392006
20.728735,-1.290356,-11.391195
20.022706,1.561542,-11.381214
19.355012,4.062854,-11.380527
18.747456,6.408250,-11.386028
17.754764,8.597892,-11.384652
16.407197,10.618592,-11.382238
15.064427,12.418540,-11.387502
13.254824,13.754469,-15.980843
11.893632,15.635223,-15.981765
10.240311,17.456942,-15.990388
8.211849,19.158716,-15.993417
5.863006,21.235341,-15.981802
3.075092,22.986500,-15.987179
-0.386332,24.585647,-15.993199
-4.222742,25.535460,-15.984520
-8.345488,25.312229,-15.978325
-12.287498,24.075352,-15.983816
-16.356297,22.259877,-15.978394
-20.483006,19.827601,-15.979158
-24.392810,16.549135,-15.989203
-27.814561,12.480963,-15.991027
-30.191421,7.614745,-15.984635
-30.831987,2.185316,-15.987767
-30.500585,-3.256735,-15.992329
-29.200822,-8.542902,-15.991281
-26.826616,-13.625570,-15.981392
-23.741906,-18.125482,-15.973990
-20.034934,-22.108252,-15.980030
-15.567617,-25.504676,-15.991817
-10.882840,-28.297702,-15.990204
-5.729520,-30.065536,-15.982466
-0.285360,-30.287357,-15.986697
4.981068,-28.808708,-15.993526
9.599310,-25.606888,-15.981954
12.890830,-21.078821,-15.981128
15.381966,-17.152907,-15.994384
17.002396,-13.199969,-15.986491
18.336281,-9.841266,-15.977951
19.847161,-7.278798,-15.985871
20.630968,-4.225735,-15.978789
20.240904,-1.128617,-15.970760
19.636854,1.625489,-15.981285
19.138984,4.043336,-15.993876
18.053027,6.259223,-15.982995
16.928896,8.291454,-15.984271
15.778912,10.283365,-15.992235
14.547435,12.033503,-15.987788
13.078366,13.590011,-20.596965
11.842342,15.444194,-20.581240
10.155948,17.275726,-20.579752
8.118623,18.781089,-20.596892
5.921575,20.817340,-20.586227
3.082574,22.772830,-20.584430
-0.403017,24.725251,-20.587968
-4.309056,25.675978,-20.579791
-8.267953,25.150354,-20.578428
-12.135162,23.834596,-20.593801
-15.771970,21.635194,-20.595246
-19.423470,19.133566,-20.593731
-23.064680,15.917276,-20.585218
-26.261894,11.960703,-20.581556
-28.408439,7.438492,-20.590989
-28.852386,2.234310,-20.593992
-28.373903,-2.790597,-20.590955
-27.036230,-7.814233,-20.588609
-24.789036,-12.496663,-20.592246
-21.926550,-16.668967,-20.590692
-18.331822,-20.407767,-20.579361
-14.179840,-23.273074,-20.576007
-9.914489,-25.984039,-20.581445
-5.046650,-27.797899,-20.584924
-0.018443,-28.026233,-20.581952
4.927710,-26.807974,-20.582242
9.304167,-24.008690,-20.589512
12.085540,-19.086518,-20.582665
14.342333,-15.453165,-20.579948
15.924849,-11.843015,-20.582815
17.301292,-9.065177,-20.584294
19.331382,-6.845200,-20.581710
20.373468,-4.176742,-20.578395
20.048886,-1.064356,-20.584801
19.578236,1.600608,-20.588671
19.207709,4.075041,-20.582023
17.683963,6.261626,-20.575479
16.522101,8.152233,-20.582166
15.526337,10.108928,-20.594494
14.387305,11.800031,-20.600623
13.319946,13.876998,-25.183030
11.940357,15.667655,-25.175094
10.242064,17.320453,-25.179057
8.157895,18.789209,-25.186576
5.842102,20.680665,-25.174752
3.117058,22.482358,-25.186602
-0.291366,24.518915,-25.187604
-4.251278,25.350777,-25.183272
-7.999348,24.585524,-25.194937
-11.765590,23.215541,-25.192147
-14.843755,20.853506,-25.182674
-18.128861,18.228332,-25.188622
-21.365166,15.171791,-25.188379
-24.261970,11.492693,-25.179037
-26.330913,7.069672,-25.184201
-26.587717,2.415701,-25.192348
-26.071202,-2.346728,-25.179732
-24.778185,-6.946671,-25.183391
-22.678702,-11.238776,-25.186322
-19.948517,-15.190919,-25.184258
-16.547602,-18.527169,-25.192463
-12.605773,-20.970987,-25.193850
-8.732114,-23.529653,-25.178636
-4.286764,-25.274941,-25.185504
0.326673,-25.502348,-25.189785
4.914679,-24.487708,-25.182135
8.896258,-22.151641,-25.190590
11.443505,-17.428930,-25.192841
13.692567,-14.068885,-25.187615
15.319293,-11.200792,-25.191730
16.910811,-8.718153,-25.193610
19.099602,-6.665399,-25.186932
20.309705,-4.064432,-25.193149
20.186466,-1.103783,-25.181328
19.885926,1.607214,-25.178353
19.623725,4.106842,-25.192828
18.082669,6.293222,-25.183894
16.837453,8.352664,-25.187945
15.932022,10.228414,-25.196748
14.697879,12.088900,-25.193225
14.233473,14.708699,-29.773746
12.282014,16.303419,-29.780248
10.420677,17.801844,-29.788590
8.348176,19.467230,-29.792591
5.851795,20.756515,-29.793236
3.128762,22.184478,-29.795908
-0.174360,23.885471,-29.789143
-3.825649,24.371274,-29.780302
-7.306855,23.531828,-29.778309
-10.837937,22.211621,-29.777907
-13.669849,19.713569,-29.792679
-16.470317,17.128270,-29.795987
-19.285158,14.235269,-29.786772
-21.886518,10.859291,-29.784703
-23.779720,6.849994,-29.792933
-23.895843,2.472262,-29.791382
-23.472214,-1.867410,-29.780621
-22.271565,-6.035694,-29.778914
-20.312607,-9.924044,-29.785550
-17.790343,-13.486859,-29.790344
-14.603607,-16.424971,-29.792371
-10.960662,-18.544568,-29.794587
-7.426819,-20.837700,-29.788833
-3.528212,-22.434078,-29.782294
0.659826,-22.696521,-29.785880
4.815313,-21.772682,-29.794777
8.368943,-19.815185,-29.793004
11.091153,-16.251950,-29.780561
13.364760,-13.572662,-29.788301
15.399917,-11.257795,-29.794518
17.311662,-9.013192,-29.790521
19.201493,-6.753767,-29.782303
20.378617,-4.187780,-29.775908
20.657618,-1.275023,-29.787502
20.620732,1.562226,-29.792481
20.412682,4.199899,-29.782838
19.256726,6.595828,-29.790506
18.138076,8.717879,-29.792029
17.072807,10.852952,-29.784306
15.789656,12.890887,-29.776518
15.164620,15.834500,-34.377624
12.807985,16.936022,-34.381338
10.688204,18.432131,-34.379918
8.599386,20.328847,-34.374690
5.888813,20.882473,-34.376251
3.155187,21.796928,-34.383031
0.004895,22.613224,-34.385188
-3.128355,22.502681,-34.383320
-6.326760,21.777641,-34.386071
-9.591896,20.463722,-34.388973
-12.087012,18.175463,-34.377875
-14.440942,15.701639,-34.375785
-16.720143,13.051526,-34.384147
-19.043888,9.991406,-34.385803
-20.717524,6.390227,-34.379234
-20.653527,2.568450,-34.383062
-20.433922,-1.226826,-34.388057
-19.365916,-4.965445,-34.388796
-17.554372,-8.463795,-34.388233
-15.294836,-11.495827,-34.384934
-12.423139,-13.964135,-34.380839
-9.172921,-15.908524,-34.382172
-6.031898,-17.777388,-34.380694
-2.649479,-19.183078,-34.381989
0.998875,-19.509589,-34.387008
4.638562,-18.481844,-34.392946
7.760434,-16.831480,-34.392128
10.711222,-15.419091,-34.380598
13.311689,-13.485361,-34.376422
15.779026,-11.711518,-34.376499
18.060125,-9.648860,-34.381521
19.337913,-6.896998,-34.388567
20.350484,-4.064529,-34.379029
21.089027,-1.422328,-34.382787
21.387638,1.424430,-34.390907
21.178605,4.166415,-34.387302
20.744907,6.886685,-34.386390
19.745052,9.401198,-34.380925
18.435458,11.730139,-34.374923
17.066674,13.902671,-34.374410
15.190208,15.826238,-38.987681
12.792691,17.002103,-38.985645
10.700743,18.331720,-38.980471
8.446860,19.944380,-38.977475
5.773624,20.415589,-38.982401
3.177481,20.899053,-38.990790
0.492010,20.448244,-38.988776
-2.090165,19.581141,-38.985300
-4.877042,19.152736,-38.986486
-7.590150,18.017741,-38.978663
-9.810004,16.104090,-38.989648
-11.716308,13.858705,-38.984087
-13.454192,11.521066,-38.976771
-15.391943,8.944830,-38.981965
-16.797093,5.936102,-38.986751
-16.605534,2.738160,-38.991920
-16.646786,-0.567602,-38.991556
-15.753782,-3.681359,-38.992464
-14.255806,-6.532333,-38.988236
-12.190572,-9.033938,-38.979377
-9.660099,-10.980825,-38.980021
-7.046848,-12.761586,-38.990332
-4.307848,-14.100782,-38.989522
-1.477682,-15.282108,-38.984700
1.552989,-15.593229,-38.988647
4.511800,-14.325614,-38.987750
7.104575,-13.135910,-38.977892
10.070760,-13.440805,-38.980436
12.621771,-12.217612,-38.988671
15.226604,-11.063761,-38.991542
17.787003,-9.493232,-38.986752
18.431087,-6.244804,-38.983003
19.114424,-3.620824,-38.986574
20.388832,-1.178925,-38.982322
20.884381,1.470690,-38.976713
20.409503,4.165608,-38.981566
20.930451,6.857359,-38.988416
20.365315,9.581326,-38.985885
18.753704,11.938545,-38.981791
17.138514,14.046900,-38.984287
13.629299,14.109799,-43.588928
11.767797,15.448692,-43.584572
9.671888,16.304611,-43.580974
7.653840,17.009559,-43.585236
5.561942,18.034310,-43.591767
3.274951,18.286251,-43.587916
1.181555,16.750605,-43.585903
-0.476818,15.252334,-43.584949
-2.653578,15.077196,-43.578791
-4.626524,14.233236,-43.586997
-6.376564,12.957743,-43.581942
-7.766646,11.221792,-43.584101
-8.875404,9.387367,-43.585897
-10.299688,7.486906,-43.578433
-11.354483,5.366214,-43.584520
-11.122621,2.928521,-43.591009
-11.407980,0.495342,-43.581074
-10.733519,-1.862649,-43.581424
-9.613627,-4.009631,-43.583500
-7.773606,-5.592839,-43.581230
-5.834251,-6.913180,-43.580044
-4.248499,-8.452009,-43.580679
-1.997355,-9.131094,-43.583100
-0.026085,-10.015011,-43.584504
2.178213,-10.158684,-43.581917
4.264936,-8.815511,-43.583032
6.145125,-8.257299,-43.584897
8.529679,-9.319121,-43.581640
10.535364,-8.466791,-43.585006
12.846236,-8.002520,-43.588486
15.036137,-6.869784,-43.585516
15.090722,-4.074231,-43.581389
15.554393,-1.964808,-43.584760
16.988863,-0.202408,-43.587833
17.413176,1.893871,-43.585777
16.653835,4.046600,-43.581400
17.927448,6.299363,-43.580213
17.794881,8.708221,-43.579054
16.440829,10.537174,-43.580241
15.096713,12.407693,-43.585429
2.690254,3.408405,-48.185038
8.691117,15.040349,43.814962
6.674496,16.458293,43.814962
4.349409,16.917872,43.814962
1.993276,16.765660,43.814962
-0.219192,16.354416,43.814962
-2.319713,15.961830,43.814962
-4.556176,15.728534,43.814962
-7.030414,15.694824,43.814962
-9.952862,15.613367,43.814962
-13.661366,15.443649,43.814962
-17.638681,14.553841,43.814962
-20.691611,12.199391,43.814962
-21.790857,8.816259,43.814962
-22.078493,5.168104,43.814962
-22.057445,1.706258,43.814962
-21.565337,-1.752647,43.814962
-20.634147,-5.115205,43.814962
-19.265107,-8.322221,43.814962
-17.389995,-11.397284,43.814962
-15.136942,-14.061219,43.814962
-12.376448,-16.373893,43.814962
-9.172309,-18.044911,43.814962
-5.746472,-18.710802,43.814962
-2.172267,-18.178745,43.814962
1.047432,-16.563600,43.814962
3.707403,-14.470910,43.814962
5.758447,-12.388727,43.814962
7.447180,-10.281975,43.814962
8.803450,-8.211584,43.814962
9.786280,-6.312704,43.814962
10.522698,-4.306452,43.814962
10.923842,-2.321114,43.814962
11.031381,-0.524400,43.814962
10.953840,1.273660,43.814962
10.780504,2.951663,43.814962
10.576385,4.626176,43.814962
10.394670,6.303114,43.814962
10.265793,8.098133,43.814962
10.148701,10.346183,43.814962
8.575699,11.497014,39.608479
7.433387,13.153008,39.614588
5.767989,14.396137,39.612073
3.912677,15.467837,39.616021
1.754577,14.453487,39.621798
-0.159274,14.083153,39.610701
-2.059036,14.618565,39.606903
-4.230913,14.961138,39.615735
-7.197691,15.961217,39.608364
-10.044623,15.739183,39.618447
-12.929971,14.783441,39.623411
-16.005882,13.463164,39.616360
-18.761652,11.380256,39.616673
-20.080072,8.317651,39.614445
-20.103226,4.955303,39.613638
-19.892578,1.755645,39.610060
-20.083682,-1.473895,39.606270
-20.099107,-4.939477,39.616818
-19.188579,-8.348358,39.613313
-17.531506,-11.532325,39.607740
-15.481860,-14.435256,39.614067
-12.745506,-16.896236,39.607795
-9.494088,-18.568358,39.609464
-5.895380,-19.493742,39.618218
-2.348739,-19.506163,39.617222
1.049327,-18.216651,39.607719
4.097686,-16.847598,39.615267
6.651084,-14.607720,39.623610
8.066844,-11.392815,39.617022
9.465144,-9.094053,39.621076
10.447296,-6.896273,39.620889
11.124158,-4.747856,39.617750
11.691296,-2.717751,39.616619
11.394336,-0.646352,39.609571
10.891867,1.322475,39.613962
11.214400,2.912347,39.617707
10.958562,4.681984,39.619043
9.641657,5.936207,39.619578
9.675423,7.763811,39.609262
9.397103,9.651907,39.604815
7.837109,10.680913,35.423511
6.642021,12.001074,35.413659
5.168688,13.169075,35.410514
3.594085,14.290157,35.414582
1.768382,14.446449,35.408286
-0.105684,14.617853,35.411666
-2.143935,15.172146,35.418697
-4.366664,15.382247,35.409392
-7.020851,15.660610,35.412243
-9.613361,15.081721,35.414492
-11.909534,13.925215,35.415694
-14.363208,12.390423,35.420120
-16.778636,10.432017,35.422176
-18.335124,7.854096,35.412910
-18.998857,4.808420,35.414320
-19.420733,1.846508,35.420604
-20.311592,-1.490789,35.418708
-21.177726,-5.317256,35.418223
-20.743810,-9.240613,35.422408
-19.169361,-12.736885,35.420960
-16.807806,-15.956615,35.413994
-13.790309,-18.411297,35.418584
-10.211631,-20.237100,35.416600
-6.428083,-21.166702,35.407715
-2.534149,-21.051084,35.407152
1.173436,-19.931351,35.419646
4.467906,-18.382173,35.422983
7.088424,-15.809739,35.420339
8.722338,-12.472867,35.421020
10.185055,-9.958019,35.420651
11.073347,-7.485865,35.417918
11.674772,-5.084549,35.410608
12.142568,-2.921183,35.407555
11.769135,-0.740599,35.421013
11.200157,1.195278,35.414420
10.998621,2.970652,35.411655
10.590137,4.555577,35.413818
9.828299,6.035904,35.407935
9.553115,7.685856,35.416155
8.839609,9.307744,35.424202
7.340698,10.129675,31.208798
6.121312,11.215376,31.206581
4.766887,12.325019,31.212924
3.306621,13.287302,31.213605
1.785827,14.779763,31.217057
-0.164293,15.873701,31.218533
-2.330449,16.078180,31.214084
-4.597426,15.791051,31.213475
-6.546191,14.702628,31.217682
-8.618595,13.906320,31.219574
-10.798547,12.816390,31.213807
-12.779370,11.353573,31.212435
-14.887481,9.515087,31.221018
-16.764470,7.431706,31.220621
-18.444984,4.771468,31.213725
-19.994252,1.764624,31.208880
-21.851976,-1.875847,31.212060
-23.465615,-6.172436,31.219069
-23.469312,-10.678574,31.213936
-21.795190,-14.847401,31.204972
-18.968698,-18.262171,31.208603
-15.290331,-20.714814,31.221699
-11.313476,-22.534280,31.219600
-7.005302,-23.296167,31.210292
-2.689180,-22.707785,31.212200
1.244485,-21.543842,31.219216
4.665520,-19.360843,31.216042
7.317248,-16.537740,31.210994
9.324798,-13.671776,31.211757
10.822846,-10.889043,31.213074
11.677088,-7.994093,31.220122
12.113039,-5.332548,31.215246
12.336884,-3.014301,31.207296
12.187633,-0.806276,31.221062
11.838714,1.157654,31.213249
10.670432,2.982338,31.212544
10.171472,4.503815,31.217176
10.468530,6.341803,31.209126
9.593025,7.777741,31.212267
8.497674,9.011689,31.212218
6.939313,9.686031,27.012490
5.739670,10.572020,27.007913
4.468225,11.571551,27.022550
3.092776,12.429381,27.024099
1.742921,14.286989,27.012681
-0.135952,15.540370,27.015813
-2.275679,15.523083,27.019385
-4.177525,14.869695,27.015707
-5.678375,13.178359,27.020721
-7.518194,12.425075,27.011119
-9.500911,11.630725,27.009562
-11.325880,10.357493,27.014536
-13.116570,8.809612,27.015263
-15.531019,7.055166,27.011895
-18.298984,4.749050,27.012400
-21.107670,1.751141,27.012981
-24.075918,-2.242930,27.007291
-26.380512,-7.246926,27.012295
-26.655257,-12.460732,27.017456
-24.756961,-17.220418,27.019935
-21.292412,-20.817693,27.019274
-16.999480,-23.312319,27.009794
-12.405563,-25.042220,27.015272
-7.643856,-25.462186,27.018589
-2.860792,-24.394398,27.006814
1.245481,-22.855980,27.005065
4.792784,-20.031152,27.015137
7.559572,-17.279062,27.014711
9.933375,-14.756605,27.006617
11.437050,-11.620384,27.011198
12.234884,-8.460376,27.013097
12.404774,-5.610474,27.008633
12.417301,-3.004259,27.009499
12.769532,-0.924264,27.020879
12.705251,1.090894,27.025734
11.358453,2.983045,27.015055
10.831263,4.585982,27.009151
11.015108,6.483731,27.013631
9.625012,7.697868,27.013099
8.196103,8.750311,27.014773
6.479810,9.186441,22.809866
5.281377,9.944579,22.814826
4.114600,10.749561,22.814764
2.900079,11.486400,22.810194
1.438642,11.978636,22.818260
-0.101116,12.198979,22.821443
-1.629922,12.038832,22.812360
-3.034145,11.799220,22.807003
-4.676807,11.507666,22.809023
-6.254791,10.935784,22.810804
-8.129443,10.410856,22.815612
-10.061485,9.442821,22.814673
-11.862612,8.170965,22.810340
-14.768234,6.774900,22.815662
-18.396552,4.816249,22.814790
-22.503999,1.667775,22.806690
-26.509393,-2.710743,22.811027
-29.196121,-8.308312,22.817857
-29.526563,-14.166052,22.821507
-27.372569,-19.233461,22.821302
-23.350644,-22.932471,22.816610
-18.655183,-25.663123,22.808637
-13.469239,-27.216143,22.806985
-8.176918,-27.315470,22.812132
-3.164271,-26.043508,22.819804
1.317024,-23.735340,22.824438
4.932966,-20.859150,22.813387
8.004482,-18.242752,22.813030
10.491880,-15.664777,22.822729
11.937388,-12.221039,22.819296
12.697650,-8.913150,22.819096
12.593573,-5.684164,22.818970
12.448981,-3.132834,22.814379
13.234912,-1.088240,22.812220
13.654352,0.919246,22.818205
13.595328,3.027638,22.813818
12.678105,4.943646,22.806132
10.804651,6.395432,22.808526
9.080956,7.508099,22.808881
7.677392,8.420666,22.807997
5.788736,8.446394,18.617113
4.615208,9.090579,18.619420
3.558343,9.681603,18.608375
2.445047,10.188023,18.611601
1.071950,8.766614,18.617928
0.127155,8.867154,18.619599
-0.947547,8.826252,18.619162
-2.267320,9.493145,18.622060
-3.862747,9.902065,18.616646
-5.198891,9.501481,18.608877
-6.927157,9.260066,18.614423
-8.972132,8.715229,18.620644
-11.102582,7.845748,18.618275
-14.396741,6.709033,18.611707
-18.811477,4.796880,18.610417
-23.697568,1.670319,18.615555
-28.509975,-3.195987,18.619449
-31.116936,-8.950180,18.623972
-31.304675,-15.063422,18.613950
-28.929926,-20.405582,18.610098
-24.636647,-24.332140,18.622412
-19.684540,-27.362449,18.615538
-14.150409,-28.738200,18.617055
-8.575056,-28.680260,18.623652
-3.253533,-27.412718,18.619875
1.360933,-24.674499,18.610764
5.178512,-21.938322,18.606508
8.340017,-19.415185,18.614721
10.865717,-16.477876,18.621829
12.320788,-12.731114,18.609149
12.980349,-9.264792,18.612985
12.847239,-5.810649,18.617528
12.433639,-3.020170,18.615856
12.476351,-0.870442,18.620466
12.648504,1.101424,18.615856
13.318557,3.028393,18.611997
12.619703,4.970598,18.617038
9.524181,5.887846,18.616327
7.961234,6.869439,18.609406
6.903008,7.677755,18.610955
4.860233,7.460263,14.416442
3.910866,7.912113,14.423168
2.914729,8.292162,14.417033
1.953369,8.356905,14.409719
0.827085,7.417060,14.409940
0.145397,7.569633,14.410785
-0.730989,7.744736,14.416039
-1.870754,8.449344,14.422398
-3.136388,8.621839,14.415733
-4.342732,8.454838,14.409077
-5.911068,8.356910,14.411993
-8.135893,8.207609,14.419659
-11.003734,7.770559,14.424863
-14.549053,6.759062,14.424175
-19.166719,4.837751,14.419683
-24.474174,1.619204,14.418975
-29.277400,-3.277595,14.420470
-31.765384,-9.259279,14.408996
-31.623597,-15.217623,14.413092
-29.121314,-20.577091,14.416853
-25.013642,-24.701109,14.407082
-20.117192,-27.867273,14.418545
-14.447893,-29.348319,14.422271
-8.709231,-29.436660,14.418050
-3.435776,-28.451266,14.414984
1.329374,-25.923354,14.407533
5.391627,-23.197659,14.414042
8.671247,-20.355805,14.422330
11.140376,-16.938347,14.421259
12.555115,-13.105469,14.414295
13.131325,-9.329079,14.411817
13.061913,-6.026378,14.412517
12.311984,-2.960947,14.415808
10.870272,-0.449380,14.421311
9.412387,1.425701,14.416137
8.275540,2.876695,14.417754
7.614731,4.014512,14.420068
7.154890,5.103179,14.409488
6.368437,5.991030,14.412444
5.648226,6.774386,14.413667
4.020368,6.575370,10.218898
3.172105,6.909469,10.206387
2.399770,7.031979,10.210645
1.629156,7.151260,10.219189
0.878881,7.375219,10.217274
0.124390,7.582846,10.209512
-0.770319,7.749437,10.220827
-1.681971,7.809301,10.221771
-2.719609,7.923977,10.213062
-4.017347,7.956126,10.209040
-5.451775,7.869152,10.215080
-7.672333,7.924770,10.214756
-11.173969,7.885876,10.207963
-14.965740,6.880419,10.218389
-19.397955,4.913979,10.220612
-24.547635,1.591713,10.213978
-28.989549,-3.204460,10.222083
-31.247036,-9.098405,10.224974
-30.772016,-14.791988,10.214833
-28.269245,-19.862649,10.211005
-24.437359,-24.134941,10.221279
-19.627905,-27.291538,10.218135
-14.294408,-28.972481,10.211983
-8.805419,-29.450430,10.208251
-3.505399,-28.838236,10.209128
1.455739,-26.844200,10.216409
5.626874,-24.128928,10.212639
8.924939,-20.806678,10.214169
11.249716,-17.015790,10.220185
12.652877,-13.078590,10.213580
13.151875,-9.346689,10.211714
13.024086,-5.922942,10.213949
12.162896,-2.922790,10.215791
10.065819,-0.213740,10.216624
8.555120,1.599553,10.213156
6.900918,2.803626,10.211638
4.906082,3.443985,10.216267
5.304215,4.363730,10.223072
5.352530,5.297416,10.214174
4.738919,6.052476,10.216652
3.617259,6.161335,6.022766
2.925059,6.456270,6.020542
2.158074,6.549073,6.005527
1.537036,7.016787,6.008717
1.014284,8.015170,6.011352
0.119588,8.272112,6.018560
-0.837093,8.511708,6.009952
-1.635594,7.891870,6.016878
-2.723202,7.919265,6.018274
-4.150516,8.178366,6.013204
-5.643842,7.990668,6.010390
-7.773934,7.982345,6.009860
-11.682488,8.078623,6.010411
-15.466491,7.047378,6.008183
-19.630267,4.899041,6.015586
-23.957306,1.636390,6.022959
-27.854523,-3.004338,6.014766
-29.761814,-8.547945,6.014673
-29.039219,-13.854352,6.018840
-26.549496,-18.616403,6.020973
-23.060069,-22.738166,6.021628
-18.629120,-25.618052,6.022769
-13.686355,-27.603127,6.017190
-8.501721,-28.549747,6.016124
-3.324762,-28.285461,6.019810
1.428453,-26.993274,6.012816
5.604966,-24.404616,6.017071
8.879615,-20.731820,6.022202
11.094056,-16.761266,6.017847
12.481019,-12.966739,6.015153
12.988920,-9.239637,6.019729
12.777097,-5.808447,6.021914
11.891308,-2.793540,6.018246
10.237649,-0.279109,6.014663
9.048471,1.528742,6.010057
7.467119,2.828770,6.013433
5.653354,3.608973,6.023685
5.535184,4.532463,6.018591
5.170510,5.335480,6.019470
4.442126,5.820363,6.020290
3.859274,6.438161,1.815040
3.155911,6.887024,1.811253
2.494865,7.176234,1.812300
1.731937,7.686559,1.815740
1.034767,8.927363,1.812497
-0.008180,9.280281,1.816429
-1.058099,9.634718,1.821076
-2.122771,9.227881,1.821621
-3.251722,8.956738,1.815258
-4.950436,9.199532,1.807101
-6.609069,8.990834,1.811680
-8.855418,8.678906,1.818058
-12.180332,8.305237,1.817199
-15.964249,7.154130,1.811958
-19.621491,4.914580,1.811159
-23.118314,1.619584,1.812338
-26.144689,-2.677844,1.810286
-27.505569,-7.683096,1.810930
-26.671105,-12.453814,1.809006
-24.328268,-16.841104,1.809955
-21.202605,-20.586156,1.815436
-16.982632,-23.261326,1.812268
-12.615010,-25.320495,1.814780
-7.933402,-26.567883,1.820968
-3.122777,-26.560861,1.819358
1.356476,-25.721413,1.812580
5.387774,-23.427526,1.817730
8.563288,-19.828077,1.822299
10.640101,-16.057906,1.817640
12.049717,-12.371303,1.817479
12.564184,-8.829079,1.823241
12.273452,-5.488722,1.818847
11.457233,-2.615411,1.807941
10.460728,-0.316646,1.809789
9.592166,1.389455,1.807113
8.597512,2.876143,1.809963
7.479071,3.954588,1.821288
6.428379,4.742246,1.821605
5.639818,5.475776,1.821177
4.723916,6.018745,1.819196
4.442657,7.077146,-2.394668
3.779166,7.673747,-2.394061
3.017404,8.326954,-2.379563
2.110183,8.976407,-2.388831
1.124742,9.706304,-2.382810
-0.002142,10.188574,-2.386140
-1.288714,10.579377,-2.385248
-2.720222,10.752976,-2.386200
-4.286784,10.733111,-2.388265
-6.069792,10.692132,-2.381087
-8.303183,10.477028,-2.377096
-10.498530,9.723959,-2.378239
-12.804371,8.564696,-2.379429
-16.116314,7.200135,-2.378185
-19.360634,4.913467,-2.380436
-22.033346,1.691151,-2.381953
-24.127424,-2.241578,-2.378093
-24.809898,-6.670319,-2.378618
-23.919074,-10.921950,-2.380685
-21.780147,-14.883068,-2.384124
-18.869897,-18.109500,-2.389514
-15.085932,-20.448979,-2.391271
-11.252829,-22.355870,-2.382429
-7.133874,-23.609482,-2.378668
-2.867200,-23.734208,-2.386558
1.238958,-23.135666,-2.386247
4.994713,-21.215606,-2.384079
7.947343,-18.138127,-2.387074
9.937229,-14.774318,-2.390744
11.262961,-11.455165,-2.388202
11.813519,-8.143925,-2.387024
11.503437,-4.929206,-2.386858
10.819184,-2.338343,-2.385092
10.302123,-0.276553,-2.384138
9.480614,1.444304,-2.388806
9.166857,2.861466,-2.390823
8.960689,4.269554,-2.384666
7.119402,5.079583,-2.381129
6.080478,5.736549,-2.390093
5.213264,6.426047,-2.393247
4.778975,7.444241,-6.587299
4.074379,8.190908,-6.585870
3.323162,9.036716,-6.576061
2.397424,9.856433,-6.575747
1.193546,10.103291,-6.586387
-0.036620,10.621470,-6.588006
-1.394720,11.073300,-6.582865
-3.000588,11.491025,-6.584248
-4.899050,11.839765,-6.591887
-6.846568,11.678705,-6.590632
-9.360923,11.475630,-6.584749
-11.663595,10.561730,-6.580393
-13.565873,8.922908,-6.581876
-15.957489,7.146257,-6.590141
-18.576539,4.843560,-6.588026
-20.778775,1.728718,-6.583509
-22.021558,-1.872969,-6.589860
-22.156710,-5.679226,-6.589616
-21.193161,-9.478745,-6.585697
-19.185757,-12.830224,-6.587191
-16.408422,-15.440110,-6.591861
-13.077852,-17.469794,-6.588253
-9.719175,-19.064072,-6.589207
-6.080554,-20.091985,-6.590768
-2.472526,-20.234357,-6.586925
1.104338,-19.730805,-6.586134
4.373465,-18.260758,-6.586628
7.090289,-15.875894,-6.585063
9.017595,-13.082110,-6.581300
10.230728,-10.135064,-6.578723
10.767024,-7.190136,-6.581729
10.579472,-4.323530,-6.578690
10.022867,-1.919480,-6.574719
9.713885,-0.102854,-6.590405
9.049951,1.456868,-6.587188
8.889699,2.833646,-6.576276
9.217110,4.308714,-6.585635
7.332895,5.135990,-6.590763
6.165569,5.799275,-6.587617
5.425293,6.623781,-6.586554
4.747520,7.277033,-10.793539
4.023450,8.096672,-10.780098
3.253292,9.003309,-10.788988
2.376861,9.804758,-10.790971
1.200344,9.911982,-10.782745
0.027490,10.403457,-10.786801
-1.343874,10.888829,-10.783294
-2.927547,11.362134,-10.779814
-4.940435,11.870619,-10.789347
-6.855571,11.678359,-10.792171
-9.083158,11.205904,-10.788845
-11.580057,10.486561,-10.786612
-13.804025,9.112593,-10.788005
-15.189422,6.970349,-10.787406
-17.131160,4.642185,-10.789080
-19.186239,1.810164,-10.787506
-19.866083,-1.449274,-10.782028
-19.721233,-4.827029,-10.785193
-18.722291,-8.071373,-10.785652
-16.689318,-10.851649,-10.784365
-13.959569,-12.867584,-10.784930
-11.139331,-14.557735,-10.782018
-8.201592,-15.791335,-10.786650
-5.075818,-16.467687,-10.792250
-1.973606,-16.537660,-10.788355
0.995619,-16.012845,-10.781531
3.774900,-14.862537,-10.781428
6.093544,-13.223636,-10.781166
7.945898,-11.081554,-10.778302
9.035293,-8.577675,-10.789712
9.528059,-5.958515,-10.789006
9.511717,-3.594529,-10.782257
9.153398,-1.528999,-10.787023
8.853241,0.091752,-10.784540
8.341664,1.554326,-10.786010
7.970338,2.866477,-10.792401
7.884894,4.028489,-10.790139
6.835683,4.925048,-10.784154
5.848218,5.609167,-10.789850
5.268214,6.403868,-10.796270
4.386605,6.902404,-14.993373
3.694111,7.656316,-14.991217
2.982260,8.398530,-14.984373
2.121562,9.075554,-14.982283
1.115004,9.291514,-14.985330
0.039633,9.785792,-14.987249
-1.234253,10.192999,-14.990583
-2.661806,10.662799,-14.990177
-4.486797,11.141387,-14.989334
-6.298300,10.906100,-14.992454
-7.858188,10.157845,-14.983202
-9.968582,9.389426,-14.981155
-12.257637,8.321615,-14.989711
-13.622440,6.462809,-14.985047
-15.431992,4.423082,-14.988809
-17.143309,1.860925,-14.988683
-17.642502,-0.984189,-14.978724
-17.415801,-3.979273,-14.983357
-16.369473,-6.729757,-14.990101
-14.323420,-8.991375,-14.989773
-11.808835,-10.509966,-14.985848
-9.419976,-11.918339,-14.986182
-6.842452,-12.833317,-14.987539
-4.157474,-13.177400,-14.990252
-1.556769,-13.119499,-14.992969
0.884260,-12.492779,-14.988778
3.069305,-11.571571,-14.989864
5.064715,-10.440985,-14.990749
6.737577,-8.980085,-14.979603
7.782665,-6.964987,-14.974161
8.231978,-4.778354,-14.980570
8.348527,-2.812952,-14.986646
8.230610,-1.154874,-14.982815
7.871652,0.370237,-14.981002
7.479647,1.666633,-14.985330
6.937512,2.803944,-14.988564
5.932709,3.629200,-14.980877
5.744465,4.519048,-14.976291
5.316290,5.340783,-14.984795
4.842738,6.078968,-14.991885
3.950995,6.436793,-19.178170
3.313846,7.045039,-19.185629
2.608041,7.573483,-19.184260
1.876935,8.064291,-19.189964
1.035306,8.504889,-19.188989
0.038497,8.931215,-19.177289
-1.005423,9.228641,-19.183672
-2.284560,9.656400,-19.186780
-3.836915,9.983189,-19.185460
-5.282050,9.666262,-19.190632
-6.376768,8.749203,-19.193481
-7.791135,7.969926,-19.186680
-9.757317,7.183100,-19.178713
-11.627127,5.947280,-19.181342
-13.422829,4.177991,-19.177919
-14.730667,1.962385,-19.183593
-15.322409,-0.560655,-19.192663
-15.117884,-3.141462,-19.181072
-14.001774,-5.473910,-19.178208
-12.153994,-7.267587,-19.185603
-10.016986,-8.595994,-19.186939
-7.953554,-9.797337,-19.178707
-5.705254,-10.456599,-19.181373
-3.442125,-10.575532,-19.185920
-1.277432,-10.402922,-19.179520
0.765102,-9.704117,-19.180068
2.530829,-8.821568,-19.183262
4.128555,-7.927728,-19.184697
5.548403,-6.856202,-19.187585
6.536628,-5.339095,-19.184497
6.985252,-3.683885,-19.177955
7.178406,-2.070680,-19.176876
7.205919,-0.637431,-19.183693
6.948334,0.682292,-19.186255
6.546057,1.767444,-19.184619
6.093532,2.751421,-19.189648
4.701680,3.432995,-19.193949
4.421811,4.060840,-19.185472
4.823368,5.058003,-19.187692
4.459945,5.806318,-19.185338
3.559631,6.102187,-23.391125
2.976193,6.548066,-23.377607
2.287623,6.827210,-23.393215
1.619573,7.240017,-23.385586
0.943390,7.746003,-23.385595
0.120982,7.996365,-23.390686
-0.806986,8.247408,-23.380433
-1.902830,8.530307,-23.388046
-3.113396,8.619746,-23.387532
-4.167115,8.260263,-23.381648
-5.143551,7.560952,-23.382366
-6.316308,6.995452,-23.382310
-7.978919,6.358453,-23.379628
-9.696579,5.385850,-23.379198
-11.032390,3.924830,-23.385774
-12.185232,2.067887,-23.384912
-12.895941,-0.083387,-23.378045
-12.719548,-2.257028,-23.378752
-11.627965,-4.091335,-23.379318
-10.146032,-5.695430,-23.382987
-8.672678,-7.099710,-23.389170
-6.853813,-8.157648,-23.389718
-4.874903,-8.672385,-23.391701
-2.882511,-8.729437,-23.390314
-1.026903,-8.460853,-23.382384
0.686575,-7.861275,-23.385869
2.174581,-7.028481,-23.391069
3.440617,-6.068051,-23.387626
4.534861,-4.990622,-23.383053
5.344373,-3.825716,-23.381567
5.840936,-2.615345,-23.383645
6.088492,-1.334761,-23.387032
6.164337,-0.141887,-23.382858
6.075986,0.932229,-23.378494
5.773333,1.910827,-23.381538
5.305485,2.736864,-23.377904
4.596961,3.397293,-23.381072
4.317810,4.039123,-23.388984
4.577881,4.958275,-23.391787
4.202593,5.637434,-23.397346
3.469569,5.991388,-27.592135
2.856617,6.345645,-27.590102
2.091104,6.443949,-27.591472
1.474085,6.745740,-27.590414
0.845655,7.063384,-27.589618
0.136953,7.192376,-27.590346
-0.656332,7.320204,-27.585031
-1.465630,7.350908,-27.588043
-2.318502,7.283540,-27.590223
-3.239443,7.053593,-27.581756
-4.175026,6.707534,-27.574023
-5.273626,6.257192,-27.577398
-6.509140,5.715203,-27.583292
-7.760894,4.812991,-27.587363
-8.649165,3.631787,-27.587337
-9.649558,2.154699,-27.581272
-10.309604,0.435093,-27.576419
-10.127912,-1.291676,-27.577430
-9.155793,-2.736925,-27.575983
-8.201041,-4.120255,-27.582294
-7.268138,-5.648964,-27.593259
-5.755464,-6.519592,-27.586450
-4.093458,-6.920818,-27.583892
-2.401475,-6.989526,-27.590479
-0.814733,-6.690538,-27.593267
0.640601,-6.204798,-27.588131
1.888515,-5.527014,-27.583211
2.929036,-4.546543,-27.586845
3.666350,-3.495101,-27.593578
4.260075,-2.465329,-27.591369
4.741615,-1.588889,-27.580206
5.066194,-0.648527,-27.585099
5.173860,0.298667,-27.591524
5.163875,1.152976,-27.579679
5.138125,1.960482,-27.582359
4.722651,2.721626,-27.580867
4.772021,3.436510,-27.576928
4.800262,4.184275,-27.579649
4.549379,4.935267,-27.589813
4.191530,5.628033,-27.596843
3.698283,6.223403,-31.793621
2.971328,6.546585,-31.782590
2.173462,6.564659,-31.787779
1.419248,6.465567,-31.786426
0.773798,6.476675,-31.789193
0.164569,6.494390,-31.783209
-0.465280,6.354400,-31.785347
-1.065586,6.261569,-31.780465
-1.753096,6.218307,-31.775364
-2.504597,6.119771,-31.777858
-3.288771,5.851206,-31.780426
-4.110526,5.501669,-31.780812
-5.072298,5.021504,-31.780141
-5.769633,4.264579,-31.782120
-6.330386,3.332351,-31.784625
-7.101651,2.264512,-31.783670
-7.497982,0.997249,-31.786165
-7.260633,-0.225783,-31.789345
-6.672472,-1.331773,-31.783697
-6.121114,-2.522437,-31.781827
-5.501518,-3.723050,-31.786163
-4.322941,-4.381056,-31.783285
-3.051433,-4.680263,-31.782150
-1.776535,-4.767013,-31.787986
-0.548514,-4.537138,-31.795630
0.573961,-4.133487,-31.790112
1.513036,-3.634153,-31.776691
2.313377,-2.928753,-31.773582
2.898407,-2.080647,-31.779305
3.292187,-1.257645,-31.783196
3.672456,-0.554419,-31.777841
4.013539,0.081190,-31.775736
4.203106,0.738873,-31.789453
4.291935,1.417199,-31.790055
4.314656,2.067970,-31.788001
4.396965,2.699795,-31.793350
5.088327,3.498995,-31.787054
4.997228,4.262015,-31.781928
4.686327,5.012535,-31.780164
4.336963,5.740350,-31.795475
3.831040,6.351008,-35.986984
3.060609,6.654791,-35.978498
2.223621,6.672102,-35.981856
1.269958,5.927402,-35.984613
0.699768,5.781687,-35.983644
0.200743,5.447424,-35.993714
-0.246631,5.312108,-35.983235
-0.727111,5.309307,-35.979345
-1.209188,5.258193,-35.983284
-1.690720,5.058601,-35.989761
-2.204330,4.857031,-35.994533
-2.810971,4.620450,-35.994947
-3.214582,4.160899,-35.987860
-3.445623,3.607792,-35.979565
-3.850199,3.036718,-35.976693
-4.246746,2.376175,-35.982154
-4.175698,1.655811,-35.990200
-4.020430,0.948794,-35.990959
-3.935465,0.180910,-35.984205
-3.666866,-0.568611,-35.985680
-3.128913,-1.178120,-35.992173
-2.443089,-1.535565,-35.989521
-1.685151,-1.737882,-35.985449
-0.942946,-1.829652,-35.985722
-0.200590,-1.764085,-35.985812
0.462977,-1.554558,-35.986106
1.049151,-1.242401,-35.989374
1.561336,-0.861480,-35.992856
1.983782,-0.455254,-35.993209
2.305340,-0.007038,-35.991077
2.526142,0.470365,-35.987462
2.753419,0.912229,-35.982829
3.023434,1.297589,-35.978240
3.226296,1.721527,-35.976488
3.353027,2.171103,-35.981684
3.473792,2.667168,-35.983712
4.700538,3.409468,-35.992762
4.677060,4.154118,-35.989732
4.579398,4.948289,-35.984452
4.262335,5.642036,-35.984417
1.430977,3.743488,-40.185038
