14.626978,24.318379,28.575423
10.546630,25.807712,28.575422
6.309288,26.766348,28.575423
2.176175,27.191689,28.575423
-2.166752,27.120372,28.575423
-6.282522,26.550772,28.575423
-10.298767,25.486886,28.575423
-14.152477,23.931307,28.575423
-17.923328,21.774506,28.575423
-21.177598,19.189062,28.575423
-24.167237,15.776697,28.575424
-26.269503,11.973881,28.575424
-27.545046,7.817796,28.575423
-28.044951,3.500926,28.575423
-27.874516,-0.839862,28.575423
-27.170240,-4.934721,28.575423
-25.937966,-9.099932,28.575423
-24.331474,-12.931584,28.575423
-22.236399,-16.736262,28.575423
-19.616942,-20.435214,28.575423
-16.565703,-23.787148,28.575423
-12.933325,-26.805085,28.575424
-8.699801,-29.295413,28.575424
-4.092425,-31.000857,28.575423
0.937511,-31.851949,28.575423
6.225905,-31.700542,28.575423
11.203826,-30.590470,28.575423
16.100006,-28.586269,28.575423
20.637954,-25.871266,28.575423
24.874116,-22.397940,28.575423
28.489744,-18.280195,28.575424
31.213655,-13.525487,28.575424
32.822237,-8.287437,28.575423
33.251210,-3.012622,28.575423
32.592957,2.427175,28.575423
31.070294,7.296399,28.575423
28.772489,11.846711,28.575423
25.769809,15.985922,28.575423
22.428898,19.360816,28.575423
19.579145,23.172486,25.574112
15.309815,25.403608,25.577189
11.201477,27.122560,25.579333
6.691936,28.018390,25.577702
2.237916,28.106000,25.576361
-2.182210,27.851878,25.578612
-6.348979,27.058137,25.579035
-10.391982,25.769871,25.575015
-14.249392,24.007497,25.572976
-17.845261,21.756267,25.576750
-21.079110,19.010268,25.581184
-23.941263,15.620062,25.578885
-26.040686,11.932545,25.577250
-27.498489,7.742967,25.572633
-28.199868,3.557308,25.571492
-28.243132,-0.877346,25.579899
-27.641131,-5.075639,25.571939
-26.519429,-9.168018,25.568940
-24.852788,-13.276125,25.574979
-22.732078,-17.169775,25.580046
-20.105166,-20.978035,25.581352
-17.004422,-24.425751,25.574536
-13.144858,-27.280320,25.576177
-8.921223,-29.652402,25.578998
-4.135670,-31.654700,25.573759
1.017411,-32.452087,25.571489
6.228041,-32.310278,25.571505
11.506036,-31.200296,25.578229
16.526686,-29.202432,25.577353
21.175119,-26.458705,25.570794
25.487503,-22.897382,25.573256
29.129905,-18.651100,25.569869
31.775413,-13.942494,25.577537
33.441022,-8.602113,25.582498
33.971690,-3.033301,25.576340
33.459880,2.343398,25.571572
32.024355,7.549865,25.570103
29.843931,12.272009,25.574221
26.917524,16.609279,25.576548
23.445897,20.284226,25.574722
20.184704,23.797848,22.575552
15.868235,26.087745,22.573968
11.531407,27.948870,22.573360
6.956052,28.818864,22.574516
2.234964,28.800296,22.575593
-2.240235,28.433095,22.574690
-6.441740,27.500663,22.573686
-10.501840,26.067396,22.580136
-14.360085,24.163787,22.575656
-17.786941,21.896552,22.570003
-21.015730,19.050616,22.579817
-23.882338,15.581562,22.581260
-26.038973,11.855644,22.581387
-27.561075,7.829476,22.577234
-28.428348,3.611868,22.570289
-28.621654,-0.883729,22.570464
-28.102119,-5.155432,22.571823
-26.953449,-9.507279,22.579170
-25.349987,-13.500726,22.581451
-23.200871,-17.451546,22.575220
-20.525516,-21.307605,22.573563
-17.235749,-24.947669,22.571249
-13.220567,-27.686422,22.568163
-8.884007,-30.014974,22.570518
-4.241959,-32.029021,22.575421
0.993699,-32.805138,22.573865
6.282346,-32.667401,22.573841
11.644699,-31.588479,22.569546
16.756474,-29.604674,22.571480
21.484356,-26.840586,22.578347
25.849585,-23.215038,22.574630
29.391338,-19.032026,22.571461
32.139770,-14.067709,22.574212
33.808618,-8.643282,22.577804
34.375116,-2.996235,22.576331
33.925307,2.464461,22.574179
32.563257,7.771452,22.577765
30.456734,12.610561,22.572727
27.689114,16.909209,22.569188
24.232559,20.704275,22.572584
20.516321,24.136135,19.571610
16.191134,26.498439,19.580848
11.631949,28.435411,19.575847
7.009005,29.301805,19.571549
2.250514,29.293883,19.574322
-2.259442,28.874215,19.576249
-6.483947,27.877690,19.576971
-10.557817,26.374044,19.576224
-14.419596,24.396212,19.575679
-17.999491,21.940355,19.572161
-21.206652,19.015658,19.568776
-23.941734,15.644670,19.577584
-26.140917,11.900985,19.573362
-27.742205,7.866607,19.568652
-28.699552,3.631018,19.572582
-28.973801,-0.899046,19.573364
-28.511618,-5.214840,19.578203
-27.385071,-9.611364,19.583409
-25.693819,-13.823430,19.578238
-23.491595,-17.787054,19.572966
-20.724827,-21.628321,19.581752
-17.519943,-25.141390,19.573560
-13.448198,-27.858073,19.576346
-9.036021,-30.137726,19.579436
-4.165773,-32.221678,19.572057
1.125599,-32.944734,19.578764
6.457348,-32.782634,19.578949
11.675138,-31.746707,19.580081
16.842639,-29.776793,19.580119
21.617410,-27.000185,19.576543
26.004967,-23.325670,19.574699
29.535943,-19.072655,19.572917
32.257010,-14.038398,19.579201
33.869957,-8.752226,19.576987
34.480435,-3.061299,19.567923
34.089371,2.450320,19.570270
32.790214,7.820724,19.576898
30.744017,12.735790,19.581316
28.012635,17.105309,19.578080
24.565770,20.966120,19.570992
20.621259,24.234841,16.578727
16.323079,26.676622,16.578925
11.749571,28.599041,16.576525
7.113472,29.523428,16.573435
2.349099,29.603432,16.573682
-2.176634,29.187791,16.574112
-6.603394,28.135400,16.569134
-10.679383,26.603947,16.575733
-14.538637,24.594136,16.578930
-18.115085,22.111843,16.574109
-21.323182,19.170132,16.573805
-24.066903,15.790783,16.578252
-26.294030,12.049515,16.580296
-27.942200,8.020690,16.575005
-28.980686,3.588998,16.568065
-29.271872,-0.952975,16.571325
-28.834799,-5.284517,16.580566
-27.712503,-9.693793,16.581497
-26.009982,-13.917482,16.576687
-23.664835,-18.039984,16.575287
-20.927798,-21.674271,16.576352
-17.544738,-25.310982,16.578313
-13.437666,-27.997910,16.581472
-8.981723,-30.223419,16.576129
-4.245441,-32.160712,16.570230
1.060127,-32.871375,16.581341
6.406431,-32.705618,16.579141
11.641752,-31.677989,16.573721
16.827815,-29.714816,16.575128
21.613288,-26.925199,16.581044
25.850609,-23.353878,16.582327
29.482492,-18.908462,16.572296
32.077723,-14.012517,16.572246
33.726098,-8.515025,16.577853
34.312024,-3.004061,16.577132
33.945112,2.524357,16.573682
32.732294,7.727794,16.576649
30.742266,12.683529,16.579028
27.936222,17.251373,16.579181
24.495127,21.131131,16.578742
20.536387,24.130806,13.582044
16.295573,26.647925,13.577684
11.735185,28.547814,13.571263
7.113911,29.535560,13.569016
2.373418,29.731482,13.569973
-2.145292,29.344740,13.571640
-6.567392,28.326550,13.575513
-10.641554,26.825242,13.580924
-14.671505,24.741506,13.578781
-18.241729,22.271046,13.574534
-21.452229,19.349371,13.577522
-24.207046,15.994289,13.577849
-26.539451,12.100173,13.574933
-28.178545,8.079985,13.570705
-29.204171,3.658219,13.570869
-29.488868,-0.871962,13.576892
-29.037376,-5.389019,13.573129
-27.898580,-9.779547,13.573570
-26.177140,-13.984819,13.578623
-23.798169,-18.071522,13.576173
-20.859997,-21.785332,13.568206
-17.581428,-25.228897,13.575467
-13.499841,-27.932410,13.576868
-9.031067,-30.097696,13.569729
-4.070266,-31.970780,13.569365
1.030821,-32.606326,13.575212
6.360640,-32.421390,13.571270
11.580763,-31.384086,13.569706
16.569575,-29.501259,13.575954
21.345036,-26.723754,13.581468
25.559126,-23.148437,13.578223
29.150338,-18.690403,13.572118
31.703030,-13.789364,13.568550
33.282108,-8.493030,13.570733
33.888459,-2.999748,13.572565
33.576626,2.319516,13.572638
32.360782,7.709044,13.580943
30.482290,12.482591,13.575648
27.732406,17.061443,13.571603
24.348672,20.966127,13.577813
20.286770,23.849133,10.572266
16.132072,26.433949,10.580411
11.613465,28.311652,10.573757
7.036233,29.364996,10.565861
2.348386,29.684987,10.571817
-2.139918,29.345254,10.582687
-6.537612,28.386089,10.580100
-10.774389,26.865254,10.574578
-14.614112,24.918661,10.572813
-18.340318,22.392759,10.574074
-21.550308,19.523027,10.576870
-24.428330,16.061713,10.580329
-26.739932,12.198063,10.576739
-28.405730,8.015616,10.571363
-29.363006,3.616340,10.570656
-29.592915,-0.880079,10.572242
-29.120429,-5.358455,10.571665
-27.907528,-9.892045,10.570629
-26.160884,-14.048935,10.570467
-23.748794,-18.069863,10.574018
-20.752667,-21.688136,10.581410
-17.458591,-25.058962,10.580655
-13.417716,-27.760573,10.576527
-8.966177,-29.859828,10.577647
-4.179804,-31.533108,10.582541
1.073172,-32.162723,10.581349
6.161769,-31.960390,10.574498
11.339272,-30.923874,10.573523
16.460937,-28.965732,10.577925
21.009737,-26.276186,10.576107
25.162935,-22.699005,10.571005
28.574850,-18.407332,10.581246
31.087537,-13.536783,10.574094
32.641667,-8.279932,10.570929
33.235218,-3.027407,10.579593
32.925043,2.443881,10.580825
31.762059,7.598773,10.580776
29.909898,12.338581,10.581054
27.313803,16.725751,10.577102
24.010251,20.636547,10.571063
19.896203,23.413768,7.578512
15.851356,26.049595,7.578840
11.403745,27.910295,7.577740
6.900716,29.029530,7.572786
2.292812,29.467758,7.571530
-2.140740,29.186690,7.574321
-6.491988,28.303637,7.569263
-10.691534,26.863968,7.571457
-14.674360,24.902490,7.574918
-18.375618,22.449783,7.571065
-21.712388,19.520736,7.569055
-24.570502,16.122002,7.580351
-26.849322,12.310079,7.576733
-28.465366,8.173412,7.574657
-29.393404,3.633595,7.578459
-29.559658,-0.804217,7.569806
-29.023977,-5.408027,7.576651
-27.844813,-9.684126,7.575798
-26.023133,-13.953060,7.570512
-23.605226,-17.895354,7.575524
-20.588307,-21.412211,7.581313
-17.156536,-24.822781,7.578860
-13.162518,-27.488686,7.579524
-8.752016,-29.503660,7.580175
-3.972921,-30.993589,7.577229
1.021263,-31.540007,7.576722
6.037552,-31.304856,7.573874
11.138833,-30.246263,7.578677
16.002213,-28.364784,7.583061
20.480783,-25.697236,7.577524
24.556412,-22.145021,7.569520
27.884983,-17.883475,7.569699
30.255696,-13.240306,7.570444
31.790341,-8.056112,7.574239
32.376164,-2.875451,7.575455
32.091340,2.329372,7.571725
30.960273,7.417453,7.579156
29.138218,12.094505,7.582627
26.592452,16.428295,7.581292
23.504673,20.169973,7.579455
19.377829,22.837497,4.572650
15.465735,25.506154,4.571139
11.118261,27.354408,4.569175
6.718822,28.536445,4.573407
2.217314,29.080783,4.577358
-2.136291,28.864034,4.573631
-6.600403,28.019812,4.569517
-10.732910,26.651503,4.571989
-14.659942,24.770235,4.573061
-18.319310,22.410587,4.574797
-21.631414,19.583786,4.580255
-24.591541,16.135538,4.575853
-26.907500,12.225575,4.576676
-28.431516,8.145051,4.577904
-29.264640,3.677510,4.577202
-29.354737,-0.865679,4.581368
-28.760380,-5.371889,4.579777
-27.494810,-9.730734,4.580663
-25.741008,-13.725285,4.575691
-23.340983,-17.574355,4.568118
-20.210484,-21.124686,4.575090
-16.941097,-24.292836,4.571020
-13.040670,-26.942508,4.571467
-8.709260,-28.889008,4.577467
-3.985050,-30.244892,4.580893
0.913402,-30.751143,4.582601
5.829696,-30.483205,4.575889
10.825372,-29.405472,4.575186
15.579342,-27.524009,4.573572
19.947216,-24.867332,4.567584
23.776254,-21.479268,4.568679
27.013311,-17.279520,4.571387
29.308668,-12.711357,4.569354
30.751408,-7.806117,4.574042
31.333780,-2.726868,4.579317
31.076265,2.189251,4.573396
29.976154,7.180902,4.569933
28.187259,11.766388,4.569209
25.814165,15.867712,4.570166
22.847983,19.581876,4.571924
18.749814,22.138645,1.580889
14.988474,24.814710,1.570396
10.945812,26.596291,1.572621
6.682130,27.846395,1.572472
2.315302,28.508312,1.571019
-2.116568,28.369683,1.576555
-6.480750,27.619349,1.573674
-10.529599,26.352555,1.574229
-14.550546,24.496211,1.575750
-18.146586,22.242848,1.577551
-21.545762,19.404318,1.578453
-24.452337,16.061080,1.568518
-26.707669,12.248745,1.576611
-28.209860,8.081295,1.580231
-28.959671,3.528677,1.571691
-28.954577,-0.900259,1.575854
-28.305558,-5.282275,1.574052
-27.027361,-9.517757,1.578460
-25.201944,-13.560763,1.577777
-22.814680,-17.281881,1.568636
-19.854913,-20.576808,1.570368
-16.495378,-23.747242,1.575807
-12.677422,-26.316683,1.578404
-8.440559,-28.164668,1.574375
-3.799973,-29.369131,1.569945
0.794509,-29.796162,1.574270
5.765959,-29.471038,1.576120
10.443244,-28.403338,1.571668
15.060295,-26.530000,1.567779
19.145594,-24.012627,1.570565
22.864286,-20.695767,1.577683
25.897000,-16.741114,1.580731
28.139039,-12.291183,1.576548
29.550588,-7.512351,1.571377
30.122826,-2.562536,1.570087
29.871924,2.228764,1.573717
28.838614,6.914045,1.580753
27.088874,11.379933,1.576944
24.788199,15.384945,1.576098
21.939553,19.034901,1.581809
18.016040,21.320378,-1.428679
14.426136,23.981982,-1.427525
10.536833,25.758130,-1.422734
6.430170,27.042664,-1.420643
2.217845,27.764504,-1.421655
-2.075043,27.691433,-1.423229
-6.310976,27.032166,-1.427566
-10.416654,25.805735,-1.429894
-14.170241,24.133274,-1.432046
-17.835514,21.910786,-1.430302
-21.290429,19.081429,-1.424421
-24.119938,15.857778,-1.429715
-26.372446,12.001040,-1.425862
-27.764852,7.944410,-1.422577
-28.417354,3.525306,-1.424304
-28.352157,-0.761600,-1.419697
-27.639472,-5.170883,-1.420671
-26.354257,-9.256845,-1.425647
-24.553468,-13.154036,-1.424431
-22.228369,-16.748858,-1.420471
-19.234632,-20.063044,-1.424319
-16.073457,-22.965139,-1.421557
-12.365522,-25.441864,-1.422223
-8.259219,-27.209509,-1.427064
-3.748865,-28.314112,-1.428888
0.880708,-28.686340,-1.426643
5.510689,-28.323420,-1.421797
10.028317,-27.244976,-1.423911
14.321118,-25.470909,-1.424390
18.408905,-22.910555,-1.420709
21.847566,-19.787034,-1.422053
24.758483,-15.940260,-1.422502
26.906698,-11.621437,-1.421698
28.217335,-7.164942,-1.422901
28.769269,-2.552692,-1.426449
28.548321,2.086607,-1.428476
27.554241,6.623614,-1.425970
25.931614,10.782509,-1.424570
23.739347,14.679422,-1.425521
21.041340,18.255478,-1.427428
17.191385,20.397503,-4.431257
13.785949,23.011858,-4.423069
10.076663,24.777472,-4.424032
6.151511,26.074036,-4.428800
2.115372,26.825913,-4.430680
-2.009634,26.813293,-4.429587
-6.088112,26.239229,-4.428015
-10.048559,25.117236,-4.427032
-13.831451,23.485712,-4.422057
-17.513949,21.286688,-4.421588
-20.716338,18.695906,-4.429875
-23.567076,15.486421,-4.426077
-25.719543,11.774610,-4.423681
-27.064646,7.698696,-4.429317
-27.623841,3.443414,-4.430470
-27.489203,-0.844721,-4.420973
-26.776450,-4.901775,-4.422233
-25.517127,-8.820783,-4.423932
-23.682635,-12.702292,-4.428220
-21.430003,-16.146278,-4.429602
-18.695442,-19.226049,-4.418688
-15.495287,-22.087149,-4.427026
-11.899124,-24.421113,-4.431601
-7.946992,-26.096274,-4.424645
-3.603469,-27.117259,-4.422511
0.676675,-27.418033,-4.429727
5.121829,-27.037173,-4.430647
9.456368,-25.977378,-4.425662
13.570838,-24.251366,-4.421646
17.483083,-21.767557,-4.420043
20.767195,-18.745963,-4.420847
23.533978,-15.028554,-4.426923
25.509234,-11.026562,-4.423630
26.772496,-6.746678,-4.419873
27.300051,-2.315744,-4.426245
27.075616,2.140736,-4.430750
26.152116,6.331253,-4.418742
24.581158,10.320590,-4.421539
22.482193,14.070774,-4.431462
20.039752,17.401801,-4.434981
16.280678,19.374529,-7.427464
13.065293,21.900565,-7.431101
9.564827,23.654640,-7.420969
5.846793,24.944698,-7.418488
2.006620,25.693959,-7.425078
-2.085341,25.719757,-7.425998
-5.973468,25.198691,-7.424530
-9.753272,24.153878,-7.421617
-13.365535,22.621322,-7.427198
-16.887994,20.550387,-7.430221
-20.078860,17.996723,-7.420864
-22.789894,14.935151,-7.425066
-24.822761,11.388665,-7.425267
-26.074235,7.496367,-7.426855
-26.570676,3.437904,-7.430890
-26.410744,-0.645644,-7.426022
-25.668841,-4.664339,-7.426628
-24.439586,-8.389084,-7.429055
-22.664205,-12.070150,-7.431116
-20.519674,-15.354400,-7.431577
-17.843501,-18.442412,-7.427691
-14.750685,-21.114594,-7.424576
-11.275473,-23.263089,-7.424574
-7.495864,-24.821907,-7.425756
-3.514914,-25.744069,-7.426254
0.728376,-25.993663,-7.426930
4.795598,-25.595249,-7.427732
8.916383,-24.553800,-7.421288
12.822273,-22.878757,-7.418769
16.398800,-20.580880,-7.424623
19.522733,-17.698106,-7.427231
22.153756,-14.153937,-7.427487
24.026630,-10.337884,-7.428779
25.222001,-6.258826,-7.429966
25.714452,-2.201241,-7.427110
25.516912,2.044401,-7.422196
24.630160,6.034637,-7.424505
23.121072,9.828755,-7.428439
21.223001,13.273090,-7.428492
18.947840,16.484078,-7.426263
15.162505,18.347995,-10.428021
12.266262,20.653905,-10.421528
8.995876,22.373899,-10.429164
5.506454,23.632880,-10.424854
1.732808,24.373836,-10.420383
-1.971929,24.424165,-10.428870
-5.644820,23.974688,-10.418836
-9.219118,23.024309,-10.419074
-12.780258,21.546589,-10.421643
-16.113226,19.612271,-10.419964
-19.131840,17.214444,-10.423923
-21.700828,14.336588,-10.429225
-23.685937,10.853935,-10.430626
-24.838576,7.172920,-10.423212
-25.280000,3.187347,-10.418900
-25.068745,-0.661551,-10.429828
-24.321447,-4.442437,-10.432499
-23.133851,-7.947629,-10.426355
-21.428662,-11.401244,-10.420372
-19.404819,-14.501255,-10.420325
-16.933398,-17.458510,-10.422020
-13.978002,-19.930995,-10.417847
-10.650778,-21.878500,-10.420823
-7.077726,-23.330409,-10.428796
-3.328063,-24.214050,-10.427298
0.677064,-24.409516,-10.417678
4.508694,-23.987809,-10.424924
8.384659,-22.965407,-10.425175
12.052925,-21.349975,-10.424076
15.285062,-19.247335,-10.425808
18.226246,-16.522942,-10.421640
20.612324,-13.301268,-10.429984
22.391639,-9.708133,-10.430899
23.537309,-5.866347,-10.423068
24.012768,-2.041000,-10.420561
23.826540,1.963622,-10.426179
22.986681,5.726423,-10.428518
21.619323,9.160456,-10.427954
19.852764,12.424697,-10.429192
17.750560,15.484799,-10.431344
14.058706,17.085403,-13.429101
11.373181,19.248984,-13.420533
8.363012,20.928345,-13.428296
5.128029,22.128428,-13.431452
1.606365,22.818372,-13.422327
-1.841777,22.909714,-13.419133
-5.407538,22.485282,-13.429991
-8.740895,21.608240,-13.433222
-12.065235,20.248548,-13.426038
-15.177451,18.458078,-13.423416
-17.995636,16.231106,-13.430462
-20.482681,13.440893,-13.428932
-22.307576,10.181901,-13.426135
-23.345452,6.741374,-13.426938
-23.719664,3.023579,-13.428004
-23.498243,-0.560875,-13.426773
-22.776181,-4.077670,-13.426772
-21.652827,-7.339551,-13.423551
-20.040041,-10.541816,-13.425330
-18.160863,-13.436831,-13.431895
-15.936457,-16.256491,-13.427401
-13.161928,-18.529713,-13.418866
-10.013702,-20.263645,-13.425531
-6.682247,-21.614352,-13.430225
-3.204732,-22.489969,-13.422700
0.529096,-22.641329,-13.423156
4.098240,-22.228720,-13.420854
7.701972,-21.256180,-13.424972
11.113669,-19.733882,-13.424024
14.118292,-17.766543,-13.417456
16.844593,-15.212981,-13.421251
19.054710,-12.201710,-13.426701
20.695196,-8.846085,-13.430654
21.713697,-5.401453,-13.430611
22.160541,-1.838386,-13.430999
22.010662,1.750383,-13.430325
21.254861,5.262427,-13.418456
19.922087,8.591036,-13.423209
18.280903,11.640086,-13.433150
16.349557,14.511534,-13.435437
12.830914,15.678158,-16.429571
10.370397,17.663721,-16.425850
7.653812,19.291080,-16.423284
4.576652,20.446047,-16.427345
1.462129,21.016896,-16.429137
-1.827397,21.132877,-16.423745
-4.969366,20.781211,-16.422363
-8.158795,19.961550,-16.420349
-11.208660,18.719792,-16.420922
-14.065804,17.082321,-16.423106
-16.655576,15.047286,-16.424216
-18.935890,12.488082,-16.429217
-20.605574,9.497180,-16.431416
-21.576716,6.210819,-16.430150
-21.888388,2.798425,-16.428653
-21.656312,-0.486671,-16.427270
-20.968040,-3.705927,-16.425111
-19.916366,-6.690490,-16.428635
-18.415306,-9.613715,-16.427158
-16.706206,-12.279368,-16.420253
-14.736711,-14.920543,-16.424930
-12.167534,-16.967630,-16.427497
-9.229860,-18.469857,-16.424260
-6.171378,-19.701283,-16.421276
-2.999557,-20.558126,-16.423335
0.426526,-20.665679,-16.426188
3.697711,-20.262315,-16.420393
6.995997,-19.351832,-16.422224
9.999610,-17.997650,-16.424873
12.859421,-16.113433,-16.421007
15.347780,-13.759665,-16.421072
17.290722,-11.100111,-16.424952
18.801499,-8.025711,-16.423146
19.737352,-4.868208,-16.423956
20.147803,-1.600471,-16.425116
20.012690,1.690341,-16.419046
19.307145,4.908210,-16.417551
18.128478,7.835281,-16.422431
16.645851,10.647939,-16.427947
14.911619,13.309529,-16.430494
11.451766,14.094503,-19.423560
9.236392,15.862874,-19.430227
6.745836,17.471268,-19.420918
4.108820,18.463483,-19.420784
1.181469,18.946643,-19.426931
-1.645785,19.071071,-19.424866
-4.581957,18.754333,-19.426094
-7.331257,18.059030,-19.425912
-10.073922,16.966015,-19.426701
-12.744877,15.450315,-19.429006
-15.070199,13.629108,-19.427240
-17.121496,11.339393,-19.419960
-18.616737,8.656551,-19.419259
-19.475699,5.705690,-19.425303
-19.742107,2.644355,-19.428909
-19.525430,-0.300924,-19.426086
-18.897600,-3.184860,-19.423905
-17.905406,-5.970383,-19.423550
-16.596984,-8.476793,-19.423015
-15.005528,-10.970779,-19.424727
-13.307481,-13.389323,-19.429693
-10.989513,-15.202774,-19.423143
-8.299832,-16.442748,-19.426233
-5.548733,-17.526929,-19.429113
-2.731753,-18.375840,-19.419792
0.343257,-18.442574,-19.419759
3.273029,-18.044512,-19.426571
6.113909,-17.251005,-19.425822
8.910166,-15.978574,-19.425787
11.368639,-14.341706,-19.428945
13.602569,-12.234068,-19.426619
15.346022,-9.850326,-19.430126
16.705063,-7.095242,-19.424264
17.545625,-4.264520,-19.423378
17.909554,-1.333809,-19.428752
17.784009,1.617164,-19.426095
17.181762,4.388997,-19.422246
16.078062,7.120355,-19.425836
14.821076,9.553598,-19.426305
13.303523,11.969894,-19.422208
9.788110,12.336465,-22.422078
7.851535,13.849312,-22.421831
5.830061,15.275404,-22.424807
3.460772,16.151597,-22.427672
1.005707,16.496044,-22.424438
-1.540084,16.637795,-22.421326
-4.084159,16.361538,-22.428240
-6.469124,15.766008,-22.423541
-8.846891,14.826962,-22.422123
-11.162871,13.515160,-22.426352
-13.178590,11.939205,-22.425117
-14.948346,9.949256,-22.429453
-16.280328,7.527503,-22.427943
-17.001403,4.965269,-22.426446
-17.206677,2.412859,-22.427418
-16.994516,-0.239400,-22.423254
-16.425271,-2.731912,-22.421775
-15.589044,-5.045924,-22.419163
-14.391392,-7.297776,-22.421411
-13.067625,-9.372065,-22.428290
-11.665943,-11.517605,-22.426990
-9.668967,-13.095994,-22.428123
-7.292948,-14.078063,-22.428961
-4.902405,-14.991533,-22.427523
-2.398521,-15.850163,-22.426997
0.165920,-15.880714,-22.428354
2.705392,-15.522656,-22.430480
5.260717,-14.800341,-22.425563
7.586207,-13.729295,-22.423183
9.714138,-12.308810,-22.425468
11.648636,-10.481863,-22.423753
13.158284,-8.415951,-22.426972
14.329931,-6.026800,-22.428190
15.059329,-3.574123,-22.424995
15.378822,-1.036133,-22.422388
15.276539,1.418757,-22.424887
14.729657,3.919049,-22.429377
13.813861,6.190587,-22.423894
12.698844,8.407274,-22.419350
11.461889,10.432446,-22.420473
7.900246,10.133948,-25.421989
6.305299,11.345261,-25.420289
4.658012,12.664366,-25.427277
2.738032,13.332957,-25.426197
0.629260,13.533829,-25.424501
-1.356029,13.663018,-25.428213
-3.431061,13.452489,-25.424555
-5.454554,12.944236,-25.423854
-7.390793,12.175559,-25.423937
-9.206425,11.150703,-25.424228
-10.911314,9.810959,-25.425934
-12.346189,8.182695,-25.424290
-13.379810,6.277153,-25.425112
-13.963156,4.186850,-25.424588
-14.124628,2.024080,-25.423154
-13.935458,-0.052141,-25.426689
-13.458974,-2.080302,-25.426948
-12.768265,-3.961452,-25.426761
-11.790817,-5.796679,-25.423796
-10.722226,-7.491359,-25.419944
-9.616858,-9.263594,-25.425888
-8.011099,-10.580560,-25.429574
-6.037952,-11.286326,-25.426130
-4.079413,-11.982601,-25.422132
-2.093696,-12.820962,-25.421967
-0.003785,-12.839371,-25.420938
2.067855,-12.530929,-25.421207
4.143164,-11.932623,-25.425165
6.036451,-11.052086,-25.424639
7.771246,-9.898114,-25.419737
9.343788,-8.405431,-25.421631
10.570034,-6.719574,-25.427296
11.495855,-4.851576,-25.426198
12.123532,-2.776407,-25.421501
12.379674,-0.792178,-25.421002
12.299920,1.291789,-25.423641
11.853781,3.328632,-25.424916
11.094032,5.172449,-25.428341
10.237623,6.919659,-25.429414
9.213664,8.663563,-25.426572
5.337781,7.318549,-28.424955
4.189437,8.143822,-28.427845
3.146853,9.226689,-28.423660
1.697111,9.593597,-28.425258
0.245298,9.612915,-28.427693
-1.200453,9.741523,-28.427399
-2.603118,9.586617,-28.428198
-4.030014,9.236977,-28.422773
-5.390864,8.698464,-28.424105
-6.666073,7.970972,-28.429082
-7.822996,7.069970,-28.427647
-8.837338,5.928874,-28.425212
-9.566655,4.588909,-28.423711
-9.969292,3.116513,-28.424101
-10.065372,1.593548,-28.426623
-9.917204,0.134487,-28.428350
-9.589845,-1.234250,-28.424540
-9.075551,-2.608686,-28.423486
-8.407444,-3.845740,-28.426474
-7.682452,-4.983231,-28.425908
-6.907188,-6.297984,-28.421052
-5.820005,-7.290158,-28.425353
-4.401808,-7.683912,-28.426601
-3.009512,-8.065051,-28.423964
-1.700241,-8.847033,-28.426649
-0.236669,-8.882833,-28.423114
1.284740,-8.635108,-28.421820
2.685200,-8.233689,-28.422176
4.016786,-7.610335,-28.422574
5.280161,-6.757933,-28.422940
6.343254,-5.747481,-28.422082
7.240812,-4.514436,-28.423591
7.883177,-3.196445,-28.426644
8.310136,-1.792776,-28.425502
8.505934,-0.340635,-28.424048
8.450215,1.126247,-28.426178
8.151357,2.501937,-28.425919
7.620569,3.799263,-28.424653
7.014730,5.106547,-28.423002
6.339407,6.296877,-28.422367
-0.424935,0.406611,-31.424576
8.586608,14.784370,28.575424
6.561839,15.652709,28.575424
4.339772,16.259799,28.575424
2.159401,16.576276,28.575424
-0.042332,16.650002,28.575424
-2.239365,16.489156,28.575424
-4.504084,16.070803,28.575424
-6.703946,15.388816,28.575424
-8.884781,14.378860,28.575424
-10.882530,13.041467,28.575424
-12.666918,11.283582,28.575424
-14.011548,9.171111,28.575424
-14.841617,6.808285,28.575424
-15.190659,4.227111,28.575424
-15.105753,1.725028,28.575424
-14.681611,-0.640979,28.575424
-13.913616,-3.023759,28.575424
-12.836336,-5.283633,28.575424
-11.538467,-7.306817,28.575424
-9.936887,-9.231097,28.575424
-8.100355,-10.933045,28.575424
-5.961363,-12.418227,28.575424
-3.616057,-13.551457,28.575424
-1.119042,-14.293455,28.575424
1.565608,-14.627445,28.575424
4.367401,-14.483890,28.575424
6.999291,-13.854049,28.575424
9.556680,-12.700973,28.575424
11.777664,-11.154793,28.575424
13.754393,-9.163304,28.575424
15.272397,-6.922684,28.575424
16.359860,-4.336483,28.575424
16.903709,-1.787347,28.575424
17.014535,0.815446,28.575424
16.720025,3.403246,28.575424
16.074788,5.823570,28.575424
15.092168,8.125483,28.575424
13.837368,10.179086,28.575424
12.353228,11.960039,28.575424
10.624698,13.533411,25.981234
8.388689,14.440705,25.980711
6.274149,15.043359,25.979611
4.161757,15.360562,25.973265
2.030514,15.481015,25.968664
0.021116,15.286714,25.978150
-1.937922,15.064440,25.975414
-3.768209,14.292220,25.972268
-5.368990,13.214704,25.979260
-7.443897,12.719375,25.970128
-9.110056,11.396727,25.977537
-10.540873,9.906366,25.973031
-11.593892,8.025865,25.975042
-12.914179,6.202088,25.979462
-12.672329,3.998237,25.977596
-11.152487,1.962826,25.974559
-11.386688,-0.002460,25.971789
-10.962384,-1.890710,25.971591
-10.608753,-3.929123,25.972996
-8.557465,-4.953980,25.970222
-6.983806,-5.941455,25.966981
-5.924112,-7.642113,25.972952
-4.320581,-8.730831,25.982799
-2.455193,-9.288967,25.974374
-0.645855,-10.562774,25.977529
1.466153,-11.808085,25.979854
3.810324,-12.143222,25.969048
6.634970,-12.837001,25.976033
9.636331,-12.886035,25.977182
12.301090,-11.705634,25.972501
14.403521,-9.702367,25.972783
16.204234,-7.469110,25.972861
17.759200,-5.050709,25.974780
16.298402,-1.606351,25.972208
13.508915,1.245271,25.972142
15.537507,3.327157,25.981661
15.820445,5.773714,25.974362
15.193910,8.160500,25.972451
14.517142,10.588009,25.982827
12.797630,12.341015,25.984095
10.461598,13.433795,23.383164
8.186933,14.105060,23.377150
6.058843,14.500866,23.372900
3.962742,14.642124,23.376912
1.954719,14.626830,23.378072
0.100146,14.262926,23.376731
-1.708170,13.915867,23.379156
-3.319988,13.193340,23.379212
-4.755963,12.095592,23.373139
-6.587037,11.562334,23.374011
-7.954416,10.380223,23.377624
-9.238780,9.062069,23.377998
-10.179221,7.477214,23.374652
-11.609242,5.896322,23.370722
-11.470815,3.889492,23.375861
-9.890929,1.987036,23.379516
-9.998586,0.342624,23.374985
-9.693079,-1.453932,23.372508
-9.561717,-3.348990,23.373783
-6.470633,-3.217180,23.372168
-5.458425,-4.277301,23.374762
-4.866112,-6.077826,23.379682
-3.490483,-6.926403,23.379494
-1.863083,-7.155082,23.372150
-0.473228,-8.788003,23.372355
1.438932,-11.125736,23.377243
3.789696,-11.866776,23.373143
6.781440,-13.160189,23.369404
9.971348,-13.393801,23.373087
12.720799,-12.206417,23.373018
14.915792,-10.239441,23.371291
16.898844,-7.974428,23.380556
18.615943,-5.376555,23.377017
17.497560,-1.905198,23.369808
15.424518,1.070736,23.374078
16.619461,3.422345,23.374705
16.546608,5.903514,23.376452
15.746052,8.367442,23.377521
14.860870,10.699109,23.378460
12.884974,12.394030,23.382253
10.300785,13.191900,20.775141
7.961441,13.772683,20.773529
5.814135,14.035398,20.772467
3.824997,14.066593,20.770855
1.926696,13.977152,20.773145
0.102703,13.521067,20.771298
-1.563046,13.091061,20.768952
-3.108329,12.440261,20.774548
-4.444118,11.535397,20.780141
-6.027793,10.908635,20.772278
-7.326707,9.813246,20.770043
-8.567644,8.615859,20.771914
-9.545833,7.162040,20.771295
-11.063914,5.722526,20.772795
-11.352523,3.888815,20.773877
-10.221760,2.014562,20.772243
-10.413941,0.196168,20.773308
-10.183252,-1.587656,20.771028
-9.846485,-3.544893,20.770655
-9.477062,-5.604214,20.774807
-8.625912,-7.793481,20.777086
-7.237767,-9.616887,20.776550
-5.388883,-11.094528,20.778368
-3.188730,-11.945240,20.774856
-0.923655,-12.930846,20.775382
1.526434,-13.879827,20.779453
4.260728,-14.257613,20.778977
7.287627,-14.472488,20.776158
10.281548,-14.025355,20.779157
13.006519,-12.686378,20.777661
15.366638,-10.636775,20.769262
17.400560,-8.288401,20.772453
19.007933,-5.586934,20.779877
19.007122,-2.333473,20.775524
18.060088,0.777351,20.769502
18.176306,3.531522,20.778089
17.516062,6.154392,20.773353
16.307493,8.577322,20.771832
14.801839,10.715690,20.779000
12.655044,12.246440,20.778769
9.988645,12.902036,18.177604
7.715205,13.436787,18.176624
5.600971,13.630211,18.175304
3.677890,13.619246,18.175286
1.854940,13.496290,18.177801
0.194867,13.076698,18.179123
-1.464541,12.596251,18.177272
-2.888079,12.097433,18.176113
-4.315275,11.323386,18.175624
-5.775578,10.625982,18.172652
-7.058238,9.643026,18.179815
-8.355673,8.496107,18.176106
-9.467919,7.081054,18.173777
-10.929138,5.697957,18.179781
-11.706473,3.858188,18.176623
-11.542873,1.984546,18.169505
-12.135078,-0.166662,18.172539
-12.145034,-2.297392,18.173123
-11.619363,-4.575299,18.174214
-12.021405,-7.681985,18.175103
-11.693476,-11.158931,18.176740
-9.430692,-12.936839,18.178424
-7.034060,-14.769762,18.175793
-4.423597,-16.634522,18.171848
-1.344037,-17.056153,18.175049
1.726834,-16.624782,18.177298
4.746863,-16.500177,18.173026
7.770925,-15.692299,18.175934
10.615894,-14.566224,18.179511
13.323354,-13.021227,18.180095
15.679029,-10.927136,18.180627
17.644365,-8.466086,18.182140
18.947419,-5.533499,18.173112
19.826201,-2.575323,18.172499
20.176737,0.505726,18.181834
19.293305,3.523961,18.178068
18.090565,6.229878,18.172500
16.487525,8.665375,18.172290
14.495228,10.557182,18.175471
12.252651,11.972850,18.177346
9.718073,12.532164,15.572165
7.584465,13.074736,15.573510
5.484594,13.278313,15.575022
3.589774,13.280927,15.574254
1.801056,13.162618,15.578911
0.156980,12.812984,15.575876
-1.370587,12.401712,15.573527
-2.882591,11.953377,15.577369
-4.340716,11.342460,15.580063
-5.750086,10.630250,15.581303
-7.146739,9.689696,15.575035
-8.536959,8.557424,15.574824
-9.742430,7.240558,15.572399
-11.066075,5.730908,15.574630
-12.335418,3.938993,15.577761
-13.318979,1.830097,15.574256
-14.296159,-0.612077,15.578368
-14.634569,-3.339436,15.577930
-14.121883,-6.011461,15.573175
-13.866099,-9.243555,15.571489
-12.891746,-12.492361,15.574138
-10.328925,-14.495985,15.575312
-7.692460,-16.393592,15.576395
-4.940595,-18.289396,15.579317
-1.549790,-18.837796,15.579678
1.751646,-18.294656,15.579194
5.071749,-17.843704,15.579120
8.059633,-16.553938,15.571520
10.843244,-15.011811,15.572653
13.555392,-13.223378,15.579376
15.864072,-11.049571,15.579105
17.640116,-8.415308,15.573518
18.549799,-5.421572,15.576527
19.864016,-2.569339,15.578980
21.083432,0.395035,15.576909
19.516096,3.544094,15.579942
17.965462,6.278426,15.576696
16.210577,8.550561,15.575727
14.017622,10.260195,15.577495
11.832510,11.596325,15.574795
9.304547,12.166753,12.973908
7.261206,12.743416,12.976003
5.344879,12.978144,12.977941
3.528724,13.036628,12.976821
1.819977,12.960244,12.973445
0.229106,12.756928,12.975740
-1.342382,12.439383,12.978616
-2.898925,12.049631,12.974857
-4.422849,11.554213,12.973157
-5.961725,10.805780,12.980097
-7.438718,9.941941,12.974253
-8.889265,8.849049,12.974719
-10.272438,7.506677,12.974759
-11.478471,5.873639,12.977279
-12.939910,4.036952,12.981442
-14.924558,1.810526,12.975538
-16.081246,-0.967076,12.972373
-16.572918,-4.041348,12.975378
-16.134088,-7.088668,12.978109
-15.049675,-10.146626,12.976037
-13.279885,-12.916191,12.973857
-10.749187,-15.079674,12.975831
-8.017615,-16.943903,12.975851
-5.033772,-18.710730,12.975749
-1.656894,-19.426320,12.974379
1.809935,-19.138222,12.972337
5.166243,-18.543619,12.971483
8.228729,-17.038570,12.970420
11.020167,-15.222805,12.971867
13.596512,-13.316206,12.977532
15.841199,-11.021055,12.979666
17.336804,-8.168096,12.970875
17.944667,-5.129770,12.975223
19.172651,-2.329788,12.978070
20.380349,0.470048,12.973673
18.799985,3.551372,12.978780
17.280712,6.116786,12.978001
15.510596,8.287667,12.975326
13.331415,9.911282,12.974646
11.316214,11.190418,12.973817
8.952501,11.752113,10.373991
7.063919,12.394346,10.376267
5.186323,12.727684,10.377318
3.502362,12.870139,10.377234
1.814233,12.857850,10.372971
0.227145,12.817732,10.368707
-1.446980,12.630005,10.373434
-2.999903,12.297107,10.377600
-4.631192,11.868793,10.371214
-6.273257,11.137588,10.374153
-7.872742,10.318803,10.374989
-9.417154,9.220084,10.374934
-10.995438,7.793562,10.373684
-12.109027,6.007249,10.377671
-13.525824,4.077143,10.378849
-16.041382,1.691757,10.371576
-16.940965,-1.163618,10.378861
-17.305340,-4.319755,10.374340
-16.842872,-7.563649,10.372685
-15.328700,-10.455060,10.375621
-13.229506,-12.852949,10.374093
-10.817744,-15.059563,10.370226
-7.985775,-16.902958,10.373853
-4.927960,-18.372137,10.373714
-1.562311,-19.230680,10.375376
1.833987,-19.305066,10.379515
5.251283,-18.619625,10.377013
8.273794,-17.106541,10.370231
10.958640,-15.231401,10.374237
13.516571,-13.159113,10.378500
15.593671,-10.781055,10.373467
16.724910,-7.813092,10.370615
17.195777,-4.781503,10.373531
17.785697,-1.970810,10.376095
18.167430,0.717657,10.374189
17.356978,3.456530,10.370718
16.156399,5.851672,10.374197
14.533482,7.890294,10.374432
12.641335,9.446781,10.370037
10.803876,10.738919,10.370770
8.589178,11.339603,7.774843
6.879161,12.049352,7.778010
5.083962,12.516652,7.778062
3.456357,12.769468,7.772617
1.813207,12.841430,7.770488
0.166883,12.977219,7.769806
-1.467287,12.946117,7.770830
-3.095751,12.652601,7.775476
-4.900795,12.262989,7.780466
-6.524141,11.603559,7.779795
-8.398675,10.747425,7.775325
-10.083881,9.584319,7.770599
-11.741486,8.147136,7.768763
-12.786065,6.168340,7.775640
-14.050158,4.106159,7.783303
-16.420672,1.704699,7.776687
-16.979042,-1.167260,7.769929
-17.084921,-4.257612,7.779841
-16.576040,-7.420023,7.774887
-15.023123,-10.174678,7.769821
-12.900613,-12.452244,7.774687
-10.500082,-14.695803,7.777565
-7.777964,-16.368750,7.778233
-4.701516,-17.528304,7.774981
-1.518570,-18.449817,7.777331
1.832470,-18.853299,7.779551
5.073878,-18.182218,7.772882
8.151206,-16.724267,7.773733
10.735369,-14.883946,7.773963
13.169701,-12.759476,7.774800
15.050378,-10.344700,7.779101
15.879814,-7.270343,7.780281
16.361010,-4.376229,7.775873
16.102500,-1.556855,7.773265
15.545070,1.069013,7.775178
15.565240,3.345204,7.776526
14.836864,5.558502,7.775958
13.393895,7.484561,7.774148
11.878006,9.014285,7.772893
10.266178,10.313767,7.773074
8.227732,10.950630,5.180653
6.619687,11.750788,5.178226
5.037623,12.331290,5.175146
3.397429,12.726612,5.170300
1.820623,12.892574,5.168093
0.153817,13.190649,5.175605
-1.608171,13.279698,5.182113
-3.289480,13.030323,5.180861
-5.137169,12.703824,5.179892
-6.904561,12.038916,5.177393
-8.829370,11.232006,5.179588
-10.708991,9.969524,5.182079
-12.481481,8.451162,5.176668
-13.409368,6.427003,5.174025
-14.399052,4.190404,5.178810
-16.281530,1.671753,5.179287
-16.478188,-1.042357,5.171554
-16.291628,-3.915362,5.170930
-15.753073,-6.854991,5.174371
-14.330467,-9.547623,5.173562
-12.263063,-11.857889,5.172452
-10.009776,-13.940636,5.174475
-7.337071,-15.475779,5.172776
-4.393831,-16.334642,5.178715
-1.420007,-17.204589,5.177545
1.764755,-17.765007,5.173814
4.898481,-17.110047,5.179778
7.813210,-15.822497,5.174115
10.308920,-14.070377,5.174147
12.516426,-12.005436,5.174162
14.191702,-9.581802,5.171730
14.862560,-6.593303,5.179833
15.366058,-3.974449,5.176735
14.718589,-1.166152,5.169624
13.749355,1.206269,5.170597
14.027053,3.288055,5.173382
13.518774,5.350444,5.172017
12.396438,7.058149,5.173847
11.191359,8.613646,5.180480
9.809547,9.889676,5.182390
7.956195,10.556823,2.574070
6.483124,11.429245,2.573220
4.973016,12.185798,2.574020
3.458269,12.702023,2.578113
1.793301,12.996586,2.579745
0.143983,13.414883,2.575387
-1.606691,13.607472,2.571387
-3.397262,13.393456,2.573962
-5.341249,13.102759,2.576365
-7.299833,12.422501,2.570562
-9.309113,11.613153,2.572487
-11.246131,10.315886,2.581069
-13.071675,8.731693,2.574763
-13.970599,6.551123,2.570900
-14.630953,4.188156,2.575310
-15.713599,1.712895,2.573195
-15.636982,-0.850835,2.570126
-15.160920,-3.536008,2.572202
-14.549584,-6.202062,2.572273
-13.331844,-8.725895,2.576495
-11.460686,-10.984208,2.579886
-9.350051,-12.852438,2.575310
-6.776960,-14.236654,2.574480
-3.951647,-14.915707,2.578175
-1.189822,-15.582097,2.575448
1.667737,-15.958217,2.573140
4.544562,-15.362521,2.578174
7.171326,-14.309966,2.574698
9.505211,-12.753823,2.570366
11.518257,-10.735752,2.573073
12.949853,-8.433479,2.578341
13.714029,-5.825897,2.577589
14.332091,-3.480632,2.578065
13.970551,-0.977499,2.573036
13.070918,1.314768,2.570169
13.066473,3.205972,2.579020
12.562410,5.077064,2.580343
11.628620,6.751628,2.576153
10.620072,8.324908,2.574944
9.358437,9.569337,2.574544
7.619850,10.266547,-0.028707
6.299064,11.179203,-0.025039
4.896118,12.083391,-0.021763
3.441035,12.718287,-0.028482
1.818900,13.120151,-0.029384
0.118058,13.615564,-0.022674
-1.692262,13.848669,-0.023113
-3.549105,13.663796,-0.026029
-5.545112,13.371375,-0.020531
-7.481151,12.763081,-0.024067
-9.612917,11.915721,-0.026601
-11.577490,10.608726,-0.023266
-13.453823,8.914776,-0.027090
-14.373237,6.628107,-0.031259
-14.626513,4.220769,-0.027491
-14.909453,1.785892,-0.021502
-14.606832,-0.668086,-0.020828
-13.893703,-3.028145,-0.026193
-13.192273,-5.395167,-0.022085
-12.108032,-7.798957,-0.023945
-10.469713,-9.879520,-0.030878
-8.493067,-11.502341,-0.028676
-6.134708,-12.701568,-0.022941
-3.568559,-13.314145,-0.022854
-1.018064,-13.576756,-0.021848
1.528310,-13.504087,-0.022440
4.036825,-12.998502,-0.027789
6.365603,-12.181936,-0.028349
8.473811,-10.885109,-0.023092
10.126453,-9.063152,-0.019753
11.332968,-7.007029,-0.023091
12.403608,-4.987353,-0.028596
13.198264,-3.001262,-0.029613
13.357276,-0.839134,-0.026928
12.878052,1.333145,-0.022878
12.393041,3.211689,-0.020104
11.733965,4.928143,-0.022798
10.992583,6.540207,-0.025221
10.134435,8.070227,-0.024814
8.984379,9.258513,-0.027095
7.372616,9.965897,-2.619954
6.161938,10.973944,-2.622943
4.872454,11.982535,-2.627530
3.419597,12.749583,-2.621112
1.857288,13.243080,-2.625510
0.115147,13.746979,-2.623494
-1.741961,13.976370,-2.621525
-3.632278,13.806831,-2.623377
-5.572593,13.498024,-2.620013
-7.629358,12.926828,-2.628010
-9.755242,12.049380,-2.625999
-11.784216,10.673623,-2.623482
-13.571772,8.932220,-2.628742
-14.511657,6.700202,-2.628497
-14.453594,4.214727,-2.621990
-14.031072,1.792451,-2.621232
-13.534327,-0.447627,-2.625907
-12.630555,-2.560129,-2.627867
-11.785748,-4.606138,-2.622440
-10.830578,-6.705083,-2.619153
-9.389772,-8.586369,-2.623298
-7.467017,-10.000096,-2.626858
-5.320212,-11.027894,-2.623288
-3.076038,-11.619033,-2.622157
-0.749811,-11.315250,-2.623123
1.408007,-10.746166,-2.624653
3.423424,-10.383447,-2.624049
5.469734,-9.784154,-2.620890
7.273721,-8.754664,-2.626356
8.580397,-7.097663,-2.628593
9.588701,-5.401900,-2.624481
10.879346,-4.010935,-2.624288
11.757769,-2.297742,-2.624028
12.307261,-0.503599,-2.624560
12.488528,1.332395,-2.624893
11.554845,3.151918,-2.620909
10.804937,4.721173,-2.620412
10.271525,6.275519,-2.624209
9.595258,7.678944,-2.627378
8.556908,8.928411,-2.624035
7.093644,9.692571,-5.224388
6.078128,10.815976,-5.223658
4.831058,11.911842,-5.223654
3.407535,12.769974,-5.221936
1.854700,13.356611,-5.218697
0.092154,13.790495,-5.220736
-1.709500,13.959171,-5.227393
-3.591437,13.803668,-5.232006
-5.520166,13.435130,-5.229639
-7.638648,12.886095,-5.223090
-9.700852,11.948176,-5.227335
-11.623228,10.609032,-5.226934
-13.269055,8.846303,-5.219702
-14.300513,6.622724,-5.222442
-14.105929,4.119404,-5.231921
-13.194452,1.855493,-5.228873
-12.561795,-0.234717,-5.221133
-11.568489,-2.102471,-5.223479
-10.487006,-3.830937,-5.224287
-9.481234,-5.700379,-5.227158
-8.199972,-7.263950,-5.230444
-6.424953,-8.420583,-5.226690
-4.574804,-9.297077,-5.220424
-2.643790,-9.869852,-5.224638
-0.491010,-8.989607,-5.222079
1.236671,-8.191569,-5.220140
2.955957,-7.905923,-5.222606
4.562842,-7.491097,-5.223319
6.057744,-6.697696,-5.222133
7.064015,-5.316022,-5.223525
7.919756,-3.892447,-5.225767
9.078036,-2.883030,-5.225092
9.648725,-1.408564,-5.227335
10.228081,0.070194,-5.228872
10.934097,1.502827,-5.226348
10.044964,3.046478,-5.223599
9.456592,4.472368,-5.226752
9.227113,5.886755,-5.230164
8.712159,7.229754,-5.228829
7.996207,8.477593,-5.226409
6.812844,9.326217,-7.829085
5.956393,10.700977,-7.828022
4.795330,11.783228,-7.825850
3.426741,12.698310,-7.823874
1.852750,13.388136,-7.819285
0.103458,13.703759,-7.819963
-1.687189,13.786774,-7.825227
-3.523816,13.639805,-7.824893
-5.398515,13.193733,-7.820621
-7.448505,12.639910,-7.824958
-9.335275,11.662384,-7.825686
-11.186699,10.330007,-7.829760
-12.619845,8.545113,-7.827065
-13.732739,6.451203,-7.825545
-13.640668,4.101653,-7.823950
-12.367508,1.895886,-7.822579
-11.672089,-0.033204,-7.827321
-10.641840,-1.739307,-7.823780
-9.284760,-3.197341,-7.825816
-8.269567,-4.663579,-7.828311
-7.001169,-5.998897,-7.825359
-5.463862,-6.891946,-7.823785
-3.829483,-7.672552,-7.826437
-2.154473,-8.182167,-7.824558
-0.277834,-6.940286,-7.820462
1.195407,-6.199330,-7.819345
2.559809,-5.972284,-7.822591
3.883321,-5.608916,-7.827934
5.051708,-4.973816,-7.828030
5.879838,-3.840114,-7.826852
6.568450,-2.705564,-7.825367
7.401333,-1.758466,-7.821857
7.415704,-0.371730,-7.819106
7.565681,0.763368,-7.821941
8.193017,1.766817,-7.827739
8.100573,2.960731,-7.828350
7.989643,4.145162,-7.823477
8.046831,5.433115,-7.819703
7.728841,6.630478,-7.823385
7.326862,7.901312,-7.827384
6.471657,8.941952,-10.427541
5.802762,10.452518,-10.428065
4.712270,11.526749,-10.427226
3.383267,12.485509,-10.429782
1.846439,13.245778,-10.431540
0.175332,13.454645,-10.425074
-1.606714,13.449773,-10.424884
-3.410657,13.301922,-10.432122
-5.175055,12.776621,-10.428877
-7.037763,12.195373,-10.424234
-8.757558,11.149518,-10.427024
-10.495961,9.843000,-10.423434
-11.630146,8.100454,-10.422481
-12.824567,6.220765,-10.426089
-12.958462,4.012060,-10.428928
-11.489772,1.928786,-10.426335
-10.766228,0.125476,-10.422858
-9.759264,-1.406536,-10.424239
-8.292108,-2.601311,-10.427418
-7.150075,-3.774779,-10.426236
-5.940168,-4.788285,-10.428107
-4.572052,-5.537792,-10.424829
-3.239102,-6.194990,-10.421392
-1.786219,-6.645221,-10.428815
-0.129518,-5.561758,-10.422172
1.089852,-5.040286,-10.424549
2.272534,-4.813255,-10.426333
3.410339,-4.429856,-10.423397
4.407936,-3.859997,-10.425437
5.180666,-2.982929,-10.423057
5.819833,-2.000384,-10.421093
6.348336,-1.051896,-10.426230
6.124818,0.150757,-10.428699
5.967836,1.195582,-10.426199
6.311291,2.024913,-10.424017
6.720971,2.888937,-10.425348
7.046057,3.909010,-10.425810
7.132255,5.040536,-10.423007
6.908925,6.150549,-10.422911
6.690410,7.419673,-10.424903
6.086231,8.566587,-13.020657
5.524201,9.999911,-13.026802
4.509437,11.070433,-13.028817
3.260367,12.031717,-13.029859
1.807964,12.830400,-13.027765
0.151890,12.983818,-13.027049
-1.503414,12.923570,-13.024694
-3.224575,12.770025,-13.021565
-4.828989,12.173112,-13.025906
-6.502224,11.489395,-13.029862
-7.956637,10.420041,-13.021117
-9.495942,9.196153,-13.023405
-10.337042,7.526588,-13.029237
-11.596106,5.894819,-13.029640
-12.062411,3.946925,-13.024091
-10.538508,2.022595,-13.020060
-9.769386,0.345193,-13.021894
-8.816449,-1.061480,-13.023926
-7.432098,-2.138084,-13.022188
-6.158669,-2.968515,-13.028017
-4.987062,-3.744483,-13.026363
-3.820119,-4.392921,-13.021167
-2.643447,-4.956715,-13.020197
-1.420815,-5.318107,-13.020933
-0.107504,-5.051323,-13.019034
1.098528,-4.769677,-13.023722
2.226987,-4.489283,-13.026644
3.255888,-4.062853,-13.026022
4.217648,-3.504788,-13.029320
5.085480,-2.814611,-13.025726
5.778071,-2.012643,-13.021593
6.268056,-1.008338,-13.024462
6.358292,0.082844,-13.022322
6.247332,1.094680,-13.019857
6.250476,1.973024,-13.020694
6.636222,2.880381,-13.020236
6.953998,3.928371,-13.023355
6.806419,4.930423,-13.026797
6.499647,5.937875,-13.020832
6.273483,7.090622,-13.016559
5.608216,8.008370,-15.629124
5.029589,9.253133,-15.627578
4.124444,10.299732,-15.624154
3.021172,11.211585,-15.624228
1.727153,11.996988,-15.619851
0.232095,12.207833,-15.625248
-1.334778,12.153199,-15.627015
-2.901671,11.999010,-15.619006
-4.322769,11.350097,-15.622759
-5.708740,10.553277,-15.624732
-6.928147,9.443952,-15.627358
-8.177540,8.385796,-15.627068
-8.792172,6.830150,-15.624589
-10.040947,5.482392,-15.625299
-10.791510,3.785233,-15.630224
-9.337132,2.044379,-15.626489
-8.552189,0.639979,-15.619353
-7.701672,-0.665050,-15.621881
-6.660270,-1.654845,-15.630442
-5.214439,-2.194121,-15.625869
-4.160199,-2.787482,-15.628179
-3.165401,-3.390064,-15.622793
-2.130919,-3.775000,-15.622149
-1.111710,-4.196032,-15.629492
-0.075628,-4.969903,-15.621487
1.123914,-5.082970,-15.617180
2.276692,-4.709935,-15.620770
3.321390,-4.243579,-15.625620
4.312535,-3.657442,-15.628468
5.323428,-3.133108,-15.627513
6.225790,-2.393604,-15.622983
6.733706,-1.346153,-15.619402
7.379491,-0.358964,-15.622620
7.522250,0.772569,-15.628975
7.078338,1.888970,-15.631083
7.287178,2.912589,-15.629855
7.324787,3.967862,-15.628626
6.810407,4.929463,-15.628522
6.339869,5.809638,-15.628142
5.960334,6.835877,-15.628429
4.864575,7.198053,-18.232720
4.249544,8.031559,-18.229275
3.559442,8.932870,-18.224159
2.666873,9.783625,-18.225659
1.540436,10.528039,-18.228538
0.275434,10.928927,-18.223545
-1.075165,11.031741,-18.219562
-2.444066,10.858234,-18.221450
-3.672899,10.187169,-18.219334
-4.707869,9.256652,-18.220734
-5.592587,8.255500,-18.224582
-6.589877,7.321237,-18.222085
-7.006146,6.001769,-18.220923
-8.168430,4.974610,-18.224136
-9.095520,3.603921,-18.224634
-7.798352,2.122707,-18.224643
-6.893451,0.951152,-18.225690
-6.304308,-0.115991,-18.225079
-5.640207,-1.071488,-18.227546
-4.164661,-1.348499,-18.222215
-3.279267,-1.872704,-18.219394
-2.481427,-2.343857,-18.218565
-1.620796,-2.601824,-18.220841
-0.811304,-3.071369,-18.224508
-0.071765,-4.717027,-18.225014
1.109186,-5.154419,-18.225378
2.286297,-4.795278,-18.226945
3.317329,-4.256717,-18.226401
4.314047,-3.627062,-18.220920
5.420205,-3.214948,-18.219824
6.452277,-2.576740,-18.224682
7.029038,-1.526428,-18.228038
8.063735,-0.715091,-18.224744
8.591994,0.475107,-18.223527
7.870571,1.842517,-18.228101
7.864001,2.960936,-18.224894
7.479708,4.021173,-18.219939
6.610941,4.844018,-18.221069
5.999233,5.613926,-18.227478
5.443608,6.408246,-18.232358
3.638151,5.860617,-20.822214
3.061577,6.201823,-20.820111
2.564629,6.750454,-20.824099
2.023769,7.454396,-20.826542
1.302688,8.020075,-20.824579
0.390260,8.632186,-20.825154
-0.684172,9.219285,-20.820097
-1.741837,9.041327,-20.821026
-2.672399,8.476812,-20.824968
-3.283310,7.528846,-20.826260
-3.885234,6.725016,-20.825421
-4.544271,6.009664,-20.827268
-4.878176,5.095226,-20.824177
-5.896181,4.358969,-20.823216
-6.572680,3.355916,-20.824035
-5.563393,2.260265,-20.823929
-4.671756,1.444216,-20.828241
-4.395881,0.651734,-20.828619
-3.966282,-0.111545,-20.826881
-2.881048,-0.301878,-20.823965
-2.261363,-0.730667,-20.823162
-1.614535,-1.028069,-20.823912
-0.979897,-1.173676,-20.826054
-0.432820,-1.683998,-20.828432
0.065347,-3.593730,-20.828590
1.061466,-3.905965,-20.827783
2.023445,-3.562699,-20.827831
2.823935,-2.971866,-20.828187
3.637688,-2.455196,-20.827858
4.547398,-2.184723,-20.827508
5.477578,-1.719609,-20.826068
6.101680,-0.918145,-20.823193
7.276096,-0.326886,-20.820827
8.091122,0.591971,-20.823221
7.721801,1.843839,-20.825880
7.395552,2.947566,-20.823199
6.543039,3.833618,-20.821504
5.487281,4.433602,-20.824850
4.921325,4.998611,-20.827693
4.318359,5.506558,-20.826632
-0.075469,2.977886,-23.424576
