14.460863,26.443636,32.385145
9.556973,26.875373,32.385145
4.824510,26.578069,32.385145
0.720424,25.710762,32.385145
-3.047829,24.333935,32.385145
-6.413049,22.506223,32.385145
-9.179840,20.419925,32.385145
-11.479516,18.077817,32.385145
-13.311544,15.576468,32.385145
-14.718498,13.020822,32.385145
-15.772827,10.497647,32.385145
-16.587090,7.887301,32.385145
-17.143171,5.396439,32.385145
-17.492664,3.052595,32.385145
-17.697042,0.508713,32.385145
-17.728756,-2.043061,32.385145
-17.591325,-4.591443,32.385145
-17.228431,-7.485383,32.385145
-16.599977,-10.520040,32.385145
-15.592334,-13.834151,32.385145
-14.083905,-17.353054,32.385145
-11.816777,-21.098281,32.385145
-8.789278,-24.507945,32.385145
-4.811768,-27.411920,32.385145
-0.303203,-29.399812,32.385145
4.857805,-30.561541,32.385145
10.507387,-30.784434,32.385145
16.292040,-30.004377,32.385145
22.032085,-28.190694,32.385145
27.658366,-25.173470,32.385145
32.535790,-21.047127,32.385145
36.531172,-15.607881,32.385145
39.039275,-9.528665,32.385145
39.971642,-3.026803,32.385145
39.218765,3.502565,32.385145
36.950160,9.666277,32.385145
33.686645,14.940519,32.385145
29.418999,19.466257,32.385145
24.602525,22.858490,32.385145
18.648003,24.039012,28.988908
14.166063,25.945823,28.989993
9.232590,26.195307,28.992634
4.582610,25.509726,28.988399
0.615621,24.620955,28.985671
-3.027796,23.215877,28.988233
-6.199817,21.663183,28.980156
-9.020374,19.874660,28.986463
-11.490537,17.902852,28.994809
-13.620357,15.832578,28.991647
-15.433694,13.717862,28.984939
-17.229714,11.346859,28.978130
-18.631183,8.944270,28.984375
-19.819306,6.214654,28.988387
-20.715364,3.383742,28.982659
-21.205745,0.451545,28.988900
-21.327227,-2.706422,28.989282
-21.020413,-6.029321,28.981750
-20.388355,-9.326152,28.981570
-19.211278,-12.637016,28.988210
-17.321616,-15.842666,28.986245
-15.357322,-19.426656,28.982344
-12.779063,-23.284121,28.987543
-9.391646,-26.740391,28.989697
-5.062018,-29.608451,28.984546
-0.096567,-31.718680,28.982725
5.614358,-33.395549,28.978360
11.547088,-33.614544,28.982121
17.535315,-32.227713,28.980793
23.226225,-29.483944,28.981265
28.309021,-25.728760,28.989796
32.620369,-21.105953,28.978419
35.919038,-15.499736,28.986202
37.801193,-9.264138,28.986350
38.105478,-2.770010,28.980549
36.998976,3.455146,28.988994
34.944693,9.229661,28.979826
31.934270,14.385047,28.986222
27.829065,18.602641,28.994768
23.177060,21.662513,28.992240
18.432209,23.791577,25.586876
13.820420,25.662134,25.588465
8.950705,25.774638,25.594687
4.581430,25.092553,25.585776
0.521706,24.192430,25.578345
-3.040595,22.859316,25.592068
-6.171305,21.480192,25.593245
-9.005833,19.940685,25.584975
-11.556499,18.283186,25.584418
-13.980679,16.452935,25.591026
-16.244795,14.426085,25.587874
-18.495500,12.106234,25.579417
-20.287728,9.657462,25.579789
-21.805117,6.799468,25.584682
-22.981866,3.591654,25.586230
-23.610163,0.228791,25.588108
-23.726042,-3.191770,25.588709
-23.327812,-6.772613,25.582130
-22.485884,-10.492411,25.578484
-20.989680,-14.171846,25.580284
-18.788570,-17.508069,25.579043
-16.398641,-21.166043,25.589882
-13.498522,-24.923415,25.584776
-9.877722,-28.293214,25.575415
-5.186873,-31.170423,25.582495
-0.049477,-33.179949,25.591664
5.845835,-34.695939,25.583754
12.105917,-34.750782,25.576571
18.201534,-33.198813,25.584424
23.756347,-30.297626,25.591090
28.731778,-26.167049,25.582773
32.874463,-21.206139,25.579519
35.897687,-15.491773,25.580440
37.512251,-9.232182,25.580929
37.622241,-2.768619,25.584052
36.436448,3.391197,25.587186
34.290204,9.077579,25.580062
31.268749,14.158601,25.585806
27.384611,18.265219,25.592181
22.862505,21.405604,25.589873
18.542352,23.934984,22.180704
13.719155,25.414354,22.187001
8.909763,25.576565,22.190142
4.467581,25.079013,22.183702
0.496379,24.278754,22.179740
-2.993655,23.122041,22.185562
-6.232653,21.843777,22.184273
-9.192137,20.418034,22.187811
-11.883791,18.888303,22.187626
-14.625758,17.077452,22.184789
-17.050247,15.154986,22.192201
-19.445274,12.899118,22.184542
-21.612095,10.178651,22.177526
-23.319235,7.139152,22.181448
-24.584874,3.690520,22.187163
-25.230370,0.071157,22.188936
-25.293661,-3.604870,22.190409
-24.791820,-7.438021,22.192784
-23.762794,-11.372441,22.189822
-22.211581,-15.120671,22.186977
-20.008842,-18.764251,22.191412
-17.256267,-22.501880,22.185111
-14.018591,-26.091872,22.185832
-10.012937,-29.448066,22.192635
-5.314862,-32.135176,22.188341
-0.025014,-34.016409,22.177745
5.868180,-35.150767,22.187267
12.052942,-35.001580,22.188687
18.242822,-33.397144,22.187479
23.917795,-30.473504,22.186587
28.988831,-26.277981,22.178493
33.009195,-21.316411,22.178930
36.016178,-15.456562,22.183837
37.542927,-9.262223,22.188322
37.641819,-2.674911,22.188596
36.494130,3.408091,22.187764
34.263203,8.974872,22.192705
31.116768,14.084619,22.185573
27.360725,18.259379,22.177008
23.036698,21.575707,22.176414
18.640733,24.075714,18.792922
13.684662,25.164882,18.792376
8.802939,25.520895,18.791552
4.514925,25.347237,18.793220
0.656353,24.729485,18.791968
-3.115690,23.716132,18.785749
-6.428152,22.539259,18.785773
-9.463918,21.196422,18.780772
-12.393773,19.634532,18.784304
-15.196774,17.855843,18.791558
-17.833608,15.838278,18.780965
-20.380330,13.414149,18.784251
-22.573296,10.665174,18.783516
-24.393750,7.430160,18.785042
-25.628542,3.928906,18.791018
-26.267849,0.074048,18.778802
-26.265527,-3.832347,18.781986
-25.707991,-7.701778,18.781958
-24.580531,-11.640357,18.783938
-22.966973,-15.629326,18.794314
-20.794273,-19.779804,18.791939
-17.869935,-23.440236,18.780398
-14.359391,-26.842865,18.779179
-10.169745,-30.043416,18.779791
-5.351843,-32.632672,18.778319
0.051950,-34.342138,18.784533
5.870371,-35.054162,18.789412
11.920117,-34.652583,18.787893
17.934024,-32.972993,18.783736
23.701392,-30.062036,18.780588
28.809984,-26.136290,18.778980
32.889930,-21.142098,18.781171
35.837224,-15.390839,18.789255
37.396932,-9.147644,18.791330
37.566893,-2.686442,18.786245
36.481038,3.467557,18.784762
34.140109,9.056682,18.787978
31.006128,13.993214,18.787754
27.406502,18.194949,18.787903
23.314152,21.659090,18.790713
18.382064,23.812782,15.383878
13.444516,24.866083,15.390161
8.999671,25.535149,15.387592
4.743215,25.731971,15.387362
0.671609,25.292215,15.386853
-3.140152,24.521952,15.377432
-6.476920,23.463960,15.381761
-9.711738,22.118290,15.385172
-12.816151,20.502124,15.386065
-15.764067,18.610548,15.384429
-18.522752,16.453646,15.377356
-21.131988,13.837109,15.385788
-23.379107,10.897331,15.385245
-25.131692,7.644675,15.383220
-26.327531,3.938484,15.386282
-26.868226,0.084069,15.378149
-26.777944,-3.999602,15.382634
-26.114662,-8.036239,15.386824
-24.891703,-11.925175,15.387690
-23.275149,-15.898752,15.386748
-21.280975,-20.117045,15.383415
-18.217915,-23.886601,15.391435
-14.589002,-27.142978,15.384896
-10.311256,-30.181998,15.377722
-5.449565,-32.650339,15.383196
-0.020954,-34.192214,15.384392
5.804161,-34.550096,15.379863
11.621305,-33.901158,15.386110
17.533891,-32.018397,15.386876
22.915381,-29.242154,15.380581
28.103849,-25.477350,15.383352
32.050358,-20.654914,15.388503
34.896079,-14.882229,15.392137
36.368369,-8.839855,15.387319
36.599792,-2.605206,15.383349
35.640716,3.349897,15.386484
33.392517,8.952648,15.384503
30.419193,13.725867,15.389948
26.876721,17.973774,15.391613
22.842332,21.498601,15.385686
17.648099,23.001715,11.985809
13.133244,24.486982,11.989768
8.878674,25.591279,11.985881
4.738416,26.054409,11.981283
0.733354,25.834005,11.984980
-3.034260,25.302743,11.992618
-6.694804,24.268165,11.987982
-10.056604,22.922912,11.985403
-13.259434,21.251123,11.986189
-16.274816,19.249991,11.981843
-19.080104,16.967279,11.977422
-21.683084,14.192336,11.990484
-23.916511,11.101904,11.983002
-25.624149,7.703778,11.980881
-26.679779,4.040829,11.992459
-27.131247,0.068199,11.980014
-26.960050,-3.924788,11.983982
-26.212208,-8.050087,11.985328
-24.895079,-12.016950,11.981399
-23.254084,-15.878136,11.982581
-21.168776,-20.151772,11.985467
-18.209046,-23.874721,11.985980
-14.507411,-27.173768,11.980088
-10.244944,-30.037854,11.978863
-5.416361,-32.312413,11.982075
-0.062532,-33.658079,11.979192
5.646955,-33.727166,11.978993
11.300029,-32.806676,11.983160
16.821743,-30.776900,11.985034
21.805936,-27.951655,11.981016
26.613066,-24.218243,11.979564
30.261715,-19.566025,11.989443
32.656126,-13.969059,11.983923
33.895019,-8.182996,11.977488
34.146018,-2.486594,11.980433
33.360693,3.177806,11.985197
31.710765,8.453481,11.988517
29.039248,13.266344,11.982492
25.734341,17.270194,11.977772
21.950304,20.556542,11.980133
16.838594,22.086913,8.582112
12.884669,24.058740,8.578855
8.892776,25.507425,8.579004
4.727304,26.186551,8.579325
0.663512,26.160027,8.580539
-3.182123,25.775637,8.585179
-6.922529,24.804662,8.583812
-10.361565,23.471002,8.580278
-13.621387,21.766661,8.582205
-16.671091,19.695837,8.589472
-19.488906,17.324084,8.592408
-22.067637,14.445125,8.585216
-24.151353,11.400264,8.587308
-25.861867,7.732767,8.592582
-26.802985,3.976701,8.587488
-27.125402,0.121980,8.581827
-26.859692,-3.920509,8.585550
-26.057655,-7.894268,8.581613
-24.687235,-11.898179,8.579518
-22.925968,-15.753586,8.582840
-20.800816,-19.627322,8.579973
-17.921009,-23.453476,8.589247
-14.424953,-26.729351,8.588465
-10.109674,-29.549438,8.585909
-5.371136,-31.606445,8.588172
0.024984,-32.781597,8.584368
5.364822,-32.617568,8.584277
10.776923,-31.452382,8.588096
15.875888,-29.336439,8.583002
20.505339,-26.313441,8.579386
24.658468,-22.389820,8.587950
27.842117,-17.860845,8.586872
29.762247,-12.697591,8.588316
30.787941,-7.430219,8.591512
31.060413,-2.115295,8.590688
30.492718,3.019865,8.588547
29.365591,8.057321,8.590115
27.258075,12.552860,8.584360
24.178139,16.478746,8.579895
20.709492,19.545030,8.581433
16.325045,21.486362,5.187233
12.653737,23.651777,5.179397
8.693548,25.235846,5.184262
4.689951,26.005819,5.186060
0.778699,26.140665,5.177861
-3.116606,25.868703,5.176613
-6.920929,24.994432,5.187930
-10.422558,23.702692,5.188299
-13.743821,22.015148,5.189147
-16.846597,19.944366,5.191443
-19.689544,17.532018,5.178999
-22.273969,14.604760,5.180631
-24.388822,11.315743,5.182366
-25.839553,7.883065,5.183316
-26.686712,4.066629,5.183523
-26.905882,-0.011246,5.177541
-26.546190,-3.901237,5.190414
-25.689261,-7.710934,5.189073
-24.338244,-11.567345,5.177814
-22.450803,-15.383308,5.179506
-20.148674,-18.969800,5.188771
-17.438405,-22.709045,5.188772
-14.037521,-26.086475,5.181893
-9.844865,-28.755331,5.178468
-5.210197,-30.585699,5.183042
-0.154393,-31.548159,5.187076
5.164022,-31.212670,5.179248
10.141720,-29.886626,5.183065
14.994814,-27.657593,5.190411
19.096298,-24.568304,5.189313
22.535490,-20.484966,5.185650
25.206273,-16.288596,5.188798
27.169731,-11.535336,5.192482
28.262380,-6.677270,5.187535
28.585783,-1.897942,5.183758
28.203815,2.883230,5.187432
27.176005,7.567129,5.183571
25.410922,11.834516,5.179769
22.839966,15.671438,5.182371
19.726147,18.866806,5.187794
16.021166,21.115071,1.789140
12.323817,23.277104,1.781625
8.476907,24.735326,1.784916
4.622293,25.538772,1.788477
0.688378,25.797834,1.784973
-3.074052,25.590028,1.782377
-6.769440,24.853736,1.781308
-10.331996,23.625452,1.781150
-13.724697,21.983533,1.787636
-16.897615,19.952523,1.790639
-19.773702,17.516920,1.779245
-22.283028,14.702693,1.784310
-24.352073,11.350402,1.787407
-25.694796,7.827179,1.784296
-26.423880,3.954426,1.786797
-26.523255,0.015581,1.791446
-26.093514,-3.729441,1.783271
-25.149860,-7.550053,1.779044
-23.804341,-11.262002,1.781996
-21.881596,-14.884372,1.784651
-19.441577,-18.195945,1.785461
-16.814112,-21.792293,1.784166
-13.581894,-25.101837,1.783769
-9.667546,-27.559407,1.788458
-4.982866,-29.248477,1.789755
-0.248307,-30.001345,1.780861
4.707613,-29.610949,1.779649
9.468485,-28.202356,1.789289
13.939710,-25.990419,1.788904
17.775267,-22.866939,1.780309
20.781917,-18.895779,1.781502
23.206270,-14.960241,1.788208
25.307084,-10.641608,1.790716
26.541850,-6.197029,1.785087
26.971389,-1.578161,1.783300
26.717039,2.863516,1.789573
25.635824,7.183886,1.787807
23.989684,11.323733,1.781809
21.860235,15.054627,1.782170
19.138753,18.407750,1.788148
15.606632,20.873721,-1.612165
12.103771,22.753481,-1.610000
8.180857,24.087442,-1.607953
4.454542,24.877903,-1.610628
0.663057,25.220993,-1.614058
-3.142082,25.036066,-1.611712
-6.732210,24.404916,-1.612470
-10.195806,23.288907,-1.613584
-13.663922,21.702273,-1.613700
-16.774588,19.813933,-1.614189
-19.698540,17.371199,-1.615803
-22.252459,14.538406,-1.617645
-24.182447,11.260738,-1.613447
-25.415789,7.650160,-1.612653
-26.011241,3.889082,-1.620118
-26.015928,0.079543,-1.622744
-25.501290,-3.695416,-1.613916
-24.512916,-7.369149,-1.618250
-23.146277,-10.933572,-1.621144
-21.222773,-14.400206,-1.612359
-18.780994,-17.539695,-1.610000
-16.190544,-20.768206,-1.611545
-13.102050,-23.773837,-1.611865
-9.282896,-26.087915,-1.617282
-4.869190,-27.541851,-1.621251
-0.273298,-28.149260,-1.615453
4.354143,-27.796744,-1.619504
8.797421,-26.478619,-1.623098
12.939207,-24.368541,-1.617417
16.702310,-21.398425,-1.609789
19.604083,-17.989112,-1.608220
22.157337,-14.121172,-1.607187
24.217265,-10.145101,-1.615243
25.562683,-5.893174,-1.622149
26.134047,-1.611841,-1.618357
26.001891,2.853084,-1.611465
24.974140,7.035747,-1.616798
23.363750,11.024749,-1.621040
21.261462,14.818803,-1.619790
18.717799,18.145362,-1.615958
15.173637,20.377001,-5.017517
11.598945,22.172242,-5.018558
7.933681,23.316917,-5.011409
4.176060,24.119297,-5.010613
0.522699,24.497257,-5.017618
-2.994572,24.337296,-5.017149
-6.634726,23.782257,-5.010393
-10.001195,22.782331,-5.017896
-13.392007,21.335434,-5.018529
-16.578297,19.509813,-5.008538
-19.426252,17.177953,-5.015568
-21.920767,14.462510,-5.012332
-23.833760,11.145604,-5.015366
-24.954004,7.631064,-5.021622
-25.487890,3.831846,-5.022254
-25.427114,0.152582,-5.023285
-24.872225,-3.484352,-5.018590
-23.879490,-7.025539,-5.009387
-22.426329,-10.579773,-5.009122
-20.628918,-13.788148,-5.018262
-18.324321,-16.858384,-5.019902
-15.563884,-19.749528,-5.010201
-12.345064,-22.389087,-5.016392
-8.707152,-24.400043,-5.021809
-4.720725,-25.590951,-5.015152
-0.422567,-26.038799,-5.013968
3.894383,-25.833557,-5.021060
8.220463,-24.682009,-5.014405
12.081076,-22.743771,-5.008829
15.618457,-20.257405,-5.014481
18.894502,-17.208723,-5.021377
21.459334,-13.732538,-5.019162
23.456186,-9.900088,-5.011811
24.867207,-5.819202,-5.012430
25.619993,-1.564306,-5.017149
25.602408,2.755794,-5.016434
24.715203,6.986544,-5.016689
23.050877,10.961024,-5.015257
20.891425,14.559631,-5.014083
18.355525,17.708947,-5.015022
14.375188,19.509677,-8.415060
11.164479,21.308742,-8.419471
7.544724,22.535497,-8.420543
4.096224,23.299373,-8.419283
0.452197,23.711558,-8.416685
-3.069548,23.546525,-8.411763
-6.409118,23.076964,-8.411042
-9.806131,22.168302,-8.410834
-13.085939,20.865428,-8.408469
-16.173778,19.179026,-8.408657
-19.053994,16.892726,-8.413346
-21.524526,14.160862,-8.408412
-23.323632,10.963203,-8.412039
-24.411078,7.443421,-8.417400
-24.883869,3.799248,-8.416090
-24.782093,0.124018,-8.419330
-24.203955,-3.350119,-8.421364
-23.167800,-6.879884,-8.419341
-21.761450,-10.101942,-8.420911
-19.957158,-13.314651,-8.421982
-17.815470,-16.298451,-8.415675
-14.888254,-18.757894,-8.420852
-11.670534,-20.849428,-8.413961
-8.235912,-22.543253,-8.412161
-4.391673,-23.555416,-8.421054
-0.565616,-23.819236,-8.419152
3.418092,-23.711637,-8.410481
7.440187,-22.769291,-8.409582
11.052871,-21.090423,-8.410690
14.575834,-18.914183,-8.413301
17.834399,-16.375346,-8.418880
20.462297,-13.175949,-8.415989
22.433865,-9.369319,-8.411497
23.807592,-5.460312,-8.417129
24.599238,-1.408613,-8.420955
24.622607,2.732810,-8.413462
23.896087,6.810136,-8.412930
22.293943,10.611821,-8.419692
20.012598,14.090720,-8.421703
17.460319,16.976250,-8.417209
13.283378,18.131031,-11.818833
10.407504,20.331124,-11.818651
7.250270,21.705835,-11.821229
3.857571,22.512969,-11.816754
0.424135,22.896373,-11.807869
-3.040201,22.733659,-11.809935
-6.328788,22.266511,-11.819314
-9.555234,21.485045,-11.815329
-12.801039,20.271445,-11.808186
-15.847351,18.616723,-11.813366
-18.587270,16.492408,-11.821221
-20.938319,13.752101,-11.821967
-22.676880,10.585317,-11.817701
-23.728506,7.282738,-11.812027
-24.195805,3.701553,-11.813817
-24.100927,0.236915,-11.822613
-23.528996,-3.179355,-11.809840
-22.539742,-6.506112,-11.814426
-21.048604,-9.779530,-11.821045
-19.317991,-12.800660,-11.814042
-17.202186,-15.716681,-11.816127
-14.230180,-17.751170,-11.813727
-11.125141,-19.321074,-11.812929
-7.800831,-20.728663,-11.817704
-4.297765,-21.558139,-11.820261
-0.683432,-21.683361,-11.816022
3.066903,-21.483421,-11.816049
6.577352,-20.665434,-11.818290
10.046251,-19.215721,-11.818800
13.288516,-17.324559,-11.814310
16.230098,-14.990779,-11.810015
18.769970,-12.027845,-11.816473
20.614067,-8.597623,-11.821451
21.884943,-4.901766,-11.817370
22.528601,-1.209647,-11.813102
22.491857,2.693556,-11.812994
21.846019,6.394368,-11.809108
20.471440,9.890701,-11.814539
18.420458,13.023804,-11.820992
15.879900,15.787445,-11.820874
12.124485,16.896446,-15.208674
9.710953,19.270224,-15.214534
6.761910,20.836564,-15.215609
3.595515,21.631050,-15.215744
0.252006,21.959658,-15.217616
-2.981455,21.797794,-15.219195
-6.046546,21.340692,-15.222322
-9.206922,20.628437,-15.216287
-12.363347,19.474144,-15.210125
-15.206326,17.912257,-15.210864
-17.912081,15.900096,-15.209907
-20.115356,13.185055,-15.217519
-21.745018,10.219631,-15.213190
-22.844968,7.043011,-15.210012
-23.332428,3.566762,-15.219870
-23.261277,0.197625,-15.221352
-22.704374,-3.124265,-15.211933
-21.767577,-6.227082,-15.210105
-20.355246,-9.273241,-15.217215
-18.621103,-12.181341,-15.217910
-16.480864,-14.948104,-15.208371
-13.626379,-16.726042,-15.211422
-10.514336,-18.055684,-15.211395
-7.337089,-19.177582,-15.209416
-4.036489,-19.814407,-15.210761
-0.795411,-19.804024,-15.213126
2.556506,-19.445888,-15.217135
5.816997,-18.615847,-15.219073
8.953519,-17.358186,-15.213079
11.939661,-15.540881,-15.209907
14.451687,-13.285218,-15.218248
16.725867,-10.618176,-15.221924
18.421447,-7.704291,-15.211162
19.548686,-4.385186,-15.212695
20.043431,-0.911846,-15.217571
19.968093,2.590813,-15.208946
19.369465,5.906247,-15.211271
18.287204,9.112098,-15.210672
16.603320,11.994077,-15.207147
14.406113,14.542706,-15.206017
11.415742,16.115222,-18.620357
9.112538,18.258988,-18.619200
6.366570,19.738233,-18.617872
3.313641,20.522337,-18.618386
0.192661,20.789039,-18.617596
-2.814585,20.634855,-18.615281
-5.783601,20.153774,-18.619950
-8.839462,19.418359,-18.618652
-11.633718,18.330698,-18.611778
-14.363866,16.767310,-18.607500
-16.899709,14.920831,-18.608517
-18.892317,12.513280,-18.615711
-20.532386,9.675324,-18.615716
-21.676118,6.632409,-18.611078
-22.176822,3.530251,-18.613938
-22.163499,0.269115,-18.621117
-21.681953,-2.828840,-18.615921
-20.784163,-5.835925,-18.608855
-19.419097,-8.793057,-18.608806
-17.733494,-11.444047,-18.612655
-15.590813,-13.901162,-18.615064
-12.904000,-15.748909,-18.617421
-10.029418,-17.008677,-18.616573
-7.019210,-17.894366,-18.618317
-3.918345,-18.343146,-18.617950
-0.782442,-18.242299,-18.611315
2.182840,-17.727819,-18.613399
5.193729,-16.840686,-18.617834
7.911702,-15.558113,-18.619544
10.528052,-13.820388,-18.613922
12.808893,-11.859264,-18.609103
14.839841,-9.469499,-18.617185
16.462150,-6.779241,-18.611272
17.509628,-3.829389,-18.609057
17.991293,-0.723927,-18.617700
18.007929,2.409589,-18.619803
17.557469,5.511969,-18.609171
16.703289,8.538532,-18.607226
15.331294,11.335722,-18.612696
13.466862,13.860610,-18.617915
10.855389,15.467515,-22.009171
8.399043,17.185156,-22.013329
5.764304,18.366543,-22.019109
2.853773,19.067094,-22.017313
-0.025145,19.251529,-22.014812
-2.785463,19.072993,-22.019302
-5.506810,18.584895,-22.012295
-8.172024,17.826907,-22.008139
-10.700123,16.718970,-22.009161
-13.067988,15.279985,-22.010764
-15.384905,13.565892,-22.016676
-17.341417,11.455496,-22.021603
-18.912142,9.029789,-22.012743
-20.049238,6.262062,-22.010491
-20.605881,3.313099,-22.019755
-20.660165,0.431418,-22.012314
-20.246660,-2.537605,-22.013941
-19.392888,-5.407528,-22.012894
-18.204558,-8.041621,-22.009314
-16.526518,-10.514419,-22.009497
-14.404400,-12.636102,-22.010248
-12.215080,-14.520545,-22.013424
-9.562437,-15.890306,-22.016749
-6.642772,-16.605681,-22.020009
-3.770679,-16.857699,-22.021247
-0.895857,-16.691613,-22.019643
1.904686,-16.020781,-22.019723
4.529885,-15.113020,-22.020096
6.899945,-13.720687,-22.020484
9.060042,-12.164214,-22.020196
11.344354,-10.422022,-22.016465
13.130098,-8.305076,-22.009472
14.564476,-5.931928,-22.007301
15.602000,-3.249507,-22.010841
16.151392,-0.533560,-22.016767
16.315100,2.342735,-22.018354
16.055405,5.213734,-22.011022
15.400077,8.015963,-22.011808
14.341629,10.718986,-22.013702
12.860288,13.230540,-22.010902
9.894046,14.371537,-25.413243
7.438069,15.620464,-25.417866
4.907921,16.514119,-25.415158
2.319055,17.072488,-25.410471
-0.142390,17.181478,-25.411184
-2.693775,16.984608,-25.414864
-5.103432,16.499145,-25.418852
-7.328766,15.731781,-25.418121
-9.540886,14.656570,-25.415582
-11.534674,13.406076,-25.417011
-13.464061,11.885811,-25.419765
-15.347021,10.142848,-25.412654
-16.856356,8.084823,-25.413304
-17.910273,5.631329,-25.415292
-18.461209,3.132661,-25.411154
-18.554984,0.471077,-25.417376
-18.240262,-2.072292,-25.419315
-17.509981,-4.625284,-25.417306
-16.435955,-7.079056,-25.414546
-14.899300,-9.232271,-25.413154
-13.003736,-10.960087,-25.415893
-11.164496,-12.897069,-25.420511
-8.805449,-14.303088,-25.413399
-6.183642,-14.836213,-25.415936
-3.518842,-14.922504,-25.420190
-0.972409,-14.710378,-25.409100
1.382084,-14.010153,-25.408195
3.664304,-13.075653,-25.412027
5.746676,-11.793304,-25.415598
7.651110,-10.394990,-25.416080
9.572400,-8.872243,-25.416095
11.098275,-7.075381,-25.419969
12.385621,-4.978528,-25.419178
13.351655,-2.720241,-25.419866
13.994436,-0.242126,-25.420185
14.263449,2.202230,-25.417090
14.178884,4.763465,-25.418568
13.683943,7.362420,-25.420979
12.892300,9.864895,-25.419307
11.705660,12.339919,-25.414620
8.108404,12.491726,-28.817000
5.896718,13.355946,-28.810649
3.743945,13.958177,-28.814117
1.582576,14.355320,-28.813624
-0.463911,14.400343,-28.809686
-2.495993,14.211462,-28.813765
-4.497622,13.789258,-28.810093
-6.304197,13.057834,-28.815248
-8.049527,12.155533,-28.818643
-9.720612,11.148982,-28.812591
-11.255249,9.803734,-28.819956
-12.835988,8.497309,-28.821710
-14.190207,6.880841,-28.813989
-15.071892,4.928092,-28.809502
-15.592519,2.782519,-28.814889
-15.701716,0.657452,-28.820241
-15.461770,-1.544507,-28.819370
-14.898218,-3.588215,-28.816742
-14.028457,-5.638606,-28.812827
-12.762390,-7.434316,-28.809320
-11.116735,-8.917932,-28.810705
-9.624946,-10.672880,-28.811433
-7.772870,-11.857029,-28.809976
-5.500566,-12.265114,-28.808191
-3.284642,-12.234707,-28.811655
-1.173851,-12.005203,-28.816697
0.837905,-11.312884,-28.811463
2.668981,-10.411763,-28.809982
4.420739,-9.523371,-28.815309
6.073148,-8.350321,-28.814160
7.418665,-6.916741,-28.810541
8.684659,-5.426875,-28.819132
9.723213,-3.771532,-28.816042
10.572830,-1.910502,-28.813959
11.170790,0.038220,-28.813173
11.484226,2.059041,-28.810554
11.512825,4.188547,-28.816276
11.184868,6.354352,-28.818323
10.592818,8.573145,-28.818510
9.702988,10.709745,-28.819579
5.346229,9.381263,-32.216768
3.685492,9.939483,-32.213959
2.128295,10.291282,-32.215128
0.579555,10.517184,-32.216613
-0.879330,10.513449,-32.214015
-2.325618,10.360267,-32.211354
-3.691641,10.054324,-32.216331
-4.952270,9.478212,-32.217361
-6.138388,8.852121,-32.215811
-7.364173,8.198853,-32.217236
-8.352620,7.216625,-32.213550
-9.520348,6.337139,-32.215264
-10.565916,5.273343,-32.217026
-11.211053,3.878463,-32.214558
-11.604228,2.419676,-32.215185
-11.706065,0.846424,-32.219703
-11.563576,-0.666047,-32.214998
-11.162313,-2.185631,-32.212946
-10.539944,-3.643424,-32.213850
-9.655341,-4.939329,-32.213215
-8.526812,-6.042760,-32.216749
-7.479698,-7.305467,-32.214323
-6.119008,-8.210458,-32.211272
-4.502894,-8.466872,-32.215542
-2.859971,-8.380973,-32.216683
-1.361183,-8.186555,-32.211880
0.045087,-7.615296,-32.216767
1.304207,-6.886840,-32.215830
2.661092,-6.448070,-32.212408
3.819585,-5.611435,-32.212535
4.559618,-4.383385,-32.216309
5.425671,-3.373699,-32.218200
6.184077,-2.206745,-32.213144
6.795398,-0.948210,-32.216091
7.279634,0.420255,-32.216945
7.568395,1.849815,-32.211962
7.653427,3.424976,-32.217084
7.472384,4.974750,-32.216320
7.112419,6.520020,-32.214638
6.483125,8.126601,-32.216175
-2.016593,1.124861,-35.614855
9.110798,17.129548,32.385145
5.845713,16.753337,32.385145
3.090334,16.018540,32.385145
0.679085,14.966422,32.385145
-1.258657,13.723090,32.385145
-2.804435,12.326034,32.385145
-3.964553,10.867682,32.385145
-4.846677,9.351564,32.385145
-5.416606,8.045595,32.385145
-5.831763,6.797777,32.385145
-6.123801,5.628267,32.385145
-6.302919,4.658391,32.385145
-6.430594,3.680438,32.385145
-6.508837,2.697324,32.385145
-6.538317,1.821180,32.385145
-6.527775,0.835042,32.385145
-6.472149,-0.149625,32.385145
-6.358641,-1.239543,32.385145
-6.172017,-2.430388,32.385145
-5.895417,-3.716008,32.385145
-5.442778,-5.296265,32.385145
-4.740834,-7.139828,32.385145
-3.696936,-9.191535,32.385145
-2.048535,-11.517699,32.385145
0.181129,-13.629697,32.385145
3.030148,-15.276827,32.385145
6.388555,-16.299112,32.385145
10.214356,-16.611657,32.385145
14.135396,-16.146176,32.385145
18.201835,-14.819982,32.385145
21.996871,-12.613219,32.385145
25.299279,-9.401890,32.385145
27.663754,-5.442954,32.385145
28.875062,-0.994563,32.385145
28.750163,3.615805,32.385145
27.233682,7.970268,32.385145
24.433611,11.772137,32.385145
20.842497,14.488937,32.385145
16.754406,16.197737,32.385145
10.517334,14.486597,29.381188
7.093348,14.044682,29.389523
4.495625,13.534825,29.384171
2.257821,12.885631,29.379981
0.385897,12.078309,29.385874
-1.080664,11.170475,29.390258
-2.352362,10.003658,29.381285
-3.341211,9.121640,29.379405
-4.138762,8.207833,29.381432
-4.748824,7.148279,29.384559
-5.177526,6.227667,29.387559
-5.523260,5.270521,29.388468
-5.650863,4.365755,29.391042
-5.824970,3.472277,29.385963
-6.077111,2.697960,29.378774
-6.268879,1.804043,29.384193
-6.419486,0.902393,29.390231
-6.566728,-0.205938,29.388147
-6.621449,-1.320691,29.386432
-6.614180,-2.743904,29.391176
-6.623789,-4.571962,29.388625
-6.288941,-6.573365,29.386768
-5.562182,-8.907900,29.388532
-4.285723,-11.560790,29.387156
-2.320840,-14.028060,29.381906
0.303528,-15.954359,29.381172
3.451803,-17.122448,29.380405
6.885696,-17.481034,29.383704
10.542384,-17.205484,29.386978
14.286887,-16.284067,29.387887
17.851428,-14.539943,29.389018
21.015327,-11.975807,29.385888
23.421891,-8.579344,29.383507
24.854391,-4.761895,29.381329
25.336401,-0.625276,29.379606
24.777737,3.407428,29.380842
23.223871,7.173266,29.382443
20.686670,10.331837,29.386002
17.604492,12.581375,29.384701
14.055294,14.044352,29.379540
9.239740,13.047486,26.390136
6.147491,12.574943,26.380691
3.777944,12.050192,26.380136
1.854227,11.452450,26.377753
0.270467,10.780924,26.382755
-1.044656,10.033731,26.391365
-2.159403,9.165722,26.384215
-3.068339,8.524718,26.385132
-3.917259,7.814808,26.386017
-4.637293,6.966784,26.387469
-5.174944,6.234757,26.391742
-5.709024,5.376257,26.383355
-6.029014,4.527638,26.386662
-6.413563,3.596682,26.391942
-6.831147,2.789221,26.389872
-7.202553,1.742481,26.389436
-7.495335,0.671097,26.382941
-7.750832,-0.616228,26.383636
-7.883961,-2.123183,26.387859
-7.905244,-3.841003,26.384301
-7.838776,-5.958829,26.383809
-7.372884,-8.232158,26.382097
-6.380638,-10.884701,26.384118
-4.802114,-13.587643,26.388448
-2.510953,-16.010866,26.388566
0.434492,-17.783193,26.385267
3.751140,-18.689382,26.381733
7.384082,-18.749004,26.383302
11.070439,-18.096758,26.388273
14.672217,-16.782841,26.390819
18.010314,-14.685480,26.389031
20.857484,-11.812589,26.387614
22.868309,-8.311673,26.390691
23.959310,-4.516959,26.386689
24.134105,-0.482956,26.379551
23.302932,3.372494,26.381286
21.564994,6.802616,26.379869
18.969786,9.614190,26.380542
15.867487,11.598663,26.386366
12.567835,12.759793,26.392197
8.519950,12.251298,23.381591
5.722619,11.950651,23.391232
3.573040,11.534046,23.384093
1.766785,11.032249,23.383532
0.204119,10.449626,23.382459
-1.028372,9.887766,23.378982
-2.129859,9.296048,23.388094
-3.196429,8.643422,23.384085
-4.057083,8.056077,23.383832
-4.970659,7.364004,23.387492
-5.767512,6.692635,23.381505
-6.527201,5.979269,23.383916
-7.374459,5.060146,23.387131
-8.147395,4.076058,23.384774
-8.866945,2.928802,23.382222
-9.447896,1.589597,23.385148
-9.828981,0.180860,23.387754
-10.050053,-1.471983,23.387151
-10.070805,-3.347896,23.386322
-9.862137,-5.421913,23.387089
-9.386822,-7.664955,23.386389
-8.535058,-10.127744,23.388032
-7.195619,-12.720484,23.385646
-5.256187,-15.308990,23.384016
-2.672788,-17.581155,23.385483
0.486156,-19.197292,23.383941
4.051061,-19.987265,23.386866
7.806448,-19.927700,23.383477
11.562951,-19.046368,23.382285
15.159365,-17.380572,23.385704
18.347950,-15.026745,23.386152
21.022399,-11.960443,23.392249
22.909467,-8.358456,23.383376
23.891130,-4.513151,23.379404
23.896631,-0.447388,23.386839
22.824653,3.372384,23.386566
20.820012,6.674383,23.384386
18.099117,9.254841,23.389135
14.893236,11.049459,23.387674
11.654720,12.008021,23.379885
8.172574,11.883191,20.390771
5.649100,11.818739,20.379305
3.582784,11.551487,20.383505
1.755758,11.168912,20.386642
0.280394,10.746610,20.384553
-1.077949,10.309052,20.384571
-2.334124,9.907297,20.387031
-3.397864,9.346546,20.385823
-4.446470,8.745601,20.382605
-5.523016,8.200399,20.382215
-6.664031,7.543423,20.385762
-7.866770,6.778798,20.385831
-9.257481,5.887182,20.381683
-10.557058,4.723486,20.383720
-11.576198,3.280992,20.387939
-12.454042,1.512115,20.381790
-12.922894,-0.519502,20.381799
-12.953230,-2.603867,20.388627
-12.674956,-4.897613,20.386587
-12.088078,-7.120348,20.380711
-11.031332,-9.414950,20.388006
-9.724891,-11.829765,20.382478
-7.960914,-14.340862,20.378757
-5.674580,-16.716524,20.385397
-2.839023,-18.788662,20.387076
0.579709,-20.291373,20.379520
4.249339,-20.972253,20.387111
8.209321,-20.865015,20.389567
12.016742,-19.835667,20.390355
15.598036,-17.900674,20.388916
18.735153,-15.322075,20.379126
21.291806,-12.164621,20.383919
23.141853,-8.544945,20.380780
24.130980,-4.488296,20.381828
24.021798,-0.535171,20.390241
22.747068,3.327787,20.387990
20.499003,6.581933,20.380069
17.582216,9.089622,20.378112
14.347173,10.728267,20.386223
11.034176,11.601446,20.394801
8.071144,11.794796,17.388794
5.776250,11.959463,17.388957
3.712207,11.859104,17.382099
1.885340,11.622199,17.384900
0.307071,11.317298,17.388055
-1.155573,11.004593,17.382042
-2.515214,10.750850,17.379741
-3.782164,10.223705,17.382934
-5.037827,9.646148,17.384037
-6.324902,9.149623,17.380596
-7.783994,8.470030,17.379608
-9.199442,7.707417,17.387251
-11.019696,6.703044,17.386582
-12.707920,5.342719,17.380352
-14.077425,3.475429,17.381582
-15.117708,1.298141,17.383104
-15.558802,-1.078115,17.381920
-15.415261,-3.601666,17.386926
-14.897235,-6.089294,17.387352
-13.917368,-8.657974,17.383158
-12.419249,-10.981039,17.388717
-10.663822,-13.403725,17.388352
-8.589302,-15.708514,17.385433
-6.029824,-17.852065,17.381985
-2.877452,-19.751761,17.382648
0.573703,-21.034828,17.388614
4.439109,-21.613036,17.382756
8.361359,-21.453438,17.386339
12.317740,-20.284224,17.390066
15.788450,-18.216520,17.386996
18.895474,-15.482372,17.388777
21.433789,-12.211177,17.388701
23.302043,-8.509748,17.387687
24.238839,-4.591277,17.382106
24.031420,-0.451926,17.381623
22.615827,3.324630,17.391235
20.193003,6.541597,17.387634
17.248555,8.953231,17.384674
13.948701,10.557907,17.385276
10.823806,11.384035,17.386678
8.131589,11.884277,14.388808
5.927104,12.227172,14.386670
3.936287,12.276825,14.378328
2.059705,12.158992,14.385121
0.429469,11.968765,14.390927
-1.194331,11.717065,14.380496
-2.586013,11.496256,14.379985
-4.058208,11.106450,14.383955
-5.507820,10.626007,14.386105
-7.055344,10.076919,14.386642
-8.664619,9.363247,14.388533
-10.409429,8.397898,14.390952
-12.176088,7.232773,14.391664
-13.915969,5.664875,14.385518
-15.375994,3.670653,14.379601
-16.446101,1.318859,14.385271
-16.905604,-1.342542,14.387824
-16.745062,-4.037012,14.388922
-16.114033,-6.789094,14.389286
-15.014029,-9.504352,14.385817
-13.371411,-12.079034,14.381419
-11.375116,-14.541594,14.385940
-8.989208,-16.799421,14.389570
-6.203688,-18.757848,14.387730
-2.947357,-20.385249,14.387156
0.646830,-21.478645,14.389908
4.501005,-21.859764,14.383708
8.369341,-21.504080,14.385209
12.251257,-20.187957,14.387060
15.633993,-18.050083,14.383787
18.644981,-15.256084,14.384426
21.106931,-11.967703,14.385281
22.895586,-8.392097,14.389122
23.811064,-4.505695,14.388978
23.548812,-0.400720,14.385718
22.080434,3.318285,14.384298
19.725637,6.395594,14.378768
16.833949,8.810361,14.386301
13.715243,10.414586,14.392893
10.791401,11.313219,14.391024
8.284378,12.070948,11.384723
6.118718,12.541587,11.384509
4.029725,12.708175,11.386729
2.162974,12.680580,11.388062
0.418373,12.564762,11.384734
-1.199542,12.351897,11.379415
-2.799418,12.030889,11.379251
-4.411523,11.769551,11.380629
-5.998238,11.402105,11.382128
-7.638263,10.787541,11.385179
-9.430859,9.943562,11.389837
-11.117572,8.898614,11.390725
-12.777719,7.438560,11.385500
-14.279368,5.801497,11.385561
-15.783487,3.728519,11.390944
-16.821105,1.250566,11.388867
-17.251059,-1.397439,11.391827
-17.144130,-4.198093,11.386959
-16.493348,-7.035480,11.382650
-15.382322,-9.862033,11.385184
-13.892989,-12.633975,11.382558
-11.820969,-15.155637,11.379966
-9.266490,-17.378514,11.383068
-6.303322,-19.233840,11.385434
-2.970139,-20.637347,11.384769
0.545353,-21.484529,11.387152
4.394873,-21.663446,11.390272
8.170242,-20.943452,11.384822
11.835018,-19.407647,11.383229
15.048338,-17.294758,11.388639
17.887413,-14.523720,11.387920
20.139421,-11.403139,11.382528
21.825251,-7.938199,11.380976
22.683214,-4.184376,11.385467
22.447736,-0.339689,11.387280
21.081796,3.264915,11.382188
18.892796,6.288534,11.382955
16.289861,8.636632,11.386760
13.487110,10.294146,11.387995
10.765012,11.354705,11.386422
8.468643,12.286503,8.378516
6.385763,12.836069,8.380967
4.252134,13.114757,8.389267
2.326477,13.167141,8.386197
0.512361,13.110121,8.381708
-1.175237,12.913156,8.386425
-2.824214,12.500012,8.384964
-4.504580,12.242313,8.388320
-6.270094,11.861949,8.392621
-7.948331,11.160857,8.389120
-9.664003,10.287111,8.382966
-11.453335,9.081043,8.383859
-12.923597,7.519680,8.380513
-14.342447,5.740063,8.380651
-15.752749,3.693296,8.387409
-16.678967,1.249950,8.388316
-17.077775,-1.440467,8.389570
-17.018282,-4.168629,8.389036
-16.365304,-7.029334,8.387035
-15.301596,-9.789743,8.384947
-13.962002,-12.662596,8.382333
-11.881839,-15.202840,8.381492
-9.257748,-17.382572,8.380994
-6.321506,-19.089329,8.383785
-3.020117,-20.296319,8.388573
0.551880,-20.937100,8.389196
4.304395,-20.872896,8.386505
7.751365,-19.805349,8.382501
11.000575,-18.146846,8.383231
14.082918,-16.048736,8.385862
16.628600,-13.457629,8.383686
18.710744,-10.486040,8.383131
20.239333,-7.194824,8.381391
21.016684,-3.647372,8.383461
20.852927,-0.136146,8.387918
19.738636,3.202385,8.387146
17.919771,6.077741,8.383461
15.724873,8.373718,8.384225
13.246814,10.169615,8.383840
10.816459,11.411302,8.380463
8.727358,12.427209,5.384628
6.553515,13.082974,5.388741
4.421773,13.451083,5.382930
2.482294,13.580987,5.382093
0.532689,13.566317,5.385625
-1.186811,13.390790,5.382570
-2.960046,12.912665,5.379726
-4.641321,12.496618,5.383380
-6.287810,11.981132,5.388076
-7.953728,11.198370,5.388030
-9.651765,10.249031,5.383020
-11.340380,9.073741,5.378176
-12.852563,7.537675,5.385114
-14.255217,5.740560,5.387758
-15.544476,3.621704,5.383040
-16.323877,1.254998,5.388388
-16.649692,-1.318222,5.387116
-16.594834,-4.030931,5.387687
-15.978484,-6.758957,5.391572
-14.883383,-9.478587,5.389387
-13.547543,-12.191302,5.382629
-11.465553,-14.675403,5.390285
-9.019141,-16.652395,5.386127
-6.082062,-18.262217,5.383429
-2.883638,-19.268346,5.388533
0.557834,-19.654397,5.384465
3.909777,-19.375715,5.386570
7.139454,-18.181436,5.387146
10.074347,-16.526812,5.383865
12.874827,-14.511347,5.384455
15.191422,-12.082512,5.390085
17.018104,-9.399372,5.388271
18.370772,-6.333230,5.383059
19.066397,-3.158436,5.386802
19.026152,0.083496,5.389569
18.223229,3.119807,5.381968
16.847495,5.819840,5.384640
15.051135,8.118336,5.390028
13.050669,9.951994,5.389382
10.884168,11.409221,5.384950
8.790674,12.501166,2.390529
6.558178,13.242352,2.386081
4.553734,13.666832,2.383793
2.522733,13.890082,2.380592
0.576549,13.922906,2.382204
-1.258247,13.776976,2.389192
-3.049805,13.351063,2.387793
-4.689263,12.768350,2.388536
-6.380860,12.041110,2.387519
-8.023850,11.210457,2.381033
-9.685768,10.202083,2.378457
-11.344578,9.004158,2.387746
-12.924222,7.546060,2.389200
-14.299569,5.763349,2.389623
-15.341684,3.651294,2.389729
-15.967270,1.275249,2.379702
-16.174426,-1.170251,2.384752
-16.040288,-3.834541,2.391160
-15.421758,-6.412864,2.390006
-14.297658,-8.945136,2.387901
-12.823455,-11.399735,2.390308
-10.865515,-13.629296,2.391320
-8.449073,-15.529068,2.387249
-5.712543,-16.920220,2.381810
-2.744953,-17.714422,2.382626
0.425056,-17.875643,2.388025
3.462567,-17.413254,2.383918
6.443568,-16.334673,2.387627
9.133003,-14.846469,2.391245
11.577769,-12.992946,2.385436
13.690997,-10.764400,2.379632
15.350381,-8.301952,2.382552
16.517231,-5.574961,2.382025
17.164330,-2.673702,2.381559
17.246716,0.188578,2.383058
16.737394,3.010832,2.383177
15.736255,5.588761,2.386772
14.334764,7.843589,2.388083
12.643473,9.789021,2.389202
10.831710,11.329068,2.391142
8.612048,12.439117,-0.612022
6.604873,13.189679,-0.615350
4.528023,13.733973,-0.610749
2.606807,14.047144,-0.608393
0.660843,14.156861,-0.611562
-1.287136,14.094559,-0.612443
-3.124461,13.847224,-0.608872
-4.879069,13.273424,-0.614720
-6.679345,12.516640,-0.620230
-8.442134,11.691403,-0.615827
-10.100763,10.666681,-0.610916
-11.788232,9.347827,-0.615144
-13.405515,7.783244,-0.620901
-14.684094,5.838577,-0.617414
-15.442522,3.615590,-0.610624
-15.817974,1.308356,-0.611067
-15.837526,-1.127394,-0.610023
-15.500418,-3.639098,-0.608642
-14.789693,-6.073940,-0.611013
-13.606275,-8.421161,-0.613602
-12.012290,-10.516648,-0.613097
-10.127084,-12.491468,-0.618119
-7.871166,-14.192224,-0.611949
-5.312786,-15.398280,-0.611643
-2.554684,-16.024241,-0.621136
0.273163,-16.042151,-0.619404
3.142230,-15.491337,-0.615981
5.745559,-14.653595,-0.618215
8.257636,-13.374839,-0.619078
10.508800,-11.656970,-0.615235
12.413998,-9.704741,-0.611774
14.000122,-7.364404,-0.609707
15.054620,-4.848150,-0.611426
15.631031,-2.277466,-0.612084
15.771675,0.348835,-0.613516
15.446389,2.961225,-0.618967
14.706844,5.387027,-0.619123
13.605458,7.552693,-0.614232
12.227170,9.470046,-0.609866
10.562993,11.156865,-0.609115
8.328972,12.110947,-3.610020
6.435887,12.950155,-3.615133
4.465951,13.598352,-3.610288
2.539134,14.036634,-3.609611
0.668001,14.242621,-3.616829
-1.308333,14.309995,-3.619625
-3.193701,14.329046,-3.611680
-5.232761,14.008266,-3.608069
-7.236986,13.461713,-3.613965
-9.270643,12.723796,-3.617887
-11.221714,11.580532,-3.611922
-12.890822,10.059733,-3.609983
-14.355832,8.203043,-3.618652
-15.343369,6.078302,-3.616498
-15.816533,3.667142,-3.609749
-15.923430,1.316894,-3.617777
-15.685716,-1.122037,-3.609807
-15.037342,-3.476195,-3.614475
-14.170982,-5.677276,-3.621826
-12.920058,-7.876785,-3.618215
-11.269157,-9.691136,-3.613725
-9.417488,-11.437183,-3.609043
-7.332079,-12.884509,-3.616359
-4.909244,-13.935328,-3.617452
-2.419976,-14.455473,-3.610759
0.218070,-14.446410,-3.616756
2.807534,-13.963792,-3.619758
5.260852,-13.269725,-3.615508
7.635706,-12.148452,-3.614998
9.689052,-10.635597,-3.619131
11.498307,-8.851535,-3.618446
12.953661,-6.765537,-3.613723
13.968299,-4.433600,-3.612439
14.538808,-1.954359,-3.614360
14.685511,0.489438,-3.615285
14.435674,2.925572,-3.614136
13.816284,5.198497,-3.612676
12.873459,7.246629,-3.609972
11.620733,9.150401,-3.607129
10.149471,10.775459,-3.606457
7.875561,11.589383,-6.610704
6.105905,12.542835,-6.613544
4.329091,13.269507,-6.613504
2.490786,13.820116,-6.610577
0.602103,14.153938,-6.609978
-1.306141,14.355400,-6.613132
-3.301192,14.608223,-6.614724
-5.490448,14.611943,-6.616927
-7.666559,14.308419,-6.615919
-9.953794,13.661336,-6.611116
-12.128423,12.491324,-6.610950
-13.932606,10.675980,-6.618540
-15.176122,8.536754,-6.614353
-15.884725,6.175541,-6.609249
-16.104593,3.715288,-6.613465
-15.958782,1.252028,-6.617394
-15.483095,-1.080916,-6.612693
-14.562867,-3.260902,-6.609834
-13.505702,-5.299705,-6.611407
-12.225926,-7.286124,-6.612015
-10.519087,-8.946927,-6.609708
-8.761037,-10.409395,-6.610970
-6.747511,-11.664241,-6.612979
-4.535397,-12.539383,-6.614552
-2.203913,-12.999747,-6.617390
0.172677,-13.033329,-6.618325
2.521981,-12.689669,-6.610321
4.830077,-12.104344,-6.609489
7.003724,-11.161219,-6.614195
8.975955,-9.825590,-6.615235
10.774132,-8.137522,-6.613487
12.159115,-6.205540,-6.615723
13.137735,-4.038376,-6.612864
13.686068,-1.726100,-6.611847
13.820555,0.555802,-6.614836
13.586855,2.828796,-6.615391
12.976230,5.031310,-6.616054
12.095956,6.937480,-6.618098
10.882122,8.776933,-6.617028
9.526625,10.283359,-6.612737
7.298688,10.927002,-9.619128
5.771178,11.937904,-9.614713
4.133885,12.755431,-9.617849
2.413902,13.388381,-9.617780
0.553858,13.852366,-9.613179
-1.252121,14.156173,-9.613709
-3.232932,14.470999,-9.610808
-5.408532,14.600310,-9.609864
-7.752758,14.373985,-9.613955
-10.025815,13.746493,-9.615875
-12.258313,12.555237,-9.610683
-14.034715,10.748477,-9.609768
-15.160857,8.579728,-9.618806
-15.748229,6.115036,-9.615660
-15.842361,3.675856,-9.610128
-15.551531,1.338004,-9.620938
-14.921305,-0.935206,-9.614824
-13.919941,-2.961260,-9.610693
-12.734408,-4.903801,-9.615914
-11.442505,-6.650386,-9.618934
-9.832746,-8.125553,-9.615431
-8.075355,-9.418420,-9.618077
-6.244058,-10.428246,-9.621492
-4.197147,-11.183335,-9.617498
-2.060397,-11.616485,-9.614104
0.117747,-11.721180,-9.618935
2.287885,-11.514237,-9.613438
4.412326,-11.017752,-9.616863
6.433356,-10.202686,-9.622076
8.365299,-9.011659,-9.618316
10.056250,-7.500606,-9.612484
11.411478,-5.681449,-9.611757
12.347315,-3.709400,-9.613511
12.891667,-1.508743,-9.612053
13.003085,0.670895,-9.613829
12.735591,2.834773,-9.621175
12.121311,4.836106,-9.616317
11.238758,6.638324,-9.609686
10.091144,8.284523,-9.610587
8.776524,9.690712,-9.616855
6.657020,10.191375,-12.615472
5.319860,11.237536,-12.618418
3.782606,12.125798,-12.614497
2.213803,12.777219,-12.615504
0.514777,13.299397,-12.619866
-1.225610,13.661112,-12.616744
-3.154558,13.855194,-12.613762
-5.176868,13.874426,-12.613094
-7.258264,13.605543,-12.614381
-9.417993,12.918383,-12.614969
-11.398603,11.822062,-12.614518
-13.096537,10.199428,-12.618212
-14.246469,8.156647,-12.614387
-14.817568,5.879544,-12.613074
-14.888361,3.616373,-12.614211
-14.551971,1.377915,-12.610519
-13.881513,-0.698526,-12.618213
-12.937710,-2.666543,-12.616647
-11.845887,-4.366025,-12.612451
-10.549445,-5.916178,-12.616115
-9.055354,-7.276477,-12.620025
-7.446247,-8.359228,-12.615930
-5.707986,-9.220555,-12.617515
-3.875911,-9.857080,-12.616120
-1.899036,-10.272530,-12.609781
0.034155,-10.431488,-12.612771
1.973154,-10.341681,-12.614878
3.944183,-9.909916,-12.613561
5.835083,-9.188205,-12.610637
7.664427,-8.157394,-12.608886
9.261287,-6.789413,-12.609697
10.547153,-5.126484,-12.611836
11.451275,-3.316432,-12.616194
11.978690,-1.283779,-12.616323
12.075574,0.737483,-12.614727
11.798456,2.738800,-12.617533
11.182241,4.577813,-12.616605
10.283063,6.299296,-12.613691
9.177329,7.788108,-12.612022
7.936508,9.063628,-12.612664
6.001417,9.443006,-15.611492
4.798313,10.487015,-15.608894
3.449118,11.327582,-15.612848
1.989153,11.965161,-15.617057
0.476125,12.466864,-15.617166
-1.224903,12.809284,-15.617308
-2.887993,12.798796,-15.619239
-4.693855,12.632832,-15.619991
-6.531688,12.247980,-15.617468
-8.286977,11.562667,-15.613582
-10.029665,10.528043,-15.612116
-11.535689,9.167059,-15.613951
-12.638615,7.465359,-15.610213
-13.251324,5.456781,-15.613630
-13.355810,3.429218,-15.620022
-13.057905,1.424613,-15.612990
-12.445356,-0.428016,-15.610095
-11.706069,-2.167806,-15.612706
-10.688026,-3.735359,-15.614437
-9.464386,-5.079310,-15.613197
-8.220243,-6.289013,-15.612791
-6.708603,-7.278325,-15.614963
-5.130932,-8.012485,-15.614004
-3.484977,-8.561799,-15.616259
-1.784645,-8.916532,-15.620923
-0.056110,-9.085714,-15.618029
1.755131,-9.034238,-15.613342
3.510472,-8.617821,-15.616791
5.200574,-7.955594,-15.620389
6.787910,-7.093985,-15.617540
8.234592,-5.887537,-15.615343
9.410200,-4.417189,-15.620476
10.277891,-2.745253,-15.616732
10.771599,-0.930121,-15.611974
10.869290,0.879295,-15.613937
10.614340,2.670817,-15.617182
10.024650,4.381138,-15.617087
9.246120,5.855373,-15.611851
8.214488,7.246477,-15.609027
7.114647,8.397966,-15.610985
5.333143,8.686170,-18.612900
4.264479,9.629625,-18.612670
3.057696,10.384673,-18.608577
1.744999,10.938359,-18.611551
0.313022,11.350852,-18.616836
-1.159585,11.538983,-18.611457
-2.635340,11.365517,-18.610038
-4.091647,11.049639,-18.617761
-5.564155,10.577479,-18.618548
-6.958758,9.903075,-18.612415
-8.305223,9.018431,-18.612954
-9.570725,7.919574,-18.612782
-10.571690,6.506904,-18.611659
-11.166806,4.937603,-18.614131
-11.380028,3.216419,-18.619344
-11.193971,1.552337,-18.619411
-10.724785,-0.049909,-18.613114
-10.137580,-1.562252,-18.616964
-9.251585,-2.887340,-18.618060
-8.194364,-4.030502,-18.610334
-7.168352,-5.188305,-18.609626
-5.958091,-6.045799,-18.618227
-4.559277,-6.723054,-18.619382
-3.155633,-7.206044,-18.614032
-1.637209,-7.512978,-18.610991
-0.153953,-7.616242,-18.610729
1.393394,-7.508518,-18.610850
2.881842,-7.096076,-18.611437
4.306236,-6.475552,-18.612053
5.639025,-5.693311,-18.614697
6.861041,-4.641225,-18.619077
7.850761,-3.446976,-18.617469
8.596136,-2.022616,-18.617663
9.066058,-0.476738,-18.618386
9.233389,1.060583,-18.618377
9.072059,2.602824,-18.617571
8.638446,4.090030,-18.612203
7.994252,5.430214,-18.613919
7.204301,6.615187,-18.616186
6.288405,7.707553,-18.614505
4.449792,7.771293,-21.610796
3.546611,8.536227,-21.617417
2.482970,9.159905,-21.611955
1.373651,9.570204,-21.612122
0.159753,9.795330,-21.617791
-1.023113,9.789133,-21.614189
-2.223812,9.513349,-21.613763
-3.338282,9.112763,-21.614438
-4.411221,8.614637,-21.611149
-5.420924,8.000550,-21.610816
-6.404178,7.256520,-21.618684
-7.333859,6.441977,-21.620103
-8.080453,5.410591,-21.619835
-8.637128,4.243660,-21.617815
-8.974582,2.963492,-21.612446
-8.930958,1.678425,-21.609726
-8.638774,0.381303,-21.615302
-8.184798,-0.827227,-21.618965
-7.437323,-1.854927,-21.613243
-6.607438,-2.767549,-21.610894
-5.906851,-3.781842,-21.619826
-4.977954,-4.587450,-21.614425
-3.893896,-5.185145,-21.612852
-2.691071,-5.622378,-21.613692
-1.477145,-5.839404,-21.612556
-0.244185,-5.836486,-21.615250
1.018099,-5.610318,-21.611426
2.173973,-5.185270,-21.611752
3.218485,-4.625851,-21.613428
4.219610,-3.910323,-21.611993
5.119417,-3.066703,-21.612129
5.884944,-2.160401,-21.615629
6.439261,-1.067446,-21.613000
6.860591,0.099394,-21.615091
7.123512,1.296110,-21.621277
7.102232,2.482905,-21.619600
6.887565,3.697606,-21.615792
6.473805,4.802811,-21.616724
5.915229,5.852220,-21.615552
5.257049,6.840357,-21.610641
3.110648,6.264132,-24.617926
2.441544,6.823741,-24.618602
1.643466,7.253646,-24.618747
0.806129,7.500978,-24.615868
-0.063548,7.540913,-24.611111
-0.920446,7.372924,-24.610921
-1.708665,7.087155,-24.616405
-2.420550,6.714542,-24.618881
-3.074849,6.304527,-24.614049
-3.696619,5.851373,-24.610412
-4.260725,5.375891,-24.613018
-4.864431,4.839064,-24.609849
-5.324538,4.188622,-24.615472
-5.740124,3.450533,-24.619403
-6.078471,2.656609,-24.614427
-6.134461,1.816257,-24.613418
-6.027965,0.948689,-24.611108
-5.719459,0.132889,-24.616842
-5.193213,-0.521941,-24.618611
-4.641828,-1.144497,-24.613992
-4.244838,-1.922995,-24.616591
-3.666431,-2.573132,-24.613224
-2.939586,-3.062001,-24.610924
-2.101550,-3.401817,-24.614173
-1.238106,-3.527337,-24.619150
-0.337741,-3.426012,-24.619272
0.488091,-3.148082,-24.611529
1.242225,-2.779923,-24.616017
1.908910,-2.331076,-24.620194
2.507805,-1.794107,-24.613844
3.040570,-1.236574,-24.609785
3.553419,-0.613795,-24.617315
3.880920,0.079037,-24.614797
4.188031,0.790902,-24.613386
4.472925,1.572557,-24.615308
4.554341,2.377005,-24.613611
4.525247,3.182138,-24.618450
4.326658,3.991753,-24.613479
4.020835,4.782414,-24.608820
3.628360,5.568933,-24.612862
-0.636642,2.055205,-27.614855
