20.764303,33.366744,28.575142
15.108321,35.954462,28.575142
8.959201,37.928466,28.575142
2.761927,38.400348,28.575142
-3.336688,37.093260,28.575142
-8.787469,34.571189,28.575142
-13.534307,31.274930,28.575142
-17.587039,27.471871,28.575142
-20.826335,23.517323,28.575142
-23.449447,19.391253,28.575142
-25.589849,14.995454,28.575142
-27.102733,10.816167,28.575142
-28.144975,6.724421,28.575142
-28.809795,2.329799,28.575142
-29.011080,-1.888116,28.575142
-28.744661,-6.324646,28.575142
-27.958376,-10.699726,28.575142
-26.623179,-14.940062,28.575142
-24.608753,-19.151296,28.575142
-21.967435,-23.000959,28.575142
-18.574812,-26.523603,28.575142
-14.660805,-29.456572,28.575142
-10.142936,-31.849833,28.575142
-5.307455,-33.512608,28.575142
-0.046873,-34.403635,28.575142
5.290126,-34.368181,28.575142
10.541449,-33.426531,28.575142
15.794129,-31.609720,28.575142
20.930371,-28.961070,28.575142
25.657372,-25.635133,28.575142
30.040882,-21.535620,28.575142
33.771252,-16.834107,28.575142
36.850047,-11.423561,28.575142
39.104414,-5.382547,28.575142
40.336702,1.172112,28.575142
40.338846,7.843172,28.575142
38.950404,14.600675,28.575143
36.091229,20.635904,28.575143
31.837198,25.869885,28.575143
26.789359,30.316560,25.568889
21.051187,33.752694,25.581343
15.126244,36.310754,25.576126
9.126232,38.087707,25.574571
2.931846,38.698874,25.582831
-3.235941,37.683329,25.578133
-9.063227,35.434521,25.572749
-13.965378,32.356029,25.579469
-18.295092,28.498423,25.579172
-21.723014,24.396561,25.573841
-24.437091,20.049271,25.578275
-26.508530,15.606517,25.574383
-27.972486,11.163055,25.574088
-28.888782,6.803391,25.576514
-29.363066,2.371726,25.575111
-29.418031,-1.860358,25.571165
-29.052609,-6.296125,25.570257
-28.328308,-10.710894,25.568645
-26.739174,-15.076543,25.574964
-24.604250,-19.023299,25.581138
-22.033912,-22.918166,25.574153
-18.340264,-26.121452,25.569166
-14.439658,-29.141837,25.568531
-10.174284,-31.467997,25.571646
-5.231016,-32.939821,25.573506
-0.184643,-33.769439,25.570688
5.160027,-33.611940,25.569915
10.428702,-32.653129,25.568947
15.496119,-30.961612,25.569309
20.477061,-28.460695,25.572669
25.259147,-25.191377,25.574457
29.553802,-21.302808,25.570133
33.391929,-16.669536,25.576341
36.594921,-11.314067,25.577242
38.967923,-5.301884,25.570252
40.282923,1.254021,25.571652
40.290230,7.944166,25.569043
38.866912,14.477460,25.571757
36.003872,20.538773,25.572406
31.875603,25.878173,25.567278
26.767914,30.268268,22.572256
21.112671,33.830592,22.572384
15.177579,36.343900,22.576723
9.156071,38.021514,22.572869
2.748570,38.667909,22.569491
-3.437910,37.827803,22.580656
-9.147628,35.926412,22.582055
-14.345430,32.923246,22.574438
-18.597247,29.319738,22.571309
-22.238075,25.114525,22.572696
-24.979570,20.789773,22.571364
-27.129391,16.143023,22.572195
-28.592065,11.470217,22.575256
-29.438097,6.874837,22.578940
-29.786705,2.435273,22.582409
-29.719992,-2.014221,22.582539
-29.246577,-6.433832,22.574192
-28.492115,-10.847206,22.567955
-26.876534,-14.946447,22.574112
-24.475291,-19.003691,22.579143
-21.835958,-22.837536,22.570249
-18.210508,-25.767789,22.572370
-14.330122,-28.818138,22.578945
-10.079702,-31.123526,22.580125
-5.092842,-32.473348,22.579776
-0.268883,-33.225259,22.579914
5.065888,-32.996615,22.572001
10.115393,-32.091220,22.576358
15.193932,-30.461321,22.579581
20.191272,-28.002993,22.572822
24.818110,-24.912413,22.569138
29.158777,-21.084399,22.571721
33.055053,-16.507968,22.570202
36.327618,-11.201871,22.573597
38.767508,-5.223949,22.578571
40.096772,1.096008,22.572046
40.133498,7.781465,22.570304
38.660799,14.291958,22.577955
35.664161,20.534603,22.582532
31.583932,25.891776,22.577780
26.525396,29.976059,19.568837
20.949003,33.599268,19.577371
15.049456,36.117659,19.577583
9.043921,37.716279,19.571721
2.882514,38.337078,19.571356
-3.292529,37.706891,19.577332
-9.046695,36.049672,19.576468
-14.323465,33.252450,19.570504
-18.820380,29.640941,19.568627
-22.520018,25.524843,19.569457
-25.409052,21.061926,19.569509
-27.547385,16.437895,19.576372
-28.980679,11.781445,19.574351
-29.812384,6.982556,19.570865
-30.091457,2.560487,19.571087
-29.931634,-2.085554,19.571350
-29.363023,-6.471640,19.579012
-28.529154,-10.846621,19.582575
-26.857862,-14.902479,19.576924
-24.357944,-18.866367,19.570118
-21.606471,-22.595879,19.569901
-18.028640,-25.550983,19.569058
-14.162695,-28.572963,19.573401
-9.886698,-30.789602,19.577963
-5.130262,-32.027771,19.576833
-0.102919,-32.749134,19.573123
4.983624,-32.493570,19.572966
10.008027,-31.600683,19.571376
15.066825,-29.996243,19.576522
19.855796,-27.679783,19.579457
24.485234,-24.644067,19.571661
28.832535,-20.868034,19.577624
32.741619,-16.342481,19.577991
36.031896,-11.084293,19.577434
38.486574,-5.147742,19.579306
39.812894,1.140016,19.573633
39.807365,7.793089,19.568762
38.238633,14.243655,19.572061
35.293623,20.229574,19.573635
31.261173,25.572370,19.569192
26.066767,29.446112,16.573077
20.565060,33.068572,16.578021
14.946849,35.550385,16.577594
8.785841,37.162514,16.577457
2.667727,37.714349,16.577984
-3.240481,37.232471,16.573399
-8.981497,35.741837,16.576167
-14.285216,33.112624,16.580981
-18.832760,29.653577,16.580015
-22.590954,25.659202,16.575723
-25.533094,21.289356,16.573808
-27.780493,16.525661,16.573689
-29.202856,11.912282,16.579415
-30.021810,7.155931,16.575777
-30.281684,2.554090,16.568088
-30.059586,-2.047184,16.573854
-29.413937,-6.382856,16.578586
-28.470308,-10.686072,16.583057
-26.694497,-14.907153,16.576159
-24.158011,-18.781929,16.568967
-21.281418,-22.369353,16.577843
-17.836847,-25.422363,16.578526
-14.150493,-28.224613,16.572611
-9.863371,-30.369914,16.568329
-5.171903,-31.616815,16.571570
-0.179750,-32.295593,16.579612
4.861535,-32.076189,16.580787
9.840874,-31.212056,16.572454
14.859599,-29.635454,16.566269
19.616009,-27.365971,16.571273
24.217754,-24.380481,16.579319
28.536036,-20.651563,16.575452
32.418397,-16.175056,16.579340
35.681926,-10.967389,16.577659
38.040066,-5.291359,16.569425
39.392284,1.154531,16.571916
39.321343,7.746750,16.572925
37.661728,14.110546,16.578996
34.768170,19.809266,16.581551
30.752272,25.082959,16.576135
25.402721,28.690979,13.578634
20.163639,32.154786,13.580878
14.456476,34.784307,13.571462
8.597440,36.319105,13.573737
2.548721,36.826096,13.580385
-3.284679,36.443875,13.571413
-8.966117,35.050601,13.577793
-14.065531,32.667758,13.577773
-18.652909,29.395131,13.575120
-22.470348,25.557633,13.575153
-25.583461,21.127754,13.569668
-27.762071,16.648204,13.567823
-29.269603,11.901624,13.574162
-30.098541,7.211488,13.579554
-30.357929,2.454667,13.581683
-30.088216,-2.083297,13.580711
-29.370445,-6.351151,13.569450
-28.222454,-10.757049,13.575705
-26.519237,-14.730253,13.577333
-24.032120,-18.543068,13.573161
-21.097743,-22.014802,13.582473
-17.837999,-25.185069,13.577279
-13.970307,-27.968601,13.575071
-9.657208,-29.982850,13.573719
-5.057890,-31.245695,13.569707
-0.333380,-31.844469,13.568448
4.644352,-31.706587,13.568124
9.771335,-30.845267,13.571834
14.523145,-29.360665,13.576639
19.422155,-27.054691,13.577839
23.967081,-24.114548,13.574398
28.228448,-20.435263,13.572997
32.051232,-16.011201,13.579466
35.252160,-10.860345,13.580768
37.609043,-5.038360,13.574398
38.822062,1.126569,13.574038
38.664414,7.629927,13.578597
36.997227,13.677600,13.573586
33.955012,19.447732,13.568324
30.055971,24.423614,13.572042
24.379773,27.858633,10.577259
19.383804,31.100431,10.581134
14.005320,33.691022,10.572762
8.270878,35.238284,10.571527
2.528986,35.700337,10.578466
-3.205955,35.413438,10.572936
-8.797908,34.096535,10.569058
-13.861377,31.860392,10.569559
-18.458982,28.781391,10.575917
-22.309540,25.109617,10.578340
-25.350675,21.005354,10.572585
-27.660211,16.450107,10.576881
-29.187776,11.800374,10.574276
-30.045139,7.198670,10.567824
-30.324160,2.526343,10.571591
-30.046860,-1.932956,10.581678
-29.240484,-6.327502,10.578117
-27.944018,-10.600631,10.577860
-26.154435,-14.702650,10.581399
-23.762279,-18.464056,10.579735
-20.844610,-21.855354,10.573510
-17.721390,-25.062301,10.570381
-13.833421,-27.629510,10.572896
-9.530787,-29.529817,10.579529
-5.049574,-30.834497,10.579188
-0.181976,-31.393891,10.569395
4.711982,-31.311532,10.570494
9.538594,-30.519473,10.578938
14.412644,-28.987827,10.579278
19.226332,-26.726113,10.571380
23.692296,-23.835610,10.569053
27.873534,-20.212510,10.572771
31.610204,-15.848068,10.576071
34.718856,-10.763658,10.576940
36.978453,-5.019726,10.574569
38.089667,1.053590,10.569795
37.823245,7.439856,10.569501
36.078786,13.354100,10.575993
32.977468,18.960564,10.579947
29.036206,23.760767,10.577599
23.367812,26.718195,7.569302
18.451304,29.843208,7.575803
13.411508,32.374742,7.579318
8.033407,33.916006,7.580813
2.408901,34.381956,7.581006
-3.203879,34.156188,7.577178
-8.477711,32.945033,7.574884
-13.487903,30.875708,7.578441
-17.917031,28.145287,7.576194
-21.822505,24.699289,7.568428
-25.051941,20.615479,7.568323
-27.394695,16.200667,7.571973
-28.959180,11.673392,7.577379
-29.862744,7.182146,7.574370
-30.180862,2.613172,7.572207
-29.890264,-1.958412,7.581739
-29.038754,-6.249535,7.575767
-27.614548,-10.375254,7.572267
-25.843059,-14.387761,7.577290
-23.639252,-18.143584,7.578188
-20.707566,-21.674696,7.573559
-17.673552,-24.847653,7.581757
-13.590834,-27.270411,7.573711
-9.526019,-28.977663,7.568789
-4.978817,-30.387129,7.571111
-0.204178,-30.894731,7.568239
4.586997,-30.895552,7.577529
9.512109,-30.098451,7.580779
14.278355,-28.572986,7.578568
18.805474,-26.463389,7.576819
23.356203,-23.529582,7.574532
27.438090,-19.972260,7.573280
31.069539,-15.679524,7.576014
34.063981,-10.675089,7.578610
36.202490,-5.025424,7.577638
37.192121,0.934831,7.574727
36.802514,7.176815,7.571434
34.980817,12.931565,7.572372
31.826997,18.346366,7.572248
27.999856,22.794506,7.569135
22.241999,25.456229,4.577330
17.592307,28.343211,4.575030
12.710591,30.873327,4.573284
7.495282,32.441370,4.574540
2.214924,32.909088,4.574001
-3.053602,32.744032,4.570130
-8.196225,31.591104,4.571551
-13.123784,29.681100,4.574079
-17.525325,27.169353,4.574026
-21.292023,24.075847,4.572555
-24.572356,20.205121,4.572386
-26.962787,15.961611,4.574402
-28.579865,11.582397,4.573254
-29.577193,7.022341,4.574936
-29.928988,2.573461,4.575736
-29.649400,-1.882380,4.569859
-28.729208,-6.254642,4.572998
-27.197557,-10.220153,4.569785
-25.437096,-14.115099,4.573474
-23.311456,-18.016828,4.582032
-20.536890,-21.529207,4.576306
-17.389996,-24.723543,4.573799
-13.476891,-26.776867,4.569783
-9.298553,-28.458600,4.569519
-4.889542,-29.873718,4.574366
-0.227873,-30.333348,4.577935
4.441988,-30.398602,4.579706
9.240848,-29.646985,4.577502
13.890484,-28.161807,4.571759
18.490903,-26.035666,4.569669
22.924911,-23.174421,4.573245
27.035788,-19.551846,4.570963
30.523850,-15.325525,4.578445
33.357628,-10.399188,4.581762
35.319172,-4.847975,4.574323
36.128767,0.983860,4.573307
35.605530,6.852250,4.580659
33.625014,12.607241,4.575751
30.523147,17.626879,4.570184
26.682815,21.862818,4.573754
21.041944,24.117858,1.580236
16.497796,26.867399,1.573283
11.947828,29.251040,1.568088
7.100631,30.804481,1.574037
1.985353,31.340511,1.582272
-3.126799,31.195992,1.577943
-7.925814,30.124385,1.574377
-12.567148,28.454776,1.578215
-16.928895,26.187874,1.577177
-20.695449,23.325705,1.571129
-24.004313,19.679884,1.570446
-26.431370,15.624553,1.567641
-28.096340,11.411082,1.573705
-29.185579,6.811715,1.577400
-29.568304,2.498241,1.576978
-29.282767,-2.022513,1.581859
-28.335360,-6.254563,1.576690
-26.740170,-10.058634,1.572400
-24.916070,-13.998153,1.571248
-22.942855,-17.834328,1.573271
-20.333653,-21.307423,1.578371
-17.214506,-24.345843,1.579469
-13.165028,-26.274236,1.574495
-9.097623,-27.863430,1.571294
-4.829089,-29.257199,1.569871
-0.300797,-29.677351,1.569200
4.231535,-29.783136,1.575787
9.080422,-29.033724,1.574533
13.591630,-27.582057,1.570852
18.058239,-25.527399,1.572108
22.363688,-22.754282,1.576429
26.349474,-19.234495,1.580642
29.818481,-14.948427,1.575480
32.481488,-10.118733,1.573331
34.262000,-4.689267,1.577293
34.885914,0.989659,1.575815
34.185503,6.662208,1.571107
32.196235,12.017531,1.572034
29.215522,16.667643,1.577128
25.268293,20.840533,1.581228
19.821105,22.763615,-1.419022
15.577334,25.296337,-1.418555
11.176288,27.577991,-1.420636
6.686715,29.083117,-1.424545
1.762213,29.704835,-1.426918
-2.989164,29.604857,-1.427373
-7.636069,28.620186,-1.429965
-12.155543,27.113226,-1.429488
-16.272224,25.153803,-1.425258
-20.159952,22.407382,-1.421142
-23.330838,19.120606,-1.422044
-25.788624,15.272698,-1.427383
-27.558164,11.062464,-1.423641
-28.645291,6.822727,-1.420907
-29.096182,2.472568,-1.424812
-28.848541,-1.896744,-1.424853
-27.885544,-6.170288,-1.421134
-26.208171,-9.993992,-1.424817
-24.494246,-13.608271,-1.423349
-22.557591,-17.518438,-1.419703
-20.090851,-20.909558,-1.426262
-16.854186,-23.882195,-1.424633
-12.891741,-25.658871,-1.422327
-8.957855,-27.166803,-1.419872
-4.830843,-28.512096,-1.421653
-0.265544,-28.917558,-1.429240
4.112477,-29.008734,-1.426371
8.796153,-28.278770,-1.423490
13.156527,-26.882480,-1.423470
17.645495,-24.821145,-1.421024
21.797419,-22.129969,-1.419610
25.627136,-18.705891,-1.429291
28.936073,-14.529991,-1.426875
31.426711,-9.820585,-1.425826
33.020574,-4.534054,-1.427651
33.473030,0.776099,-1.421626
32.661232,6.236351,-1.425934
30.637845,11.373530,-1.423477
27.683038,15.811317,-1.418288
23.941446,19.643020,-1.418146
18.634540,21.455580,-4.418420
14.543018,23.876335,-4.420582
10.437178,25.896115,-4.422198
6.113453,27.362804,-4.422480
1.587446,28.060217,-4.425490
-2.984213,27.988877,-4.431044
-7.291998,27.162549,-4.428148
-11.673144,25.833261,-4.424542
-15.684450,24.062006,-4.425085
-19.354854,21.647006,-4.424351
-22.635793,18.460025,-4.419589
-25.096268,14.823715,-4.422837
-26.885956,10.813773,-4.432080
-28.041337,6.576672,-4.427243
-28.514136,2.398161,-4.419076
-28.279350,-1.986622,-4.429970
-27.407175,-5.921001,-4.432206
-25.744654,-9.775027,-4.431254
-23.986160,-13.398719,-4.426902
-22.171646,-16.983839,-4.422790
-19.687495,-20.383783,-4.425503
-16.500201,-23.150904,-4.426872
-12.700115,-24.905094,-4.428962
-8.747371,-26.407974,-4.428417
-4.571027,-27.662348,-4.429007
-0.364232,-28.014624,-4.431179
4.027916,-28.046580,-4.421768
8.351657,-27.355691,-4.419476
12.721723,-25.974240,-4.417495
17.038129,-23.991195,-4.421000
21.028207,-21.400011,-4.431687
24.707269,-18.103143,-4.420431
27.852857,-14.060308,-4.423502
30.176414,-9.493663,-4.425025
31.598005,-4.378859,-4.418556
31.888860,0.737467,-4.423400
30.950518,5.961144,-4.427284
28.970414,10.689683,-4.425999
26.080670,14.922069,-4.422201
22.457216,18.577262,-4.419040
17.500294,20.214134,-7.426968
13.742864,22.456743,-7.428398
9.753603,24.232258,-7.425616
5.597059,25.616604,-7.420554
1.481507,26.412669,-7.421844
-2.895466,26.390634,-7.427041
-7.039767,25.723544,-7.420555
-11.091578,24.618233,-7.425214
-15.129036,22.942808,-7.430436
-18.688679,20.712302,-7.425309
-21.893296,17.733940,-7.423589
-24.331376,14.314575,-7.425798
-26.125334,10.517076,-7.428059
-27.326775,6.310367,-7.427628
-27.804289,2.316049,-7.423269
-27.619340,-1.879240,-7.419537
-26.786424,-5.820053,-7.426599
-25.265816,-9.536928,-7.427694
-23.472539,-13.142988,-7.426617
-21.509411,-16.652024,-7.426682
-19.006313,-19.803964,-7.421866
-15.863944,-22.325296,-7.418521
-12.266443,-24.110019,-7.424030
-8.497132,-25.552598,-7.427759
-4.625686,-26.595163,-7.426558
-0.436515,-26.957911,-7.426801
3.762445,-26.887180,-7.425478
7.899871,-26.207884,-7.420831
12.082847,-24.914642,-7.417455
16.219067,-23.029253,-7.418652
20.044481,-20.566649,-7.420291
23.563473,-17.413603,-7.417819
26.552257,-13.530599,-7.421685
28.715500,-9.134095,-7.427947
29.974640,-4.214776,-7.429687
30.138511,0.683437,-7.426211
29.118008,5.655668,-7.420078
27.124784,10.133286,-7.424814
24.425956,14.015012,-7.430035
21.116315,17.412777,-7.428588
16.375216,18.990512,-10.419330
12.814255,21.145678,-10.418803
8.941421,22.604149,-10.422190
5.123693,23.807714,-10.423094
1.262217,24.730288,-10.421491
-2.733566,24.755426,-10.421726
-6.695217,24.275726,-10.417740
-10.569352,23.345096,-10.423211
-14.436417,21.823073,-10.426148
-17.860294,19.777582,-10.423940
-20.970594,17.021067,-10.431622
-23.470457,13.702048,-10.430579
-25.305568,9.974260,-10.423592
-26.434362,6.147655,-10.422239
-26.932284,2.190990,-10.425036
-26.790861,-1.794980,-10.423682
-26.024100,-5.710499,-10.421521
-24.690175,-9.288111,-10.419938
-22.877180,-12.841992,-10.424635
-20.812440,-16.059290,-10.430048
-18.278925,-18.919189,-10.426551
-15.229386,-21.219770,-10.422552
-11.748278,-23.177705,-10.430616
-8.188317,-24.551646,-10.425807
-4.453090,-25.377970,-10.419166
-0.480849,-25.714621,-10.431709
3.501637,-25.516699,-10.431385
7.431318,-24.836911,-10.430272
11.407075,-23.634843,-10.423962
15.192857,-21.924460,-10.419341
18.971748,-19.505746,-10.427327
22.305545,-16.501209,-10.428036
25.116701,-12.790310,-10.419593
27.099047,-8.580656,-10.422983
28.157267,-4.043623,-10.429360
28.216524,0.610707,-10.423386
27.190828,5.151513,-10.430015
25.251561,9.382879,-10.430586
22.703005,13.079954,-10.425213
19.742823,16.245989,-10.421580
15.181987,17.698633,-13.429913
11.843185,19.761760,-13.424285
8.122513,20.889647,-13.425607
4.660487,21.902207,-13.429654
1.077944,22.943688,-13.426235
-2.685357,23.012468,-13.418152
-6.430916,22.709207,-13.423394
-10.095573,21.938280,-13.423747
-13.753648,20.545291,-13.421741
-16.999864,18.663943,-13.423035
-19.975238,16.125621,-13.421564
-22.405055,13.061637,-13.423068
-24.208413,9.591868,-13.419278
-25.352328,5.853196,-13.421739
-25.848093,1.974437,-13.425067
-25.742569,-1.776820,-13.417729
-25.086746,-5.470867,-13.427059
-23.919483,-9.041790,-13.432155
-22.188102,-12.364641,-13.425850
-19.927796,-15.369391,-13.423353
-17.356015,-17.878885,-13.430406
-14.288241,-20.030413,-13.430731
-11.254490,-22.002126,-13.428301
-7.791918,-23.343029,-13.427542
-4.217268,-23.940984,-13.427432
-0.644073,-24.255379,-13.426780
3.093041,-23.944796,-13.427407
6.792679,-23.281002,-13.425856
10.538666,-22.185079,-13.424550
14.243927,-20.505314,-13.427081
17.669957,-18.317019,-13.429229
20.810542,-15.492817,-13.424462
23.348664,-12.115756,-13.425843
25.187719,-8.140386,-13.426273
26.124387,-3.858929,-13.424993
26.091875,0.521724,-13.430117
25.049906,4.776924,-13.431740
23.244262,8.593339,-13.429170
20.868063,12.087719,-13.428586
18.158009,15.128458,-13.430805
13.862860,16.273758,-16.424687
10.905525,18.163449,-16.425964
7.405782,19.023664,-16.425221
4.043633,19.929476,-16.422939
0.901154,20.997397,-16.423177
-2.594292,21.101197,-16.427292
-6.083908,20.972409,-16.425142
-9.499608,20.353356,-16.425578
-12.912335,19.088961,-16.426840
-16.069193,17.303852,-16.421902
-18.859474,14.979374,-16.418037
-21.166581,12.175180,-16.428986
-22.891327,8.980005,-16.430213
-23.983185,5.518090,-16.423791
-24.465380,1.918516,-16.423693
-24.402420,-1.709893,-16.425753
-23.847588,-5.292714,-16.418256
-22.914194,-8.665534,-16.423992
-21.208103,-11.845856,-16.424009
-18.874526,-14.456405,-16.420846
-16.196881,-16.677338,-16.430757
-13.412282,-18.507653,-16.424483
-10.583796,-20.608224,-16.419567
-7.407539,-21.833191,-16.423849
-4.040166,-22.229359,-16.430081
-0.585804,-22.521120,-16.430381
2.726482,-22.113641,-16.425067
6.159155,-21.464321,-16.429802
9.640767,-20.470793,-16.427514
12.954746,-18.979463,-16.420737
16.144471,-16.962055,-16.424647
19.066017,-14.345928,-16.421877
21.411273,-11.201111,-16.420180
23.068973,-7.487840,-16.421670
23.839733,-3.639374,-16.424175
23.742722,0.426788,-16.426473
22.764214,4.225575,-16.424974
21.065245,7.757455,-16.420327
18.975948,10.904253,-16.418437
16.551080,13.798911,-16.421215
12.320853,14.608491,-19.425942
9.646722,16.361090,-19.428104
6.433395,16.988492,-19.426997
3.503425,17.716279,-19.428277
0.554358,18.824483,-19.428186
-2.492653,18.950341,-19.420751
-5.668430,18.945917,-19.425952
-8.781990,18.458013,-19.428901
-11.898772,17.338661,-19.423483
-14.786156,15.751535,-19.420269
-17.357477,13.681249,-19.424781
-19.602176,11.083706,-19.426675
-21.213373,8.203503,-19.428180
-22.248847,4.932762,-19.430621
-22.684030,1.658771,-19.427069
-22.661777,-1.638873,-19.419483
-22.227133,-4.901414,-19.426056
-21.502546,-8.151487,-19.426732
-19.864044,-11.114782,-19.426175
-17.434426,-13.394732,-19.427400
-14.856259,-15.219166,-19.423484
-12.276838,-16.808054,-19.423073
-9.887556,-18.760018,-19.428007
-6.931257,-19.938969,-19.428509
-3.839503,-20.189913,-19.421777
-0.704761,-20.453394,-19.419487
2.291163,-19.981533,-19.429215
5.410974,-19.376774,-19.429739
8.454188,-18.539693,-19.426374
11.473329,-17.194026,-19.423959
14.384518,-15.380529,-19.419455
17.044846,-13.007805,-19.421792
19.161576,-10.137712,-19.427750
20.585170,-6.869515,-19.430282
21.253423,-3.231355,-19.429592
21.098295,0.330666,-19.428610
20.158842,3.770156,-19.424448
18.644439,6.848320,-19.424378
16.764562,9.718641,-19.425762
14.705318,12.291232,-19.425421
10.540631,12.509316,-22.421205
8.225522,14.103954,-22.421077
5.411489,14.648885,-22.420182
2.838366,15.258786,-22.424964
0.264714,16.272956,-22.428442
-2.406193,16.421598,-22.419875
-5.191207,16.477333,-22.426231
-7.927696,16.087583,-22.428104
-10.562766,15.171055,-22.425466
-13.214290,13.755359,-22.424974
-15.501294,11.979387,-22.422404
-17.520970,9.745257,-22.423522
-19.026972,7.138112,-22.425388
-19.914444,4.384105,-22.427744
-20.322071,1.397828,-22.427830
-20.331686,-1.494490,-22.424864
-20.001685,-4.476061,-22.428068
-19.497429,-7.368836,-22.423535
-18.007237,-10.039808,-22.418876
-15.735475,-11.905269,-22.422031
-13.289373,-13.432387,-22.424762
-10.895836,-14.834608,-22.422493
-8.816765,-16.576156,-22.419723
-6.214206,-17.544203,-22.422955
-3.491043,-17.709295,-22.424462
-0.857606,-17.922081,-22.418827
1.765267,-17.480889,-22.418199
4.501301,-16.945094,-22.424532
7.173867,-16.222543,-22.425611
9.824343,-15.046614,-22.421693
12.378046,-13.455798,-22.422429
14.632137,-11.458692,-22.424038
16.495769,-8.945750,-22.423897
17.724894,-6.070518,-22.423260
18.252351,-2.985714,-22.425955
18.079685,0.137104,-22.429640
17.231103,3.146858,-22.424876
15.894400,5.843736,-22.426611
14.314524,8.265594,-22.428964
12.523625,10.530039,-22.425098
8.196896,10.002253,-25.423731
6.302654,11.320668,-25.428725
4.100802,11.841580,-25.423794
1.987164,12.393275,-25.421151
-0.048642,13.173390,-25.425168
-2.240562,13.332941,-25.424142
-4.531128,13.389845,-25.424836
-6.785941,13.088411,-25.424375
-9.049232,12.323475,-25.422169
-11.155734,11.220835,-25.422434
-13.060169,9.790617,-25.424717
-14.767107,7.994008,-25.421554
-16.043401,5.872833,-25.424625
-16.820898,3.521759,-25.424375
-17.165504,1.066842,-25.421668
-17.187948,-1.406873,-25.426883
-16.972969,-3.863761,-25.423154
-16.629814,-6.361566,-25.422064
-15.392058,-8.531477,-25.423768
-13.372706,-10.049423,-25.422486
-11.237085,-11.277919,-25.422709
-9.321050,-12.332825,-25.428747
-7.552058,-13.681650,-25.424385
-5.385273,-14.454489,-25.422060
-3.154021,-14.601289,-25.423351
-0.984577,-14.752425,-25.421159
1.175562,-14.399645,-25.425067
3.336551,-14.001544,-25.424567
5.538561,-13.422780,-25.426483
7.723542,-12.464807,-25.428401
9.837153,-11.177849,-25.422229
11.705461,-9.551291,-25.422929
13.247843,-7.489956,-25.422632
14.244917,-5.120092,-25.424633
14.644289,-2.575643,-25.428948
14.466859,-0.009432,-25.428097
13.735229,2.455322,-25.425930
12.635879,4.676389,-25.422979
11.321586,6.654939,-25.420588
9.860345,8.404775,-25.420474
5.154788,6.645229,-28.422570
3.830674,7.585688,-28.427648
2.404461,8.160012,-28.426670
0.989104,8.619629,-28.424666
-0.481106,9.089700,-28.425308
-2.090843,9.254784,-28.422925
-3.641240,9.242628,-28.424881
-5.239858,9.015584,-28.422865
-6.843284,8.499786,-28.422095
-8.339430,7.726636,-28.426526
-9.753452,6.693712,-28.427759
-10.970256,5.432976,-28.427916
-11.881187,3.936004,-28.426622
-12.424372,2.272993,-28.426536
-12.670192,0.535409,-28.424897
-12.720668,-1.212361,-28.421687
-12.605428,-2.952461,-28.427471
-12.427483,-4.799713,-28.426776
-11.576891,-6.337431,-28.426015
-10.079823,-7.443809,-28.428575
-8.568993,-8.307915,-28.427528
-7.139055,-9.058452,-28.425545
-5.766584,-9.794010,-28.425721
-4.234373,-10.258569,-28.423527
-2.684920,-10.437415,-28.422682
-1.209217,-10.506747,-28.425489
0.330108,-10.343156,-28.424146
1.929154,-10.088969,-28.422861
3.486586,-9.671426,-28.425879
4.973360,-9.030612,-28.427742
6.477395,-8.135060,-28.425034
7.861375,-6.954745,-28.427408
8.965085,-5.505147,-28.424070
9.666294,-3.828551,-28.422830
9.921094,-2.023502,-28.426387
9.760853,-0.211271,-28.425328
9.210375,1.520639,-28.423955
8.457220,3.031173,-28.425377
7.454086,4.458826,-28.425382
6.339039,5.627292,-28.422618
-1.709573,-0.620466,-31.424858
11.132977,23.377511,28.575142
7.192157,24.638677,28.575142
3.221326,25.193439,28.575142
-0.657511,25.143336,28.575142
-4.360939,24.556878,28.575142
-7.816019,23.473228,28.575142
-10.941015,21.915297,28.575142
-13.638615,19.905713,28.575142
-15.871149,17.390997,28.575142
-17.437752,14.561283,28.575142
-18.401135,11.610665,28.575142
-18.875339,8.675214,28.575142
-18.967065,5.961806,28.575142
-18.777896,3.383522,28.575142
-18.363661,0.962869,28.575142
-17.728583,-1.409355,28.575142
-16.974707,-3.473298,28.575142
-15.982818,-5.577807,28.575142
-14.785590,-7.572756,28.575142
-13.375074,-9.423338,28.575142
-11.647052,-11.168963,28.575142
-9.783504,-12.563145,28.575142
-7.494085,-13.764793,28.575142
-5.167752,-14.555624,28.575142
-2.497829,-15.047240,28.575142
0.085066,-15.166753,28.575142
2.919942,-14.937477,28.575142
5.704893,-14.360255,28.575142
8.642500,-13.361839,28.575142
11.543163,-11.935683,28.575142
14.328426,-10.053049,28.575142
16.982471,-7.589357,28.575142
19.242513,-4.596825,28.575142
20.977840,-1.125311,28.575142
22.076361,2.731525,28.575142
22.405304,6.859491,28.575142
21.831546,10.954736,28.575142
20.273920,14.956600,28.575142
17.909156,18.425119,28.575142
17.585718,24.401128,25.976684
13.339095,26.844664,25.980275
8.674851,27.974720,25.973908
4.045649,28.107282,25.973882
-0.299391,27.555041,25.978932
-4.404065,26.484727,25.971606
-8.029444,24.849820,25.976841
-11.216030,22.695509,25.975306
-13.830389,20.250903,25.969708
-15.969018,17.546273,25.970124
-17.579468,14.647268,25.969288
-18.572174,11.627268,25.973227
-19.062498,8.749125,25.978499
-19.181148,5.969353,25.979521
-18.976864,3.326605,25.978106
-18.587847,0.974240,25.978627
-17.997773,-1.346962,25.973338
-16.996803,-3.491421,25.971104
-15.907232,-5.499170,25.970885
-14.447897,-7.325767,25.970311
-12.536467,-8.550099,25.973675
-11.001510,-10.017735,25.974291
-9.152711,-11.272976,25.970841
-7.195401,-12.471371,25.974243
-5.015863,-13.246927,25.978940
-2.567262,-13.285115,25.975007
-0.352336,-12.950036,25.972895
1.479325,-11.184580,25.980468
3.676603,-10.647297,25.979323
6.372276,-10.422409,25.977468
8.683039,-9.377451,25.979297
11.011474,-7.854317,25.975086
12.863134,-5.756886,25.974938
16.089264,-3.781232,25.977869
20.708373,-1.124825,25.980647
22.507918,2.689296,25.979457
23.396836,7.116056,25.973403
23.245714,11.576273,25.976351
22.301532,16.104996,25.979872
20.559892,20.554692,25.977726
18.774243,25.648542,23.370571
14.329544,28.372657,23.371412
9.363060,29.534493,23.376857
4.428415,29.479478,23.379394
-0.167372,28.649416,23.376928
-4.473875,27.252520,23.374680
-8.101207,25.308749,23.371742
-11.243497,22.862627,23.370300
-13.792938,20.178051,23.371538
-15.817152,17.407087,23.375331
-17.407170,14.521488,23.379073
-18.403735,11.532007,23.374025
-18.920298,8.692715,23.374183
-19.072023,5.955812,23.376290
-18.892134,3.355442,23.372834
-18.518981,0.916162,23.371617
-17.957428,-1.356770,23.371146
-16.875364,-3.558462,23.372826
-15.759790,-5.466332,23.378840
-14.415566,-7.345001,23.378616
-12.773266,-8.814685,23.370640
-11.226827,-10.376586,23.379329
-9.354294,-11.736801,23.377091
-7.377227,-13.052301,23.375654
-5.032038,-13.982323,23.379186
-2.627749,-14.135233,23.376052
-0.182799,-13.813216,23.372316
1.601470,-11.333605,23.379373
3.676360,-10.779429,23.375393
6.357286,-10.542173,23.372902
8.653738,-9.264188,23.378730
10.706001,-7.662856,23.379228
12.279952,-5.542964,23.378745
15.578898,-3.629970,23.374520
21.281066,-1.197232,23.371405
23.181517,2.774308,23.377085
24.237641,7.185240,23.377828
24.278976,11.929871,23.377448
23.442336,16.790552,23.376093
21.735055,21.575853,23.373038
18.699544,25.734759,20.780137
14.314324,28.255935,20.773240
9.365864,29.342679,20.774548
4.315363,29.219432,20.779365
-0.225074,28.297891,20.778853
-4.448246,26.773576,20.776484
-8.001921,24.792258,20.779864
-11.084848,22.352575,20.775626
-13.550712,19.668256,20.770266
-15.472520,16.900600,20.771231
-16.993181,14.053189,20.771361
-17.929233,11.263560,20.772913
-18.467474,8.504889,20.771811
-18.656185,5.849065,20.774584
-18.523174,3.326901,20.779711
-18.206219,0.964446,20.774643
-17.658628,-1.361931,20.780130
-16.745593,-3.404087,20.774512
-15.635280,-5.358548,20.772396
-14.578825,-7.338804,20.782209
-13.369084,-9.392509,20.779209
-11.817938,-11.203996,20.775798
-9.929783,-12.878535,20.775567
-7.785283,-14.475496,20.776893
-5.189498,-15.832145,20.775537
-2.469169,-16.598829,20.773395
0.471671,-16.814483,20.776689
3.271389,-15.950602,20.778809
6.254021,-15.104276,20.774314
9.284225,-14.072983,20.771269
12.037226,-12.349776,20.773137
14.623166,-10.195972,20.772573
16.866815,-7.510154,20.774483
19.435897,-4.712883,20.778448
22.247955,-1.256023,20.776843
23.938631,2.781580,20.768949
24.947619,7.307425,20.768164
24.969713,12.189067,20.775859
23.971571,17.095686,20.783143
21.994234,21.728015,20.784526
18.007737,24.957807,18.169810
13.603238,27.055879,18.177589
8.654618,27.851574,18.176717
3.926655,27.619113,18.171785
-0.407927,26.685624,18.172515
-4.281019,25.190056,18.175955
-7.712151,23.407596,18.173064
-10.629475,21.331356,18.174421
-13.025370,18.873069,18.174803
-14.889854,16.155752,18.170168
-16.276100,13.487319,18.172092
-17.200474,10.781254,18.175096
-17.756151,8.115085,18.179633
-17.971308,5.693978,18.179691
-17.900540,3.261048,18.174702
-17.652361,0.985028,18.175878
-17.172011,-1.255408,18.175963
-16.434452,-3.269135,18.175999
-15.464117,-5.344393,18.173473
-14.595499,-7.465650,18.168862
-13.701850,-9.724346,18.169463
-12.159007,-11.783456,18.173529
-10.276300,-13.759778,18.171597
-8.079269,-15.575536,18.170511
-5.396790,-17.252901,18.172774
-2.387499,-18.555825,18.175142
0.982303,-19.230365,18.179370
4.719312,-19.606385,18.176634
8.296567,-18.807721,18.174866
11.650737,-17.086742,18.176772
14.859321,-14.977486,18.178237
17.887552,-12.356159,18.178333
20.878615,-9.362179,18.179132
22.375040,-5.468018,18.181015
23.206558,-1.360355,18.177529
24.721490,2.805850,18.170921
25.509060,7.467317,18.175671
25.342264,12.332001,18.173874
24.076737,17.085189,18.167757
21.633485,21.429521,18.165844
16.989143,23.838874,15.580151
12.415221,25.445206,15.580676
7.742337,25.806760,15.576038
3.337630,25.407507,15.576530
-0.661962,24.437794,15.577688
-4.200919,22.947436,15.571772
-7.291858,21.497760,15.577687
-10.091380,19.801405,15.576787
-12.383532,17.677084,15.572458
-14.101745,15.229259,15.574902
-15.382686,12.689417,15.574724
-16.267555,10.138434,15.578571
-16.800103,7.778698,15.575816
-17.069737,5.378239,15.573700
-17.075543,3.102743,15.577771
-16.903552,0.976995,15.572343
-16.517378,-1.119439,15.575323
-15.966948,-3.180776,15.577565
-15.301950,-5.204824,15.574233
-14.561968,-7.359263,15.572320
-13.635912,-9.741210,15.574407
-12.226978,-11.875468,15.573602
-10.418175,-14.082310,15.575133
-8.225783,-16.086700,15.573650
-5.521095,-17.961323,15.571006
-2.366491,-19.559189,15.574333
1.220292,-20.452656,15.576640
5.199399,-21.189925,15.573519
9.138482,-20.421586,15.571700
12.700585,-18.471483,15.574663
16.103111,-16.206206,15.576433
19.300434,-13.394959,15.572636
22.609341,-10.095326,15.575569
23.884564,-5.923827,15.580225
24.271608,-1.463597,15.576532
25.424718,2.929610,15.569468
25.853118,7.604290,15.572816
25.414168,12.431590,15.571305
23.770334,17.006613,15.570198
20.915261,20.872502,15.574894
15.949495,22.713359,12.978033
11.381604,23.901336,12.978898
6.817417,23.969764,12.975431
2.692730,23.389270,12.976967
-0.895768,22.359847,12.979761
-4.175761,20.873734,12.974795
-6.910229,19.534585,12.973950
-9.444608,18.093999,12.975238
-11.568631,16.326180,12.978008
-13.211921,14.089805,12.980518
-14.373381,11.728744,12.977418
-15.164082,9.511472,12.978953
-15.727267,7.225892,12.976518
-16.017922,5.169599,12.974505
-16.118298,3.095020,12.979179
-16.034603,1.019527,12.976904
-15.763892,-0.898896,12.975724
-15.428237,-2.948411,12.972040
-15.006735,-5.123860,12.972578
-14.340973,-7.235182,12.979207
-13.341058,-9.367447,12.979191
-12.031950,-11.648487,12.974566
-10.342331,-14.020071,12.971331
-8.193383,-16.165138,12.971780
-5.505404,-18.150347,12.973361
-2.324631,-19.802032,12.973126
1.299753,-20.722765,12.971844
5.319400,-21.354316,12.972359
9.308086,-20.548835,12.972639
12.925954,-18.664502,12.971420
16.390461,-16.424041,12.972528
19.739849,-13.526363,12.979070
22.869224,-10.282988,12.980369
24.513715,-6.148055,12.973066
25.159260,-1.553916,12.972398
25.905995,2.933862,12.979889
25.946916,7.642010,12.973167
25.202411,12.309232,12.969909
23.271247,16.616753,12.972224
20.050365,20.202959,12.975289
15.234442,21.773474,10.377111
10.663906,22.780918,10.372175
6.383072,22.769736,10.369600
2.435033,22.092466,10.375223
-1.119848,20.924026,10.379208
-4.137465,19.493025,10.373893
-6.640589,17.959769,10.375830
-8.852755,16.453045,10.377132
-10.776589,14.803977,10.377300
-12.234334,12.887488,10.378091
-13.299787,10.732909,10.373404
-14.042032,8.727277,10.373715
-14.566680,6.795406,10.372247
-14.915204,4.821914,10.371146
-15.098047,2.961488,10.376493
-15.106437,1.091682,10.376544
-14.948827,-0.771707,10.378345
-14.797276,-2.765719,10.378889
-14.605038,-4.768379,10.375923
-13.944824,-6.927872,10.373431
-12.825320,-8.909755,10.375511
-11.700601,-11.183996,10.379947
-10.218071,-13.564778,10.373079
-8.147510,-15.832314,10.370900
-5.498499,-17.881264,10.376533
-2.403556,-19.442062,10.374705
1.237131,-20.303605,10.370412
4.990293,-20.616064,10.371118
8.882195,-19.831622,10.371269
12.430756,-18.205987,10.371885
15.965000,-16.070892,10.375542
19.261153,-13.348970,10.377503
22.329561,-9.979608,10.380040
24.491109,-6.005183,10.375257
25.673924,-1.601211,10.370309
26.085080,2.918727,10.373863
25.743646,7.581533,10.376935
24.639561,12.131169,10.373057
22.500986,16.171358,10.371406
19.252066,19.499592,10.375235
14.465832,20.978228,7.778615
10.080604,21.872076,7.771911
5.962809,21.858373,7.772897
2.084674,21.107064,7.778044
-1.173491,19.923742,7.779953
-4.059639,18.536880,7.780435
-6.397218,16.761800,7.780469
-8.293265,15.034842,7.774270
-9.925823,13.410056,7.772279
-11.267280,11.696447,7.778933
-12.261983,9.763774,7.776419
-12.965480,7.974595,7.779718
-13.473864,6.259519,7.776113
-13.846551,4.505797,7.769680
-14.103653,2.862885,7.777216
-14.196351,1.074145,7.780781
-14.160884,-0.590156,7.777273
-14.141892,-2.504467,7.772108
-14.039866,-4.563618,7.771088
-13.432138,-6.500594,7.772922
-12.354906,-8.249525,7.773275
-11.334716,-10.596239,7.772058
-9.956998,-13.048111,7.772029
-7.952823,-15.385709,7.775160
-5.435283,-17.357640,7.776587
-2.414634,-18.763718,7.774013
0.971896,-19.465235,7.773268
4.557370,-19.425813,7.773278
8.192941,-18.671003,7.775964
11.770536,-17.279457,7.778853
15.225914,-15.320726,7.779274
18.440515,-12.777061,7.779434
21.180223,-9.585116,7.778368
23.803243,-5.896825,7.777552
25.571796,-1.702534,7.779096
25.791100,2.938357,7.779190
25.159329,7.376153,7.772498
23.729591,11.741030,7.770056
21.409508,15.648096,7.773898
18.274568,18.822636,7.778653
13.492381,19.955088,5.170092
9.331690,20.770942,5.175327
5.415926,20.750257,5.177463
1.749477,20.011380,5.178990
-1.330833,18.849451,5.178299
-3.958853,17.580507,5.173347
-6.192213,15.726405,5.178611
-7.858606,13.785634,5.178077
-9.235726,12.090354,5.174567
-10.426027,10.555658,5.175761
-11.303209,8.962025,5.171680
-11.974140,7.396952,5.168256
-12.508205,5.786272,5.173388
-12.899830,4.256067,5.180197
-13.227134,2.712877,5.178315
-13.380489,1.142672,5.175293
-13.452378,-0.434866,5.171254
-13.525649,-2.251621,5.176796
-13.445023,-4.201077,5.178106
-12.884574,-6.049926,5.169658
-11.877178,-7.855438,5.174252
-10.994858,-10.117915,5.178932
-9.664926,-12.566888,5.171917
-7.797762,-14.823928,5.175059
-5.306699,-16.740603,5.177428
-2.377349,-17.958174,5.170703
0.859340,-18.495506,5.180337
4.108869,-18.144624,5.175428
7.448119,-17.423276,5.175747
11.001517,-16.237919,5.176661
14.321984,-14.431247,5.170844
17.400001,-12.053999,5.177625
19.911256,-8.961940,5.176314
22.581867,-5.578577,5.175060
24.625591,-1.549052,5.176914
24.777527,2.883662,5.176252
23.989148,7.189042,5.177996
22.363938,11.216493,5.179635
20.008014,14.857892,5.176985
17.145611,17.811799,5.171873
11.900576,18.236136,2.578283
8.120366,18.916420,2.573638
4.598525,18.851472,2.573120
1.371847,18.303498,2.575092
-1.539214,17.369100,2.575792
-3.892070,16.257110,2.576148
-5.976354,14.688631,2.575846
-7.448887,12.831407,2.573247
-8.638544,11.041418,2.573146
-9.680419,9.702427,2.576380
-10.562128,8.255191,2.575202
-11.241618,6.822374,2.576228
-11.744374,5.443215,2.577419
-12.158868,4.031394,2.578476
-12.532958,2.610305,2.579912
-12.733475,1.154455,2.570851
-12.895931,-0.420583,2.577160
-13.006160,-2.001461,2.582455
-12.887470,-3.805105,2.578208
-12.383231,-5.661338,2.575796
-11.634477,-7.554361,2.575145
-10.783632,-9.772510,2.578165
-9.527066,-12.044181,2.572346
-7.645438,-14.324298,2.575678
-5.292557,-16.061619,2.580818
-2.418619,-17.148745,2.572947
0.610814,-17.558027,2.571283
3.724730,-17.053779,2.575449
6.941880,-16.336890,2.579615
10.164887,-15.338680,2.579884
13.366516,-13.613493,2.575690
16.309405,-11.313255,2.572014
18.612748,-8.400054,2.577400
20.876443,-5.100884,2.575899
22.535975,-1.316432,2.571052
22.752278,2.787908,2.574168
22.028677,6.801796,2.574224
20.405063,10.512228,2.572715
18.140794,13.710493,2.574116
15.281424,16.416702,2.577690
9.718959,15.847217,-0.022652
6.430412,16.388395,-0.028647
3.432581,16.282690,-0.024642
0.730832,16.013735,-0.019547
-1.712250,15.580826,-0.020383
-3.893369,14.619324,-0.022381
-5.734344,13.580759,-0.025799
-7.178080,12.009919,-0.023639
-8.192236,10.298488,-0.020860
-9.221979,8.995384,-0.025071
-10.037785,7.793151,-0.026968
-10.723776,6.509466,-0.028836
-11.233750,5.261330,-0.024931
-11.687467,3.879194,-0.018895
-12.069576,2.584989,-0.024840
-12.311536,1.152241,-0.026773
-12.511090,-0.287459,-0.025784
-12.629306,-1.948296,-0.029320
-12.424358,-3.591118,-0.026659
-12.000422,-5.307973,-0.019582
-11.531089,-7.435618,-0.025791
-10.669621,-9.551997,-0.020876
-9.329426,-11.777101,-0.026095
-7.554503,-13.822162,-0.030777
-5.162686,-15.455070,-0.029497
-2.493776,-16.366458,-0.029246
0.502067,-16.686857,-0.026875
3.355743,-16.179228,-0.029319
6.404680,-15.477254,-0.024505
9.554151,-14.464217,-0.020808
12.460086,-12.827972,-0.025811
15.196583,-10.595530,-0.026023
17.378291,-7.812399,-0.023819
18.859979,-4.498912,-0.026755
19.708402,-0.952298,-0.029298
19.993445,2.668071,-0.026636
19.452696,6.267224,-0.025714
18.040457,9.623557,-0.024601
15.833312,12.397765,-0.022119
12.938733,14.515789,-0.020222
7.748592,13.682676,-2.624331
4.994302,14.143584,-2.625217
2.339031,14.054148,-2.624105
0.120938,13.957366,-2.623851
-1.872330,13.829835,-2.623558
-3.828060,13.076491,-2.620569
-5.486731,12.468895,-2.623602
-6.949278,11.351966,-2.623544
-7.977151,9.811510,-2.622902
-8.902165,8.716940,-2.629459
-9.778951,7.582500,-2.628048
-10.520066,6.351502,-2.622812
-11.066144,5.129471,-2.621849
-11.509555,3.864349,-2.624000
-11.893016,2.580977,-2.625329
-12.146971,1.168983,-2.628179
-12.350994,-0.251852,-2.628489
-12.430704,-1.783833,-2.626489
-12.160729,-3.384913,-2.621564
-11.744870,-5.152242,-2.620580
-11.488128,-7.431033,-2.630959
-10.564717,-9.430817,-2.621197
-9.234010,-11.431495,-2.621211
-7.395386,-13.376037,-2.629039
-5.118812,-14.785831,-2.627365
-2.551865,-15.587143,-2.621854
0.309653,-15.836446,-2.624103
3.046526,-15.410314,-2.621930
5.940358,-14.717387,-2.623714
8.907534,-13.651454,-2.626500
11.611063,-12.018570,-2.625343
14.055838,-9.872604,-2.625704
16.121735,-7.172388,-2.622256
16.808480,-3.968054,-2.620538
16.936817,-0.678313,-2.620986
17.242937,2.548649,-2.621605
16.856335,5.685571,-2.623497
15.663128,8.746950,-2.622995
13.556910,11.162230,-2.622175
10.680477,12.765128,-2.622961
6.516570,12.336930,-5.227163
4.129663,12.778789,-5.228884
1.824647,12.823396,-5.225322
-0.241460,12.704384,-5.224774
-2.096903,12.463760,-5.227245
-3.701882,11.917847,-5.223443
-5.254505,11.453581,-5.226503
-6.701315,10.792179,-5.230677
-7.919350,9.723253,-5.228022
-8.892659,8.677541,-5.224055
-9.819791,7.588620,-5.220936
-10.615239,6.401001,-5.217534
-11.200154,5.193840,-5.220966
-11.657484,3.933321,-5.227383
-12.024759,2.551302,-5.223785
-12.247601,1.229613,-5.225864
-12.420556,-0.280404,-5.226555
-12.414632,-1.801273,-5.224049
-12.070261,-3.372988,-5.220767
-11.665640,-5.108776,-5.218075
-11.472155,-7.330967,-5.220912
-10.483267,-9.234366,-5.226396
-9.089876,-11.114860,-5.225292
-7.280609,-12.828055,-5.222217
-5.090707,-14.052622,-5.223892
-2.507104,-14.780034,-5.226993
0.080579,-14.961524,-5.226084
2.832288,-14.641063,-5.226267
5.521427,-13.961579,-5.228521
8.247211,-12.825610,-5.228748
10.706993,-11.208354,-5.226472
12.897928,-9.101014,-5.226200
14.692515,-6.574241,-5.227139
15.092870,-3.470681,-5.225843
14.976710,-0.485613,-5.225418
15.170576,2.448241,-5.226235
14.781307,5.283724,-5.224087
13.738055,7.984073,-5.224348
11.827833,10.152749,-5.225449
9.186589,11.542193,-5.225837
5.762081,11.521349,-7.827219
3.613576,12.000537,-7.823071
1.511706,12.210019,-7.825481
-0.419569,12.042661,-7.825318
-2.142154,11.607432,-7.819644
-3.688016,11.171056,-7.820102
-5.113304,10.651816,-7.821533
-6.517353,10.300590,-7.826827
-7.956375,9.892491,-7.829743
-9.061577,8.834032,-7.818736
-10.040778,7.769055,-7.822237
-10.888273,6.622171,-7.824580
-11.548846,5.340368,-7.821429
-12.032457,3.990542,-7.822468
-12.332732,2.585690,-7.826573
-12.534885,1.164025,-7.828086
-12.623635,-0.269385,-7.827215
-12.500064,-1.869571,-7.827106
-12.097160,-3.423983,-7.824181
-11.692933,-5.062602,-7.821436
-11.379339,-7.229884,-7.828073
-10.291107,-9.040775,-7.823844
-8.877477,-10.741373,-7.822297
-7.132011,-12.187332,-7.826037
-4.925517,-13.277264,-7.823966
-2.554752,-13.878885,-7.820813
-0.106827,-14.019977,-7.828993
2.509953,-13.832305,-7.827674
5.112146,-13.124477,-7.824977
7.550230,-11.934092,-7.822650
9.737437,-10.355188,-7.821518
11.699124,-8.253255,-7.826796
13.175644,-5.858669,-7.828269
13.719026,-3.076137,-7.824024
13.753129,-0.346066,-7.823585
13.704773,2.345869,-7.828257
13.169792,4.996533,-7.828718
12.184535,7.358139,-7.828235
10.445442,9.375352,-7.828901
8.150809,10.702128,-7.829462
5.198571,10.917272,-10.424304
3.274373,11.463620,-10.421504
1.363011,11.824201,-10.420436
-0.529083,11.682786,-10.425777
-2.215434,11.138066,-10.430323
-3.705701,10.821436,-10.425151
-5.052353,10.263261,-10.425477
-6.453026,10.043223,-10.428649
-8.094582,10.073962,-10.427281
-9.278489,9.071990,-10.425551
-10.311047,8.036004,-10.426601
-11.239456,6.853525,-10.423701
-11.965937,5.501675,-10.421714
-12.438689,4.143864,-10.423871
-12.679251,2.638548,-10.423058
-12.839488,1.204087,-10.422373
-12.840988,-0.317872,-10.422127
-12.586757,-1.900668,-10.420324
-12.152294,-3.442993,-10.422372
-11.694520,-5.149644,-10.425525
-11.166393,-6.992903,-10.422169
-10.037401,-8.648853,-10.429349
-8.615456,-10.187281,-10.424407
-6.869611,-11.445613,-10.420235
-4.878045,-12.322175,-10.423918
-2.621644,-12.851777,-10.428781
-0.297565,-12.971748,-10.430846
2.114924,-12.884181,-10.426299
4.559564,-12.161536,-10.428163
6.740297,-10.940146,-10.427335
8.744874,-9.345183,-10.423044
10.340837,-7.436398,-10.426431
11.540237,-5.172306,-10.425008
12.386797,-2.737365,-10.424088
12.692215,-0.202228,-10.423516
12.384452,2.272459,-10.424395
11.703141,4.661094,-10.430092
10.681862,6.847778,-10.425875
9.149828,8.691087,-10.421817
7.286277,9.993577,-10.423370
4.725707,10.307191,-13.028571
2.899813,10.986899,-13.027516
1.200814,11.438874,-13.027749
-0.575486,11.450092,-13.029862
-2.190050,11.041851,-13.029469
-3.686456,10.849943,-13.022204
-5.042388,10.376727,-13.024271
-6.504071,10.141540,-13.024700
-8.133816,10.190833,-13.019808
-9.442520,9.268776,-13.028708
-10.558504,8.233698,-13.024297
-11.537137,7.014962,-13.025785
-12.272299,5.686539,-13.025613
-12.764970,4.192731,-13.020056
-12.925466,2.693321,-13.026993
-13.040904,1.191156,-13.025326
-12.936709,-0.383945,-13.023081
-12.574698,-1.845244,-13.028025
-12.117839,-3.437544,-13.026967
-11.613119,-5.011220,-13.018156
-10.737961,-6.594108,-13.021074
-9.647421,-8.033642,-13.025456
-8.251424,-9.409559,-13.025025
-6.608180,-10.463842,-13.023722
-4.716578,-11.227231,-13.023258
-2.662452,-11.668790,-13.022515
-0.554494,-11.768066,-13.023043
1.711931,-11.693732,-13.026136
3.843532,-10.999673,-13.023418
5.776773,-9.805378,-13.025700
7.543287,-8.280906,-13.029635
8.912650,-6.483584,-13.024367
9.874488,-4.367566,-13.029162
10.880535,-2.306757,-13.028116
11.353614,-0.085668,-13.022411
10.865639,2.239889,-13.019992
10.102420,4.360642,-13.019933
9.124912,6.219997,-13.026571
7.841799,7.919520,-13.031506
6.388439,9.271079,-13.030875
4.051729,9.589903,-15.627696
2.510432,10.345924,-15.623035
0.918071,10.868447,-15.624145
-0.639827,11.097116,-15.625176
-2.232090,11.036203,-15.620456
-3.686389,10.988320,-15.622281
-5.162746,10.672588,-15.623183
-6.581784,10.350206,-15.621279
-8.062193,10.041680,-15.622503
-9.390105,9.294970,-15.629584
-10.604711,8.261270,-15.631259
-11.557327,7.085921,-15.622711
-12.339059,5.691821,-15.622217
-12.790482,4.248262,-15.627719
-12.895132,2.660257,-15.619059
-12.953199,1.140613,-15.625098
-12.754180,-0.364216,-15.629462
-12.276396,-1.803883,-15.624302
-11.871117,-3.285165,-15.620096
-11.260076,-4.781266,-15.621351
-10.094926,-5.889913,-15.620647
-9.048492,-7.174382,-15.620792
-7.771087,-8.332548,-15.626991
-6.280574,-9.211304,-15.628148
-4.606133,-9.864262,-15.622548
-2.781775,-10.235864,-15.622188
-0.847253,-10.316397,-15.630213
1.158952,-10.195763,-15.628212
3.029551,-9.512118,-15.625639
4.707703,-8.399697,-15.624876
6.177756,-7.035933,-15.625907
7.316352,-5.388724,-15.628641
8.073455,-3.539718,-15.627090
9.081986,-1.842454,-15.624784
9.589644,0.135759,-15.623221
9.044045,2.131718,-15.623396
8.269873,3.971804,-15.624170
7.337355,5.571363,-15.620645
6.372502,7.042468,-15.620864
5.315495,8.445577,-15.625658
3.050846,8.518670,-18.219473
1.833450,9.294520,-18.224208
0.460570,9.809717,-18.224791
-0.916604,10.272277,-18.223196
-2.252461,10.664574,-18.223650
-3.695762,10.758558,-18.221958
-5.116468,10.691376,-18.226407
-6.507148,10.183425,-18.230667
-7.720600,9.364932,-18.226152
-9.001109,8.810747,-18.221023
-10.201344,7.898252,-18.221455
-11.107110,6.751874,-18.224795
-11.814626,5.478130,-18.224802
-12.225492,4.087742,-18.220909
-12.279934,2.632729,-18.221050
-12.278605,1.177034,-18.229024
-12.031111,-0.194261,-18.224441
-11.526083,-1.484320,-18.225464
-11.155817,-2.868471,-18.226741
-10.500205,-4.184234,-18.219606
-9.164316,-4.848616,-18.226416
-8.249553,-5.901449,-18.229780
-7.148182,-6.846728,-18.224090
-5.822083,-7.592097,-18.222942
-4.407980,-8.125412,-18.227658
-2.858430,-8.416322,-18.229188
-1.222719,-8.477132,-18.225585
0.404257,-8.280559,-18.223537
1.972995,-7.642512,-18.226266
3.318452,-6.707660,-18.229738
4.533119,-5.514418,-18.226465
5.414771,-4.140440,-18.220161
5.993729,-2.611930,-18.224030
6.915498,-1.214595,-18.228087
7.308913,0.390628,-18.228294
6.768263,2.075016,-18.226114
6.066141,3.540148,-18.223583
5.243250,4.801369,-18.221709
4.550704,6.039851,-18.219737
3.924033,7.319768,-18.218213
1.287725,6.616358,-20.825633
0.466679,7.279570,-20.825438
-0.527485,7.698715,-20.824414
-1.466757,8.183766,-20.824324
-2.457988,8.949684,-20.824960
-3.599613,9.172233,-20.823423
-4.854398,9.281198,-20.822934
-5.984054,8.796761,-20.826442
-6.712663,7.622478,-20.828580
-7.793749,7.227460,-20.823964
-8.763889,6.612840,-20.825585
-9.481937,5.686460,-20.825376
-10.030785,4.673985,-20.822792
-10.341475,3.559664,-20.825914
-10.393891,2.405090,-20.826576
-10.360326,1.294251,-20.825633
-10.136143,0.206992,-20.823310
-9.731283,-0.815450,-20.826018
-9.451267,-1.882423,-20.827152
-8.920264,-2.892673,-20.822411
-7.740615,-3.271385,-20.826492
-7.020921,-4.057871,-20.827061
-6.142737,-4.733635,-20.822385
-5.162152,-5.263512,-20.826134
-4.122825,-5.638144,-20.829448
-2.933256,-5.841806,-20.828320
-1.779116,-5.850638,-20.828001
-0.603107,-5.594784,-20.826538
0.495896,-5.102777,-20.826816
1.504907,-4.372592,-20.825934
2.310474,-3.531961,-20.823059
2.911310,-2.497554,-20.823119
3.315196,-1.413709,-20.827721
4.016837,-0.403103,-20.825529
4.195231,0.755482,-20.825207
3.757191,1.936048,-20.827775
3.203310,2.937272,-20.826519
2.576477,3.795327,-20.822909
2.132427,4.667034,-20.821797
1.790869,5.649555,-20.823512
-3.709334,1.233114,-23.424858
