24.438277,-27.219758,30.956166
29.044468,-23.913615,30.956166
33.364167,-19.912198,30.956166
37.348784,-14.995225,30.956166
40.298976,-9.395531,30.956166
41.563091,-3.174526,30.956166
40.659028,3.076649,30.956166
38.047471,8.862056,30.956166
34.554302,13.868005,30.956166
30.608925,18.239030,30.956166
26.604812,21.938256,30.956166
22.325831,25.314227,30.956166
18.001409,28.261873,30.956166
13.456121,30.856732,30.956166
8.434486,32.980901,30.956165
3.132722,34.258972,30.956165
-2.312734,34.589802,30.956165
-7.942234,33.891969,30.956166
-13.326752,32.108198,30.956166
-18.056583,29.387323,30.956166
-22.158573,25.792426,30.956166
-25.665210,21.333864,30.956166
-28.161871,16.731130,30.956166
-29.945688,11.577868,30.956166
-30.804410,6.634481,30.956166
-30.906026,1.401358,30.956166
-30.314632,-3.580177,30.956166
-29.172674,-8.239940,30.956166
-27.494956,-12.734946,30.956166
-25.175786,-17.182316,30.956166
-22.409124,-21.102987,30.956165
-19.122770,-24.599535,30.956165
-15.188248,-27.711955,30.956165
-10.829204,-30.195079,30.956165
-6.145765,-31.993245,30.956165
-1.246892,-33.074981,30.956165
3.974165,-33.432484,30.956165
9.200475,-33.010300,30.956165
14.328779,-31.848222,30.956166
19.174635,-29.534406,27.713229
23.676856,-26.537933,27.700881
28.331412,-23.348239,27.697069
32.537697,-19.309397,27.698934
35.532026,-14.301041,27.702910
37.800531,-8.890297,27.708594
39.746873,-3.034342,27.702267
38.360999,2.860988,27.699654
36.026788,8.369507,27.706754
33.783023,13.694109,27.710834
30.306612,18.155928,27.705709
26.522634,22.031312,27.707574
22.377402,25.501123,27.708281
18.054676,28.386464,27.702727
13.471858,30.838007,27.697934
8.456662,32.872753,27.700761
3.178949,34.077134,27.702127
-2.443049,34.387531,27.706448
-7.829391,33.810948,27.713863
-13.232884,32.233157,27.711762
-18.200313,29.575299,27.698066
-22.544704,25.997072,27.704082
-26.099516,21.900524,27.709127
-28.885740,17.019804,27.708613
-30.577973,11.868519,27.711906
-31.426798,6.742686,27.714184
-31.550764,1.549559,27.702513
-31.015243,-3.623830,27.706315
-29.803219,-8.446895,27.707978
-27.994738,-13.092145,27.698952
-25.726285,-17.522460,27.700314
-22.957946,-21.400115,27.709181
-19.484504,-24.967628,27.708789
-15.360910,-28.136611,27.704261
-10.998106,-30.530295,27.702912
-6.300526,-32.191584,27.703892
-1.211058,-33.241801,27.709910
3.970007,-33.588338,27.707088
9.169227,-33.129100,27.706549
14.244362,-31.809095,27.712954
18.968392,-29.250098,24.458274
23.310787,-26.101917,24.452657
27.632475,-22.887054,24.455023
31.573996,-18.662481,24.457137
34.030584,-13.655264,24.453472
35.884544,-8.367046,24.451868
37.793913,-2.996860,24.452609
36.453369,2.832377,24.453260
34.582982,7.983432,24.449965
32.996973,13.273349,24.451771
30.000255,17.763398,24.460899
26.457499,21.807100,24.454079
22.460664,25.379723,24.457288
17.999097,28.366875,24.460860
13.410935,30.720389,24.455795
8.411354,32.674256,24.455242
3.167011,33.823683,24.454957
-2.408790,34.133714,24.453457
-7.758766,33.640875,24.457128
-13.160399,32.227743,24.463320
-18.358495,29.650745,24.460588
-22.770587,26.233200,24.455861
-26.577458,22.124567,24.460831
-29.394497,17.324553,24.462370
-31.052643,12.200570,24.460482
-31.921163,6.904474,24.464413
-32.014462,1.541011,24.453991
-31.544465,-3.602050,24.447102
-30.309185,-8.591414,24.452452
-28.455047,-13.179621,24.454856
-26.084117,-17.751897,24.449911
-23.169791,-21.741619,24.460263
-19.658707,-25.212849,24.456415
-15.520741,-28.298174,24.451792
-11.163589,-30.611457,24.456207
-6.260804,-32.214144,24.458640
-1.195190,-33.167394,24.461667
3.944557,-33.463313,24.456417
9.105385,-32.974594,24.453222
14.337945,-31.539037,24.457126
18.760507,-28.951557,21.210535
23.034014,-25.814720,21.210718
27.029059,-22.304397,21.205393
30.346380,-18.170800,21.205106
32.637559,-13.163753,21.211772
34.203842,-8.082199,21.212021
35.769805,-2.721962,21.203675
34.868550,2.579390,21.206927
33.399752,7.759894,21.205478
32.054677,12.840903,21.198750
29.345290,17.429398,21.202116
26.041962,21.587585,21.200163
22.188464,25.225540,21.204911
17.982801,28.098595,21.211962
13.247805,30.497933,21.213775
8.286572,32.373346,21.211184
3.098550,33.480885,21.205088
-2.410200,33.803611,21.201137
-7.699927,33.372742,21.202682
-13.268896,32.022507,21.205997
-18.288391,29.724227,21.204546
-22.918804,26.356185,21.201035
-26.772279,22.378295,21.208219
-29.710615,17.486089,21.211987
-31.410977,12.215536,21.210381
-32.260142,6.981672,21.212666
-32.301478,1.470759,21.201279
-31.862720,-3.616638,21.206041
-30.681957,-8.552784,21.213879
-28.727165,-13.267921,21.207597
-26.319757,-17.751976,21.198976
-23.278395,-21.838851,21.201999
-19.599327,-25.355189,21.202388
-15.630736,-28.212691,21.202603
-11.100575,-30.522040,21.207851
-6.220551,-31.995983,21.211641
-1.197235,-32.840135,21.207056
3.883792,-33.040127,21.207080
8.982847,-32.525124,21.209574
14.162034,-31.151043,21.210147
18.466885,-28.505407,17.951433
22.723803,-25.478889,17.960818
26.268792,-21.654448,17.960053
29.167975,-17.298583,17.960016
31.245957,-12.755816,17.962357
32.675852,-7.728880,17.957795
33.629581,-2.581045,17.956564
33.296745,2.379748,17.957406
32.329153,7.546255,17.958507
30.975094,12.341259,17.955979
28.504515,16.951313,17.950293
25.581933,21.025946,17.952190
21.919885,24.737851,17.950854
17.664466,27.760144,17.948464
13.015283,30.136652,17.951327
8.120347,31.943033,17.954381
3.015658,33.027146,17.950982
-2.192309,33.378485,17.954732
-7.606340,32.996495,17.958612
-13.106359,31.755531,17.954078
-18.294898,29.550391,17.953387
-22.767153,26.478634,17.961472
-26.757300,22.471392,17.957245
-29.701552,17.686915,17.948458
-31.505854,12.328068,17.952530
-32.398177,6.977113,17.962191
-32.417787,1.556021,17.961095
-31.955813,-3.654908,17.956865
-30.738698,-8.712872,17.954605
-28.779423,-13.334896,17.954014
-26.325097,-17.699422,17.953785
-23.291513,-21.688786,17.953044
-19.480084,-25.246460,17.954252
-15.344475,-28.091312,17.955170
-10.828757,-30.241962,17.957126
-5.994583,-31.577007,17.959990
-1.240950,-32.260910,17.958231
3.759289,-32.320701,17.961160
8.766636,-31.766162,17.960424
13.871790,-30.512681,17.952843
17.979039,-27.739771,14.701103
22.217692,-24.860244,14.704151
25.288261,-20.816743,14.705948
27.705233,-16.526300,14.702661
29.829591,-12.114449,14.701139
31.117596,-7.383980,14.706464
31.426227,-2.498479,14.708399
31.660885,2.209113,14.707445
31.214407,7.266253,14.701948
29.656778,11.933863,14.702716
27.478967,16.320985,14.711221
24.800809,20.429007,14.703373
21.335809,24.176432,14.709158
17.419138,27.127340,14.709232
12.916759,29.537639,14.699992
8.130270,31.314197,14.708555
2.942890,32.447563,14.706605
-2.148885,32.832300,14.709470
-7.650097,32.466850,14.707777
-12.840751,31.335807,14.700097
-17.964595,29.294631,14.705449
-22.741996,26.150425,14.706740
-26.619294,22.214647,14.705052
-29.502071,17.522755,14.704120
-31.344898,12.313874,14.703662
-32.293200,6.883149,14.704739
-32.347243,1.577092,14.708973
-31.802131,-3.711829,14.702713
-30.571884,-8.659221,14.701529
-28.580237,-13.365063,14.704704
-26.101824,-17.592989,14.701818
-22.940076,-21.603681,14.708470
-19.311553,-24.893478,14.705265
-15.218963,-27.605161,14.704988
-10.763254,-29.633783,14.708268
-6.018904,-30.879078,14.702613
-1.149601,-31.456094,14.699951
3.741294,-31.315015,14.701257
8.618195,-30.664351,14.701963
13.407257,-29.548529,14.700936
17.120606,-26.375723,11.455584
21.251950,-23.600505,11.456711
23.933305,-19.716110,11.452454
26.140828,-15.480112,11.450946
28.189752,-11.390997,11.455119
29.366445,-6.994227,11.457857
29.218556,-2.437812,11.455240
29.909079,2.085880,11.456371
29.909042,6.738914,11.454660
28.214971,11.266930,11.453961
26.250600,15.579983,11.462070
23.827319,19.675019,11.459178
20.731277,23.285558,11.452626
16.882349,26.414646,11.452844
12.575614,28.861612,11.458859
7.931557,30.593316,11.461301
2.903071,31.724987,11.458192
-2.231727,32.145713,11.456255
-7.376596,31.828038,11.453573
-12.609104,30.704746,11.452243
-17.589034,28.741496,11.458750
-22.280875,25.765054,11.461843
-26.162416,21.801867,11.455715
-28.985006,17.246508,11.448598
-30.936446,12.051576,11.452067
-31.912542,6.788141,11.462355
-32.084449,1.635074,11.459421
-31.413807,-3.669452,11.459969
-30.137708,-8.462601,11.462844
-28.269400,-13.048075,11.460537
-25.743269,-17.312674,11.457411
-22.626454,-21.166306,11.461268
-18.921032,-24.453644,11.462133
-14.896102,-26.996161,11.458331
-10.336049,-28.929651,11.455572
-5.710644,-30.049210,11.455941
-0.969019,-30.451570,11.454797
3.571474,-30.113316,11.455861
8.264328,-29.289874,11.456659
12.677689,-28.145719,11.455692
15.689277,-24.095889,8.203264
19.209908,-21.495070,8.206392
22.084003,-18.200215,8.209967
24.329603,-14.458284,8.209280
26.147121,-10.655893,8.207790
27.294583,-6.453859,8.210338
27.072530,-2.268756,8.212152
27.988641,2.023167,8.209950
28.079864,6.441040,8.209402
26.567081,10.448136,8.208068
24.888817,14.669710,8.203010
22.741937,18.697674,8.207645
19.912768,22.278340,8.205324
16.358488,25.447535,8.205689
12.322057,27.950464,8.213110
7.705172,29.726448,8.210688
2.888459,30.851852,8.205034
-2.031836,31.299321,8.206210
-7.162897,31.013228,8.209516
-12.177110,29.924082,8.209212
-17.109947,27.915200,8.209122
-21.640072,25.093979,8.210526
-25.360218,21.306648,8.212489
-28.220840,16.790297,8.207452
-30.206879,11.863047,8.202184
-31.260263,6.639361,8.207875
-31.608788,1.503749,8.206876
-30.807057,-3.543204,8.206320
-29.398612,-8.302423,8.209855
-27.601741,-12.896853,8.209687
-25.177052,-16.990510,8.202437
-22.001947,-20.780468,8.199562
-18.397467,-23.883674,8.203866
-14.318432,-26.321144,8.210227
-10.070549,-27.999346,8.208212
-5.435564,-29.053153,8.200795
-0.876277,-29.291256,8.206872
3.464693,-28.783541,8.208097
7.712668,-27.703274,8.204920
11.812327,-26.145474,8.202902
14.006807,-21.420360,4.954005
16.912877,-18.699507,4.956983
19.999382,-16.411167,4.951804
22.425981,-13.373200,4.954802
23.920359,-9.791093,4.960661
25.015091,-5.987425,4.957002
25.039307,-2.184928,4.958055
25.838843,1.745803,4.958106
25.928886,5.797746,4.956407
24.703044,9.666921,4.954912
23.445795,13.622669,4.954779
21.572650,17.544674,4.959527
18.905060,21.205050,4.957669
15.663623,24.380710,4.956678
11.758666,26.999655,4.962347
7.549954,28.684607,4.963202
2.794692,29.843755,4.955668
-2.069550,30.293595,4.955385
-6.961320,30.013803,4.955926
-11.896959,28.880012,4.952407
-16.552217,26.857343,4.955200
-20.875941,24.176089,4.959848
-24.527376,20.436499,4.960691
-27.294523,16.146645,4.959510
-29.280122,11.503632,4.958990
-30.360037,6.542039,4.956552
-30.920787,1.472669,4.950929
-29.988182,-3.461802,4.956558
-28.445717,-8.136297,4.958073
-26.809373,-12.538458,4.956695
-24.444030,-16.615989,4.960505
-21.370595,-20.183539,4.950793
-17.909332,-23.115064,4.958742
-13.832541,-25.453980,4.959702
-9.573997,-27.022337,4.953516
-5.327447,-27.938198,4.959616
-0.800160,-28.048091,4.956956
3.323264,-27.418977,4.952602
7.421886,-25.960643,4.950427
10.889072,-23.940362,4.950903
12.700492,-19.354457,1.702001
15.113190,-16.655005,1.701606
18.114737,-14.893643,1.707824
20.558287,-12.199188,1.705683
21.770303,-8.866874,1.700369
22.782591,-5.427225,1.703573
23.192951,-2.014647,1.703906
23.684390,1.591186,1.704683
23.594879,5.163608,1.708512
22.805349,8.894269,1.709077
21.889209,12.738322,1.703915
20.218249,16.516403,1.707577
17.900467,19.939565,1.705514
14.978195,23.112109,1.706860
11.387117,25.769674,1.710758
7.263491,27.525146,1.699891
2.754395,28.673854,1.698595
-1.864992,29.123710,1.707746
-6.688280,28.843790,1.713558
-11.367831,27.726587,1.710820
-15.766694,25.746517,1.707998
-20.027010,23.112595,1.708467
-23.505678,19.573217,1.706886
-26.198107,15.529245,1.709880
-28.228451,11.000172,1.710549
-29.306566,6.293936,1.700440
-30.008064,1.482822,1.707085
-29.019731,-3.334426,1.708412
-27.442698,-7.750285,1.709197
-25.889111,-12.117202,1.712937
-23.692826,-16.022289,1.711221
-20.640257,-19.525419,1.713436
-17.185127,-22.386854,1.709702
-13.273722,-24.535908,1.710243
-9.196977,-25.955737,1.710789
-4.982227,-26.799857,1.703923
-0.851188,-26.803126,1.703937
3.230752,-26.074370,1.701137
7.006155,-24.443340,1.699365
10.189053,-22.042256,1.701260
12.104266,-18.429151,-1.540525
14.388316,-15.874511,-1.548023
16.901209,-13.762368,-1.549723
18.812283,-11.179392,-1.546133
19.914004,-8.066092,-1.546046
20.776709,-5.095913,-1.549542
21.572473,-1.923303,-1.545079
21.672554,1.325237,-1.540581
21.368872,4.585258,-1.538425
21.019740,8.159170,-1.541508
20.417405,11.698161,-1.547925
18.939525,15.323797,-1.540557
16.849746,18.642841,-1.538842
14.213135,21.767734,-1.543124
10.772528,24.508386,-1.543154
6.896848,26.255534,-1.542237
2.629535,27.376778,-1.545586
-1.752196,27.798614,-1.543216
-6.323045,27.505479,-1.538492
-10.756269,26.422421,-1.540064
-14.928419,24.550081,-1.543856
-18.980152,22.072381,-1.541263
-22.333425,18.769861,-1.546754
-25.044660,14.845820,-1.552026
-27.040037,10.582669,-1.545404
-28.153545,5.973510,-1.538553
-28.855618,1.414783,-1.545686
-27.867986,-3.304093,-1.546514
-26.347450,-7.483198,-1.540839
-24.884920,-11.629392,-1.541213
-22.754216,-15.490670,-1.548954
-19.846464,-18.800415,-1.550571
-16.560782,-21.506844,-1.540969
-12.693611,-23.587840,-1.541017
-8.807715,-24.881585,-1.543727
-4.804275,-25.645233,-1.536534
-0.724760,-25.586797,-1.539878
3.133522,-24.827593,-1.539704
6.687122,-23.222392,-1.536568
9.691022,-20.925868,-1.536301
11.931552,-18.178003,-4.800568
14.237350,-15.877028,-4.787676
15.977704,-13.150688,-4.796064
17.391836,-10.373004,-4.797949
18.476941,-7.497301,-4.793163
19.257664,-4.649241,-4.796172
20.200263,-1.833967,-4.790815
19.965635,1.190931,-4.790519
19.499539,4.117297,-4.794879
19.455990,7.373012,-4.798682
18.984310,10.902164,-4.798097
17.673628,14.210863,-4.788741
15.762067,17.404378,-4.789389
13.348042,20.437340,-4.794075
10.279429,23.034830,-4.793438
6.655006,24.800897,-4.793073
2.621349,25.918163,-4.788415
-1.691277,26.326268,-4.794434
-5.866822,26.017503,-4.797730
-10.073866,24.983780,-4.794196
-14.192216,23.191034,-4.798413
-18.029581,20.839160,-4.789483
-21.243699,17.730546,-4.795801
-23.867164,14.051698,-4.800291
-25.795985,10.020523,-4.794097
-26.876703,5.654239,-4.797795
-27.464708,1.173862,-4.795625
-26.598881,-3.180747,-4.796492
-25.211925,-7.157432,-4.790928
-23.737735,-11.226079,-4.788148
-21.721295,-14.889646,-4.801197
-18.968094,-18.034009,-4.799900
-15.719849,-20.684628,-4.791908
-12.174844,-22.564357,-4.793719
-8.331661,-23.806699,-4.800230
-4.523561,-24.476143,-4.800311
-0.653630,-24.394115,-4.798102
3.000302,-23.660198,-4.792438
6.408968,-22.227253,-4.794840
9.392763,-20.268877,-4.802892
11.957468,-17.958646,-8.036389
14.276645,-15.882217,-8.039808
15.448156,-12.623328,-8.039992
16.448965,-9.839229,-8.041915
17.522230,-7.138268,-8.042140
18.203089,-4.416112,-8.038838
19.080352,-1.733952,-8.042612
18.638846,1.095183,-8.049186
18.119873,3.845760,-8.050433
18.159937,6.943120,-8.043558
17.700707,10.138638,-8.036941
16.501820,13.134454,-8.043675
14.731111,16.188494,-8.039982
12.477741,19.085907,-8.041562
9.704172,21.489273,-8.049806
6.316087,23.255701,-8.038249
2.501866,24.343049,-8.039742
-1.445532,24.717696,-8.042781
-5.541969,24.378637,-8.040250
-9.388755,23.417292,-8.037124
-13.325070,21.796031,-8.037668
-16.837062,19.650866,-8.048837
-19.961784,16.769442,-8.046090
-22.520109,13.349905,-8.040665
-24.404670,9.541415,-8.045532
-25.466186,5.414617,-8.046118
-25.836740,1.161442,-8.042422
-25.175600,-3.026069,-8.041814
-23.951857,-6.962650,-8.047101
-22.529269,-10.660124,-8.051007
-20.624487,-14.135298,-8.046384
-18.046093,-17.144205,-8.039706
-14.975882,-19.666923,-8.044654
-11.483194,-21.518554,-8.045735
-7.834349,-22.672692,-8.041060
-4.214846,-23.260230,-8.042315
-0.545388,-23.172915,-8.045560
2.917415,-22.484380,-8.046119
6.204477,-21.289605,-8.042375
9.185681,-19.744355,-8.037427
11.705657,-17.603587,-11.291445
14.083161,-15.636416,-11.293724
15.076503,-12.401364,-11.290465
16.006277,-9.480341,-11.286958
17.025880,-6.933008,-11.288230
17.596724,-4.349951,-11.289129
18.195545,-1.625964,-11.285748
17.687197,1.054006,-11.297863
17.217439,3.640831,-11.298692
17.153910,6.417895,-11.286855
16.575447,9.408453,-11.288989
15.401409,12.216016,-11.297337
13.805345,14.977144,-11.296097
11.661893,17.689349,-11.289452
9.024453,19.935805,-11.286197
5.853943,21.642970,-11.286605
2.394959,22.638240,-11.297864
-1.332233,22.981454,-11.298801
-5.049665,22.644024,-11.295349
-8.679451,21.735218,-11.298627
-12.295747,20.342965,-11.299414
-15.727041,18.261961,-11.299332
-18.629953,15.686444,-11.298807
-21.098830,12.524647,-11.296789
-22.920577,8.939644,-11.294574
-23.940890,5.055526,-11.295059
-23.980761,1.048344,-11.297534
-23.577357,-2.820080,-11.299416
-22.658492,-6.569603,-11.297625
-21.218215,-10.029067,-11.291189
-19.313020,-13.399667,-11.287476
-16.896342,-16.250088,-11.296050
-14.123261,-18.556401,-11.293480
-10.837232,-20.320890,-11.294399
-7.397043,-21.402319,-11.302017
-3.979746,-21.936528,-11.299468
-0.519180,-21.885036,-11.289723
2.752649,-21.287313,-11.291906
5.910146,-20.329513,-11.295171
8.833800,-19.137600,-11.292719
11.234485,-16.909853,-14.541313
13.589961,-15.043279,-14.549667
14.758296,-12.088036,-14.551223
15.704084,-9.378106,-14.549394
16.709885,-6.872303,-14.546619
17.236600,-4.196510,-14.542755
17.417030,-1.609738,-14.541282
16.983167,0.930091,-14.539187
16.587421,3.485399,-14.538348
16.314654,6.056131,-14.541722
15.565309,8.670528,-14.548338
14.409635,11.270188,-14.551519
12.904896,13.843256,-14.546900
10.916097,16.216325,-14.542245
8.387497,18.246620,-14.542120
5.450280,19.884275,-14.541090
2.222719,20.824369,-14.543488
-1.137159,21.121374,-14.544837
-4.604878,20.779985,-14.548344
-7.999985,19.929831,-14.550556
-11.285038,18.745669,-14.543970
-14.383052,16.882393,-14.545640
-17.262737,14.450935,-14.541399
-19.607962,11.550962,-14.538579
-21.331665,8.187965,-14.544290
-22.257881,4.687262,-14.544434
-21.919423,0.835897,-14.538138
-21.794637,-2.675820,-14.539677
-21.219906,-6.205086,-14.543732
-19.732500,-9.400498,-14.541694
-17.870593,-12.498262,-14.539889
-15.646704,-15.191946,-14.547302
-13.073868,-17.365624,-14.543454
-10.001368,-19.019150,-14.541497
-6.785976,-20.021928,-14.540330
-3.587222,-20.493459,-14.536750
-0.352976,-20.450560,-14.547683
2.711874,-19.949868,-14.545476
5.585018,-19.218353,-14.538295
8.508815,-18.221674,-14.536580
10.553922,-15.887129,-17.800666
12.829926,-14.123038,-17.797807
14.303486,-11.684661,-17.797408
15.410198,-9.153480,-17.799261
16.344372,-6.696121,-17.796736
16.797925,-4.109141,-17.791373
16.618197,-1.606331,-17.794070
16.311943,0.885758,-17.801554
16.047158,3.265087,-17.796594
15.517961,5.709573,-17.786398
14.537952,8.023715,-17.791168
13.382968,10.384084,-17.796738
11.958338,12.744605,-17.794707
10.003255,14.821479,-17.794358
7.654326,16.490604,-17.795887
5.062083,17.972010,-17.789381
2.086200,18.848980,-17.792345
-0.903733,19.105364,-17.795008
-4.102670,18.781066,-17.794196
-7.127869,18.036365,-17.793801
-10.187037,17.010800,-17.794586
-13.044532,15.292865,-17.798802
-15.678795,13.184300,-17.790247
-17.896253,10.574353,-17.790137
-19.471819,7.573662,-17.799190
-20.391132,4.234838,-17.787551
-19.689564,0.724128,-17.785584
-19.823953,-2.495084,-17.795404
-19.614789,-5.759994,-17.798068
-18.027819,-8.777199,-17.790379
-16.250218,-11.453178,-17.790049
-14.314091,-13.884103,-17.798209
-11.878769,-16.003092,-17.795125
-9.147037,-17.483785,-17.793353
-6.180691,-18.416750,-17.792648
-3.224657,-18.850931,-17.789526
-0.236582,-18.842804,-17.797558
2.601747,-18.451350,-17.792901
5.294902,-17.870280,-17.790178
8.045628,-17.044251,-17.796380
9.665859,-14.534133,-21.044810
11.734649,-12.953289,-21.041686
13.559282,-11.067989,-21.039418
14.833525,-8.830646,-21.044380
15.661304,-6.439465,-21.049796
16.067847,-3.995003,-21.047388
15.648444,-1.531830,-21.043411
15.568598,0.739877,-21.046117
15.433146,3.128526,-21.041543
14.618443,5.371637,-21.038720
13.427313,7.316458,-21.049064
12.293250,9.412243,-21.040501
10.959410,11.541340,-21.040305
9.053967,13.281948,-21.044672
6.897710,14.569632,-21.040623
4.545301,15.916394,-21.042422
1.946446,16.675303,-21.047027
-0.773749,16.895842,-21.042475
-3.460541,16.619906,-21.035777
-6.212339,15.957532,-21.038045
-9.011444,15.088914,-21.045332
-11.513186,13.591968,-21.048161
-13.956700,11.728169,-21.050551
-16.012289,9.415597,-21.046155
-17.469323,6.683205,-21.041271
-18.266556,3.755629,-21.048110
-17.317116,0.621549,-21.044174
-17.674968,-2.337037,-21.044251
-17.754475,-5.280009,-21.048399
-16.145927,-7.969249,-21.051010
-14.381888,-10.282982,-21.049767
-12.657927,-12.517854,-21.039865
-10.551627,-14.395509,-21.037417
-8.064076,-15.732612,-21.043746
-5.474092,-16.546195,-21.044876
-2.791614,-16.956652,-21.041033
-0.186082,-16.984288,-21.047490
2.395690,-16.691782,-21.049356
4.876003,-16.244906,-21.047896
7.313162,-15.605557,-21.046717
8.617079,-12.747001,-24.293544
10.365174,-11.405346,-24.288212
12.455764,-10.128232,-24.287546
13.827831,-8.304014,-24.292847
14.533961,-6.020452,-24.295792
14.892116,-3.687480,-24.291294
14.360827,-1.433164,-24.287646
14.586604,0.741171,-24.293254
14.578260,2.930023,-24.296006
13.510367,4.894181,-24.295907
12.077331,6.562688,-24.300568
10.997746,8.363271,-24.298698
9.824787,10.154101,-24.295003
8.024967,11.529589,-24.289407
6.092044,12.412714,-24.289012
4.092018,13.551272,-24.299060
1.804432,14.242027,-24.291807
-0.506383,14.423530,-24.286489
-2.877591,14.168519,-24.291503
-5.219429,13.617705,-24.294150
-7.714742,12.924064,-24.288156
-9.841070,11.653700,-24.289193
-11.967893,10.110652,-24.289109
-13.825674,8.125363,-24.287362
-15.082520,5.792615,-24.287153
-15.821620,3.212106,-24.287383
-14.729548,0.401825,-24.297086
-15.254932,-2.118596,-24.294903
-15.524524,-4.778799,-24.290833
-14.001505,-7.014197,-24.292848
-12.272809,-8.907255,-24.292880
-10.821470,-10.815143,-24.292527
-8.987540,-12.504789,-24.290095
-6.871013,-13.636118,-24.288336
-4.582390,-14.355571,-24.289873
-2.310434,-14.725742,-24.294519
-0.008470,-14.777848,-24.299740
2.179469,-14.571395,-24.300351
4.396434,-14.242502,-24.299131
6.575868,-13.728259,-24.297478
7.164290,-10.524126,-27.546879
8.636890,-9.395617,-27.548381
10.813590,-8.801757,-27.550493
12.270248,-7.313929,-27.548202
12.830257,-5.309600,-27.546787
13.113215,-3.364268,-27.546909
12.507335,-1.328083,-27.540718
13.053396,0.569226,-27.545770
13.217438,2.576028,-27.545350
11.993717,4.184024,-27.540318
10.452431,5.456044,-27.545320
9.432651,6.976391,-27.543588
8.399038,8.475831,-27.542837
6.783188,9.441308,-27.545303
5.072243,9.949289,-27.545394
3.454782,10.855859,-27.541831
1.689598,11.391583,-27.541168
-0.254534,11.533719,-27.543154
-2.164495,11.328639,-27.545959
-4.056227,10.900349,-27.547778
-6.095863,10.414447,-27.546931
-7.888577,9.367710,-27.547104
-9.629467,8.140884,-27.547522
-11.164309,6.568427,-27.545862
-12.239055,4.612759,-27.543617
-12.848370,2.526759,-27.542838
-11.822210,0.272746,-27.539638
-12.371567,-1.826466,-27.541068
-12.794989,-4.031365,-27.543074
-11.410810,-5.854329,-27.545534
-9.728187,-7.313084,-27.547555
-8.568878,-8.859268,-27.538822
-7.092386,-10.229925,-27.543723
-5.371694,-11.114889,-27.547101
-3.527838,-11.700575,-27.543169
-1.706840,-12.037425,-27.543990
0.145252,-12.103482,-27.548498
1.904764,-11.971248,-27.544019
3.698005,-11.757173,-27.540519
5.540816,-11.358363,-27.543184
5.241000,-7.468209,-30.792257
6.240930,-6.709238,-30.797622
8.323280,-6.766706,-30.792896
9.631196,-5.734385,-30.792691
10.042496,-4.185146,-30.796421
10.174017,-2.644322,-30.795976
9.473016,-1.132539,-30.794557
10.294230,0.302663,-30.792547
10.641884,1.901290,-30.793411
9.383154,3.062962,-30.795137
7.970998,3.899786,-30.792981
7.184187,4.985198,-30.789599
6.385250,6.101123,-30.790671
5.196792,6.658302,-30.791725
3.822284,6.808166,-30.790109
2.655342,7.409770,-30.791500
1.404377,7.787272,-30.790938
0.085615,7.878205,-30.791943
-1.269939,7.741623,-30.792885
-2.555114,7.468186,-30.791170
-4.028740,7.213528,-30.792421
-5.329137,6.526550,-30.791587
-6.545343,5.620450,-30.792371
-7.638860,4.489059,-30.792892
-8.435481,3.120183,-30.791549
-8.903167,1.637045,-30.795111
-8.082917,-0.016043,-30.797419
-8.562591,-1.436818,-30.792246
-9.022655,-3.101801,-30.790548
-7.901918,-4.371969,-30.795189
-6.501901,-5.231502,-30.794831
-5.669945,-6.319773,-30.791304
-4.658542,-7.249508,-30.795093
-3.426769,-7.850854,-30.798219
-2.178911,-8.258253,-30.798223
-0.898979,-8.535937,-30.797268
0.351425,-8.600974,-30.793828
1.595804,-8.522875,-30.791470
2.864645,-8.387166,-30.789594
4.104624,-8.112465,-30.788914
0.646522,-0.634754,-34.043835
21.133757,-20.273097,30.956166
25.033107,-17.521296,30.956166
28.115923,-13.879499,30.956166
30.268383,-9.456068,30.956166
31.394562,-4.820416,30.956165
31.633733,-0.056467,30.956166
31.032388,4.675349,30.956166
29.668116,9.095603,30.956166
27.614846,13.078212,30.956166
24.860567,16.612637,30.956166
21.613469,19.485893,30.956165
18.054051,21.699722,30.956166
14.319565,23.259513,30.956165
10.519363,24.145250,30.956166
6.766266,24.344801,30.956166
3.039114,23.865712,30.956166
-0.269621,22.823053,30.956165
-3.226130,21.302633,30.956165
-5.884845,19.308531,30.956165
-7.994293,17.126827,30.956165
-9.694465,14.789745,30.956165
-11.014998,12.383019,30.956165
-11.989091,9.971685,30.956166
-12.651763,7.606465,30.956166
-13.054457,5.183561,30.956166
-13.190593,2.875662,30.956166
-13.097617,0.565978,30.956166
-12.762524,-1.867012,30.956166
-12.237677,-4.118313,30.956166
-11.468067,-6.450626,30.956166
-10.488819,-8.703097,30.956166
-9.154803,-11.102425,30.956166
-7.484313,-13.460382,30.956166
-5.350445,-15.816693,30.956166
-2.824100,-17.976692,30.956166
0.214145,-19.932352,30.956166
3.909233,-21.579289,30.956166
7.850656,-22.540940,30.956166
12.223473,-22.730060,30.956166
15.105025,-19.329733,28.206004
18.765044,-17.512837,28.206661
21.989401,-14.966919,28.203626
24.802411,-11.788478,28.202143
26.831585,-8.079360,28.204387
27.933214,-3.983858,28.203749
28.573897,0.221835,28.209028
28.129525,4.408998,28.204590
26.718708,8.281732,28.204345
24.653951,11.810949,28.209236
22.032087,14.774849,28.203431
19.042287,17.141783,28.208850
15.840114,18.946897,28.206855
12.536153,20.173700,28.206895
9.242771,21.001914,28.210517
6.038445,21.507677,28.205702
2.934604,21.407000,28.201389
-0.133651,20.861776,28.202111
-2.894049,19.775585,28.205365
-5.721657,18.921379,28.208703
-8.754248,18.364672,28.208275
-11.357929,16.655700,28.201784
-14.131552,14.912055,28.203088
-16.282154,12.518917,28.204252
-17.136703,9.361756,28.202785
-17.569207,6.151196,28.204110
-18.655343,3.205740,28.206826
-18.190440,0.088456,28.205883
-17.006531,-2.863319,28.205943
-15.862054,-5.723043,28.209544
-14.502709,-8.364118,28.210129
-12.962968,-10.894514,28.202746
-11.204994,-13.642385,28.203553
-8.995938,-15.987084,28.208093
-6.239442,-17.991109,28.210058
-3.250311,-19.861666,28.211857
0.255546,-21.013038,28.207706
3.758718,-20.944035,28.208940
7.430650,-20.440293,28.211853
11.123769,-20.114051,28.209338
14.117774,-17.827180,25.452464
17.321856,-15.965116,25.451741
20.285466,-13.501866,25.455741
22.845415,-10.609002,25.459844
24.772747,-7.285648,25.460519
25.899940,-3.599357,25.458806
26.630192,0.347024,25.453885
26.293480,4.157870,25.458067
24.955666,7.798179,25.459871
22.965783,11.089382,25.453556
20.469368,13.835718,25.453997
17.643087,16.010554,25.458200
14.774564,17.611654,25.458623
11.710646,18.770001,25.459998
8.678854,19.598277,25.461053
5.748638,20.205590,25.458149
2.899086,20.332891,25.459155
-0.090896,20.113139,25.459713
-2.881311,19.464683,25.455675
-5.841107,19.191838,25.453452
-9.379081,19.403330,25.457434
-12.546555,18.088030,25.455914
-15.949586,16.506059,25.454976
-18.846717,14.029556,25.460437
-20.353187,10.627165,25.458806
-21.062076,6.975741,25.449677
-21.860194,3.336456,25.455256
-21.265269,-0.272510,25.459130
-20.002849,-3.656269,25.455453
-18.596186,-6.914279,25.452300
-16.908879,-9.896908,25.455731
-14.963372,-12.710164,25.461018
-12.758099,-15.528472,25.462867
-10.111805,-17.887880,25.462949
-6.919145,-19.811119,25.459334
-3.528706,-21.307057,25.452747
0.158795,-21.836177,25.456976
3.785321,-21.154569,25.460623
7.203254,-20.062435,25.459149
10.648238,-19.086448,25.455753
13.462666,-16.823514,22.700662
16.350222,-14.864301,22.701043
19.076294,-12.470406,22.705754
21.369509,-9.828664,22.711637
23.259480,-6.734309,22.711259
24.463375,-3.304736,22.704610
25.198920,0.418050,22.710635
24.928581,4.021883,22.707893
23.722350,7.471097,22.704807
21.876360,10.596003,22.709201
19.559575,13.205967,22.705742
16.944698,15.287806,22.703576
14.184879,16.907044,22.700387
11.235449,18.131241,22.703913
8.460291,19.003455,22.706892
5.645212,19.718023,22.702702
2.762660,20.084446,22.707533
0.001477,20.183872,22.703140
-2.898286,19.968167,22.699940
-6.091167,19.959369,22.705330
-9.981683,20.263310,22.710825
-13.454835,19.178853,22.711542
-17.219728,17.560745,22.707422
-20.639506,15.113149,22.701646
-22.881141,11.724150,22.700600
-24.026108,7.645979,22.703606
-24.497435,3.594448,22.702879
-23.802329,-0.539721,22.703534
-22.482585,-4.256521,22.706976
-20.849832,-7.815666,22.707161
-18.926458,-11.069336,22.704050
-16.597916,-14.225112,22.706790
-14.057545,-17.032495,22.703636
-10.971587,-19.438230,22.703946
-7.452235,-21.202752,22.709192
-3.822870,-22.255353,22.709673
0.105683,-22.354873,22.711408
3.781118,-21.492435,22.709681
7.292620,-20.073291,22.705358
10.432258,-18.549683,22.702315
12.960786,-16.036626,19.958194
15.631854,-13.944059,19.958135
17.993103,-11.729704,19.960591
20.180023,-9.132152,19.962267
21.987857,-6.267554,19.958188
23.302604,-2.982297,19.952543
23.976640,0.498938,19.951711
23.773500,3.877485,19.951794
22.700860,7.258207,19.952183
21.034661,10.210836,19.956419
18.847139,12.802201,19.960976
16.365916,14.889418,19.953698
13.747356,16.542071,19.952830
11.087681,17.809133,19.955365
8.326266,18.842811,19.953835
5.651289,19.667315,19.951803
2.920229,20.282260,19.953273
-0.142299,20.742148,19.953640
-3.226792,20.922677,19.954029
-6.622235,21.032502,19.957160
-10.443422,20.978773,19.960499
-14.291222,19.951179,19.957628
-18.087296,18.309777,19.952178
-21.778988,15.866939,19.954249
-24.723267,12.372223,19.957209
-26.263418,8.212994,19.954988
-26.454128,3.643085,19.959779
-25.656057,-0.710325,19.955673
-24.242214,-4.743448,19.958247
-22.436012,-8.454847,19.959929
-20.277418,-11.971595,19.952050
-17.762107,-15.243329,19.957797
-14.944934,-18.057039,19.960461
-11.565947,-20.429394,19.960329
-7.896132,-21.978902,19.959958
-3.819557,-22.649292,19.957659
0.150227,-22.377221,19.959115
3.878702,-21.448472,19.955924
7.239297,-19.967417,19.953178
10.224862,-18.070691,19.955607
12.492087,-15.280393,17.199756
14.921603,-13.127206,17.206931
17.083322,-10.915562,17.207601
19.113131,-8.385968,17.206768
20.783799,-5.777304,17.207717
22.172393,-2.682101,17.203828
22.766865,0.506195,17.208870
22.597129,3.899882,17.205384
21.714480,7.020137,17.201702
20.197260,9.890803,17.207025
18.284503,12.326477,17.208978
16.013456,14.430498,17.210860
13.482708,16.213285,17.212630
11.039662,17.584059,17.207666
8.356319,18.803160,17.205138
5.732673,19.783260,17.212514
2.929140,20.695258,17.207746
-0.207525,21.507216,17.204067
-3.556752,22.089261,17.207566
-7.082590,22.146815,17.207853
-10.728803,21.557171,17.202300
-14.736864,20.564431,17.205280
-18.770002,18.763637,17.207315
-22.547332,16.178238,17.208842
-25.679868,12.819761,17.206626
-27.566198,8.501801,17.200251
-27.533070,3.780628,17.204238
-26.620742,-0.720884,17.212324
-25.073912,-5.005422,17.206567
-23.107581,-8.808492,17.198857
-20.803836,-12.408455,17.205176
-18.236876,-15.643005,17.211999
-15.215670,-18.451961,17.208301
-11.726041,-20.681575,17.206560
-7.830346,-22.027437,17.209468
-3.700104,-22.267630,17.207423
0.096161,-21.748116,17.205321
3.812185,-20.766146,17.204191
7.030827,-19.336324,17.201691
9.966059,-17.355960,17.198440
11.961964,-14.407498,14.453616
14.122949,-12.270925,14.456727
16.045062,-10.105337,14.461245
17.881958,-7.691867,14.459333
19.442361,-5.247563,14.452365
20.855524,-2.390808,14.452797
21.368563,0.593043,14.452712
21.264604,3.650359,14.456764
20.545509,6.740132,14.458523
19.211503,9.478487,14.454312
17.425482,11.937183,14.454715
15.399419,14.004126,14.455949
13.135418,15.804934,14.456586
10.845894,17.330663,14.455089
8.315238,18.728441,14.453171
5.673624,19.912897,14.455082
2.874219,21.097402,14.459004
-0.250550,22.202685,14.456825
-3.794164,23.140665,14.451349
-7.495400,23.085737,14.450979
-10.966298,21.973502,14.454596
-15.038573,20.950575,14.454935
-19.094833,19.068476,14.459434
-22.702376,16.389842,14.458361
-25.967135,12.851231,14.454692
-27.895654,8.510883,14.459341
-27.636572,3.735278,14.461587
-26.584715,-0.806215,14.452643
-24.994006,-4.977752,14.452785
-22.990557,-8.675144,14.457117
-20.670868,-12.170309,14.456014
-17.996643,-15.407597,14.461547
-14.941688,-18.060245,14.457342
-11.425406,-20.117408,14.451180
-7.542294,-21.220824,14.452020
-3.478503,-21.129070,14.454397
0.218258,-20.422452,14.452625
3.688943,-19.401306,14.451006
6.744604,-18.081632,14.450944
9.585360,-16.323609,14.451815
11.245059,-13.220038,11.706476
13.120484,-11.184749,11.709316
14.844735,-9.001306,11.708206
16.356635,-6.854300,11.706838
17.818642,-4.486744,11.709647
19.098445,-2.018654,11.710658
19.522131,0.701789,11.705697
19.448918,3.501190,11.705188
18.916720,6.348616,11.705337
17.803189,8.898871,11.703458
16.291367,11.224380,11.706527
14.580763,13.229511,11.702412
12.554347,15.121233,11.707693
10.503539,16.780972,11.711828
8.215923,18.342293,11.707411
5.656042,19.735864,11.706550
2.948971,21.149313,11.709675
-0.209939,22.524324,11.706994
-3.848217,23.698805,11.703986
-7.637413,23.629969,11.705846
-11.142434,22.207745,11.707523
-15.297950,21.097538,11.708086
-19.142313,19.197728,11.708852
-22.647763,16.246817,11.706705
-25.564442,12.658411,11.703949
-27.270618,8.443188,11.704029
-26.844977,3.742024,11.704754
-25.692512,-0.721327,11.709274
-24.119489,-4.700478,11.708188
-22.086297,-8.341190,11.705509
-19.779556,-11.635073,11.706808
-17.088396,-14.628705,11.704809
-14.039269,-17.021983,11.705207
-10.574369,-18.835682,11.708980
-6.943351,-19.666266,11.711049
-3.058754,-19.337559,11.708354
0.323291,-18.551199,11.706078
3.468468,-17.494825,11.706684
6.300966,-16.305729,11.707117
8.906500,-14.940923,11.706099
10.167472,-11.444854,8.959388
11.744568,-9.582535,8.957302
13.157320,-7.565884,8.958187
14.374541,-5.599859,8.959427
15.476089,-3.548813,8.955777
16.469094,-1.443335,8.951405
16.825471,0.963707,8.955672
16.801260,3.303442,8.960487
16.456955,5.718531,8.960762
15.664052,7.907148,8.959239
14.493687,10.060041,8.957802
13.177342,11.973174,8.955249
11.594990,13.841854,8.956032
9.798175,15.697323,8.958799
7.861693,17.395082,8.957201
5.526854,19.011781,8.953261
2.905233,20.662275,8.959601
-0.195990,22.208802,8.963242
-3.793895,23.433928,8.956178
-7.593887,23.469210,8.951593
-11.166801,22.256338,8.956113
-15.256747,21.074924,8.955052
-19.010229,19.073501,8.959415
-22.153810,16.019565,8.958524
-24.559466,12.301379,8.953326
-25.850198,8.135104,8.953614
-25.304638,3.649537,8.952767
-24.166103,-0.476309,8.950311
-22.659596,-4.304095,8.956486
-20.707651,-7.800563,8.962288
-18.467159,-10.796547,8.960441
-15.794943,-13.419497,8.961641
-12.695380,-15.499477,8.953713
-9.491484,-16.929643,8.955256
-6.084706,-17.547049,8.960937
-2.614186,-17.127868,8.954883
0.512402,-16.311943,8.957837
3.263883,-15.242399,8.957077
5.758650,-14.120619,8.955475
8.095379,-12.945349,8.957831
8.729297,-9.308881,6.202353
10.068056,-7.684351,6.203397
11.142537,-5.998697,6.202735
12.058415,-4.231134,6.204156
12.750690,-2.486124,6.207950
13.277671,-0.684790,6.207628
13.561606,1.168946,6.206694
13.600484,3.046295,6.206600
13.387648,4.910068,6.205530
12.912112,6.725688,6.205791
12.175349,8.578013,6.209680
11.292285,10.365620,6.202952
10.205692,12.173854,6.200098
8.847357,14.087549,6.201515
7.249699,15.959121,6.201910
5.270731,17.793562,6.205179
2.829125,19.621034,6.204568
-0.154599,21.249156,6.208373
-3.506366,22.356768,6.210493
-7.237172,22.660203,6.205685
-11.068180,22.047266,6.202474
-14.984953,20.821658,6.207562
-18.652841,18.692028,6.206707
-21.408995,15.524644,6.204477
-23.122293,11.752271,6.207455
-23.863527,7.610146,6.210537
-23.350002,3.534022,6.207440
-22.320241,-0.327610,6.208713
-20.951038,-3.942505,6.204949
-19.209551,-7.137442,6.199785
-17.015696,-9.889592,6.202217
-14.311056,-12.144650,6.206334
-11.330454,-13.777135,6.202681
-8.212281,-14.850992,6.202990
-5.077714,-15.217018,6.207118
-2.047404,-14.816069,6.206941
0.665821,-14.049951,6.208033
3.018679,-13.015341,6.204919
5.198169,-11.833656,6.201204
7.107195,-10.646535,6.201058
7.514614,-7.307498,3.450834
8.609127,-5.992129,3.456469
9.455252,-4.637660,3.459278
10.101659,-3.167222,3.458864
10.510280,-1.620088,3.459531
10.607050,-0.129719,3.458236
10.808138,1.352562,3.452415
10.883996,2.731431,3.455612
10.714161,4.221620,3.459890
10.451128,5.690639,3.452292
10.042580,7.238652,3.451091
9.558660,8.765037,3.453854
8.857173,10.553315,3.455828
7.890314,12.456008,3.458664
6.614856,14.429177,3.459935
4.905300,16.477576,3.452926
2.712022,18.347618,3.450452
0.018363,19.894259,3.458344
-3.129698,20.856820,3.459893
-6.744012,21.417326,3.452162
-10.775977,21.498544,3.451678
-14.518434,20.224105,3.458400
-17.919079,18.114192,3.462220
-20.306791,14.900209,3.458822
-21.377970,11.056665,3.455094
-21.631452,7.120334,3.454146
-21.371039,3.391749,3.452020
-20.614856,-0.155585,3.458302
-19.496118,-3.500672,3.456761
-17.950020,-6.547540,3.453427
-15.756860,-9.168976,3.459302
-13.054894,-11.084394,3.459892
-10.114117,-12.365724,3.454906
-7.199798,-13.028111,3.452129
-4.318191,-13.158903,3.451470
-1.667784,-12.839351,3.451153
0.793164,-12.121030,3.455843
2.906385,-11.097799,3.456889
4.681478,-9.908555,3.453488
6.235422,-8.601363,3.450123
6.687511,-6.122746,0.704550
7.657360,-4.989504,0.704496
8.459159,-3.751231,0.703772
8.982709,-2.458659,0.703942
9.261870,-1.102278,0.707828
9.191812,0.182820,0.711593
9.295178,1.363120,0.706008
9.357236,2.640202,0.704395
9.189026,3.821879,0.710805
9.003411,5.093081,0.710398
8.755472,6.355338,0.703949
8.412058,7.799384,0.705657
7.938916,9.414426,0.705775
7.201146,11.248760,0.706540
6.167859,13.168687,0.712705
4.684601,15.269593,0.708750
2.641467,17.142377,0.706897
0.133318,18.565187,0.707114
-2.810079,19.355424,0.705137
-6.149305,19.995981,0.705335
-10.131375,20.478351,0.710650
-13.588756,19.245123,0.708937
-16.814448,17.170688,0.707438
-18.846327,14.094555,0.703244
-19.498364,10.338371,0.704070
-19.596806,6.688406,0.709929
-19.775431,3.227232,0.706544
-19.390567,-0.108453,0.709262
-18.541895,-3.274266,0.704198
-17.174199,-6.238693,0.700828
-15.064547,-8.736367,0.709549
-12.403989,-10.459747,0.708943
-9.512711,-11.522143,0.703707
-6.480172,-11.916784,0.702720
-3.800980,-11.837218,0.705650
-1.347647,-11.528817,0.706888
0.828209,-10.863268,0.705229
2.775990,-9.874605,0.705263
4.345886,-8.681167,0.705905
5.649180,-7.330505,0.705209
6.389452,-5.608477,-2.047541
7.310225,-4.538738,-2.043114
8.088859,-3.381098,-2.044211
8.570235,-2.253765,-2.047147
8.876288,-0.978382,-2.043124
8.841550,0.237229,-2.038613
8.943400,1.449293,-2.043629
8.984882,2.564977,-2.048578
8.811133,3.680878,-2.047596
8.608425,4.879699,-2.046578
8.355287,6.070227,-2.046936
8.001822,7.429373,-2.042900
7.536537,8.952621,-2.044417
6.873896,10.601178,-2.048469
5.859139,12.504853,-2.046973
4.470494,14.502461,-2.047322
2.593430,16.199253,-2.041699
0.180644,17.469387,-2.044218
-2.451732,18.073255,-2.046305
-5.533489,18.551441,-2.045599
-9.042990,18.855006,-2.048038
-12.221979,17.714656,-2.045598
-15.118034,15.864166,-2.043520
-17.047373,12.960386,-2.043009
-17.700869,9.601017,-2.042067
-18.068263,6.359674,-2.041350
-18.736020,3.243436,-2.043782
-18.817479,-0.024798,-2.047503
-18.260475,-3.175989,-2.049311
-17.027058,-6.210447,-2.043854
-15.014919,-8.685195,-2.037555
-12.332328,-10.408358,-2.045172
-9.385460,-11.377767,-2.048042
-6.314022,-11.630620,-2.047690
-3.597668,-11.428663,-2.048077
-1.288593,-11.051084,-2.047005
0.841330,-10.344059,-2.045511
2.690009,-9.408372,-2.046626
4.228390,-8.205972,-2.049069
5.451862,-6.792597,-2.049733
6.339268,-5.503350,-4.798018
7.219337,-4.477108,-4.792938
7.999865,-3.389305,-4.796676
8.589412,-2.171671,-4.799315
8.953436,-0.969870,-4.788158
9.036008,0.191690,-4.797053
9.186818,1.441662,-4.800828
9.231244,2.600216,-4.793080
9.055283,3.758772,-4.788020
8.796734,4.986722,-4.789249
8.456652,6.196079,-4.789545
8.015590,7.467537,-4.790474
7.456666,8.887784,-4.792320
6.715322,10.420783,-4.790684
5.698169,12.116190,-4.786901
4.354365,13.910881,-4.790626
2.567907,15.416086,-4.797581
0.287749,16.485091,-4.797313
-2.173495,16.961713,-4.796765
-4.875837,17.088433,-4.797863
-7.815503,16.838056,-4.794268
-10.595955,15.809095,-4.790481
-13.120922,14.204985,-4.795591
-14.998846,11.729925,-4.796874
-16.013472,8.919007,-4.796032
-16.880256,6.096247,-4.797302
-18.001428,3.159998,-4.792727
-18.527293,-0.022541,-4.795112
-18.274048,-3.168487,-4.792357
-17.213908,-6.221823,-4.790074
-15.262182,-8.804397,-4.798481
-12.566047,-10.596586,-4.799846
-9.470524,-11.548232,-4.791978
-6.427362,-11.739251,-4.790566
-3.652756,-11.470669,-4.793716
-1.196926,-10.943305,-4.793823
0.901257,-10.159922,-4.796725
2.680053,-9.272221,-4.793432
4.234912,-8.086861,-4.791778
5.396893,-6.722303,-4.796769
6.395910,-5.580542,-7.537362
7.304933,-4.526463,-7.538105
8.080455,-3.488405,-7.544801
8.763024,-2.276294,-7.551952
9.224652,-1.153727,-7.547718
9.490851,0.116510,-7.536622
9.714273,1.401753,-7.544315
9.781518,2.608257,-7.549875
9.608397,3.901034,-7.542266
9.292401,5.161602,-7.540364
8.819267,6.465479,-7.545219
8.271542,7.644587,-7.544007
7.536196,9.021563,-7.542269
6.709805,10.343653,-7.539679
5.639812,11.818300,-7.539339
4.281406,13.393600,-7.550118
2.469733,14.740694,-7.544775
0.372396,15.554570,-7.539057
-1.872787,15.906734,-7.541532
-4.264818,15.632226,-7.542200
-6.565007,14.819476,-7.538478
-8.915126,13.930646,-7.541910
-11.195918,12.503906,-7.540080
-12.958226,10.592564,-7.538674
-14.383230,8.308599,-7.540078
-15.767320,5.805718,-7.543599
-17.202139,3.131161,-7.549909
-18.120206,0.056374,-7.544988
-18.153751,-3.159980,-7.541541
-17.234560,-6.241393,-7.541070
-15.373781,-8.862297,-7.537880
-12.648339,-10.727945,-7.540525
-9.567088,-11.640360,-7.540265
-6.447448,-11.783224,-7.541506
-3.604133,-11.433252,-7.544752
-1.168911,-10.809289,-7.545398
0.920433,-9.972242,-7.545271
2.718655,-9.086231,-7.545242
4.193905,-8.044769,-7.543456
5.388797,-6.791910,-7.539802
6.467363,-5.682525,-10.297805
7.406492,-4.624644,-10.293781
8.215966,-3.571362,-10.288966
8.943697,-2.457415,-10.288165
9.564220,-1.281339,-10.291588
10.015510,-0.031161,-10.290893
10.323279,1.349572,-10.292322
10.409487,2.675719,-10.291634
10.248321,4.080254,-10.289045
9.858235,5.438658,-10.291523
9.284287,6.729849,-10.294761
8.562405,7.944037,-10.297778
7.691950,9.161027,-10.291551
6.686421,10.377623,-10.287392
5.560740,11.600947,-10.290207
4.166028,12.908134,-10.288331
2.469073,13.965223,-10.296057
0.495187,14.570238,-10.296129
-1.615625,14.779143,-10.292105
-3.641886,14.195244,-10.295379
-5.420755,13.090854,-10.299448
-7.515998,12.285153,-10.294373
-9.418973,11.103385,-10.296781
-11.139398,9.524106,-10.293427
-12.800488,7.669326,-10.289248
-14.473859,5.495101,-10.295078
-16.011695,3.025870,-10.296765
-17.118609,0.147638,-10.293510
-17.353529,-3.001216,-10.290014
-16.566574,-5.988095,-10.289586
-14.837096,-8.537902,-10.291234
-12.248702,-10.363294,-10.291922
-9.217434,-11.265160,-10.291616
-6.223730,-11.387500,-10.293585
-3.503872,-11.020065,-10.292920
-1.101065,-10.352901,-10.287820
0.898096,-9.535946,-10.288068
2.617820,-8.695606,-10.290888
4.102783,-7.783612,-10.294493
5.395991,-6.735949,-10.297703
6.475174,-5.666080,-13.047698
7.424526,-4.657673,-13.044502
8.290233,-3.561578,-13.042125
9.077868,-2.512191,-13.039142
9.832207,-1.341859,-13.036391
10.468642,-0.100678,-13.042436
10.835681,1.316693,-13.043443
10.936774,2.789200,-13.038751
10.789824,4.247540,-13.038515
10.342804,5.649923,-13.041882
9.666003,6.954405,-13.040273
8.801574,8.142379,-13.043703
7.745986,9.272549,-13.038899
6.664453,10.267251,-13.041000
5.416528,11.305180,-13.050702
4.025153,12.285186,-13.043156
2.349968,13.091711,-13.040436
0.621072,13.450371,-13.041393
-1.278758,13.468401,-13.044896
-3.008252,12.726773,-13.043494
-4.482477,11.587239,-13.039546
-6.206049,10.887339,-13.045247
-7.908576,9.823061,-13.049164
-9.516904,8.486055,-13.047205
-11.203203,7.002374,-13.046389
-12.873552,5.185547,-13.046450
-14.169564,2.895324,-13.039773
-15.144623,0.354825,-13.045363
-15.430246,-2.480457,-13.047580
-14.772356,-5.203415,-13.044334
-13.264556,-7.548421,-13.046860
-11.034694,-9.230120,-13.048627
-8.325515,-10.150168,-13.043676
-5.620240,-10.407763,-13.040122
-3.087347,-10.141160,-13.043607
-0.863098,-9.471466,-13.047169
0.999792,-8.710507,-13.043430
2.589509,-7.924309,-13.045640
3.970794,-7.209612,-13.049768
5.278770,-6.506725,-13.050029
6.273954,-5.414505,-15.787312
7.246632,-4.477995,-15.794633
8.080505,-3.453688,-15.797099
8.973996,-2.416662,-15.793610
9.815666,-1.327298,-15.794188
10.629988,-0.125242,-15.789975
11.036651,1.314842,-15.794567
11.143099,2.771148,-15.794934
11.029965,4.270586,-15.789613
10.541520,5.707576,-15.793173
9.777526,7.013722,-15.797375
8.786948,8.157425,-15.789300
7.625608,9.125136,-15.793537
6.444671,9.958402,-15.799115
5.159692,10.752590,-15.792989
3.792377,11.403009,-15.789168
2.289844,11.902077,-15.792594
0.723206,12.054660,-15.794013
-0.872794,11.872137,-15.797366
-2.311238,11.115561,-15.795654
-3.563534,10.150914,-15.791885
-5.010482,9.503673,-15.799147
-6.397683,8.609940,-15.800833
-7.806854,7.519507,-15.794022
-9.450543,6.339421,-15.793907
-10.993532,4.731735,-15.799636
-11.630671,2.755503,-15.789975
-12.219540,0.616599,-15.788178
-12.375984,-1.692645,-15.792990
-11.831338,-3.917069,-15.792517
-10.649934,-5.933466,-15.789810
-8.922610,-7.417225,-15.795886
-6.853379,-8.329062,-15.795374
-4.692259,-8.861313,-15.793174
-2.584595,-8.872755,-15.795482
-0.609356,-8.241511,-15.797299
1.055772,-7.577079,-15.794103
2.467569,-6.881064,-15.794416
3.742320,-6.337959,-15.793860
5.026966,-5.954701,-15.789198
5.779021,-4.626564,-18.548468
6.710161,-3.837664,-18.541667
7.472306,-2.951989,-18.541227
8.349781,-2.057481,-18.543996
9.202170,-1.126426,-18.539804
10.156664,-0.035017,-18.548136
10.580879,1.301005,-18.546501
10.687519,2.757078,-18.542766
10.602313,4.174198,-18.542449
10.107459,5.527328,-18.540197
9.319776,6.725787,-18.547273
8.296929,7.731456,-18.546864
7.151476,8.490595,-18.543925
5.941862,9.153993,-18.540743
4.736261,9.677540,-18.539947
3.514057,9.998949,-18.541697
2.217153,10.240836,-18.538488
0.899383,10.203030,-18.546673
-0.370314,9.841746,-18.547264
-1.493030,9.265428,-18.546090
-2.587204,8.640176,-18.546783
-3.756225,8.029562,-18.541866
-4.846088,7.282129,-18.548020
-5.977703,6.439900,-18.548355
-7.488662,5.539643,-18.546164
-8.638583,4.220677,-18.548431
-8.475494,2.517187,-18.545123
-8.604857,0.907327,-18.541801
-8.580400,-0.737411,-18.545044
-8.147086,-2.358794,-18.545056
-7.400059,-3.842467,-18.539608
-6.272726,-5.074033,-18.542639
-4.826802,-5.974234,-18.547743
-3.431849,-6.749632,-18.548236
-1.938311,-7.135359,-18.547912
-0.225766,-6.560507,-18.548292
1.175532,-6.017971,-18.540339
2.358413,-5.455535,-18.540539
3.442613,-5.061880,-18.546356
4.622432,-4.902240,-18.549712
4.682542,-2.878633,-21.293720
5.399992,-2.360951,-21.298198
6.018758,-1.720185,-21.295886
6.704671,-1.117522,-21.288772
7.462491,-0.403703,-21.290055
8.348254,0.387408,-21.292066
8.788319,1.427697,-21.294465
8.905926,2.576373,-21.295197
8.854004,3.729176,-21.292248
8.422603,4.821562,-21.290466
7.751679,5.727006,-21.292699
6.858115,6.479696,-21.289725
5.904279,6.992151,-21.291399
4.933488,7.380715,-21.295954
3.968382,7.633703,-21.295051
2.970550,7.727519,-21.292747
2.054122,7.759663,-21.296942
1.145348,7.616514,-21.295811
0.323562,7.196253,-21.291516
-0.514189,6.988210,-21.292370
-1.435481,6.788921,-21.295767
-2.159895,6.268678,-21.296257
-2.939193,5.707456,-21.298177
-3.763687,5.125144,-21.299076
-4.922493,4.501614,-21.295766
-5.520081,3.491899,-21.292907
-4.834197,2.323139,-21.294770
-4.775437,1.282300,-21.291982
-4.698841,0.244206,-21.289911
-4.432767,-0.724186,-21.290974
-4.011824,-1.679127,-21.293682
-3.360981,-2.550887,-21.295562
-2.561476,-3.198144,-21.295997
-1.813580,-4.002532,-21.293139
-0.912003,-4.627526,-21.289111
0.273232,-4.215370,-21.291301
1.309632,-3.809461,-21.297203
2.179832,-3.447428,-21.295172
2.975690,-3.173856,-21.290085
3.788196,-3.062662,-21.289914
1.870214,2.169899,-24.043835
