-16.313530,46.645224,35.718583
-23.266062,43.410455,35.718583
-29.058350,38.391980,35.718583
-33.471850,32.117159,35.718583
-36.544861,25.332850,35.718583
-38.387776,18.555965,35.718583
-39.175597,11.791013,35.718583
-38.909852,5.198820,35.718583
-37.529224,-1.038002,35.718583
-34.961700,-6.652593,35.718583
-31.263139,-11.329354,35.718583
-26.802803,-14.957478,35.718583
-22.131808,-17.506906,35.718583
-17.532240,-19.179306,35.718584
-13.172121,-20.156296,35.718584
-8.940659,-20.603360,35.718584
-5.323937,-20.609602,35.718584
-1.723963,-20.264782,35.718584
1.409428,-19.660121,35.718584
4.472210,-18.764290,35.718584
7.430557,-17.568264,35.718584
10.063245,-16.175112,35.718584
12.535668,-14.514592,35.718583
14.821523,-12.604897,35.718583
17.050825,-10.321820,35.718583
19.047568,-7.832892,35.718583
20.811090,-5.173357,35.718583
22.529350,-1.991124,35.718583
23.951606,1.334094,35.718583
25.246176,5.387024,35.718583
26.190616,9.971033,35.718583
26.625471,15.059361,35.718583
26.318929,20.796665,35.718584
24.948308,26.817810,35.718584
22.164893,32.802088,35.718584
18.027725,37.948122,35.718584
12.518680,42.300710,35.718584
6.007381,45.531429,35.718584
-1.044442,47.445493,35.718584
-6.610674,37.023332,31.968003
-11.571987,33.949819,31.966892
-16.598305,31.323013,31.967848
-21.044820,27.970778,31.967130
-24.469185,23.678710,31.966233
-27.375070,19.335558,31.967598
-29.751678,14.443944,31.966919
-31.369584,9.457098,31.963239
-32.235849,4.496860,31.966350
-32.317425,-0.744517,31.968402
-31.422910,-5.907936,31.961295
-29.493670,-10.568034,31.969407
-26.673843,-14.727666,31.966024
-23.443821,-18.622578,31.964125
-19.925084,-21.902097,31.969504
-15.901626,-24.221256,31.964606
-11.697899,-26.188113,31.962545
-7.308533,-27.632742,31.970076
-2.736750,-28.481950,31.972921
1.875058,-28.655034,31.969964
6.489101,-28.166759,31.973226
10.908347,-27.359404,31.970324
14.782595,-24.662521,31.972269
17.737967,-20.985333,31.969969
20.129424,-17.528360,31.965372
22.150962,-13.807666,31.969966
23.888152,-10.172868,31.969614
25.458952,-6.462819,31.972447
26.722360,-2.640348,31.968420
27.661935,1.488176,31.962207
28.224384,6.084184,31.969592
28.208680,10.712951,31.968529
27.996698,15.768320,31.968856
26.791398,21.030517,31.967398
24.289177,26.127670,31.967884
20.883975,30.862953,31.974056
16.386962,34.606215,31.966841
10.973389,37.260507,31.968560
5.188018,38.639349,31.973028
-0.814254,38.697834,31.971441
-5.791594,32.835290,28.219252
-10.291337,30.497564,28.220231
-14.746187,28.021844,28.218221
-18.555787,25.034838,28.222518
-21.720092,21.298851,28.223136
-24.454592,17.272259,28.212480
-26.584450,13.116651,28.216540
-28.207231,8.735307,28.214443
-29.322198,3.993030,28.212566
-29.802052,-0.654217,28.218150
-29.621350,-5.524654,28.219946
-28.615021,-10.296889,28.214390
-26.847988,-14.826214,28.220183
-24.581698,-19.397013,28.224894
-21.589746,-23.710849,28.218881
-17.699859,-26.995098,28.217667
-13.263107,-29.873278,28.220282
-8.458731,-32.029046,28.218475
-3.331641,-33.367313,28.213613
2.112832,-33.801308,28.213744
7.376550,-33.315134,28.218532
12.787725,-32.075636,28.215287
17.015790,-28.776459,28.212946
20.474185,-24.408034,28.220522
23.291265,-20.469142,28.225734
25.566742,-16.153792,28.220428
27.394852,-11.856547,28.221828
28.915970,-7.441601,28.222129
30.000696,-2.903547,28.216662
30.591711,1.734902,28.211540
30.624662,6.401553,28.211466
29.945284,11.218151,28.211625
29.005048,16.450887,28.216360
26.958452,21.249863,28.218193
23.705859,25.470263,28.219351
19.961935,29.174381,28.225420
15.293793,32.056521,28.225783
10.119720,33.860766,28.224674
4.641058,34.609801,28.222794
-0.706435,34.290155,28.220182
-5.353158,30.614734,24.471171
-9.696750,28.725724,24.465068
-13.856072,26.429816,24.461679
-17.416365,23.646695,24.466945
-20.584350,20.107094,24.472011
-23.174354,16.389988,24.468541
-25.288875,12.380509,24.470982
-26.862465,8.348303,24.469302
-28.030410,3.969132,24.465558
-28.721718,-0.719797,24.466879
-28.866436,-5.456862,24.468315
-28.411461,-10.176513,24.459849
-27.230835,-15.182077,24.469687
-25.488960,-20.051932,24.478247
-22.767131,-24.881973,24.468427
-18.873649,-28.873502,24.462503
-14.370483,-32.155145,24.462456
-9.184879,-34.663989,24.467261
-3.605641,-36.191673,24.465694
2.132874,-36.672789,24.462277
8.084159,-36.059500,24.469722
13.676907,-34.486094,24.472747
18.471591,-31.030022,24.476925
22.268268,-26.889095,24.472873
25.637417,-22.490076,24.462350
28.202003,-17.780018,24.462317
30.148225,-13.010379,24.470767
31.562919,-8.271953,24.472987
32.491203,-3.208041,24.473638
32.811332,1.732393,24.474589
32.450177,6.867779,24.470365
31.261704,11.872468,24.466380
29.651844,16.803758,24.463647
26.977664,21.145444,24.462091
23.262781,24.772431,24.468175
18.989856,27.986380,24.475572
14.351017,30.233018,24.462457
9.386427,31.605712,24.467402
4.442982,32.110876,24.477348
-0.537262,31.796627,24.476992
-5.103432,29.377538,20.711219
-9.410336,27.793352,20.723343
-13.472951,25.645989,20.727260
-16.960305,23.002436,20.727374
-20.122120,19.668381,20.727195
-22.695326,16.123826,20.724465
-24.810906,12.287655,20.724109
-26.476010,8.234650,20.717550
-27.733247,3.821388,20.716866
-28.502279,-0.703354,20.721861
-28.811757,-5.282341,20.716675
-28.629715,-10.286284,20.710499
-27.810671,-15.434286,20.718412
-26.217905,-20.630831,20.717939
-23.461020,-25.772322,20.710978
-19.684554,-29.964084,20.724196
-14.999800,-33.463477,20.719700
-9.546516,-36.079318,20.721805
-3.894981,-37.584107,20.720701
2.137227,-38.047598,20.713143
8.152184,-37.363980,20.718392
13.934222,-35.546045,20.713961
19.122892,-32.454012,20.713993
23.620902,-28.386602,20.714411
27.158163,-24.008030,20.711878
29.981490,-19.131525,20.716881
32.111744,-13.916767,20.726637
33.516837,-8.677850,20.723299
34.258919,-3.515898,20.720845
34.356739,1.909889,20.725351
33.704123,7.083689,20.727018
32.215160,12.078848,20.727689
29.982307,16.815288,20.719316
26.617587,21.038019,20.711661
22.720533,24.213745,20.711420
18.288296,26.953326,20.713119
13.672250,28.896677,20.716224
9.018889,30.060863,20.721076
4.228152,30.531480,20.718960
-0.385091,30.320058,20.711385
-4.962638,28.712256,16.966859
-9.169388,27.389972,16.969094
-13.317067,25.352193,16.962648
-16.896998,22.779959,16.965211
-20.031802,19.675674,16.972020
-22.710622,16.173730,16.965068
-24.919097,12.357720,16.958514
-26.663638,8.308061,16.968044
-27.995062,3.885676,16.973656
-28.832694,-0.656610,16.968362
-29.222362,-5.469359,16.969533
-29.137023,-10.506497,16.969856
-28.444592,-15.713331,16.975339
-26.782033,-21.132532,16.976128
-23.914477,-26.270205,16.968473
-19.981835,-30.646349,16.968491
-15.204414,-34.077101,16.974483
-9.654554,-36.593332,16.972139
-3.945746,-37.995029,16.968423
2.139570,-38.368089,16.969520
8.385399,-37.546649,16.967557
13.932348,-35.621556,16.961753
19.415197,-32.917319,16.962656
24.245253,-29.252605,16.965545
28.044526,-24.740549,16.966091
31.087625,-19.713934,16.971040
33.241601,-14.469719,16.977836
34.615263,-8.969497,16.967289
35.236940,-3.544282,16.967625
35.144931,1.912189,16.977216
34.305350,7.095632,16.969870
32.559272,12.273589,16.963521
29.835969,16.757762,16.963538
26.239060,20.589861,16.967171
22.042665,23.742081,16.971685
17.812008,26.072182,16.973527
13.326938,27.864173,16.970356
8.644278,29.030721,16.968077
4.039789,29.533844,16.966643
-0.389659,29.441364,16.965565
-4.884138,28.378606,13.221347
-9.129754,27.227078,13.214129
-13.145429,25.431034,13.220513
-16.982386,22.879149,13.225034
-20.209512,19.889093,13.224869
-23.098998,16.299981,13.226391
-25.378199,12.538473,13.210454
-27.264025,8.334718,13.217494
-28.638437,3.937237,13.221208
-29.511603,-0.586583,13.210598
-29.928290,-5.595003,13.213434
-29.817185,-10.827385,13.211437
-29.032034,-16.224596,13.207618
-27.185615,-21.560396,13.215302
-24.223028,-26.392107,13.226372
-20.212748,-30.673866,13.222559
-15.182399,-34.077143,13.216649
-9.771372,-36.358267,13.223385
-3.845826,-37.668751,13.221661
2.233988,-37.909683,13.213825
8.242419,-37.023412,13.225214
13.741906,-35.025350,13.228719
19.334972,-32.568209,13.217812
24.134115,-29.280791,13.209095
28.001260,-24.826265,13.215204
31.118807,-19.866072,13.226409
33.368091,-14.450758,13.220757
34.649543,-9.157542,13.218691
35.219679,-3.528509,13.222691
35.018681,1.908043,13.226123
34.069270,7.060744,13.225002
32.224166,12.196771,13.216063
29.251965,16.484144,13.217897
25.508681,20.177814,13.221472
21.657663,23.052458,13.216912
17.218955,25.419064,13.213428
12.938930,27.125517,13.220949
8.486544,28.295038,13.217894
4.116318,28.880036,13.215703
-0.509647,28.921737,13.220894
-4.837949,28.221097,9.472556
-9.069352,27.241595,9.466325
-13.282107,25.526237,9.462089
-17.153857,23.135262,9.464711
-20.590509,20.154421,9.470025
-23.538788,16.689380,9.473359
-25.986292,12.855185,9.475385
-28.013117,8.552883,9.462864
-29.482183,4.030721,9.465681
-30.395957,-0.636705,9.476728
-30.792005,-5.789881,9.464794
-30.582934,-10.952052,9.473981
-29.609303,-16.461884,9.476741
-27.446230,-21.817049,9.467230
-24.235889,-26.404600,9.464805
-20.077344,-30.433781,9.469623
-14.980006,-33.589937,9.464606
-9.563788,-35.654938,9.464175
-3.678345,-36.780679,9.472343
2.118857,-36.884694,9.472607
8.036558,-35.918607,9.461510
13.457078,-33.917624,9.469349
18.772755,-31.545169,9.473961
23.485022,-28.258229,9.467006
27.156367,-24.009916,9.460959
30.232856,-19.112601,9.462474
32.311482,-14.154247,9.463631
33.641598,-8.732022,9.472148
34.172126,-3.378994,9.475576
33.968634,1.780909,9.474365
33.020005,6.865796,9.475314
31.273740,11.746140,9.465831
28.324602,15.961799,9.466922
24.814114,19.506005,9.465129
21.086706,22.435268,9.462886
16.920522,24.738817,9.471365
12.725114,26.497196,9.471695
8.355665,27.746076,9.471034
4.058265,28.433921,9.472639
-0.503895,28.610706,9.474347
-4.801565,28.120124,5.717451
-9.169772,27.261544,5.709312
-13.341239,25.713791,5.715310
-17.384311,23.405127,5.720451
-20.996730,20.473944,5.715971
-24.102159,17.007337,5.717052
-26.686620,13.138205,5.724975
-28.824676,8.779207,5.717740
-30.375895,4.178891,5.708618
-31.354113,-0.783302,5.712520
-31.681638,-6.032347,5.721130
-31.301295,-11.275789,5.724945
-30.023842,-16.809494,5.724258
-27.548379,-21.886773,5.719851
-23.947819,-26.282653,5.718246
-19.628011,-29.945135,5.723704
-14.678687,-32.699668,5.725325
-9.117651,-34.581391,5.726917
-3.523590,-35.464490,5.724749
2.144562,-35.416111,5.718356
7.718777,-34.407272,5.714739
12.843333,-32.533039,5.713649
17.723093,-30.042196,5.713671
22.192008,-26.593612,5.716701
25.606795,-22.574364,5.721177
28.472822,-17.927921,5.724058
30.435283,-13.266009,5.725312
31.736188,-8.170729,5.720815
32.302842,-3.142046,5.721483
32.181372,1.707018,5.726430
31.309616,6.692177,5.723586
29.719372,11.289541,5.716897
27.075513,15.339898,5.722274
23.945525,18.811902,5.722795
20.419352,21.825459,5.719186
16.410334,24.197833,5.721461
12.342751,26.002752,5.715769
8.289033,27.261205,5.712210
3.905062,28.077641,5.714690
-0.347906,28.366680,5.718951
-4.755454,27.970356,1.965590
-9.219517,27.247177,1.973093
-13.494438,25.787252,1.965877
-17.492775,23.665782,1.957062
-21.257750,20.828413,1.963164
-24.505624,17.404472,1.972812
-27.326991,13.381177,1.962342
-29.553374,9.001266,1.968480
-31.167645,4.359858,1.972378
-32.201078,-0.845644,1.964840
-32.458509,-6.146227,1.971923
-31.890730,-11.420446,1.977317
-30.289877,-16.909249,1.974057
-27.535773,-21.654461,1.966525
-23.579056,-25.782651,1.966375
-19.158987,-29.058544,1.976345
-14.050734,-31.586426,1.977220
-8.771233,-33.143968,1.975390
-3.308457,-33.838280,1.977190
1.992918,-33.656890,1.976096
7.390569,-32.576656,1.967088
12.203079,-30.831608,1.963563
16.693321,-28.026267,1.963926
20.468404,-24.564140,1.963802
23.697645,-20.609966,1.965544
26.111991,-16.556016,1.970761
28.031806,-12.032930,1.971875
29.286803,-7.487064,1.971073
29.925422,-3.010197,1.969968
29.942616,1.704112,1.965795
29.291811,6.179584,1.961201
27.965378,10.507072,1.966300
25.787803,14.456404,1.973925
23.008820,18.040494,1.966929
19.742003,21.149861,1.963132
16.119705,23.520148,1.973880
12.224942,25.398431,1.964984
8.132919,26.786342,1.962464
3.896502,27.683766,1.963995
-0.421637,28.085250,1.962828
-4.680163,27.667333,-1.778390
-9.017347,27.119590,-1.783414
-13.365702,25.774063,-1.787107
-17.626011,23.657667,-1.782174
-21.490288,20.907147,-1.777988
-24.830488,17.527421,-1.782371
-27.734720,13.532755,-1.779527
-30.031708,9.161434,-1.786231
-31.744508,4.327434,-1.786644
-32.761881,-0.893826,-1.781282
-32.940655,-6.209479,-1.786755
-32.135593,-11.656884,-1.776511
-30.256015,-16.855985,-1.784790
-27.135172,-21.372123,-1.785137
-22.999397,-25.038740,-1.772510
-18.367813,-28.014596,-1.780800
-13.497926,-30.152868,-1.782180
-8.349216,-31.478321,-1.781513
-3.048112,-31.984070,-1.780846
2.060420,-31.648633,-1.782506
6.882299,-30.571505,-1.787824
11.544776,-28.864459,-1.784109
15.448846,-25.913850,-1.779932
18.682042,-22.389220,-1.776128
21.483175,-18.812172,-1.775799
23.741919,-14.849654,-1.783439
25.458851,-10.833222,-1.784815
26.689914,-6.841066,-1.778719
27.434954,-2.730259,-1.782887
27.616175,1.634668,-1.787629
27.176236,5.790264,-1.778076
26.091373,9.826782,-1.784162
24.277395,13.797830,-1.790261
21.978351,17.295342,-1.780903
19.125408,20.341447,-1.773204
15.577949,22.896805,-1.778797
11.862703,24.808934,-1.773705
7.935950,26.232392,-1.771479
3.862800,27.181146,-1.773008
-0.298017,27.662056,-1.774980
-4.553365,27.093516,-5.523440
-8.910513,26.640004,-5.533188
-13.276382,25.355398,-5.530957
-17.407187,23.399294,-5.525448
-21.187134,20.860883,-5.530170
-24.722992,17.428260,-5.538976
-27.578340,13.640812,-5.535543
-30.008924,9.150679,-5.537940
-31.736040,4.344032,-5.536120
-32.738068,-0.850981,-5.526892
-32.844842,-6.140055,-5.527629
-31.871000,-11.523406,-5.530776
-29.728559,-16.581857,-5.529156
-26.316903,-20.832979,-5.531906
-22.108326,-24.069372,-5.533396
-17.521649,-26.695919,-5.524523
-12.770064,-28.567333,-5.528652
-7.786304,-29.671129,-5.527891
-2.864572,-29.988603,-5.528637
1.848609,-29.557471,-5.536612
6.452852,-28.416942,-5.540119
10.734443,-26.750746,-5.538454
14.296550,-23.710332,-5.537096
17.100040,-20.298411,-5.533249
19.609490,-16.957486,-5.526897
21.568343,-13.452428,-5.525036
23.179677,-9.778623,-5.529680
24.403524,-6.150368,-5.532493
25.216462,-2.408941,-5.528704
25.525437,1.409818,-5.526351
25.254398,5.412529,-5.531929
24.348690,9.320345,-5.532475
23.001634,12.908050,-5.530810
20.931945,16.556853,-5.526989
18.311328,19.595321,-5.521613
15.150011,22.070126,-5.523196
11.467366,24.078197,-5.538762
7.718825,25.508432,-5.538651
3.824778,26.479851,-5.528795
-0.343683,27.018049,-5.521808
-4.357302,26.159335,-9.280555
-8.663589,25.689817,-9.284164
-12.825726,24.511355,-9.276218
-16.766847,22.700817,-9.279145
-20.511708,20.206046,-9.287239
-23.894543,16.972807,-9.278278
-26.832401,13.113226,-9.278471
-29.145249,8.850617,-9.283287
-30.791146,4.287427,-9.285489
-31.758009,-0.819480,-9.285631
-31.795925,-6.016927,-9.286596
-30.752727,-11.110195,-9.287660
-28.534525,-15.825784,-9.287508
-25.024913,-19.874020,-9.280426
-20.940964,-22.822438,-9.276928
-16.502159,-25.168281,-9.286307
-11.939995,-26.815302,-9.285445
-7.179151,-27.728483,-9.275942
-2.672818,-27.887651,-9.278114
1.793446,-27.361785,-9.284798
5.969594,-26.214179,-9.277086
9.959383,-24.468874,-9.275320
13.183242,-21.637326,-9.279069
15.736378,-18.544252,-9.281451
18.015431,-15.505107,-9.280546
19.830092,-12.350878,-9.279042
21.353298,-9.048760,-9.280096
22.593726,-5.629791,-9.276965
23.435155,-2.093715,-9.284314
23.791826,1.354578,-9.287446
23.639904,5.160498,-9.274085
22.912395,8.722846,-9.285352
21.711201,12.344015,-9.283293
19.941233,15.714364,-9.283151
17.535423,18.674695,-9.286450
14.472041,21.222164,-9.278185
11.163310,23.113354,-9.278609
7.461434,24.584770,-9.279509
3.599796,25.573327,-9.278469
-0.360466,26.093173,-9.278120
-4.087224,24.847002,-13.039327
-8.083486,24.238928,-13.033503
-11.993552,23.182726,-13.028584
-15.813051,21.438925,-13.030086
-19.246543,18.999011,-13.033414
-22.357122,15.933334,-13.033201
-25.068674,12.305423,-13.036017
-27.224883,8.320828,-13.029933
-28.759776,4.058922,-13.028573
-29.644122,-0.713405,-13.033363
-29.665322,-5.568328,-13.029138
-28.675330,-10.328878,-13.029985
-26.490517,-14.657011,-13.032430
-23.316986,-18.344962,-13.033253
-19.472955,-21.304687,-13.029374
-15.301359,-23.454131,-13.023950
-11.007060,-24.900417,-13.031868
-6.701279,-25.622868,-13.036933
-2.331503,-25.659508,-13.037988
1.671591,-25.089079,-13.033189
5.540648,-23.910400,-13.024059
9.009507,-22.151866,-13.036202
12.013971,-19.707560,-13.032982
14.540834,-16.966326,-13.024220
16.619019,-14.284449,-13.027495
18.398424,-11.390771,-13.030083
19.889184,-8.339234,-13.026773
21.081729,-5.158840,-13.035473
21.874315,-2.023379,-13.034493
22.282476,1.350272,-13.025645
22.207323,4.745947,-13.028722
21.578407,8.247206,-13.024159
20.510672,11.646562,-13.028007
18.899464,14.815707,-13.027099
16.593130,17.740347,-13.029543
13.776316,20.171574,-13.040418
10.570759,22.062183,-13.026387
7.120774,23.449199,-13.027518
3.508683,24.386394,-13.037284
-0.199136,24.872517,-13.041058
-3.742537,23.161466,-16.779457
-7.330022,22.272464,-16.787432
-10.928535,21.331723,-16.787903
-14.393615,19.732969,-16.780730
-17.405930,17.298021,-16.777231
-20.139867,14.390243,-16.781785
-22.449589,11.129367,-16.783535
-24.315535,7.592626,-16.781721
-25.708947,3.687829,-16.777161
-26.478134,-0.533145,-16.777697
-26.500092,-4.977319,-16.785392
-25.690873,-9.213504,-16.779494
-23.635471,-13.112744,-16.774313
-20.955030,-16.516149,-16.778266
-17.727875,-19.529126,-16.781553
-14.053119,-21.470948,-16.776794
-9.967942,-22.808234,-16.777095
-6.017537,-23.395002,-16.774775
-2.168911,-23.333535,-16.771961
1.632017,-22.700551,-16.773627
5.134254,-21.505116,-16.776793
8.181816,-19.690255,-16.778069
10.953616,-17.696151,-16.782662
13.352760,-15.509573,-16.790292
15.325106,-13.099871,-16.787349
17.136185,-10.395697,-16.772720
18.492611,-7.765142,-16.780971
19.617896,-4.866503,-16.781839
20.400990,-1.859647,-16.778227
20.808267,1.372409,-16.782561
20.768320,4.480387,-16.786269
20.240314,7.693300,-16.783897
19.215362,10.943378,-16.778278
17.648012,13.962655,-16.783016
15.550071,16.649132,-16.789363
13.013578,18.920817,-16.782875
9.973431,20.762580,-16.774167
6.822993,22.037158,-16.776520
3.358528,22.944556,-16.779672
-0.205413,23.378265,-16.778029
-3.445617,21.055652,-20.535244
-6.410768,19.906554,-20.533707
-9.642517,19.072301,-20.536217
-12.799600,17.531864,-20.530596
-15.217108,15.195870,-20.523165
-17.440452,12.577469,-20.528316
-19.322934,9.692285,-20.536766
-20.868983,6.607941,-20.535554
-22.029500,3.222004,-20.533708
-22.657777,-0.432331,-20.536215
-22.704126,-4.146907,-20.535433
-22.077646,-7.967019,-20.534428
-20.263151,-11.304066,-20.531328
-18.194851,-14.440439,-20.526959
-15.850848,-17.427160,-20.525747
-12.482768,-19.333276,-20.531076
-8.943628,-20.486283,-20.536028
-5.404691,-20.980024,-20.528082
-1.830157,-20.836643,-20.530141
1.564018,-20.185240,-20.538012
4.553897,-19.095092,-20.528663
7.284227,-17.229951,-20.536485
9.796432,-15.731627,-20.533546
12.147590,-14.048726,-20.524323
14.064823,-11.828176,-20.527178
15.695782,-9.576732,-20.537400
17.095353,-7.019797,-20.540525
18.111983,-4.426998,-20.538872
18.844044,-1.604911,-20.538373
19.222789,1.287082,-20.531723
19.213957,4.203460,-20.523493
18.737611,7.215681,-20.538318
17.764666,10.105366,-20.533493
16.338051,12.801644,-20.531457
14.412461,15.334929,-20.538419
12.067835,17.487618,-20.535974
9.360701,19.165204,-20.537084
6.296810,20.395666,-20.538116
3.163567,21.193376,-20.537872
-0.061118,21.533639,-20.537094
-2.931025,18.632793,-24.275405
-5.482752,17.247336,-24.276163
-8.307334,16.515914,-24.287050
-10.901135,15.153315,-24.283218
-12.789389,13.024259,-24.272621
-14.564626,10.749512,-24.274681
-16.076599,8.278540,-24.274295
-17.359432,5.545963,-24.277514
-18.243171,2.784016,-24.282598
-18.732090,-0.303906,-24.285546
-18.774653,-3.320950,-24.286727
-18.341847,-6.567620,-24.286791
-16.906501,-9.304636,-24.282534
-15.342475,-12.182569,-24.279406
-13.739900,-15.080220,-24.278887
-10.884824,-16.919573,-24.274844
-7.795597,-17.970522,-24.273816
-4.583583,-18.375208,-24.280946
-1.458990,-18.175297,-24.283245
1.387064,-17.579221,-24.283587
4.089447,-16.525878,-24.290465
6.317704,-14.853661,-24.279795
8.702776,-13.674944,-24.282838
10.887801,-12.422080,-24.285631
12.623410,-10.515018,-24.280747
14.183797,-8.503200,-24.284440
15.455353,-6.292661,-24.273406
16.392397,-3.918531,-24.280165
17.031621,-1.448091,-24.290666
17.389048,1.193750,-24.289794
17.397083,3.862291,-24.289612
17.014792,6.505147,-24.289915
16.063952,9.115101,-24.286668
14.728517,11.565681,-24.284344
13.005459,13.891606,-24.283611
10.964279,15.789571,-24.281421
8.506886,17.335936,-24.279789
5.715551,18.428634,-24.281858
2.938481,19.088510,-24.282371
-0.034164,19.308564,-24.279278
-2.346974,15.871000,-28.032433
-4.475394,14.442834,-28.027534
-6.770422,13.847869,-28.026443
-8.928442,12.657522,-28.028081
-10.438373,10.760809,-28.028125
-11.831579,8.876048,-28.027616
-13.012177,6.836347,-28.029317
-13.978954,4.680475,-28.027616
-14.690549,2.329529,-28.031070
-15.042786,-0.099172,-28.034505
-15.082749,-2.655356,-28.025500
-14.791152,-5.217851,-28.025369
-13.617407,-7.564525,-28.032416
-12.528194,-9.886876,-28.033049
-11.415911,-12.572261,-28.028333
-9.176312,-14.222810,-28.033516
-6.573795,-15.174870,-28.038923
-3.853899,-15.533067,-28.030701
-1.207897,-15.347912,-28.026095
1.294612,-14.792786,-28.032667
3.578424,-13.883904,-28.031827
5.437061,-12.412373,-28.026437
7.504969,-11.553453,-28.024426
9.511249,-10.598128,-28.024604
11.008399,-8.990967,-28.029263
12.362316,-7.313142,-28.036366
13.514266,-5.370111,-28.024222
14.315379,-3.360475,-28.026847
14.883412,-1.172016,-28.037826
15.197324,1.064811,-28.032930
15.229125,3.425027,-28.023112
14.896570,5.764206,-28.037746
14.025936,7.947293,-28.036264
12.833929,10.108058,-28.025081
11.407753,12.098632,-28.026944
9.604526,13.776323,-28.037591
7.439832,15.140896,-28.036558
5.069642,16.045836,-28.027276
2.589833,16.570630,-28.024616
0.051743,16.639794,-28.029662
-1.742952,12.661423,-31.784356
-3.289660,11.437509,-31.776818
-5.111298,10.946040,-31.773384
-6.758330,10.032103,-31.779467
-7.922748,8.478748,-31.786050
-9.019096,6.963280,-31.782796
-9.908836,5.394250,-31.776811
-10.623682,3.733740,-31.778850
-11.145166,1.924350,-31.784939
-11.403185,0.060883,-31.784645
-11.431424,-1.900631,-31.778726
-11.239287,-3.871532,-31.781469
-10.395137,-5.706413,-31.781301
-9.589690,-7.579958,-31.782399
-8.826479,-9.859748,-31.785910
-7.185432,-11.238497,-31.776481
-5.051289,-12.075122,-31.774806
-2.954514,-12.336926,-31.779863
-0.764639,-12.161724,-31.777736
1.154394,-11.729476,-31.775887
2.980399,-11.006472,-31.785854
4.520957,-9.766292,-31.778104
6.119677,-9.189207,-31.782902
7.837592,-8.509527,-31.789239
9.054088,-7.237524,-31.783591
10.199070,-5.849564,-31.785125
11.123420,-4.301473,-31.783711
11.800903,-2.626842,-31.777109
12.264060,-0.881898,-31.774816
12.524357,0.980897,-31.779144
12.552973,2.866645,-31.782595
12.295315,4.815724,-31.781605
11.514817,6.604658,-31.776885
10.588461,8.257391,-31.778566
9.430701,9.924901,-31.785085
7.929518,11.317440,-31.784565
6.202850,12.409867,-31.777387
4.226949,13.126245,-31.780896
2.223333,13.482623,-31.787088
0.189901,13.448446,-31.788583
-0.939550,8.733283,-35.527628
-1.984906,7.787323,-35.529836
-3.186013,7.466135,-35.536442
-4.261268,6.836660,-35.535553
-5.023179,5.807306,-35.528623
-5.749981,4.810831,-35.525746
-6.331239,3.775827,-35.527511
-6.808809,2.627244,-35.534276
-7.143336,1.431138,-35.535011
-7.313278,0.202214,-35.527628
-7.328176,-1.093100,-35.525401
-7.209413,-2.395049,-35.534495
-6.688700,-3.628660,-35.535408
-6.172871,-4.928021,-35.528890
-5.794812,-6.493355,-35.530148
-4.717943,-7.568777,-35.533444
-3.320453,-8.184575,-35.530346
-1.826938,-8.383984,-35.533253
-0.319566,-8.255391,-35.534794
1.053620,-7.950330,-35.530431
2.315865,-7.466704,-35.534325
3.336874,-6.643480,-35.528618
4.488045,-6.260079,-35.531255
5.742112,-5.844920,-35.531548
6.618757,-4.924948,-35.526327
7.392579,-3.960088,-35.537180
8.024632,-2.892768,-35.537625
8.516255,-1.692147,-35.527994
8.845042,-0.438665,-35.529833
9.021523,0.843344,-35.534879
9.055218,2.195958,-35.529880
8.872827,3.536256,-35.532064
8.293020,4.746567,-35.530991
7.599040,5.977447,-35.530583
6.798084,7.118123,-35.530932
5.742886,8.056369,-35.529310
4.550022,8.798250,-35.528908
3.185699,9.277192,-35.530388
1.795025,9.488371,-35.530545
0.340016,9.390032,-35.528944
0.905274,0.400045,-39.281417
-16.129262,39.871778,35.718583
-21.261439,35.245512,35.718583
-24.702101,29.124969,35.718583
-26.632643,22.821252,35.718583
-27.584201,16.864567,35.718583
-28.001746,11.693390,35.718583
-27.961418,6.788042,35.718583
-27.328746,2.332953,35.718583
-25.701882,-1.701548,35.718583
-22.668177,-5.024353,35.718583
-18.207920,-7.097262,35.718583
-13.762319,-7.820345,35.718585
-9.978788,-7.767548,35.718587
-7.197550,-7.399551,35.718587
-5.277973,-6.988088,35.718587
-3.791087,-6.578304,35.718587
-2.591495,-6.186655,35.718586
-1.670766,-5.846724,35.718585
-0.891230,-5.530487,35.718585
-0.249121,-5.249187,35.718584
0.385551,-4.951492,35.718583
1.012141,-4.637143,35.718583
1.629937,-4.305840,35.718582
2.358563,-3.885434,35.718582
2.954117,-3.515624,35.718582
3.768109,-2.967358,35.718582
4.556176,-2.382421,35.718582
5.525544,-1.574531,35.718582
6.630656,-0.498689,35.718582
7.880651,1.014927,35.718583
9.124083,3.049017,35.718583
10.134474,5.514783,35.718585
10.836914,8.663543,35.718587
11.022766,12.305163,35.718587
10.549105,16.630344,35.718587
9.204841,21.648950,35.718587
6.757844,27.239156,35.718586
2.926582,33.419939,35.718585
-2.641704,39.266534,35.718584
-5.817991,22.809583,32.466037
-9.086452,21.065650,32.463960
-12.245963,19.104885,32.467901
-15.156003,17.176716,32.471757
-17.948491,14.901946,32.471604
-20.204774,12.084673,32.467405
-21.750252,8.822961,32.464567
-22.714840,5.345922,32.471839
-23.117774,1.888289,32.471645
-22.805037,-1.580481,32.467315
-21.491305,-4.807634,32.468981
-19.093210,-7.352709,32.467271
-15.738497,-8.972212,32.463058
-12.627908,-9.856473,32.463178
-10.191535,-10.684069,32.467870
-8.362262,-11.638260,32.471582
-6.760129,-12.931912,32.469195
-5.042369,-14.858742,32.469863
-3.007387,-17.002938,32.471670
-0.349874,-18.601422,32.464335
2.568046,-19.189877,32.466413
5.456345,-18.517387,32.467714
7.858300,-16.772893,32.468661
9.691784,-14.435349,32.467891
11.138585,-12.000855,32.464778
12.293716,-9.698539,32.467919
13.241442,-7.303927,32.467712
13.887243,-4.941927,32.468098
14.199305,-2.515986,32.470878
14.139775,-0.196925,32.469924
13.739244,2.217471,32.464798
13.095764,4.443360,32.466378
12.475127,6.811585,32.467168
12.053490,9.609275,32.468494
11.630409,12.938221,32.472257
10.675907,16.803433,32.471959
8.952098,21.079356,32.473021
6.312208,25.373770,32.472066
2.108656,26.694472,32.470190
-2.076039,24.944926,32.468664
-5.397773,20.770654,29.215623
-8.332359,18.938803,29.218630
-10.838593,16.723831,29.224273
-13.180552,14.488488,29.217252
-15.362099,12.472200,29.214655
-17.447388,10.184790,29.219120
-19.040314,7.521856,29.215019
-20.193772,4.643264,29.219284
-20.948626,1.634790,29.220502
-21.241818,-1.578314,29.215529
-20.872876,-4.664923,29.214405
-19.632980,-7.535020,29.219296
-17.175521,-9.770056,29.220067
-14.473068,-11.352981,29.214097
-12.216335,-12.838302,29.213018
-10.217767,-14.476603,29.219254
-8.232875,-16.323464,29.215356
-6.115699,-18.413327,29.213922
-3.379497,-20.563882,29.219485
-0.266199,-21.851002,29.218962
3.219948,-22.121337,29.215474
6.444904,-21.164574,29.218360
9.175396,-19.201570,29.217712
11.415201,-16.521324,29.213944
13.061044,-13.895563,29.215387
14.491866,-11.145966,29.217890
15.576385,-8.381747,29.221111
16.297814,-5.631591,29.216858
16.635973,-2.811895,29.212166
16.540539,-0.099626,29.216717
15.997105,2.689708,29.222513
15.052993,5.230051,29.220777
13.911979,7.695710,29.215120
12.937120,10.353814,29.214879
12.032243,13.463098,29.218370
10.697299,16.950886,29.219106
8.718861,20.562155,29.224882
5.880611,23.806651,29.220009
1.934634,24.636201,29.213629
-2.023864,22.846613,29.213874
-5.133652,19.446986,25.971637
-7.883194,17.742212,25.968729
-10.232859,15.500901,25.963612
-12.183609,13.386754,25.970429
-14.204376,11.357522,25.971545
-16.139151,9.245564,25.964643
-17.692220,6.832693,25.967744
-18.888079,4.226591,25.969577
-19.770657,1.496222,25.968640
-20.374129,-1.565934,25.964252
-20.528287,-4.568298,25.963031
-20.002158,-7.679520,25.973611
-18.194127,-10.338942,25.971706
-15.816977,-12.429118,25.964134
-13.654303,-14.292167,25.963064
-11.463297,-16.338411,25.966242
-9.242715,-18.349215,25.972299
-6.667424,-20.558646,25.973851
-3.614136,-22.546305,25.970310
-0.137727,-23.686098,25.966991
3.518398,-23.777287,25.962442
7.007609,-22.686521,25.960824
9.989095,-20.578257,25.970026
12.388796,-17.821540,25.975008
14.236414,-14.981882,25.967772
15.815644,-11.984197,25.970194
16.950483,-9.070580,25.975366
17.723973,-6.038478,25.969993
18.065793,-3.061485,25.961808
17.956334,-0.064845,25.962908
17.371115,2.875587,25.968512
16.283853,5.668107,25.971263
14.911262,8.187659,25.967556
13.569873,10.860294,25.966320
12.325126,13.735952,25.971112
10.720779,16.860424,25.974887
8.473268,20.047857,25.974357
5.502361,22.567661,25.973072
1.683854,23.010644,25.972514
-2.013334,21.320420,25.972301
-4.951679,18.512757,22.715325
-7.680218,16.974343,22.714197
-9.919469,14.956846,22.716108
-11.874802,12.818563,22.717394
-13.683474,10.919419,22.713895
-15.518510,8.863487,22.714868
-17.026449,6.552784,22.725213
-18.222957,4.068269,22.719664
-19.189271,1.343790,22.721623
-19.890955,-1.452209,22.724910
-20.345051,-4.578300,22.718148
-20.231214,-7.880104,22.723699
-18.921037,-10.711529,22.719300
-16.846172,-13.128220,22.713663
-14.618516,-15.343077,22.712949
-12.363092,-17.544567,22.710865
-9.882266,-19.691111,22.721432
-7.062634,-21.849134,22.724525
-3.753375,-23.723972,22.715607
-0.207771,-24.727894,22.714081
3.738183,-24.732916,22.720349
7.371876,-23.571369,22.714522
10.506255,-21.404703,22.714719
12.975113,-18.672815,22.722461
15.015638,-15.614279,22.720192
16.619758,-12.600344,22.711049
17.850660,-9.416947,22.721163
18.610924,-6.356837,22.722980
18.964626,-3.093923,22.718331
18.825194,0.055617,22.721269
18.182599,3.141498,22.720346
17.063282,5.947547,22.725034
15.553961,8.563157,22.722484
14.023437,11.163393,22.721315
12.494864,13.921912,22.719953
10.641265,16.784684,22.711169
8.204983,19.532938,22.715742
5.154186,21.480808,22.714261
1.553673,21.656458,22.712377
-1.915723,20.169349,22.714639
-4.819387,17.828271,19.475892
-7.432447,16.596604,19.477083
-9.824550,14.741406,19.477254
-11.764839,12.757306,19.470325
-13.565921,10.834412,19.468862
-15.358990,8.727011,19.472191
-16.775605,6.501206,19.469662
-17.973050,4.004582,19.473670
-18.910729,1.398186,19.473535
-19.691793,-1.526701,19.468749
-20.245799,-4.513379,19.469363
-20.396514,-7.824187,19.473420
-19.398526,-10.940670,19.465578
-17.492394,-13.659895,19.459249
-15.256523,-16.075308,19.462112
-12.904721,-18.384596,19.462625
-10.260545,-20.562543,19.462131
-7.221494,-22.667658,19.470524
-3.929870,-24.332960,19.474865
-0.087698,-25.298294,19.467571
3.742641,-25.252683,19.470454
7.523920,-24.072831,19.476120
10.810556,-21.867628,19.475093
13.415931,-19.062923,19.474753
15.489395,-16.007683,19.474486
17.107266,-12.985141,19.462042
18.389454,-9.664959,19.459204
19.166117,-6.460339,19.471259
19.503804,-3.181475,19.472066
19.348296,0.111699,19.462324
18.691594,3.208064,19.471722
17.514529,6.146715,19.469139
15.980039,8.760587,19.470388
14.265748,11.419916,19.470855
12.525312,14.062724,19.467152
10.491428,16.654704,19.468050
7.965558,18.971259,19.469370
4.839698,20.485645,19.471946
1.400937,20.470077,19.474134
-1.851619,19.215196,19.475115
-4.714650,17.300571,16.221505
-7.423883,16.288159,16.222354
-9.759521,14.802963,16.225960
-11.814543,12.941071,16.220300
-13.714122,10.926674,16.218722
-15.451954,8.773663,16.222284
-16.822926,6.519700,16.217257
-17.979661,4.003917,16.216069
-18.880210,1.385042,16.213168
-19.634941,-1.548168,16.214859
-20.199187,-4.531370,16.221660
-20.434418,-7.962166,16.213201
-19.625398,-11.146708,16.212707
-17.903434,-13.974118,16.217533
-15.638423,-16.548667,16.219797
-13.177995,-18.934498,16.221902
-10.479337,-21.044733,16.221855
-7.362899,-23.033310,16.218803
-3.889192,-24.625196,16.213919
-0.156230,-25.478164,16.215269
3.804594,-25.413256,16.226016
7.591850,-24.253626,16.216783
10.912823,-22.099963,16.210779
13.568487,-19.343076,16.211437
15.679092,-16.313024,16.209600
17.423193,-13.059094,16.218721
18.648528,-9.857807,16.225148
19.449014,-6.523432,16.223095
19.775737,-3.243304,16.219578
19.616715,0.049804,16.222621
18.927791,3.273949,16.226591
17.748097,6.211435,16.218207
16.148184,8.939731,16.218726
14.442638,11.448092,16.222397
12.554528,13.986076,16.223428
10.327344,16.416312,16.222824
7.696652,18.404731,16.214666
4.574423,19.536879,16.221818
1.342122,19.422619,16.227949
-1.818731,18.388468,16.225087
-4.624334,16.875197,12.969797
-7.284433,16.163824,12.971082
-9.874320,14.882562,12.977230
-12.038268,13.171425,12.966839
-13.954079,11.184508,12.964095
-15.639922,9.004561,12.974476
-17.022717,6.617893,12.973207
-18.118735,4.087363,12.973740
-18.991240,1.333394,12.969287
-19.641233,-1.478858,12.964146
-20.164903,-4.588707,12.965821
-20.390111,-7.870515,12.966526
-19.699425,-11.210648,12.965671
-18.042525,-14.201074,12.965135
-15.908423,-16.703382,12.964823
-13.345837,-19.151836,12.963016
-10.503938,-21.267762,12.961103
-7.332819,-23.137269,12.967425
-3.946419,-24.564607,12.970150
-0.088689,-25.382542,12.966533
3.854784,-25.296729,12.975088
7.510443,-24.211670,12.967304
10.859638,-22.131851,12.960226
13.640215,-19.336634,12.966349
15.764549,-16.334244,12.971248
17.448371,-13.213877,12.968436
18.718374,-9.904216,12.973042
19.508579,-6.581960,12.971495
19.833315,-3.183345,12.964773
19.656620,0.095324,12.964076
18.993010,3.177138,12.963797
17.774534,6.225741,12.959925
16.196485,8.952506,12.969748
14.464904,11.428045,12.969101
12.473106,13.868229,12.961175
10.197440,16.050478,12.968300
7.424452,17.812415,12.969583
4.368217,18.621582,12.973957
1.115681,18.427311,12.975846
-1.816823,17.654752,12.972915
-4.538598,16.508240,9.719511
-7.233628,16.053335,9.709308
-9.927312,15.067725,9.718582
-12.296749,13.460036,9.716890
-14.316886,11.421257,9.711553
-15.942674,9.223979,9.718622
-17.316842,6.709591,9.727343
-18.378657,4.048718,9.720642
-19.124852,1.417975,9.712884
-19.697675,-1.520074,9.712515
-20.087236,-4.490461,9.716224
-20.243963,-7.875642,9.717661
-19.606607,-11.204533,9.720580
-18.048448,-14.207946,9.717875
-15.864716,-16.807831,9.716482
-13.390096,-19.116772,9.724767
-10.532217,-21.160933,9.717769
-7.338685,-22.928477,9.716744
-3.821983,-24.299810,9.718717
-0.114076,-25.034495,9.715935
3.667017,-24.980726,9.726459
7.431669,-23.923972,9.721389
10.782062,-21.908409,9.716785
13.492109,-19.273711,9.717847
15.703848,-16.211254,9.714504
17.372475,-13.116198,9.714571
18.622762,-9.830404,9.717380
19.395047,-6.533222,9.724179
19.705265,-3.161704,9.725684
19.519029,0.089064,9.716643
18.811397,3.267347,9.712074
17.639876,6.164736,9.723940
16.097714,8.882858,9.725521
14.287033,11.430803,9.723066
12.309834,13.678654,9.725562
9.929457,15.707724,9.722875
7.167936,17.179877,9.712069
4.093003,17.732154,9.710284
1.102417,17.536025,9.717901
-1.843341,16.988167,9.724694
-4.450174,16.163070,6.470005
-7.269083,15.937130,6.472289
-10.011933,15.222689,6.475497
-12.561330,13.732381,6.472739
-14.594082,11.755313,6.467876
-16.310868,9.348945,6.470786
-17.604582,6.833556,6.477023
-18.585103,4.180818,6.464296
-19.273100,1.437868,6.459364
-19.722241,-1.483280,6.465468
-19.976485,-4.558117,6.464893
-20.001388,-7.772332,6.459189
-19.381280,-11.064176,6.467867
-17.902528,-14.053926,6.470518
-15.762026,-16.635716,6.466240
-13.193408,-18.967989,6.473993
-10.325548,-20.920093,6.467625
-7.241393,-22.518704,6.462131
-3.863380,-23.758136,6.463146
-0.201307,-24.468530,6.461436
3.658786,-24.430136,6.458667
7.262296,-23.460361,6.469872
10.602287,-21.526551,6.475718
13.313134,-18.962981,6.473545
15.448914,-16.063920,6.477095
17.160333,-12.897335,6.479150
18.342708,-9.771285,6.466255
19.124826,-6.389388,6.460832
19.410178,-3.188177,6.465294
19.226199,0.020814,6.468411
18.525077,3.157722,6.474433
17.369495,6.017458,6.478350
15.875894,8.717949,6.469803
14.089641,11.233153,6.461230
11.985862,13.487986,6.467671
9.634737,15.287079,6.475251
6.813203,16.544780,6.465348
3.879397,16.854644,6.468186
0.914773,16.667308,6.472234
-1.766333,16.382116,6.471011
-4.353592,15.808968,3.220018
-7.257322,15.803754,3.208696
-10.125901,15.306525,3.211710
-12.713277,13.998217,3.222794
-14.843916,12.012238,3.227954
-16.574054,9.524301,3.221798
-17.848289,6.915195,3.213051
-18.777805,4.164692,3.210459
-19.364204,1.449828,3.209372
-19.686172,-1.434634,3.212971
-19.777802,-4.462680,3.220359
-19.657807,-7.615405,3.217940
-19.013643,-10.842788,3.222528
-17.589254,-13.789817,3.227286
-15.492615,-16.330098,3.224469
-12.937894,-18.584786,3.222003
-10.195151,-20.385718,3.223790
-7.019154,-21.941252,3.218484
-3.673962,-23.080007,3.213247
-0.196483,-23.723652,3.218295
3.468085,-23.722967,3.223508
7.021473,-22.831998,3.224689
10.232119,-21.064983,3.224078
12.946811,-18.605079,3.218397
15.144635,-15.675677,3.209792
16.765442,-12.677127,3.211525
17.964079,-9.486560,3.213589
18.690839,-6.285785,3.208605
18.964398,-3.141365,3.215069
18.774675,0.009072,3.224582
18.067547,3.085237,3.209631
16.923271,5.889027,3.221776
15.482747,8.556021,3.224635
13.812618,10.930189,3.217045
11.707265,13.107492,3.219727
9.329616,14.781541,3.225964
6.614972,15.828757,3.218942
3.599340,15.973271,3.222218
0.810958,15.834694,3.227957
-1.710087,15.778005,3.227812
-4.365815,15.427303,-0.033210
-7.069413,15.606728,-0.032423
-10.143636,15.309852,-0.035386
-12.841326,14.110979,-0.029841
-15.039649,12.119997,-0.025062
-16.704651,9.673860,-0.031588
-17.959298,6.997046,-0.039142
-18.810708,4.295101,-0.029850
-19.353048,1.388301,-0.022600
-19.547739,-1.436908,-0.025401
-19.475344,-4.392175,-0.031219
-19.194967,-7.457165,-0.035296
-18.527700,-10.472611,-0.030920
-17.156361,-13.356774,-0.027745
-15.030531,-15.927872,-0.033320
-12.596072,-18.008208,-0.038219
-9.889532,-19.719620,-0.033659
-6.873828,-21.124191,-0.033867
-3.592686,-22.185182,-0.033176
-0.197889,-22.800894,-0.025971
3.254376,-22.837161,-0.030537
6.737078,-22.034388,-0.026955
9.900144,-20.366818,-0.025734
12.580486,-18.001752,-0.032787
14.673280,-15.258179,-0.035940
16.257824,-12.333825,-0.033631
17.385145,-9.336065,-0.036954
18.102859,-6.214628,-0.030619
18.374378,-3.023785,-0.027169
18.166482,0.049259,-0.036500
17.490341,2.927872,-0.036288
16.366125,5.659830,-0.036873
14.991839,8.279801,-0.037518
13.382191,10.609788,-0.031602
11.293181,12.700398,-0.030099
8.908626,14.240827,-0.039463
6.206017,15.106596,-0.040532
3.381321,15.079577,-0.036348
0.789262,15.001181,-0.034123
-1.670101,15.153160,-0.033980
-4.232099,14.968744,-3.289695
-7.073493,15.303421,-3.284891
-10.061881,15.171583,-3.284589
-12.829578,14.074723,-3.283073
-15.071365,12.094997,-3.280867
-16.668862,9.714784,-3.284482
-17.899656,6.999585,-3.290000
-18.705186,4.253604,-3.279363
-19.158744,1.426407,-3.281305
-19.250732,-1.432613,-3.286716
-19.034494,-4.286628,-3.281096
-18.605159,-7.234953,-3.287171
-17.866604,-10.130877,-3.285651
-16.508906,-12.909977,-3.279538
-14.519769,-15.299356,-3.278617
-12.135000,-17.281228,-3.278720
-9.485651,-18.892184,-3.275009
-6.538997,-20.190421,-3.271915
-3.458905,-21.126404,-3.275072
-0.288660,-21.694165,-3.279387
3.052459,-21.781275,-3.276030
6.435539,-21.062501,-3.282542
9.424586,-19.563734,-3.280909
11.982359,-17.413788,-3.269836
14.048568,-14.788597,-3.272830
15.589904,-11.961621,-3.288454
16.720921,-8.946536,-3.278707
17.396981,-5.921178,-3.280381
17.633335,-2.948833,-3.289349
17.424107,0.025400,-3.285902
16.750700,2.807734,-3.288061
15.646776,5.445795,-3.284006
14.404949,7.894398,-3.278533
12.801891,10.262567,-3.281505
10.838713,12.178470,-3.281771
8.489117,13.604817,-3.277044
5.836884,14.320299,-3.285272
3.102635,14.163702,-3.281295
0.725905,14.150098,-3.281108
-1.640582,14.490966,-3.287139
-4.072495,14.402598,-6.535279
-6.892748,14.843526,-6.538086
-9.873940,14.831830,-6.526792
-12.560487,13.872337,-6.527326
-14.831343,11.941127,-6.530580
-16.477307,9.461788,-6.527758
-17.618589,6.843291,-6.530706
-18.369074,4.087648,-6.535614
-18.740676,1.368399,-6.536092
-18.736572,-1.485768,-6.537372
-18.403328,-4.208528,-6.537674
-17.883529,-6.899559,-6.527450
-17.041783,-9.753344,-6.533858
-15.743966,-12.293986,-6.539697
-13.826619,-14.570131,-6.534006
-11.505831,-16.426153,-6.535006
-8.934434,-17.915417,-6.538722
-6.192815,-19.058318,-6.530822
-3.339626,-19.884796,-6.522441
-0.301902,-20.425209,-6.530214
2.897449,-20.544109,-6.540522
6.041691,-19.945203,-6.528096
8.933483,-18.569467,-6.526515
11.411701,-16.540853,-6.531594
13.342990,-14.132958,-6.525938
14.820617,-11.424738,-6.539377
15.895886,-8.532410,-6.533917
16.518238,-5.744887,-6.527004
16.746741,-2.897244,-6.529433
16.540619,-0.047732,-6.531637
15.883462,2.615306,-6.532522
14.811168,5.136499,-6.531659
13.653614,7.498906,-6.529070
12.219729,9.698555,-6.532775
10.339884,11.536123,-6.536309
8.064182,12.862020,-6.529090
5.502182,13.468298,-6.523742
2.885548,13.219075,-6.532345
0.515042,13.278642,-6.536403
-1.614564,13.765415,-6.534530
-3.982798,13.707624,-9.785616
-6.638633,14.181398,-9.776385
-9.456956,14.250401,-9.778733
-12.217342,13.325598,-9.776705
-14.369284,11.506353,-9.778670
-15.922917,9.159447,-9.784666
-17.027439,6.577676,-9.783535
-17.705093,3.964495,-9.789772
-18.031499,1.280890,-9.781645
-17.965663,-1.415571,-9.776615
-17.545383,-4.084345,-9.786321
-16.956977,-6.607885,-9.780325
-16.101834,-9.171638,-9.780001
-14.832361,-11.554475,-9.781419
-13.001635,-13.687028,-9.780919
-10.862411,-15.337207,-9.787295
-8.410315,-16.709583,-9.788276
-5.903763,-17.710060,-9.786264
-3.197438,-18.460343,-9.781825
-0.327637,-18.978673,-9.777135
2.586332,-19.145189,-9.783260
5.570985,-18.656781,-9.785571
8.244141,-17.479855,-9.779334
10.637256,-15.626763,-9.773385
12.492686,-13.374012,-9.778105
13.893925,-10.816376,-9.788998
14.906832,-8.080697,-9.783104
15.489289,-5.444420,-9.778899
15.694209,-2.751697,-9.784758
15.482565,-0.059190,-9.788981
14.837721,2.452119,-9.785845
13.848729,4.728516,-9.780977
12.789132,6.978177,-9.783146
11.411206,9.170803,-9.787044
9.619547,10.893215,-9.783216
7.430695,12.082185,-9.780846
4.984982,12.532756,-9.788553
2.516047,12.209530,-9.780993
0.404508,12.343899,-9.780224
-1.580334,12.942785,-9.785849
-3.835134,12.821729,-13.036299
-6.298952,13.283092,-13.030504
-9.016011,13.383120,-13.035995
-11.589189,12.544450,-13.026938
-13.602137,10.869451,-13.027504
-15.100625,8.604313,-13.040019
-16.113370,6.199693,-13.034665
-16.745527,3.668811,-13.025705
-17.013574,1.170994,-13.022858
-16.907166,-1.332700,-13.025860
-16.462718,-3.803552,-13.029544
-15.829151,-6.230638,-13.029170
-14.987816,-8.487858,-13.027087
-13.697810,-10.758610,-13.027569
-12.030854,-12.633677,-13.032675
-10.010934,-14.124498,-13.037097
-7.799939,-15.315513,-13.029981
-5.458769,-16.211340,-13.023894
-3.032411,-16.851160,-13.024905
-0.466188,-17.320208,-13.029371
2.236678,-17.542206,-13.037993
5.022532,-17.180757,-13.039281
7.537614,-16.160550,-13.029955
9.795529,-14.484571,-13.027837
11.537585,-12.406062,-13.036855
12.838927,-10.029187,-13.027057
13.735563,-7.577854,-13.028480
14.271158,-5.127137,-13.037264
14.459904,-2.625076,-13.035666
14.257989,-0.123932,-13.028727
13.637496,2.203986,-13.033791
12.695716,4.309232,-13.033931
11.749275,6.416074,-13.032096
10.577644,8.402456,-13.032777
8.934871,10.026048,-13.032010
6.896554,11.121822,-13.029082
4.516098,11.500123,-13.031974
2.227950,11.136221,-13.037418
0.288269,11.318997,-13.041110
-1.624181,12.024593,-13.041686
-3.530828,11.682996,-16.283034
-5.857094,12.119218,-16.288261
-8.321660,12.234855,-16.284037
-10.744678,11.456998,-16.277932
-12.634702,9.869127,-16.275948
-13.983813,7.807074,-16.278065
-14.881581,5.615820,-16.282591
-15.428338,3.312626,-16.287495
-15.653732,0.952065,-16.285146
-15.521122,-1.317153,-16.280636
-15.080533,-3.553069,-16.282346
-14.495992,-5.659511,-16.287928
-13.626486,-7.761292,-16.285699
-12.435428,-9.707732,-16.282421
-10.899131,-11.385361,-16.281975
-9.037501,-12.698560,-16.278381
-7.090579,-13.697924,-16.280555
-4.954547,-14.478865,-16.282334
-2.747053,-15.036808,-16.278696
-0.509891,-15.455751,-16.273835
1.845903,-15.717642,-16.273779
4.383382,-15.485610,-16.284825
6.695327,-14.635973,-16.285910
8.718043,-13.233068,-16.274026
10.394061,-11.308843,-16.273549
11.525354,-9.229012,-16.286401
12.369758,-6.917778,-16.280820
12.853077,-4.693893,-16.276272
13.008279,-2.422255,-16.284413
12.819234,-0.244080,-16.286647
12.250545,1.867150,-16.278873
11.331960,3.848794,-16.284928
10.514927,5.777273,-16.283950
9.501940,7.609201,-16.277504
8.020239,9.092086,-16.273425
6.155379,10.058783,-16.275924
3.985036,10.331187,-16.285471
1.913773,9.961947,-16.279877
0.172473,10.182314,-16.275816
-1.539670,10.904515,-16.277176
-3.311994,10.295010,-19.535838
-5.277838,10.634754,-19.537129
-7.514261,10.728318,-19.538295
-9.629011,10.020510,-19.534520
-11.280031,8.623767,-19.530477
-12.465018,6.820866,-19.528200
-13.271875,4.824030,-19.525980
-13.731207,2.802215,-19.526204
-13.904255,0.732584,-19.534175
-13.763796,-1.252434,-19.537924
-13.369407,-3.209516,-19.532710
-12.828857,-5.130215,-19.530952
-12.021526,-6.860090,-19.532984
-10.896730,-8.516907,-19.533507
-9.572576,-9.894163,-19.530166
-7.913871,-11.001861,-19.526537
-6.190568,-11.842276,-19.527470
-4.387269,-12.476006,-19.528940
-2.527792,-12.931830,-19.527264
-0.570524,-13.307177,-19.525330
1.484665,-13.595064,-19.529791
3.635488,-13.503253,-19.531306
5.691415,-12.853377,-19.527401
7.498336,-11.676238,-19.529394
8.947484,-10.080282,-19.538124
9.995478,-8.199670,-19.528046
10.728330,-6.173204,-19.523126
11.145377,-4.224056,-19.526135
11.278750,-2.234606,-19.527629
11.089796,-0.249248,-19.527656
10.552771,1.588612,-19.528304
9.748354,3.237103,-19.529293
9.076820,4.941439,-19.529901
8.258191,6.582372,-19.535029
6.928163,7.961273,-19.534642
5.288127,8.794442,-19.530620
3.380372,8.976411,-19.536726
1.571963,8.625741,-19.529197
0.061434,8.859810,-19.527080
-1.496537,9.582299,-19.531388
-2.942880,8.480705,-22.781548
-4.571031,8.717852,-22.779850
-6.409311,8.766485,-22.783417
-8.138168,8.146163,-22.784021
-9.490434,6.987477,-22.782222
-10.469858,5.507610,-22.779001
-11.127663,3.861304,-22.778625
-11.492066,2.194685,-22.785377
-11.638588,0.490095,-22.780447
-11.523949,-1.141018,-22.779209
-11.203561,-2.754291,-22.786819
-10.784490,-4.344776,-22.783168
-10.022648,-5.786083,-22.783191
-9.041747,-7.035320,-22.782599
-7.906654,-8.120246,-22.779929
-6.562048,-8.940367,-22.784350
-5.188298,-9.575685,-22.782847
-3.703813,-10.093963,-22.778373
-2.236166,-10.450077,-22.779873
-0.690603,-10.750236,-22.786181
0.989305,-11.055082,-22.786429
2.761391,-11.103195,-22.778887
4.480396,-10.670044,-22.774754
6.005027,-9.758006,-22.777792
7.233637,-8.477265,-22.777814
8.095360,-6.930399,-22.775186
8.685471,-5.256685,-22.778215
9.037825,-3.587711,-22.779185
9.137383,-1.949981,-22.777769
8.973567,-0.382580,-22.780075
8.515604,1.125537,-22.777754
7.784364,2.522968,-22.779016
7.288657,3.942243,-22.777774
6.664554,5.389564,-22.781868
5.648482,6.510102,-22.780922
4.244693,7.231873,-22.777393
2.603105,7.319911,-22.787087
1.123593,7.017941,-22.782996
-0.168489,7.292805,-22.781410
-1.443030,7.930368,-22.782657
-2.408846,5.921670,-26.032331
-3.577266,6.039280,-26.029250
-4.877917,6.027435,-26.028192
-6.046795,5.547056,-26.027615
-7.000050,4.713361,-26.029592
-7.696776,3.663624,-26.031002
-8.156510,2.489354,-26.031973
-8.408875,1.302726,-26.035106
-8.511763,0.137315,-26.034244
-8.439278,-1.067105,-26.030743
-8.267093,-2.179692,-26.029334
-8.023939,-3.328200,-26.031107
-7.413075,-4.299288,-26.031744
-6.598284,-5.094981,-26.032889
-5.726014,-5.789227,-26.035275
-4.777550,-6.287596,-26.034940
-3.827976,-6.685946,-26.033148
-2.863659,-7.033109,-26.030597
-1.873234,-7.303560,-26.029379
-0.822253,-7.519819,-26.033585
0.314603,-7.779442,-26.031555
1.562948,-7.956552,-26.028711
2.856928,-7.776901,-26.031564
3.982142,-7.202917,-26.029414
4.925154,-6.293450,-26.030946
5.540137,-5.196986,-26.028246
5.943745,-4.000142,-26.027550
6.191265,-2.813290,-26.028284
6.258769,-1.602223,-26.028106
6.121500,-0.490342,-26.032789
5.743824,0.613758,-26.031836
5.181038,1.535210,-26.034911
4.891466,2.601512,-26.030215
4.572828,3.680551,-26.027804
3.842920,4.592962,-26.028735
2.845487,5.105724,-26.030090
1.627239,5.099894,-26.032431
0.498372,4.886134,-26.028543
-0.369994,5.144746,-26.030046
-1.324804,5.623901,-26.033283
-0.424313,-0.498791,-29.281417
