15.958202,22.644054,36.194847
12.311363,24.678072,36.194847
8.526555,26.447093,36.194847
4.600879,27.875003,36.194847
0.357972,28.911714,36.194847
-4.173038,29.410064,36.194847
-8.728751,29.273657,36.194847
-13.411475,28.482764,36.194847
-18.118910,26.992688,36.194847
-22.861835,24.586032,36.194847
-26.866803,21.364458,36.194847
-29.927606,17.018228,36.194847
-31.601014,11.960307,36.194847
-31.974310,6.651251,36.194847
-31.353332,1.560138,36.194847
-30.023523,-3.195014,36.194847
-28.177539,-7.569088,36.194847
-25.842831,-11.702704,36.194847
-23.180324,-15.401311,36.194847
-20.262111,-18.650770,36.194847
-16.849065,-21.671259,36.194847
-13.084007,-24.239662,36.194847
-9.007026,-26.278117,36.194847
-4.674950,-27.697203,36.194847
-0.169395,-28.395251,36.194847
4.579007,-28.259393,36.194847
9.212284,-27.221274,36.194847
13.434023,-25.498078,36.194847
17.526924,-23.091744,36.194847
21.266181,-20.165766,36.194847
24.608783,-16.794145,36.194847
27.498804,-13.026108,36.194847
29.927034,-8.725508,36.194847
31.656967,-3.895214,36.194847
32.295182,1.005330,36.194847
31.567201,6.093012,36.194847
29.474302,10.561199,36.194847
26.426304,14.465178,36.194847
23.109460,17.608319,36.194847
20.136830,21.005917,32.392403
16.452052,23.379160,32.391198
12.510538,25.285929,32.397752
8.540865,26.627520,32.397541
4.450672,27.539912,32.394154
0.295563,28.076294,32.402092
-3.893278,28.155266,32.392981
-8.254407,27.739561,32.388583
-12.538576,26.822939,32.396851
-17.026757,25.233686,32.398732
-21.217002,22.969928,32.388464
-25.059322,19.834423,32.395488
-28.018752,15.863246,32.398321
-29.874291,11.266466,32.399239
-30.646352,6.369751,32.400458
-30.512764,1.608411,32.391911
-29.617903,-3.257565,32.397188
-28.260082,-7.638222,32.391513
-26.021398,-11.817751,32.386063
-23.217689,-15.442897,32.391364
-20.361441,-18.759687,32.396351
-17.093107,-21.959057,32.401881
-13.456103,-24.707561,32.399416
-9.571966,-27.510709,32.398232
-5.049615,-29.855527,32.402065
-0.128344,-30.664154,32.399038
4.825343,-30.581904,32.389112
9.833455,-29.444273,32.393737
14.556402,-27.390338,32.393252
18.742389,-24.746878,32.393354
22.523988,-21.547574,32.403350
25.947795,-17.709800,32.402152
28.669109,-13.570421,32.398230
30.785838,-8.883212,32.399168
32.044622,-4.089718,32.397339
32.398059,1.042776,32.388687
31.636602,5.942971,32.388011
29.677832,10.698039,32.392708
26.997236,14.643487,32.395632
23.707537,18.111258,32.394922
20.420547,21.252257,28.599509
16.729305,23.649789,28.587196
12.727101,25.466090,28.596760
8.678756,26.612848,28.600603
4.522335,27.262991,28.586521
0.325067,27.529149,28.589686
-3.686785,27.387037,28.595853
-7.855051,26.821141,28.597174
-12.123276,25.762992,28.599258
-16.227852,24.184490,28.601374
-20.223264,21.926296,28.593060
-23.763269,18.998802,28.590540
-26.707070,15.230948,28.595016
-28.700973,10.884320,28.593718
-29.729249,6.211410,28.588540
-29.909039,1.624680,28.593738
-29.368081,-3.120739,28.600274
-28.280753,-7.592444,28.595780
-26.309523,-11.927521,28.591399
-23.744455,-15.745547,28.597354
-20.955368,-19.385115,28.602958
-17.697975,-22.886109,28.595174
-14.016855,-25.917759,28.589869
-9.974533,-28.853809,28.597268
-5.227574,-31.251872,28.601927
-0.121551,-32.179679,28.591814
5.233293,-32.076733,28.587462
10.254825,-30.891394,28.592394
15.148534,-28.704395,28.591233
19.466787,-25.875427,28.588810
23.461066,-22.309161,28.592487
26.743613,-18.322814,28.589939
29.347193,-13.862828,28.587569
31.165710,-9.030591,28.590662
32.138822,-3.957132,28.595805
32.215952,1.015172,28.598578
31.365249,5.916132,28.599154
29.604424,10.568282,28.591191
27.107868,14.649649,28.589954
23.938515,18.258143,28.598773
20.378138,21.178370,24.794987
16.696636,23.597674,24.797913
12.677913,25.383638,24.803901
8.610365,26.477070,24.798246
4.439491,27.044464,24.785497
0.424055,27.178488,24.787087
-3.775805,26.908030,24.790197
-7.741173,26.260256,24.798599
-11.801411,25.150262,24.801933
-15.698065,23.557572,24.793862
-19.496129,21.333801,24.790370
-23.008898,18.371589,24.787300
-25.860176,14.769859,24.797591
-27.894512,10.651109,24.798809
-29.077642,6.210592,24.787893
-29.478553,1.443306,24.795404
-29.151969,-3.137552,24.795898
-28.185042,-7.627968,24.789466
-26.530266,-12.113718,24.790769
-24.415364,-16.192029,24.798918
-21.765999,-20.173447,24.798983
-18.504391,-23.929090,24.790299
-14.756130,-27.204848,24.797130
-10.377831,-29.942138,24.797293
-5.408602,-31.959208,24.792267
-0.156956,-33.022011,24.799380
5.204369,-32.931385,24.795980
10.603949,-31.643003,24.794552
15.482277,-29.422451,24.792683
19.927723,-26.429084,24.794422
23.854467,-22.782917,24.799239
27.139567,-18.548486,24.792506
29.562831,-13.983726,24.789642
31.158915,-9.069105,24.798118
31.890327,-3.952117,24.801969
31.762483,1.022346,24.793360
30.808681,5.905832,24.791914
29.164838,10.401378,24.794330
26.782547,14.553978,24.795478
23.835168,18.108358,24.794891
20.053354,20.830978,20.991444
16.408491,23.262669,20.999079
12.418062,25.054177,20.997819
8.384283,26.191378,20.997430
4.433203,26.786257,20.998051
0.438436,26.912323,20.987301
-3.738478,26.619720,20.990731
-7.674230,25.928840,20.990821
-11.512970,24.813760,20.992744
-15.533035,23.082186,21.002817
-19.102909,20.892823,20.999154
-22.420209,18.032697,20.999480
-25.264568,14.457672,21.000946
-27.351810,10.392483,20.996031
-28.636951,6.007592,20.989114
-29.153268,1.467828,20.988696
-28.963735,-3.099621,20.993184
-28.052484,-7.569496,20.996363
-26.645510,-12.120858,21.000009
-24.834641,-16.516641,21.000222
-22.267101,-20.748476,20.991108
-18.950085,-24.668564,20.986478
-15.090909,-28.096702,20.998224
-10.414131,-30.579516,20.997570
-5.493248,-32.157371,20.990543
-0.104584,-33.290610,20.996186
5.229180,-33.184678,20.995393
10.604827,-31.902355,21.001014
15.625034,-29.610088,20.996423
20.023881,-26.595743,20.989464
23.878659,-22.914283,20.991483
27.058840,-18.635115,20.989106
29.418056,-13.854752,20.999126
30.824299,-8.910609,21.000960
31.348980,-3.987201,20.996234
31.071974,0.954786,20.997048
30.028409,5.792185,20.993920
28.380980,10.257559,20.997697
26.156342,14.255012,20.998767
23.295874,17.851532,20.992917
19.484919,20.252200,17.200639
15.915351,22.675062,17.193724
12.184544,24.428374,17.193711
8.253629,25.689579,17.198818
4.387778,26.422261,17.200348
0.268202,26.623897,17.198213
-3.662306,26.384107,17.195046
-7.538714,25.705510,17.200124
-11.485634,24.505668,17.199852
-15.246026,22.811975,17.187486
-18.884469,20.497920,17.187704
-22.104701,17.627577,17.199853
-24.776139,14.242163,17.195348
-26.882430,10.264179,17.187720
-28.243375,5.974830,17.195339
-28.855162,1.516069,17.200834
-28.751908,-2.986271,17.197907
-27.858635,-7.579909,17.193665
-26.487381,-12.069144,17.192905
-24.695703,-16.393713,17.190956
-22.133632,-20.543260,17.188447
-18.853497,-24.395378,17.198167
-15.041294,-27.747625,17.199455
-10.476363,-30.295780,17.193477
-5.485336,-31.986929,17.191534
-0.159207,-33.037121,17.191907
5.280437,-32.916142,17.188384
10.572545,-31.649732,17.197494
15.517723,-29.388463,17.201585
19.837687,-26.401279,17.200436
23.716834,-22.590205,17.203179
26.748973,-18.302179,17.200703
28.876848,-13.707257,17.197227
30.149752,-8.806182,17.197419
30.547400,-3.758508,17.199260
30.123848,1.098643,17.197761
29.027594,5.656018,17.192661
27.420074,9.856858,17.187454
25.245494,13.809334,17.189471
22.613056,17.259721,17.197426
18.701531,19.472757,13.401311
15.245806,21.877443,13.400146
11.808651,23.596208,13.390585
8.026961,24.988021,13.390865
4.290456,25.877695,13.401075
0.277592,26.214016,13.397968
-3.564974,26.066366,13.399837
-7.532341,25.391917,13.398602
-11.375544,24.185240,13.397435
-15.025428,22.485174,13.399446
-18.549777,20.182783,13.392940
-21.671394,17.356479,13.391428
-24.286222,14.056509,13.398195
-26.392616,10.200353,13.401160
-27.808174,6.040955,13.395032
-28.516873,1.519672,13.392359
-28.450762,-3.057871,13.397843
-27.617349,-7.553689,13.402054
-26.182089,-11.903607,13.396305
-24.208790,-16.027475,13.393980
-21.550575,-19.976774,13.401149
-18.268286,-23.672551,13.388440
-14.481840,-26.840796,13.392407
-10.126086,-29.560887,13.400774
-5.380445,-31.472452,13.399930
-0.138615,-32.360499,13.396297
5.170336,-32.231529,13.390696
10.337291,-31.017591,13.393866
15.175182,-28.822565,13.391852
19.530942,-25.787112,13.393968
23.146790,-22.152251,13.400649
26.043673,-17.921771,13.388571
28.106059,-13.228447,13.397108
29.235679,-8.415650,13.404792
29.505085,-3.663137,13.396257
28.996007,1.069701,13.386748
27.835489,5.496761,13.389595
26.174461,9.558727,13.391890
24.107755,13.244407,13.393852
21.574017,16.640303,13.398006
17.731385,18.523197,9.594831
14.569626,20.811458,9.589816
11.294600,22.593568,9.596940
7.686759,24.086200,9.599760
4.098154,25.087739,9.593761
0.402071,25.568974,9.598076
-3.503348,25.528494,9.591599
-7.356833,24.908306,9.593244
-11.081864,23.734606,9.599587
-14.611846,22.066275,9.595599
-18.021940,19.822986,9.591083
-21.178173,16.962253,9.591560
-23.728365,13.774217,9.596819
-25.893882,9.901439,9.596948
-27.319579,5.886529,9.592998
-28.076494,1.514008,9.594956
-28.071566,-2.923493,9.588697
-27.344733,-7.301421,9.591359
-25.869368,-11.674093,9.597334
-23.724569,-15.757789,9.596915
-21.028576,-19.503942,9.594237
-17.771085,-23.021393,9.587231
-14.021368,-25.986248,9.587974
-9.809692,-28.666872,9.590782
-5.250846,-30.578466,9.595574
-0.141190,-31.331089,9.603109
5.005046,-31.193442,9.601192
10.016387,-30.034633,9.600575
14.716626,-27.920995,9.600830
18.933058,-24.969878,9.595496
22.400410,-21.406323,9.586646
25.143122,-17.259956,9.585701
27.061160,-12.674213,9.597337
28.071053,-7.988501,9.598348
28.247916,-3.376681,9.589263
27.700521,1.027793,9.587782
26.494173,5.298826,9.596297
24.856104,9.031186,9.600620
22.800736,12.577665,9.600673
20.469887,15.739960,9.599109
16.624566,17.451629,5.793519
13.771322,19.623808,5.797639
10.682297,21.456047,5.802057
7.419013,22.941451,5.798723
3.998163,24.028247,5.793316
0.297846,24.691543,5.798445
-3.460943,24.738882,5.796630
-7.010080,24.201793,5.790728
-10.761410,23.029933,5.788387
-14.154355,21.410662,5.791868
-17.435892,19.248252,5.797164
-20.489067,16.510250,5.799338
-23.081602,13.332086,5.798327
-25.140015,9.784886,5.792782
-26.654595,5.789332,5.786244
-27.475435,1.596267,5.788312
-27.551822,-2.845358,5.795169
-26.890791,-7.241629,5.795913
-25.491024,-11.456799,5.790631
-23.308831,-15.521442,5.785160
-20.665948,-19.093671,5.786716
-17.478107,-22.432658,5.798863
-13.661981,-25.300516,5.800702
-9.506595,-27.711716,5.795874
-5.044748,-29.380286,5.791451
-0.115917,-30.013768,5.787517
4.837364,-29.851328,5.787740
9.663526,-28.738255,5.790182
14.191289,-26.709213,5.792578
18.108839,-23.961896,5.794738
21.532514,-20.375912,5.798396
24.093436,-16.332100,5.800152
25.791616,-12.040898,5.789885
26.703452,-7.516335,5.793042
26.829789,-3.245797,5.799630
26.225012,1.156888,5.791777
25.025330,5.080394,5.788816
23.343709,8.625699,5.795175
21.378728,11.848376,5.798880
19.118846,14.876111,5.795637
15.448672,16.320073,1.995962
12.771048,18.459296,1.997839
10.019538,20.227343,1.999298
6.942568,21.729623,1.999955
3.693849,22.839339,1.997383
0.346801,23.590414,1.989179
-3.241153,23.732734,1.994708
-6.801922,23.224722,1.994679
-10.234690,22.166442,1.987834
-13.627161,20.552241,1.990955
-16.767140,18.490844,2.001445
-19.704935,15.896075,2.004297
-22.223119,12.891367,1.994731
-24.321918,9.389557,1.987131
-25.826838,5.592287,1.990136
-26.709602,1.438309,1.993873
-26.839186,-2.805612,1.996871
-26.279076,-7.018771,2.000483
-24.954373,-11.222693,2.001792
-22.907116,-15.129665,1.995228
-20.181362,-18.802196,1.989335
-17.078080,-21.937430,2.001251
-13.359856,-24.593318,1.995954
-9.252288,-26.619331,1.989662
-4.717768,-27.968450,1.993411
-0.170050,-28.487505,1.993479
4.563286,-28.295431,1.988392
9.178332,-27.233552,1.986016
13.368746,-25.389428,1.995829
17.246811,-22.670303,1.999052
20.375378,-19.330410,1.990311
22.781671,-15.439650,1.996943
24.359793,-11.320328,1.997654
25.166514,-7.149615,1.999407
25.261305,-2.903745,2.001140
24.669737,1.137489,1.994558
23.529871,4.719363,1.989002
21.856175,8.076138,1.997115
19.911443,11.111375,2.003748
17.819771,13.845800,2.000166
14.282344,15.200531,-1.802563
11.914466,17.193990,-1.804505
9.362980,18.957786,-1.805947
6.476365,20.440186,-1.805689
3.558358,21.491772,-1.805110
0.259171,22.345511,-1.806647
-2.984104,22.530535,-1.803487
-6.368817,22.087877,-1.806576
-9.777764,21.063070,-1.810520
-12.862543,19.614014,-1.806329
-15.982709,17.595123,-1.807069
-18.681403,15.270179,-1.808608
-21.218530,12.344871,-1.813033
-23.258357,9.054816,-1.809557
-24.742759,5.477038,-1.802793
-25.657360,1.555077,-1.812332
-25.864764,-2.620147,-1.812010
-25.382320,-6.777742,-1.803882
-24.196684,-10.784838,-1.804791
-22.254436,-14.665030,-1.808531
-19.712642,-18.178078,-1.800695
-16.514760,-21.330887,-1.798056
-12.923743,-23.775336,-1.797607
-8.766699,-25.447962,-1.799788
-4.520524,-26.375699,-1.800132
-0.056389,-26.825128,-1.801001
4.274113,-26.577563,-1.810415
8.650919,-25.561149,-1.801961
12.621230,-23.812808,-1.796882
16.283108,-21.209240,-1.803161
19.210262,-18.006672,-1.808526
21.358812,-14.417200,-1.808133
22.815046,-10.495347,-1.800779
23.538943,-6.533805,-1.800776
23.601116,-2.661114,-1.805871
23.028909,1.168716,-1.807735
21.915863,4.554594,-1.808407
20.277402,7.713129,-1.803408
18.464110,10.422068,-1.799502
16.432842,12.971952,-1.800170
13.215555,14.175500,-5.608272
11.024236,16.085968,-5.605809
8.657846,17.781571,-5.600815
6.088978,19.133053,-5.603111
3.218148,20.185883,-5.610541
0.263876,20.961694,-5.605799
-2.779514,21.159780,-5.606009
-5.961175,20.772205,-5.610840
-9.170977,19.840650,-5.608164
-12.080063,18.507390,-5.598848
-15.028842,16.641593,-5.597607
-17.694673,14.389666,-5.600917
-20.010626,11.777168,-5.601130
-21.958500,8.709063,-5.602574
-23.422445,5.221038,-5.606896
-24.294625,1.541694,-5.606735
-24.508202,-2.377052,-5.610472
-24.066798,-6.429418,-5.606155
-22.981853,-10.197874,-5.598833
-21.212200,-13.870679,-5.601891
-18.802595,-17.329321,-5.611137
-15.784529,-20.272996,-5.606881
-12.252051,-22.600717,-5.609338
-8.294257,-24.003179,-5.608372
-4.270057,-24.715583,-5.608059
-0.075863,-25.077790,-5.611202
3.985162,-24.768959,-5.599194
8.086865,-23.776461,-5.596790
11.804883,-22.116053,-5.603159
15.115969,-19.742090,-5.610825
17.856581,-16.727958,-5.611285
19.857037,-13.347578,-5.601564
21.192744,-9.654101,-5.605711
21.846920,-5.929641,-5.608184
21.891897,-2.293240,-5.604279
21.374779,1.158471,-5.603350
20.338355,4.339589,-5.606152
18.898358,7.195534,-5.608492
17.198944,9.735038,-5.609425
15.253965,12.095036,-5.609338
12.289542,13.282257,-9.408010
10.265983,15.061790,-9.408278
8.073120,16.624104,-9.401334
5.690140,17.879407,-9.400523
3.032358,18.850165,-9.409106
0.273851,19.478191,-9.409516
-2.548909,19.648491,-9.408966
-5.496386,19.326408,-9.404473
-8.480383,18.496384,-9.402932
-11.307965,17.229926,-9.408019
-13.942907,15.601180,-9.403077
-16.440276,13.548747,-9.403001
-18.692874,11.044687,-9.405850
-20.494125,8.200016,-9.401932
-21.816442,4.955575,-9.398850
-22.550838,1.530600,-9.410298
-22.675023,-2.102231,-9.412601
-22.231494,-5.717480,-9.402166
-21.139225,-9.318863,-9.402540
-19.499934,-12.724108,-9.411064
-17.350522,-15.980547,-9.405470
-14.666188,-18.630053,-9.401237
-11.405791,-20.799015,-9.399347
-7.774570,-22.207705,-9.397768
-3.932568,-22.971242,-9.402493
-0.040387,-23.225608,-9.410134
3.711321,-22.833123,-9.406833
7.498627,-21.864629,-9.408334
10.931389,-20.304658,-9.408007
13.984059,-18.085240,-9.408482
16.505225,-15.278087,-9.411859
18.339099,-12.135708,-9.409967
19.520913,-8.837555,-9.409979
20.127714,-5.388022,-9.408191
20.172481,-2.019567,-9.408103
19.707803,1.178986,-9.411248
18.795919,4.139398,-9.408631
17.562429,6.837296,-9.400826
16.039805,9.214383,-9.398007
14.210839,11.376299,-9.402712
11.418359,12.439301,-13.207861
9.567877,14.051261,-13.203933
7.551881,15.432000,-13.204288
5.257007,16.609817,-13.207387
2.835743,17.470475,-13.207696
0.297551,17.890488,-13.206793
-2.399420,18.003397,-13.206153
-5.077652,17.731433,-13.201846
-7.685034,17.039003,-13.200573
-10.277857,15.936130,-13.207535
-12.800118,14.425025,-13.208245
-15.092648,12.582517,-13.203543
-17.153863,10.316061,-13.206088
-18.835937,7.609880,-13.210992
-19.955271,4.626225,-13.209916
-20.471931,1.481461,-13.211775
-20.402948,-1.825362,-13.212034
-19.825516,-4.961732,-13.210329
-18.720188,-8.073756,-13.211434
-17.196203,-11.153886,-13.208966
-15.439348,-13.952618,-13.200690
-12.945225,-16.485502,-13.206008
-10.114656,-18.422171,-13.207854
-6.924854,-20.005298,-13.206675
-3.510653,-20.960832,-13.203093
-0.076945,-21.111907,-13.201672
3.446321,-20.657999,-13.210739
6.766730,-19.786179,-13.209420
9.891238,-18.372632,-13.202589
12.676112,-16.363719,-13.197518
14.990279,-13.829455,-13.200076
16.686240,-10.987161,-13.209167
17.822481,-7.878994,-13.203768
18.378853,-4.741783,-13.199924
18.425783,-1.799975,-13.207185
18.033177,1.113677,-13.211904
17.280647,3.827836,-13.200034
16.292340,6.342895,-13.198716
14.933785,8.656113,-13.205030
13.275675,10.627400,-13.208509
10.504773,11.554778,-17.010346
8.755294,13.038346,-17.005258
6.830799,14.256742,-17.003375
4.758651,15.255448,-17.009464
2.593611,15.975756,-17.011882
0.207689,16.198098,-17.000260
-2.086536,16.241798,-17.001330
-4.468615,16.038684,-17.005786
-6.904574,15.433233,-17.004121
-9.229576,14.499383,-17.003040
-11.586205,13.133338,-17.001056
-13.639233,11.511074,-16.997773
-15.541671,9.412001,-17.002698
-16.998858,6.978625,-17.005971
-17.886267,4.288103,-17.002837
-18.133618,1.463676,-17.009610
-17.846763,-1.357250,-17.006475
-17.032065,-4.182606,-17.002897
-15.921277,-6.670073,-17.007510
-14.575475,-9.164076,-17.008461
-12.972929,-11.629539,-16.998719
-10.932394,-13.753252,-17.000108
-8.560931,-15.480299,-17.006597
-6.015353,-17.211318,-17.010106
-3.132550,-18.395498,-17.004627
-0.053967,-18.514381,-16.998699
3.078707,-18.127930,-17.005731
6.037738,-17.383118,-17.010914
8.827406,-16.145918,-17.012242
11.319090,-14.381702,-17.011311
13.413581,-12.160575,-17.006328
14.978044,-9.666857,-17.000082
16.030035,-6.918558,-17.004900
16.547863,-4.241840,-17.006906
16.619026,-1.408992,-17.004183
16.274418,1.183154,-17.004774
15.644054,3.607316,-17.007363
14.812536,5.979266,-17.000637
13.674712,8.072905,-16.998520
12.158365,9.935977,-17.005882
9.543145,10.494077,-20.799070
7.947346,11.820168,-20.796351
6.172080,12.864623,-20.804898
4.271736,13.713883,-20.808725
2.297949,14.310520,-20.801014
0.231899,14.380009,-20.805003
-1.843843,14.374207,-20.807731
-3.901326,14.225258,-20.802579
-6.103852,13.713944,-20.797660
-8.210560,12.905450,-20.799972
-10.180401,11.802870,-20.798747
-12.112290,10.301176,-20.802666
-13.746503,8.482434,-20.811762
-14.973963,6.361549,-20.810197
-15.660841,3.918165,-20.797223
-15.646017,1.376120,-20.797670
-15.138184,-1.020814,-20.801950
-14.179521,-3.264233,-20.802356
-13.046422,-5.329628,-20.804262
-11.839706,-7.232817,-20.804342
-10.359343,-9.061749,-20.801114
-8.696734,-10.725539,-20.807972
-6.852034,-12.171820,-20.803205
-4.904216,-13.688785,-20.801943
-2.576350,-14.829821,-20.805957
-0.026929,-15.131309,-20.805765
2.602149,-15.092553,-20.806621
5.193719,-14.625843,-20.805796
7.647918,-13.662806,-20.802593
9.777284,-12.277677,-20.799700
11.661139,-10.434088,-20.802732
13.105585,-8.343613,-20.809425
14.121721,-6.015298,-20.803814
14.677131,-3.534827,-20.805577
14.760356,-1.184800,-20.806685
14.462349,1.148613,-20.799176
13.909828,3.336741,-20.799923
13.180108,5.375079,-20.807675
12.189060,7.295868,-20.811024
10.971546,8.977329,-20.806126
8.320986,9.337784,-24.609185
6.915482,10.473433,-24.600409
5.331520,11.342763,-24.595648
3.720996,11.984179,-24.601155
1.968196,12.413823,-24.610411
0.242063,12.454202,-24.608180
-1.568877,12.431937,-24.611470
-3.367628,12.302646,-24.610931
-5.137893,11.927573,-24.602373
-6.989357,11.272088,-24.599885
-8.721596,10.345605,-24.601362
-10.410945,9.060449,-24.609361
-11.834071,7.486262,-24.606544
-12.864129,5.626187,-24.599134
-13.326254,3.556116,-24.600912
-13.115220,1.364173,-24.598607
-12.499547,-0.590908,-24.608095
-11.506700,-2.366081,-24.609863
-10.447200,-4.032139,-24.606356
-9.335424,-5.439944,-24.607516
-7.887399,-6.656795,-24.605717
-6.603938,-7.812503,-24.599090
-5.198884,-8.956439,-24.605226
-3.594053,-9.769590,-24.603387
-1.844507,-10.480749,-24.604115
0.041494,-11.270038,-24.609993
2.102163,-11.774187,-24.599081
4.222512,-11.681148,-24.597412
6.335468,-11.047204,-24.606093
8.184834,-10.010587,-24.610273
9.854254,-8.572165,-24.605002
11.177376,-6.912524,-24.598502
12.168263,-4.947821,-24.598278
12.713733,-2.892574,-24.606954
12.811278,-0.854569,-24.612195
12.535510,1.173312,-24.607746
12.031257,3.072901,-24.603607
11.290172,4.801016,-24.607655
10.435119,6.407355,-24.612979
9.473442,7.952605,-24.613710
6.952676,7.952739,-28.403750
5.755117,8.891286,-28.402291
4.448736,9.586272,-28.406261
3.067245,10.059051,-28.410177
1.615407,10.284777,-28.403998
0.218049,10.419712,-28.398891
-1.247276,10.448481,-28.397705
-2.709598,10.326467,-28.403290
-4.212238,10.033851,-28.408009
-5.726860,9.534616,-28.401853
-7.202311,8.777919,-28.408301
-8.589435,7.755094,-28.411697
-9.798819,6.440213,-28.403152
-10.641452,4.860722,-28.400324
-10.940238,3.164398,-28.409563
-10.648191,1.402046,-28.409555
-10.027007,-0.213404,-28.404256
-9.086624,-1.642399,-28.411173
-8.197590,-2.907567,-28.407225
-7.193171,-3.942890,-28.399219
-5.916803,-4.683605,-28.403745
-4.872580,-5.522555,-28.401005
-3.803506,-6.347797,-28.406068
-2.513791,-6.671067,-28.403231
-1.277623,-7.128963,-28.403858
0.056672,-8.047039,-28.411452
1.635982,-8.718338,-28.409720
3.356553,-8.838700,-28.401394
5.050077,-8.495019,-28.396562
6.606266,-7.762748,-28.400398
7.987844,-6.727271,-28.403100
9.198315,-5.413971,-28.400359
10.097723,-3.870872,-28.409276
10.623165,-2.223201,-28.411602
10.727557,-0.446722,-28.410666
10.472982,1.198955,-28.413483
10.003947,2.791189,-28.412571
9.267237,4.195828,-28.403640
8.535439,5.487086,-28.398694
7.818158,6.788550,-28.400979
5.356542,6.389610,-32.200148
4.425073,7.084646,-32.197264
3.456115,7.625922,-32.196945
2.341755,7.950398,-32.199924
1.253432,7.907779,-32.206525
0.214042,8.197497,-32.209023
-0.936243,8.389196,-32.210744
-2.074384,8.256722,-32.205274
-3.235249,8.062894,-32.197514
-4.407278,7.689340,-32.211837
-5.605871,7.111981,-32.202018
-6.688408,6.342981,-32.199793
-7.631640,5.335715,-32.207051
-8.294132,4.124596,-32.200991
-8.523705,2.715713,-32.197740
-8.240387,1.367304,-32.200711
-7.692152,0.094986,-32.199157
-6.966143,-0.946371,-32.197705
-6.249670,-1.905049,-32.197844
-5.382404,-2.667238,-32.198957
-4.345919,-3.141252,-32.204305
-3.555522,-3.733052,-32.208877
-2.743458,-4.297795,-32.202470
-1.764578,-4.411605,-32.196918
-0.861984,-4.836452,-32.203235
0.070969,-5.615686,-32.211608
1.272186,-6.161525,-32.209007
2.548240,-6.302283,-32.203382
3.816493,-6.108607,-32.202037
5.043489,-5.602039,-32.208846
6.188490,-4.828871,-32.213238
7.137209,-3.898836,-32.211046
7.891913,-2.745386,-32.213514
8.360256,-1.441112,-32.205938
8.441331,-0.073642,-32.203740
8.210927,1.244435,-32.208947
7.812137,2.461227,-32.207392
7.171421,3.501365,-32.211384
6.561053,4.473676,-32.212631
6.009557,5.487223,-32.206979
3.465525,4.545217,-36.005879
2.856846,4.962750,-36.005963
2.232220,5.329936,-36.008425
1.558710,5.570416,-36.008722
0.809463,5.299316,-36.000795
0.183024,5.522422,-36.004529
-0.586679,6.024403,-36.009586
-1.336478,5.907666,-36.001659
-2.119024,5.782208,-36.002303
-2.911062,5.556732,-36.006148
-3.698431,5.200045,-36.004002
-4.469072,4.688068,-36.004874
-5.126197,4.031363,-36.009208
-5.612264,3.202875,-36.007542
-5.774469,2.287721,-36.010400
-5.582883,1.348633,-36.004986
-5.202314,0.497717,-36.008874
-4.700177,-0.233476,-36.002504
-4.212526,-0.876022,-35.998360
-3.572486,-1.366185,-36.001876
-2.860406,-1.648270,-35.998843
-2.318498,-2.039331,-36.000257
-1.737110,-2.342260,-36.006395
-1.072213,-2.356415,-36.009463
-0.537401,-2.774579,-36.010097
0.100017,-3.336916,-36.011527
0.892775,-3.660335,-36.005600
1.717588,-3.754356,-35.999331
2.601789,-3.615974,-36.009175
3.403388,-3.299892,-36.004757
4.159615,-2.821102,-35.999950
4.832385,-2.182785,-36.002451
5.350094,-1.412511,-35.999802
5.654838,-0.566193,-35.999392
5.695099,0.353661,-36.001019
5.522749,1.239493,-36.000638
5.227489,2.048324,-35.999107
4.734831,2.745418,-36.003763
4.283579,3.376430,-36.007364
3.909518,3.983029,-36.007196
-0.327131,1.098566,-39.805153
13.202502,17.409126,36.194847
10.410999,18.965511,36.194847
7.387606,20.378865,36.194847
4.401735,21.533704,36.194847
1.073600,22.511399,36.194847
-2.470163,23.160770,36.194847
-6.333588,23.384112,36.194847
-10.323183,23.069344,36.194847
-14.483189,22.087087,36.194847
-18.335872,20.235697,36.194847
-21.365040,17.003822,36.194847
-22.574679,12.797348,36.194847
-22.330998,8.364317,36.194847
-21.435304,4.335287,36.194847
-20.277504,0.782083,36.194847
-19.017456,-2.305924,36.194847
-17.568739,-5.161088,36.194847
-15.924998,-7.752532,36.194847
-14.088913,-10.043321,36.194847
-12.073277,-11.989991,36.194847
-9.687485,-13.700790,36.194847
-7.312326,-14.918985,36.194847
-4.659203,-15.822347,36.194847
-2.034441,-16.307356,36.194847
0.765683,-16.415726,36.194847
3.421193,-16.146008,36.194847
6.020154,-15.539491,36.194847
8.533547,-14.641764,36.194847
10.939775,-13.487451,36.194847
13.328098,-12.021945,36.194847
15.647675,-10.222721,36.194846
17.737975,-8.160355,36.194846
19.682858,-5.615200,36.194847
21.198042,-2.791466,36.194847
22.264192,0.512162,36.194847
22.617230,3.966900,36.194847
22.107245,7.406439,36.194847
20.695209,10.571560,36.194847
18.520714,13.296758,36.194847
14.560117,14.163913,32.794198
12.618110,16.589847,32.791226
10.217792,18.584609,32.792293
7.404730,20.187877,32.797263
4.266299,21.401779,32.800016
0.986854,22.162408,32.792964
-2.355052,22.420776,32.794993
-6.105770,22.820544,32.799374
-10.130738,22.647597,32.799409
-13.927585,21.244359,32.797279
-17.595335,19.396695,32.790116
-19.723727,15.870481,32.790056
-19.694624,11.320265,32.794859
-20.438219,7.725501,32.796056
-21.264696,4.331803,32.795002
-20.178472,0.805156,32.797786
-19.631028,-2.385930,32.801308
-18.753647,-5.490958,32.789838
-17.220019,-8.373471,32.794672
-14.958920,-10.653870,32.801939
-12.352967,-12.387768,32.797702
-9.941164,-13.926483,32.799147
-7.308118,-15.052154,32.793930
-4.644581,-15.724566,32.797917
-1.919534,-15.953240,32.796746
0.695858,-15.747367,32.786731
3.231206,-15.109621,32.786845
5.463373,-14.013448,32.797994
7.528593,-12.830221,32.796252
9.342828,-11.322528,32.793582
11.140326,-9.795838,32.797710
13.546200,-8.704301,32.793275
15.013833,-6.788106,32.791685
16.022478,-4.433598,32.794651
17.056744,-2.059880,32.799081
17.882737,0.556449,32.800067
18.306894,3.283393,32.791985
17.915968,6.090703,32.793028
17.018612,8.714190,32.799756
15.981249,11.410716,32.799104
13.090976,12.751335,29.390334
11.520910,15.158692,29.394603
9.461761,17.172677,29.395847
6.922187,18.766721,29.393921
4.019493,19.905882,29.398603
0.959382,20.518491,29.397443
-2.145203,20.591479,29.392846
-5.528177,20.850975,29.392782
-9.138565,20.550528,29.394857
-12.331486,19.027201,29.393591
-15.434185,17.217495,29.395530
-17.425659,14.092350,29.397971
-17.877591,10.430765,29.392214
-19.374005,7.383835,29.393707
-21.064815,4.302220,29.401225
-20.361842,0.771726,29.400432
-20.259812,-2.579641,29.402281
-19.703588,-5.873602,29.390916
-18.350482,-8.978884,29.392577
-16.196906,-11.517172,29.398781
-13.506673,-13.554603,29.393513
-10.916290,-15.278706,29.392304
-8.039594,-16.471623,29.397958
-5.097610,-17.097007,29.400923
-2.113708,-17.154643,29.401685
0.746891,-16.715536,29.399207
3.344476,-15.803357,29.395152
5.561905,-14.179086,29.400097
7.504530,-12.745146,29.393981
9.113798,-10.968820,29.388283
10.651993,-9.337324,29.391906
13.185717,-8.426157,29.394470
14.403508,-6.388169,29.395643
14.993714,-4.076589,29.396007
15.716245,-1.830143,29.397995
16.247579,0.511163,29.400218
16.441123,3.038171,29.391808
15.973157,5.365167,29.391881
15.078103,7.739532,29.397927
14.180095,10.231694,29.394797
11.843274,11.525346,26.002523
10.268416,13.438566,25.993118
8.379748,15.044090,25.991223
6.130578,16.346737,25.998834
3.587675,17.296130,25.998797
1.037396,17.782395,25.992212
-1.793203,17.939814,25.989052
-4.496878,17.725037,25.994768
-7.375761,17.060821,25.999280
-10.100311,15.936263,25.993174
-12.594342,14.361521,25.990084
-14.981950,12.403085,25.998639
-16.827627,9.846210,25.992539
-18.996505,7.258001,25.990987
-20.849288,4.310500,25.999963
-20.727606,0.802077,25.992701
-20.863336,-2.616343,25.992771
-20.455065,-6.118643,25.991122
-19.286705,-9.477161,25.989326
-17.507120,-12.531195,25.990976
-15.203075,-15.226390,25.992972
-12.479948,-17.490146,25.992495
-9.455552,-19.098262,25.993493
-6.036957,-20.033128,25.996565
-2.617986,-20.199239,25.997365
0.656785,-19.721916,25.993903
3.789455,-18.666561,25.989833
6.460290,-17.165055,25.990700
8.853784,-15.414029,25.995036
10.805632,-13.386483,25.996481
12.421971,-11.192202,25.994966
13.937525,-9.074534,25.996745
14.799966,-6.650351,25.999785
15.268318,-4.197108,25.999509
15.651064,-1.875235,25.999099
15.849053,0.476991,26.001689
15.733497,2.842342,25.997960
15.127236,5.112107,25.996594
14.175312,7.284607,26.000753
13.125961,9.409804,26.004210
11.063025,10.737253,22.587326
9.324559,12.115928,22.595097
7.404944,13.217743,22.596390
5.362824,14.084516,22.591028
3.250965,14.754958,22.597416
0.969613,15.203020,22.599001
-1.400113,15.537805,22.593801
-3.698984,14.898445,22.594603
-5.839616,13.946342,22.597086
-8.255789,13.483465,22.591381
-10.506242,12.209428,22.589862
-13.376505,11.102041,22.594715
-16.446744,9.582139,22.595308
-18.942558,7.314389,22.595726
-20.643622,4.225355,22.597013
-21.143730,0.789869,22.594448
-21.361932,-2.650380,22.598085
-20.968541,-6.189976,22.594479
-19.999937,-9.757431,22.596248
-18.669359,-13.341316,22.597725
-16.786699,-16.790066,22.592955
-14.094305,-19.674771,22.596350
-10.874146,-21.962773,22.592716
-7.219913,-23.404062,22.597045
-3.299887,-23.962140,22.597573
0.614077,-23.639095,22.591573
4.290604,-22.617440,22.598842
7.854714,-21.529656,22.600633
10.926723,-19.625218,22.595252
13.558466,-17.051931,22.595194
15.345975,-14.060106,22.600704
15.354215,-10.101811,22.598386
15.790449,-7.172905,22.598533
16.238734,-4.511116,22.600405
16.272450,-1.919445,22.601975
16.096744,0.534862,22.601063
15.654687,2.831174,22.594436
14.923655,5.052875,22.593044
13.898685,7.158703,22.594110
12.651343,9.005530,22.589501
10.905116,10.578054,19.196545
9.052894,11.728568,19.195874
7.071093,12.626202,19.198670
5.139615,13.311446,19.199345
3.038829,13.881514,19.189786
0.915169,14.306567,19.197672
-1.279321,14.650654,19.196825
-3.458870,14.120196,19.191941
-5.479637,13.309351,19.194667
-7.891427,12.972716,19.194306
-10.208805,11.880058,19.188607
-13.103192,10.907926,19.196744
-16.557944,9.704659,19.202190
-19.038515,7.252824,19.199484
-20.411345,4.151765,19.196370
-21.479291,0.883148,19.192024
-21.693944,-2.698735,19.196013
-21.165367,-6.377593,19.197402
-20.376387,-10.002069,19.197765
-19.339961,-13.708061,19.198559
-17.540058,-17.523135,19.199044
-14.922233,-20.682854,19.199241
-11.607544,-23.321847,19.192776
-7.771905,-25.072907,19.195625
-3.607118,-25.878361,19.200257
0.609577,-25.783079,19.197436
4.746087,-24.920991,19.196279
8.583678,-23.791460,19.193501
12.068019,-21.788158,19.192327
15.058029,-19.171890,19.190551
17.135048,-15.911254,19.189852
16.815710,-11.161213,19.198131
17.170420,-7.841475,19.194746
17.489216,-4.928318,19.193431
17.225962,-2.111199,19.196210
16.683675,0.520690,19.196228
15.898123,2.955119,19.195878
15.072371,5.109980,19.193469
14.038632,7.169481,19.191746
12.631732,9.018587,19.194051
11.231250,10.890753,15.793234
9.399069,12.121348,15.792388
7.310914,13.172444,15.788694
5.252282,13.960078,15.789738
3.118644,14.521519,15.799971
0.956718,14.955254,15.796471
-1.371795,15.189751,15.790810
-3.691335,14.992276,15.793872
-6.116597,14.521028,15.797717
-8.649866,13.970622,15.794261
-11.309308,12.927396,15.792260
-13.959470,11.600219,15.791926
-17.012359,9.943083,15.793810
-18.999887,7.252791,15.793083
-20.087769,4.129046,15.789496
-21.643713,0.871980,15.790076
-21.780038,-2.765544,15.796253
-21.124723,-6.355059,15.797468
-20.422022,-9.914705,15.798004
-19.261634,-13.756580,15.797603
-17.247434,-17.251594,15.795155
-14.633471,-20.310306,15.795254
-11.354888,-22.864980,15.791971
-7.595781,-24.629089,15.795910
-3.542541,-25.566831,15.797344
0.605112,-25.709682,15.792851
4.717676,-25.133515,15.796884
8.618044,-24.067546,15.798309
12.249953,-22.153359,15.795339
15.344808,-19.654093,15.794496
17.647948,-16.425987,15.795409
18.113234,-12.166296,15.789796
18.592904,-8.535015,15.787218
18.757666,-5.321043,15.794277
18.243676,-2.233315,15.801856
17.399310,0.492151,15.798474
16.336525,2.999364,15.791131
15.360761,5.263786,15.790744
14.312306,7.352915,15.793907
12.926160,9.257740,15.794287
11.541252,11.190945,12.389485
9.685997,12.600973,12.394322
7.672805,13.779840,12.391718
5.535611,14.698293,12.390949
3.287753,15.314564,12.401503
0.997350,15.763189,12.390862
-1.450151,15.869776,12.395059
-4.051839,15.974107,12.398338
-6.734538,15.828084,12.392436
-9.356593,15.041089,12.398726
-12.307070,14.050415,12.400178
-14.798233,12.257646,12.396737
-17.282704,10.045594,12.394545
-18.757161,7.151547,12.394693
-19.718748,4.042698,12.394646
-21.517344,0.770823,12.392720
-21.558774,-2.737651,12.392057
-20.876842,-6.188311,12.399045
-19.994679,-9.696535,12.399932
-18.575805,-13.160847,12.396752
-16.354028,-16.359137,12.399271
-13.792430,-19.101807,12.401423
-10.679347,-21.423270,12.402631
-7.065326,-23.171427,12.398043
-3.318888,-24.205997,12.398252
0.675669,-24.573886,12.401863
4.547828,-24.270159,12.396193
8.470794,-23.378706,12.399308
11.969291,-21.721906,12.397233
15.036847,-19.308443,12.390263
17.483571,-16.298456,12.392062
19.035144,-12.736131,12.400156
19.781812,-9.178342,12.394197
19.797064,-5.687569,12.394705
19.132338,-2.383928,12.397582
18.031650,0.521632,12.389486
16.762948,3.070566,12.394499
15.714870,5.293131,12.395197
14.600907,7.487413,12.390030
13.171176,9.507380,12.387756
11.376007,11.041239,8.989478
9.586997,12.449560,8.989895
7.675847,13.669662,8.990131
5.501175,14.674890,8.991492
3.328326,15.333756,8.995775
0.964860,15.749639,8.993966
-1.425117,15.769656,8.993701
-3.954978,15.997247,8.991198
-6.794089,16.010100,8.988825
-9.447636,15.081808,8.996733
-12.448494,14.103871,9.001943
-14.738933,12.183661,8.991506
-16.788752,9.864502,8.995061
-18.174821,6.970297,9.004411
-19.229052,3.985514,8.998591
-20.927465,0.773802,8.990685
-20.986132,-2.639278,8.997778
-20.424261,-6.037108,8.996180
-19.107227,-9.269896,8.989118
-17.276819,-12.318745,8.991448
-15.228967,-15.180129,8.997277
-12.667676,-17.617266,8.993459
-9.672959,-19.720815,8.997933
-6.521781,-21.311723,9.000570
-3.038556,-22.436071,8.997265
0.706065,-22.973126,8.996650
4.363555,-22.880497,9.000555
8.089993,-22.207379,8.992354
11.581009,-20.718597,8.991480
14.422447,-18.444237,8.999984
16.899668,-15.732923,9.002473
19.345661,-12.981828,8.994833
20.407773,-9.547684,8.994547
20.321957,-5.820441,8.995434
19.638135,-2.506762,8.994222
18.400695,0.535143,8.994635
17.033553,3.093091,8.990956
15.902176,5.349198,8.991346
14.665083,7.538726,8.993333
13.141520,9.390400,8.991633
10.713702,10.428313,5.602601
8.982818,11.726366,5.592556
7.177188,12.880699,5.588616
5.231281,13.814128,5.595048
3.204286,14.536990,5.597573
0.956027,14.855448,5.592888
-1.315760,14.844691,5.592521
-3.715626,15.025109,5.597376
-6.298763,14.951535,5.596718
-8.688290,14.099646,5.592320
-11.523721,13.144468,5.599854
-13.787432,11.414559,5.594300
-15.730996,9.256549,5.595693
-17.272044,6.732631,5.601592
-18.610182,3.899046,5.600529
-19.933841,0.846536,5.597385
-20.103165,-2.492917,5.595327
-19.727067,-5.886677,5.600672
-18.025466,-8.804025,5.592765
-15.992222,-11.360412,5.589073
-14.051776,-14.064531,5.594994
-11.596427,-16.175560,5.589798
-8.817463,-18.049200,5.596849
-5.846516,-19.585627,5.599751
-2.679917,-20.683105,5.595868
0.617800,-21.263468,5.594414
4.086808,-21.294729,5.595332
7.631919,-20.743000,5.590656
10.875494,-19.462124,5.597118
13.661608,-17.241199,5.599959
16.012064,-14.837708,5.592498
18.733977,-12.623050,5.598261
19.999365,-9.264279,5.594599
19.955369,-5.685600,5.591987
19.363691,-2.426253,5.595141
18.251271,0.485008,5.594660
16.941523,3.035923,5.595587
15.710848,5.373900,5.596722
14.381951,7.338448,5.599404
12.553056,9.045252,5.603853
9.824660,9.463208,2.193289
8.188128,10.603337,2.191367
6.500831,11.626039,2.193887
4.804085,12.440454,2.200280
2.972547,13.207729,2.201777
1.010860,13.430722,2.201460
-1.091577,13.439762,2.192765
-3.186976,13.434846,2.190101
-5.369286,13.166649,2.195514
-7.585027,12.483019,2.192201
-9.962514,11.603124,2.191270
-12.262665,10.291551,2.195183
-14.237018,8.538384,2.194135
-16.218466,6.300007,2.196023
-17.806476,3.796294,2.199886
-18.674857,0.826695,2.192869
-18.971872,-2.349893,2.189329
-18.762613,-5.594337,2.194853
-17.150280,-8.385962,2.194912
-15.102344,-10.752944,2.191541
-13.160829,-13.130999,2.194353
-10.796362,-15.124633,2.199881
-8.217885,-16.824198,2.196934
-5.466002,-18.221030,2.190726
-2.437657,-19.246768,2.191073
0.718578,-19.770385,2.195914
3.916946,-19.762066,2.196357
7.057630,-19.168518,2.196755
10.129721,-17.900358,2.194773
12.678694,-16.004610,2.192248
14.903124,-13.686217,2.190941
17.022738,-11.270082,2.188950
18.012025,-8.277961,2.190284
18.134614,-5.141811,2.192523
17.811564,-2.199908,2.192647
17.087740,0.463015,2.191787
16.141244,2.932847,2.192469
14.991095,5.080442,2.191188
13.442940,6.927717,2.190093
11.603882,8.319506,2.192145
8.859983,8.456400,-1.202602
7.342268,9.444394,-1.201757
5.849641,10.256473,-1.204143
4.286892,10.955088,-1.210430
2.722497,11.649268,-1.210357
0.944975,11.851492,-1.202925
-0.881089,11.935242,-1.197569
-2.652734,11.755965,-1.202756
-4.399854,11.249428,-1.209425
-6.352702,10.798692,-1.204509
-8.293282,9.982804,-1.204158
-10.546609,9.089036,-1.211175
-12.717312,7.715233,-1.203874
-14.981810,5.927311,-1.201371
-16.816031,3.554078,-1.208237
-17.247166,0.823763,-1.201793
-17.649774,-2.158089,-1.208673
-17.530901,-5.170852,-1.206152
-16.469444,-7.986144,-1.203950
-14.650774,-10.394716,-1.207762
-12.519948,-12.524588,-1.210874
-10.350328,-14.463901,-1.211360
-7.837899,-16.121998,-1.211147
-5.200258,-17.366993,-1.207542
-2.311879,-18.200694,-1.208184
0.687967,-18.540074,-1.212339
3.695070,-18.365948,-1.209453
6.577638,-17.496869,-1.204510
9.285192,-16.184330,-1.202930
11.711696,-14.529238,-1.201719
13.581910,-12.317985,-1.201152
14.489688,-9.443890,-1.207065
15.018170,-6.669156,-1.210594
15.275991,-4.180726,-1.209362
15.266600,-1.771120,-1.205024
15.075166,0.528839,-1.201862
14.670828,2.717293,-1.205088
13.653468,4.651937,-1.204068
12.070886,6.223128,-1.200055
10.373256,7.471945,-1.201068
8.004098,7.689566,-4.595840
6.696826,8.531784,-4.606883
5.288452,9.208024,-4.610097
3.921925,9.749723,-4.599555
2.445264,10.265702,-4.600048
0.914520,10.505531,-4.607234
-0.665876,10.677990,-4.612146
-2.256282,10.418711,-4.608967
-3.703667,9.808501,-4.603466
-5.422549,9.502021,-4.606211
-7.083919,8.726957,-4.609964
-9.196210,8.061280,-4.610469
-11.377907,7.002790,-4.604214
-13.727770,5.514819,-4.600723
-15.568312,3.353540,-4.607189
-15.771307,0.802086,-4.611251
-16.175723,-1.924281,-4.608876
-16.037105,-4.646130,-4.610186
-15.515780,-7.510997,-4.609636
-14.141414,-10.015163,-4.605342
-12.036892,-11.995432,-4.601348
-10.009944,-13.983941,-4.598902
-7.569904,-15.616151,-4.600038
-4.938549,-16.732438,-4.602259
-2.164120,-17.324420,-4.601830
0.694771,-17.417079,-4.604659
3.508687,-16.990621,-4.611842
6.085885,-15.782822,-4.604403
8.378157,-14.460344,-4.606312
10.564565,-12.988407,-4.609298
12.170109,-10.825230,-4.605634
12.303286,-7.778573,-4.607696
12.638641,-5.497570,-4.602917
13.027217,-3.426471,-4.601433
13.235010,-1.416558,-4.602444
13.321998,0.508590,-4.599506
13.041955,2.444268,-4.599940
12.014516,4.137804,-4.601040
10.569292,5.461927,-4.598422
9.270697,6.644026,-4.594370
7.532430,7.180482,-8.006721
6.329160,8.054021,-8.002957
5.005268,8.643861,-8.001285
3.654373,9.106390,-8.004526
2.320713,9.309110,-8.007822
0.926735,9.612283,-8.005374
-0.498516,9.879624,-7.999160
-1.974859,9.635406,-8.003359
-3.381549,9.062267,-8.012625
-4.961482,8.793036,-8.001728
-6.483582,8.077194,-8.000333
-8.323620,7.440030,-8.006782
-10.331622,6.466299,-8.010326
-12.478651,5.101232,-8.008480
-14.117592,3.157761,-8.008200
-14.325688,0.737052,-8.007386
-14.589930,-1.690912,-7.999028
-14.280664,-4.178042,-8.005066
-13.979644,-6.730250,-8.002370
-13.094796,-9.291006,-8.003670
-11.371929,-11.424661,-8.009643
-9.521131,-13.372843,-7.999058
-7.219712,-14.932540,-8.006814
-4.693547,-15.907131,-8.008991
-1.949274,-16.288874,-8.007112
0.675734,-16.153824,-8.004728
3.291447,-15.509304,-8.000094
5.524580,-14.159956,-8.008841
7.583770,-12.849587,-8.005342
9.513682,-11.449084,-8.000658
10.901363,-9.564638,-8.004756
11.475093,-7.182846,-8.007148
11.987255,-5.130640,-8.010487
12.367129,-3.239455,-8.008784
12.497782,-1.298313,-8.005581
12.356638,0.551169,-8.008442
11.678871,2.285706,-8.010354
10.474224,3.689499,-8.010144
9.276202,4.879328,-8.009340
8.419091,6.055760,-8.008518
7.239373,6.879151,-11.401008
6.136399,7.761670,-11.403886
4.845135,8.333614,-11.406448
3.531573,8.747627,-11.400881
2.222181,8.786398,-11.399007
0.949758,9.054334,-11.403340
-0.487302,9.323634,-11.408046
-1.858164,9.111804,-11.407585
-3.188317,8.728731,-11.406765
-4.699144,8.435432,-11.408252
-6.181249,7.800659,-11.403517
-7.791701,7.048201,-11.410100
-9.485010,6.020827,-11.408442
-11.226520,4.676351,-11.401193
-12.541400,2.858505,-11.404796
-12.859926,0.768228,-11.404572
-12.909500,-1.386391,-11.400191
-12.370445,-3.542337,-11.402155
-11.933048,-5.729540,-11.408384
-11.418133,-8.141727,-11.407221
-10.297341,-10.331721,-11.401300
-8.602748,-12.126821,-11.404233
-6.505658,-13.564844,-11.408765
-4.193267,-14.416123,-11.401353
-1.669346,-14.668723,-11.403431
0.715249,-14.432564,-11.408227
3.003705,-13.769173,-11.398683
5.060608,-12.569627,-11.399108
6.894859,-11.414975,-11.402438
8.477624,-10.097791,-11.406740
9.826693,-8.501799,-11.406845
11.005269,-6.882921,-11.398653
11.733558,-5.027897,-11.400866
12.036820,-3.117943,-11.402173
12.009809,-1.193553,-11.404434
11.604328,0.533408,-11.413144
10.685187,2.132607,-11.404281
9.548099,3.395563,-11.401886
8.616163,4.521303,-11.407016
7.965024,5.694919,-11.404829
6.953383,6.689690,-14.807440
5.910388,7.438904,-14.802801
4.662977,8.023929,-14.800122
3.424714,8.405058,-14.801935
2.130098,8.485688,-14.811700
0.912350,8.667980,-14.808676
-0.373175,8.786888,-14.807820
-1.672323,8.674339,-14.809682
-3.092716,8.486374,-14.802210
-4.491055,8.163125,-14.810848
-5.966592,7.612627,-14.809418
-7.331080,6.713370,-14.799207
-8.706699,5.577138,-14.803814
-9.941082,4.217607,-14.808583
-10.847606,2.599346,-14.806319
-11.348375,0.755049,-14.810622
-11.163361,-1.154723,-14.806347
-10.426571,-2.920948,-14.808413
-9.787129,-4.643567,-14.807156
-9.290036,-6.585675,-14.802679
-8.384506,-8.464759,-14.800172
-6.916349,-9.825723,-14.800229
-5.218193,-10.976906,-14.802498
-3.260548,-11.777124,-14.800156
-1.303464,-12.119272,-14.803417
0.745893,-12.073390,-14.806248
2.691706,-11.690959,-14.799962
4.561056,-11.033806,-14.796758
6.233477,-10.087547,-14.795905
7.615085,-8.775038,-14.796864
8.853702,-7.496150,-14.802421
10.286887,-6.322418,-14.810305
11.093629,-4.695956,-14.803587
11.347886,-2.896574,-14.796604
11.226181,-1.068624,-14.802883
10.701206,0.561857,-14.811667
9.932573,2.013356,-14.800894
9.232515,3.260111,-14.800457
8.581853,4.468503,-14.811446
7.845105,5.650029,-14.812694
6.613292,6.280538,-18.206268
5.518655,6.954448,-18.211218
4.407418,7.510188,-18.209852
3.269047,7.871988,-18.202319
2.096078,8.090064,-18.207168
0.906854,8.176837,-18.214548
-0.284065,8.133160,-18.207093
-1.477563,8.108219,-18.198004
-2.902268,8.117986,-18.210671
-4.227297,7.757165,-18.213596
-5.657367,7.280851,-18.198147
-6.777205,6.255912,-18.209703
-7.801023,5.129198,-18.206043
-8.577550,3.770548,-18.199319
-9.133655,2.298974,-18.209074
-9.767915,0.721800,-18.206004
-9.418846,-0.869680,-18.202600
-8.608114,-2.335614,-18.207607
-7.814223,-3.658918,-18.209927
-7.143721,-5.073505,-18.205854
-6.261412,-6.315558,-18.204581
-5.004828,-7.251444,-18.207871
-3.716791,-8.108966,-18.207531
-2.283799,-8.836444,-18.210539
-0.810368,-9.347357,-18.209071
0.773282,-9.555315,-18.209743
2.393084,-9.542127,-18.211310
4.069232,-9.478458,-18.200352
5.544954,-8.746683,-18.198052
6.686130,-7.566440,-18.200480
7.865395,-6.490989,-18.203366
9.315270,-5.636461,-18.209708
10.141862,-4.167868,-18.209976
10.360211,-2.515346,-18.203947
10.187979,-0.935736,-18.203281
9.636721,0.579907,-18.211848
9.190791,1.876223,-18.206670
8.910525,3.169235,-18.199572
8.516245,4.463206,-18.199127
7.657207,5.505568,-18.201978
5.922282,5.665324,-21.609547
4.939556,6.211350,-21.603647
4.004410,6.706216,-21.599514
2.982917,7.036045,-21.610934
1.951962,7.368405,-21.609579
0.897629,7.421904,-21.605357
-0.125034,7.278864,-21.600674
-1.248195,7.297072,-21.597348
-2.561819,7.430672,-21.606507
-3.735318,7.072459,-21.599202
-5.070718,6.633886,-21.598557
-5.923575,5.680299,-21.608860
-6.725096,4.563091,-21.614678
-7.142175,3.304182,-21.608072
-7.453018,2.017347,-21.600592
-8.089787,0.717533,-21.600908
-7.676413,-0.634080,-21.603343
-6.956973,-1.814944,-21.609137
-6.117566,-2.835596,-21.603553
-5.350439,-3.801329,-21.604612
-4.494395,-4.590674,-21.610785
-3.508414,-5.240957,-21.611591
-2.536124,-5.896787,-21.607820
-1.532140,-6.505839,-21.605166
-0.422852,-7.048128,-21.600588
0.804170,-7.337483,-21.599247
2.080219,-7.562327,-21.602316
3.538174,-7.885180,-21.606699
4.828780,-7.265338,-21.613062
5.776700,-6.253801,-21.608277
6.839002,-5.412521,-21.602620
8.180707,-4.755985,-21.610919
8.900020,-3.563887,-21.608596
9.099782,-2.089373,-21.599982
8.894442,-0.691507,-21.597099
8.401990,0.601658,-21.603425
8.201426,1.744657,-21.611136
8.179565,2.955034,-21.610065
7.927255,4.169431,-21.602888
7.021022,5.060586,-21.606180
5.036624,4.740547,-24.994758
4.206675,5.148753,-24.999984
3.418366,5.588063,-25.007285
2.601134,5.866221,-25.007711
1.785928,6.212934,-25.005695
0.916873,6.327948,-25.009870
0.007954,6.150038,-25.009853
-0.901106,6.172391,-24.999203
-1.966078,6.326723,-25.006403
-2.982333,6.004883,-25.012713
-4.068301,5.641111,-25.000325
-4.795231,4.810746,-25.000116
-5.369496,3.895669,-25.004112
-5.579882,2.806139,-25.003791
-5.743230,1.733302,-25.005271
-6.255717,0.683251,-25.006664
-5.914390,-0.377417,-25.008441
-5.341930,-1.330470,-25.011716
-4.568480,-2.073253,-25.000883
-3.853045,-2.703955,-24.996026
-3.074141,-3.243731,-25.006054
-2.339504,-3.708842,-25.007915
-1.659022,-4.175940,-25.001781
-0.936011,-4.658142,-25.001122
-0.091816,-5.104724,-25.003890
0.817791,-5.340242,-25.002399
1.819329,-5.692825,-25.002613
3.001039,-6.156165,-25.008732
3.993605,-5.633128,-25.004857
4.751098,-4.848350,-25.001813
5.642706,-4.218924,-25.003325
6.745118,-3.723043,-25.005390
7.366082,-2.729994,-25.002857
7.514678,-1.581275,-24.998809
7.329272,-0.447420,-24.999638
6.940338,0.604886,-25.008079
6.837532,1.529068,-25.012882
6.893850,2.555717,-25.010066
6.721147,3.591903,-25.000836
5.956157,4.304315,-24.994692
3.754094,3.500318,-28.399601
3.153943,3.754337,-28.403881
2.622201,4.056304,-28.409787
2.072820,4.281178,-28.406486
1.508934,4.522897,-28.405260
0.878753,4.754881,-28.411475
0.249746,4.631023,-28.405737
-0.410956,4.611465,-28.408508
-1.162871,4.677024,-28.406485
-1.867002,4.469757,-28.409188
-2.637122,4.174972,-28.408196
-3.188537,3.637187,-28.406827
-3.589957,2.967809,-28.410516
-3.660776,2.137024,-28.405871
-3.765071,1.404702,-28.403179
-4.076197,0.675884,-28.403823
-3.900371,-0.077190,-28.399393
-3.510041,-0.733757,-28.406151
-2.852232,-1.207631,-28.411070
-2.270382,-1.575993,-28.409265
-1.731438,-1.907125,-28.399410
-1.241952,-2.209111,-28.408635
-0.795556,-2.521819,-28.411267
-0.315009,-2.843583,-28.408706
0.235080,-3.086456,-28.409488
0.818101,-3.237078,-28.411384
1.510830,-3.685038,-28.407479
2.325025,-4.060807,-28.400868
2.982411,-3.620808,-28.402932
3.531123,-3.109244,-28.402382
4.160099,-2.733633,-28.400930
4.908085,-2.358907,-28.401346
5.329224,-1.680987,-28.400414
5.422401,-0.890943,-28.402626
5.281814,-0.098849,-28.406977
5.055917,0.617820,-28.407573
4.958950,1.259835,-28.409557
4.957671,1.934884,-28.410075
4.867437,2.657551,-28.403900
4.404858,3.193295,-28.399070
0.197603,0.931740,-31.805153
