-0.890166,38.751301,30.956283
-6.616992,35.771987,30.956283
-11.447872,32.105176,30.956283
-15.309853,28.223276,30.956283
-18.539121,24.045937,30.956283
-20.950511,20.019302,30.956283
-22.793303,15.916294,30.956283
-24.007758,11.993100,30.956283
-24.696320,7.944198,30.956283
-24.783412,4.032806,30.956283
-24.291672,0.349439,30.956283
-23.309183,-3.031633,30.956283
-21.945911,-6.064364,30.956284
-20.078057,-9.047652,30.956284
-18.086899,-11.461397,30.956283
-15.821731,-13.619594,30.956283
-13.320014,-15.497790,30.956283
-10.798152,-16.995297,30.956283
-7.964577,-18.321007,30.956283
-5.023631,-19.386666,30.956283
-2.004701,-20.206080,30.956283
1.262658,-20.815541,30.956283
4.764160,-21.168767,30.956283
8.674490,-21.198074,30.956283
12.952691,-20.751450,30.956283
17.322570,-19.683344,30.956283
21.827699,-17.780213,30.956283
26.236134,-14.870290,30.956283
30.128512,-11.015427,30.956283
33.398900,-6.141564,30.956283
35.719843,-0.751377,30.956283
37.261558,5.516018,30.956283
37.762651,11.955299,30.956283
36.997803,18.759972,30.956283
34.618143,25.392209,30.956283
30.642396,31.212898,30.956283
25.358557,35.863523,30.956283
19.212792,39.006904,30.956283
12.439396,40.606230,30.956283
5.080537,38.267645,27.710246
-1.020514,37.426965,27.702814
-6.572516,35.300769,27.698687
-11.456345,32.241308,27.700299
-15.647528,28.591479,27.703620
-18.890255,24.836535,27.705350
-21.537611,20.648600,27.704808
-23.552246,16.536208,27.699329
-24.799866,12.370964,27.702883
-25.303198,8.225856,27.712958
-25.529111,4.265905,27.709714
-25.385213,0.495467,27.706414
-24.642161,-3.193733,27.704519
-23.441246,-6.563489,27.702281
-21.913472,-9.789387,27.701735
-19.963405,-12.781078,27.705169
-17.603342,-15.465207,27.708022
-15.050354,-17.659786,27.705856
-12.173122,-19.792425,27.701610
-9.134341,-21.649742,27.700538
-5.779203,-22.876902,27.701959
-2.171555,-23.986435,27.703647
1.722134,-24.716132,27.702218
5.890606,-24.845679,27.704826
10.234143,-24.417890,27.711317
14.690885,-23.440229,27.709119
19.360209,-21.770285,27.702647
23.932917,-19.360348,27.709582
28.190868,-15.811720,27.709124
31.646822,-11.442488,27.700174
34.433868,-6.412492,27.702111
36.478850,-0.610619,27.708060
37.724362,5.412878,27.701657
37.996033,12.168798,27.702342
36.489993,18.551109,27.705413
32.687847,24.127226,27.702940
27.585159,28.231355,27.712401
22.775556,32.396968,27.708702
17.486572,35.860705,27.705099
11.338854,37.789369,27.709319
4.764495,36.535206,24.460132
-1.046865,36.095755,24.459922
-6.424861,34.458709,24.458546
-11.375358,31.785632,24.450233
-15.493957,28.571958,24.450534
-18.933347,24.914992,24.463723
-21.722883,20.749005,24.456199
-23.739278,16.801769,24.456722
-25.082334,12.610755,24.462032
-25.708475,8.434196,24.462216
-26.136568,4.444544,24.464344
-26.282318,0.425162,24.453570
-25.785416,-3.342758,24.451277
-24.759804,-7.032063,24.458455
-23.344071,-10.566532,24.459185
-21.240332,-13.747527,24.455790
-18.913471,-16.520921,24.451584
-16.146660,-19.135372,24.456184
-13.113616,-21.456909,24.464056
-9.722882,-23.600707,24.462465
-6.075478,-25.280508,24.454153
-2.057023,-26.560500,24.449478
2.104645,-27.230117,24.458751
6.722983,-27.222985,24.458473
11.289422,-26.530597,24.450715
15.918524,-25.195537,24.461068
20.705473,-23.118362,24.462693
25.332346,-20.273908,24.454987
29.254767,-16.551118,24.451292
32.578137,-11.751181,24.452082
35.071343,-6.494774,24.454837
36.758990,-0.712884,24.463026
37.752431,5.433876,24.458196
37.613445,12.071256,24.453363
35.709362,18.206276,24.452904
31.957585,23.438136,24.449946
27.029787,27.560612,24.450006
21.899758,31.091993,24.455324
16.368575,33.975437,24.459815
10.774496,35.763574,24.460608
4.495547,34.960639,21.203968
-0.937131,34.655630,21.211767
-6.199842,33.270255,21.206962
-11.095635,30.903017,21.202015
-15.186207,27.962018,21.204610
-18.743089,24.398357,21.207478
-21.435999,20.632103,21.207694
-23.604797,16.531633,21.201007
-25.016931,12.552436,21.199306
-25.932530,8.421692,21.206154
-26.608896,4.454201,21.209425
-26.989976,0.437408,21.210440
-26.698158,-3.562972,21.206004
-25.882319,-7.320899,21.203681
-24.525009,-11.102147,21.206854
-22.300294,-14.457836,21.202848
-19.884339,-17.435030,21.199860
-17.044884,-20.279476,21.208876
-13.865579,-22.756401,21.209071
-10.286592,-25.007067,21.197469
-6.487856,-26.864672,21.209331
-2.266098,-28.204127,21.203908
2.316514,-28.895195,21.198134
7.146458,-28.811775,21.205984
11.905510,-27.955178,21.212301
16.686342,-26.379833,21.208337
21.559926,-23.972339,21.208243
26.025830,-20.857449,21.207077
29.914215,-16.786754,21.207742
32.939776,-12.014330,21.209192
35.273323,-6.446561,21.207719
36.637343,-0.769039,21.208232
37.300149,5.450219,21.211197
36.688746,11.652437,21.213437
34.637660,17.565107,21.207107
31.163912,22.995944,21.199435
26.580126,27.250397,21.207376
21.147631,30.295644,21.205084
15.690977,32.498322,21.198944
10.065788,34.181263,21.198233
4.232945,33.356895,17.955074
-0.952411,33.000141,17.960258
-5.993980,31.721986,17.957608
-10.727079,29.580967,17.955914
-14.700325,26.892442,17.954327
-18.185494,23.597038,17.949615
-20.989427,19.953685,17.958458
-23.122235,16.112125,17.962712
-24.727539,12.233828,17.958229
-25.954433,8.432634,17.956488
-26.896619,4.551076,17.962360
-27.471775,0.590119,17.957060
-27.395550,-3.591683,17.950694
-26.713226,-7.546881,17.949315
-25.374640,-11.514326,17.950582
-23.129615,-15.058260,17.959123
-20.665983,-18.213555,17.956364
-17.754564,-21.225659,17.959413
-14.452680,-23.817427,17.963202
-10.695817,-26.099810,17.954011
-6.711486,-27.955826,17.950277
-2.114959,-29.316696,17.954713
2.441347,-29.938822,17.953863
7.433066,-29.814298,17.957090
12.338972,-28.862099,17.961514
17.223662,-27.093157,17.953689
21.952682,-24.497242,17.954232
26.366149,-21.051940,17.954890
30.050176,-16.846642,17.960441
32.896221,-12.021150,17.961915
35.006583,-6.413320,17.952514
36.114774,-0.726635,17.953499
36.359446,5.279980,17.958573
35.203540,11.340917,17.956108
32.978768,16.929627,17.955984
29.947703,22.100028,17.962338
25.740493,26.394343,17.960358
20.491595,29.233177,17.956817
14.985149,31.225002,17.953833
9.562759,32.707635,17.952381
3.939280,31.541005,14.701680
-1.130175,31.031212,14.701304
-5.869017,29.783315,14.710497
-10.180539,27.904513,14.709180
-13.983020,25.485869,14.705858
-17.370667,22.513017,14.713575
-20.163671,19.225242,14.702345
-22.318330,15.727500,14.702985
-24.175829,12.051500,14.710468
-25.841783,8.293836,14.706948
-27.011837,4.554293,14.702061
-27.734447,0.500322,14.702810
-27.808247,-3.608097,14.704633
-27.221203,-7.688817,14.703421
-25.893536,-11.786238,14.705541
-23.768333,-15.536061,14.715209
-21.308698,-18.838940,14.707945
-18.334317,-21.953278,14.705838
-14.789564,-24.738397,14.706085
-11.057851,-26.894131,14.698558
-6.701926,-28.663384,14.702917
-2.164024,-29.897183,14.700780
2.694416,-30.510612,14.706849
7.591270,-30.353774,14.710251
12.587224,-29.354835,14.702932
17.519910,-27.440695,14.699097
22.050997,-24.709010,14.701369
26.211404,-21.129476,14.705037
29.786605,-16.714819,14.705394
32.507723,-11.723348,14.704683
34.326618,-6.340242,14.704614
35.188079,-0.723486,14.702006
34.957529,5.163281,14.702931
33.414949,10.613396,14.705127
30.887885,15.939297,14.708702
27.862283,20.742536,14.711278
24.073707,24.722286,14.707480
19.310345,27.801747,14.703111
14.199949,29.898691,14.701850
9.025962,31.160132,14.702379
3.564696,29.274428,11.461182
-1.145502,28.666120,11.453925
-5.542761,27.483226,11.454316
-9.584688,25.808564,11.455760
-13.185421,23.691378,11.453825
-16.453444,21.083704,11.454433
-19.235709,18.218403,11.461180
-21.557898,14.983918,11.460687
-23.564604,11.750858,11.453305
-25.523544,8.280414,11.451618
-26.927578,4.544162,11.460316
-27.751997,0.445519,11.452959
-27.917749,-3.734244,11.453573
-27.358729,-7.872744,11.458296
-26.110120,-11.866324,11.454133
-24.238795,-15.816427,11.462496
-21.713937,-19.379865,11.465497
-18.674445,-22.521884,11.462435
-15.080536,-25.334676,11.460609
-11.075024,-27.503560,11.462826
-6.747328,-28.943468,11.463092
-2.133802,-30.082100,11.450877
2.576355,-30.657693,11.450668
7.707248,-30.491587,11.456006
12.733841,-29.468158,11.456526
17.486758,-27.531200,11.458684
22.086936,-24.497053,11.455859
25.932982,-20.818675,11.453940
29.208843,-16.387386,11.451582
31.682324,-11.463885,11.453244
33.291885,-6.190875,11.458708
33.909409,-0.711890,11.456984
33.187026,4.944877,11.458088
31.226541,10.092421,11.460070
28.484774,14.662292,11.459133
25.151410,18.798607,11.457187
21.487284,22.385437,11.457079
17.764930,25.669196,11.456387
13.305533,28.108111,11.458764
8.417045,29.178412,11.462621
3.038340,26.198532,8.205253
-1.120928,25.697687,8.208317
-5.185265,24.724891,8.211392
-8.789064,23.420463,8.210768
-12.201050,21.695645,8.208876
-15.372342,19.554126,8.210540
-18.150935,17.193321,8.213104
-20.733919,14.378425,8.205768
-23.075809,11.345602,8.202545
-25.138524,8.127808,8.211371
-26.667463,4.419552,8.213266
-27.510276,0.501794,8.207493
-27.732647,-3.692315,8.206176
-27.185480,-7.834263,8.208422
-25.989318,-11.859768,8.205836
-24.415041,-15.942792,8.201632
-21.981895,-19.563411,8.202224
-18.908222,-22.686571,8.200667
-15.309073,-25.488127,8.200587
-11.285176,-27.605450,8.204062
-6.718732,-28.872902,8.200082
-2.271143,-29.871963,8.201415
2.606815,-30.446135,8.205862
7.529555,-30.293561,8.207772
12.534854,-29.307991,8.209225
17.404489,-27.250425,8.209032
21.702123,-24.173908,8.199250
25.357867,-20.354963,8.204733
28.319250,-15.977805,8.209909
30.531658,-11.181425,8.208144
31.973353,-5.902211,8.206292
32.332915,-0.623481,8.202198
31.218051,4.529617,8.209046
28.983959,9.347973,8.213245
25.900238,13.389733,8.211692
22.182753,16.627986,8.210153
18.640900,19.486416,8.208296
15.481826,22.806178,8.207887
11.751075,25.235395,8.206768
7.392450,26.172106,8.205065
2.425506,22.685116,4.953742
-1.204835,22.489706,4.954288
-4.789056,21.909096,4.958257
-8.126956,20.973858,4.956445
-11.175626,19.736893,4.951546
-14.230049,18.103694,4.954082
-17.108048,16.178063,4.959933
-19.924142,13.873163,4.957019
-22.531208,11.096985,4.952560
-24.638439,7.919109,4.956653
-26.154181,4.420037,4.959512
-27.032965,0.538070,4.956807
-27.252441,-3.624588,4.953366
-26.732073,-7.560679,4.952287
-25.609603,-11.571085,4.954324
-24.263636,-15.694113,4.960896
-21.826837,-19.458651,4.958722
-18.730591,-22.507132,4.954579
-15.129519,-25.218814,4.952901
-11.130227,-27.269270,4.951817
-6.774606,-28.420511,4.952050
-2.191755,-29.369040,4.951795
2.450067,-29.877160,4.957732
7.475146,-29.729566,4.959842
12.403509,-28.752961,4.959198
17.009671,-26.742079,4.962762
21.134017,-23.579761,4.952382
24.470919,-19.819025,4.952926
27.214117,-15.407076,4.954288
29.216626,-10.615349,4.952045
30.405194,-5.726240,4.953812
30.549450,-0.523513,4.954107
29.110465,4.264792,4.952648
26.706314,8.735394,4.956964
23.439610,12.250700,4.957160
19.469781,14.781895,4.955424
15.971104,17.017237,4.961217
13.106209,19.542912,4.955568
9.895088,21.503925,4.950537
6.150662,22.450647,4.951803
1.945387,19.965863,1.701844
-1.340049,20.123493,1.707793
-4.454288,19.882419,1.707946
-7.513717,19.240808,1.703987
-10.479848,18.254386,1.700793
-13.485467,16.918363,1.700514
-16.354224,15.316145,1.704907
-19.240096,13.395660,1.705549
-21.968887,10.798156,1.702623
-23.949832,7.754974,1.701721
-25.474088,4.289989,1.702785
-26.351424,0.444993,1.710900
-26.507817,-3.508750,1.711220
-25.960464,-7.409234,1.704356
-24.926181,-11.225027,1.703501
-23.574008,-15.289404,1.708783
-21.234944,-18.851262,1.711591
-18.132214,-21.817455,1.704771
-14.654415,-24.304345,1.704437
-10.708050,-26.335723,1.711201
-6.629760,-27.627031,1.702742
-2.113455,-28.534019,1.711313
2.305831,-28.954247,1.709082
7.075743,-28.833887,1.700802
11.924802,-27.900244,1.700656
16.437537,-25.897079,1.702484
20.283571,-22.802927,1.711227
23.449844,-19.009590,1.703944
25.913578,-14.736439,1.699846
27.691673,-10.134245,1.701842
28.733758,-5.301748,1.702302
28.683085,-0.522800,1.709761
27.130130,3.962099,1.705206
24.819150,8.010002,1.705026
21.511439,11.366731,1.707882
17.800107,13.553268,1.705123
14.362081,15.482747,1.704640
11.402315,17.266462,1.710100
8.260627,18.678700,1.709409
5.063591,19.518310,1.703323
1.826504,19.286656,-1.544258
-1.302268,19.539858,-1.538218
-4.278505,19.359257,-1.543571
-7.352380,18.727726,-1.547399
-10.326395,17.722021,-1.542272
-13.183383,16.424749,-1.538124
-15.904832,14.870172,-1.538130
-18.769868,12.920025,-1.544016
-21.228163,10.519536,-1.548392
-23.162427,7.457818,-1.547556
-24.605618,4.148263,-1.548023
-25.447783,0.478088,-1.545073
-25.537013,-3.288119,-1.546813
-25.003450,-7.017034,-1.546584
-23.987571,-10.807140,-1.538657
-22.421263,-14.578132,-1.542736
-20.162475,-17.779493,-1.542787
-17.186234,-20.584521,-1.540537
-13.803817,-22.852303,-1.540728
-10.188389,-24.755159,-1.542461
-6.311780,-26.463496,-1.544790
-2.170292,-27.315970,-1.543317
2.220816,-27.658806,-1.542155
6.763214,-27.536162,-1.543034
11.236621,-26.661796,-1.545818
15.673948,-24.667465,-1.547913
19.294722,-21.655973,-1.543168
22.249701,-17.982186,-1.541987
24.513691,-13.860120,-1.539397
26.086260,-9.585550,-1.539224
26.977251,-5.120221,-1.542831
26.828656,-0.564295,-1.540564
25.402974,3.744536,-1.542756
23.266029,7.617839,-1.541731
20.478361,10.771141,-1.541092
17.179087,13.200011,-1.542139
13.967379,15.160140,-1.540014
10.853412,16.642872,-1.542917
7.766643,17.818728,-1.546939
4.752077,18.708835,-1.548015
1.930728,19.843067,-4.797524
-1.213942,20.011339,-4.798576
-4.349832,19.697938,-4.799381
-7.404622,18.947228,-4.796966
-10.340362,17.806950,-4.790631
-13.122149,16.334585,-4.787924
-15.718612,14.559613,-4.795570
-18.154328,12.554824,-4.798013
-20.463969,10.006385,-4.791660
-22.190416,7.189741,-4.789350
-23.603289,3.880913,-4.797519
-24.364530,0.512127,-4.796992
-24.392145,-3.075840,-4.788970
-23.825324,-6.793665,-4.787330
-22.857413,-10.251526,-4.791906
-21.053902,-13.536666,-4.788079
-18.739849,-16.491005,-4.793896
-15.999321,-19.049770,-4.792982
-12.837886,-21.048804,-4.792300
-9.528267,-22.816295,-4.799190
-6.042664,-24.878599,-4.791873
-2.111607,-25.737126,-4.798558
1.955185,-25.990551,-4.795959
6.284227,-25.851356,-4.788342
10.548989,-24.959430,-4.791627
14.509749,-23.167018,-4.794505
17.993825,-20.321408,-4.789363
20.728399,-16.934904,-4.796714
22.903050,-13.004646,-4.793950
24.418122,-8.920899,-4.787352
25.187673,-4.799547,-4.790575
24.969391,-0.453608,-4.789932
23.887310,3.605650,-4.795656
22.123418,7.246320,-4.796474
19.900534,10.449976,-4.791175
17.233759,13.296403,-4.791117
14.331052,15.425433,-4.797069
11.054539,16.890860,-4.790455
7.957117,18.084436,-4.787784
4.982031,19.138895,-4.792563
1.862667,20.214002,-8.049770
-1.268167,20.288004,-8.044287
-4.372449,19.861462,-8.043489
-7.378202,19.000756,-8.046260
-10.244489,17.743083,-8.043453
-12.921784,16.124143,-8.036531
-15.362391,14.167806,-8.044252
-17.469853,12.050285,-8.042225
-19.497258,9.484455,-8.040495
-21.107970,6.801888,-8.050427
-22.428924,3.655181,-8.047084
-23.136404,0.450254,-8.046550
-23.098290,-2.944021,-8.044589
-22.541547,-6.336046,-8.040896
-21.587144,-9.599796,-8.043963
-19.561173,-12.515864,-8.046675
-17.326004,-15.112417,-8.041159
-14.835081,-17.439075,-8.038663
-11.926808,-19.221557,-8.044241
-8.906009,-20.809679,-8.048198
-5.717736,-22.962664,-8.044591
-2.151348,-23.808974,-8.048476
1.719017,-24.010952,-8.048551
5.535871,-23.833646,-8.047708
9.569843,-22.931870,-8.045884
13.199403,-21.294508,-8.038852
16.456375,-18.760916,-8.042183
19.104058,-15.595535,-8.039723
21.104778,-12.156127,-8.040297
22.624483,-8.310255,-8.044670
23.334205,-4.402669,-8.043231
23.115412,-0.422212,-8.040619
22.402297,3.364012,-8.047972
20.925207,6.884897,-8.050631
19.196116,10.170427,-8.050164
17.225208,13.289840,-8.047868
14.539028,15.635545,-8.039707
11.317755,17.118006,-8.039768
8.110170,18.363124,-8.045432
5.029991,19.497952,-8.050242
1.825606,19.867241,-11.290402
-1.232298,19.915304,-11.288279
-4.383598,19.411403,-11.295731
-7.292429,18.478342,-11.300040
-10.045697,17.152849,-11.294192
-12.484259,15.541412,-11.286677
-14.684028,13.615425,-11.286197
-16.681533,11.307582,-11.290053
-18.375431,8.922563,-11.295249
-19.934572,6.298053,-11.298014
-21.101298,3.474996,-11.292397
-21.780400,0.346175,-11.288722
-21.701805,-2.818078,-11.292847
-21.155060,-5.852081,-11.294406
-20.152055,-9.001645,-11.289921
-18.160278,-11.483364,-11.296699
-15.991419,-13.841242,-11.290577
-13.760992,-15.920041,-11.290996
-11.045903,-17.588476,-11.298912
-8.206197,-19.037910,-11.293405
-5.392774,-20.814658,-11.288266
-2.064330,-21.632851,-11.298761
1.411748,-21.808877,-11.293000
4.973805,-21.546292,-11.290306
8.456012,-20.662337,-11.296139
11.726048,-19.187903,-11.289175
14.750568,-17.017268,-11.295510
17.218559,-14.239183,-11.300664
19.224855,-11.103058,-11.293591
20.723078,-7.691577,-11.288531
21.400083,-4.043538,-11.293417
21.223320,-0.457241,-11.295608
20.695772,3.105874,-11.294725
19.385467,6.417568,-11.290961
17.984530,9.589260,-11.291136
16.492896,12.689546,-11.294693
14.044709,15.146525,-11.294827
11.007127,16.777480,-11.295756
7.927431,18.090303,-11.295867
4.924009,19.197815,-11.294005
1.697856,18.975878,-14.545618
-1.349293,19.004700,-14.538965
-4.229819,18.500188,-14.536384
-6.996663,17.553648,-14.542964
-9.598856,16.222932,-14.551325
-11.892886,14.614202,-14.549886
-13.944221,12.702662,-14.541837
-15.602778,10.604069,-14.536776
-17.148773,8.263585,-14.542369
-18.571371,5.853831,-14.549780
-19.639615,3.265040,-14.541036
-20.266322,0.397160,-14.543649
-20.205720,-2.626584,-14.542954
-19.638379,-5.521001,-14.535151
-18.651400,-8.260448,-14.540575
-16.761096,-10.478607,-14.547826
-14.730404,-12.600685,-14.543146
-12.683258,-14.504404,-14.540519
-10.213159,-16.064085,-14.548622
-7.684701,-17.273019,-14.551464
-4.947697,-18.610961,-14.539307
-1.995060,-19.318012,-14.546908
1.055805,-19.481175,-14.546849
4.200470,-19.158187,-14.544325
7.249728,-18.300672,-14.545053
10.246906,-16.943241,-14.538599
12.996795,-15.133847,-14.544422
15.259740,-12.758554,-14.539863
17.180075,-10.077333,-14.543966
18.696565,-7.023335,-14.546226
19.369467,-3.684584,-14.539544
19.238761,-0.394401,-14.544868
18.730926,2.866696,-14.541363
17.491046,5.890476,-14.543931
16.254120,8.685907,-14.543565
14.908493,11.535875,-14.538783
12.782168,13.896996,-14.543075
10.218360,15.754186,-14.546771
7.527752,17.218796,-14.548801
4.676178,18.344714,-14.549075
1.498521,17.659388,-17.797688
-1.354491,17.683847,-17.793840
-4.048772,17.181709,-17.797752
-6.632906,16.255811,-17.796192
-8.957151,15.023225,-17.793377
-11.086528,13.474793,-17.798548
-12.909344,11.725225,-17.792103
-14.414390,9.708830,-17.793366
-15.756474,7.568284,-17.793899
-17.094665,5.305274,-17.785883
-18.039540,2.967342,-17.797613
-18.605505,0.385778,-17.794310
-18.592328,-2.341751,-17.786630
-18.046446,-4.933822,-17.790376
-17.008400,-7.467852,-17.791879
-15.305328,-9.464280,-17.794283
-13.462862,-11.358439,-17.798672
-11.530034,-13.136601,-17.797324
-9.425295,-14.530065,-17.793806
-7.026004,-15.611961,-17.795062
-4.515198,-16.398102,-17.793234
-1.946520,-16.981547,-17.794432
0.787227,-17.143977,-17.791399
3.506359,-16.765460,-17.793823
6.117390,-15.939387,-17.800326
8.712406,-14.749730,-17.796440
11.159804,-13.279876,-17.791964
13.254131,-11.203257,-17.796454
15.118851,-8.883283,-17.796193
16.554373,-6.305718,-17.790164
17.214099,-3.300840,-17.788644
17.125279,-0.338185,-17.793202
16.544294,2.570859,-17.795848
15.433283,5.185806,-17.793534
14.158756,7.747420,-17.789862
12.799594,10.116031,-17.788098
11.052299,12.234412,-17.788006
9.064727,14.282143,-17.789190
6.844250,15.900327,-17.793081
4.205641,17.071737,-17.797637
1.137658,15.965940,-21.050255
-1.379311,15.977219,-21.046736
-3.848683,15.498095,-21.037856
-6.118406,14.652766,-21.040493
-8.237886,13.487175,-21.046952
-10.103797,12.103105,-21.040426
-11.766673,10.475327,-21.035976
-13.061367,8.671845,-21.042139
-14.209191,6.761072,-21.051687
-15.386725,4.761125,-21.051334
-16.267177,2.611276,-21.040842
-16.757047,0.338064,-21.045451
-16.791823,-2.082912,-21.044615
-16.269894,-4.447165,-21.037409
-15.177327,-6.608615,-21.050815
-13.724308,-8.418430,-21.041118
-12.123313,-10.105068,-21.038958
-10.483048,-11.603601,-21.042390
-8.578374,-12.943193,-21.038975
-6.451355,-13.869490,-21.036428
-4.160864,-14.246964,-21.035060
-1.976332,-14.690147,-21.047127
0.428659,-14.858716,-21.050084
2.729061,-14.485165,-21.049477
5.016096,-13.709502,-21.048639
7.213234,-12.688908,-21.039038
9.394820,-11.430411,-21.044541
11.205276,-9.698398,-21.044798
12.943086,-7.725078,-21.045680
14.282909,-5.501922,-21.044624
14.897942,-2.947154,-21.041246
14.825414,-0.239435,-21.045899
14.187551,2.194772,-21.051053
13.214786,4.518558,-21.042568
12.018711,6.619009,-21.043381
10.618302,8.591919,-21.048243
9.230207,10.453321,-21.039941
7.763654,12.501620,-21.039149
5.915159,14.209447,-21.043791
3.630764,15.376659,-21.048376
0.821269,13.853012,-24.299824
-1.414728,13.867062,-24.291213
-3.522481,13.433870,-24.296481
-5.534756,12.663385,-24.298680
-7.340046,11.653549,-24.291523
-8.927970,10.458924,-24.287720
-10.348170,9.063539,-24.290675
-11.497778,7.450274,-24.299486
-12.468653,5.809451,-24.299120
-13.477585,4.099633,-24.287651
-14.223441,2.257155,-24.296030
-14.662303,0.239038,-24.292422
-14.752508,-1.846205,-24.289189
-14.293693,-3.850737,-24.298855
-13.165650,-5.589479,-24.292194
-12.017952,-7.219210,-24.286873
-10.715973,-8.709856,-24.293213
-9.233629,-10.032272,-24.299065
-7.633586,-11.224013,-24.293452
-5.811401,-12.009303,-24.288816
-3.827163,-12.073981,-24.298536
-1.872038,-12.411529,-24.297827
0.100649,-12.565231,-24.290935
2.063370,-12.200307,-24.291814
3.925497,-11.522533,-24.293648
5.796191,-10.629567,-24.289358
7.598200,-9.609597,-24.291788
9.149627,-8.131055,-24.291654
10.633336,-6.551829,-24.295791
11.864236,-4.613080,-24.291422
12.391028,-2.504500,-24.289400
12.312728,-0.276770,-24.298234
11.628663,1.849612,-24.288045
10.879048,3.793880,-24.292593
9.704030,5.570469,-24.297115
8.406601,7.088737,-24.295349
7.348802,8.669543,-24.293725
6.286272,10.543109,-24.288725
4.836447,12.141160,-24.291781
2.939558,13.269102,-24.299614
0.361801,11.249720,-27.539791
-1.445454,11.239446,-27.547289
-3.149091,10.881681,-27.542149
-4.765824,10.249209,-27.542884
-6.215348,9.416740,-27.547916
-7.548233,8.409815,-27.542128
-8.696586,7.285857,-27.541657
-9.600822,6.047757,-27.545559
-10.416850,4.665150,-27.548100
-11.185678,3.335356,-27.547875
-11.800626,1.849735,-27.549459
-12.166101,0.235712,-27.546253
-12.325079,-1.462386,-27.543089
-12.028720,-3.154126,-27.544312
-10.833788,-4.415592,-27.537586
-10.014573,-5.791321,-27.544468
-9.095236,-7.161439,-27.544597
-7.866021,-8.209224,-27.541071
-6.605529,-9.207823,-27.546970
-5.080859,-9.902347,-27.538930
-3.355047,-9.733400,-27.542261
-1.841880,-9.922360,-27.545683
-0.248386,-10.066534,-27.542730
1.331441,-9.744570,-27.542085
2.822671,-9.167882,-27.542190
4.266023,-8.460226,-27.537404
5.713538,-7.628157,-27.539768
6.894432,-6.454131,-27.547421
8.130979,-5.216969,-27.545906
9.112241,-3.730435,-27.540707
9.558491,-1.951330,-27.543887
9.398657,-0.175020,-27.546583
8.746992,1.441772,-27.539497
8.261293,3.064484,-27.543873
7.214568,4.305752,-27.546495
6.067662,5.450104,-27.540736
5.341044,6.730517,-27.538147
4.590393,8.295733,-27.546633
3.497881,9.682225,-27.546600
2.035275,10.715819,-27.539975
-0.280208,7.825442,-30.795391
-1.514677,7.788266,-30.796123
-2.711113,7.505306,-30.797125
-3.800207,7.060762,-30.794667
-4.780805,6.493999,-30.791102
-5.683217,5.811469,-30.791491
-6.499799,5.026261,-30.794722
-7.168180,4.174171,-30.796809
-7.738903,3.251580,-30.796010
-8.267711,2.306160,-30.793933
-8.704329,1.254974,-30.792658
-8.966992,0.173587,-30.790723
-9.143800,-1.013344,-30.789704
-9.152116,-2.277932,-30.795134
-7.974586,-3.038981,-30.798136
-7.366743,-3.955651,-30.795222
-7.089118,-5.185167,-30.792478
-6.132979,-5.935014,-30.792042
-5.231036,-6.686035,-30.789053
-4.162812,-7.239916,-30.790170
-2.903441,-6.905818,-30.795620
-1.806482,-6.890368,-30.796286
-0.677746,-7.034391,-30.791829
0.434315,-6.800098,-30.790423
1.477091,-6.371149,-30.795160
2.445818,-5.875706,-30.798376
3.449935,-5.267381,-30.794855
4.227302,-4.444762,-30.789470
5.129078,-3.606176,-30.792327
5.791635,-2.540483,-30.793720
6.060083,-1.355445,-30.790211
5.729589,-0.116585,-30.792305
5.269519,0.977718,-30.796639
5.139314,2.102277,-30.791832
4.047678,2.800522,-30.790405
3.358550,3.515044,-30.789865
2.953154,4.481276,-30.788875
2.522447,5.525758,-30.788961
1.848251,6.549661,-30.790847
0.902400,7.390661,-30.793545
-1.407603,-0.755527,-34.043717
0.159816,24.912450,30.956283
-2.957371,22.747521,30.956283
-5.281738,20.099054,30.956283
-7.004107,17.468475,30.956283
-8.239176,15.086949,30.956283
-9.143104,12.858026,30.956283
-9.744805,10.817079,30.956283
-10.087661,8.904615,30.956283
-10.177944,7.056437,30.956283
-10.010466,5.398980,30.956283
-9.573496,3.792060,30.956283
-8.969996,2.439892,30.956283
-8.243476,1.257402,30.956283
-7.383518,0.168497,30.956283
-6.546634,-0.695121,30.956283
-5.637653,-1.482288,30.956283
-4.667131,-2.192138,30.956283
-3.724530,-2.778268,30.956283
-2.660179,-3.337698,30.956283
-1.557640,-3.817530,30.956283
-0.423150,-4.216110,30.956283
0.917862,-4.571842,30.956283
2.284761,-4.811104,30.956283
3.945276,-4.934698,30.956283
5.701585,-4.856946,30.956283
7.611754,-4.499206,30.956283
9.606359,-3.755569,30.956283
11.515464,-2.620225,30.956283
13.343581,-1.055080,30.956283
15.015486,0.924946,30.956283
16.498866,3.380226,30.956283
17.613634,6.124042,30.956283
18.316215,9.287281,30.956283
18.389919,12.712996,30.956283
17.639623,16.151416,30.956283
16.023170,19.279616,30.956283
13.594298,22.060817,30.956283
10.694982,24.141716,30.956283
7.265196,25.536821,30.956283
3.013168,22.017277,28.210636
0.035746,21.073755,28.204104
-2.451805,19.585925,28.203161
-4.534781,17.643000,28.205390
-6.097322,15.721383,28.204727
-7.341955,13.784588,28.204486
-8.278958,11.976510,28.207086
-8.983350,10.254670,28.208527
-9.469892,8.552962,28.207318
-9.711757,6.886687,28.204103
-9.689075,5.291224,28.201268
-9.364331,3.826084,28.205013
-8.905455,2.476507,28.206966
-8.101137,1.297636,28.207727
-7.363804,0.227562,28.210108
-7.319240,-1.294907,28.209227
-6.312403,-2.240458,28.209270
-5.232309,-2.909777,28.205703
-4.122033,-3.619406,28.200331
-2.975608,-4.085710,28.202335
-1.674541,-4.361017,28.209592
-0.397646,-4.725658,28.208014
0.983604,-5.037807,28.209573
2.470173,-5.277413,28.207122
4.145768,-5.426339,28.202673
6.004187,-5.363460,28.203750
8.003176,-4.967722,28.206817
10.073553,-4.181359,28.210921
12.136194,-2.970002,28.210182
14.090521,-1.302208,28.205515
15.811374,0.838528,28.203141
17.136416,3.345313,28.203458
18.035000,6.220205,28.202357
18.408545,9.300566,28.199849
18.117318,12.567648,28.203125
17.016775,15.750160,28.211474
15.196850,18.572497,28.207873
12.817810,21.022441,28.202429
9.786532,22.480374,28.203745
6.299805,22.614008,28.209545
2.644155,20.024208,25.456987
0.037066,19.199792,25.457285
-2.242585,17.943781,25.455141
-4.132411,16.364271,25.455719
-5.627558,14.770647,25.456611
-6.891129,13.093247,25.451673
-7.859718,11.531652,25.455815
-8.650227,9.969564,25.459791
-9.243668,8.417397,25.456177
-9.622933,6.887519,25.452441
-9.771391,5.317636,25.456905
-9.615946,3.843030,25.452330
-9.302627,2.379202,25.453863
-8.630589,1.136926,25.456427
-7.983713,-0.064120,25.453763
-8.236608,-1.911722,25.461919
-7.193688,-3.021253,25.456902
-5.918081,-3.874649,25.454512
-4.686846,-4.680257,25.452088
-3.303785,-5.225587,25.453426
-1.843778,-5.520032,25.462446
-0.405645,-5.899281,25.462582
1.138337,-6.206697,25.453499
2.788533,-6.415295,25.450218
4.711942,-6.495861,25.452480
6.714854,-6.299781,25.454221
8.740766,-5.740229,25.459761
10.883399,-4.742120,25.460930
12.910107,-3.363177,25.460554
14.804291,-1.543062,25.459433
16.378331,0.668453,25.455405
17.541294,3.314256,25.453138
18.165223,6.225022,25.458787
18.198829,9.292255,25.456581
17.556711,12.289626,25.454040
16.182347,15.127847,25.461434
14.244834,17.601575,25.455263
11.858300,19.737141,25.453123
8.941327,20.886486,25.455756
5.681329,20.744943,25.456638
2.396053,18.642127,22.700795
0.028388,17.960520,22.706244
-2.073887,16.922170,22.705451
-3.908924,15.565615,22.706897
-5.376320,14.193355,22.710510
-6.641131,12.744400,22.703393
-7.668445,11.329440,22.702599
-8.525008,9.905958,22.707584
-9.243456,8.408826,22.709047
-9.769191,6.924862,22.706786
-10.096225,5.384157,22.710800
-10.152900,3.816175,22.711975
-10.055391,2.321590,22.709623
-9.570296,0.827776,22.708062
-9.064354,-0.643720,22.706998
-9.188635,-2.576722,22.703823
-8.087904,-3.886428,22.710084
-6.738953,-4.925973,22.710291
-5.314446,-5.910590,22.709767
-3.790643,-6.576085,22.711651
-2.180417,-6.989248,22.709748
-0.489850,-7.435013,22.705504
1.316211,-7.757006,22.704507
3.234142,-7.921037,22.707739
5.331767,-7.879607,22.708155
7.483997,-7.496977,22.706364
9.692889,-6.660333,22.711250
11.799260,-5.410550,22.703052
13.742616,-3.780815,22.701938
15.449768,-1.786867,22.708355
16.847762,0.638036,22.708054
17.715177,3.300840,22.706730
18.017679,6.172069,22.707718
17.697009,9.132029,22.709987
16.707957,11.936679,22.709790
15.151801,14.370369,22.705803
13.114545,16.527421,22.701684
10.794842,18.301413,22.702622
8.054654,19.269623,22.702846
5.151126,19.203311,22.700086
2.205401,17.543648,19.954372
-0.029888,17.001307,19.952827
-1.965300,16.163514,19.957184
-3.751129,15.021481,19.956658
-5.184375,13.850843,19.950349
-6.498631,12.547287,19.953116
-7.574631,11.263795,19.960657
-8.532667,9.890132,19.962085
-9.326400,8.516337,19.960115
-10.030988,6.996822,19.961816
-10.534939,5.491500,19.961176
-10.846671,3.849026,19.957359
-10.972354,2.169666,19.959291
-10.760328,0.431985,19.959943
-10.393723,-1.300938,19.955734
-10.122307,-3.220243,19.958499
-8.984807,-4.772182,19.954762
-7.598033,-6.029969,19.957945
-6.050287,-7.184733,19.960095
-4.318945,-8.058541,19.958531
-2.471359,-8.653211,19.958319
-0.516063,-9.189330,19.951228
1.570067,-9.530572,19.954269
3.773803,-9.635933,19.960942
6.144133,-9.427091,19.959992
8.441055,-8.799130,19.955043
10.654407,-7.702585,19.955581
12.702480,-6.170586,19.956075
14.522999,-4.250426,19.954581
16.037954,-1.974295,19.953374
17.106202,0.542834,19.955849
17.655300,3.312319,19.961239
17.595543,6.134943,19.959591
16.922332,8.877943,19.957896
15.657320,11.400982,19.957914
13.947166,13.535888,19.955003
11.901642,15.345329,19.952318
9.667875,16.785875,19.955159
7.187097,17.645992,19.958184
4.618276,17.813779,19.957109
2.038126,16.555150,17.211254
0.009456,16.194262,17.209752
-1.928204,15.484658,17.209368
-3.583082,14.590380,17.210407
-5.046353,13.554921,17.207477
-6.398132,12.378608,17.201059
-7.510412,11.210795,17.204228
-8.569270,9.878135,17.202476
-9.467744,8.538696,17.202573
-10.264330,7.136705,17.211447
-10.970404,5.587786,17.205334
-11.538922,3.887669,17.207605
-11.909543,2.044651,17.209954
-12.029909,0.072201,17.208201
-11.755903,-1.966449,17.207380
-10.966808,-3.873936,17.203427
-9.844022,-5.604315,17.209298
-8.382241,-7.178676,17.209372
-6.695660,-8.518868,17.206947
-4.831138,-9.585039,17.204264
-2.741958,-10.398198,17.201692
-0.500074,-11.031475,17.210782
1.800272,-11.394715,17.210545
4.310910,-11.446491,17.211040
6.881854,-11.067977,17.210681
9.410641,-10.152145,17.202826
11.694202,-8.730093,17.202652
13.658813,-6.892680,17.200540
15.301912,-4.651253,17.201825
16.503793,-2.145188,17.204940
17.208932,0.543311,17.204597
17.356784,3.319404,17.204451
16.903901,6.062577,17.202654
15.900461,8.558386,17.200761
14.408705,10.796646,17.202713
12.596413,12.661191,17.208246
10.654848,14.107837,17.210294
8.521355,15.238892,17.204969
6.315969,16.038290,17.202733
4.189773,16.486945,17.207323
1.866565,15.540861,14.457321
-0.032294,15.334336,14.452760
-1.796928,14.809044,14.453135
-3.463257,14.069205,14.456714
-4.868009,13.208048,14.456774
-6.245665,12.149854,14.452617
-7.381212,11.088736,14.450959
-8.479931,9.863809,14.454944
-9.481069,8.557376,14.456358
-10.392059,7.187414,14.451245
-11.289008,5.594991,14.454289
-12.097527,3.847336,14.456858
-12.685558,1.943643,14.453689
-13.131326,-0.253696,14.453701
-12.942929,-2.561148,14.456284
-11.759026,-4.327228,14.450870
-10.631382,-6.324769,14.456413
-9.182485,-8.189216,14.453493
-7.361925,-9.738412,14.450707
-5.367210,-11.022878,14.457738
-3.040678,-12.095048,14.461546
-0.593746,-12.849519,14.453078
2.115660,-13.276463,14.452077
4.861658,-13.261746,14.454253
7.728238,-12.675235,14.453653
10.314160,-11.507319,14.453170
12.658220,-9.752427,14.451691
14.577008,-7.540367,14.448923
15.992083,-4.977302,14.456822
16.830577,-2.267543,14.460737
17.114745,0.554686,14.451964
16.821256,3.375812,14.452244
16.001702,5.900777,14.458591
14.677577,8.198266,14.455815
13.016442,10.148788,14.450731
11.219766,11.707110,14.452995
9.360245,12.878887,14.453644
7.351606,13.737040,14.455770
5.543989,14.453033,14.458299
3.723222,15.163644,14.459262
1.661199,14.352167,11.707759
-0.083957,14.279227,11.705698
-1.728181,13.892470,11.707402
-3.205827,13.361812,11.709652
-4.603891,12.623844,11.706841
-5.908019,11.735046,11.702061
-7.118167,10.722552,11.705989
-8.169522,9.673621,11.708412
-9.258475,8.406015,11.707537
-10.260840,7.070015,11.709366
-11.233788,5.600478,11.706592
-12.222392,3.909691,11.707946
-13.057328,1.879189,11.706394
-13.793752,-0.510408,11.705435
-13.742742,-2.904885,11.707471
-12.305749,-4.776911,11.701318
-11.260122,-6.958592,11.706947
-9.881878,-9.028877,11.711523
-7.946150,-10.789924,11.712398
-5.759118,-12.353463,11.708197
-3.311823,-13.682129,11.701547
-0.574816,-14.573336,11.710685
2.361718,-15.043979,11.710066
5.425630,-14.971917,11.704166
8.398500,-14.222685,11.705626
11.190255,-12.742347,11.707901
13.559342,-10.652404,11.701431
15.336422,-8.152865,11.708114
16.498342,-5.315032,11.709960
16.982893,-2.288347,11.705922
16.819598,0.587943,11.708922
16.085029,3.372312,11.711742
14.876765,5.780626,11.704621
13.346336,7.765715,11.701172
11.604781,9.438935,11.705621
9.898107,10.722740,11.710265
8.097549,11.693309,11.710426
6.255144,12.315050,11.707336
4.700336,12.967504,11.706112
3.201664,13.793787,11.707280
1.377557,12.743122,8.951697
-0.088699,12.756633,8.956063
-1.470582,12.515300,8.959584
-2.798796,12.134724,8.957426
-4.066851,11.565013,8.951761
-5.259013,10.853624,8.951679
-6.377900,10.032410,8.956267
-7.422552,9.118518,8.958630
-8.456713,8.058836,8.957796
-9.477448,6.862281,8.957321
-10.547247,5.468654,8.953107
-11.664537,3.869246,8.953684
-12.666217,1.917739,8.953390
-13.574235,-0.385680,8.954303
-13.776531,-2.966947,8.958976
-12.652206,-5.028716,8.955407
-11.739653,-7.364314,8.956591
-10.329808,-9.731189,8.959239
-8.394204,-11.611092,8.957141
-6.126993,-13.369284,8.953674
-3.555169,-15.009845,8.955161
-0.589381,-16.062857,8.957426
2.520425,-16.594207,8.953259
5.847860,-16.480703,8.953219
9.049300,-15.539470,8.957628
11.903721,-13.813596,8.959253
14.244571,-11.438225,8.961950
15.936466,-8.562366,8.959547
16.818387,-5.443352,8.958798
16.900592,-2.294451,8.960399
16.294234,0.701735,8.960258
15.175412,3.345289,8.959688
13.673724,5.572362,8.959275
11.931802,7.362317,8.954635
10.196792,8.751469,8.953166
8.569671,9.813933,8.957230
6.885822,10.586964,8.958588
5.281553,11.032431,8.957210
3.979869,11.529282,8.954568
2.736047,12.207598,8.951870
1.037473,10.843147,6.205887
-0.133498,10.836228,6.203798
-1.211715,10.682667,6.204087
-2.351211,10.402400,6.204526
-3.366535,10.018271,6.203435
-4.336030,9.531185,6.207916
-5.335805,8.913517,6.206099
-6.285185,8.220646,6.203574
-7.247834,7.399180,6.205202
-8.273112,6.379020,6.202446
-9.301042,5.237254,6.204189
-10.437470,3.827745,6.206393
-11.532153,2.068982,6.204294
-12.510271,-0.088286,6.202160
-13.052378,-2.543073,6.203127
-12.721195,-5.062697,6.202766
-11.967740,-7.580531,6.207457
-10.607390,-10.028953,6.211339
-8.676951,-12.055947,6.209034
-6.364401,-13.955023,6.206077
-3.760264,-15.895934,6.209258
-0.647034,-17.119181,6.210185
2.746097,-17.743994,6.205601
6.173007,-17.595825,6.203390
9.529364,-16.487881,6.203754
12.450462,-14.504936,6.204501
14.697839,-11.900800,6.208493
16.206192,-8.806412,6.203232
16.811964,-5.423108,6.202875
16.523664,-2.176074,6.208631
15.530544,0.831465,6.210093
14.101056,3.348544,6.208476
12.355831,5.427187,6.209421
10.574170,6.959011,6.210521
8.936108,8.089789,6.207319
7.363378,8.981196,6.202737
5.850328,9.583766,6.202671
4.451151,9.941873,6.201495
3.224962,10.277970,6.202075
2.181043,10.603746,6.204519
0.747599,9.273496,3.454563
-0.120844,9.204530,3.453077
-0.980002,9.070143,3.456378
-1.826634,8.866544,3.460992
-2.656885,8.605565,3.459301
-3.463451,8.279129,3.453484
-4.325418,7.862026,3.453127
-5.157203,7.388233,3.457729
-6.088605,6.745969,3.459348
-7.024172,5.965300,3.455990
-8.023132,4.995063,3.454172
-9.060980,3.822513,3.458588
-10.176228,2.261278,3.461188
-11.129497,0.315353,3.459187
-11.892455,-2.014675,3.458243
-12.445209,-4.831761,3.455205
-11.814343,-7.531923,3.461268
-10.535518,-9.944942,3.455853
-8.629216,-12.055811,3.452961
-6.355911,-13.977847,3.459168
-3.725831,-16.107328,3.457801
-0.685639,-17.412595,3.455858
2.741691,-18.125590,3.454153
6.298484,-17.969874,3.455346
9.667388,-16.759580,3.458885
12.540190,-14.633549,3.460150
14.675502,-11.877555,3.456610
15.993004,-8.646513,3.451581
16.332355,-5.180070,3.457293
15.752859,-1.917813,3.459589
14.477683,1.042306,3.451934
12.858728,3.416353,3.454503
11.108525,5.237264,3.460350
9.390223,6.571293,3.455414
7.759380,7.577360,3.453328
6.355504,8.271303,3.457036
5.046814,8.747604,3.455760
3.868003,9.060107,3.457991
2.751438,9.237750,3.459613
1.707447,9.294495,3.457512
0.577774,8.414137,0.700697
-0.143169,8.314454,0.706720
-0.854003,8.174170,0.709636
-1.555048,7.983108,0.709366
-2.250516,7.774917,0.711384
-2.936300,7.537208,0.706722
-3.683203,7.232076,0.706776
-4.478659,6.839026,0.709931
-5.303731,6.332636,0.705650
-6.141925,5.702349,0.710657
-7.096111,4.832508,0.711771
-8.008334,3.811129,0.704938
-9.024271,2.446365,0.701233
-9.902081,0.736096,0.707191
-10.685873,-1.399981,0.710658
-11.776511,-4.431362,0.702748
-11.242054,-6.938041,0.707227
-10.026075,-9.265487,0.705253
-8.271108,-11.335913,0.704918
-6.057227,-13.113743,0.709114
-3.493447,-14.786895,0.706604
-0.622264,-16.077053,0.709216
2.612864,-16.801374,0.707580
5.917550,-16.641240,0.705899
9.035742,-15.514645,0.707784
11.753136,-13.480956,0.707659
13.739984,-10.830612,0.703590
14.886864,-7.805228,0.706943
15.094735,-4.503758,0.708448
14.420861,-1.423660,0.706234
13.146268,1.277919,0.705262
11.585928,3.436455,0.706134
9.934146,5.093371,0.710393
8.402514,6.281124,0.706390
6.942871,7.139390,0.703345
5.615173,7.728288,0.707437
4.402142,8.167725,0.710588
3.388149,8.448284,0.706917
2.351686,8.567139,0.700932
1.465072,8.523586,0.698425
0.501621,8.111026,-2.039079
-0.186927,8.018927,-2.037187
-0.864552,7.882985,-2.039919
-1.464447,7.710503,-2.045750
-2.123300,7.496411,-2.046427
-2.772078,7.254016,-2.039827
-3.470192,6.948301,-2.038573
-4.146008,6.596207,-2.045438
-4.908046,6.116218,-2.049618
-5.679638,5.528611,-2.044526
-6.493253,4.774427,-2.039690
-7.334720,3.765868,-2.044068
-8.178306,2.570872,-2.048575
-8.971716,0.970736,-2.046040
-9.648159,-0.938158,-2.043839
-10.709102,-3.645604,-2.042611
-10.172526,-5.923964,-2.043763
-8.994002,-7.890194,-2.043028
-7.505784,-9.899399,-2.044252
-5.344365,-11.169703,-2.047253
-2.880881,-11.255863,-2.045228
-0.524412,-12.080000,-2.041166
1.997532,-12.489334,-2.042737
4.571487,-12.299700,-2.043200
7.168389,-11.576440,-2.043869
9.455121,-10.258187,-2.046806
11.309313,-8.383225,-2.044131
12.521793,-6.038768,-2.041097
12.924434,-3.365237,-2.042826
12.522844,-0.757604,-2.044829
11.564895,1.548332,-2.043705
10.304507,3.457168,-2.042606
8.952725,4.941176,-2.040735
7.701920,6.046372,-2.040176
6.353141,6.884175,-2.043115
5.140370,7.401562,-2.047042
4.048605,7.841503,-2.046841
3.120481,8.134942,-2.041330
2.164608,8.257678,-2.037806
1.333909,8.215647,-2.038679
0.534151,8.081911,-4.800914
-0.160994,8.018575,-4.793991
-0.845878,7.911330,-4.788862
-1.516152,7.722010,-4.788966
-2.114932,7.503354,-4.787414
-2.748371,7.217194,-4.788471
-3.363169,6.891930,-4.789236
-4.007073,6.501157,-4.789302
-4.716254,5.998677,-4.791854
-5.387380,5.446539,-4.792532
-6.127807,4.709711,-4.790516
-6.808559,3.776209,-4.790654
-7.515566,2.637296,-4.793018
-8.160917,1.228257,-4.795142
-8.666582,-0.450181,-4.797037
-9.358790,-2.720713,-4.795807
-8.766033,-4.536430,-4.793477
-7.570555,-6.064725,-4.790656
-6.344884,-7.769768,-4.792455
-4.470187,-8.566670,-4.795833
-2.213763,-7.331436,-4.793358
-0.445248,-7.710933,-4.795021
1.349080,-7.832847,-4.797083
3.201332,-7.674944,-4.793318
5.078992,-7.327884,-4.790357
6.910751,-6.593184,-4.794302
8.520308,-5.452935,-4.797509
9.752588,-3.908591,-4.795003
10.420145,-2.051926,-4.792873
10.445034,-0.020844,-4.793561
9.934307,1.826718,-4.793846
9.078535,3.472928,-4.794099
8.074663,4.817464,-4.798568
7.086629,5.889078,-4.794100
5.966721,6.698408,-4.788188
4.865465,7.224559,-4.791872
3.930220,7.684299,-4.798498
3.065344,8.030981,-4.795457
2.160560,8.192324,-4.794226
1.291853,8.162747,-4.799638
0.525744,8.159892,-7.550929
-0.157174,8.134726,-7.548369
-0.879421,8.059382,-7.548749
-1.538128,7.882515,-7.550974
-2.168921,7.627062,-7.546444
-2.807146,7.275771,-7.540025
-3.375545,6.901462,-7.541416
-3.961405,6.468039,-7.543309
-4.597414,5.941073,-7.537430
-5.204916,5.381761,-7.539639
-5.857769,4.658568,-7.548883
-6.401372,3.743325,-7.548013
-6.903909,2.738527,-7.542718
-7.434782,1.445463,-7.543052
-7.735322,0.006654,-7.542223
-7.862531,-1.641483,-7.540414
-7.185826,-2.990959,-7.539077
-6.022430,-3.988860,-7.537954
-5.009292,-5.310439,-7.542494
-3.548553,-5.889768,-7.547950
-1.724321,-4.519464,-7.544905
-0.416467,-4.731610,-7.547426
0.896977,-4.787661,-7.545962
2.303461,-4.692695,-7.541428
3.696689,-4.488667,-7.544211
5.084831,-4.036112,-7.548174
6.436650,-3.265738,-7.541664
7.519210,-2.215121,-7.545528
8.271286,-0.903921,-7.545835
8.586832,0.618377,-7.543596
8.431352,2.121321,-7.542277
7.942605,3.496047,-7.539236
7.277238,4.681232,-7.542521
6.526379,5.705821,-7.542105
5.628650,6.514314,-7.538236
4.675597,7.103557,-7.540325
3.852504,7.617939,-7.548546
3.071018,8.026713,-7.548398
2.187449,8.244339,-7.546818
1.312975,8.228454,-7.549672
0.568447,8.252253,-10.291270
-0.173141,8.262392,-10.297943
-0.905909,8.220544,-10.297231
-1.582950,8.047149,-10.292851
-2.256831,7.746836,-10.294996
-2.841689,7.369299,-10.293481
-3.418520,6.909390,-10.295541
-3.936235,6.443733,-10.297455
-4.492951,5.900085,-10.292804
-5.058452,5.307937,-10.293524
-5.620344,4.598825,-10.296971
-6.006413,3.744320,-10.299085
-6.330272,2.816984,-10.293438
-6.736017,1.690406,-10.289922
-6.822802,0.472696,-10.298118
-6.329044,-0.612654,-10.289337
-5.560599,-1.481317,-10.291577
-4.531155,-1.978498,-10.297186
-3.748975,-2.909339,-10.297817
-2.745838,-3.529787,-10.294515
-1.413132,-2.754235,-10.296917
-0.395666,-2.910490,-10.300877
0.668508,-2.955328,-10.296937
1.733281,-2.895622,-10.298414
2.868973,-2.742204,-10.301283
3.967275,-2.406530,-10.295850
5.017197,-1.849091,-10.289365
5.950593,-1.048270,-10.295588
6.674696,-0.051066,-10.293581
7.098867,1.103465,-10.288281
7.162347,2.332368,-10.289748
6.902625,3.535558,-10.292270
6.466662,4.597540,-10.289310
5.886881,5.539968,-10.287694
5.214507,6.313080,-10.292437
4.482746,6.969473,-10.298791
3.779447,7.530172,-10.297871
3.057526,8.018525,-10.291437
2.223489,8.299591,-10.285965
1.363789,8.306135,-10.286472
0.558376,8.263222,-13.044244
-0.183826,8.308127,-13.047112
-0.918419,8.291763,-13.050227
-1.604346,8.123073,-13.049503
-2.271887,7.805582,-13.043929
-2.870194,7.372742,-13.040463
-3.386635,6.894661,-13.037993
-3.869188,6.382776,-13.039616
-4.356757,5.828388,-13.043253
-4.854789,5.237212,-13.037307
-5.337428,4.539029,-13.044552
-5.589119,3.737051,-13.041624
-5.749991,2.884544,-13.038274
-6.008180,1.892149,-13.048616
-5.923878,0.889274,-13.046444
-4.934680,0.398226,-13.039009
-4.137189,-0.074511,-13.046557
-3.226530,-0.290224,-13.048346
-2.660376,-0.880975,-13.046901
-2.068226,-1.580636,-13.045036
-1.209911,-1.627864,-13.042804
-0.343802,-1.732091,-13.046710
0.498468,-1.759016,-13.046930
1.379573,-1.721352,-13.039476
2.282434,-1.585807,-13.043587
3.188270,-1.296901,-13.049463
4.056493,-0.831386,-13.040060
4.841053,-0.178441,-13.043327
5.456783,0.591662,-13.050345
5.894356,1.516503,-13.046768
6.056820,2.521722,-13.039001
5.940878,3.538227,-13.039063
5.654489,4.483165,-13.039408
5.198915,5.311684,-13.045662
4.720002,6.054693,-13.049052
4.213378,6.769566,-13.047639
3.611264,7.358120,-13.049701
2.945963,7.901186,-13.049229
2.196917,8.230191,-13.046288
1.355759,8.283280,-13.044093
0.525606,8.090228,-15.788203
-0.186916,8.161974,-15.794191
-0.894634,8.157511,-15.797231
-1.588336,7.989966,-15.793493
-2.224360,7.670166,-15.790119
-2.763369,7.254825,-15.790938
-3.262039,6.747642,-15.789219
-3.678160,6.248819,-15.789822
-4.095739,5.712277,-15.794252
-4.541814,5.120960,-15.788316
-4.932500,4.481303,-15.794318
-5.076280,3.729245,-15.795900
-5.098959,2.966723,-15.792323
-5.189968,2.133906,-15.793877
-5.036949,1.338302,-15.791861
-3.716814,1.246077,-15.794045
-2.957298,1.045497,-15.791697
-2.260405,1.007654,-15.796292
-1.807885,0.755293,-15.796304
-1.532817,-0.066491,-15.789503
-1.051177,-0.767831,-15.793648
-0.354725,-0.820494,-15.798343
0.360240,-0.843979,-15.787159
1.095809,-0.805449,-15.795352
1.828720,-0.668383,-15.803800
2.585761,-0.402072,-15.796616
3.256161,-0.015361,-15.790900
3.894323,0.523438,-15.795070
4.429658,1.164299,-15.798646
4.824256,1.903968,-15.797642
5.005534,2.715722,-15.793417
4.966245,3.553594,-15.792427
4.784895,4.339135,-15.798919
4.412332,5.082375,-15.797457
4.101813,5.760468,-15.793363
3.785862,6.460279,-15.791076
3.268626,7.033248,-15.788574
2.679641,7.554079,-15.791285
2.015999,7.907756,-15.792563
1.255546,8.041092,-15.789041
0.434928,7.576105,-18.549032
-0.188188,7.661897,-18.545657
-0.813987,7.651555,-18.545170
-1.425160,7.509152,-18.545182
-1.987340,7.230752,-18.539333
-2.484665,6.848664,-18.539882
-2.917154,6.395650,-18.547193
-3.274059,5.945012,-18.547841
-3.629456,5.461344,-18.540253
-3.986510,4.949450,-18.545971
-4.311370,4.371105,-18.542554
-4.381573,3.735373,-18.535619
-4.288744,3.090055,-18.540736
-4.240751,2.425415,-18.548568
-4.032436,1.825457,-18.547325
-2.751177,1.908135,-18.553184
-2.108969,1.860722,-18.541261
-1.608815,1.873796,-18.540100
-1.253979,1.774868,-18.545329
-1.059110,1.345427,-18.545279
-0.890329,0.034274,-18.540091
-0.315940,-0.011990,-18.549106
0.260639,-0.032231,-18.544157
0.853691,0.017354,-18.546294
1.440830,0.159381,-18.547952
2.014577,0.407196,-18.547532
2.537259,0.754383,-18.547944
3.002983,1.173615,-18.542870
3.437959,1.694571,-18.537526
3.757419,2.266993,-18.541636
3.919311,2.922773,-18.542524
3.912535,3.579723,-18.540526
3.783886,4.219877,-18.547109
3.511702,4.811675,-18.544842
3.319801,5.384508,-18.542623
3.096764,5.989489,-18.542822
2.652012,6.470995,-18.540932
2.165791,6.874991,-18.542382
1.637929,7.201052,-18.546044
1.052074,7.427713,-18.548911
0.230588,6.433224,-21.296526
-0.208665,6.498718,-21.295992
-0.643468,6.469892,-21.293099
-1.079480,6.370236,-21.290689
-1.485318,6.178433,-21.294171
-1.853982,5.920560,-21.296340
-2.168122,5.627735,-21.298109
-2.450696,5.303034,-21.298091
-2.717414,4.965300,-21.291418
-2.989958,4.589339,-21.292880
-3.226668,4.174164,-21.292557
-3.281437,3.705077,-21.292691
-3.141220,3.253292,-21.297713
-3.031685,2.800137,-21.290659
-2.827030,2.399286,-21.288709
-2.092158,2.366784,-21.290917
-1.545185,2.411611,-21.293405
-1.236128,2.361253,-21.296337
-0.948826,2.357764,-21.298838
-0.727933,2.277461,-21.299431
-0.735839,0.926952,-21.298209
-0.308184,0.875191,-21.294609
0.123634,0.857400,-21.295392
0.582975,0.920106,-21.299920
1.010325,1.065060,-21.292302
1.395971,1.291330,-21.293572
1.739307,1.581816,-21.296868
2.046811,1.908098,-21.290341
2.325567,2.283517,-21.291982
2.533118,2.683015,-21.296284
2.635407,3.137298,-21.298271
2.632123,3.588858,-21.297201
2.543230,4.046589,-21.294235
2.391131,4.448485,-21.290910
2.227834,4.850250,-21.289059
1.990905,5.226435,-21.291307
1.664431,5.510216,-21.295774
1.322029,5.736918,-21.296545
0.981442,5.975864,-21.296125
0.625863,6.232867,-21.296284
-0.340028,3.330512,-24.043717
