-4.119778,25.146189,36.195238
-7.391002,23.903588,36.195238
-10.347693,22.425462,36.195238
-13.145810,20.666778,36.195238
-15.759994,18.644237,36.195238
-18.165803,16.377660,36.195238
-20.340533,13.888616,36.195238
-22.367708,11.035743,36.195238
-24.173732,7.812966,36.195238
-25.674494,4.225451,36.195238
-26.815638,0.102348,36.195238
-27.388866,-4.137628,36.195238
-27.336219,-8.805018,36.195238
-26.475648,-13.787330,36.195238
-24.739670,-18.743788,36.195237
-22.098237,-23.510110,36.195238
-18.467021,-27.818541,36.195238
-13.841144,-31.693998,36.195238
-8.601360,-34.694118,36.195238
-2.403143,-36.372795,36.195238
3.805121,-36.027706,36.195238
9.873083,-34.578883,36.195238
15.689810,-32.389782,36.195238
21.109369,-29.316013,36.195238
25.623911,-25.315747,36.195238
29.049346,-20.115592,36.195238
31.096694,-14.441021,36.195238
32.091829,-8.493885,36.195238
32.259402,-2.858088,36.195238
31.831370,2.374504,36.195238
30.850719,7.532062,36.195238
29.291464,12.341528,36.195238
26.994700,16.849252,36.195238
23.961291,20.651077,36.195238
20.106829,23.620225,36.195238
15.831549,25.498546,36.195238
11.278742,26.529754,36.195238
7.007123,26.844467,36.195238
3.111243,26.659413,36.195238
-0.659434,28.196976,32.395481
-4.357184,27.392694,32.388683
-7.887581,26.048926,32.390855
-11.182890,24.183208,32.390137
-14.035019,22.018479,32.388686
-16.617422,19.533456,32.397752
-18.844663,16.984944,32.401787
-20.920328,14.067834,32.400680
-22.777720,11.002532,32.394688
-24.451767,7.836023,32.391572
-25.992308,4.165386,32.395941
-27.169041,0.156170,32.388462
-27.945945,-4.362919,32.390258
-27.934787,-9.134601,32.401804
-26.961531,-14.017596,32.402126
-25.209536,-19.098536,32.388848
-22.670790,-24.318744,32.386847
-18.668541,-28.399898,32.394803
-13.737001,-31.516338,32.395377
-8.271536,-33.845342,32.394428
-2.384436,-34.923208,32.402812
3.591301,-35.082686,32.396451
9.690827,-34.204273,32.392524
15.574999,-32.288768,32.397741
20.992081,-29.366629,32.397853
25.852635,-25.549406,32.388434
30.327156,-20.967771,32.390621
32.907513,-15.424497,32.394060
34.079545,-9.309972,32.399555
34.376332,-3.364669,32.400060
33.767287,2.381630,32.392990
32.379612,7.781635,32.397997
30.280731,12.726527,32.398921
27.528709,17.123140,32.400690
24.141169,20.754335,32.404619
20.155351,23.745676,32.403233
16.270312,26.170621,32.397421
12.025066,27.884346,32.390063
7.714280,28.659469,32.389873
3.521733,28.683400,32.395213
-0.637185,28.700440,28.589385
-4.405384,27.928024,28.598366
-7.996592,26.574296,28.597130
-11.341107,24.669094,28.591382
-14.220938,22.444902,28.595528
-16.804414,19.877746,28.602758
-19.140923,17.084620,28.590923
-21.085741,14.251335,28.587835
-22.947820,11.121567,28.596313
-24.652288,7.905092,28.599080
-26.255405,4.191045,28.589807
-27.502459,0.132885,28.590900
-28.370009,-4.447347,28.596107
-28.414140,-9.294704,28.593115
-27.353555,-14.448482,28.591188
-25.594175,-19.405468,28.602320
-23.029740,-24.725473,28.601996
-18.890623,-28.787069,28.602289
-13.904773,-31.612307,28.597251
-8.247509,-33.725754,28.589253
-2.462836,-34.755136,28.592371
3.597842,-35.165599,28.587387
9.832231,-34.583665,28.592415
15.883745,-32.867284,28.594873
21.462465,-30.041340,28.594438
26.652078,-26.150275,28.601322
31.214666,-21.793442,28.590681
34.093899,-16.071092,28.595760
35.430031,-9.673273,28.600423
35.756875,-3.634807,28.598292
35.016693,2.396223,28.600427
33.393512,7.826389,28.592201
30.873352,12.895702,28.598026
27.787922,17.167867,28.599696
24.157296,20.676841,28.593285
20.025021,23.599345,28.591148
16.076934,26.059160,28.588429
12.017842,27.895035,28.590351
7.890740,28.877808,28.590184
3.631394,29.083979,28.586897
-0.655546,28.050037,24.801122
-4.448110,27.274487,24.796932
-7.884154,26.002947,24.789545
-11.112155,24.259964,24.793719
-14.077456,22.107322,24.797116
-16.610835,19.746944,24.786880
-19.038477,17.000836,24.791463
-21.100488,14.221131,24.789351
-23.070908,11.130737,24.789716
-24.834501,7.917597,24.798636
-26.493463,4.198450,24.797665
-27.841290,-0.072010,24.788909
-28.706971,-4.682612,24.795969
-28.753972,-9.565028,24.800722
-27.771437,-14.564439,24.794255
-25.869016,-19.724401,24.796255
-23.183315,-24.780392,24.788743
-19.071931,-28.975823,24.789914
-13.953631,-31.989912,24.794550
-8.427483,-34.046697,24.793634
-2.445189,-35.300193,24.794241
3.645062,-35.818122,24.793773
9.941741,-35.402891,24.792223
16.277917,-33.832480,24.797956
22.160037,-31.046718,24.803666
27.379361,-27.128874,24.799398
31.828557,-22.334714,24.801969
34.766479,-16.325232,24.796251
36.194191,-9.932638,24.796032
36.517067,-3.841052,24.797060
35.725551,2.222334,24.790280
33.888502,7.838675,24.798875
31.153202,12.843648,24.799883
27.705187,17.130301,24.798547
23.899451,20.512224,24.799800
19.812066,23.193898,24.800214
15.637483,25.315388,24.802698
11.660849,26.893853,24.797354
7.509799,27.931383,24.794250
3.432052,28.288834,24.798298
-0.699303,26.718160,20.997215
-4.290202,25.993359,20.988011
-7.562421,24.863898,20.997031
-10.668517,23.344194,20.998488
-13.575581,21.466996,20.988568
-16.257122,19.282188,20.992778
-18.691798,16.826154,21.000306
-20.936784,14.192421,20.994011
-23.069177,11.217363,20.985422
-25.007812,7.870881,20.989745
-26.707865,4.173808,20.999190
-28.082003,-0.085987,20.999308
-28.924647,-4.694322,20.992245
-29.003678,-9.575893,20.986160
-28.068737,-14.788686,20.988068
-26.077936,-19.912058,20.996761
-23.050783,-24.739705,20.997648
-19.002404,-29.053518,20.999282
-14.100940,-32.319028,20.999495
-8.411394,-34.571013,20.999216
-2.474802,-35.984960,21.003461
3.808619,-36.542933,20.998948
10.313202,-36.159442,20.997468
16.664419,-34.714683,20.995340
22.797747,-31.963017,20.989935
28.107890,-27.844021,20.989084
32.165720,-22.487622,20.989940
34.952961,-16.367885,20.991763
36.450466,-10.030342,20.995180
36.734485,-3.723189,20.998464
35.857972,2.320783,21.000113
33.884577,7.885105,21.001221
31.001794,12.808780,20.999068
27.384148,16.935295,20.996435
23.458993,20.188306,21.000085
19.290326,22.726717,21.003015
14.921474,24.402757,20.989452
10.819362,25.596817,20.985811
7.029187,26.419049,20.992312
3.164736,26.846937,20.999283
-0.754079,25.151937,17.194353
-3.927341,24.549083,17.192890
-7.209587,23.536825,17.198110
-10.174073,22.260410,17.203665
-13.000394,20.692476,17.201409
-15.823566,18.742868,17.194663
-18.255057,16.618736,17.197108
-20.812763,14.032017,17.196149
-23.083553,11.201010,17.192205
-25.089828,7.927939,17.191673
-26.900628,4.095333,17.191705
-28.272449,-0.129720,17.189193
-29.059776,-4.707427,17.194898
-29.131772,-9.754500,17.203766
-28.267514,-14.940622,17.201297
-26.203749,-19.990141,17.190145
-22.837581,-24.517558,17.190149
-19.003340,-28.715628,17.190314
-14.234496,-32.390283,17.193392
-8.454648,-34.858402,17.199269
-2.567936,-36.270749,17.198279
3.866764,-36.837526,17.201793
10.323337,-36.479702,17.198178
16.826636,-35.052614,17.196594
23.123059,-32.269061,17.198655
28.322719,-28.101106,17.194712
32.072088,-22.358897,17.198462
34.732902,-16.220254,17.201203
36.256047,-9.960436,17.191695
36.494745,-3.691360,17.188746
35.569289,2.294504,17.199304
33.514977,7.779101,17.190159
30.432517,12.769327,17.184171
26.701357,16.728962,17.195744
22.692409,19.818327,17.199409
18.663674,22.119056,17.191058
14.259951,23.591215,17.201941
10.311401,24.430373,17.201199
6.508281,25.008976,17.196046
2.870708,25.301392,17.195166
-0.608849,23.777717,13.395298
-3.937483,23.195708,13.394132
-6.817776,22.416014,13.394739
-9.795572,21.304190,13.390718
-12.667446,19.930957,13.390623
-15.408227,18.318743,13.399983
-18.094768,16.270193,13.390424
-20.610848,14.005730,13.385695
-23.092379,11.165375,13.390813
-25.135560,7.982683,13.393356
-26.955373,4.225257,13.389069
-28.380304,-0.121839,13.386607
-29.113643,-4.634879,13.390916
-29.173807,-9.805970,13.394060
-28.364143,-14.922297,13.392033
-26.173578,-20.045157,13.391775
-22.723278,-24.140320,13.390458
-18.709685,-28.321702,13.392658
-14.079035,-32.030293,13.392875
-8.443597,-34.582859,13.393576
-2.454714,-36.034971,13.402703
3.884347,-36.581055,13.402368
10.242025,-36.205305,13.394995
16.635696,-34.759225,13.394885
22.824322,-31.979050,13.398264
28.048993,-27.691309,13.391715
31.581113,-21.936833,13.388885
34.099691,-16.058548,13.391894
35.637827,-9.909129,13.391965
35.844977,-3.532082,13.390374
34.857694,2.350157,13.391667
32.737221,7.714351,13.388659
29.724518,12.409245,13.388887
25.982614,16.246952,13.399678
21.966614,19.192051,13.399566
17.783193,21.482878,13.388740
13.637725,22.886283,13.401485
9.722282,23.559317,13.393719
5.948491,23.885899,13.386088
2.562418,23.974894,13.390737
-0.651407,22.856715,9.594283
-3.728559,22.399561,9.591808
-6.572457,21.746691,9.597543
-9.530223,20.786012,9.603978
-12.395282,19.568975,9.603018
-15.146562,18.117284,9.599051
-17.877879,16.255769,9.594312
-20.546720,13.985282,9.590556
-23.017637,11.241697,9.594790
-25.164783,7.995280,9.598839
-27.028417,4.143838,9.589587
-28.405116,-0.114737,9.594294
-29.111857,-4.725978,9.597617
-29.127353,-9.786873,9.592805
-28.257983,-14.973998,9.592408
-26.036644,-19.951383,9.600082
-22.442716,-24.029198,9.597386
-18.378904,-27.692409,9.598086
-13.611445,-31.010668,9.594843
-8.313567,-33.500192,9.589169
-2.555622,-35.277872,9.597314
3.635862,-35.867022,9.601394
10.054046,-35.420470,9.595304
16.275132,-33.893979,9.590011
22.262414,-31.028654,9.591872
27.189459,-26.915254,9.596077
30.717258,-21.332763,9.599078
33.204625,-15.595977,9.595992
34.685615,-9.572539,9.596316
34.837662,-3.334571,9.600021
33.794360,2.406020,9.599302
31.632618,7.617921,9.599004
28.596710,12.149578,9.598416
24.862957,15.834516,9.597259
20.878867,18.630289,9.591865
17.107258,20.650350,9.587185
13.088568,22.127342,9.592519
9.263199,22.798904,9.590293
5.761169,23.037139,9.589283
2.451373,23.060063,9.592959
-0.680414,22.375537,5.803601
-3.687640,22.029125,5.796497
-6.657069,21.439805,5.794169
-9.380355,20.640703,5.798683
-12.196345,19.529253,5.801827
-15.068526,18.081198,5.795041
-17.935271,16.239587,5.790092
-20.519038,14.022330,5.795407
-23.015226,11.174205,5.795948
-25.197867,7.854676,5.788635
-26.980733,4.091493,5.793476
-28.297678,-0.059403,5.801275
-29.000129,-4.734972,5.796854
-28.964054,-9.661307,5.796233
-27.982038,-14.870646,5.803266
-25.774877,-19.694374,5.797412
-22.343387,-23.734301,5.794774
-17.971945,-27.065128,5.794672
-13.180774,-29.726122,5.798876
-8.028189,-32.135874,5.800697
-2.345089,-34.207292,5.791768
3.488120,-34.769950,5.790367
9.736314,-34.243115,5.789467
15.745238,-32.604669,5.795511
21.308194,-29.722864,5.802161
26.060690,-25.670441,5.798415
29.571970,-20.510547,5.801981
32.041057,-14.960004,5.795404
33.418781,-9.074752,5.790202
33.512760,-3.197747,5.793056
32.440096,2.378585,5.796858
30.276238,7.424673,5.802695
27.252961,11.782517,5.791769
23.730060,15.216026,5.791827
19.849288,17.924055,5.799378
16.170360,19.874016,5.795599
12.467990,21.322535,5.794455
8.959119,22.086425,5.800425
5.563421,22.427122,5.806333
2.344708,22.509336,5.807391
-0.699561,22.135403,1.996955
-3.622810,21.904016,2.003790
-6.513369,21.417780,1.993359
-9.520798,20.598775,1.991681
-12.251794,19.535872,2.002085
-15.189202,18.032379,1.998215
-17.978897,16.264099,1.991875
-20.554885,13.932578,1.997342
-22.891484,11.096980,1.996387
-24.983024,7.871058,1.986035
-26.690531,4.216421,1.988201
-28.003544,0.016582,1.987521
-28.701682,-4.511906,1.987213
-28.620458,-9.464193,1.994153
-27.548860,-14.483628,1.997821
-25.320788,-19.314859,1.989578
-21.988903,-23.474178,1.994200
-17.676522,-26.556266,1.991406
-12.907743,-28.933965,1.992443
-7.858597,-31.108845,1.998394
-2.441047,-32.817853,1.990969
3.395745,-33.369481,1.989506
9.250188,-32.819401,1.989587
15.029235,-31.060783,1.989334
20.155039,-28.188317,1.992644
24.720845,-24.217777,2.000282
28.224434,-19.509394,2.004256
30.644873,-14.162290,1.991676
31.878660,-8.424736,1.992548
31.898786,-2.921965,2.001918
30.776806,2.464166,1.996541
28.607770,7.319936,1.997778
25.731670,11.349673,1.997699
22.457207,14.558625,1.993088
18.878551,17.115321,1.989128
15.328961,19.029558,1.991455
11.952342,20.456982,1.997827
8.606940,21.418745,1.998714
5.350009,21.954900,1.995358
2.237619,22.164290,1.993355
-0.711660,21.960923,-1.802367
-3.711738,21.807172,-1.804360
-6.504980,21.385146,-1.808011
-9.416121,20.632502,-1.804182
-12.213923,19.548970,-1.802428
-15.027100,18.062896,-1.812703
-17.857394,16.244688,-1.804881
-20.392854,13.802422,-1.797181
-22.558896,10.994660,-1.800525
-24.540281,7.864410,-1.805702
-26.225284,4.164479,-1.805626
-27.456848,0.106518,-1.809035
-28.163368,-4.437249,-1.809625
-28.019820,-9.204367,-1.809901
-26.853084,-14.016019,-1.810833
-24.704917,-18.671186,-1.806653
-21.661622,-22.815842,-1.807177
-17.504521,-26.061063,-1.810623
-12.790527,-28.558555,-1.810873
-7.672985,-30.445303,-1.806364
-2.263500,-31.363494,-1.801193
3.202923,-31.793928,-1.798911
8.822956,-31.237786,-1.799057
14.196806,-29.444454,-1.799896
19.052085,-26.549689,-1.804335
23.268286,-22.775044,-1.812277
26.781187,-18.331579,-1.811857
29.067750,-13.171639,-1.806496
30.083861,-7.771617,-1.801035
30.009574,-2.473643,-1.797258
28.884931,2.530399,-1.797749
26.832725,7.036059,-1.805273
24.159719,10.770954,-1.812217
21.054527,13.920820,-1.805108
17.810554,16.363494,-1.796252
14.413475,18.255537,-1.799073
11.192394,19.706244,-1.802089
8.202981,20.796475,-1.806905
5.114833,21.542977,-1.808145
2.125237,21.889196,-1.804775
-0.719464,21.676442,-5.606701
-3.596208,21.585818,-5.599613
-6.442911,21.186850,-5.597613
-9.396670,20.425570,-5.600255
-12.221504,19.295326,-5.602863
-14.883338,17.809076,-5.606415
-17.530695,15.973791,-5.609323
-19.904046,13.574747,-5.609392
-21.932294,10.852344,-5.607100
-23.866923,7.676211,-5.604310
-25.434738,4.111684,-5.602149
-26.577746,0.214893,-5.599667
-27.258269,-4.140891,-5.601120
-27.095009,-8.701825,-5.607702
-25.897328,-13.293756,-5.612593
-23.839616,-17.750857,-5.607869
-20.966939,-21.956831,-5.598967
-17.031842,-25.381351,-5.600895
-12.591605,-27.950127,-5.602124
-7.473922,-29.578552,-5.601226
-2.387199,-29.867071,-5.607291
3.028141,-30.180192,-5.602816
8.397073,-29.603291,-5.603277
13.523971,-27.792713,-5.607811
18.121610,-24.947130,-5.611225
21.974758,-21.374730,-5.612353
25.309082,-17.089736,-5.603936
27.276226,-12.244464,-5.598549
28.073760,-7.033643,-5.599115
27.906270,-2.134324,-5.600853
26.773586,2.646512,-5.602121
24.873267,6.806293,-5.604853
22.336883,10.398330,-5.605520
19.676588,13.250435,-5.604951
16.658915,15.701508,-5.606729
13.598791,17.513510,-5.611175
10.713103,18.929450,-5.611805
7.920173,20.153237,-5.601852
5.017364,21.058072,-5.597582
2.169628,21.518568,-5.603672
-0.726099,21.166563,-9.405893
-3.611410,21.092056,-9.405569
-6.308574,20.711418,-9.401376
-9.101016,19.976512,-9.398919
-11.775632,18.894321,-9.399898
-14.409799,17.363255,-9.402403
-16.805568,15.481540,-9.408487
-19.053067,13.193769,-9.406136
-21.088622,10.512523,-9.397210
-22.849386,7.455614,-9.399224
-24.280542,4.057483,-9.412203
-25.320925,0.354701,-9.401409
-25.935785,-3.775600,-9.403112
-25.765670,-8.096205,-9.413265
-24.600442,-12.436492,-9.411684
-22.604002,-16.636490,-9.410965
-19.931980,-20.648607,-9.410648
-16.327457,-24.041760,-9.403211
-12.024009,-26.604902,-9.404161
-7.298602,-28.049724,-9.408250
-2.324806,-28.332561,-9.401146
2.808704,-28.507553,-9.410332
7.889505,-27.893146,-9.407145
12.750787,-26.198520,-9.403892
17.114150,-23.516362,-9.410379
20.708945,-20.072309,-9.410978
23.687342,-15.878090,-9.406487
25.303320,-11.196645,-9.404637
25.838878,-6.393755,-9.407975
25.566363,-1.598979,-9.407680
24.549901,2.612752,-9.402783
22.880827,6.435403,-9.404662
20.682724,9.782537,-9.399008
18.295124,12.601426,-9.404783
15.684978,14.965800,-9.410575
12.869451,16.815774,-9.404354
10.186702,18.255802,-9.409833
7.575879,19.489827,-9.405535
4.850537,20.426994,-9.400262
2.006702,20.966426,-9.402489
-0.735472,20.394939,-13.212894
-3.424421,20.330665,-13.214335
-6.087096,19.947040,-13.202004
-8.817565,19.178530,-13.203275
-11.297207,18.124033,-13.213552
-13.720249,16.645950,-13.208783
-15.917249,14.626224,-13.211026
-18.026789,12.496875,-13.203111
-19.964976,10.045545,-13.196406
-21.462409,7.277782,-13.199589
-22.753108,4.094370,-13.198925
-23.705006,0.483771,-13.200396
-24.196777,-3.223373,-13.203589
-24.057820,-7.257030,-13.208329
-23.007895,-11.306737,-13.210315
-21.064215,-15.182853,-13.205871
-18.511767,-18.873899,-13.206677
-15.270491,-21.972416,-13.201716
-11.248913,-24.269752,-13.199951
-6.836025,-25.702275,-13.207324
-2.272041,-26.488336,-13.210623
2.508989,-26.561595,-13.207450
7.246093,-25.894757,-13.206354
11.798443,-24.413108,-13.207095
16.036595,-21.898250,-13.205816
19.419949,-18.506785,-13.203146
21.825142,-14.534052,-13.201719
23.075323,-9.930731,-13.202397
23.368887,-5.442388,-13.207687
23.037333,-1.126884,-13.209311
22.150247,2.657891,-13.206645
20.683614,6.257021,-13.210764
18.845740,9.332786,-13.201075
16.865671,11.964439,-13.199611
14.564297,14.303779,-13.204161
12.152164,16.072947,-13.200355
9.572045,17.579589,-13.198030
7.138889,18.725457,-13.196685
4.448301,19.637623,-13.199409
1.803392,20.174100,-13.206270
-0.887629,19.348415,-17.010818
-3.337307,19.268996,-17.011478
-5.761667,18.890649,-17.008399
-8.235049,18.148676,-17.001212
-10.605722,17.091451,-16.998663
-12.887833,15.611125,-17.006206
-14.675429,13.746043,-17.008611
-16.612343,11.817742,-17.005958
-18.510836,9.526258,-17.000633
-19.815185,6.965066,-16.999043
-20.921080,4.037334,-17.005537
-21.697355,0.862723,-17.010904
-22.081650,-2.653846,-17.003990
-21.972951,-6.342546,-16.996802
-21.082254,-10.038279,-17.001953
-19.236853,-13.383556,-17.009319
-16.735105,-16.615741,-17.008245
-13.770614,-19.248416,-17.006033
-10.130041,-21.049333,-17.002404
-6.262346,-22.422120,-17.001589
-2.064274,-23.992695,-17.009564
2.143009,-23.957535,-17.007401
6.475218,-23.239894,-17.005345
10.642617,-22.014999,-17.007065
14.562646,-19.801670,-17.008808
17.588870,-16.656517,-17.007112
19.539523,-12.752076,-17.002390
20.431910,-8.487241,-17.007121
20.616986,-4.400706,-17.009866
20.355222,-0.735754,-17.004721
19.640024,2.732919,-16.999325
18.497624,5.941085,-17.000520
17.055411,8.717911,-17.007829
15.333232,11.341085,-17.009801
13.459513,13.493853,-17.006662
11.239096,15.301719,-17.004933
8.924681,16.737953,-17.003101
6.565611,17.793566,-17.001906
4.093950,18.585185,-17.003486
1.689042,19.100510,-17.007247
-0.896941,18.008218,-20.798520
-3.162184,17.918058,-20.805551
-5.399891,17.533491,-20.810365
-7.660385,16.785055,-20.812128
-9.708834,15.795618,-20.811848
-11.693980,14.474024,-20.807585
-13.344675,12.756462,-20.804008
-15.108601,10.964550,-20.807032
-16.747940,8.934338,-20.804755
-17.906845,6.565884,-20.797966
-18.799820,3.972571,-20.802467
-19.433071,1.054650,-20.804063
-19.636873,-1.911138,-20.803650
-19.560437,-5.156782,-20.806101
-18.876571,-8.523341,-20.808439
-17.038133,-11.472608,-20.806661
-14.759104,-13.921293,-20.809681
-11.979868,-16.000847,-20.809103
-8.784653,-17.291183,-20.803960
-5.383084,-18.428748,-20.803746
-2.009666,-19.929210,-20.808291
1.667854,-19.868527,-20.800851
5.346487,-19.202978,-20.805162
8.881156,-18.180178,-20.808957
12.135880,-16.392102,-20.805821
14.775433,-13.630278,-20.808418
16.307111,-10.263494,-20.807989
17.196779,-6.784466,-20.807773
17.598818,-3.352553,-20.806874
17.518581,-0.130204,-20.805071
17.058236,2.817629,-20.802965
16.235295,5.685842,-20.801473
15.141441,8.200237,-20.809460
13.781898,10.591000,-20.809475
12.167723,12.653975,-20.808228
10.289781,14.319794,-20.809981
8.191252,15.692607,-20.796642
5.885980,16.661528,-20.804214
3.700122,17.304083,-20.809892
1.357104,17.794878,-20.802670
-0.916842,16.366633,-24.606719
-2.997990,16.268717,-24.605400
-4.949597,15.900135,-24.605220
-6.908212,15.196006,-24.606165
-8.665430,14.268365,-24.606354
-10.381490,13.087934,-24.603086
-11.988871,11.613642,-24.598121
-13.406843,10.082642,-24.597420
-14.737781,8.232519,-24.599012
-15.724494,6.173268,-24.600588
-16.423595,3.897273,-24.603747
-16.883415,1.453999,-24.605735
-16.941497,-1.109248,-24.604742
-16.881551,-3.917279,-24.605867
-16.385957,-6.909454,-24.608080
-14.698969,-9.270630,-24.602591
-12.519759,-11.167243,-24.599379
-10.015198,-12.562159,-24.605512
-7.385416,-13.480310,-24.607741
-4.567085,-14.044858,-24.601713
-1.797351,-14.264184,-24.601069
0.980657,-14.243836,-24.606314
3.726812,-13.795940,-24.606510
6.303139,-12.776781,-24.604590
8.655450,-11.275274,-24.606984
10.696441,-9.396901,-24.609481
12.202200,-7.068631,-24.605174
13.547039,-4.732773,-24.608744
14.417848,-2.222071,-24.612384
14.611133,0.364554,-24.612789
14.418498,2.934348,-24.610159
13.937457,5.368175,-24.600160
13.167844,7.619575,-24.610465
12.119906,9.763226,-24.608389
10.804924,11.622591,-24.603330
9.149892,13.199233,-24.612422
7.254702,14.474399,-24.600444
5.235823,15.289763,-24.604102
3.114528,15.846160,-24.611625
1.157794,16.201075,-24.610372
-0.953777,14.443483,-28.408678
-2.719453,14.347606,-28.407550
-4.373489,14.013295,-28.407856
-6.026188,13.381511,-28.409169
-7.489747,12.543807,-28.409451
-8.933951,11.523516,-28.407122
-10.410234,10.402164,-28.401184
-11.535927,9.056012,-28.405495
-12.495560,7.459809,-28.409018
-13.350490,5.651458,-28.404788
-13.844062,3.784637,-28.406217
-14.150638,1.791031,-28.408180
-14.076892,-0.281004,-28.407167
-14.012786,-2.557295,-28.405116
-13.725473,-5.062918,-28.404369
-12.262928,-6.913782,-28.404263
-10.358928,-8.293750,-28.406172
-8.235685,-9.180043,-28.409162
-6.046044,-9.868128,-28.407992
-3.848506,-10.029663,-28.404288
-1.685680,-9.361428,-28.405227
0.318735,-9.322070,-28.407127
2.302277,-9.007875,-28.406761
4.086090,-8.076727,-28.409113
5.709236,-6.887340,-28.407367
7.205834,-5.674830,-28.398102
8.574661,-4.208070,-28.403463
10.066918,-2.837768,-28.405692
11.249158,-1.062656,-28.408670
11.673621,0.928356,-28.406353
11.719700,3.012125,-28.397108
11.493094,5.089239,-28.406162
11.019218,7.042567,-28.407995
10.245002,8.897937,-28.404259
9.133190,10.570146,-28.403095
7.767205,11.935634,-28.403300
6.169990,13.021154,-28.401136
4.377037,13.722212,-28.398701
2.568231,14.131330,-28.400546
0.733441,14.371023,-28.405761
-1.071172,12.219190,-32.207752
-2.439956,12.127487,-32.212241
-3.779818,11.839068,-32.208714
-5.055751,11.328148,-32.204935
-6.225534,10.617311,-32.202797
-7.340230,9.816574,-32.201064
-8.552663,9.027198,-32.210045
-9.440106,7.860105,-32.208688
-10.095229,6.559256,-32.204858
-10.719192,5.211560,-32.205242
-11.077755,3.692312,-32.199875
-11.269461,2.137074,-32.200536
-11.107175,0.536707,-32.198899
-11.021778,-1.160364,-32.201061
-10.877099,-3.107900,-32.210028
-9.704034,-4.517720,-32.208383
-8.164185,-5.503074,-32.209947
-6.476280,-6.065615,-32.212181
-4.869996,-6.507619,-32.207047
-3.178675,-6.552644,-32.201739
-1.585632,-5.798008,-32.207828
-0.161275,-5.730744,-32.206184
1.311414,-5.469027,-32.202817
2.556659,-4.747763,-32.199973
3.689451,-3.869174,-32.202535
4.761392,-3.014650,-32.208950
5.786170,-2.103929,-32.203427
7.070192,-1.205434,-32.205812
8.191257,0.020619,-32.203435
8.710157,1.507462,-32.199741
8.873045,3.118580,-32.205055
8.842942,4.738904,-32.198306
8.627743,6.285094,-32.201184
8.077804,7.874367,-32.200592
7.214728,9.248913,-32.199151
6.086552,10.414944,-32.206208
4.792325,11.287290,-32.206134
3.332748,11.829779,-32.206637
1.796697,12.110173,-32.206562
0.365936,12.215739,-32.205603
-1.125866,9.467415,-35.998764
-2.090618,9.391697,-36.006113
-2.992250,9.189445,-36.005741
-3.853511,8.841268,-36.002390
-4.670578,8.329258,-36.001656
-5.419294,7.783287,-36.004260
-6.310325,7.273899,-36.010154
-6.847325,6.464607,-36.011663
-7.221461,5.546199,-36.004579
-7.647759,4.596729,-35.998436
-7.841243,3.603205,-36.006274
-7.944920,2.548071,-36.011105
-7.757537,1.521386,-36.008927
-7.652154,0.431293,-36.005315
-7.633378,-0.888880,-36.002358
-6.861432,-1.801602,-36.000485
-5.832292,-2.410870,-36.007412
-4.682827,-2.753658,-36.004955
-3.590895,-3.018027,-36.004288
-2.528320,-3.021980,-36.010614
-1.469862,-2.482489,-36.003702
-0.550915,-2.435468,-35.997357
0.354613,-2.253334,-36.005195
1.143483,-1.759152,-36.014417
1.832867,-1.209241,-36.009130
2.537431,-0.676289,-35.997879
3.259712,-0.097267,-35.999732
4.137710,0.409387,-36.001892
4.976466,1.154906,-36.003012
5.418561,2.121442,-36.005294
5.605124,3.197999,-36.006860
5.657261,4.289317,-36.007319
5.642798,5.432851,-36.000972
5.325321,6.554638,-36.004168
4.720790,7.528467,-36.007905
3.957609,8.366474,-36.002967
3.011205,8.997509,-36.007374
1.937978,9.373999,-36.003360
0.897431,9.513290,-35.996669
-0.154883,9.515214,-35.994710
-1.248213,3.347933,-39.804762
-3.354093,16.004203,36.195238
-5.402566,15.370551,36.195238
-7.366972,14.512208,36.195238
-9.328491,13.408966,36.195238
-11.093767,12.193082,36.195238
-12.831015,10.762176,36.195238
-14.438468,9.186669,36.195238
-16.096504,7.220085,36.195238
-17.530699,5.083713,36.195238
-18.772563,2.587745,36.195238
-19.640143,-0.287143,36.195238
-19.862588,-3.288831,36.195238
-19.262970,-6.337387,36.195238
-17.888601,-9.134473,36.195238
-15.970631,-11.582807,36.195238
-13.676982,-13.682142,36.195238
-11.110216,-15.436858,36.195237
-8.334902,-16.838400,36.195238
-5.294127,-17.886415,36.195237
-2.129469,-18.461752,36.195237
1.090218,-18.452015,36.195237
4.227939,-17.744857,36.195237
7.123929,-16.336979,36.195237
9.645299,-14.337974,36.195237
11.641058,-11.952375,36.195237
13.136262,-9.225374,36.195237
14.026538,-6.470092,36.195237
14.391866,-3.598081,36.195237
14.240181,-0.921639,36.195238
13.653873,1.583770,36.195238
12.732577,3.869519,36.195238
11.695856,5.867444,36.195238
10.585356,7.824473,36.195238
9.564941,9.586106,36.195238
8.447738,11.415177,36.195238
7.110709,13.225743,36.195238
5.456749,14.756148,36.195238
3.462169,15.807971,36.195238
1.134559,16.347531,36.195238
-1.185825,12.895864,32.796223
-2.821929,12.609980,32.791793
-4.482904,12.156972,32.789712
-5.990110,11.541092,32.789987
-7.427229,10.773022,32.796635
-8.846300,9.785030,32.794688
-10.052211,8.691968,32.791301
-11.221956,7.417875,32.798212
-12.498756,5.964944,32.793693
-13.690409,4.319282,32.791381
-14.732434,2.450574,32.794872
-15.684184,0.202077,32.793173
-16.268094,-2.282740,32.791995
-16.292397,-4.914398,32.796307
-16.002390,-7.868844,32.799466
-15.524122,-11.087276,32.794568
-13.870552,-13.887399,32.798322
-11.315102,-15.932068,32.797195
-8.537367,-17.416706,32.794190
-5.479537,-19.045278,32.797289
-2.200276,-20.734970,32.795515
1.396014,-20.981857,32.794917
4.912216,-20.096287,32.794210
8.181480,-18.497392,32.793986
10.892149,-16.172538,32.797085
12.970904,-13.392372,32.797706
14.381180,-10.266386,32.798549
15.255915,-7.162344,32.799408
15.131491,-3.895803,32.801429
13.507730,-0.798302,32.802934
12.391470,1.618593,32.797540
10.622692,3.605511,32.797651
10.010780,5.458961,32.790767
8.988007,7.031343,32.792939
6.979415,7.817983,32.800888
6.011980,9.143600,32.792214
5.350281,10.966658,32.790708
3.611747,11.322646,32.794150
1.971403,11.792946,32.797615
0.442032,12.607653,32.799221
-1.255936,10.386647,29.397449
-2.560291,10.165064,29.397340
-3.806990,9.846310,29.389814
-5.015821,9.374516,29.396516
-6.074122,8.817138,29.393257
-7.136777,8.073826,29.393777
-8.068749,7.176252,29.398154
-8.991724,6.129121,29.399203
-10.031376,5.054092,29.398030
-10.950905,3.880504,29.392796
-11.904248,2.355717,29.390399
-12.863850,0.610178,29.396520
-13.698372,-1.529729,29.394364
-14.169955,-3.967106,29.395535
-14.590829,-6.840509,29.400852
-15.157416,-10.786183,29.394900
-14.049888,-14.094344,29.398728
-11.689699,-16.549866,29.393847
-8.833677,-18.373258,29.391470
-5.730532,-20.379721,29.401982
-2.263504,-22.618291,29.395023
1.717589,-22.936034,29.391710
5.472755,-21.955751,29.393297
9.007607,-20.195128,29.396071
11.904514,-17.580542,29.401362
14.065250,-14.453054,29.402266
15.418642,-11.066498,29.393379
16.233800,-7.673882,29.391366
15.827064,-4.155708,29.396981
13.260084,-0.758272,29.393132
11.675473,1.683828,29.389942
9.647564,3.458548,29.397406
8.754572,5.033876,29.396797
7.576661,6.380711,29.395569
5.508539,6.845241,29.397762
4.537238,7.693842,29.394756
3.819612,8.981995,29.394735
2.321838,9.039146,29.394623
1.170505,9.426327,29.390424
-0.023585,10.183747,29.388177
-1.322410,8.718681,25.989838
-2.309580,8.578500,25.993767
-3.368563,8.310883,26.002443
-4.297798,7.955360,25.999071
-5.181822,7.500299,25.990123
-6.075882,6.868240,25.989699
-6.782651,6.170501,25.993242
-7.531991,5.373828,25.996260
-8.408882,4.564011,25.998889
-9.308726,3.506503,26.000740
-10.162824,2.279083,25.997113
-11.081734,0.862048,25.990355
-12.044884,-0.994483,25.996618
-12.811945,-3.245460,26.001869
-13.678184,-6.218733,25.996755
-14.924158,-10.618353,25.996498
-14.226221,-14.327560,25.994310
-12.122116,-17.384111,25.995578
-9.291299,-19.719014,25.998226
-6.058885,-21.883271,25.997940
-2.268626,-24.136824,25.998940
1.820254,-24.418065,25.999650
5.950247,-23.352279,26.000812
9.640411,-21.474363,25.998064
12.642884,-18.691689,25.994369
14.851917,-15.367045,26.002269
16.235883,-11.679985,25.994244
16.998158,-8.082007,25.991742
16.474540,-4.383700,25.999740
13.617277,-0.836470,25.997878
11.741088,1.623876,25.999332
9.874873,3.534278,25.999272
8.139871,4.876755,25.990553
6.558582,5.906140,25.991892
5.246049,6.616118,26.002245
3.853254,7.148200,26.000706
2.712422,7.489996,25.994187
1.739521,7.991147,26.000117
0.730079,8.448663,26.001877
-0.233067,8.699808,25.997476
-1.375620,7.831567,22.589754
-2.279442,7.691832,22.592755
-3.068874,7.472712,22.598270
-3.929710,7.153451,22.601449
-4.751398,6.740600,22.600935
-5.509613,6.219869,22.600073
-6.186405,5.599100,22.596934
-6.859965,4.973318,22.592514
-7.711182,4.240620,22.590570
-8.464920,3.410207,22.596988
-9.333958,2.270674,22.601451
-10.276475,0.937255,22.594841
-11.308706,-0.828811,22.592613
-12.210604,-2.988188,22.592603
-13.295910,-5.981417,22.592242
-14.800118,-10.433771,22.599219
-14.405820,-14.569644,22.600419
-12.728388,-18.382865,22.597414
-9.975002,-21.465470,22.594728
-6.355559,-23.641783,22.593413
-2.368663,-25.270047,22.593045
1.982701,-25.429615,22.599664
6.197984,-24.394828,22.596516
10.082409,-22.389860,22.592622
13.145598,-19.513664,22.602161
15.441905,-15.997421,22.600834
16.837373,-12.188085,22.592976
17.571116,-8.406677,22.592691
17.100423,-4.643964,22.595177
14.717853,-1.014675,22.591373
12.835613,1.653897,22.594467
11.199238,3.640475,22.597868
8.857899,5.068008,22.598684
7.130765,6.122104,22.594300
5.924803,7.079604,22.595367
4.223841,7.446373,22.601499
2.623095,7.455659,22.595727
1.781538,8.049430,22.601153
0.710533,8.153652,22.600406
-0.453982,7.912513,22.593915
-1.308999,7.642109,19.190718
-2.255977,7.461776,19.198056
-3.076826,7.211011,19.198109
-3.779972,6.950007,19.193411
-4.556566,6.585639,19.195616
-5.379993,6.082241,19.193970
-6.058460,5.558754,19.195355
-6.804043,4.944996,19.199441
-7.624873,4.255959,19.201185
-8.442768,3.408073,19.197057
-9.318068,2.320982,19.191400
-10.311112,0.922963,19.191652
-11.347786,-0.833797,19.198776
-12.325639,-3.086982,19.201806
-13.400364,-6.024124,19.194784
-14.804145,-10.418093,19.189266
-14.584333,-14.859083,19.198580
-13.458084,-19.707594,19.197532
-10.723554,-23.765961,19.193735
-6.754239,-25.587529,19.200330
-2.390628,-26.108641,19.199696
2.118075,-26.003783,19.190292
6.407795,-25.056323,19.190191
10.304446,-23.001703,19.194474
13.514600,-19.989546,19.191994
15.842108,-16.381483,19.197546
17.293026,-12.459917,19.202472
17.919144,-8.641672,19.195328
17.739618,-4.897100,19.188923
16.735543,-1.387889,19.195162
15.333291,1.504195,19.195558
13.554518,3.945858,19.191247
11.155950,5.721381,19.194011
9.095360,7.069889,19.201232
7.493544,8.157386,19.198643
5.522619,8.654646,19.189055
3.593774,8.664280,19.191462
2.350659,9.037287,19.190382
0.808464,8.499824,19.202110
-0.464588,7.787122,19.202174
-1.322432,8.062172,15.786893
-2.304708,7.821573,15.797423
-3.158349,7.541358,15.794977
-3.998460,7.223572,15.788083
-4.815198,6.849216,15.795017
-5.602549,6.416353,15.797159
-6.451476,5.867817,15.795710
-7.350485,5.194507,15.791916
-8.201496,4.461561,15.788758
-9.148306,3.502169,15.795449
-10.143248,2.284781,15.802800
-11.141784,0.789975,15.800445
-12.153010,-1.091393,15.801266
-13.072708,-3.378428,15.801921
-14.037758,-6.501794,15.798440
-14.937161,-10.559209,15.796560
-14.838049,-15.228619,15.798104
-14.025655,-20.737013,15.794191
-11.220668,-25.141091,15.791571
-6.926225,-26.727647,15.792769
-2.328104,-26.522846,15.790143
2.055512,-26.267222,15.798318
6.442122,-25.388345,15.794781
10.429828,-23.270495,15.790076
13.711331,-20.199980,15.803108
16.030917,-16.617482,15.799327
17.551436,-12.727299,15.793491
18.092083,-8.744276,15.794355
18.236691,-5.021080,15.795376
18.248596,-1.664891,15.794489
17.154809,1.520974,15.798966
15.523928,4.239296,15.799938
13.279843,6.408447,15.791610
11.058116,7.956438,15.793724
8.898905,9.157035,15.800852
6.626516,9.771838,15.797820
4.608051,9.912360,15.796498
2.802613,10.015938,15.790076
1.021309,9.153276,15.790038
-0.347821,8.316521,15.789607
-1.302967,9.051519,12.397373
-2.407283,8.729981,12.400585
-3.386048,8.392541,12.399095
-4.351369,8.018688,12.391282
-5.296944,7.597183,12.390944
-6.318065,7.068633,12.389676
-7.314463,6.490372,12.389791
-8.349925,5.765845,12.392720
-9.374121,4.840028,12.394726
-10.427756,3.775159,12.393105
-11.605504,2.363604,12.393414
-12.692361,0.598491,12.399846
-13.639795,-1.496717,12.399487
-14.536630,-4.116983,12.398510
-15.131636,-7.273608,12.398466
-15.196866,-10.843544,12.391424
-15.194881,-15.665319,12.388909
-14.120494,-20.924967,12.396956
-11.130481,-24.648878,12.399210
-6.890252,-26.271985,12.392549
-2.410303,-26.476061,12.390708
2.084243,-26.286992,12.397040
6.458278,-25.341863,12.399120
10.443668,-23.245100,12.396122
13.660761,-20.279968,12.397612
16.071761,-16.636291,12.400648
17.654973,-12.780192,12.393573
18.166204,-8.693881,12.386480
18.531235,-5.137368,12.389149
19.092994,-1.865555,12.396620
18.215361,1.469695,12.401175
16.790976,4.395291,12.397196
14.730185,6.836560,12.395496
12.289960,8.594801,12.395566
9.806301,9.792961,12.395078
7.370193,10.480537,12.393042
5.200033,10.744694,12.388685
3.240574,10.666898,12.396584
1.390965,10.073955,12.401836
-0.096455,9.432790,12.400431
-1.274309,10.247924,8.989117
-2.486666,9.829332,8.995218
-3.692250,9.400962,8.998281
-4.771123,8.963728,8.988290
-5.937611,8.435771,8.990966
-6.977109,7.914527,8.990649
-8.209750,7.251192,8.992976
-9.477223,6.428323,9.001495
-10.670359,5.320051,8.997426
-11.875656,4.050318,8.996177
-13.197357,2.427845,8.999740
-14.356928,0.405609,8.996726
-15.283464,-1.970158,8.993648
-16.186235,-4.909728,8.992979
-16.353916,-8.110028,8.990967
-15.572827,-11.171818,8.987823
-15.504906,-15.977623,8.999071
-14.008406,-20.640840,8.998516
-10.745070,-23.576086,8.991743
-6.669797,-25.291636,8.993423
-2.315627,-26.091463,8.991376
2.111172,-26.011377,8.991197
6.420554,-24.984376,8.993573
10.351212,-22.945074,8.996377
13.543093,-20.044102,8.998639
15.962964,-16.483813,8.999125
17.587955,-12.719154,8.994532
18.153980,-8.704221,8.994139
18.644467,-5.125862,8.997973
19.379090,-1.851872,8.998994
18.611828,1.438123,8.997261
17.244872,4.430837,8.991913
15.265865,6.998539,8.990479
12.825572,8.805114,8.991299
10.169099,9.989613,8.991936
7.708671,10.709991,8.995977
5.409840,11.071150,9.001609
3.322300,10.918054,9.002478
1.570953,10.777089,8.998492
0.070234,10.602814,8.993136
-1.247675,11.044125,5.592616
-2.567975,10.566207,5.592904
-3.879764,10.113478,5.598246
-5.061487,9.632331,5.601657
-6.330753,9.061656,5.597289
-7.577352,8.447541,5.591206
-8.915583,7.745956,5.591170
-10.289598,6.884769,5.595423
-11.565663,5.707034,5.591679
-12.904783,4.251917,5.592499
-14.332321,2.427502,5.599137
-15.499278,0.286286,5.597159
-16.442899,-2.311060,5.592471
-17.332126,-5.397815,5.594558
-17.282788,-8.670061,5.601745
-16.047351,-11.574526,5.602643
-15.652202,-16.257381,5.593537
-13.706771,-20.243897,5.591710
-10.354918,-22.565368,5.592234
-6.457762,-24.294672,5.588862
-2.314552,-25.444397,5.593336
1.966993,-25.446586,5.599700
6.155956,-24.417967,5.596238
10.086660,-22.436821,5.591273
13.304336,-19.587975,5.596831
15.711514,-16.178964,5.598889
17.356459,-12.571736,5.595670
18.049827,-8.710489,5.593146
18.554161,-5.145243,5.596427
19.203008,-1.858468,5.598171
18.461458,1.428314,5.588645
16.778210,4.355794,5.591903
14.651596,6.812675,5.599904
12.335338,8.548165,5.597729
9.689483,9.739429,5.596350
7.357711,10.447064,5.598598
5.302920,10.812039,5.592723
3.333896,10.821985,5.601020
1.704412,11.059435,5.602637
0.207938,11.279405,5.597669
-1.222717,11.377720,2.191210
-2.649396,10.907608,2.195660
-3.947771,10.502266,2.195899
-5.224311,10.014440,2.189306
-6.580689,9.421120,2.188443
-7.908697,8.771954,2.189750
-9.319396,8.023690,2.191429
-10.761510,7.111625,2.195220
-12.109311,5.890025,2.198052
-13.569707,4.286495,2.193746
-14.942491,2.472179,2.187474
-16.179522,0.161045,2.189502
-17.131738,-2.501450,2.194128
-18.006758,-5.765966,2.197042
-17.912538,-9.092118,2.194889
-16.598845,-12.150741,2.190605
-15.673646,-16.215133,2.193850
-13.409161,-19.566862,2.195555
-9.994094,-21.612810,2.192308
-6.270536,-23.271527,2.189566
-2.360576,-24.542980,2.190916
1.944642,-24.579026,2.197184
5.948307,-23.564236,2.194725
9.718284,-21.705214,2.193337
12.850671,-19.049872,2.201839
15.306206,-15.768351,2.196064
16.999315,-12.270641,2.197889
17.851391,-8.510898,2.203415
18.328966,-5.006242,2.199590
18.679389,-1.726962,2.193421
17.876882,1.495169,2.198317
15.696863,4.247175,2.201385
13.361037,6.448962,2.198099
11.177068,8.067884,2.193255
8.906280,9.140101,2.194631
6.737179,9.828054,2.197128
4.836882,10.194602,2.190020
3.153113,10.467239,2.191036
1.722628,10.974498,2.191070
0.309618,11.461408,2.189670
-1.210235,11.195029,-1.206667
-2.628725,10.859811,-1.207235
-4.021102,10.506964,-1.198244
-5.282849,10.082704,-1.204804
-6.617283,9.536759,-1.200409
-7.913823,8.909488,-1.200963
-9.367334,8.098537,-1.208129
-10.842877,7.114747,-1.207867
-12.260953,5.874002,-1.207417
-13.698486,4.330213,-1.203288
-15.095454,2.467832,-1.199442
-16.374364,0.132031,-1.204498
-17.373314,-2.564906,-1.209268
-18.174424,-5.823779,-1.209004
-18.269115,-9.339534,-1.205312
-17.280050,-12.764563,-1.203375
-15.628125,-16.193425,-1.204577
-13.006634,-18.839499,-1.204747
-9.685571,-20.691734,-1.200433
-6.123002,-22.222486,-1.198483
-2.316959,-23.467591,-1.207751
1.761468,-23.516031,-1.202814
5.664972,-22.538678,-1.198933
9.254800,-20.814045,-1.200633
12.357669,-18.291747,-1.199342
14.765990,-15.246572,-1.208840
16.493829,-11.886311,-1.213488
17.455377,-8.363341,-1.206946
17.895001,-4.950581,-1.202884
17.981136,-1.622683,-1.208335
17.119979,1.501908,-1.208669
14.661820,4.159831,-1.205226
12.375234,6.133568,-1.206643
10.354388,7.666073,-1.203726
8.261665,8.701266,-1.202712
6.265773,9.370438,-1.208087
4.427946,9.787424,-1.206492
2.929984,10.187941,-1.211231
1.563456,10.744277,-1.206827
0.194500,11.208298,-1.200514
-1.311855,10.505082,-4.607435
-2.596113,10.418071,-4.603813
-3.867424,10.215841,-4.602334
-5.217882,9.868063,-4.606775
-6.526718,9.386684,-4.608193
-7.875411,8.724918,-4.604373
-9.146827,7.926783,-4.604019
-10.436698,6.964228,-4.609227
-11.931148,5.739829,-4.606534
-13.366540,4.295691,-4.607356
-14.806383,2.422620,-4.612990
-16.110001,0.201817,-4.611572
-17.177709,-2.500597,-4.609385
-17.893384,-5.711786,-4.606061
-18.348171,-9.413460,-4.600461
-17.985758,-13.456963,-4.598000
-15.474859,-16.016920,-4.603578
-12.554436,-17.993973,-4.602235
-9.338149,-19.830172,-4.602005
-5.925794,-21.168763,-4.609177
-2.197079,-22.207223,-4.606353
1.540868,-22.226836,-4.603899
5.319818,-21.321467,-4.600641
8.716707,-19.734761,-4.598603
11.768582,-17.359472,-4.602929
14.107686,-14.557166,-4.605211
15.848692,-11.348575,-4.603468
16.859373,-8.065902,-4.600292
17.267353,-4.660326,-4.603659
17.098254,-1.439262,-4.611666
16.154187,1.551505,-4.607328
13.795744,3.987678,-4.598258
11.567215,5.877831,-4.604331
9.724289,7.333495,-4.604915
7.727424,8.387204,-4.600977
5.915439,9.049732,-4.608197
4.260403,9.503905,-4.610594
2.823373,9.938797,-4.606812
1.465589,10.265550,-4.606390
0.082200,10.459565,-4.608148
-1.275537,9.920040,-8.005025
-2.498668,10.007096,-8.003312
-3.826898,9.877666,-7.998791
-5.129092,9.602681,-8.008193
-6.387364,9.166785,-8.008412
-7.669885,8.520721,-8.006646
-8.841801,7.697173,-8.005056
-10.017137,6.706340,-8.000835
-11.377291,5.616367,-7.997819
-12.838518,4.188502,-7.999550
-14.220505,2.401583,-8.000773
-15.567931,0.224637,-7.997116
-16.612936,-2.351965,-8.004025
-17.244844,-5.405183,-8.012280
-17.811777,-9.087384,-8.010386
-17.756833,-13.246837,-8.002786
-14.948660,-15.287955,-8.001460
-11.988829,-16.977306,-8.002689
-8.964655,-18.782208,-8.005375
-5.661603,-19.955670,-8.008791
-2.249085,-20.676515,-8.009960
1.431914,-20.667467,-8.007829
4.937086,-19.869129,-8.007801
8.108203,-18.426891,-8.006123
10.996756,-16.297378,-8.000819
13.303818,-13.683855,-8.007674
14.982220,-10.749397,-8.010985
16.052170,-7.534074,-8.010296
16.394888,-4.384051,-8.008584
16.018031,-1.222353,-8.003175
14.996039,1.587727,-8.000491
12.856669,3.892692,-8.007721
10.863033,5.685519,-8.004160
9.134351,7.118040,-7.998034
7.352382,8.136078,-8.002572
5.651286,8.842991,-8.009275
4.094409,9.357203,-8.008278
2.708969,9.732832,-8.005615
1.285094,9.816309,-8.001114
-0.052400,9.796519,-7.999812
-1.313820,9.548316,-11.403130
-2.544138,9.692459,-11.403513
-3.689861,9.605564,-11.405451
-5.001394,9.356050,-11.410244
-6.176137,8.957064,-11.401547
-7.448639,8.294683,-11.395466
-8.502782,7.477721,-11.398857
-9.544656,6.494790,-11.402403
-10.868691,5.397753,-11.398207
-12.195428,4.035525,-11.401420
-13.391484,2.419024,-11.406970
-14.661910,0.401353,-11.400661
-15.688881,-2.079711,-11.401808
-16.208891,-4.850631,-11.403096
-16.546291,-8.174326,-11.399812
-16.362179,-11.879189,-11.400820
-13.905983,-14.003022,-11.401569
-11.267270,-15.732611,-11.403504
-8.471928,-17.465399,-11.405950
-5.367294,-18.472835,-11.404722
-2.148956,-18.891423,-11.399917
1.195120,-18.840510,-11.400752
4.372591,-18.196793,-11.401355
7.437483,-16.854189,-11.401638
10.095466,-14.989733,-11.407539
12.315167,-12.618107,-11.409717
13.932886,-9.917807,-11.410969
14.970442,-6.932226,-11.409701
15.257264,-3.994064,-11.408968
14.713717,-0.981400,-11.410462
13.636516,1.576711,-11.403184
11.957993,3.764607,-11.402670
10.301101,5.491277,-11.400630
8.733403,6.883136,-11.396948
7.129503,7.918098,-11.403253
5.500797,8.715447,-11.413898
4.079858,9.273822,-11.411147
2.577836,9.554222,-11.404514
1.143492,9.462576,-11.400751
-0.093535,9.370198,-11.400629
-1.331226,9.320493,-14.809156
-2.450679,9.448523,-14.807618
-3.664697,9.354903,-14.805688
-4.854853,9.118051,-14.807929
-6.080067,8.680163,-14.797898
-7.220065,8.044842,-14.793487
-8.204766,7.199794,-14.801855
-9.166502,6.197278,-14.810441
-10.266685,5.212399,-14.803299
-11.395618,3.906229,-14.804669
-12.391169,2.371919,-14.812841
-13.484256,0.501396,-14.809168
-14.408430,-1.752285,-14.807674
-14.814765,-4.224166,-14.807390
-14.703006,-6.930625,-14.804171
-14.051684,-9.718617,-14.802001
-12.541583,-12.141883,-14.808083
-10.415139,-14.212408,-14.810464
-7.916102,-15.781066,-14.805821
-5.096281,-16.658558,-14.800936
-2.066618,-16.768545,-14.800018
0.894053,-16.670475,-14.807326
3.788571,-16.181673,-14.807271
6.524035,-15.050569,-14.799860
8.996121,-13.440883,-14.801227
11.086045,-11.355860,-14.799625
12.651028,-8.856554,-14.798872
13.574054,-6.229786,-14.802863
13.813403,-3.464450,-14.805341
13.193459,-0.751860,-14.800284
11.976179,1.642647,-14.798738
10.925413,3.645824,-14.805844
9.716158,5.326210,-14.802682
8.255050,6.697782,-14.799634
6.779548,7.755810,-14.801977
5.421247,8.532970,-14.802816
4.015193,9.206971,-14.811242
2.462806,9.376502,-14.801387
1.066428,9.225282,-14.798812
-0.138137,9.141081,-14.803588
-1.330667,9.196573,-18.211313
-2.408068,9.259425,-18.208206
-3.561266,9.141926,-18.193560
-4.763745,8.865544,-18.203613
-5.843663,8.449092,-18.206520
-6.913713,7.824610,-18.205329
-7.872730,6.937217,-18.205326
-8.681117,6.000801,-18.208285
-9.644780,4.997284,-18.212051
-10.504289,3.726396,-18.203278
-11.167169,2.325364,-18.198821
-11.903056,0.712600,-18.210876
-12.722836,-1.214285,-18.210018
-13.027292,-3.417520,-18.204547
-12.613029,-5.550324,-18.204945
-11.825964,-7.642630,-18.206331
-10.952146,-10.143644,-18.206368
-9.398347,-12.285905,-18.201313
-7.137846,-13.730190,-18.201311
-4.628379,-14.460224,-18.209397
-2.022494,-14.255221,-18.207127
0.533131,-14.102934,-18.204351
3.118458,-13.786737,-18.203016
5.504370,-12.858112,-18.200278
7.751460,-11.504249,-18.199797
9.610249,-9.762197,-18.205239
11.009953,-7.631534,-18.206697
11.828621,-5.299096,-18.203033
12.011706,-2.831530,-18.201530
11.353277,-0.364736,-18.202675
10.029490,1.738794,-18.198900
9.594551,3.450226,-18.205386
8.861051,5.102281,-18.204196
7.565514,6.365038,-18.199837
6.298594,7.355275,-18.200559
4.996181,8.191297,-18.200234
3.804229,8.899698,-18.209557
2.365144,9.179856,-18.203287
1.046230,9.134177,-18.191758
-0.182610,9.081818,-18.192334
-1.295637,9.152668,-21.607134
-2.417095,9.112334,-21.611238
-3.530964,8.934148,-21.610096
-4.614309,8.628322,-21.614586
-5.708674,8.154809,-21.612767
-6.662838,7.547338,-21.600986
-7.500985,6.708883,-21.598911
-8.232191,5.759599,-21.606536
-8.991888,4.751630,-21.604139
-9.465501,3.527764,-21.607052
-9.675549,2.272272,-21.607337
-9.968106,0.983759,-21.600378
-10.730371,-0.666057,-21.601528
-10.835951,-2.314999,-21.605023
-10.310185,-3.936670,-21.606676
-9.782327,-5.706191,-21.609564
-9.282906,-8.007836,-21.608846
-8.079325,-9.895854,-21.609193
-6.241581,-11.099638,-21.609163
-4.157817,-11.749512,-21.604901
-1.908501,-11.275121,-21.604848
0.133396,-11.038706,-21.605759
2.240382,-10.924654,-21.605109
4.254316,-10.225822,-21.602925
6.180193,-9.187710,-21.600336
7.790719,-7.810113,-21.603670
9.001408,-6.062546,-21.606244
9.675816,-4.053990,-21.603921
9.773392,-1.996422,-21.600984
9.205879,0.049214,-21.601168
7.841008,1.791509,-21.603246
7.839794,3.226927,-21.604595
7.670535,4.720242,-21.603771
6.555443,5.863476,-21.601238
5.438298,6.768408,-21.600569
4.289030,7.556837,-21.601617
3.291693,8.326608,-21.602050
2.269484,8.945582,-21.603628
1.055184,9.176762,-21.599388
-0.161214,9.152534,-21.597663
-1.332851,8.852009,-25.010356
-2.387578,8.796838,-25.004596
-3.443931,8.578947,-25.002297
-4.458488,8.242189,-25.006400
-5.424132,7.777065,-25.007336
-6.313877,7.161497,-24.999922
-6.999778,6.292131,-25.001979
-7.553173,5.352511,-25.008210
-8.069516,4.412759,-25.004943
-8.076452,3.316679,-25.006070
-7.855509,2.223264,-25.009470
-7.916743,1.222604,-25.009514
-8.533281,-0.005863,-25.004995
-8.481114,-1.252035,-25.005799
-7.970304,-2.373074,-25.007442
-7.645474,-3.718682,-25.002976
-7.456250,-5.614853,-24.999817
-6.487772,-7.033044,-25.000133
-5.008667,-7.767744,-25.000611
-3.481623,-8.320443,-25.002265
-1.815258,-7.733957,-25.007547
-0.320256,-7.354131,-25.010374
1.242010,-7.409789,-25.008831
2.744193,-6.995804,-25.004632
4.211815,-6.326224,-25.000526
5.504014,-5.374687,-25.002785
6.452712,-4.135685,-25.007157
6.977963,-2.616076,-25.008591
7.009908,-1.005933,-25.009670
6.653165,0.496223,-25.010674
5.480972,1.830487,-25.002459
5.534887,2.953200,-25.004863
5.908003,4.203127,-25.006515
5.081459,5.161626,-25.002086
4.121695,5.897684,-25.006104
3.243011,6.520688,-25.001528
2.530997,7.321935,-25.001739
1.993706,8.440257,-25.009171
0.899740,8.871490,-25.013404
-0.227610,8.844594,-25.013047
-1.359757,7.919962,-28.405488
-2.250075,7.888031,-28.402820
-3.146041,7.679295,-28.397846
-4.028457,7.353520,-28.399083
-4.836726,6.926927,-28.399981
-5.557307,6.352948,-28.402925
-5.969395,5.488074,-28.403212
-6.299487,4.683352,-28.401523
-6.543304,3.849090,-28.401398
-6.097422,2.925202,-28.406265
-5.737771,2.164139,-28.411593
-5.786067,1.508314,-28.409083
-6.165746,0.700273,-28.398617
-6.022422,-0.072765,-28.404538
-5.661907,-0.766881,-28.413455
-5.475238,-1.680408,-28.410640
-5.422882,-3.020705,-28.402953
-4.639280,-3.636851,-28.403098
-3.446559,-3.365851,-28.407377
-2.617144,-3.681953,-28.405751
-1.691775,-3.536486,-28.401627
-0.890455,-2.942423,-28.401400
-0.065341,-2.968449,-28.404447
0.844674,-2.927575,-28.405226
1.679220,-2.649919,-28.401834
2.522924,-2.227273,-28.401953
3.179394,-1.593810,-28.408455
3.588958,-0.734173,-28.403523
3.632190,0.209699,-28.405496
3.476271,1.100990,-28.406915
2.961240,1.908667,-28.401536
2.463104,2.568791,-28.402927
3.307158,3.461321,-28.407686
2.905659,4.149110,-28.399721
2.209434,4.593460,-28.402042
1.629066,5.022583,-28.402149
1.313416,5.710015,-28.404028
1.462151,7.479141,-28.400549
0.517392,7.795438,-28.394935
-0.430364,7.816833,-28.396217
-0.721813,2.649624,-31.804762
