23.793615,33.081630,32.385124
18.336434,36.752519,32.385124
12.307643,39.398903,32.385124
5.628282,40.671418,32.385124
-0.937279,40.192192,32.385124
-7.171373,38.083485,32.385124
-12.701100,34.939140,32.385124
-17.381339,31.316657,32.385124
-21.464640,27.340614,32.385124
-24.986640,23.142880,32.385124
-27.951891,18.797132,32.385124
-30.414721,14.148155,32.385124
-32.168683,9.419907,32.385124
-33.145888,4.246592,32.385125
-33.007779,-0.797566,32.385124
-31.740612,-5.454584,32.385124
-29.410422,-9.929939,32.385124
-26.600098,-13.578150,32.385124
-23.301869,-16.790027,32.385124
-19.991925,-19.318131,32.385124
-16.434095,-21.483038,32.385124
-12.879352,-23.194401,32.385124
-9.183696,-24.575140,32.385124
-5.381414,-25.627579,32.385124
-1.503612,-26.352696,32.385124
2.640359,-26.762269,32.385124
6.804574,-26.802196,32.385124
11.390492,-26.406133,32.385124
16.122622,-25.477178,32.385124
21.120608,-23.834639,32.385124
26.214756,-21.275614,32.385124
30.957804,-17.729875,32.385124
35.051500,-13.152708,32.385124
38.187949,-7.616945,32.385124
40.057094,-1.306496,32.385124
40.350613,5.271088,32.385125
39.057438,11.716498,32.385124
36.508094,17.798203,32.385124
33.027367,23.410811,32.385124
29.296520,29.035723,28.976595
23.896772,33.086563,28.980245
18.386619,36.638840,28.991934
12.242220,39.327449,28.984642
5.808775,40.770947,28.978085
-0.911382,40.746936,28.993646
-7.187548,38.235846,28.992640
-12.644793,35.020439,28.982466
-17.430169,31.305348,28.987707
-21.363833,27.267866,28.988658
-24.819404,22.827304,28.977585
-27.554245,18.429240,28.989796
-29.784222,13.758959,28.988797
-31.444034,9.086010,28.985512
-32.436149,4.236388,28.984965
-32.459482,-0.722089,28.978121
-31.488112,-5.582672,28.979621
-29.727634,-9.968637,28.981181
-27.321135,-14.048331,28.982783
-24.478821,-17.533423,28.982623
-21.149356,-20.566869,28.977853
-17.802749,-23.237238,28.980626
-14.125259,-25.419924,28.983271
-9.911499,-26.986404,28.983802
-5.824785,-28.287743,28.984946
-1.548974,-29.728799,28.984798
2.908421,-29.562068,28.983145
7.643152,-29.069237,28.985255
12.326331,-28.573697,28.985447
17.358533,-27.313678,28.979747
22.590237,-25.241246,28.976963
27.671507,-22.348293,28.979395
32.535182,-18.652077,28.988829
36.701124,-13.682362,28.986527
39.825756,-7.898798,28.978703
42.195701,-1.349409,28.983900
42.287955,5.417969,28.975723
40.358101,12.118467,28.985067
37.418392,18.265912,28.993372
33.801284,24.044792,28.985286
29.405341,29.191145,25.590335
23.873255,32.877486,25.580848
18.202719,36.417364,25.576739
12.167441,39.070165,25.585033
5.611906,40.615331,25.592917
-0.989197,40.698189,25.589990
-7.146144,38.154852,25.585605
-12.515838,34.991438,25.581221
-17.388361,31.211158,25.585000
-21.341405,27.040683,25.584181
-24.626976,22.625376,25.578215
-27.185498,18.273987,25.587993
-29.255995,13.674696,25.581660
-30.885389,8.892182,25.583208
-31.864294,4.179531,25.590841
-32.015345,-0.639818,25.579217
-31.368346,-5.416612,25.575265
-29.972220,-10.024659,25.585307
-28.029399,-14.189905,25.590634
-25.346216,-18.183819,25.587123
-22.200824,-21.526562,25.588418
-18.762026,-24.573239,25.587224
-14.881443,-27.012559,25.583866
-10.625011,-28.717817,25.582269
-6.246786,-30.117266,25.582691
-1.613180,-31.458690,25.582653
3.175183,-31.398939,25.584836
8.220192,-30.874501,25.587541
13.206549,-30.192224,25.583660
18.525473,-28.748160,25.577336
23.789211,-26.471091,25.583317
28.882053,-23.381668,25.591063
33.964794,-19.397723,25.587932
38.133518,-14.280550,25.583801
41.359254,-8.142948,25.587341
43.772210,-1.470543,25.587530
43.667523,5.659170,25.578213
41.272795,12.338475,25.576776
37.955718,18.463415,25.583876
34.136544,24.284735,25.590887
29.119690,28.948086,22.191222
23.464013,32.574430,22.183550
17.914401,35.988904,22.181712
12.028495,38.599305,22.187957
5.646985,40.120432,22.186886
-1.031079,40.193177,22.178322
-7.082048,37.822047,22.183767
-12.533509,34.681593,22.181442
-17.280872,31.006041,22.185676
-21.118298,26.964474,22.185853
-24.415976,22.486770,22.177192
-26.947783,18.059749,22.187892
-28.971730,13.381955,22.184022
-30.473892,8.747977,22.177598
-31.432184,3.979393,22.179750
-31.658193,-0.653542,22.182653
-31.214351,-5.501831,22.187163
-30.160256,-10.016295,22.185887
-28.387580,-14.552378,22.183994
-26.050494,-18.555213,22.185341
-22.946169,-22.306202,22.185052
-19.498445,-25.411454,22.184630
-15.384994,-28.009341,22.179448
-10.907337,-29.916751,22.180977
-6.477206,-31.293704,22.188580
-1.494211,-32.378102,22.185566
3.364078,-32.533479,22.184924
8.456041,-32.144731,22.185789
13.724876,-31.354505,22.185370
19.319855,-29.848429,22.184706
24.627286,-27.517728,22.185644
29.940934,-24.222026,22.188079
35.159565,-19.945837,22.185112
39.468843,-14.539058,22.185695
42.676974,-8.319117,22.189049
44.829879,-1.475611,22.187080
44.439758,5.723053,22.190877
41.592901,12.546700,22.181655
37.943966,18.567609,22.177594
34.020513,24.112861,22.186335
28.447788,28.314014,18.792208
23.047350,31.923122,18.788579
17.498183,35.338024,18.786414
11.804463,37.880622,18.787282
5.430137,39.366788,18.789172
-1.044194,39.327260,18.787450
-6.964787,37.253002,18.783596
-12.473107,34.218607,18.791713
-17.076461,30.709247,18.788683
-20.955481,26.701484,18.779401
-24.146664,22.423524,18.782339
-26.793563,17.787804,18.788808
-28.706841,13.306573,18.786099
-30.166479,8.653959,18.786375
-31.064154,4.101824,18.786725
-31.371242,-0.763364,18.778512
-31.093579,-5.396870,18.781463
-30.194642,-10.189852,18.783056
-28.684242,-14.576271,18.779037
-26.399619,-18.887352,18.780133
-23.445922,-22.766505,18.791050
-19.779405,-25.975926,18.791902
-15.625412,-28.532772,18.785063
-11.170122,-30.510023,18.781294
-6.502156,-31.908946,18.782655
-1.697319,-32.725844,18.783775
3.398891,-33.073818,18.787215
8.725200,-32.816188,18.792261
14.238861,-31.986159,18.788003
19.847570,-30.518608,18.779016
25.384749,-28.112756,18.781377
30.703768,-24.799052,18.778296
35.820834,-20.416161,18.787690
40.330692,-14.822337,18.790732
43.544926,-8.620177,18.779969
45.280935,-1.397669,18.778627
44.445702,5.771135,18.779420
41.326072,12.489517,18.784362
37.450494,18.352571,18.790024
33.295755,23.707623,18.792911
27.426181,27.322123,15.382419
22.438325,31.016818,15.380418
17.173717,34.320279,15.385254
11.303694,36.950076,15.382400
5.227378,38.304224,15.378301
-0.979129,38.172242,15.385659
-6.932585,36.390752,15.390623
-12.249606,33.635851,15.381227
-16.870326,30.220725,15.378164
-20.779617,26.320192,15.383316
-23.992511,22.118472,15.383703
-26.539469,17.746500,15.382064
-28.540843,13.100535,15.390074
-29.891044,8.702443,15.386341
-30.794241,3.959398,15.379509
-31.119880,-0.628898,15.391840
-30.922518,-5.453302,15.393905
-30.195591,-9.999870,15.382306
-28.742875,-14.598531,15.378805
-26.569338,-18.921561,15.384418
-23.577569,-23.003511,15.379571
-19.891608,-26.115679,15.388859
-15.749059,-28.618052,15.393259
-11.130785,-30.677599,15.390966
-6.489024,-32.008387,15.388438
-1.484100,-32.748305,15.383271
3.565169,-33.099536,15.389016
8.845326,-32.911426,15.386485
14.313796,-32.125016,15.385321
19.877139,-30.690903,15.392356
25.600750,-28.277907,15.387151
31.078620,-24.880514,15.383296
36.017299,-20.419834,15.383675
40.434449,-15.079899,15.387814
43.858150,-8.585204,15.387947
44.916354,-1.509060,15.381173
43.538552,5.733345,15.384435
40.393088,12.123898,15.385645
36.439759,17.812545,15.384577
32.115852,22.918695,15.384200
26.143420,26.055562,11.981033
21.507502,29.976537,11.986871
16.592081,33.127422,11.982568
11.038280,35.629263,11.982565
5.126520,36.951240,11.984796
-0.957189,36.768408,11.981039
-6.642544,35.383403,11.984409
-11.926523,32.885585,11.988201
-16.533140,29.653135,11.991043
-20.456965,25.948607,11.992731
-23.695971,21.915116,11.989486
-26.369787,17.487522,11.982483
-28.278124,13.167426,11.990272
-29.713474,8.433010,11.989450
-30.517689,4.007890,11.983955
-30.859100,-0.701805,11.992321
-30.691803,-5.420109,11.986054
-29.974753,-10.092617,11.980300
-28.573539,-14.595125,11.982787
-26.461949,-18.830240,11.987662
-23.533014,-22.820934,11.990335
-19.731611,-25.974816,11.991085
-15.665050,-28.402082,11.990467
-11.139651,-30.382215,11.991863
-6.368487,-31.701758,11.990929
-1.475285,-32.427793,11.983566
3.464957,-32.654272,11.989079
8.635669,-32.462535,11.989442
13.974736,-31.696274,11.986634
19.394612,-30.198980,11.988807
24.997004,-27.858799,11.985924
30.370626,-24.552350,11.984907
35.251568,-19.943870,11.984613
39.636591,-14.725602,11.987322
42.953336,-8.418852,11.987852
43.368719,-1.406315,11.981691
41.668878,5.361909,11.983818
38.632908,11.641165,11.985254
34.911434,16.986955,11.982316
30.548149,21.841111,11.979078
24.732310,24.643332,8.584528
20.664433,28.535838,8.587953
15.804621,31.739536,8.582123
10.432837,34.131946,8.584200
4.754935,35.365234,8.587620
-0.891686,35.192418,8.580208
-6.625779,34.050961,8.577620
-11.584408,31.906710,8.582728
-16.118942,28.935249,8.581765
-20.169421,25.353952,8.583488
-23.393332,21.559975,8.591341
-26.063859,17.359402,8.584316
-28.047188,13.029773,8.585495
-29.426086,8.474092,8.582961
-30.233649,3.781326,8.578300
-30.535470,-0.752315,8.585491
-30.360370,-5.292601,8.585247
-29.617485,-9.998213,8.581130
-28.264892,-14.333454,8.583644
-26.113632,-18.587514,8.585843
-23.225875,-22.377358,8.577986
-19.404239,-25.556706,8.586404
-15.300119,-27.992082,8.582480
-10.914141,-29.820645,8.580189
-6.303021,-31.028124,8.590769
-1.593279,-31.722094,8.589340
3.377447,-31.785960,8.587486
8.355903,-31.499398,8.586794
13.464821,-30.637670,8.586109
18.615670,-28.961852,8.587014
23.945364,-26.572091,8.588480
28.857514,-23.383668,8.584137
33.270915,-18.974385,8.580950
37.404697,-13.862257,8.585941
40.309820,-7.919216,8.588777
40.371835,-1.364190,8.581450
38.768976,4.929405,8.580452
36.220528,10.911502,8.580288
32.938619,15.965652,8.579727
28.892310,20.476359,8.580870
23.311923,23.206738,5.187452
19.423214,27.149151,5.180477
15.006071,30.090633,5.183857
9.910776,32.349978,5.181012
4.540845,33.554847,5.180981
-1.013863,33.486747,5.190498
-6.277521,32.627460,5.184842
-11.239876,30.708617,5.190454
-15.807874,27.941528,5.187737
-19.612526,24.827143,5.179734
-23.065043,21.038588,5.181146
-25.695783,17.125409,5.180222
-27.733905,12.870319,5.182231
-29.089106,8.357826,5.181040
-29.832311,3.699273,5.181423
-30.098755,-0.801094,5.188553
-29.866995,-5.304428,5.184191
-29.098831,-9.749286,5.181369
-27.721986,-14.045554,5.183750
-25.532905,-18.222031,5.184265
-22.556472,-21.882631,5.181114
-18.946090,-24.914141,5.183422
-15.074686,-27.238591,5.184474
-10.706681,-28.998109,5.183659
-6.117849,-30.101667,5.185376
-1.643132,-30.663705,5.188996
3.064249,-30.600495,5.191084
7.972650,-30.129062,5.187001
12.758163,-29.052759,5.186250
17.343515,-27.246201,5.189280
22.073330,-24.794934,5.184616
26.540147,-21.520573,5.184686
30.312966,-17.484241,5.185891
33.534178,-12.702729,5.184638
35.718445,-7.194150,5.185751
36.137062,-1.247124,5.188783
35.215961,4.415307,5.181883
33.453394,9.901858,5.179507
30.684186,14.872357,5.184106
27.004259,19.281389,5.188949
21.891366,21.764202,1.786590
18.265366,25.501267,1.785606
13.952217,28.378966,1.788381
9.153143,30.469730,1.785240
4.098662,31.612164,1.782083
-0.927265,31.685689,1.786570
-6.087138,30.983993,1.788426
-10.814985,29.341411,1.782669
-15.220595,26.933315,1.787418
-19.078004,24.049050,1.791959
-22.462384,20.616767,1.784884
-25.271183,16.700993,1.786874
-27.338692,12.555521,1.782310
-28.636325,8.121823,1.776371
-29.267365,3.727834,1.780056
-29.502725,-0.697229,1.788090
-29.215578,-5.120979,1.784703
-28.382064,-9.474665,1.787629
-26.970019,-13.683627,1.788431
-24.748272,-17.735856,1.783682
-21.858823,-21.102906,1.788980
-18.351086,-24.126400,1.784652
-14.556909,-26.415562,1.778307
-10.418750,-28.011382,1.777758
-6.087538,-28.965241,1.783722
-1.479989,-29.378082,1.790188
2.946321,-29.199429,1.781568
7.342129,-28.565681,1.783283
11.772549,-27.271310,1.790278
15.962886,-25.292311,1.787449
20.048873,-22.740741,1.785602
23.685578,-19.593226,1.786196
27.000339,-15.786769,1.784211
29.287874,-11.166222,1.784942
30.611619,-6.298682,1.785857
31.693787,-1.221929,1.780931
31.619500,3.979731,1.781914
30.535712,9.099396,1.784649
28.362960,13.773750,1.786527
25.253515,17.956535,1.787300
20.467652,20.320300,-1.612957
17.023849,23.803470,-1.607832
12.957534,26.509376,-1.615998
8.615530,28.395929,-1.621570
3.865768,29.541747,-1.621213
-1.033503,29.769360,-1.620012
-5.721260,29.236005,-1.615557
-10.398265,27.798057,-1.618079
-14.632112,25.709795,-1.616199
-18.518001,23.039831,-1.614235
-21.818617,19.929780,-1.618696
-24.579223,16.333144,-1.616111
-26.709105,12.318350,-1.611638
-27.976997,7.977075,-1.615288
-28.524720,3.649671,-1.616573
-28.716999,-0.695952,-1.607370
-28.352399,-5.032963,-1.613447
-27.427118,-9.284422,-1.620425
-26.025445,-13.223135,-1.616876
-23.886713,-17.005285,-1.612354
-20.993850,-20.260882,-1.619077
-17.738362,-23.164482,-1.618776
-14.038036,-25.436257,-1.609077
-9.947313,-26.951563,-1.611421
-5.856469,-27.756081,-1.623484
-1.509559,-27.979734,-1.619728
2.656635,-27.747873,-1.619530
6.932994,-26.935667,-1.615749
10.855111,-25.521771,-1.611802
14.691991,-23.457392,-1.613141
18.221165,-20.910268,-1.613487
21.432308,-17.725869,-1.615978
24.180559,-14.292620,-1.614282
25.927465,-10.173109,-1.609642
26.928761,-5.725393,-1.611182
28.204950,-1.194490,-1.618519
28.573690,3.506501,-1.616402
27.940278,8.201349,-1.614836
26.168148,12.727597,-1.616084
23.547385,16.663496,-1.616446
19.035374,18.871840,-5.020007
15.732945,22.086887,-5.015780
12.048477,24.554169,-5.008060
7.811241,26.383592,-5.014848
3.501090,27.443827,-5.019511
-1.096357,27.791456,-5.009759
-5.515660,27.357668,-5.011067
-9.795966,26.183678,-5.013441
-13.854592,24.382163,-5.017661
-17.615405,22.022718,-5.021405
-20.966633,19.112251,-5.016922
-23.772407,15.673738,-5.008117
-25.925018,11.776286,-5.016874
-27.101451,7.689337,-5.024650
-27.578310,3.435908,-5.018799
-27.713658,-0.825872,-5.011544
-27.283147,-4.900066,-5.014985
-26.327094,-8.882491,-5.018646
-24.882735,-12.727084,-5.015750
-22.815930,-16.254286,-5.011638
-19.947222,-19.417144,-5.012045
-16.920800,-22.196667,-5.007577
-13.447821,-24.335617,-5.011847
-9.578758,-25.738907,-5.018156
-5.555589,-26.472435,-5.015698
-1.458341,-26.525054,-5.012595
2.465355,-26.262509,-5.011747
6.457036,-25.379220,-5.014120
10.100067,-23.899334,-5.014545
13.655857,-21.864881,-5.015127
16.769110,-19.471475,-5.021075
19.618013,-16.537697,-5.017885
22.115123,-13.253773,-5.012018
23.783974,-9.367550,-5.015341
24.753620,-5.367898,-5.020029
25.811951,-1.240292,-5.013922
26.178466,3.182707,-5.010064
25.688821,7.436442,-5.015729
24.147134,11.758179,-5.022047
21.789211,15.542707,-5.022306
17.493260,17.545086,-8.415687
14.450196,20.382992,-8.415614
10.980816,22.682712,-8.416626
7.158980,24.332182,-8.411952
3.120085,25.355169,-8.413400
-1.022118,25.757170,-8.421253
-5.174163,25.438801,-8.412917
-9.367804,24.388625,-8.407463
-13.207833,22.781227,-8.410789
-16.784904,20.648204,-8.413472
-19.992804,17.996523,-8.413486
-22.692353,14.828448,-8.419216
-24.783449,11.212186,-8.420107
-25.970164,7.239466,-8.416841
-26.411553,3.247892,-8.412029
-26.499988,-0.749978,-8.408876
-26.011290,-4.721731,-8.416529
-25.043261,-8.438736,-8.420752
-23.639768,-12.025315,-8.414845
-21.587631,-15.450442,-8.405364
-18.999837,-18.292107,-8.405818
-16.082447,-21.053751,-8.416898
-12.845346,-23.080341,-8.413020
-9.210245,-24.398100,-8.408809
-5.276978,-25.072855,-8.416843
-1.595208,-25.000118,-8.413940
2.247071,-24.719319,-8.414130
5.968712,-23.829582,-8.410665
9.359219,-22.364738,-8.409531
12.546829,-20.528752,-8.415965
15.590050,-18.182409,-8.418175
18.267549,-15.429207,-8.414340
20.530260,-12.313092,-8.418285
22.148396,-8.840757,-8.419968
23.205100,-5.137521,-8.415571
23.967220,-1.212260,-8.414653
24.136988,2.786044,-8.411658
23.603299,6.921510,-8.410838
22.295201,10.696262,-8.412512
20.163923,14.298670,-8.414649
16.046013,16.072296,-11.820669
13.187200,18.686329,-11.808484
10.080922,20.747965,-11.808267
6.529335,22.289832,-11.809788
2.771296,23.256601,-11.811531
-1.078361,23.681629,-11.817387
-4.947442,23.438941,-11.818098
-8.719849,22.548406,-11.810048
-12.309699,21.090195,-11.813800
-15.662616,19.143026,-11.821648
-18.695707,16.732145,-11.816527
-21.272606,13.837268,-11.810862
-23.274899,10.509227,-11.816639
-24.505755,6.843038,-11.824273
-25.033310,2.995469,-11.822453
-25.072801,-0.728592,-11.813295
-24.568369,-4.420322,-11.807795
-23.572345,-8.007968,-11.815033
-22.214079,-11.327039,-11.817845
-20.278889,-14.500118,-11.814718
-17.765283,-17.251681,-11.821082
-15.191371,-19.759260,-11.810148
-12.064758,-21.730291,-11.813244
-8.666683,-22.940148,-11.821101
-5.153420,-23.537639,-11.813230
-1.431490,-23.368805,-11.810256
1.997657,-23.096489,-11.815867
5.446198,-22.230951,-11.823256
8.591939,-20.831423,-11.817909
11.570633,-19.147623,-11.809258
14.420461,-16.985135,-11.817309
16.950481,-14.452290,-11.810571
19.017191,-11.540519,-11.808178
20.665171,-8.355292,-11.814818
21.839283,-4.827455,-11.816763
22.285050,-1.273700,-11.813563
22.226397,2.451533,-11.820629
21.619791,6.280739,-11.822320
20.383118,9.796018,-11.822748
18.509120,13.043218,-11.825212
14.563139,14.564263,-15.208229
11.912627,16.950731,-15.213709
9.047419,18.841274,-15.215368
5.776232,20.256395,-15.209446
2.449439,21.106942,-15.211655
-1.093655,21.518431,-15.219647
-4.659073,21.360366,-15.211472
-8.130290,20.540638,-15.217245
-11.301183,19.227339,-15.218282
-14.384542,17.432363,-15.212349
-17.190419,15.228861,-15.210571
-19.594330,12.589992,-15.208364
-21.459855,9.551769,-15.217507
-22.777912,6.227851,-15.217895
-23.460841,2.730894,-15.211626
-23.429674,-0.839771,-15.216602
-22.895327,-4.229993,-15.215127
-21.926920,-7.515285,-15.220147
-20.638055,-10.555882,-15.218433
-18.845398,-13.470222,-15.209727
-16.537583,-16.007999,-15.218064
-14.178462,-18.328855,-15.220322
-11.316413,-20.165871,-15.215486
-8.057476,-21.328758,-15.214786
-4.819788,-21.848799,-15.218152
-1.534439,-21.641155,-15.215773
1.760259,-21.363759,-15.215412
4.926898,-20.548112,-15.210796
7.816292,-19.240016,-15.207190
10.566204,-17.706062,-15.212939
13.210597,-15.743349,-15.219919
15.575247,-13.442114,-15.211935
17.451884,-10.755208,-15.208555
19.088832,-7.870429,-15.216103
20.343748,-4.562510,-15.222670
20.545254,-1.121101,-15.217894
20.286209,2.298676,-15.210254
19.632266,5.663520,-15.208818
18.455621,8.893268,-15.208559
16.736090,11.887013,-15.206955
13.001617,12.977342,-18.612454
10.604764,15.145006,-18.618806
8.007478,16.854986,-18.617138
5.159991,18.097447,-18.610543
2.025763,18.890686,-18.607204
-1.063807,19.239723,-18.612905
-4.295704,19.141795,-18.621554
-7.438434,18.391509,-18.613439
-10.284783,17.138047,-18.607520
-13.039803,15.447804,-18.608185
-15.470920,13.510677,-18.610410
-17.658126,11.126126,-18.617243
-19.357093,8.390326,-18.613322
-20.744067,5.580637,-18.609986
-21.668676,2.382497,-18.614355
-21.571670,-0.863028,-18.619012
-21.032379,-3.928461,-18.620769
-20.126854,-6.892639,-18.614192
-18.876229,-9.748053,-18.610338
-17.231310,-12.376008,-18.614839
-15.237366,-14.594338,-18.615382
-13.011729,-16.785621,-18.609418
-10.417819,-18.450381,-18.605815
-7.464926,-19.501200,-18.611864
-4.529493,-19.969860,-18.617910
-1.430462,-19.758889,-18.611229
1.430450,-19.505584,-18.614376
4.296500,-18.762769,-18.618451
6.913178,-17.573098,-18.617671
9.524448,-16.144286,-18.617134
11.934114,-14.384410,-18.615842
14.094126,-12.314360,-18.612307
15.774736,-9.872590,-18.611969
17.332693,-7.291199,-18.609747
18.562694,-4.349651,-18.610192
18.604291,-1.217294,-18.620080
18.237300,1.870124,-18.618892
17.581317,4.902650,-18.613144
16.502038,7.826032,-18.609049
14.955477,10.543564,-18.608452
11.261835,11.366785,-22.009730
9.232685,13.228007,-22.018436
6.933061,14.743889,-22.011416
4.301703,15.878414,-22.015607
1.625403,16.514193,-22.020097
-1.118402,16.794636,-22.011588
-3.982093,16.738099,-22.010244
-6.643626,16.041535,-22.019059
-9.125391,14.836187,-22.021393
-11.516054,13.263720,-22.018755
-13.646018,11.515222,-22.018227
-15.508373,9.481292,-22.014833
-16.944784,7.150640,-22.015107
-18.431343,4.785660,-22.018386
-19.601850,2.115677,-22.017629
-19.481338,-0.774762,-22.011377
-18.936606,-3.598685,-22.011103
-18.062798,-6.310767,-22.009752
-16.914346,-8.825196,-22.011524
-15.514488,-11.060855,-22.019078
-13.691059,-13.122588,-22.022360
-11.702273,-15.044961,-22.013817
-9.397160,-16.516377,-22.007452
-6.785551,-17.450328,-22.008495
-4.181989,-17.866153,-22.012482
-1.436350,-17.694927,-22.019958
1.207463,-17.448915,-22.022462
3.639148,-16.809501,-22.017951
6.059413,-15.713491,-22.011224
8.285653,-14.516457,-22.007727
10.434532,-12.977761,-22.007608
12.369557,-11.162744,-22.012458
13.925117,-8.915297,-22.011196
15.395661,-6.546347,-22.010097
16.481066,-3.951996,-22.012983
16.408703,-1.169632,-22.013365
15.986315,1.552299,-22.017696
15.348032,4.225472,-22.020948
14.364474,6.805522,-22.016567
12.987038,9.207100,-22.008731
9.445805,9.500077,-25.410535
7.673451,11.194961,-25.412470
5.692807,12.472763,-25.414522
3.520692,13.413931,-25.416402
1.227427,13.923386,-25.418490
-1.133424,14.096937,-25.419983
-3.585095,14.058834,-25.418801
-5.847894,13.400970,-25.415080
-7.923465,12.267381,-25.417378
-9.768071,10.958617,-25.418255
-11.580328,9.445253,-25.411164
-13.114803,7.774336,-25.407813
-14.330425,5.765286,-25.419220
-15.838886,3.894428,-25.417152
-17.219872,1.656925,-25.408116
-17.031898,-0.844014,-25.420692
-16.512416,-3.259984,-25.419394
-15.734259,-5.564707,-25.412376
-14.723760,-7.708941,-25.410704
-13.475160,-9.704499,-25.413931
-11.925533,-11.482694,-25.416823
-10.259379,-13.027441,-25.414750
-8.273860,-14.284019,-25.412944
-6.047835,-15.094039,-25.414063
-3.720851,-15.464229,-25.416513
-1.460594,-15.378758,-25.420529
0.804337,-15.170379,-25.420216
2.979547,-14.597303,-25.414298
5.054615,-13.665323,-25.407917
6.967064,-12.648826,-25.408257
8.810887,-11.335626,-25.416332
10.542302,-9.721003,-25.418754
11.825291,-7.876869,-25.411067
13.077827,-5.841550,-25.413233
14.022157,-3.526489,-25.419070
13.897514,-1.143545,-25.409547
13.476519,1.177688,-25.417787
12.904177,3.462728,-25.420997
12.044137,5.661230,-25.416748
10.849062,7.706141,-25.412231
7.318802,7.422441,-28.813280
5.940075,8.837119,-28.813193
4.337455,9.855721,-28.813273
2.581751,10.626387,-28.814264
0.729389,10.969114,-28.817824
-1.185144,11.024098,-28.817939
-3.083573,11.001762,-28.813223
-4.885337,10.401179,-28.819390
-6.518240,9.410055,-28.820636
-7.972976,8.313275,-28.817170
-9.305447,7.174824,-28.815079
-10.538041,5.824615,-28.813647
-11.436426,4.322579,-28.815566
-12.863954,2.901174,-28.813393
-14.315450,1.213034,-28.809689
-14.122577,-0.899711,-28.814489
-13.653567,-2.843696,-28.814900
-12.985079,-4.680157,-28.816220
-12.138896,-6.395718,-28.817916
-11.140492,-8.011687,-28.817680
-9.920314,-9.472181,-28.818561
-8.479765,-10.715193,-28.818071
-6.849002,-11.699817,-28.813963
-5.137467,-12.334761,-28.811503
-3.256852,-12.630991,-28.816032
-1.432134,-12.655181,-28.820288
0.393180,-12.504180,-28.815852
2.151558,-12.041386,-28.809615
3.828377,-11.303931,-28.811757
5.444024,-10.457996,-28.817600
6.939317,-9.411259,-28.813886
8.342554,-8.116587,-28.810670
9.427141,-6.571623,-28.811352
10.397817,-4.906214,-28.814854
11.057811,-3.076070,-28.819825
10.913342,-1.083899,-28.821016
10.558296,0.783732,-28.815651
10.092799,2.627920,-28.816851
9.409298,4.316214,-28.818049
8.429342,5.952076,-28.815503
4.645304,4.865690,-32.219806
3.793102,5.870176,-32.218323
2.669308,6.572694,-32.211632
1.444440,7.137825,-32.211698
0.100663,7.264272,-32.215476
-1.240315,7.205195,-32.215728
-2.505370,7.183666,-32.214574
-3.734962,6.679679,-32.216301
-4.746741,5.986205,-32.212021
-5.695514,5.224857,-32.210820
-6.616272,4.420053,-32.214292
-7.399112,3.553048,-32.215109
-8.027287,2.494468,-32.218913
-9.150614,1.656285,-32.219268
-10.524457,0.556971,-32.214319
-10.367703,-0.880710,-32.215610
-9.973460,-2.289554,-32.218764
-9.464216,-3.546003,-32.220343
-8.842990,-4.727492,-32.216974
-8.152628,-5.859229,-32.212291
-7.339984,-6.915018,-32.216243
-6.299350,-7.721654,-32.213214
-5.119205,-8.354076,-32.213298
-3.937292,-8.810825,-32.219141
-2.624408,-9.008494,-32.213943
-1.355675,-9.159677,-32.213743
-0.088535,-9.097576,-32.211807
1.142287,-8.757037,-32.210410
2.319948,-8.271753,-32.214341
3.461996,-7.708312,-32.215943
4.558313,-6.962176,-32.211852
5.537838,-6.062939,-32.208720
6.349742,-4.952887,-32.213580
6.926437,-3.748896,-32.218860
7.223522,-2.408481,-32.217166
7.129301,-1.080603,-32.214950
6.882443,0.222127,-32.218452
6.586945,1.519133,-32.216696
6.098490,2.679534,-32.215463
5.383520,3.801831,-32.217485
-0.835824,-1.098715,-35.614876
16.580554,23.843075,32.385124
13.303040,26.853266,32.385124
9.338818,29.190746,32.385124
4.893863,30.344512,32.385124
0.154045,30.104831,32.385124
-4.113704,28.839855,32.385124
-8.128633,26.920413,32.385124
-11.654726,24.709165,32.385124
-14.935251,22.148519,32.385124
-17.807281,19.337293,32.385124
-20.175036,16.267473,32.385124
-21.920679,12.640983,32.385124
-22.616911,8.827573,32.385124
-22.255815,4.962926,32.385124
-21.050784,1.428047,32.385124
-19.377776,-1.583881,32.385124
-17.399984,-4.226653,32.385124
-15.451036,-6.333691,32.385124
-13.440467,-8.175340,32.385124
-11.415564,-9.778716,32.385124
-9.289090,-11.244735,32.385124
-7.197716,-12.500302,32.385124
-5.033315,-13.625476,32.385124
-2.666686,-14.660001,32.385124
-0.225105,-15.502967,32.385124
2.569703,-16.157771,32.385124
5.572388,-16.432207,32.385124
8.576771,-16.144125,32.385124
11.564285,-15.118736,32.385124
14.315806,-13.288494,32.385124
16.551613,-11.056865,32.385124
18.520030,-8.406865,32.385124
20.163518,-5.544175,32.385124
21.572904,-2.401358,32.385124
22.745280,1.140819,32.385124
23.455285,4.805504,32.385124
23.575187,8.680470,32.385124
22.900331,12.789804,32.385124
21.497286,16.582361,32.385124
21.453281,22.438428,29.381922
17.502972,24.900352,29.381397
13.394233,27.178375,29.385147
9.224792,28.860133,29.386048
4.732770,29.433725,29.387050
0.249730,28.872407,29.389622
-3.995813,27.332963,29.380759
-7.650251,25.252632,29.384795
-10.737989,22.882018,29.387485
-13.474067,20.114385,29.381141
-15.610783,17.240354,29.379323
-17.335343,14.102163,29.387454
-18.522796,10.887508,29.385666
-19.120732,7.674038,29.383312
-19.124703,4.555770,29.380905
-18.526414,1.499872,29.377133
-17.451770,-1.252755,29.386584
-16.344150,-3.833978,29.383462
-15.027461,-6.120864,29.385593
-13.794832,-8.467381,29.390062
-12.673892,-11.185892,29.379957
-10.585801,-13.043687,29.384154
-8.535934,-14.988815,29.388737
-6.225166,-17.029241,29.386108
-3.392316,-18.706858,29.382104
-0.301579,-20.170934,29.384222
3.196207,-20.902614,29.386311
6.942372,-21.105556,29.383234
10.962136,-20.733134,29.380050
14.868458,-19.640211,29.382840
18.652208,-17.807317,29.388247
22.100779,-15.145691,29.388929
25.125859,-11.772766,29.383869
27.389051,-7.890177,29.382245
29.309854,-3.611327,29.384345
31.067643,1.040832,29.383536
30.960632,5.885500,29.387005
29.047159,10.462761,29.390276
26.763061,14.620256,29.389458
24.481770,18.805056,29.385697
22.344782,23.320386,26.388557
17.660603,25.144170,26.384031
13.183451,26.743957,26.386846
8.784612,27.844914,26.388640
4.373544,27.916626,26.384455
0.215947,27.118428,26.383095
-3.698413,25.503227,26.389589
-6.998498,23.405748,26.393554
-9.806281,20.928752,26.385284
-12.114060,18.186567,26.381391
-13.827406,15.417687,26.390574
-15.115274,12.427325,26.388883
-15.992760,9.630743,26.381152
-16.588453,6.760340,26.381302
-16.758115,4.160948,26.383848
-16.454678,1.408837,26.382439
-15.857236,-1.125361,26.386518
-15.434026,-3.536656,26.382688
-14.698489,-6.018323,26.384471
-13.926902,-8.518399,26.390827
-13.252060,-11.686545,26.384203
-11.369290,-13.909996,26.380761
-9.221860,-16.410108,26.380704
-6.868789,-18.830140,26.384682
-3.716747,-20.910518,26.390901
-0.234023,-22.665703,26.390433
3.725834,-23.584083,26.380793
7.800392,-23.880925,26.382404
12.337590,-23.575814,26.389859
16.949385,-22.518644,26.388467
21.474608,-20.679397,26.384146
25.760618,-17.723532,26.387782
29.275589,-14.067031,26.385594
31.995691,-9.470212,26.382061
34.055552,-4.474058,26.382692
35.736162,0.961170,26.382612
35.079790,6.487755,26.386595
32.088458,11.481783,26.382937
28.927309,15.759766,26.381135
26.063930,19.882477,26.385998
21.824364,22.808107,23.383700
17.065321,24.392386,23.389639
12.628011,25.499102,23.385224
8.304944,26.074859,23.384748
4.080424,25.826941,23.386359
0.133641,24.890884,23.380263
-3.277368,23.371457,23.381998
-6.380035,21.290670,23.389405
-8.858299,18.953313,23.389924
-10.865864,16.398562,23.383521
-12.329248,13.871047,23.379006
-13.408778,11.157019,23.378766
-14.189469,8.681342,23.379415
-14.822578,6.159108,23.387114
-15.088238,3.744876,23.390592
-14.967730,1.472673,23.382989
-14.735542,-0.950373,23.379807
-14.741254,-3.390495,23.385036
-14.439876,-5.946916,23.388564
-13.892601,-8.503994,23.383944
-13.262790,-11.676836,23.378631
-11.633943,-14.280172,23.387988
-9.570734,-17.035456,23.387865
-6.996219,-19.688054,23.383571
-3.879858,-21.788951,23.384675
-0.243731,-23.578066,23.381385
3.848358,-24.592322,23.380162
8.223242,-24.992782,23.382884
12.916107,-24.765813,23.383173
17.853244,-23.754133,23.379757
22.703237,-21.894851,23.381425
27.168911,-18.940707,23.388320
31.020651,-14.957093,23.385069
33.833171,-10.053150,23.380715
35.712165,-4.659587,23.383324
36.792154,0.911595,23.383998
35.764945,6.690465,23.383297
32.683036,11.601975,23.383394
29.211263,15.819803,23.382518
25.867172,19.726098,23.381169
19.820290,20.831919,20.388733
15.699297,22.565850,20.383456
11.477757,23.468779,20.387883
7.474776,23.617019,20.386486
3.640801,23.205213,20.379064
0.202820,22.345904,20.379523
-3.030223,20.892952,20.384849
-5.719565,19.087667,20.387381
-7.861918,17.095580,20.383801
-9.717843,14.826411,20.384133
-11.103229,12.604728,20.389785
-12.151924,10.204783,20.385412
-12.949734,8.036145,20.384930
-13.636443,5.825462,20.383233
-14.003002,3.704680,20.380021
-14.049143,1.391139,20.382127
-14.069412,-0.765729,20.388126
-14.283189,-3.224952,20.390602
-14.236264,-5.830938,20.383824
-13.751651,-8.416979,20.378271
-12.935974,-11.385279,20.383329
-11.578809,-14.321988,20.383769
-9.661426,-17.128626,20.387572
-7.017386,-19.702536,20.391610
-3.913229,-21.731593,20.390190
-0.258779,-23.371771,20.386865
3.788397,-24.328838,20.382205
8.093249,-24.706614,20.380957
12.705202,-24.469778,20.382732
17.539327,-23.464393,20.385000
22.409609,-21.529879,20.386740
26.718258,-18.546326,20.385924
30.338321,-14.527127,20.385875
32.840295,-9.762625,20.383813
34.244068,-4.534953,20.382497
34.611513,0.999951,20.386090
33.429113,6.274167,20.384073
30.804101,10.974289,20.385616
27.384340,14.990571,20.390105
23.817902,18.214265,20.391750
16.646323,17.703756,17.389510
13.613133,19.764516,17.388158
10.002275,20.642982,17.381404
6.456790,20.580096,17.385309
3.130136,20.230800,17.389450
0.128035,19.539260,17.382030
-2.588503,18.417592,17.383491
-4.984950,16.967668,17.382789
-7.026557,15.268169,17.380535
-8.744085,13.421945,17.381227
-10.154364,11.508072,17.384465
-11.239011,9.549820,17.386946
-12.137098,7.652100,17.384447
-12.934264,5.559687,17.383364
-13.429497,3.521539,17.386053
-13.680950,1.436760,17.387637
-13.846505,-0.795737,17.386112
-14.037412,-3.164158,17.385160
-14.056186,-5.691159,17.384311
-13.544785,-8.290783,17.386481
-12.516405,-10.897883,17.390940
-11.372777,-14.064994,17.380372
-9.540412,-16.853775,17.380363
-6.902751,-19.188768,17.382028
-3.786317,-21.056149,17.381007
-0.249806,-22.393660,17.389834
3.598523,-23.129594,17.386303
7.654929,-23.331950,17.385881
11.972765,-22.939194,17.390084
16.451807,-21.795877,17.387193
20.651893,-19.870908,17.380919
24.516040,-16.855790,17.387415
27.450354,-13.102311,17.388746
29.450206,-8.626547,17.387393
30.289794,-3.795149,17.387919
29.976879,0.957122,17.384799
28.716263,5.533056,17.384728
26.786909,9.789376,17.387372
23.838045,13.203581,17.389467
20.073039,15.621359,17.389757
13.176792,14.289197,14.385176
11.036115,16.360827,14.385758
8.200105,17.247092,14.383720
5.309202,17.252710,14.387477
2.635647,17.131038,14.388155
0.086721,16.745678,14.380545
-2.245858,15.988884,14.384990
-4.344316,14.973422,14.387777
-6.282080,13.683578,14.389917
-7.866152,12.326556,14.390220
-9.386354,10.727873,14.388754
-10.647571,9.068983,14.392571
-11.684470,7.400964,14.386343
-12.545735,5.507178,14.383178
-13.208111,3.527579,14.384486
-13.748626,1.389604,14.381076
-13.975208,-0.806770,14.385122
-13.965824,-3.130404,14.390871
-13.875520,-5.602904,14.386204
-13.292308,-8.203914,14.377293
-12.134719,-10.515784,14.378584
-11.068948,-13.663852,14.378857
-9.216819,-16.358837,14.383480
-6.675196,-18.353152,14.382566
-3.639360,-19.926724,14.381251
-0.214687,-20.900571,14.391287
3.320234,-21.291116,14.384505
6.999246,-21.186373,14.385155
10.857988,-20.490591,14.386481
14.560133,-19.174169,14.382377
18.064393,-17.148246,14.387472
20.972368,-14.328835,14.387208
23.165115,-10.782518,14.384046
24.472263,-6.938429,14.382163
24.778216,-2.908172,14.384287
23.970666,1.064181,14.387658
22.699129,4.625931,14.382382
21.517369,8.075243,14.385383
19.313856,10.907630,14.390156
15.881512,12.648226,14.387333
10.065347,11.232309,11.386440
8.486880,12.809641,11.385227
6.421569,13.728566,11.386296
4.193849,14.044923,11.387929
2.108781,14.236713,11.387850
0.107503,14.223819,11.386153
-1.962212,13.840922,11.382818
-3.768289,13.262797,11.381912
-5.584514,12.428236,11.384248
-7.278204,11.364491,11.387139
-8.771406,10.198160,11.385082
-10.237875,8.838688,11.378409
-11.492369,7.276931,11.387061
-12.457375,5.412079,11.393051
-13.272381,3.466208,11.389695
-14.057848,1.403510,11.387824
-14.309488,-0.798063,11.383804
-14.019147,-3.090972,11.387102
-13.700096,-5.508349,11.391638
-13.088206,-8.030988,11.386924
-11.868423,-10.258491,11.379476
-10.756660,-13.117486,11.385182
-8.879150,-15.601850,11.385645
-6.327947,-17.358219,11.384919
-3.424215,-18.560069,11.388116
-0.200039,-19.098935,11.387423
2.959858,-19.102943,11.389461
6.185882,-18.612504,11.386057
9.388841,-17.570619,11.384711
12.281410,-16.051907,11.386304
14.915250,-13.949489,11.381719
16.953888,-11.263477,11.383127
18.284223,-8.289612,11.386350
19.043065,-5.091131,11.384534
18.945833,-1.850767,11.382394
17.825697,1.116100,11.386702
16.597133,3.789783,11.388038
15.992315,6.312142,11.385235
14.678451,8.588354,11.383449
12.146103,9.979376,11.385513
7.648596,8.862293,8.381228
6.306217,9.810743,8.381277
4.846409,10.721066,8.387093
3.346227,11.384183,8.385362
1.690277,11.886984,8.380848
0.078725,12.175372,8.386971
-1.650133,12.166412,8.389535
-3.363664,11.925376,8.383289
-5.121001,11.450636,8.380628
-6.791206,10.731282,8.383767
-8.371496,9.826202,8.383696
-10.039438,8.717177,8.381498
-11.505099,7.220273,8.384197
-12.496395,5.484089,8.385352
-13.444004,3.513307,8.384134
-14.415985,1.459507,8.386043
-14.672260,-0.903392,8.387748
-14.119245,-3.106364,8.383481
-13.547577,-5.407274,8.385083
-12.907784,-7.850712,8.389581
-11.681790,-10.097343,8.383543
-10.399616,-12.624304,8.382339
-8.404164,-14.829543,8.380168
-5.943105,-16.273863,8.380424
-3.161717,-17.097696,8.384462
-0.245363,-17.202589,8.385590
2.643352,-16.810241,8.384572
5.415083,-15.919608,8.381512
7.897662,-14.577092,8.380226
10.033964,-12.872697,8.381206
11.814545,-10.801251,8.381318
13.080548,-8.378125,8.380952
13.795767,-5.945149,8.381014
14.182859,-3.483158,8.383160
13.934711,-1.077680,8.386558
12.582304,1.212288,8.388599
11.518663,3.035895,8.388820
11.270002,4.851890,8.385065
10.712088,6.649024,8.381219
9.231206,7.890478,8.381050
6.148357,7.395249,5.384036
4.850283,7.907827,5.387233
3.847188,8.701364,5.389496
2.733301,9.668631,5.386849
1.499011,10.302973,5.382400
0.029642,10.788147,5.382032
-1.499736,11.029671,5.386463
-3.128876,11.048303,5.383724
-4.829103,10.835211,5.382351
-6.470503,10.364087,5.387195
-8.191420,9.617109,5.392236
-10.008982,8.692664,5.393334
-11.591501,7.285043,5.387618
-12.656022,5.548469,5.381485
-13.650939,3.584555,5.380669
-14.727381,1.393526,5.384991
-14.932579,-0.895312,5.386022
-14.199125,-3.134763,5.383899
-13.415976,-5.361557,5.382434
-12.733936,-7.703837,5.380764
-11.528111,-10.021836,5.380143
-10.035467,-12.165959,5.389159
-7.977402,-14.009549,5.384716
-5.553411,-15.209307,5.382370
-2.912576,-15.680003,5.385835
-0.231909,-15.402545,5.379722
2.360388,-14.671587,5.380278
4.605550,-13.522861,5.380625
6.585116,-11.945129,5.383349
8.121553,-10.151995,5.387280
9.260769,-8.173723,5.384829
10.014005,-6.188003,5.381007
10.438768,-4.131003,5.382675
10.639805,-2.310969,5.385700
10.351518,-0.428846,5.386476
9.093271,1.201527,5.385315
8.225407,2.522397,5.384192
8.111164,3.866991,5.387894
8.005531,5.263495,5.389972
7.291513,6.512523,5.386434
5.614429,6.878551,2.383479
4.375333,7.277734,2.388990
3.457747,8.035361,2.389045
2.557796,8.994048,2.387684
1.368943,9.674395,2.385298
0.069162,10.117606,2.380004
-1.407767,10.497337,2.383419
-2.996976,10.663285,2.382384
-4.677623,10.590448,2.384162
-6.389150,10.237574,2.388748
-8.184502,9.589281,2.387244
-10.141124,8.729896,2.386323
-11.717829,7.409698,2.381208
-12.867362,5.609329,2.377945
-13.849382,3.625834,2.379621
-14.838927,1.399861,2.385066
-14.993045,-0.897241,2.392966
-14.196272,-3.193962,2.383763
-13.318199,-5.302978,2.377266
-12.559591,-7.630629,2.382493
-11.450621,-9.885493,2.387532
-9.674885,-11.768163,2.391905
-7.626181,-13.249095,2.389106
-5.236962,-14.252723,2.385408
-2.654860,-14.449058,2.387324
-0.194984,-13.893565,2.389391
2.073725,-12.981120,2.384261
4.026691,-11.665699,2.381359
5.589413,-10.087019,2.382112
6.777096,-8.321061,2.382944
7.583370,-6.509754,2.383771
8.242765,-4.878006,2.385613
8.620271,-3.185712,2.382793
8.780621,-1.638019,2.380942
8.590993,-0.158193,2.384963
7.717853,1.196163,2.390034
7.126357,2.361752,2.387671
6.884866,3.455492,2.387377
6.734321,4.649500,2.387147
6.398333,5.927979,2.383946
5.959445,7.225195,-0.615823
4.796284,7.897235,-0.611468
3.741803,8.624582,-0.618717
2.656895,9.437769,-0.615906
1.412057,9.946673,-0.609863
0.005535,10.198718,-0.621210
-1.450373,10.565134,-0.618479
-3.011582,10.751773,-0.614877
-4.744204,10.695492,-0.614064
-6.508256,10.366510,-0.610948
-8.356600,9.727185,-0.609254
-10.281701,8.875169,-0.617629
-11.931959,7.461959,-0.611691
-13.060877,5.684987,-0.610706
-13.983539,3.626675,-0.617706
-14.729583,1.424957,-0.616855
-14.817556,-0.909216,-0.617236
-14.151095,-3.133322,-0.613081
-13.242350,-5.273975,-0.608842
-12.419975,-7.548045,-0.612942
-11.352247,-9.773476,-0.619923
-9.417168,-11.421034,-0.613194
-7.341951,-12.676477,-0.616369
-5.023913,-13.525049,-0.616478
-2.546605,-13.573893,-0.609553
-0.162235,-12.882242,-0.614270
1.899219,-11.959879,-0.620261
3.719922,-10.653980,-0.613857
5.148702,-9.198520,-0.609859
6.280169,-7.526578,-0.612841
7.078102,-5.910686,-0.612227
7.971172,-4.603729,-0.612984
8.504400,-3.141275,-0.609134
8.631714,-1.627563,-0.612927
8.623482,-0.133562,-0.618645
8.531741,1.214549,-0.611163
8.280597,2.557159,-0.617171
7.564290,3.679548,-0.615038
6.917400,4.795974,-0.610431
6.580921,6.011890,-0.613602
6.747314,8.005594,-3.616468
5.722376,9.072206,-3.614659
4.369681,9.826127,-3.616882
3.001082,10.411727,-3.621614
1.500698,10.736363,-3.619567
0.021788,10.735188,-3.611289
-1.505213,11.015523,-3.611701
-3.126782,11.154976,-3.611917
-4.914749,11.043886,-3.616353
-6.735230,10.676533,-3.616124
-8.560252,10.006134,-3.607071
-10.497660,9.013181,-3.615974
-12.082678,7.531960,-3.611490
-13.225114,5.675214,-3.613540
-13.988679,3.639359,-3.617657
-14.431878,1.431655,-3.607750
-14.451284,-0.821885,-3.611024
-13.972588,-3.101797,-3.607937
-13.144777,-5.271292,-3.612196
-12.277798,-7.453570,-3.623572
-11.178065,-9.666129,-3.622163
-9.286464,-11.135550,-3.614987
-7.153606,-12.311177,-3.611237
-4.884463,-13.070987,-3.610573
-2.473692,-13.100066,-3.612506
-0.143450,-12.485853,-3.616492
1.874778,-11.666623,-3.614861
3.704427,-10.509194,-3.611377
5.191374,-9.246805,-3.611404
6.453152,-7.780121,-3.612997
7.468124,-6.311049,-3.612494
8.646798,-5.166449,-3.613101
9.433039,-3.609538,-3.612349
9.501500,-1.924892,-3.613794
9.689037,-0.348691,-3.618213
10.485582,1.172619,-3.620284
10.491011,2.838788,-3.620200
9.158829,4.205544,-3.618711
7.987026,5.286573,-3.617812
7.408344,6.564617,-3.617545
7.534936,8.783533,-6.616051
6.547741,10.196757,-6.612480
4.999564,10.969806,-6.612665
3.318439,11.393268,-6.616853
1.655627,11.572871,-6.617460
0.040499,11.448726,-6.612006
-1.566499,11.606787,-6.608660
-3.341073,11.653360,-6.616400
-5.110700,11.462259,-6.622432
-6.994122,11.016791,-6.621254
-8.863123,10.246680,-6.619053
-10.642007,9.125618,-6.616068
-12.091754,7.613185,-6.611175
-13.218626,5.730315,-6.607478
-13.855836,3.571425,-6.610006
-13.963971,1.387516,-6.613369
-13.909479,-0.790378,-6.608458
-13.674845,-2.966681,-6.615125
-12.983346,-5.184757,-6.622529
-12.077026,-7.280824,-6.618570
-10.962015,-9.419039,-6.611451
-9.064284,-10.908929,-6.610577
-6.980136,-12.033696,-6.616638
-4.765620,-12.744954,-6.617880
-2.417692,-12.847937,-6.614778
-0.187972,-12.468067,-6.615516
1.891555,-11.805346,-6.611517
3.770130,-10.876134,-6.609096
5.461161,-9.761991,-6.609976
6.918448,-8.492540,-6.612778
8.181170,-7.130219,-6.615868
9.548917,-5.850068,-6.614042
10.440390,-4.173592,-6.607729
10.552722,-2.248785,-6.612701
10.836717,-0.565512,-6.620876
12.186784,1.173633,-6.611009
12.280344,3.147883,-6.614900
10.691032,4.692739,-6.614754
9.150193,5.836317,-6.612472
8.265916,7.269507,-6.615070
8.047696,9.288726,-9.616140
7.011133,10.803496,-9.614416
5.374579,11.622648,-9.617472
3.564951,11.986570,-9.621016
1.788336,12.164242,-9.619738
0.063574,12.094990,-9.615444
-1.657521,12.140637,-9.616726
-3.459033,12.072905,-9.620722
-5.243339,11.800323,-9.621489
-7.140085,11.273422,-9.615223
-8.999865,10.409380,-9.610446
-10.632767,9.165045,-9.620330
-12.001606,7.538990,-9.616048
-13.059096,5.659467,-9.614967
-13.521861,3.522090,-9.623964
-13.327089,1.385385,-9.624029
-13.216414,-0.658862,-9.616092
-13.197921,-2.807490,-9.610063
-12.673343,-5.006717,-9.616447
-11.725123,-7.039506,-9.619696
-10.612619,-9.036918,-9.609339
-8.795220,-10.558291,-9.614203
-6.769044,-11.683178,-9.613798
-4.598428,-12.381813,-9.616454
-2.384879,-12.596776,-9.621290
-0.175624,-12.470069,-9.616677
1.903910,-12.001478,-9.618696
3.902957,-11.256249,-9.613793
5.723054,-10.313041,-9.607952
7.413284,-9.153967,-9.608941
8.885369,-7.847452,-9.612528
10.209207,-6.276065,-9.619125
11.053496,-4.505073,-9.614883
11.267851,-2.509845,-9.611188
11.628597,-0.640716,-9.617326
12.973291,1.146579,-9.619218
13.078622,3.221528,-9.608769
11.603414,4.940299,-9.614108
9.945466,6.279613,-9.623487
8.950939,7.668772,-9.621281
8.210419,9.447270,-12.608956
7.004211,10.879507,-12.618619
5.374070,11.716104,-12.611444
3.541662,12.133310,-12.612298
1.789163,12.377001,-12.622309
0.093962,12.464065,-12.621614
-1.682061,12.423253,-12.621924
-3.531922,12.250018,-12.622388
-5.353152,11.892126,-12.622312
-7.197822,11.285640,-12.617262
-8.980149,10.338385,-12.608184
-10.480838,8.982894,-12.608121
-11.674958,7.365614,-12.610149
-12.632925,5.548412,-12.608626
-12.960465,3.438436,-12.609594
-12.536854,1.443184,-12.616915
-12.366257,-0.567718,-12.621132
-12.507733,-2.604912,-12.623602
-12.134883,-4.702813,-12.616318
-11.185457,-6.615995,-12.605599
-10.022320,-8.543047,-12.607772
-8.388677,-9.982704,-12.618616
-6.489865,-11.086556,-12.620125
-4.439235,-11.792453,-12.617380
-2.276794,-12.133996,-12.617771
-0.180095,-12.217610,-12.616695
1.896716,-11.921330,-12.612517
3.924598,-11.353097,-12.618196
5.850269,-10.535574,-12.617158
7.676622,-9.478008,-12.608639
9.251729,-8.214329,-12.614311
10.368931,-6.448650,-12.620093
11.166635,-4.573200,-12.620992
11.499870,-2.579519,-12.613378
11.848155,-0.704208,-12.608256
12.953049,1.188866,-12.618023
12.943417,3.219774,-12.615889
11.721339,5.023518,-12.610675
10.322921,6.480420,-12.606966
9.268101,7.898171,-12.604745
8.004173,9.240464,-15.613209
6.686035,10.417849,-15.615225
5.144647,11.278076,-15.616071
3.456002,11.790756,-15.617766
1.797265,12.123083,-15.620989
0.051458,12.366411,-15.620873
-1.710978,12.272755,-15.612570
-3.463298,12.036096,-15.612938
-5.180729,11.642166,-15.613538
-6.981811,10.967801,-15.610441
-8.628467,9.984266,-15.611752
-9.982436,8.619920,-15.617083
-11.039303,7.031462,-15.620200
-11.897351,5.268679,-15.620241
-12.107387,3.338463,-15.618329
-11.535294,1.400751,-15.616475
-11.340299,-0.354536,-15.616791
-11.569942,-2.363882,-15.615663
-11.274060,-4.277520,-15.610839
-10.356970,-6.009493,-15.607929
-9.245804,-7.747182,-15.612736
-7.772627,-9.089550,-15.618698
-5.987313,-10.163829,-15.615549
-4.123542,-10.854045,-15.612268
-2.164633,-11.266606,-15.612476
-0.181768,-11.481850,-15.609234
1.805499,-11.329521,-15.607172
3.763671,-10.906382,-15.613311
5.698456,-10.197810,-15.619187
7.481587,-9.265094,-15.619219
9.119033,-7.996535,-15.619401
10.068547,-6.171961,-15.617191
10.788777,-4.365953,-15.619646
11.208458,-2.511480,-15.618986
11.543586,-0.626095,-15.611000
12.250285,1.161280,-15.607936
12.112881,3.145935,-15.615970
11.272130,4.886127,-15.614952
10.242991,6.411146,-15.610064
9.154620,7.899565,-15.610542
7.379397,8.619324,-18.610439
6.062379,9.517936,-18.615892
4.686926,10.339514,-18.622204
3.214794,10.927118,-18.616672
1.659735,11.323349,-18.608806
0.028403,11.629621,-18.613579
-1.564230,11.529168,-18.615523
-3.214035,11.272490,-18.613611
-4.824472,10.863341,-18.611513
-6.430362,10.197891,-18.612554
-7.883629,9.250889,-18.613509
-9.072558,7.983247,-18.610215
-10.012895,6.457124,-18.618109
-10.718401,4.905028,-18.614225
-10.862953,3.093495,-18.609733
-10.286096,1.357188,-18.620351
-10.092355,-0.227655,-18.613785
-10.291262,-1.906660,-18.615822
-10.000428,-3.695543,-18.615428
-9.164728,-5.181399,-18.607916
-8.168101,-6.674184,-18.608753
-6.817622,-7.866419,-18.617241
-5.325528,-8.768701,-18.620657
-3.658186,-9.440112,-18.614787
-1.903403,-9.878455,-18.609166
-0.118441,-10.132787,-18.613232
1.613257,-10.069854,-18.616479
3.396997,-9.756717,-18.615906
5.165289,-9.171501,-18.617095
6.793434,-8.361015,-18.616780
8.294332,-7.234401,-18.608939
9.183179,-5.527347,-18.612713
9.865066,-3.832526,-18.613077
10.316113,-2.178549,-18.609642
10.600728,-0.457815,-18.607038
10.945338,1.170530,-18.606607
10.729470,2.881840,-18.618683
10.225004,4.555040,-18.623218
9.547981,6.073083,-18.617818
8.584133,7.452435,-18.611876
6.282364,7.531101,-21.610885
5.064049,8.213313,-21.612844
3.931208,8.928647,-21.617610
2.676270,9.513824,-21.621539
1.381605,9.889664,-21.620329
0.020985,10.173285,-21.615399
-1.373027,10.089997,-21.613381
-2.755039,9.867792,-21.614024
-4.156827,9.493809,-21.615278
-5.492639,8.910953,-21.617323
-6.691936,8.088791,-21.617619
-7.698929,6.957613,-21.612648
-8.458877,5.658154,-21.616408
-9.027106,4.291312,-21.622327
-9.131663,2.816672,-21.617967
-8.706037,1.347823,-21.610324
-8.508505,0.024847,-21.617777
-8.590302,-1.386958,-21.622141
-8.282547,-2.822127,-21.619461
-7.556643,-4.049707,-21.614390
-6.736547,-5.242124,-21.610258
-5.578159,-6.208858,-21.611262
-4.322259,-6.958095,-21.610034
-2.986148,-7.514850,-21.611447
-1.578484,-7.895856,-21.615867
-0.146934,-8.147833,-21.616103
1.363565,-8.135843,-21.616540
2.861420,-7.894298,-21.620538
4.298104,-7.443700,-21.617483
5.718001,-6.749359,-21.609439
6.920103,-5.826504,-21.612849
7.706205,-4.414488,-21.616440
8.269678,-3.058798,-21.618162
8.728019,-1.629115,-21.613564
8.942360,-0.184093,-21.610753
8.978152,1.210856,-21.619884
8.737512,2.583051,-21.618977
8.545958,4.029135,-21.616602
8.198984,5.372629,-21.615494
7.374977,6.604285,-21.612546
4.545942,5.811618,-24.613983
3.649016,6.259435,-24.612901
2.823115,6.814469,-24.615715
1.949542,7.287946,-24.614951
0.991174,7.597214,-24.609964
0.015695,7.792203,-24.610859
-1.024526,7.737541,-24.618000
-2.016684,7.597944,-24.612131
-3.059815,7.323164,-24.614100
-4.055889,6.885798,-24.617840
-4.937780,6.262691,-24.611290
-5.619200,5.419301,-24.612435
-6.151161,4.476200,-24.616024
-6.537380,3.459152,-24.613159
-6.651616,2.389287,-24.608828
-6.498714,1.355239,-24.612054
-6.322720,0.372833,-24.618420
-6.208695,-0.627753,-24.615199
-5.875675,-1.595910,-24.612308
-5.341694,-2.455965,-24.616317
-4.733515,-3.296489,-24.619919
-3.904528,-3.920758,-24.618353
-3.032975,-4.423433,-24.617500
-2.082868,-4.834101,-24.618629
-1.119574,-5.111886,-24.619933
-0.100390,-5.322428,-24.620131
0.938928,-5.331668,-24.617577
1.971386,-5.173769,-24.615650
3.003351,-4.856039,-24.614119
3.973700,-4.368750,-24.614008
4.828938,-3.700284,-24.617277
5.441172,-2.763023,-24.611970
5.864782,-1.809093,-24.608284
6.215611,-0.824284,-24.612449
6.353588,0.202271,-24.618701
6.150690,1.224503,-24.618686
5.931868,2.206150,-24.614747
6.008529,3.203336,-24.612475
5.947196,4.297743,-24.612960
5.384083,5.157822,-24.614024
0.064829,1.388292,-27.614876
