9.695592,15.336643,40.004994
6.932728,15.706216,40.004993
4.672228,15.850703,40.004993
2.581424,15.857407,40.004994
0.667720,15.753826,40.004991
-1.064410,15.565729,40.004994
-2.955009,15.251794,40.004994
-4.653967,14.865327,40.004993
-6.326965,14.378653,40.004994
-8.289143,13.656640,40.004994
-10.186269,12.777438,40.004993
-12.146189,11.641028,40.004993
-14.113099,10.197132,40.004993
-16.014258,8.401683,40.004993
-17.875235,6.095552,40.004993
-19.578563,3.254532,40.004994
-21.013046,-0.114131,40.004996
-22.071951,-3.981891,40.004995
-22.661327,-8.477174,40.004995
-22.582656,-13.532880,40.004995
-21.591413,-19.026658,40.004994
-19.432266,-24.556661,40.004994
-15.749982,-29.653647,40.004996
-10.782053,-33.495628,40.004995
-4.958767,-35.871279,40.004993
1.403354,-36.961379,40.004994
8.027994,-36.811421,40.004996
14.518441,-35.459855,40.004994
20.631924,-32.898905,40.004993
26.053865,-29.078850,40.004995
30.391048,-24.063173,40.004995
33.289368,-18.089000,40.004994
34.416025,-11.556668,40.004994
33.653387,-5.139355,40.004994
31.369052,0.716442,40.004994
28.112123,5.467203,40.004994
24.051672,9.296472,40.004994
19.926684,11.908926,40.004996
16.097366,13.614836,40.004996
14.512439,16.226481,35.807570
11.193425,16.975217,35.803175
8.195988,17.378352,35.798441
5.565927,17.673791,35.805364
3.129051,18.000904,35.810719
1.018728,18.852461,35.798817
-1.227803,18.710479,35.797738
-3.480197,18.397982,35.807458
-5.948686,18.184707,35.803465
-7.967353,17.216001,35.797549
-10.182046,16.157600,35.801994
-12.838340,15.165168,35.808094
-15.315325,13.767680,35.806387
-17.910052,11.877663,35.803534
-20.305104,9.476364,35.804037
-22.884696,6.626983,35.806366
-24.749453,3.012340,35.804438
-25.332892,-0.965185,35.800950
-25.926188,-5.470407,35.807402
-25.892655,-10.360267,35.813527
-25.030024,-15.607506,35.808686
-23.430431,-21.045288,35.798607
-20.615648,-26.627628,35.800656
-16.597219,-31.391237,35.800435
-11.295282,-35.405029,35.797070
-5.092460,-38.196759,35.800286
1.445608,-39.243863,35.807538
8.453586,-39.055351,35.805245
15.332978,-37.726343,35.804063
21.777047,-35.002970,35.808784
27.272886,-30.659838,35.804946
31.586308,-25.122457,35.806302
34.372450,-18.705415,35.806561
35.355961,-11.955110,35.800801
34.688384,-5.550629,35.799329
32.589971,0.527829,35.808801
29.609432,5.592525,35.810697
25.974306,9.691068,35.802513
22.065580,12.679029,35.797946
18.235470,14.800719,35.802999
15.788484,17.292161,31.614500
12.127781,18.211576,31.604133
8.998742,18.738966,31.599523
6.252468,19.175822,31.607401
3.725161,19.701299,31.608997
1.253255,20.989087,31.601704
-1.303817,20.953949,31.603606
-4.073956,20.643823,31.603687
-6.683535,20.476434,31.598501
-9.128775,19.278152,31.602214
-11.559150,17.943829,31.601019
-14.550287,16.860275,31.599235
-17.482047,15.172463,31.609512
-20.351733,13.043361,31.600820
-23.070445,10.182836,31.599342
-25.866843,6.974284,31.602352
-27.945716,2.828098,31.600526
-28.219652,-1.589913,31.598955
-28.425770,-6.365987,31.606196
-27.952185,-11.468363,31.608167
-26.602608,-16.683881,31.602141
-24.482493,-22.242640,31.598070
-21.378904,-27.568688,31.602037
-16.981398,-32.408192,31.609827
-11.541871,-36.461488,31.611114
-5.262572,-39.415776,31.604294
1.591656,-40.568805,31.601401
8.753175,-40.392250,31.602595
15.780603,-39.023513,31.603312
22.498172,-36.059005,31.604478
27.954618,-31.427758,31.608482
32.159683,-25.615995,31.601264
34.806121,-18.982927,31.596931
35.696022,-12.275926,31.601032
35.064585,-5.549209,31.601010
33.163579,0.512857,31.598401
30.487798,5.622765,31.599848
27.221910,9.868768,31.604669
23.527982,13.188461,31.609650
19.643725,15.646231,31.614961
16.877613,18.039634,27.398183
13.143944,19.136363,27.401398
9.750261,19.859148,27.402788
6.743547,20.468743,27.401044
3.983318,21.207950,27.403939
1.452118,22.557891,27.403758
-1.384746,22.637426,27.402832
-4.444355,22.346165,27.404694
-7.331025,22.124550,27.409862
-10.043869,20.826193,27.407994
-12.707477,19.315369,27.403329
-15.956450,18.075398,27.403637
-19.126579,16.194583,27.402359
-22.204674,13.823976,27.399043
-24.936906,10.823469,27.407750
-27.955486,7.102313,27.411943
-30.022190,2.784192,27.402943
-30.176550,-1.965132,27.399210
-30.090237,-7.095434,27.409044
-29.250799,-12.303074,27.411776
-27.505135,-17.565442,27.403883
-25.048855,-22.951494,27.399501
-21.703931,-28.097799,27.406599
-17.199343,-32.824496,27.414584
-11.759038,-36.857339,27.412083
-5.320954,-39.955280,27.402409
1.721140,-41.221861,27.401060
8.889256,-41.084732,27.398327
16.112313,-39.622406,27.400837
22.786480,-36.529761,27.410459
28.160556,-31.792932,27.410711
32.341714,-25.709280,27.400622
34.837721,-19.011099,27.396055
35.668240,-12.098863,27.398861
35.099662,-5.579333,27.399338
33.370185,0.516356,27.404034
30.909886,5.687802,27.409739
27.900531,10.067349,27.410309
24.477904,13.583529,27.404909
20.605723,16.291896,27.399649
17.499629,18.673138,23.199267
13.745545,19.925964,23.200966
10.334172,20.811013,23.204047
7.306650,21.544797,23.202708
4.317824,22.408141,23.204574
1.513373,23.767836,23.212470
-1.585045,23.908042,23.205469
-4.692184,23.654859,23.211144
-7.821169,23.358295,23.205673
-10.796218,21.999907,23.200798
-13.701328,20.386451,23.203246
-16.970665,19.058819,23.201555
-20.341796,16.998563,23.203521
-23.587919,14.403592,23.212062
-26.440476,11.145439,23.202957
-29.354690,7.259912,23.193834
-31.399866,2.603233,23.200586
-31.475959,-2.215647,23.207648
-31.173396,-7.422381,23.205644
-30.082722,-12.670334,23.210270
-28.058862,-17.923498,23.210627
-25.404004,-23.087820,23.199727
-21.823635,-28.188332,23.211134
-17.162298,-32.911667,23.212001
-11.790937,-36.856665,23.198866
-5.449155,-39.945913,23.197086
1.680647,-41.356522,23.210039
8.961848,-41.272320,23.203144
16.085184,-39.780150,23.193866
22.649092,-36.656827,23.201396
28.206361,-31.644603,23.207715
32.211135,-25.556483,23.209572
34.570325,-18.905621,23.212490
35.367701,-12.090116,23.213912
34.854952,-5.463932,23.207146
33.364389,0.372178,23.199587
31.052490,5.704014,23.197888
28.315067,10.119064,23.203126
25.057666,13.889039,23.208453
21.418076,16.675155,23.204556
18.097936,19.083909,19.014905
14.376611,20.512429,19.012787
10.788900,21.614791,19.005542
7.772176,22.456371,18.996525
4.767358,23.334468,18.997734
1.687992,24.638625,19.011243
-1.632560,24.882807,19.012886
-4.759516,24.668113,19.002678
-8.099566,24.287716,19.005979
-11.336767,22.930605,19.003950
-14.280785,21.336834,18.998206
-17.723971,19.841233,19.006581
-21.262206,17.613447,19.012584
-24.493373,14.958283,19.008393
-27.454417,11.483128,19.000765
-30.332648,7.295768,19.003446
-32.225602,2.518204,19.007395
-32.266196,-2.530965,18.999113
-31.784104,-7.749576,19.000004
-30.464713,-12.983988,19.007337
-28.221410,-18.178533,19.012410
-25.322324,-23.249522,19.009451
-21.666904,-28.079395,19.000180
-17.058277,-32.620417,19.008336
-11.643494,-36.559299,19.011850
-5.247304,-39.634265,18.994228
1.706762,-41.087261,18.996370
8.820507,-41.066498,19.003429
15.974767,-39.523938,19.005698
22.529850,-36.279946,19.008618
27.920380,-31.327600,19.013724
31.768091,-25.340990,19.000177
34.078764,-18.625871,18.998868
34.855284,-11.771163,19.011024
34.403628,-5.312154,19.006690
33.086458,0.389222,19.011307
30.999382,5.619802,19.008412
28.425866,10.171438,19.004124
25.494701,13.973513,19.012357
21.968539,16.928224,19.016006
18.515611,19.371403,14.794739
14.670324,21.035735,14.802667
11.334962,22.211101,14.811968
7.954583,23.264379,14.810008
4.963296,24.165870,14.794020
1.818924,25.277970,14.797330
-1.700812,25.600208,14.807272
-5.028378,25.401577,14.801546
-8.547682,24.899066,14.803938
-11.628996,23.689659,14.809450
-14.977905,21.982766,14.812271
-18.370242,20.400028,14.809095
-21.868535,18.129582,14.796158
-25.207150,15.292153,14.807431
-28.233785,11.606690,14.815228
-30.816764,7.508581,14.810171
-32.597441,2.668826,14.806152
-32.659062,-2.563681,14.806522
-32.049503,-7.755549,14.796257
-30.583989,-12.945522,14.802846
-28.198781,-18.057905,14.809585
-25.131798,-23.015647,14.798572
-21.349103,-27.727358,14.811510
-16.844004,-32.060519,14.810870
-11.425281,-35.957610,14.795490
-5.220438,-38.922220,14.796330
1.489205,-40.451740,14.813270
8.792771,-40.496119,14.804688
15.715476,-38.944674,14.800638
22.216714,-35.624186,14.813489
27.417881,-30.795761,14.800355
31.204350,-24.793683,14.806713
33.434836,-18.064845,14.817432
34.162910,-11.431501,14.813689
33.786654,-5.191368,14.811013
32.593480,0.525633,14.814864
30.708998,5.593877,14.814340
28.294492,10.222526,14.805249
25.681528,13.984797,14.795467
22.128521,17.198208,14.791757
18.764701,19.545260,10.605999
15.026697,21.361844,10.614907
11.580297,22.733878,10.608384
8.262400,23.874880,10.594021
5.099922,24.825801,10.605466
1.716514,25.755194,10.608953
-1.568110,26.091435,10.601573
-5.072381,25.927581,10.594691
-8.544287,25.368397,10.605212
-12.030706,24.122949,10.613508
-15.393636,22.525222,10.605718
-18.894228,20.770737,10.595795
-22.319282,18.460392,10.594615
-25.727922,15.451654,10.603482
-28.670661,11.744519,10.596709
-31.144734,7.409754,10.601050
-32.665828,2.512139,10.613754
-32.699182,-2.667761,10.600802
-31.974869,-7.790726,10.595677
-30.371989,-12.897523,10.599548
-27.874926,-17.893676,10.601147
-24.798361,-22.538969,10.598769
-20.936596,-27.112501,10.602439
-16.581323,-31.225752,10.603860
-11.202710,-35.063374,10.602451
-5.232273,-37.902245,10.604567
1.597409,-39.551271,10.611366
8.626874,-39.632920,10.615138
15.470391,-38.035904,10.607823
21.690435,-34.756365,10.600810
26.833746,-29.959731,10.612301
30.518433,-23.977524,10.615331
32.559059,-17.682599,10.614235
33.309157,-11.115753,10.612940
32.997386,-4.929909,10.607862
31.970871,0.557257,10.614839
30.216667,5.616300,10.611592
28.053413,10.088999,10.602913
25.518592,14.097528,10.605020
22.264329,17.256987,10.604650
18.858640,19.615433,6.407926
15.255818,21.562945,6.403205
11.918539,23.041664,6.401890
8.492980,24.328688,6.404806
5.184896,25.320372,6.406721
1.798541,26.001483,6.401119
-1.636807,26.379167,6.406852
-5.086516,26.249479,6.408835
-8.687290,25.588234,6.402889
-12.160745,24.452528,6.396277
-15.698519,22.898073,6.400129
-19.101442,21.079121,6.411385
-22.602613,18.636825,6.413417
-25.906642,15.619327,6.412678
-28.880565,11.760880,6.412614
-31.121138,7.406989,6.415017
-32.411016,2.504847,6.412428
-32.449298,-2.587050,6.402680
-31.647394,-7.612820,6.405615
-29.959455,-12.613335,6.405555
-27.402894,-17.476760,6.404581
-24.250075,-21.967326,6.409939
-20.483501,-26.231062,6.407702
-16.002699,-30.375713,6.410674
-10.843313,-33.984649,6.416491
-4.938844,-36.730177,6.414877
1.574180,-38.367072,6.407794
8.289207,-38.501112,6.398706
15.020113,-36.903860,6.399358
21.113025,-33.612144,6.408945
26.024277,-29.022360,6.410552
29.540758,-23.307779,6.409623
31.591478,-16.906781,6.409237
32.309227,-10.645586,6.403798
32.075178,-4.756188,6.394888
31.176883,0.667417,6.404252
29.545774,5.677522,6.411320
27.615159,9.950982,6.411726
25.292344,14.001167,6.415257
22.218062,17.232212,6.413164
18.801371,19.585854,2.202550
15.354942,21.635881,2.202106
11.965061,23.278973,2.208236
8.644285,24.625780,2.211507
5.218392,25.646597,2.213973
1.866413,26.078668,2.214013
-1.691741,26.482166,2.202430
-5.264820,26.358185,2.201529
-8.767338,25.622081,2.206910
-12.198120,24.594194,2.210620
-15.881300,23.108893,2.205271
-19.335929,21.133291,2.196053
-22.711473,18.677039,2.202063
-26.019974,15.519295,2.210255
-28.759127,11.850749,2.204401
-30.784058,7.529380,2.199770
-31.865681,2.671232,2.205491
-31.925539,-2.501495,2.206117
-31.053316,-7.398223,2.197297
-29.300362,-12.264052,2.202182
-26.712068,-16.969357,2.209195
-23.510147,-21.279701,2.200505
-19.869953,-25.222855,2.194904
-15.599934,-29.110473,2.195872
-10.541321,-32.616733,2.206892
-4.937580,-35.207488,2.216197
1.408330,-36.912583,2.202803
7.974709,-37.112318,2.199639
14.548504,-35.511781,2.206232
20.308408,-32.331427,2.203704
25.120384,-27.848322,2.196441
28.533472,-22.246142,2.208066
30.456273,-16.162516,2.211302
31.167451,-10.239405,2.202015
31.011219,-4.476091,2.207229
30.230052,0.846369,2.211837
28.781405,5.584419,2.203310
26.991886,9.808821,2.200550
24.878296,13.857997,2.214507
21.998574,17.130776,2.211782
18.592441,19.455950,-1.994441
15.320340,21.578525,-1.987367
12.083557,23.283893,-1.988073
8.710821,24.757257,-1.997529
5.389563,25.772051,-1.985928
1.919113,25.995788,-1.987026
-1.731029,26.406786,-1.989990
-5.204863,26.309438,-1.984389
-8.595385,25.533898,-1.991187
-12.141501,24.559315,-1.990422
-15.933851,23.160051,-1.989789
-19.246855,21.147321,-2.007670
-22.635999,18.585299,-2.003471
-25.789239,15.455919,-1.992168
-28.514420,11.682630,-1.985446
-30.274361,7.410862,-1.993434
-31.094930,2.628324,-2.004323
-31.163193,-2.200963,-2.001073
-30.214170,-7.132802,-2.001923
-28.417063,-11.835281,-1.998188
-25.929229,-16.198038,-1.992271
-22.731183,-20.324007,-1.995074
-19.119383,-24.086108,-2.002866
-14.930619,-27.825888,-1.991645
-10.144188,-31.072336,-1.988623
-4.672315,-33.542088,-2.006442
1.288383,-35.228636,-1.999783
7.665519,-35.476729,-1.999006
13.861029,-33.939060,-2.004443
19.442764,-30.814684,-2.001384
24.127920,-26.465519,-1.995053
27.331098,-21.182440,-1.988685
29.195178,-15.263413,-1.985227
29.904784,-9.511187,-1.984386
29.805161,-4.101816,-1.985118
29.168346,0.894479,-1.992688
27.850653,5.524613,-2.000451
26.196886,9.665536,-1.998020
24.383727,13.507729,-1.988497
21.747465,16.818025,-1.990335
18.227436,19.222501,-6.185298
15.143254,21.383789,-6.185889
11.908448,23.206708,-6.186400
8.683872,24.709193,-6.195742
5.308672,25.751702,-6.204723
1.763821,25.755973,-6.191702
-1.571134,26.132584,-6.197397
-5.109927,26.079063,-6.193328
-8.548056,25.221802,-6.195711
-12.171463,24.307840,-6.202187
-15.848367,23.044134,-6.193696
-19.153992,20.903970,-6.185333
-22.367332,18.362563,-6.191594
-25.343959,15.281154,-6.197718
-27.932540,11.595858,-6.203220
-29.506879,7.246707,-6.202852
-30.073886,2.774719,-6.193248
-30.148529,-2.066819,-6.184845
-29.141224,-6.804654,-6.196511
-27.404418,-11.148231,-6.199492
-24.851074,-15.479587,-6.192143
-21.794340,-19.248742,-6.189861
-18.241522,-22.812846,-6.193983
-14.299669,-26.254813,-6.201701
-9.652986,-29.340525,-6.202949
-4.529810,-31.621094,-6.197602
1.201262,-33.322029,-6.199545
7.353200,-33.602033,-6.197044
13.142020,-32.134348,-6.196918
18.507868,-29.077826,-6.201232
22.910719,-25.025658,-6.197673
26.005176,-19.936469,-6.202223
27.760299,-14.401706,-6.199023
28.492722,-8.858997,-6.191404
28.461987,-3.825422,-6.200695
27.946207,1.009257,-6.202489
26.755445,5.497712,-6.200635
25.231577,9.521565,-6.195930
23.603862,13.284163,-6.184705
21.177750,16.568004,-6.182250
17.694181,18.876261,-10.390540
14.809077,21.039891,-10.388946
11.764800,22.867843,-10.387282
8.551300,24.465072,-10.387928
5.338500,25.517719,-10.385549
1.772911,25.341430,-10.384573
-1.595473,25.699009,-10.392157
-4.984093,25.663501,-10.385503
-8.433035,24.736574,-10.391259
-11.916083,23.925727,-10.396577
-15.616895,22.745538,-10.394392
-18.732846,20.605044,-10.398548
-21.762052,18.117811,-10.394925
-24.672730,14.986478,-10.403298
-27.109192,11.416690,-10.400061
-28.454722,7.217210,-10.386173
-28.837979,2.730864,-10.387472
-28.903528,-1.720599,-10.400843
-27.894940,-6.242701,-10.387386
-26.102768,-10.544129,-10.394574
-23.688627,-14.496322,-10.404357
-20.694031,-18.047989,-10.394596
-17.230056,-21.394137,-10.396377
-13.556791,-24.532473,-10.400692
-9.077156,-27.429245,-10.397538
-4.318265,-29.501037,-10.392999
1.146846,-31.194225,-10.398185
6.854386,-31.508702,-10.388964
12.389062,-30.090043,-10.388528
17.354274,-27.222443,-10.405545
21.595794,-23.372808,-10.404947
24.490789,-18.675027,-10.402357
26.197038,-13.383007,-10.403380
26.925287,-8.262582,-10.405812
26.968971,-3.446237,-10.406912
26.566647,1.191115,-10.397169
25.552691,5.334337,-10.387064
24.155951,9.206680,-10.383938
22.644079,13.020670,-10.385110
20.429069,16.240536,-10.388403
17.106499,18.292043,-14.585741
14.298886,20.530226,-14.592770
11.457196,22.328311,-14.598269
8.297069,23.999061,-14.592372
5.109306,25.077642,-14.599273
1.739187,24.747404,-14.596811
-1.620043,25.075734,-14.598917
-5.000476,25.018341,-14.592611
-8.090290,24.121289,-14.588726
-11.561630,23.349832,-14.592022
-15.084666,22.322177,-14.598550
-18.134179,20.120943,-14.602569
-21.075439,17.589867,-14.595726
-23.763801,14.560685,-14.589427
-26.023023,11.132987,-14.598488
-27.149086,6.951296,-14.600924
-27.352254,2.852408,-14.592209
-27.409054,-1.529444,-14.587446
-26.408388,-5.632166,-14.584201
-24.662369,-9.692803,-14.597991
-22.332581,-13.407538,-14.604527
-19.428208,-16.717797,-14.592731
-16.213679,-19.714311,-14.590289
-12.696134,-22.646285,-14.597511
-8.559579,-25.242271,-14.601401
-4.034568,-27.172626,-14.597344
0.959608,-28.802080,-14.596975
6.361527,-29.156463,-14.597766
11.599688,-27.785570,-14.597244
16.146624,-25.131074,-14.596344
20.076707,-21.633438,-14.596011
22.857647,-17.211413,-14.594352
24.500987,-12.202143,-14.589761
25.216994,-7.525540,-14.589869
25.319236,-2.963414,-14.600261
25.034716,1.270270,-14.600247
24.104399,5.375383,-14.590545
22.829771,9.062058,-14.588226
21.564862,12.560314,-14.596411
19.598193,15.697294,-14.592545
16.292362,17.574918,-18.792882
13.592072,19.839217,-18.795864
10.832746,21.652702,-18.800297
8.049316,23.208310,-18.803285
4.951003,24.378713,-18.797433
1.653066,23.954386,-18.799742
-1.490933,24.224162,-18.795272
-4.813389,24.186179,-18.785191
-7.843489,23.248667,-18.792013
-11.098798,22.562114,-18.802314
-14.541204,21.587111,-18.800114
-17.343009,19.438110,-18.793764
-20.148537,16.895171,-18.790954
-22.589730,13.994757,-18.796316
-24.658568,10.746618,-18.788323
-25.545908,6.806245,-18.793136
-25.621256,2.960597,-18.798071
-25.671384,-1.136203,-18.784804
-24.664784,-4.959484,-18.794622
-22.996362,-8.748895,-18.796446
-20.773971,-12.194055,-18.798378
-18.097892,-15.121043,-18.803846
-15.042215,-17.874199,-18.795839
-11.710969,-20.571114,-18.801295
-7.935515,-22.853498,-18.800220
-3.687232,-24.631369,-18.786412
0.969291,-26.204132,-18.793450
5.868684,-26.546786,-18.792058
10.614180,-25.292775,-18.788920
14.859342,-22.787093,-18.794416
18.448470,-19.649332,-18.793386
21.084501,-15.537116,-18.787182
22.602768,-11.006367,-18.793826
23.325666,-6.638124,-18.804764
23.491655,-2.370991,-18.792872
23.294961,1.596916,-18.785486
22.506664,5.294713,-18.794605
21.348677,8.756134,-18.803420
20.267173,12.067362,-18.794813
18.542756,15.071030,-18.790557
15.122329,16.821039,-22.999239
12.788798,18.862547,-22.990369
10.284856,20.589101,-22.989723
7.504888,22.232850,-23.003878
4.684966,23.401276,-23.003220
1.516552,22.930444,-22.997803
-1.525091,23.158037,-22.997886
-4.585344,23.102032,-22.991905
-7.364661,22.196919,-22.998885
-10.505102,21.544822,-23.000636
-13.798760,20.610496,-22.994156
-16.431004,18.442751,-23.001681
-18.840878,16.134620,-23.003933
-21.032062,13.418551,-23.004116
-22.972347,10.270014,-22.991363
-23.629152,6.617997,-22.996111
-23.618384,3.073462,-23.002996
-23.646468,-0.694324,-22.992942
-22.652737,-4.201043,-22.997651
-21.086876,-7.677128,-22.999503
-19.091685,-10.708207,-22.992584
-16.479466,-13.466020,-22.987049
-13.720819,-15.843461,-22.990138
-10.611216,-18.276335,-22.989529
-7.214968,-20.222305,-22.995206
-3.419421,-21.762216,-23.003595
0.700021,-23.254825,-22.994276
5.201170,-23.650382,-22.994489
9.571940,-22.491756,-23.000862
13.351564,-20.252630,-22.998847
16.690972,-17.399541,-22.993375
19.078549,-13.765809,-22.992932
20.524677,-9.606247,-22.993329
21.235605,-5.739876,-22.990563
21.454697,-1.814873,-22.990047
21.353220,1.697795,-22.994312
20.716901,5.120709,-22.995539
19.681827,8.316788,-22.993397
18.770910,11.395569,-22.998759
17.228994,14.349896,-23.002314
13.873811,15.696408,-27.198888
11.707018,17.667545,-27.204516
9.372184,19.335645,-27.198713
6.914343,20.884911,-27.186257
4.298109,22.104566,-27.191487
1.327012,21.627394,-27.186911
-1.414636,21.785662,-27.187752
-4.170824,21.748954,-27.185177
-6.914120,20.821166,-27.196910
-9.745783,20.253920,-27.198399
-12.814345,19.356884,-27.189148
-15.124740,17.319691,-27.195017
-17.320946,15.088053,-27.190468
-19.230121,12.587935,-27.186766
-20.911020,9.713218,-27.199160
-21.351206,6.402804,-27.205569
-21.311333,3.080083,-27.196668
-21.301789,-0.174636,-27.186301
-20.342444,-3.319273,-27.186751
-18.969676,-6.320365,-27.198439
-17.062958,-9.131249,-27.203268
-14.750772,-11.471965,-27.197512
-12.224436,-13.562572,-27.193141
-9.484958,-15.615278,-27.192307
-6.384545,-17.290915,-27.196928
-3.080365,-18.605988,-27.201889
0.604166,-20.012925,-27.200638
4.523516,-20.399844,-27.203203
8.338719,-19.409666,-27.198664
11.744325,-17.398555,-27.186529
14.681509,-14.947204,-27.188781
16.875575,-11.710339,-27.197076
18.181816,-8.103992,-27.201541
18.888160,-4.635369,-27.202093
19.146863,-1.238485,-27.202775
19.130750,1.927466,-27.196719
18.634042,5.022157,-27.192201
17.717294,7.903525,-27.194891
16.929352,10.822507,-27.191096
15.697944,13.413321,-27.192148
12.229778,14.383773,-31.409369
10.379859,16.142724,-31.398802
8.282557,17.700624,-31.386845
6.183507,19.091027,-31.394253
3.866653,20.373054,-31.399439
1.187251,19.974884,-31.386952
-1.317371,20.031120,-31.398936
-3.827710,19.972126,-31.393628
-6.202620,19.130069,-31.395038
-8.892958,18.604261,-31.395543
-11.523180,17.753269,-31.391968
-13.470644,15.899914,-31.399793
-15.387599,13.815023,-31.394413
-17.054287,11.493316,-31.392441
-18.436361,8.956609,-31.395390
-18.632817,6.051329,-31.396281
-18.590659,3.277423,-31.398961
-18.507645,0.343305,-31.402838
-17.590976,-2.377195,-31.400600
-16.387526,-4.976668,-31.396530
-14.738138,-7.289889,-31.397699
-12.667189,-9.266785,-31.401972
-10.508643,-10.952057,-31.401775
-8.074713,-12.665061,-31.394325
-5.533934,-13.932285,-31.394728
-2.657264,-15.065928,-31.401533
0.408579,-16.327818,-31.400066
3.813293,-16.719302,-31.398197
7.020322,-15.885484,-31.397197
9.880295,-14.187496,-31.393851
12.468306,-12.091807,-31.388911
14.366355,-9.412272,-31.388570
15.522640,-6.403029,-31.394092
16.208859,-3.400342,-31.400904
16.494803,-0.567261,-31.403155
16.541107,2.301346,-31.401537
16.195826,4.892739,-31.396342
15.380500,7.511103,-31.391315
14.770083,9.953481,-31.399023
13.755690,12.354025,-31.408463
10.117342,12.748981,-35.593336
8.620725,14.215505,-35.594047
6.916159,15.517266,-35.596724
5.163772,16.746413,-35.601742
3.267072,18.034761,-35.598693
0.919257,17.774703,-35.592477
-1.231451,17.732264,-35.595907
-3.374301,17.626102,-35.597162
-5.392832,16.865127,-35.596621
-7.602230,16.458672,-35.592741
-9.802352,15.662451,-35.591521
-11.398703,14.005103,-35.595531
-12.889643,12.238504,-35.595559
-14.207908,10.296172,-35.596396
-15.295311,8.110809,-35.598690
-15.305271,5.708587,-35.589673
-15.316024,3.442442,-35.591296
-15.143643,1.055182,-35.597270
-14.376467,-1.075542,-35.593706
-13.391646,-3.195995,-35.589368
-11.988882,-5.053775,-35.590047
-10.312629,-6.554225,-35.593264
-8.417704,-7.919502,-35.594949
-6.517294,-9.116540,-35.593812
-4.390165,-10.062181,-35.593488
-2.221380,-10.940992,-35.594604
0.248803,-12.060752,-35.595017
2.844957,-12.427626,-35.592952
5.477987,-11.779883,-35.592958
7.736294,-10.435714,-35.594435
9.811403,-8.811053,-35.589999
11.384163,-6.752873,-35.589717
12.400002,-4.318039,-35.596333
13.020123,-1.968837,-35.601180
13.332385,0.338312,-35.597945
13.429024,2.590139,-35.592337
13.215361,4.816836,-35.591736
12.575946,6.866814,-35.596045
12.064836,8.959761,-35.596139
11.356655,10.970316,-35.593871
7.238203,10.418629,-39.793006
6.158932,11.540189,-39.794620
4.902270,12.526064,-39.794397
3.644164,13.462379,-39.791491
2.291793,14.634113,-39.792248
0.558564,14.608055,-39.799499
-1.038645,14.420291,-39.795453
-2.676740,14.258908,-39.796141
-4.156094,13.662778,-39.794293
-5.864598,13.400747,-39.791205
-7.392935,12.634829,-39.797562
-8.494832,11.347995,-39.801274
-9.518183,9.993554,-39.796229
-10.443710,8.590602,-39.793757
-11.030677,7.009234,-39.796226
-10.939566,5.278070,-39.792234
-11.022247,3.621153,-39.793005
-10.732682,2.012655,-39.795342
-10.181818,0.502975,-39.793780
-9.447599,-0.968248,-39.790354
-8.403535,-2.169009,-39.790466
-7.147816,-3.145217,-39.790033
-5.843901,-3.929086,-39.791745
-4.478103,-4.599256,-39.794907
-3.059952,-5.152848,-39.791868
-1.626813,-5.830956,-39.792216
-0.051562,-6.675012,-39.799193
1.778319,-7.021345,-39.793820
3.523192,-6.640258,-39.791120
5.064697,-5.722559,-39.798672
6.493040,-4.620835,-39.796956
7.633396,-3.271184,-39.794993
8.380001,-1.709690,-39.799141
8.893106,-0.131188,-39.800515
9.205289,1.485643,-39.797572
9.323208,3.072666,-39.792772
9.265960,4.599412,-39.790307
8.844182,6.120573,-39.794619
8.420090,7.515238,-39.796987
8.040119,9.051109,-39.793159
-0.930281,6.188653,-43.995004
0.153603,5.593552,40.004997
0.060873,5.576208,40.004997
-0.031762,5.558359,40.004997
-0.124298,5.540003,40.004997
-0.124298,5.540003,40.004997
-0.216732,5.521140,40.004997
-0.216732,5.521140,40.004997
-0.309060,5.501770,40.004997
-0.309060,5.501770,40.004997
-0.401280,5.481892,40.004997
-0.401280,5.481892,40.004997
-0.493388,5.461505,40.004997
-0.585381,5.440610,40.004997
-0.769009,5.397292,40.004997
-1.043511,5.328488,40.004997
-1.588808,5.177056,40.004997
-3.188853,4.611262,40.004997
-6.071441,3.011659,40.004997
-8.631242,0.387489,40.004996
-10.027939,-2.699971,40.004996
-10.505346,-6.151300,40.004995
-10.145045,-9.993443,40.004996
-8.848977,-14.123413,40.004996
-6.547875,-18.116822,40.004996
-3.067409,-21.544250,40.004996
1.256779,-23.603919,40.004996
5.921801,-24.159099,40.004997
10.610304,-23.175303,40.004997
14.675063,-20.645000,40.004996
17.541725,-16.811081,40.004996
19.026859,-12.155401,40.004996
19.058791,-7.363770,40.004996
17.484451,-2.733319,40.004996
14.476000,1.255967,40.004996
10.598983,4.072128,40.004996
6.341718,5.567861,40.004997
2.871849,5.871150,40.004997
1.179164,5.750590,40.004997
0.525429,5.657840,40.004997
0.664001,5.906797,36.212258
0.379865,5.850201,36.211767
0.191920,5.806132,36.211074
0.098376,5.782281,36.210632
0.005108,5.757261,36.210134
-0.087889,5.731104,36.209585
-0.180621,5.703843,36.208989
-0.273096,5.675508,36.208353
-0.365320,5.646133,36.207682
-0.365320,5.646133,36.207682
-0.457298,5.615749,36.206981
-0.549038,5.584388,36.206256
-0.640545,5.552083,36.205511
-0.731826,5.518864,36.204752
-0.913737,5.449817,36.203215
-1.185067,5.340201,36.200938
-1.544244,5.184103,36.198181
-2.342923,4.800571,36.194712
-3.816712,3.854355,36.197235
-5.030376,2.479563,36.197746
-8.796326,-1.656507,36.200732
-9.089689,-4.627606,36.204560
-8.734933,-7.880168,36.206933
-8.068793,-12.301205,36.206622
-6.265081,-17.273770,36.210612
-2.919656,-20.139727,36.201966
1.180649,-23.220412,36.210093
6.019334,-24.494445,36.198627
10.766368,-23.619973,36.201200
15.129054,-21.447474,36.204055
17.962998,-17.359332,36.210630
21.855645,-14.733848,36.201011
22.132207,-9.406445,36.202052
19.528803,-3.633427,36.200256
15.616355,0.933992,36.204472
9.940042,4.139405,36.211436
6.643591,5.561605,36.199457
3.574631,6.029336,36.206897
1.918672,6.036892,36.209114
1.142892,5.976908,36.211764
1.180371,6.332075,32.397643
0.788465,6.279758,32.399063
0.499731,6.216797,32.400558
0.215700,6.133466,32.402322
0.028814,6.067766,32.403558
-0.063921,6.032138,32.404173
-0.248032,5.955771,32.405364
-0.339430,5.915209,32.405927
-0.430405,5.873179,32.406458
-0.520967,5.829771,32.406951
-0.611127,5.785072,32.407400
-0.700897,5.739173,32.407797
-0.790287,5.692160,32.408136
-0.967973,5.595152,32.408612
-1.144275,5.494758,32.408772
-1.319279,5.391687,32.408564
-1.664574,5.178581,32.406990
-2.158808,4.832206,32.402806
-2.737636,4.290676,32.397173
-3.302077,3.465258,32.395513
-7.641734,-0.742978,32.400231
-7.944634,-3.360318,32.408648
-7.682420,-6.225841,32.401025
-8.456581,-13.177953,32.400052
-6.435164,-17.816309,32.407132
-2.974515,-20.260850,32.403964
1.259051,-24.113030,32.401515
6.146726,-24.976863,32.407914
10.907668,-23.978151,32.408514
15.326026,-21.840553,32.410494
17.960483,-17.315550,32.400045
22.404630,-15.280009,32.407241
23.103772,-10.015131,32.399614
20.648573,-4.115660,32.405680
15.548877,0.986533,32.408950
11.378732,3.988956,32.406011
6.757685,5.569949,32.409982
4.567590,6.221441,32.400100
2.781539,6.345328,32.396221
1.778317,6.359940,32.396515
1.773930,6.795978,28.605951
1.273548,6.788873,28.604295
0.782885,6.732094,28.603155
0.496439,6.661148,28.603201
0.216657,6.562572,28.603718
-0.056591,6.440608,28.604448
-0.235191,6.348402,28.604926
-0.410984,6.248948,28.605309
-0.497840,6.196896,28.605440
-0.669497,6.088929,28.605536
-0.754306,6.033329,28.605481
-0.921902,5.919657,28.605120
-1.086393,5.802814,28.604438
-1.246815,5.681941,28.603531
-1.402163,5.556103,28.602507
-1.551437,5.424361,28.601470
-1.827745,5.139417,28.599776
-2.068436,4.820358,28.599264
-2.337153,4.393568,28.600484
-3.221638,3.515185,28.607011
-7.003304,-0.222859,28.605379
-7.453714,-2.775281,28.604752
-10.751838,-10.919653,28.603332
-9.819416,-16.214904,28.606146
-6.954295,-19.730656,28.599422
-3.300707,-23.121957,28.611751
1.308199,-25.219665,28.605158
6.263415,-25.481282,28.602106
10.985458,-24.262662,28.601036
15.370797,-21.871656,28.601106
18.421982,-17.894805,28.610826
20.438388,-13.427830,28.605496
21.011142,-8.639333,28.608071
18.862002,-3.302978,28.603819
14.668452,1.198945,28.605682
11.298120,3.999953,28.606061
7.265434,5.610165,28.602873
5.217118,6.380403,28.606081
3.764904,6.720898,28.605141
2.475438,6.784696,28.606809
2.440879,7.368888,24.797133
1.807372,7.370213,24.801108
1.171960,7.339336,24.807296
0.755334,7.278064,24.810842
0.351543,7.163239,24.812857
0.058551,7.042854,24.813407
-0.225993,6.899417,24.813448
-0.502101,6.738680,24.813268
-0.681467,6.624666,24.813165
-0.856660,6.505674,24.813106
-1.026963,6.380821,24.813059
-1.271660,6.180548,24.812934
-1.426560,6.037034,24.812764
-1.574230,5.884722,24.812489
-1.787604,5.647156,24.811949
-2.003768,5.415664,24.811459
-2.320331,5.148930,24.811275
-3.974734,4.443775,24.813155
-5.844570,3.076433,24.801351
-7.896632,0.811737,24.803402
-12.535520,-4.674419,24.800769
-14.554499,-10.568344,24.801678
-13.660302,-15.306743,24.806101
-11.324796,-19.543864,24.808951
-7.821276,-22.961491,24.802377
-3.524669,-25.062992,24.801276
1.309379,-26.140608,24.809529
6.355856,-25.877434,24.809589
11.090512,-24.360633,24.803500
15.338498,-21.819130,24.804886
18.438992,-17.947387,24.809698
20.067610,-13.147714,24.796999
20.330730,-8.173302,24.805171
18.090200,-2.996648,24.807420
14.783952,1.192604,24.810996
10.417191,4.090227,24.805339
8.161638,5.639209,24.807883
5.900752,6.505639,24.801584
4.506051,6.989277,24.809255
3.385871,7.285708,24.803963
3.101323,7.907284,21.004438
2.320065,8.037225,21.008745
1.640852,8.087465,21.001610
1.080857,8.029476,21.001772
0.531365,7.887681,21.008645
0.097014,7.756404,21.009873
-0.332865,7.616527,21.006454
-0.651828,7.501139,21.002518
-0.966627,7.373613,20.999030
-1.275293,7.231805,20.997787
-1.576172,7.074234,21.000397
-1.971320,6.853141,21.007475
-2.374010,6.648611,21.011723
-2.896253,6.432084,21.008897
-3.529948,6.184701,21.002905
-4.575391,5.748636,21.002020
-7.505076,4.894989,21.010270
-11.321533,2.909171,21.001223
-14.693903,-0.242949,21.006317
-16.188732,-3.888394,21.004037
-17.516548,-8.670212,20.999891
-17.044167,-13.371184,21.006697
-15.233216,-17.782998,21.009866
-12.474057,-21.967482,21.002041
-8.322225,-24.582896,20.999718
-3.561687,-26.127283,21.003296
1.385534,-26.665896,20.998961
6.320598,-26.056569,21.002681
11.007805,-24.327152,21.011657
15.168105,-21.602744,20.999758
18.198393,-17.642911,21.000793
19.874647,-12.949487,21.010145
20.029895,-7.951938,21.010971
18.665888,-3.259885,21.004364
15.995331,0.836613,20.998321
12.918900,3.832445,20.998137
10.192629,5.718534,21.000247
6.980641,6.737126,21.001364
4.993421,7.176826,21.007327
4.079549,7.622964,21.011478
3.601749,8.274237,17.200992
2.847207,8.573961,17.199463
2.148544,8.718386,17.203291
1.496270,8.852323,17.204378
0.778784,8.805901,17.201532
0.220989,8.589161,17.204433
-0.369132,8.549274,17.200741
-0.851455,8.559155,17.200349
-1.445201,8.505794,17.205490
-2.033210,8.406815,17.205035
-2.614944,8.273111,17.201796
-3.304186,8.080575,17.206854
-4.239722,7.896612,17.209857
-5.789208,7.744029,17.207231
-8.526794,7.519935,17.207001
-11.701337,6.510820,17.204098
-14.597174,4.549148,17.200432
-16.984985,1.713320,17.202940
-18.431857,-1.680835,17.209806
-19.179410,-5.587489,17.208949
-19.148130,-9.987856,17.199526
-17.993225,-14.366135,17.202338
-16.054580,-18.920645,17.209957
-12.789208,-22.797702,17.210897
-8.448768,-25.182011,17.204150
-3.595936,-26.457188,17.198463
1.413413,-26.694203,17.205522
6.357303,-25.871729,17.209231
10.903125,-24.027092,17.201473
14.858693,-21.144793,17.197522
17.793816,-17.081382,17.204723
19.441758,-12.577964,17.200813
19.629116,-7.705128,17.203172
18.426041,-3.160800,17.210609
16.327033,0.753092,17.205114
13.616038,3.768701,17.199285
10.940067,5.774975,17.202242
8.550907,7.089647,17.208036
6.436646,7.747259,17.202307
4.773787,8.100763,17.200167
4.224867,8.801490,13.409615
3.185638,9.004798,13.409764
2.421243,9.135696,13.397172
1.693203,9.452820,13.411691
1.027910,9.652893,13.410967
0.301898,9.582005,13.409391
-0.392314,9.475536,13.407255
-1.095599,9.723636,13.404096
-1.942133,9.811363,13.399645
-2.793836,9.738393,13.402946
-3.760700,9.740176,13.404167
-5.213498,9.808014,13.401579
-6.915911,9.649409,13.409471
-9.205372,9.321692,13.412175
-12.129760,8.499021,13.407937
-15.005052,6.877433,13.404570
-17.345661,4.417898,13.404322
-19.045014,1.297123,13.407560
-20.130918,-2.323922,13.412141
-20.289291,-6.316415,13.409596
-19.603698,-10.406156,13.403857
-18.281371,-14.700085,13.403290
-16.127839,-19.081306,13.403877
-12.732797,-22.701774,13.405090
-8.423907,-25.025033,13.405228
-3.569099,-26.171159,13.404723
1.410802,-26.205866,13.410489
6.205544,-25.325165,13.406159
10.679029,-23.428192,13.397570
14.449494,-20.346010,13.402653
17.177814,-16.327653,13.407452
18.774647,-11.956894,13.405623
18.977738,-7.266224,13.402886
17.818500,-2.881723,13.403045
16.134856,0.806461,13.402978
13.807362,3.727710,13.402210
11.106119,5.819777,13.400364
8.949572,7.156296,13.397591
6.999841,7.974004,13.395203
5.407987,8.453713,13.399100
4.597342,9.112412,9.627996
3.595512,9.371680,9.623141
2.710506,9.494586,9.606543
2.002367,9.961422,9.604734
1.140070,10.225276,9.609689
0.459130,10.439481,9.605721
-0.380611,10.471605,9.608145
-1.283559,10.751686,9.604167
-2.330598,10.984734,9.604069
-3.527004,11.035426,9.606661
-4.837014,11.039251,9.605542
-6.506134,10.962963,9.606686
-8.518979,10.708476,9.607395
-10.945379,10.096961,9.609658
-13.701618,8.923196,9.610898
-16.484601,7.023787,9.606213
-18.620383,4.339133,9.608425
-19.961457,1.114667,9.613234
-20.759645,-2.515071,9.604514
-20.567309,-6.417595,9.602723
-19.564366,-10.377335,9.606420
-18.057088,-14.520513,9.603502
-15.733425,-18.561774,9.605891
-12.370212,-21.953098,9.609403
-8.162776,-24.240686,9.607084
-3.495480,-25.288964,9.601290
1.266096,-25.192415,9.602443
5.996122,-24.325231,9.605749
10.355212,-22.442613,9.608768
13.805233,-19.287739,9.610229
16.320983,-15.374728,9.603789
17.865395,-11.064733,9.608467
18.049076,-6.704070,9.612698
16.899920,-2.419183,9.601841
15.701161,0.883901,9.595480
13.644634,3.729838,9.598319
11.091806,5.750445,9.601846
9.056738,7.192953,9.597851
7.271322,8.031227,9.597671
5.765482,8.604780,9.609401
4.757261,9.157219,5.818528
3.798461,9.556019,5.816052
2.955714,9.936336,5.803800
2.130365,10.353673,5.805310
1.269279,10.691835,5.805691
0.405744,11.023025,5.806690
-0.479645,11.289976,5.808127
-1.468467,11.617476,5.806398
-2.700104,11.916087,5.799070
-4.085894,12.049416,5.799198
-5.702131,12.095177,5.798111
-7.426600,11.891760,5.804716
-9.431277,11.336270,5.806232
-11.696507,10.448197,5.799309
-14.416244,9.161506,5.796171
-17.198161,7.068156,5.800906
-19.170898,4.357813,5.803736
-20.326271,1.075347,5.800389
-20.844519,-2.608839,5.802831
-20.401940,-6.375161,5.802060
-19.216138,-10.027548,5.798648
-17.540114,-13.835654,5.802227
-15.104800,-17.496104,5.810039
-11.837940,-20.620694,5.809727
-7.777434,-22.854837,5.806395
-3.364030,-23.844363,5.809602
1.239654,-23.652226,5.804042
5.735075,-22.841719,5.805629
9.821716,-21.055189,5.808249
13.001664,-17.809064,5.800178
15.269828,-14.037693,5.803565
16.636997,-10.061724,5.810803
16.773719,-5.821506,5.810112
15.742616,-1.900439,5.801264
15.047800,1.077425,5.798552
13.126970,3.825048,5.805774
10.751907,5.794382,5.805341
9.066811,7.190803,5.797046
7.340624,8.113839,5.799012
5.938596,8.685162,5.809369
4.926913,9.363762,1.999323
4.082248,9.887990,2.004477
3.208446,10.353568,2.010371
2.269821,10.684396,2.007896
1.459078,11.034610,2.004628
0.538855,11.408517,2.001779
-0.501651,11.776605,2.001635
-1.645648,12.188721,1.999600
-2.924820,12.520428,2.002663
-4.462950,12.694306,2.002487
-6.226997,12.777590,2.003735
-8.216994,12.552255,2.005000
-10.178309,11.828361,2.005482
-12.149906,10.602048,2.005990
-14.655221,9.177100,2.008547
-17.362513,7.116119,2.002959
-19.235227,4.354033,1.997104
-20.331698,0.991519,2.010192
-20.584041,-2.542193,2.004295
-19.955969,-6.124105,1.998503
-18.628517,-9.530523,2.004117
-16.722840,-13.019976,2.002442
-14.181476,-16.218086,2.000832
-11.084969,-18.897383,2.003390
-7.289770,-20.941635,2.005415
-3.077707,-21.886705,2.002628
1.091178,-21.679145,2.004520
5.283586,-20.911500,2.005654
9.055036,-19.217175,2.001178
11.948062,-15.978117,1.997767
13.926389,-12.383070,2.007861
15.075107,-8.555050,2.010158
15.112668,-4.805553,2.004858
14.331880,-1.248269,2.009466
14.122499,1.319924,2.010819
12.360581,3.843413,2.002508
10.397736,5.753657,1.998620
9.005768,7.134722,2.002163
7.380897,8.083314,2.005152
5.989026,8.781175,2.001401
5.213953,9.540881,-1.798473
4.299370,10.218594,-1.802627
3.363682,10.630041,-1.797505
2.376399,10.942039,-1.794899
1.535028,11.332047,-1.802535
0.574648,11.705368,-1.791724
-0.503925,12.053721,-1.788225
-1.681924,12.433645,-1.790770
-2.978645,12.763158,-1.803842
-4.618807,12.940871,-1.798426
-6.368903,12.993140,-1.797019
-8.446685,12.766187,-1.792134
-10.466439,12.009689,-1.789774
-12.281986,10.656140,-1.799588
-14.510470,9.141797,-1.804498
-17.166778,7.064391,-1.795209
-18.895932,4.345360,-1.786579
-19.935161,1.093273,-1.788226
-20.047702,-2.300916,-1.795940
-19.278057,-5.729300,-1.795507
-17.829233,-8.924441,-1.788607
-15.807274,-11.915778,-1.791762
-13.159886,-14.662424,-1.793755
-10.178470,-16.880688,-1.790210
-6.666535,-18.620952,-1.788252
-2.839187,-19.491736,-1.793298
1.057210,-19.343151,-1.791183
4.741772,-18.565928,-1.791736
8.193662,-16.813587,-1.794946
10.686725,-13.754302,-1.794065
12.285919,-10.256509,-1.800290
12.962533,-6.723478,-1.798189
12.858720,-3.313724,-1.793503
12.536431,-0.447705,-1.800818
12.456928,1.836683,-1.793047
11.014112,4.024186,-1.791418
9.717445,5.685867,-1.789343
8.540174,7.085226,-1.788227
7.202857,8.071917,-1.792248
6.115107,8.856536,-1.795225
5.415657,9.672358,-5.600831
4.517413,10.366335,-5.602694
3.470891,10.774769,-5.597075
2.483109,11.103220,-5.594791
1.550591,11.555931,-5.594780
0.571133,11.896789,-5.590152
-0.517113,12.203847,-5.593543
-1.705503,12.503884,-5.592256
-3.003347,12.740864,-5.600093
-4.508260,12.835043,-5.589619
-6.201690,12.769061,-5.598278
-8.190962,12.514816,-5.599558
-10.240414,11.841170,-5.589861
-12.101173,10.569040,-5.591068
-14.187810,9.071431,-5.596614
-16.616534,7.021695,-5.595969
-18.241787,4.347065,-5.589546
-19.176873,1.264304,-5.589191
-19.214280,-2.025904,-5.588712
-18.400771,-5.139817,-5.586654
-16.824148,-8.147938,-5.590467
-14.644121,-10.753608,-5.601153
-12.018119,-12.904236,-5.596206
-9.106276,-14.656305,-5.587387
-5.995537,-16.012741,-5.590236
-2.595572,-16.808270,-5.592231
0.891762,-16.808959,-5.589755
4.200634,-15.960701,-5.592740
7.158244,-14.123062,-5.600144
9.277181,-11.335207,-5.600706
10.462963,-8.011597,-5.597107
10.455324,-4.438103,-5.594509
10.135584,-1.534603,-5.596428
10.338377,0.531508,-5.598127
9.882838,2.543668,-5.589778
9.200008,4.212879,-5.591165
8.465797,5.629174,-5.588905
7.743254,6.848621,-5.590497
7.031985,7.957700,-5.601320
6.240086,8.887244,-5.602267
5.453132,9.772254,-9.395453
4.563688,10.444763,-9.385819
3.515554,10.816438,-9.396676
2.546691,11.189220,-9.403232
1.539782,11.674300,-9.394590
0.550309,11.975000,-9.389816
-0.536045,12.245336,-9.396718
-1.638274,12.430558,-9.400169
-2.929455,12.512265,-9.392339
-4.305018,12.479696,-9.393293
-5.749515,12.252527,-9.390465
-7.548022,11.961541,-9.386979
-9.628875,11.457119,-9.390587
-11.602785,10.415826,-9.401707
-13.741690,8.921634,-9.397360
-15.800694,6.983950,-9.381430
-17.296992,4.454256,-9.383346
-18.089201,1.539225,-9.389247
-18.089828,-1.566984,-9.396363
-17.236167,-4.547479,-9.402220
-15.596742,-7.189179,-9.402380
-13.391319,-9.379017,-9.399052
-10.845222,-10.978730,-9.398079
-8.021279,-12.279803,-9.399339
-5.209037,-13.353734,-9.401279
-2.275207,-14.026971,-9.403764
0.765333,-14.160465,-9.397998
3.704289,-13.273678,-9.395559
6.093781,-11.380694,-9.398319
7.901674,-8.853259,-9.394560
8.780576,-5.861219,-9.398810
8.052251,-2.228754,-9.394095
7.611610,0.190089,-9.388183
8.150317,1.513383,-9.395607
7.198472,3.211311,-9.396153
6.885436,4.499248,-9.398278
7.027375,5.612422,-9.401436
6.530856,6.626836,-9.393600
6.756482,7.905523,-9.386750
6.303584,8.907519,-9.393932
5.399949,9.769122,-13.187546
4.522567,10.413513,-13.198844
3.475347,10.766369,-13.188279
2.543604,11.203714,-13.196173
1.539367,11.661350,-13.200167
0.547052,11.927749,-13.190955
-0.533482,12.181903,-13.192968
-1.628430,12.241515,-13.193337
-2.814148,12.110603,-13.189655
-3.982729,11.937919,-13.193920
-5.186356,11.547690,-13.194515
-6.728451,11.232023,-13.194723
-8.847899,10.949432,-13.198364
-11.002524,10.146135,-13.201820
-13.033792,8.766611,-13.193868
-14.824038,6.856508,-13.183393
-16.183034,4.438011,-13.190144
-16.705295,1.816630,-13.202491
-16.669308,-0.984462,-13.202158
-15.871829,-3.767163,-13.192660
-14.220299,-6.011796,-13.191411
-12.034415,-7.855708,-13.196546
-9.557365,-9.048452,-13.190487
-7.004746,-9.926456,-13.188259
-4.534899,-10.749879,-13.199629
-1.999347,-11.300920,-13.200652
0.658306,-11.504619,-13.198848
3.143609,-10.713289,-13.193923
5.148585,-8.722698,-13.187653
6.577648,-6.616028,-13.191511
7.329409,-4.057972,-13.192339
6.493804,-0.788737,-13.190800
5.964431,1.232953,-13.195558
6.526915,2.242088,-13.199146
6.182260,3.491863,-13.200529
4.788272,4.705413,-13.197643
5.891371,5.518979,-13.194557
5.495367,6.398623,-13.195585
6.407566,7.725654,-13.200446
6.161325,8.853894,-13.188433
5.260459,9.639928,-16.994636
4.427874,10.262587,-16.999457
3.364508,10.626809,-17.002969
2.506093,11.103205,-16.991381
1.538256,11.514969,-16.998490
0.517897,11.760078,-17.001586
-0.519024,12.017168,-16.992355
-1.534807,11.915258,-16.985578
-2.544401,11.565919,-16.989850
-3.611046,11.235802,-17.000137
-4.547265,10.744088,-16.999999
-5.885891,10.456479,-16.994944
-8.047358,10.422995,-16.990005
-10.310173,9.828934,-16.992453
-12.162113,8.498311,-16.999387
-13.616881,6.731216,-17.002859
-14.821514,4.504428,-16.999160
-15.031852,2.162455,-16.996535
-14.950443,-0.355618,-16.989232
-14.299199,-2.798837,-16.988400
-12.616416,-4.730999,-16.998625
-10.562812,-6.240519,-16.992667
-8.292475,-7.103905,-16.987786
-5.967818,-7.706722,-16.989000
-3.884065,-8.317253,-16.988760
-1.698415,-8.734981,-16.986708
0.541608,-8.927359,-16.988074
2.654453,-8.276160,-16.991252
4.231228,-6.411146,-16.990103
5.452323,-4.557946,-16.986054
6.082105,-2.529784,-16.991128
5.856241,-0.244750,-17.001151
5.609717,1.492107,-17.001302
5.974195,2.446705,-17.000403
5.792381,3.605056,-17.001265
4.652100,4.706121,-17.001596
5.383635,5.496060,-16.987364
5.252250,6.367565,-16.991004
5.992973,7.568322,-16.999614
5.907849,8.729085,-16.996390
5.015896,9.389170,-20.788505
4.200166,10.023027,-20.801759
3.174082,10.397660,-20.799621
2.394722,10.878347,-20.803277
1.487289,11.236965,-20.791871
0.485403,11.460256,-20.801151
-0.489862,11.737158,-20.791395
-1.447923,11.390463,-20.785993
-2.289952,10.861958,-20.789627
-3.157342,10.424915,-20.786894
-3.909966,9.907485,-20.788428
-5.132591,9.754780,-20.796222
-7.333321,9.925697,-20.806935
-9.536958,9.441660,-20.806112
-11.015633,8.194012,-20.797228
-12.223167,6.560023,-20.788549
-13.223646,4.614487,-20.785148
-13.039774,2.534875,-20.785716
-12.926349,0.401604,-20.784091
-12.434973,-1.750873,-20.789278
-10.837210,-3.331598,-20.803208
-9.030939,-4.510203,-20.805418
-6.970674,-5.151705,-20.793865
-5.045419,-5.539256,-20.786863
-3.220722,-6.008540,-20.790733
-1.441911,-6.295934,-20.792551
0.388646,-6.449676,-20.788376
2.186615,-5.990840,-20.787457
3.453598,-4.323865,-20.800325
4.442452,-2.853070,-20.806291
4.999527,-1.219131,-20.800697
5.273102,0.277660,-20.794331
5.977407,1.197040,-20.797108
6.262644,2.346552,-20.796261
5.886501,3.590983,-20.799696
5.564099,4.625417,-20.802800
5.814749,5.561356,-20.790473
5.612526,6.449311,-20.803497
5.630448,7.418880,-20.787212
5.510208,8.460460,-20.777380
4.600047,9.068409,-24.603200
3.849705,9.674500,-24.598691
2.956003,10.016981,-24.596422
2.180439,10.514290,-24.588117
1.321378,10.816634,-24.594571
0.437474,11.020252,-24.588789
-0.439698,11.305504,-24.599360
-1.295369,10.592870,-24.598081
-2.003194,10.006870,-24.593686
-2.628421,9.569713,-24.593599
-3.286142,9.147201,-24.592919
-4.527306,9.204614,-24.592146
-6.577794,9.440923,-24.594759
-8.504047,9.001870,-24.596911
-9.597668,7.793477,-24.593028
-10.547290,6.398518,-24.591940
-11.315940,4.680494,-24.595030
-10.681447,3.040574,-24.591840
-10.588513,1.293122,-24.590587
-10.273120,-0.552337,-24.592301
-8.902260,-1.789099,-24.592824
-7.354909,-2.702651,-24.591090
-5.668466,-3.125488,-24.589759
-4.062498,-3.375210,-24.586131
-2.599170,-3.715749,-24.584473
-1.185765,-3.902728,-24.596514
0.259460,-3.999714,-24.598785
1.710537,-3.761022,-24.587421
2.751614,-2.426145,-24.594594
3.492832,-1.192139,-24.591999
4.121177,-0.063719,-24.587867
4.605501,0.923122,-24.599840
6.013183,1.210947,-24.604311
6.158360,2.383242,-24.594254
6.152730,3.526756,-24.596330
6.673346,4.485100,-24.602023
6.233471,5.537732,-24.592216
6.040546,6.541064,-24.590326
5.328612,7.339524,-24.598865
4.943694,8.159758,-24.604419
4.053860,8.610003,-28.390407
3.399025,9.181806,-28.402527
2.598804,9.493248,-28.389956
1.934265,9.924267,-28.401660
1.162483,10.185093,-28.395326
0.399111,10.392795,-28.395270
-0.423091,10.663496,-28.399551
-1.053777,9.509517,-28.396306
-1.640149,9.066352,-28.393314
-2.134324,8.713631,-28.400651
-2.807674,8.522905,-28.401774
-3.940528,8.663096,-28.391347
-5.706604,8.866043,-28.390824
-7.129805,8.397018,-28.398676
-7.777233,7.326615,-28.402585
-8.566456,6.140756,-28.405914
-8.913788,4.821101,-28.402206
-7.911070,3.635653,-28.388633
-7.967283,2.265158,-28.390635
-7.785829,0.877287,-28.398800
-6.737260,-0.054819,-28.402822
-5.550695,-0.693727,-28.403818
-4.226506,-0.960124,-28.400701
-3.032755,-1.102070,-28.401267
-1.953965,-1.325728,-28.404003
-0.880481,-1.456911,-28.395019
0.152915,-1.498793,-28.389159
1.225838,-1.403592,-28.398136
2.056834,-0.605322,-28.400424
2.564797,0.446477,-28.398113
3.073245,1.211597,-28.401069
3.665325,1.780547,-28.400125
4.943690,1.905638,-28.392894
5.739975,2.579423,-28.386951
5.672300,3.643526,-28.389343
6.872047,4.461480,-28.391561
6.170359,5.546007,-28.394230
6.002802,6.543264,-28.402696
4.964621,7.195705,-28.393417
4.409829,7.846013,-28.385090
3.226865,7.981263,-32.196484
2.725905,8.441692,-32.197562
2.071522,8.667452,-32.187354
1.525301,9.031798,-32.190578
0.903812,9.237994,-32.192863
0.285880,9.493340,-32.197706
-0.353574,9.015115,-32.190466
-0.793381,8.224235,-32.194229
-1.218389,8.013024,-32.190050
-1.662222,7.857630,-32.188776
-2.215444,7.792654,-32.193475
-3.133422,7.926443,-32.198042
-4.499017,8.077570,-32.199246
-5.062468,7.433279,-32.196249
-5.407020,6.665496,-32.194510
-5.964177,5.880448,-32.194995
-5.310025,4.996720,-32.198549
-4.701216,4.294430,-32.198264
-4.945044,3.417800,-32.195079
-4.817916,2.578894,-32.191028
-4.226707,1.974911,-32.187995
-3.457976,1.609861,-32.187687
-2.627990,1.488312,-32.192470
-1.885376,1.424701,-32.197084
-1.250539,1.310545,-32.198082
-0.591130,1.238129,-32.198717
0.013476,1.246646,-32.199765
0.659905,1.271565,-32.199889
1.270318,1.470665,-32.200329
1.625066,2.093970,-32.202287
1.899158,2.681695,-32.198941
2.259296,3.049598,-32.191460
2.869252,3.255848,-32.189798
4.575149,3.110556,-32.195283
4.437910,3.998371,-32.195788
5.860766,4.591248,-32.198033
5.192402,5.500023,-32.193948
5.010540,6.328128,-32.197034
4.346643,6.946595,-32.197001
3.648616,7.409594,-32.194525
0.803480,6.296897,-35.995004
