12.798543,-32.690060,30.956375
18.494313,-31.030609,30.956375
24.036627,-28.401200,30.956375
28.962219,-24.736904,30.956376
32.980503,-19.842011,30.956377
35.508787,-14.030192,30.956376
36.529071,-7.981520,30.956376
36.414034,-2.044330,30.956376
35.376838,3.798706,30.956376
33.498783,9.219108,30.956376
30.816889,14.067004,30.956376
27.449509,18.214094,30.956376
23.570108,21.592456,30.956376
19.186708,24.283173,30.956376
14.806456,26.113854,30.956376
10.404701,27.262771,30.956376
6.087170,27.802551,30.956376
1.736391,27.797329,30.956376
-2.385564,27.289758,30.956376
-6.229660,26.358966,30.956376
-9.945800,25.006069,30.956376
-13.486546,23.244043,30.956375
-16.795198,21.076957,30.956376
-19.937347,18.361693,30.956377
-22.510902,15.357447,30.956378
-24.550233,11.966560,30.956376
-25.993707,8.073781,30.956376
-26.728397,3.984842,30.956376
-26.859268,-0.165534,30.956376
-26.508437,-4.104934,30.956376
-25.660088,-8.371230,30.956376
-24.376834,-12.527472,30.956376
-22.679518,-16.533140,30.956376
-20.339577,-20.661905,30.956376
-17.325677,-24.581790,30.956376
-13.554116,-28.078839,30.956376
-9.000568,-30.873855,30.956376
-3.965575,-32.672152,30.956376
1.546180,-33.529141,30.956376
7.272642,-34.182579,27.712964
13.109805,-33.239817,27.713445
18.758210,-31.476017,27.704558
24.430381,-28.736600,27.705889
29.418394,-25.078694,27.708288
33.145509,-20.032141,27.704906
34.883627,-13.948221,27.708284
37.026621,-8.188661,27.701979
38.236891,-2.051429,27.697265
37.542880,3.878584,27.698910
35.569888,9.660400,27.703161
32.587786,14.761219,27.712644
28.984101,19.208996,27.705644
24.837741,22.810042,27.702091
20.234363,25.463146,27.708736
15.435605,27.198005,27.706182
10.615892,27.967579,27.711473
6.198329,28.849524,27.714054
1.982657,29.352156,27.712826
-2.384728,28.207986,27.711353
-6.221654,26.256788,27.700147
-10.092933,25.125455,27.702382
-14.060765,24.106232,27.707591
-17.811210,22.051868,27.705978
-20.884594,19.364766,27.707166
-23.708319,16.135863,27.705433
-25.777080,12.409586,27.709086
-27.435963,8.432750,27.705767
-28.386563,4.082535,27.704296
-28.185995,-0.213582,27.707669
-27.439081,-4.424746,27.699922
-26.361038,-8.566735,27.703131
-24.836417,-12.783692,27.709640
-22.876714,-16.817546,27.708832
-20.361185,-20.772798,27.706260
-17.243632,-24.545458,27.708567
-13.483873,-27.986581,27.709039
-9.021745,-30.844248,27.701647
-3.895832,-32.930085,27.699529
1.541518,-34.062633,27.705645
7.369041,-34.670720,24.455532
13.277856,-33.562542,24.455404
18.973130,-31.627580,24.451975
24.505151,-28.872881,24.455579
29.598929,-25.135389,24.457078
33.159289,-19.888777,24.450247
34.406505,-13.562854,24.448422
36.891424,-8.095972,24.453697
38.623643,-2.190080,24.462612
37.952097,4.061386,24.460055
35.826383,9.673574,24.448759
32.702030,14.798903,24.456632
29.184634,19.168758,24.454848
25.000884,22.856979,24.455151
20.311023,25.534335,24.463494
15.613964,27.186599,24.459890
10.698967,27.882740,24.461147
6.241955,28.888209,24.463475
1.996712,29.612212,24.464456
-2.436092,28.388589,24.463995
-6.265179,26.227137,24.454423
-10.226912,25.374635,24.456283
-14.368268,24.776238,24.462433
-18.275608,22.874856,24.462755
-21.587623,20.045597,24.460531
-24.607746,16.619920,24.452393
-26.687229,12.826470,24.454497
-28.612938,8.654385,24.457515
-29.734597,4.290202,24.456294
-29.459389,-0.292166,24.457831
-28.561002,-4.752679,24.460488
-27.369164,-8.934952,24.455378
-25.702840,-13.175927,24.448530
-23.573971,-17.204818,24.454025
-20.749091,-21.292782,24.462036
-17.598815,-24.869625,24.460559
-13.719356,-28.299751,24.461518
-9.155727,-31.147284,24.462887
-3.943551,-33.305086,24.461168
1.565897,-34.547511,24.457489
7.410576,-34.956435,21.205490
13.297135,-33.679758,21.212076
18.954472,-31.606205,21.202024
24.453669,-28.776728,21.202513
29.383153,-25.134853,21.207791
32.916575,-19.865933,21.206360
33.897293,-13.480427,21.207640
36.182499,-7.922873,21.203586
37.735211,-2.162434,21.203796
36.953519,3.870329,21.204514
34.671177,9.432619,21.198881
31.576825,14.343938,21.200303
28.187942,18.559381,21.200145
24.183745,22.152524,21.203967
19.696246,24.779021,21.209467
15.012473,26.485981,21.203395
10.310940,27.260742,21.199037
6.061161,28.270632,21.198586
1.808694,29.025141,21.203416
-2.477352,28.067745,21.210318
-6.281894,26.322565,21.206352
-10.307383,25.694618,21.208374
-14.668617,25.207147,21.211366
-18.794047,23.258736,21.205032
-22.128812,20.443423,21.199958
-25.162065,17.020270,21.205130
-27.372158,13.053637,21.210457
-29.423909,8.934508,21.211788
-30.782819,4.419620,21.204060
-30.628289,-0.387636,21.199332
-29.825407,-4.873253,21.209832
-28.524804,-9.462839,21.205271
-26.712014,-13.876394,21.206471
-24.387325,-18.043791,21.205291
-21.453827,-22.063420,21.204376
-18.060720,-25.712150,21.206538
-14.079435,-29.036934,21.199023
-9.223588,-31.810063,21.201379
-4.130712,-33.752829,21.203285
1.610082,-34.954050,21.201669
7.399131,-35.026964,17.951257
13.200237,-33.602076,17.950662
18.764759,-31.424851,17.954513
24.187386,-28.552742,17.960014
29.197322,-24.760706,17.963410
32.544398,-19.677314,17.964655
33.457995,-13.131812,17.962789
35.064025,-7.577533,17.952071
35.854271,-1.928194,17.950859
34.762967,3.786459,17.960696
32.489474,9.072345,17.963684
29.586689,13.561364,17.954791
26.348046,17.575376,17.955035
22.723440,20.911983,17.958525
18.514780,23.514605,17.958184
14.321135,25.231448,17.960072
9.920642,26.252325,17.957600
5.907362,27.219363,17.953591
1.672906,27.950202,17.956975
-2.431572,27.476630,17.963834
-6.229861,26.500696,17.953586
-10.502684,26.054371,17.947778
-14.791847,25.477292,17.952816
-18.909823,23.593306,17.954709
-22.413812,20.716794,17.953420
-25.440517,17.337552,17.963173
-27.778078,13.247637,17.957881
-29.976212,9.020582,17.949630
-31.535068,4.388528,17.952614
-31.650722,-0.377733,17.956474
-31.019598,-5.268682,17.954861
-29.803815,-9.841833,17.960282
-27.946043,-14.418199,17.964319
-25.422225,-18.900578,17.959416
-22.346905,-23.020596,17.956941
-18.777499,-26.730905,17.960964
-14.396251,-30.147683,17.959114
-9.434657,-32.625402,17.958577
-4.086062,-34.329176,17.957345
1.652067,-35.241375,17.954250
7.338335,-34.870112,14.708264
13.032959,-33.329230,14.713254
18.485160,-31.071910,14.708073
23.814966,-28.162089,14.699962
28.706486,-24.375660,14.701676
32.043740,-19.354783,14.707980
32.953480,-13.100824,14.704317
33.645854,-7.199298,14.705788
33.369876,-1.571789,14.711298
31.932765,3.557631,14.708815
29.817878,8.392676,14.700023
27.055646,12.654318,14.703822
24.116827,16.304410,14.709144
20.896249,19.397847,14.713352
17.195549,21.918559,14.711443
13.347266,23.770735,14.699541
9.496941,25.065736,14.702551
5.550354,26.067915,14.704727
1.740420,26.666810,14.701991
-2.325548,26.767444,14.705961
-6.389453,26.666999,14.701021
-10.650376,26.400313,14.703278
-14.845360,25.579699,14.706814
-19.082860,23.620837,14.704091
-22.565902,20.800333,14.705097
-25.684922,17.306511,14.706354
-27.990109,13.257695,14.705208
-30.171965,9.097671,14.706407
-31.920964,4.577791,14.707369
-32.466573,-0.499737,14.702342
-32.167918,-5.365622,14.698801
-30.950376,-10.508359,14.708309
-29.067845,-15.231328,14.713914
-26.483852,-19.842301,14.713163
-23.322057,-24.075350,14.710503
-19.471389,-27.994986,14.707696
-14.863121,-31.339462,14.704784
-9.822245,-33.488899,14.702068
-4.241753,-34.836934,14.701011
1.669410,-35.361921,14.702972
7.230263,-34.475276,11.458530
12.830822,-32.853241,11.463718
18.179745,-30.529928,11.456717
23.422572,-27.574551,11.459492
28.036538,-23.921948,11.465414
31.469896,-18.776458,11.460463
32.415384,-12.792056,11.453164
32.173602,-6.927394,11.453452
30.903083,-1.478173,11.459019
29.054821,3.432311,11.459377
27.032149,7.806237,11.454595
24.643854,11.526100,11.456566
21.902719,15.004770,11.460668
19.092955,17.878015,11.456976
15.917753,20.346344,11.449697
12.458809,22.391570,11.452918
8.993113,24.028641,11.455455
5.325771,25.035748,11.453093
1.531252,25.536783,11.450198
-2.237857,26.142174,11.453096
-6.410516,26.869440,11.462005
-10.598352,26.677359,11.459179
-14.902364,25.517714,11.455505
-18.890069,23.647517,11.454943
-22.530097,20.779910,11.447714
-25.627814,17.335914,11.457533
-27.906477,13.329431,11.459756
-30.098280,9.016721,11.459093
-31.978150,4.589019,11.458103
-33.018515,-0.546172,11.451889
-33.080680,-5.571113,11.451454
-32.019047,-10.894189,11.460265
-30.178772,-15.790735,11.454117
-27.596663,-20.564714,11.453615
-24.272714,-25.106527,11.456234
-20.311883,-29.114954,11.450470
-15.496074,-32.410872,11.456229
-10.009669,-34.359115,11.458627
-4.210777,-35.240049,11.456447
1.645764,-35.262930,11.454876
7.073914,-33.835871,8.203040
12.604567,-32.174563,8.210916
17.868579,-29.797478,8.213064
22.859800,-26.890773,8.205409
27.366866,-23.230459,8.197438
30.696959,-18.284976,8.199085
31.757577,-12.573443,8.207228
30.916076,-6.645576,8.208686
28.979860,-1.198624,8.206689
26.931681,3.341458,8.205968
24.934584,7.241397,8.206194
22.714758,10.787097,8.207665
20.326132,13.975682,8.210838
17.796123,16.794757,8.207041
14.981178,19.321436,8.199953
11.903425,21.513647,8.206561
8.814352,23.402647,8.210475
5.242313,24.505590,8.205502
1.464278,24.927409,8.200627
-2.204348,25.854155,8.205926
-6.459738,27.062220,8.213060
-10.756785,26.748065,8.204352
-14.771896,25.369239,8.199614
-18.857688,23.357979,8.205053
-22.326028,20.660066,8.204514
-25.411383,17.260139,8.210262
-27.644402,13.275117,8.209438
-29.683392,8.940975,8.203662
-31.712477,4.396509,8.206796
-33.203997,-0.567085,8.212638
-33.648486,-5.730516,8.207254
-32.813994,-11.045244,8.211939
-30.968224,-16.314714,8.210024
-28.390101,-21.260707,8.206822
-25.033746,-25.963596,8.208923
-20.803235,-30.194748,8.209273
-15.918597,-33.295700,8.205272
-10.183394,-34.959504,8.204874
-4.200651,-35.359740,8.203175
1.574418,-34.892063,8.200558
7.057020,-32.905504,4.949295
12.329788,-31.303857,4.948866
17.332477,-28.987097,4.957742
22.079883,-26.164359,4.963413
26.503311,-22.532361,4.959415
29.746513,-17.820218,4.953302
30.959722,-12.203697,4.953672
29.833008,-6.217311,4.950935
27.810496,-1.056115,4.951918
25.834685,3.228478,4.952747
23.809004,7.061653,4.951835
21.784263,10.442586,4.955747
19.637803,13.505788,4.954599
17.251222,16.395463,4.951745
14.610606,19.042508,4.953605
11.858991,21.266464,4.957063
8.746241,23.427248,4.960553
5.250915,24.586375,4.956571
1.504341,24.973610,4.951124
-2.311226,25.953736,4.955530
-6.526695,27.163345,4.953766
-10.737576,26.658190,4.953948
-14.635192,25.070688,4.955604
-18.464321,23.099019,4.956718
-22.074487,20.345700,4.961542
-25.120322,16.979404,4.964715
-27.267994,13.003781,4.962042
-28.990529,8.800816,4.958021
-30.885806,4.474400,4.955275
-32.833496,-0.476110,4.955793
-33.644202,-5.738503,4.959424
-32.990978,-11.217725,4.955804
-31.279261,-16.468424,4.956911
-28.724954,-21.577704,4.953942
-25.345500,-26.431107,4.954583
-21.145403,-30.595579,4.961025
-16.049578,-33.610003,4.952220
-10.112337,-35.051534,4.951140
-4.202485,-35.061655,4.953121
1.459443,-34.204497,4.952276
6.787135,-31.791648,1.706970
11.958445,-30.270184,1.701535
16.667074,-28.056858,1.701681
21.451887,-25.137866,1.701825
25.590942,-21.666382,1.708552
28.686388,-17.222965,1.713307
30.007802,-11.757356,1.700686
28.996989,-6.084935,1.705454
27.231911,-1.150921,1.710107
25.509804,3.132623,1.709964
23.691732,6.968246,1.708754
21.722150,10.507874,1.700829
19.708788,13.567086,1.706659
17.338203,16.614831,1.710687
14.829632,19.281436,1.703307
12.047544,21.656782,1.705121
8.854238,23.886788,1.704274
5.250770,25.117223,1.703348
1.583382,25.516352,1.705172
-2.210445,26.187815,1.706216
-6.408237,27.067694,1.711225
-10.514307,26.416379,1.708995
-14.435068,24.633922,1.701012
-18.137855,22.607399,1.698397
-21.681745,19.928347,1.703198
-24.658782,16.629966,1.704960
-26.709587,12.706351,1.701703
-28.026185,8.656860,1.702973
-29.617143,4.327771,1.709407
-31.652014,-0.472327,1.710327
-32.584163,-5.600475,1.703072
-32.122466,-10.790663,1.700810
-30.492354,-16.146401,1.700410
-28.145402,-21.008791,1.704221
-24.896809,-25.807653,1.706007
-20.782921,-29.871994,1.702247
-15.568326,-32.814667,1.703236
-9.949221,-34.273308,1.701380
-4.204226,-34.241010,1.703187
1.499837,-33.134615,1.707781
6.450742,-30.447096,-1.546106
11.436600,-29.093234,-1.538107
16.115749,-26.873932,-1.545003
20.533251,-24.128164,-1.542057
24.495259,-20.786881,-1.534575
27.573456,-16.368401,-1.536253
28.885331,-11.324728,-1.542477
28.174529,-5.835459,-1.548382
26.828822,-0.994748,-1.546906
25.528261,3.246617,-1.545735
24.062109,7.048920,-1.547413
22.217139,10.681135,-1.544274
20.159263,13.981543,-1.544564
17.939736,16.947763,-1.543404
15.305130,19.807300,-1.537617
12.348821,22.331138,-1.537820
9.238115,24.372298,-1.545155
5.432692,25.776186,-1.551776
1.562225,26.262818,-1.548415
-2.317024,26.492145,-1.539535
-6.406675,26.771568,-1.538647
-10.337747,25.908490,-1.537488
-14.042678,24.121352,-1.540705
-17.717995,21.992662,-1.548999
-21.126371,19.433459,-1.550583
-23.989600,16.273807,-1.550168
-25.958782,12.490669,-1.542419
-26.892883,8.331466,-1.543579
-27.786573,4.183013,-1.548279
-29.159421,-0.243286,-1.544838
-29.651197,-4.851788,-1.545127
-29.174784,-9.645372,-1.544774
-27.785763,-14.449880,-1.544676
-25.712964,-18.997877,-1.545176
-22.824991,-23.543816,-1.545720
-19.122893,-27.412015,-1.546297
-14.575571,-30.283501,-1.545078
-9.416484,-32.472033,-1.538403
-4.015518,-32.867476,-1.540464
1.313681,-31.786555,-1.547922
6.061166,-28.892371,-4.798374
10.801922,-27.744351,-4.792390
15.393975,-25.580740,-4.798471
19.564563,-22.954389,-4.794138
23.431651,-19.651977,-4.787940
26.236632,-15.612506,-4.791779
27.582664,-10.688406,-4.795279
27.303925,-5.618796,-4.790783
26.515287,-0.937750,-4.792468
25.642982,3.175246,-4.795623
24.362005,7.185311,-4.792928
22.657636,10.840489,-4.791166
20.692781,14.163556,-4.791256
18.314325,17.419047,-4.795319
15.698928,20.257722,-4.796544
12.747488,22.746539,-4.787598
9.290938,24.818493,-4.794576
5.674555,26.206363,-4.799305
1.699360,26.823646,-4.794470
-2.333147,26.616051,-4.796035
-6.186522,26.267038,-4.792180
-10.055877,25.196648,-4.797403
-13.683920,23.404963,-4.799574
-17.125039,21.304400,-4.793665
-20.363164,18.900276,-4.795774
-23.201891,15.792951,-4.793715
-25.118107,12.015885,-4.794439
-25.617887,7.865026,-4.798403
-25.696536,3.996578,-4.794272
-25.895011,-0.020420,-4.789128
-25.351533,-4.024085,-4.796671
-24.609300,-7.810191,-4.790699
-23.444402,-11.852865,-4.791618
-21.795158,-15.910684,-4.795706
-19.616550,-19.935905,-4.795986
-16.678314,-23.616703,-4.796711
-12.906542,-26.780433,-4.796389
-8.765845,-29.868138,-4.790399
-3.740147,-30.942485,-4.792282
1.241852,-30.063759,-4.799012
5.629389,-27.159250,-8.039902
10.285854,-26.153291,-8.036414
14.485960,-24.189638,-8.037031
18.424795,-21.698784,-8.042560
22.093273,-18.578928,-8.046232
24.823282,-14.628113,-8.044257
26.090586,-9.972413,-8.043762
26.235835,-5.331690,-8.049949
26.002072,-1.020961,-8.043673
25.385958,3.239483,-8.038230
24.184998,7.211132,-8.044170
22.592132,10.858498,-8.039796
20.717308,14.180755,-8.045065
18.401443,17.415094,-8.049231
15.830906,20.235895,-8.043843
12.777427,22.797232,-8.047589
9.322858,24.743415,-8.043769
5.589587,26.212285,-8.043776
1.697484,26.905390,-8.051042
-2.266348,26.428040,-8.048524
-6.140380,25.498362,-8.038851
-9.753322,24.278790,-8.036714
-13.164684,22.585083,-8.045157
-16.377643,20.521036,-8.050956
-19.575405,18.156290,-8.043405
-22.261597,15.223261,-8.038809
-24.056398,11.626456,-8.040178
-24.283936,7.539094,-8.048050
-23.698902,3.735937,-8.047153
-23.011878,0.169487,-8.039317
-21.887042,-3.129977,-8.041873
-20.874076,-6.460655,-8.041753
-19.815414,-9.778239,-8.038789
-18.470257,-13.163513,-8.042036
-16.763243,-16.589569,-8.045036
-14.408134,-19.972578,-8.042837
-11.450503,-23.125161,-8.044120
-8.023548,-26.856978,-8.043824
-3.524546,-28.455658,-8.043105
1.123015,-27.998646,-8.042293
5.299455,-25.237562,-11.289053
9.547511,-24.415618,-11.291167
13.515090,-22.598294,-11.289575
17.221600,-20.266353,-11.292647
20.692514,-17.335959,-11.291541
23.231702,-13.617050,-11.285827
24.370663,-9.383523,-11.289128
24.878713,-5.039288,-11.296434
25.017885,-0.825898,-11.299925
24.570023,3.197354,-11.297119
23.459138,6.942147,-11.291527
21.967370,10.547208,-11.290150
20.180077,13.836055,-11.297766
17.933475,17.023285,-11.296875
15.421258,19.802788,-11.287550
12.421611,22.306108,-11.298241
9.009675,24.160033,-11.301593
5.502689,25.561227,-11.292110
1.552291,26.346798,-11.287957
-2.322532,25.762890,-11.298325
-5.855303,24.518509,-11.298413
-9.357262,23.183647,-11.295983
-12.562570,21.600046,-11.292044
-15.677025,19.506698,-11.291263
-18.553103,17.365915,-11.298607
-21.195486,14.500687,-11.291516
-22.834478,11.092786,-11.291273
-22.949948,7.241867,-11.293608
-22.133321,3.552907,-11.289991
-21.243030,0.250629,-11.291541
-20.109471,-2.824883,-11.299091
-19.070760,-5.766045,-11.293186
-17.937739,-8.672874,-11.295380
-16.607773,-11.491913,-11.294817
-14.912224,-14.484404,-11.291241
-12.798799,-17.366460,-11.290556
-10.196151,-20.284206,-11.287235
-7.218670,-23.760579,-11.287972
-3.325359,-25.550888,-11.288332
1.043430,-25.665583,-11.287734
4.737512,-23.168240,-14.545944
8.732014,-22.472120,-14.550040
12.449094,-20.812818,-14.542329
15.908709,-18.665810,-14.543500
19.166757,-15.939919,-14.546433
21.425453,-12.590615,-14.542926
22.475760,-8.490518,-14.542366
23.200211,-4.624372,-14.547001
23.552006,-0.717493,-14.542876
23.208210,3.046483,-14.539059
22.195445,6.692607,-14.544190
20.849943,10.070541,-14.543287
19.142878,13.279235,-14.543913
17.061824,16.258263,-14.548668
14.627247,18.960910,-14.549692
11.837061,21.302197,-14.541041
8.524523,23.088715,-14.538511
5.122237,24.444266,-14.538592
1.443730,25.225111,-14.536240
-2.172117,24.704757,-14.538187
-5.520673,23.291320,-14.545186
-8.748391,21.955565,-14.544689
-11.868888,20.431289,-14.541425
-14.733966,18.422255,-14.542294
-17.518345,16.323654,-14.542721
-19.888063,13.759379,-14.545355
-21.426732,10.443055,-14.540484
-21.589484,6.981193,-14.540629
-20.983947,3.524385,-14.548377
-20.303828,0.256989,-14.548355
-19.440980,-2.672598,-14.542264
-18.427621,-5.397712,-14.546602
-17.127534,-8.160009,-14.543328
-15.565222,-10.781449,-14.538375
-13.781645,-13.262566,-14.536453
-11.688775,-15.674560,-14.538774
-9.205635,-18.132224,-14.546709
-6.394633,-20.671944,-14.548688
-3.060793,-22.363562,-14.545726
0.862360,-23.128539,-14.543006
4.250161,-20.898091,-17.797224
7.961767,-20.273468,-17.794234
11.271260,-18.815293,-17.792913
14.470758,-16.879619,-17.787686
17.401294,-14.476527,-17.792912
19.496858,-11.262126,-17.798610
20.350135,-7.592102,-17.787518
21.191713,-4.065537,-17.792248
21.574210,-0.489474,-17.799300
21.281485,2.994091,-17.796659
20.539825,6.255685,-17.790549
19.293278,9.504475,-17.791793
17.724462,12.464854,-17.792649
15.824876,15.216913,-17.790776
13.590849,17.712347,-17.789868
10.918641,19.953171,-17.791401
7.864286,21.593852,-17.791499
4.734728,22.833937,-17.792886
1.350557,23.606253,-17.794929
-2.119402,23.179907,-17.793620
-5.273937,21.718036,-17.796263
-8.225748,20.439147,-17.800327
-11.095162,19.033491,-17.797792
-13.698608,17.134120,-17.791909
-16.242728,15.175990,-17.792651
-18.436034,12.816480,-17.788875
-19.788947,9.758123,-17.791297
-20.080235,6.555117,-17.798172
-19.850284,3.348034,-17.801316
-19.544585,0.419333,-17.798258
-18.989283,-2.472397,-17.794574
-17.944289,-5.225327,-17.800500
-16.508147,-7.797565,-17.801378
-14.846931,-10.065495,-17.790669
-12.860893,-12.236013,-17.789119
-10.725923,-14.272943,-17.799037
-8.431761,-16.109527,-17.799687
-5.614453,-17.649781,-17.793587
-2.683183,-19.088308,-17.792533
0.704253,-20.404533,-17.796239
3.678029,-18.383099,-21.042528
6.941112,-17.853845,-21.044236
9.943196,-16.569432,-21.048985
12.854812,-14.872133,-21.042666
15.533857,-12.717718,-21.042746
17.295168,-9.891324,-21.046840
17.967360,-6.549590,-21.038849
18.771645,-3.494247,-21.036117
19.064227,-0.280031,-21.045260
18.849552,2.764270,-21.046840
18.420960,5.870077,-21.037356
17.371704,8.699966,-21.044988
15.945900,11.379849,-21.044909
14.177091,13.969234,-21.042499
12.149803,16.216785,-21.047679
9.833905,18.169598,-21.041349
7.085931,19.672909,-21.038853
4.259812,20.781968,-21.044063
1.205609,21.515462,-21.048779
-1.941168,21.242988,-21.048064
-4.784476,19.923442,-21.046896
-7.548881,18.685626,-21.047425
-10.140432,17.421213,-21.049812
-12.457435,15.657988,-21.049092
-14.730711,13.858558,-21.041956
-16.722476,11.728430,-21.042858
-17.903529,8.968565,-21.042478
-18.350842,6.081541,-21.037694
-18.477165,3.191452,-21.039249
-18.430108,0.405388,-21.044411
-18.132967,-2.356646,-21.041675
-17.105635,-4.940846,-21.047055
-15.594174,-7.278887,-21.048980
-13.840100,-9.280052,-21.043983
-11.850423,-11.033105,-21.039329
-9.770488,-12.722222,-21.036916
-7.528833,-14.108649,-21.037419
-4.939609,-14.747867,-21.044799
-2.379400,-15.890091,-21.048091
0.484721,-17.544873,-21.045725
3.100883,-15.527228,-24.291515
5.858722,-15.074596,-24.293931
8.490496,-13.988711,-24.293564
10.969419,-12.615213,-24.295167
13.268181,-10.834595,-24.295601
14.799358,-8.263539,-24.293227
15.257338,-5.312151,-24.291333
15.873525,-2.729668,-24.291488
15.958163,-0.025901,-24.290878
15.850981,2.635774,-24.289524
15.854204,5.265284,-24.291003
14.991375,7.745597,-24.297238
13.719130,10.089137,-24.295122
12.264210,12.274489,-24.288013
10.507905,14.250096,-24.286675
8.406951,16.025556,-24.290575
6.105922,17.300636,-24.297624
3.539980,18.300118,-24.298602
0.870665,18.938909,-24.294473
-1.778815,18.784960,-24.298648
-4.378118,17.647179,-24.299019
-6.699823,16.611438,-24.292520
-8.969776,15.525046,-24.291088
-10.959919,13.942869,-24.299132
-12.901867,12.321131,-24.299638
-14.723977,10.386701,-24.292540
-15.694168,8.078698,-24.292269
-16.253564,5.583124,-24.295412
-16.661618,3.097309,-24.292868
-16.776395,0.557144,-24.288543
-16.647474,-1.969928,-24.290971
-15.694672,-4.316557,-24.294727
-14.212835,-6.377523,-24.299633
-12.409549,-8.159882,-24.300509
-10.546894,-9.527154,-24.296423
-8.623816,-10.881890,-24.294384
-6.555663,-11.842445,-24.294707
-4.224378,-11.963496,-24.290208
-2.131266,-12.871560,-24.287490
0.257857,-14.587326,-24.287993
2.313435,-12.165983,-27.548761
4.581129,-11.803415,-27.547202
6.678807,-10.996270,-27.541383
8.762136,-9.956079,-27.538183
10.676166,-8.515233,-27.542749
11.809776,-6.444931,-27.545373
12.031557,-3.993155,-27.541624
12.317938,-1.835531,-27.544179
12.150003,0.315448,-27.540868
12.195841,2.386743,-27.540257
12.651881,4.589415,-27.548578
11.984246,6.628037,-27.548089
10.947428,8.485895,-27.542014
9.778634,10.284094,-27.538214
8.336952,11.909629,-27.539816
6.686683,13.323412,-27.540328
4.815430,14.403117,-27.539015
2.790119,15.193524,-27.542106
0.598355,15.717612,-27.548274
-1.579600,15.665683,-27.543014
-3.689844,14.909311,-27.538030
-5.686459,14.038418,-27.540060
-7.551747,13.144934,-27.544099
-9.226931,11.760716,-27.543704
-10.763471,10.363142,-27.540070
-12.197185,8.829124,-27.541822
-13.045121,6.867620,-27.544757
-13.672490,4.867690,-27.543798
-14.286194,2.807676,-27.544741
-14.435705,0.719098,-27.550461
-14.341057,-1.442949,-27.549102
-13.459317,-3.517233,-27.538999
-12.096020,-5.204178,-27.548525
-10.525010,-6.575218,-27.542434
-8.848277,-7.627484,-27.536718
-7.197093,-8.653820,-27.540549
-5.427505,-9.198682,-27.542041
-3.443910,-9.063368,-27.541483
-1.793975,-9.880602,-27.542852
0.049598,-11.378979,-27.546025
1.413378,-7.923660,-30.791034
2.896620,-7.678591,-30.791855
4.413946,-7.175476,-30.793595
5.953154,-6.546280,-30.793913
7.330894,-5.527926,-30.792080
7.978628,-3.993096,-30.793169
7.882499,-2.162464,-30.796267
7.721230,-0.634580,-30.795894
7.395959,0.788534,-30.797856
7.602080,2.082776,-30.797062
8.421398,3.618330,-30.790882
8.041382,5.004811,-30.790364
7.303239,6.300337,-30.789699
6.546333,7.542531,-30.789175
5.548990,8.723322,-30.792714
4.444739,9.724540,-30.793656
3.144062,10.538309,-30.794710
1.710313,11.131795,-30.795730
0.215156,11.530426,-30.792354
-1.378996,11.450627,-30.791038
-2.883890,11.070800,-30.791891
-4.288761,10.599264,-30.792130
-5.674030,9.920688,-30.791580
-6.839708,8.908395,-30.792913
-7.835584,7.813528,-30.795988
-8.828226,6.697157,-30.796040
-9.517326,5.335986,-30.795235
-10.118724,3.983779,-30.797219
-10.919739,2.537150,-30.796071
-11.057633,0.921838,-30.789603
-10.802260,-0.722549,-30.791816
-10.114309,-2.174604,-30.796611
-9.046944,-3.372599,-30.793915
-7.809750,-4.302688,-30.795427
-6.508916,-4.989084,-30.794809
-5.293646,-5.670071,-30.792684
-3.925061,-5.768844,-30.793214
-2.573639,-5.690241,-30.794400
-1.506507,-6.389435,-30.793752
-0.138026,-7.533724,-30.791940
-1.819210,1.374922,-34.043624
11.486933,-24.917672,30.956376
16.534330,-23.983234,30.956376
21.514950,-22.249986,30.956376
26.238518,-19.558742,30.956376
30.193610,-15.655453,30.956376
32.611468,-10.627478,30.956376
33.283107,-5.094483,30.956376
32.271847,0.386846,30.956376
29.839746,5.233782,30.956376
26.375518,9.220728,30.956376
22.591265,12.252452,30.956376
18.939056,14.477731,30.956376
15.593432,16.072068,30.956376
12.514443,17.198613,30.956376
9.621034,17.965750,30.956376
6.808999,18.433809,30.956376
4.249180,18.608028,30.956376
1.685019,18.519916,30.956376
-0.572982,18.197133,30.956376
-2.914209,17.572102,30.956376
-5.017234,16.689119,30.956376
-6.847072,15.581919,30.956376
-8.580424,14.099110,30.956376
-9.940150,12.448783,30.956376
-11.010715,10.598419,30.956376
-11.811401,8.615938,30.956376
-12.351422,6.695324,30.956376
-12.739678,4.593369,30.956376
-12.947103,2.609172,30.956376
-13.021439,0.472914,30.956376
-12.946653,-1.805904,30.956376
-12.684315,-4.357450,30.956376
-12.208581,-7.022892,30.956376
-11.441018,-9.916166,30.956376
-10.230840,-13.114722,30.956376
-8.335141,-16.630997,30.956376
-5.646038,-19.958690,30.956376
-2.185423,-22.516797,30.956376
2.103515,-24.295085,30.956376
5.778638,-21.185795,28.208758
9.866653,-20.822936,28.201736
13.502829,-19.036424,28.201714
17.672269,-17.581286,28.204182
22.730864,-16.317370,28.204329
27.209907,-13.750961,28.203695
29.782250,-9.437057,28.206026
30.866476,-4.528987,28.206828
30.396972,0.542255,28.209267
28.509414,5.171586,28.213181
25.638160,9.078046,28.211451
22.352176,12.072973,28.201443
18.857385,14.341503,28.203381
15.713881,16.166893,28.208423
12.909915,17.767511,28.204743
10.100460,18.713950,28.205298
7.014089,18.927229,28.208000
4.198748,18.678661,28.209521
1.787517,18.520031,28.211448
-0.668163,18.480219,28.213576
-2.914778,17.747980,28.209927
-4.854333,16.474251,28.202812
-6.759451,15.222435,28.200554
-8.340913,13.762972,28.203223
-9.724318,12.293051,28.200930
-11.171009,10.694531,28.202048
-12.370987,8.918461,28.203446
-13.384513,6.858071,28.206585
-14.095620,4.694848,28.207066
-14.327623,2.414682,28.199240
-14.399551,0.130187,28.201576
-14.421088,-2.425054,28.209416
-13.986596,-5.080590,28.212673
-13.096555,-7.760439,28.210544
-11.913972,-10.480220,28.207561
-10.236031,-13.224759,28.208518
-8.027500,-15.783084,28.209283
-5.270250,-18.140383,28.204524
-1.918079,-19.729269,28.206349
1.791326,-20.629382,28.210865
5.259523,-18.835723,25.460426
8.920062,-18.399531,25.457663
12.118853,-16.595863,25.452554
15.820863,-15.463389,25.456882
20.665125,-14.529630,25.457302
24.923372,-12.189937,25.453183
27.391543,-8.303968,25.458752
28.618770,-3.871040,25.458304
28.478824,0.660247,25.456914
27.050769,5.014246,25.458793
24.632946,8.880575,25.462026
21.695475,11.844223,25.464917
18.367792,14.124866,25.457536
15.523716,15.962529,25.454210
12.954442,17.744163,25.461419
10.147334,18.789764,25.457769
7.019230,18.918642,25.455439
4.181589,18.529483,25.457016
1.721680,18.338985,25.452677
-0.681608,18.493308,25.455958
-2.898659,17.722707,25.455731
-4.772394,16.212802,25.454627
-6.615993,15.005400,25.461089
-8.167110,13.617342,25.459695
-9.706635,12.212875,25.459816
-11.445952,10.833148,25.459397
-13.010467,9.114153,25.462033
-14.307341,7.140239,25.460089
-15.336569,4.911698,25.455536
-15.718428,2.325521,25.461503
-15.864957,-0.271584,25.460337
-15.955321,-3.003598,25.452567
-15.381953,-5.943543,25.457429
-14.233622,-8.564152,25.452541
-12.646480,-11.272188,25.450474
-10.519210,-13.705137,25.456795
-7.910143,-15.692228,25.458723
-4.978323,-17.359250,25.455023
-1.769192,-18.192930,25.455190
1.639846,-18.520830,25.458238
5.053512,-17.919887,22.704159
8.522794,-17.397953,22.706702
11.586583,-15.770165,22.709545
15.199338,-14.558940,22.710900
19.334242,-13.418156,22.709808
23.066669,-11.072963,22.706074
25.309942,-7.463720,22.703716
26.522685,-3.389553,22.709201
26.529058,0.927486,22.711617
25.382079,5.009715,22.710189
23.411445,8.592685,22.709954
20.730281,11.511756,22.704757
17.734981,13.689529,22.704209
14.981022,15.548305,22.705666
12.589312,17.259323,22.703328
9.725279,18.332129,22.703047
6.779703,18.484540,22.701187
4.117992,18.174190,22.701151
1.706118,17.992360,22.706869
-0.657282,18.244538,22.704654
-2.813943,17.547051,22.707190
-4.722771,15.930303,22.711184
-6.464881,14.877941,22.703310
-8.167946,13.535318,22.700438
-9.784136,12.284744,22.708613
-11.735524,11.053690,22.704326
-13.611282,9.357530,22.703466
-15.196916,7.326398,22.709620
-16.494920,5.004649,22.708314
-17.090109,2.246891,22.708423
-17.348213,-0.548450,22.705891
-17.480947,-3.610099,22.701039
-16.848268,-6.742020,22.701120
-15.436667,-9.599060,22.700838
-13.514154,-12.332769,22.700950
-11.070789,-14.537799,22.706130
-8.136968,-16.147481,22.712021
-5.058570,-17.366762,22.711034
-1.699087,-17.833737,22.707413
1.653418,-17.851130,22.704451
5.104528,-18.174198,19.959353
8.531899,-17.436337,19.957784
11.704573,-15.840203,19.957156
14.925753,-14.388251,19.952135
18.512781,-12.722900,19.953851
21.635533,-10.203207,19.960516
23.614084,-6.645840,19.960045
24.625909,-2.834735,19.960049
24.623763,1.067723,19.955962
23.663095,4.890563,19.953426
21.967480,8.286285,19.958094
19.559608,11.055056,19.958352
16.854647,13.139223,19.959408
14.228897,14.906755,19.961864
11.788124,16.494703,19.960365
9.176270,17.420013,19.953901
6.520815,17.714224,19.955845
3.997924,17.633249,19.961837
1.607238,17.503321,19.956021
-0.598698,17.766849,19.956191
-2.765056,17.159093,19.957565
-4.599991,15.703450,19.957084
-6.389420,14.770444,19.958629
-8.201186,13.617360,19.954481
-9.995052,12.433411,19.960145
-12.101958,11.262068,19.955054
-14.145700,9.605323,19.949823
-15.907987,7.590758,19.954197
-17.545858,5.059707,19.954971
-18.374508,2.261392,19.954686
-18.793297,-0.870984,19.956542
-18.940140,-4.281145,19.956697
-18.250410,-7.628850,19.953812
-16.699143,-10.662330,19.956179
-14.526900,-13.487901,19.960691
-11.787684,-15.688177,19.963156
-8.541456,-17.155351,19.959949
-5.276763,-18.135457,19.951753
-1.786520,-18.487912,19.952308
1.648358,-18.393859,19.957695
5.310068,-19.200796,17.210617
8.793731,-18.090318,17.208240
12.069141,-16.452357,17.202159
15.159142,-14.497207,17.208099
18.074240,-12.257476,17.208644
20.572284,-9.430302,17.203657
22.132292,-6.104384,17.205347
22.905437,-2.385096,17.206104
22.791056,1.266394,17.209628
21.937213,4.710944,17.210910
20.413876,7.903228,17.205855
18.222215,10.512178,17.205765
15.769157,12.502887,17.203824
13.337167,14.093392,17.201238
10.896136,15.426725,17.204668
8.508061,16.207248,17.209235
6.016501,16.692736,17.206428
3.763654,16.930483,17.202330
1.627322,16.908291,17.209203
-0.560525,17.117392,17.207407
-2.680338,16.650725,17.203469
-4.521860,15.468407,17.204763
-6.382339,14.690750,17.204357
-8.319792,13.770100,17.210705
-10.290416,12.642594,17.209356
-12.410044,11.505847,17.206239
-14.599332,9.831572,17.205954
-16.598001,7.702831,17.207119
-18.431080,5.150939,17.207489
-19.587084,2.073564,17.203124
-20.146433,-1.161086,17.201320
-20.292974,-4.818103,17.209190
-19.584470,-8.413633,17.201958
-17.961763,-11.687358,17.206726
-15.617885,-14.687307,17.207321
-12.664802,-17.028540,17.203636
-9.179752,-18.542592,17.207375
-5.514192,-19.484027,17.204120
-1.867610,-19.875946,17.204165
1.809318,-19.767862,17.207534
5.679817,-20.492199,14.458236
9.183106,-18.957883,14.452035
12.460920,-17.287547,14.451731
15.372486,-14.852186,14.457968
17.741915,-12.016066,14.459365
19.668237,-8.883862,14.454534
20.923083,-5.555451,14.452284
21.376885,-2.028167,14.457017
21.089462,1.387786,14.460224
20.224611,4.579753,14.457125
18.778596,7.548602,14.452593
16.838517,9.890946,14.456040
14.608603,11.790646,14.455662
12.249218,13.278893,14.453475
9.912136,14.275035,14.459214
7.589645,14.913533,14.460581
5.516910,15.526310,14.458717
3.580778,16.124412,14.456922
1.566180,16.263533,14.453062
-0.489836,16.362631,14.455004
-2.583628,16.055863,14.458246
-4.350329,15.303989,14.456909
-6.406547,14.657720,14.457224
-8.457368,13.984758,14.459827
-10.489442,12.953460,14.455606
-12.824962,11.655207,14.460031
-15.025088,9.961914,14.459035
-17.074860,7.868675,14.453028
-19.180635,5.175222,14.453083
-20.608429,2.058896,14.451571
-21.346678,-1.419040,14.454806
-21.476055,-5.223782,14.462103
-20.757264,-9.094554,14.458102
-19.107754,-12.661743,14.455864
-16.638611,-15.899655,14.459140
-13.507826,-18.479451,14.460590
-9.948619,-20.160404,14.458909
-6.010772,-21.149937,14.459473
-2.046291,-21.629902,14.461829
1.908621,-21.495325,14.462642
5.885356,-21.658410,11.702675
9.403310,-19.771166,11.702312
12.912805,-17.914628,11.706986
15.583015,-15.177802,11.709403
17.499994,-11.820931,11.710139
18.939452,-8.397496,11.708668
19.899005,-5.077098,11.706228
20.032784,-1.624484,11.708590
19.545543,1.548157,11.710043
18.620574,4.481118,11.707989
17.192455,7.205754,11.705124
15.385937,9.357714,11.705846
13.346912,11.141035,11.705525
11.279910,12.409468,11.702131
8.972709,13.164689,11.699272
6.836226,13.663857,11.704607
5.053162,14.355734,11.706940
3.365172,15.276011,11.701323
1.488851,15.628058,11.705087
-0.448471,15.602628,11.703840
-2.355915,15.441633,11.704503
-4.378008,15.113063,11.712879
-6.379623,14.679998,11.706796
-8.637544,14.198366,11.710029
-10.828526,13.166630,11.706365
-13.040491,11.856249,11.709666
-15.255341,10.136295,11.711487
-17.432386,7.957516,11.706080
-19.652012,5.309598,11.703392
-21.423787,2.047749,11.702518
-22.343800,-1.684633,11.705272
-22.409240,-5.654266,11.709034
-21.710055,-9.564794,11.711904
-20.077029,-13.461527,11.706951
-17.616821,-16.898719,11.707564
-14.374944,-19.818988,11.710240
-10.674178,-21.844674,11.706188
-6.462080,-22.944959,11.710214
-2.291377,-23.383479,11.710902
1.961201,-23.074035,11.707133
5.989136,-22.289231,8.958269
9.675942,-20.138015,8.953629
13.041932,-18.228607,8.955892
15.654084,-15.225674,8.953924
17.250144,-11.538026,8.956208
18.276951,-8.073909,8.958388
19.004957,-4.673845,8.954658
18.864116,-1.329695,8.955286
18.196671,1.704738,8.955623
17.160839,4.480766,8.953761
15.804011,6.827456,8.952127
14.057019,8.883844,8.952742
12.314947,10.451755,8.954208
10.346526,11.664394,8.954967
8.116837,12.264040,8.954475
6.211301,12.710386,8.954940
4.695639,13.405790,8.956343
3.117574,14.527414,8.956755
1.395341,15.058644,8.952562
-0.421765,14.945816,8.950680
-2.206497,14.816549,8.954130
-4.259888,15.013723,8.957582
-6.432781,14.715216,8.955776
-8.739694,14.400724,8.961271
-11.074700,13.354402,8.952058
-13.259087,11.959577,8.958754
-15.454527,10.182087,8.958314
-17.640902,7.987031,8.954864
-20.010566,5.263752,8.958902
-22.015456,1.958517,8.952231
-23.038168,-1.774104,8.959297
-23.015007,-5.900528,8.959940
-22.288904,-9.963856,8.961136
-20.729607,-14.063507,8.954736
-18.304779,-17.705235,8.954085
-15.089195,-20.898135,8.956776
-11.304637,-23.334038,8.952977
-6.831237,-24.581217,8.959907
-2.368237,-24.788269,8.965159
2.003289,-24.054934,8.964591
6.094676,-22.288559,6.203019
9.641824,-20.190217,6.201511
13.007950,-18.041269,6.200936
15.515369,-14.934409,6.205504
16.908259,-11.189059,6.208488
17.701122,-7.658944,6.209510
18.207968,-4.355225,6.212076
17.885432,-1.158615,6.213210
17.074348,1.840666,6.206280
16.028345,4.328539,6.200933
14.587783,6.620618,6.204721
13.097244,8.387038,6.209366
11.388156,9.983951,6.206237
9.645537,11.074600,6.202056
7.540115,11.638386,6.210432
5.802977,12.155339,6.210952
4.445599,12.892119,6.205536
2.984841,13.945114,6.203883
1.298944,14.630070,6.202037
-0.374888,14.496235,6.207096
-2.129719,14.319103,6.211598
-4.231440,14.970277,6.202789
-6.416587,14.780760,6.207937
-8.861444,14.523947,6.211940
-11.191920,13.486325,6.211756
-13.336169,12.029712,6.206639
-15.492425,10.209115,6.202179
-17.651727,7.993244,6.205324
-20.040065,5.292195,6.206406
-22.241568,1.960181,6.201104
-23.354687,-1.872995,6.204854
-23.195416,-5.864290,6.205576
-22.420250,-10.045449,6.205489
-21.009238,-14.197375,6.202912
-18.592107,-18.132917,6.203752
-15.526466,-21.471565,6.206997
-11.720141,-24.317343,6.205753
-7.150025,-25.703343,6.203592
-2.486207,-25.595641,6.203033
2.039916,-24.321091,6.203356
5.992107,-21.915125,3.460013
9.488425,-19.873313,3.456769
12.667406,-17.552951,3.452340
15.109263,-14.450815,3.459587
16.418204,-10.892499,3.456694
17.121330,-7.257739,3.455387
17.473672,-3.986354,3.462407
17.021286,-0.852464,3.452320
16.229702,1.843083,3.455187
15.155647,4.271818,3.462393
13.764434,6.397386,3.458074
12.337720,8.177587,3.456435
10.895988,9.624394,3.457665
9.207739,10.751624,3.457966
7.278583,11.379094,3.455605
5.759015,12.008379,3.455911
4.350553,12.870193,3.459603
2.924820,13.687450,3.462486
1.383438,14.377938,3.458119
-0.366018,14.291555,3.456418
-2.074701,14.052113,3.461300
-4.298731,15.028302,3.460965
-6.459214,14.849176,3.455018
-8.988348,14.537538,3.454573
-11.158551,13.536926,3.455927
-13.347999,11.987623,3.456513
-15.433510,10.146670,3.459039
-17.511472,7.916137,3.460602
-19.747191,5.323222,3.458216
-22.037629,1.961670,3.456500
-23.126271,-1.813012,3.458266
-22.767631,-5.733980,3.458453
-21.938833,-9.711741,3.454411
-20.618612,-13.962628,3.456077
-18.430072,-17.799105,3.458410
-15.364917,-21.394596,3.457370
-11.769175,-24.395022,3.456266
-7.173033,-25.915103,3.452896
-2.395318,-25.554782,3.454021
1.979189,-23.968643,3.457912
5.797172,-21.210518,0.708358
9.268352,-19.187514,0.707716
12.182075,-16.746735,0.704347
14.516140,-13.727394,0.707678
15.837641,-10.326436,0.711066
16.494344,-6.934627,0.708830
16.773617,-3.770363,0.703035
16.341019,-0.746418,0.699588
15.572817,1.982140,0.704037
14.542477,4.325462,0.707806
13.294307,6.291754,0.706157
12.115534,8.011869,0.707104
10.749980,9.583645,0.710102
9.170709,10.749923,0.712108
7.507274,11.528135,0.711408
6.020284,12.385137,0.707116
4.563402,13.267781,0.703289
2.943438,13.817648,0.705037
1.303417,14.454621,0.707173
-0.366802,14.366359,0.709608
-2.127692,14.122842,0.711046
-4.357534,15.185584,0.706273
-6.562374,14.906794,0.701208
-8.856463,14.469679,0.699878
-11.049227,13.423023,0.699375
-13.151944,11.918640,0.708258
-15.146238,10.118875,0.709112
-17.161167,7.810780,0.701297
-19.202391,5.214350,0.704998
-21.236584,1.994843,0.709441
-22.122329,-1.683721,0.702594
-21.523709,-5.316114,0.707003
-20.598389,-8.999532,0.711495
-19.430032,-12.878776,0.705613
-17.413738,-16.632293,0.705858
-14.615720,-20.071644,0.709990
-11.135012,-23.150066,0.705237
-6.882028,-24.771752,0.707585
-2.297923,-24.525689,0.708561
1.957125,-23.032597,0.707703
5.625061,-20.194320,-2.042966
8.877828,-18.246833,-2.043778
11.581352,-15.700414,-2.041817
13.766226,-12.829963,-2.037312
15.123844,-9.655912,-2.043611
15.822777,-6.466144,-2.048005
16.083437,-3.471953,-2.042136
15.759330,-0.600102,-2.041194
15.159252,2.011995,-2.045931
14.291651,4.271015,-2.045971
13.166601,6.297584,-2.039071
12.197833,8.154711,-2.037725
11.058257,9.743506,-2.037694
9.564118,11.039788,-2.038135
8.058742,12.108177,-2.044113
6.551269,13.236636,-2.048651
4.920244,14.036158,-2.045033
3.071912,14.245320,-2.038039
1.377299,14.756332,-2.044330
-0.429633,14.662989,-2.045804
-2.216092,14.486078,-2.041123
-4.471920,15.418167,-2.048647
-6.531958,14.969775,-2.050670
-8.739754,14.245987,-2.045128
-10.786332,13.184310,-2.048555
-12.873523,11.710255,-2.042751
-14.834413,9.912150,-2.039133
-16.573022,7.744130,-2.042353
-18.275351,5.121248,-2.043939
-19.750278,2.095220,-2.045640
-20.231674,-1.220709,-2.044614
-19.484812,-4.501355,-2.047555
-18.483543,-7.708308,-2.041606
-17.331224,-11.235141,-2.043842
-15.577050,-14.616922,-2.044121
-13.130202,-17.714466,-2.043140
-10.030697,-20.513148,-2.048196
-6.282338,-22.359605,-2.045359
-2.174541,-22.626993,-2.042549
1.878535,-21.688652,-2.042027
5.274277,-18.995354,-4.797584
8.382609,-17.057569,-4.794749
10.861768,-14.466891,-4.795141
12.885935,-11.773138,-4.791547
14.267037,-8.960645,-4.792007
15.063308,-6.019068,-4.791729
15.363695,-3.109488,-4.788318
15.210448,-0.406748,-4.790725
14.857232,1.964308,-4.791809
14.189538,4.242693,-4.793205
13.265339,6.324210,-4.795934
12.540102,8.268934,-4.792491
11.516980,10.025315,-4.791274
10.075766,11.515828,-4.796128
8.717495,12.903247,-4.799379
7.200769,14.201902,-4.797541
5.306620,14.880622,-4.794739
3.232605,14.812431,-4.796119
1.414692,15.201471,-4.796282
-0.396301,15.113252,-4.792370
-2.306925,14.982029,-4.789847
-4.493153,15.601646,-4.791681
-6.573115,14.913596,-4.786883
-8.402111,13.957662,-4.787012
-10.374272,12.834987,-4.789252
-12.433642,11.426119,-4.793296
-14.280125,9.747220,-4.793052
-15.879573,7.566608,-4.791964
-17.078224,5.007672,-4.795264
-17.787504,2.283517,-4.796834
-17.761019,-0.645706,-4.794384
-17.040300,-3.483528,-4.790351
-15.985277,-6.213341,-4.792487
-14.837158,-9.138116,-4.793207
-13.336423,-12.150901,-4.790131
-11.291736,-14.803905,-4.790897
-8.641060,-17.231651,-4.793085
-5.477789,-19.318295,-4.788891
-1.901803,-20.223134,-4.791875
1.773807,-20.043998,-4.797534
4.954476,-17.517330,-7.544886
7.823859,-15.605338,-7.547850
10.019446,-13.079271,-7.546987
11.892883,-10.559270,-7.549306
13.310726,-8.098401,-7.546704
14.221717,-5.416732,-7.539189
14.572977,-2.802493,-7.537069
14.639719,-0.272906,-7.545907
14.515247,2.060577,-7.547406
14.103361,4.242080,-7.545258
13.419553,6.363014,-7.546484
12.859357,8.328868,-7.542785
11.930478,10.208220,-7.543733
10.585328,11.872946,-7.549052
9.313844,13.573530,-7.543417
7.690827,14.999442,-7.541518
5.568780,15.559222,-7.543691
3.334309,15.371828,-7.543560
1.422201,15.638689,-7.546543
-0.481584,15.560950,-7.546130
-2.399826,15.459940,-7.541617
-4.507332,15.621591,-7.541673
-6.461373,14.743303,-7.546992
-8.067188,13.502826,-7.537797
-9.849173,12.355701,-7.545406
-11.800946,11.081718,-7.548174
-13.691230,9.389230,-7.545130
-15.025706,7.366020,-7.546165
-15.710941,4.919908,-7.546949
-15.692207,2.393408,-7.548898
-15.213714,-0.097319,-7.546288
-14.619174,-2.555489,-7.544656
-13.555305,-4.852978,-7.544139
-12.407650,-7.108388,-7.543053
-11.150700,-9.663213,-7.547403
-9.455935,-11.908342,-7.545724
-7.243748,-14.010503,-7.541313
-4.704734,-16.183322,-7.546841
-1.718118,-17.658268,-7.546539
1.666377,-18.206814,-7.543381
4.565716,-15.776390,-10.290150
7.136162,-13.958783,-10.292053
9.072407,-11.514404,-10.293458
10.761240,-9.243153,-10.294086
12.232599,-7.138432,-10.289485
13.236519,-4.817227,-10.287476
13.670093,-2.386623,-10.289413
13.958805,-0.137199,-10.287047
14.075004,2.127546,-10.291632
13.921482,4.198297,-10.297672
13.490709,6.327822,-10.297164
12.927765,8.342665,-10.296338
11.975584,10.275530,-10.297350
10.742670,12.075181,-10.296420
9.573604,13.915624,-10.289918
7.914325,15.319922,-10.287986
5.713213,15.877568,-10.292021
3.442177,15.789536,-10.293650
1.462470,15.923113,-10.288648
-0.517136,15.945622,-10.291483
-2.495768,15.753198,-10.295720
-4.437080,15.340604,-10.295392
-6.189499,14.401072,-10.297963
-7.630515,12.900717,-10.288819
-9.227758,11.742950,-10.289133
-11.073369,10.587395,-10.292028
-12.862381,9.033710,-10.298030
-14.027951,7.097597,-10.298004
-14.305869,4.748840,-10.294367
-13.765774,2.541349,-10.298793
-13.064435,0.391796,-10.297727
-12.671685,-1.743905,-10.297072
-11.653116,-3.666404,-10.290696
-10.384479,-5.434281,-10.292210
-9.314726,-7.543440,-10.291599
-7.847667,-9.486844,-10.294190
-6.041978,-11.291135,-10.298020
-3.997697,-13.418104,-10.295822
-1.487569,-15.221965,-10.292319
1.525147,-16.239344,-10.289761
4.099406,-13.741237,-13.042828
6.414865,-11.962712,-13.048603
8.039736,-9.688955,-13.048856
9.520454,-7.746631,-13.038304
10.978366,-6.086688,-13.040816
12.089924,-4.055364,-13.048975
12.588883,-1.906437,-13.049196
13.082316,0.133041,-13.044354
13.394730,2.108116,-13.042612
13.473827,4.212685,-13.045763
13.268778,6.301078,-13.048303
12.575369,8.274979,-13.041840
11.601119,10.035237,-13.037059
10.532025,11.840976,-13.039657
9.412447,13.740221,-13.042927
7.727941,15.066138,-13.044159
5.596789,15.705666,-13.040927
3.516288,15.907226,-13.037888
1.517942,15.924125,-13.044312
-0.526171,16.088028,-13.046146
-2.431817,15.746654,-13.041422
-4.186544,14.688517,-13.041139
-5.840628,13.711277,-13.048067
-7.015510,12.197114,-13.049294
-8.406118,11.026008,-13.043756
-10.137149,9.988355,-13.038185
-11.830372,8.594263,-13.037733
-12.860750,6.782667,-13.037169
-12.900664,4.598145,-13.041509
-12.127409,2.631764,-13.049781
-11.435257,0.769915,-13.046841
-11.260035,-1.233863,-13.046419
-10.245272,-2.876624,-13.049418
-8.814569,-4.163140,-13.040011
-7.853516,-5.917913,-13.041320
-6.645380,-7.517506,-13.045581
-5.088684,-9.154675,-13.048342
-3.382296,-11.092792,-13.049457
-1.257298,-12.938278,-13.046427
1.400398,-14.115842,-13.042441
3.603380,-11.345314,-15.791239
5.491616,-9.742750,-15.791180
6.823024,-7.683674,-15.793469
8.104008,-6.079482,-15.795011
9.565867,-4.826243,-15.796158
10.695078,-3.190524,-15.795233
11.235026,-1.337792,-15.794544
11.868968,0.451649,-15.796875
12.321850,2.270146,-15.794119
12.562605,4.176650,-15.791143
12.527447,6.156609,-15.794078
11.724393,7.929367,-15.793934
10.699278,9.543529,-15.790409
9.822688,11.224174,-15.789842
8.779239,13.029965,-15.797747
7.176975,14.206434,-15.798471
5.281386,14.933731,-15.792815
3.400291,15.497867,-15.789994
1.456565,15.452803,-15.790041
-0.440445,15.700468,-15.794441
-2.354784,15.279602,-15.798001
-3.778208,13.656632,-15.795765
-5.259004,12.729663,-15.794554
-6.251281,11.330432,-15.789504
-7.396958,10.154241,-15.792094
-8.904310,9.265897,-15.798264
-10.488420,8.072012,-15.795121
-11.459400,6.376367,-15.795175
-11.411319,4.477892,-15.797798
-10.625213,2.728023,-15.793832
-10.041880,1.053729,-15.796445
-10.107599,-0.695017,-15.791765
-9.074946,-2.192521,-15.790812
-7.477246,-3.040519,-15.799138
-6.636666,-4.466653,-15.792991
-5.579206,-5.856515,-15.793299
-4.309254,-7.232665,-15.792598
-2.870069,-8.896678,-15.787659
-1.008362,-10.657428,-15.788219
1.251210,-11.740629,-15.791251
2.973968,-8.489510,-18.538740
4.399824,-7.040325,-18.544281
5.437562,-5.282286,-18.547271
6.504648,-4.151697,-18.542077
7.929824,-3.310316,-18.543004
8.920762,-2.049579,-18.544864
9.436051,-0.532062,-18.546044
10.068921,0.888834,-18.548366
10.538162,2.411031,-18.544202
10.819990,4.043005,-18.538709
10.881417,5.744561,-18.539641
10.115471,7.273638,-18.541935
9.178892,8.623213,-18.543131
8.445856,10.144449,-18.543392
7.577102,11.633181,-18.542583
6.213063,12.642878,-18.541631
4.635310,13.345918,-18.542824
3.068276,14.165734,-18.546539
1.306376,14.160254,-18.547221
-0.412612,14.421755,-18.547947
-2.110215,14.212650,-18.546239
-3.180026,12.213635,-18.539404
-4.406294,11.335360,-18.539033
-5.309812,10.127614,-18.541059
-6.128170,9.060267,-18.546334
-7.407441,8.281779,-18.545914
-8.812847,7.333556,-18.539860
-9.695783,5.916389,-18.542532
-9.681102,4.357989,-18.544599
-9.004443,2.785548,-18.542679
-8.615452,1.400248,-18.539487
-8.767183,-0.230216,-18.547399
-7.770247,-1.406218,-18.544629
-6.136391,-1.954884,-18.547873
-5.397404,-3.120274,-18.542780
-4.522169,-4.239926,-18.544628
-3.477992,-5.359419,-18.548094
-2.281086,-6.671679,-18.548909
-0.808505,-8.087785,-18.546789
1.094475,-8.953680,-18.542201
2.131611,-4.781523,-21.295725
3.005959,-3.478969,-21.290550
3.703756,-2.379362,-21.291605
4.567844,-1.801680,-21.294641
5.700478,-1.389000,-21.295682
6.350040,-0.434939,-21.295321
6.689974,0.601684,-21.295101
7.144349,1.635822,-21.295042
7.420242,2.715236,-21.293796
7.556785,3.865479,-21.292461
7.575049,5.008438,-21.292114
7.161295,6.088246,-21.291469
6.569824,7.074043,-21.290229
6.065944,8.141879,-21.289827
5.413164,9.206465,-21.293980
4.490992,9.997666,-21.298503
3.382197,10.549531,-21.297929
2.299526,11.215837,-21.293457
1.061453,11.404148,-21.294190
-0.224873,11.469590,-21.297407
-1.590557,11.803372,-21.295196
-2.366215,10.102971,-21.295511
-3.141092,9.210875,-21.297319
-3.925464,8.515363,-21.295584
-4.462775,7.558290,-21.293308
-5.287561,6.927981,-21.294670
-6.404486,6.290832,-21.291148
-7.219970,5.316438,-21.296261
-7.324499,4.085848,-21.291942
-6.958612,2.949151,-21.295026
-6.741238,1.812512,-21.290827
-6.757109,0.613633,-21.295142
-5.787310,-0.212942,-21.296736
-4.555221,-0.605137,-21.296092
-3.970037,-1.442243,-21.292910
-3.331785,-2.300270,-21.293237
-2.507901,-3.079826,-21.295723
-1.615545,-3.991464,-21.297297
-0.488009,-4.985459,-21.297477
0.847221,-5.349637,-21.297025
-1.250480,3.349205,-24.043624
