13.752645,29.973803,32.385061
9.193793,33.529445,32.385061
3.547587,35.952495,32.385061
-2.338635,36.939958,32.385061
-8.472099,36.590783,32.385061
-14.513764,34.717847,32.385061
-19.776308,31.550907,32.385061
-24.250589,27.339211,32.385061
-27.742265,22.508105,32.385061
-30.312361,17.129782,32.385061
-31.868314,11.563998,32.385061
-32.475687,5.997585,32.385061
-32.191239,0.586625,32.385061
-31.076325,-4.530706,32.385061
-29.218511,-9.234301,32.385061
-26.621653,-13.573302,32.385061
-23.567345,-17.141245,32.385061
-19.922272,-20.101993,32.385061
-16.107008,-22.162268,32.385061
-11.979082,-23.486839,32.385061
-7.859232,-24.019943,32.385061
-3.890655,-23.821504,32.385061
-0.367087,-23.025832,32.385061
2.818320,-21.750147,32.385061
5.789993,-20.035067,32.385061
8.114542,-18.319875,32.385061
10.273065,-16.400558,32.385061
12.144488,-14.443336,32.385061
13.866495,-12.353665,32.385061
15.435133,-10.146624,32.385061
16.754987,-7.991288,32.385061
18.004349,-5.588850,32.385061
19.136346,-2.931478,32.385061
20.101154,-0.018018,32.385061
20.880511,3.322371,32.385061
21.349260,6.903217,32.385061
21.430004,11.052149,32.385061
20.899635,15.731024,32.385061
19.617059,20.473680,32.385061
17.506595,25.747230,28.981240
13.700539,29.899140,28.977406
9.066141,33.089155,28.978356
3.649632,35.201256,28.981983
-2.277420,36.101980,28.984724
-8.257325,35.708707,28.984781
-14.155290,33.878857,28.983257
-19.309276,30.822641,28.987879
-23.703221,26.745967,28.984127
-27.209659,21.887982,28.979658
-29.653009,16.616793,28.990517
-31.055012,11.167099,28.992603
-31.532535,5.741858,28.987109
-31.177976,0.489717,28.980994
-30.057132,-4.467235,28.981640
-28.247726,-9.022091,28.988336
-25.853698,-13.089343,28.989490
-22.842814,-16.723494,28.987451
-19.539153,-19.565252,28.985732
-15.786414,-21.777281,28.985620
-11.865875,-23.215002,28.985738
-7.939475,-23.945748,28.983865
-3.947486,-24.018987,28.986722
-0.352317,-23.513873,28.991329
2.958272,-22.549660,28.987701
5.952476,-21.242954,28.977313
8.785643,-19.617735,28.976338
11.300216,-17.831410,28.984406
13.525619,-15.967543,28.990125
15.757560,-13.838155,28.987876
17.715636,-11.695104,28.981430
19.637831,-9.053265,28.978557
21.170146,-6.169818,28.985147
22.339295,-3.117888,28.984707
23.253962,0.393365,28.980169
23.754333,3.988558,28.987909
23.831831,7.981112,28.981029
23.334543,12.304997,28.980166
22.194511,16.707610,28.986550
20.293833,21.253976,28.986029
17.613057,25.920792,25.590584
13.646438,29.671852,25.583202
8.842575,32.612721,25.576418
3.515777,34.469964,25.584200
-2.255367,35.228975,25.591829
-8.058805,34.784846,25.580774
-13.790435,33.000526,25.578189
-18.817597,30.068230,25.586819
-23.126365,26.153770,25.586262
-26.572979,21.464897,25.581078
-28.963336,16.358707,25.588555
-30.340937,10.893662,25.590607
-30.755172,5.636955,25.582848
-30.358171,0.379553,25.584926
-29.249782,-4.401823,25.594638
-27.501156,-8.793632,25.592049
-25.115332,-12.873846,25.579654
-22.250508,-16.402038,25.587825
-18.995886,-19.309886,25.593017
-15.450564,-21.525477,25.587824
-11.745641,-23.035433,25.587032
-7.849466,-23.940047,25.586051
-4.042615,-24.222892,25.578687
-0.415617,-23.968312,25.583146
2.966444,-23.268126,25.591310
6.232631,-22.146057,25.589045
9.182066,-20.730343,25.591260
11.967942,-19.015275,25.590215
14.581263,-17.048530,25.590199
17.032586,-14.881272,25.588149
19.294349,-12.518326,25.581381
21.351883,-9.743608,25.586844
22.989278,-6.703218,25.586958
24.270270,-3.299849,25.581643
25.160265,0.411927,25.580413
25.592549,4.570376,25.584882
25.431275,8.748963,25.590931
24.619055,13.033816,25.586967
23.036970,17.495601,25.582162
20.698018,21.837728,25.586917
17.606385,25.909139,22.191702
13.580428,29.297908,22.190234
8.835068,31.948071,22.188267
3.478160,33.660312,22.188672
-2.107306,34.304144,22.186833
-7.889475,33.811980,22.182634
-13.261578,32.148509,22.183527
-18.303882,29.276772,22.183294
-22.638563,25.416227,22.187142
-26.006244,20.915044,22.189422
-28.345238,16.002040,22.183272
-29.696506,10.733282,22.184126
-30.107637,5.491497,22.180827
-29.715902,0.430080,22.186040
-28.606029,-4.336384,22.189025
-26.856725,-8.713354,22.177866
-24.582225,-12.633379,22.180732
-21.879831,-16.042488,22.181052
-18.698473,-19.012473,22.184156
-15.228402,-21.321448,22.186895
-11.583759,-22.943727,22.180478
-7.911472,-23.948979,22.177835
-4.133371,-24.412352,22.188693
-0.508182,-24.356181,22.186137
3.077813,-23.824590,22.177012
6.390714,-22.883789,22.181788
9.557908,-21.531478,22.180122
12.542010,-19.812943,22.184722
15.185379,-17.901635,22.190444
17.783078,-15.640467,22.190080
20.156449,-13.145906,22.184862
22.309452,-10.228565,22.179047
24.102018,-6.871337,22.181284
25.413092,-3.296767,22.183172
26.288871,0.593571,22.179229
26.643208,4.748088,22.178913
26.365271,9.090743,22.187135
25.347576,13.505598,22.184171
23.537445,17.864727,22.178688
20.941516,22.042442,22.184604
17.483130,25.705405,18.791662
13.333161,28.875419,18.780377
8.687343,31.247140,18.783010
3.329446,32.807000,18.784140
-2.046232,33.327010,18.777508
-7.601961,32.809480,18.783352
-12.931893,31.154168,18.789558
-17.796596,28.421210,18.785857
-22.014915,24.766297,18.787261
-25.328211,20.502207,18.788705
-27.794938,15.496866,18.777537
-29.127107,10.450194,18.780001
-29.550756,5.248598,18.785709
-29.175047,0.404045,18.788870
-28.072592,-4.327014,18.789850
-26.413779,-8.508790,18.789167
-24.178914,-12.412646,18.789254
-21.527560,-15.820534,18.789901
-18.415913,-18.816616,18.787273
-15.179238,-21.093918,18.785701
-11.619525,-22.827619,18.788369
-7.838068,-23.998707,18.787692
-4.105203,-24.584020,18.784461
-0.507524,-24.657768,18.785737
3.069745,-24.264335,18.784334
6.561846,-23.397720,18.778480
9.735376,-22.126800,18.786857
12.878205,-20.374684,18.784480
15.652195,-18.378104,18.780119
18.339945,-15.985540,18.784775
20.648628,-13.465186,18.789789
22.846670,-10.391917,18.787929
24.604492,-7.047669,18.786501
25.951034,-3.325127,18.788556
26.814475,0.721996,18.788723
27.104460,4.850770,18.785227
26.733228,9.334695,18.787354
25.614860,13.690702,18.787902
23.687477,17.961982,18.788946
20.957379,22.012768,18.793145
17.243044,25.308316,15.390190
13.040484,28.300333,15.381834
8.378961,30.500832,15.386149
3.398829,31.841856,15.386763
-1.917989,32.292136,15.381017
-7.401740,31.731393,15.388435
-12.495347,30.140965,15.390239
-17.320320,27.474038,15.387971
-21.397218,24.031164,15.381741
-24.739832,19.872263,15.381070
-27.122404,15.296922,15.390430
-28.583855,10.166642,15.389273
-29.045112,5.208833,15.388159
-28.711174,0.419519,15.388732
-27.641343,-4.259683,15.390913
-25.939210,-8.557214,15.390772
-23.822813,-12.262217,15.381342
-21.227032,-15.647736,15.387167
-18.325781,-18.530692,15.390281
-15.037375,-20.958919,15.384237
-11.564533,-22.759603,15.381268
-7.860754,-24.016817,15.378679
-4.190071,-24.698695,15.386590
-0.460917,-24.869280,15.390510
3.081126,-24.554135,15.386698
6.716792,-23.708473,15.385152
10.023130,-22.400619,15.384332
12.973714,-20.756284,15.381422
15.850559,-18.667832,15.379541
18.476168,-16.270646,15.382231
20.937676,-13.464901,15.387479
22.954724,-10.536865,15.388320
24.746728,-7.060871,15.383318
26.050566,-3.373578,15.381229
26.869378,0.632594,15.380885
27.114618,4.892624,15.377911
26.680862,9.317095,15.389475
25.513399,13.604163,15.393218
23.452333,17.949961,15.390715
20.652382,21.886200,15.392044
16.888949,24.722028,11.982980
12.848425,27.492448,11.991059
8.227744,29.579742,11.985432
3.310036,30.821791,11.978796
-1.924706,31.186061,11.982538
-6.966758,30.632015,11.985733
-11.982387,29.088940,11.991012
-16.605791,26.608128,11.984543
-20.682977,23.303625,11.982377
-24.062592,19.289842,11.986159
-26.505046,14.843053,11.980234
-28.005938,9.997742,11.979119
-28.550639,5.130893,11.985058
-28.248424,0.243583,11.991122
-27.249168,-4.191819,11.988938
-25.595963,-8.426821,11.979968
-23.439148,-12.228834,11.977739
-20.895068,-15.565488,11.986780
-18.061662,-18.420599,11.989643
-14.859330,-20.852006,11.988374
-11.478907,-22.689015,11.991732
-7.861836,-23.999142,11.988174
-4.265484,-24.742211,11.980586
-0.426319,-24.977031,11.978207
3.233468,-24.673765,11.985932
6.642416,-23.893753,11.992443
10.060211,-22.551730,11.983511
13.104868,-20.831530,11.979885
15.911226,-18.745333,11.979300
18.576817,-16.220693,11.981638
20.826697,-13.544126,11.988377
22.861213,-10.487939,11.984027
24.585809,-7.049521,11.981209
25.835219,-3.411800,11.980873
26.595891,0.537589,11.981255
26.785145,4.730122,11.985876
26.306816,9.076425,11.985972
25.057626,13.445269,11.987726
23.063139,17.543491,11.987750
20.281281,21.398030,11.983185
16.430861,23.963047,8.590629
12.443957,26.628567,8.589696
8.051686,28.551099,8.583340
3.225077,29.715861,8.584855
-1.733049,30.010642,8.592967
-6.665528,29.435253,8.591412
-11.571957,27.913119,8.584017
-15.966379,25.599262,8.580262
-20.009002,22.429221,8.579088
-23.294675,18.704539,8.579648
-25.811934,14.422816,8.580897
-27.407248,9.719433,8.577626
-28.031810,4.965190,8.586166
-27.811388,0.346814,8.594229
-26.836221,-4.171906,8.589551
-25.238187,-8.326394,8.583164
-23.146205,-12.060088,8.589426
-20.678377,-15.344626,8.589500
-17.933702,-18.168533,8.589464
-14.839479,-20.603083,8.590667
-11.419356,-22.554349,8.588610
-7.900886,-23.899275,8.591406
-4.222030,-24.708459,8.592589
-0.464562,-24.964804,8.588038
3.120088,-24.682852,8.587102
6.624127,-23.878372,8.590303
9.966572,-22.554010,8.581338
13.086352,-20.767733,8.586958
15.943344,-18.585604,8.591767
18.389936,-16.190714,8.586086
20.649781,-13.395237,8.582798
22.586636,-10.367087,8.584143
24.230332,-6.978177,8.582120
25.448994,-3.234942,8.584059
26.107361,0.647695,8.590017
26.201967,4.584702,8.588800
25.660818,8.831518,8.584226
24.441351,12.931105,8.579525
22.478942,16.940920,8.579422
19.758336,20.719785,8.585253
15.876690,23.044377,5.186223
11.982959,25.629716,5.187637
7.686620,27.469774,5.189321
3.132820,28.513641,5.182998
-1.703294,28.739775,5.179689
-6.340307,28.161491,5.189297
-10.965606,26.736923,5.184141
-15.274022,24.530943,5.185647
-19.141175,21.620844,5.188756
-22.442463,18.080637,5.183692
-25.027879,13.988349,5.181689
-26.727718,9.455580,5.188483
-27.444152,4.837390,5.189556
-27.295163,0.332860,5.183236
-26.389165,-4.080932,5.177597
-24.867293,-8.143706,5.180540
-22.768294,-11.939965,5.190875
-20.376841,-15.151999,5.192384
-17.595365,-18.032385,5.182605
-14.592938,-20.423295,5.179299
-11.284403,-22.367418,5.186057
-7.710825,-23.767321,5.179525
-4.127277,-24.567090,5.179896
-0.465028,-24.819258,5.181850
3.193350,-24.511600,5.182116
6.601451,-23.695997,5.183805
9.851739,-22.386232,5.180351
13.024422,-20.540557,5.178296
15.787799,-18.385916,5.177708
18.144033,-16.023091,5.182133
20.401338,-13.128982,5.191813
22.230224,-10.140888,5.188605
23.773925,-6.809863,5.187315
24.853619,-3.302240,5.191872
25.429838,0.492655,5.190532
25.436276,4.497448,5.179077
24.849193,8.460059,5.179219
23.611187,12.440164,5.185932
21.670150,16.335204,5.189632
19.113593,19.880377,5.188232
15.243230,21.994104,1.784947
11.611462,24.430137,1.780432
7.448104,26.225259,1.782831
3.025360,27.219293,1.790511
-1.505934,27.397754,1.790520
-6.000281,26.803752,1.779271
-10.485997,25.417249,1.778870
-14.675181,23.297232,1.784257
-18.332423,20.617973,1.787235
-21.608572,17.253762,1.786726
-24.142591,13.493572,1.787151
-25.935585,9.152287,1.792008
-26.742246,4.690787,1.784018
-26.654586,0.156915,1.778431
-25.802140,-4.130691,1.780443
-24.342639,-8.078735,1.783204
-22.407680,-11.633146,1.791440
-20.013709,-14.896062,1.780863
-17.331457,-17.705643,1.783344
-14.311292,-20.150621,1.791067
-11.122542,-22.071818,1.782768
-7.669303,-23.465080,1.789125
-4.038097,-24.291317,1.781226
-0.484448,-24.531937,1.779605
3.064043,-24.225207,1.782648
6.524008,-23.380086,1.777952
9.819360,-22.029322,1.790992
12.752859,-20.311852,1.786749
15.557475,-18.116799,1.778912
17.935438,-15.688150,1.784138
19.993726,-12.982733,1.791916
21.808488,-9.919299,1.792526
23.243453,-6.659094,1.785110
24.213197,-3.233169,1.786349
24.675830,0.462012,1.790967
24.590692,4.184650,1.781288
23.945122,8.016688,1.778075
22.689016,11.860647,1.784380
20.772255,15.621533,1.790331
18.377862,18.920281,1.789665
14.547924,20.841429,-1.611593
11.048937,23.206312,-1.618812
7.175418,24.883611,-1.617284
2.899992,25.823622,-1.613970
-1.320636,25.959951,-1.615646
-5.657563,25.367208,-1.613884
-9.841322,24.079487,-1.608500
-13.900418,22.061585,-1.616490
-17.463650,19.518605,-1.621306
-20.586282,16.450179,-1.615915
-23.141617,12.895160,-1.612525
-25.002866,8.758946,-1.608341
-25.887761,4.471244,-1.608803
-25.875521,0.092231,-1.615418
-25.100690,-4.057796,-1.617143
-23.729016,-7.883783,-1.613630
-21.804231,-11.462853,-1.621069
-19.504173,-14.622928,-1.616347
-16.922273,-17.342320,-1.611146
-14.019796,-19.721923,-1.615307
-10.827373,-21.690009,-1.621027
-7.498286,-23.049252,-1.621313
-3.993718,-23.857721,-1.620727
-0.406336,-24.094450,-1.620754
3.018847,-23.780509,-1.622477
6.507234,-22.910174,-1.621872
9.546055,-21.667837,-1.613483
12.523580,-19.947945,-1.618452
15.243193,-17.842925,-1.618820
17.552277,-15.510224,-1.613733
19.632678,-12.772075,-1.617880
21.355354,-9.796306,-1.612949
22.685302,-6.624026,-1.618040
23.572442,-3.141007,-1.617693
23.903388,0.439891,-1.609446
23.706385,4.029982,-1.612875
22.975626,7.710061,-1.611432
21.738060,11.249713,-1.610046
19.919396,14.718214,-1.609821
17.481331,18.001053,-1.609001
13.806108,19.612528,-5.013003
10.583846,21.819081,-5.020107
6.875571,23.449807,-5.013426
2.916191,24.317630,-5.011096
-1.286128,24.423555,-5.021448
-5.296359,23.841513,-5.018605
-9.308964,22.593976,-5.011640
-12.949876,20.815068,-5.010960
-16.406343,18.425710,-5.014803
-19.458684,15.536462,-5.015208
-21.994495,12.185053,-5.011860
-23.834782,8.404272,-5.014222
-24.808889,4.315631,-5.010988
-24.896724,0.112354,-5.012291
-24.225280,-3.884905,-5.017168
-22.906019,-7.715976,-5.012971
-21.086894,-11.167402,-5.008408
-18.898754,-14.215945,-5.008955
-16.323871,-16.941408,-5.007500
-13.543793,-19.234667,-5.009627
-10.492932,-21.145992,-5.016324
-7.303534,-22.467600,-5.011638
-3.792787,-23.277319,-5.015432
-0.347923,-23.492307,-5.014901
3.087992,-23.160143,-5.008909
6.291029,-22.358431,-5.011786
9.353815,-21.125831,-5.019535
12.227830,-19.501340,-5.019054
14.865309,-17.515690,-5.011117
17.216335,-15.198031,-5.010606
19.234582,-12.585204,-5.020409
20.946930,-9.588616,-5.018077
22.154185,-6.514723,-5.019291
22.902139,-3.145740,-5.016129
23.108160,0.300649,-5.009711
22.812174,3.739625,-5.015171
22.012713,7.251260,-5.017059
20.751032,10.623956,-5.020383
18.942147,13.916376,-5.021095
16.643452,16.905628,-5.015160
13.036138,18.338876,-8.409549
9.965673,20.439092,-8.410961
6.425654,21.968292,-8.414369
2.786134,22.735106,-8.412006
-1.072620,22.816519,-8.411309
-4.888601,22.239659,-8.420810
-8.574096,21.094505,-8.410580
-12.171568,19.343208,-8.408696
-15.352190,17.157093,-8.411767
-18.277846,14.426418,-8.413068
-20.643650,11.376773,-8.419277
-22.471858,7.814022,-8.418819
-23.483468,3.941375,-8.411874
-23.641831,-0.059438,-8.411587
-23.058803,-3.875428,-8.417577
-21.898761,-7.406107,-8.420236
-20.214057,-10.717888,-8.421445
-18.077326,-13.759035,-8.422885
-15.639416,-16.367876,-8.419896
-13.003681,-18.566776,-8.418977
-10.111809,-20.408691,-8.421239
-6.947438,-21.733962,-8.412504
-3.603197,-22.503106,-8.408934
-0.322202,-22.702847,-8.411574
2.950364,-22.387614,-8.414301
6.141482,-21.598730,-8.416545
9.066371,-20.444982,-8.421131
11.943684,-18.856121,-8.423544
14.477328,-16.994552,-8.417445
16.750277,-14.821758,-8.412917
18.789874,-12.243854,-8.420048
20.412146,-9.384413,-8.421665
21.544810,-6.297608,-8.413898
22.141558,-3.065282,-8.414277
22.218388,0.222258,-8.418636
21.830520,3.486441,-8.412242
20.968672,6.805847,-8.416348
19.689712,9.988805,-8.415118
17.904184,13.086331,-8.409028
15.662003,15.887863,-8.408117
12.234203,17.014789,-11.819913
9.330159,18.976264,-11.815758
6.110761,20.348655,-11.807890
2.678287,21.049830,-11.811766
-0.958449,21.093849,-11.821798
-4.549583,20.525435,-11.816603
-7.886607,19.465226,-11.812873
-11.153928,17.870821,-11.814002
-14.152076,15.813782,-11.817712
-16.814195,13.337156,-11.820523
-19.134083,10.364604,-11.820103
-20.827338,7.144738,-11.816916
-21.859456,3.517510,-11.810964
-22.103890,-0.111861,-11.809415
-21.653289,-3.720945,-11.812628
-20.634665,-7.071202,-11.813486
-19.106935,-10.221192,-11.809987
-17.138330,-13.117379,-11.810077
-14.871792,-15.603767,-11.817726
-12.298771,-17.777946,-11.816498
-9.575973,-19.516452,-11.807245
-6.597230,-20.771627,-11.818212
-3.448527,-21.507065,-11.815511
-0.223309,-21.702120,-11.814986
2.859835,-21.399608,-11.818208
5.869154,-20.668061,-11.815150
8.757539,-19.551264,-11.822095
11.370246,-18.154454,-11.816397
13.896042,-16.363668,-11.814200
16.164126,-14.253895,-11.817615
18.113749,-11.847321,-11.811013
19.647230,-9.155126,-11.812465
20.709388,-6.102568,-11.815311
21.187181,-3.041766,-11.818824
21.162471,0.190616,-11.821491
20.696916,3.252554,-11.818024
19.795474,6.355632,-11.814815
18.512753,9.321322,-11.813125
16.848071,12.094972,-11.814294
14.716778,14.718571,-11.818077
11.387208,15.618041,-15.207498
8.775345,17.343322,-15.219472
5.773819,18.594995,-15.221864
2.457294,19.242935,-15.216608
-0.796396,19.253397,-15.216449
-4.006212,18.724842,-15.219261
-7.219487,17.683298,-15.218473
-10.132728,16.237312,-15.214534
-12.905773,14.307457,-15.209847
-15.264658,12.068164,-15.208831
-17.319996,9.387124,-15.211574
-18.910588,6.406007,-15.209971
-19.921922,3.181841,-15.208132
-20.272717,-0.178191,-15.215439
-19.966780,-3.543641,-15.222027
-19.066185,-6.799464,-15.217079
-17.696345,-9.749696,-15.217445
-15.979754,-12.364474,-15.219922
-13.917308,-14.715595,-15.215422
-11.545288,-16.754183,-15.213927
-8.898674,-18.420572,-15.222916
-6.136132,-19.598753,-15.221766
-3.214501,-20.293080,-15.212325
-0.217516,-20.480734,-15.207737
2.770866,-20.188859,-15.210682
5.567267,-19.511156,-15.215574
8.258142,-18.492939,-15.221651
10.807492,-17.159233,-15.219959
13.171846,-15.520168,-15.211980
15.301879,-13.585304,-15.209951
17.204236,-11.262141,-15.218129
18.624674,-8.757870,-15.219054
19.585235,-5.912948,-15.212673
19.991399,-2.937340,-15.216590
19.897577,0.064571,-15.221061
19.402886,2.899071,-15.210741
18.499475,5.762131,-15.218531
17.251123,8.491035,-15.220907
15.676425,11.053395,-15.212312
13.695314,13.492376,-15.205504
10.458964,14.087977,-18.614197
8.054944,15.627666,-18.617919
5.296428,16.722218,-18.619035
2.376946,17.258408,-18.616363
-0.591130,17.249379,-18.613972
-3.515926,16.747801,-18.612316
-6.333708,15.816876,-18.612832
-9.079792,14.420857,-18.612935
-11.491498,12.689731,-18.613063
-13.600770,10.604001,-18.616385
-15.351100,8.207171,-18.620560
-16.786394,5.480387,-18.616683
-17.734997,2.667464,-18.615237
-18.167207,-0.383037,-18.619236
-18.010658,-3.347774,-18.616817
-17.287552,-6.343612,-18.607643
-16.109262,-9.067090,-18.613326
-14.598257,-11.486956,-18.615750
-12.683230,-13.755630,-18.613422
-10.526936,-15.621155,-18.610580
-8.095897,-17.117312,-18.610486
-5.577653,-18.196820,-18.616644
-2.801211,-18.850442,-18.619911
-0.065468,-19.008471,-18.613787
2.659852,-18.738687,-18.607037
5.211535,-18.122607,-18.609650
7.670552,-17.205182,-18.616214
10.104093,-15.948817,-18.616957
12.266636,-14.461959,-18.618759
14.217895,-12.705594,-18.622376
15.965017,-10.595820,-18.620156
17.316372,-8.211445,-18.615475
18.170340,-5.608961,-18.613000
18.513539,-2.890127,-18.616052
18.397122,-0.153128,-18.619863
17.882991,2.537127,-18.617306
17.018356,5.136459,-18.614541
15.836072,7.603754,-18.618859
14.371578,9.927153,-18.622005
12.564292,12.154680,-18.617596
9.504974,12.320212,-22.013881
7.260949,13.714552,-22.011227
4.785102,14.638300,-22.013590
2.178500,15.069592,-22.016614
-0.361725,15.031083,-22.018307
-2.961087,14.560908,-22.019664
-5.462334,13.710762,-22.017365
-7.804255,12.490953,-22.014700
-9.929414,10.919320,-22.017379
-11.761057,9.018072,-22.021961
-13.203320,6.926574,-22.019896
-14.417440,4.581173,-22.013612
-15.316528,2.096865,-22.016534
-15.793979,-0.501045,-22.019453
-15.764790,-3.142640,-22.018726
-15.237247,-5.732211,-22.017328
-14.283950,-8.196209,-22.008334
-12.948533,-10.472955,-22.012881
-11.290451,-12.534905,-22.011856
-9.391689,-14.214832,-22.009775
-7.218474,-15.534911,-22.018936
-4.889685,-16.550121,-22.016838
-2.420301,-17.138624,-22.013047
0.015554,-17.276801,-22.015088
2.441955,-17.038966,-22.014988
4.813797,-16.474636,-22.010008
7.098034,-15.623029,-22.013422
9.176482,-14.555437,-22.014576
11.189960,-13.181628,-22.015695
12.929837,-11.620905,-22.013205
14.543514,-9.659568,-22.007496
15.721709,-7.523340,-22.019473
16.461950,-5.199502,-22.020724
16.751606,-2.777646,-22.018697
16.615289,-0.241110,-22.023224
16.123283,2.146946,-22.021567
15.323867,4.451044,-22.015357
14.240527,6.631164,-22.018595
12.917094,8.689427,-22.023492
11.374159,10.597312,-22.020106
8.306953,10.370836,-25.411668
6.356176,11.527762,-25.408610
4.298254,12.254068,-25.409146
2.056182,12.596458,-25.414947
-0.211119,12.530411,-25.419498
-2.352483,12.117247,-25.416561
-4.492970,11.366393,-25.413128
-6.413761,10.336244,-25.414024
-8.222676,8.964407,-25.412333
-9.709201,7.371241,-25.407688
-10.903406,5.545698,-25.409368
-11.915457,3.517037,-25.418298
-12.689742,1.477854,-25.421751
-13.172627,-0.737511,-25.419790
-13.223398,-2.918053,-25.417370
-12.842035,-5.154975,-25.414490
-12.081853,-7.292234,-25.411555
-10.983763,-9.274359,-25.419116
-9.661416,-11.014545,-25.415202
-7.998552,-12.549047,-25.410477
-6.139171,-13.694673,-25.421593
-4.061931,-14.605816,-25.421636
-1.941151,-15.107889,-25.419709
0.150770,-15.230851,-25.412353
2.319545,-15.013530,-25.411877
4.353098,-14.515152,-25.422490
6.235954,-13.823127,-25.418339
8.104111,-12.879173,-25.410995
9.836153,-11.703746,-25.411862
11.390582,-10.301251,-25.417503
12.766524,-8.609115,-25.417642
13.781272,-6.776229,-25.411111
14.435612,-4.696211,-25.409609
14.666593,-2.614339,-25.416647
14.537121,-0.437167,-25.421476
14.105975,1.611434,-25.416171
13.406135,3.585030,-25.414844
12.465665,5.451645,-25.415018
11.322463,7.214549,-25.414397
9.931012,8.913369,-25.413557
6.876080,8.039790,-28.820102
5.349248,8.913794,-28.813431
3.614482,9.489964,-28.815929
1.870881,9.728782,-28.817703
0.044562,9.660835,-28.814479
-1.676615,9.300692,-28.820577
-3.332440,8.707799,-28.815905
-4.877931,7.872332,-28.809733
-6.271583,6.796830,-28.809886
-7.449772,5.494158,-28.815712
-8.385713,4.005189,-28.819229
-9.174415,2.434479,-28.810082
-9.818275,0.799044,-28.813131
-10.232147,-0.910520,-28.814321
-10.320696,-2.665498,-28.812504
-10.049122,-4.475214,-28.816725
-9.478695,-6.212602,-28.809388
-8.666842,-7.771079,-28.812513
-7.584504,-9.247331,-28.815685
-6.270321,-10.516211,-28.814576
-4.803456,-11.487900,-28.816856
-3.130855,-12.227374,-28.818202
-1.420872,-12.637265,-28.816800
0.334507,-12.738799,-28.817987
2.083572,-12.560153,-28.820158
3.725327,-12.168819,-28.816963
5.310433,-11.589271,-28.811352
6.811130,-10.818566,-28.817869
8.208146,-9.870108,-28.817091
9.512763,-8.692890,-28.812173
10.569335,-7.375712,-28.817641
11.420828,-5.836010,-28.810340
11.947791,-4.159274,-28.808256
12.140139,-2.410534,-28.813113
12.031218,-0.655644,-28.815423
11.677318,0.994752,-28.814297
11.108190,2.584045,-28.813246
10.312211,4.149178,-28.810728
9.372418,5.557380,-28.811606
8.217473,6.897905,-28.817804
5.082033,5.023341,-32.216623
4.010798,5.609574,-32.214506
2.851166,5.981610,-32.216009
1.591082,6.138957,-32.215194
0.373969,6.080151,-32.212473
-0.816878,5.817489,-32.216009
-1.917531,5.417040,-32.213178
-2.986095,4.831825,-32.212162
-3.943147,4.074427,-32.217357
-4.721133,3.200620,-32.217554
-5.365951,2.165617,-32.210478
-5.875638,1.112620,-32.216997
-6.322943,0.030396,-32.214066
-6.638139,-1.146652,-32.211491
-6.713595,-2.363971,-32.217562
-6.553835,-3.573479,-32.218882
-6.185292,-4.786641,-32.211723
-5.647801,-5.882395,-32.211405
-4.905668,-6.907240,-32.217454
-4.033383,-7.833560,-32.217513
-3.038997,-8.614570,-32.211731
-1.920765,-9.104865,-32.213941
-0.684155,-9.394997,-32.218609
0.580481,-9.467528,-32.219409
1.793848,-9.341726,-32.218944
2.932492,-9.070575,-32.217616
4.077859,-8.652774,-32.211901
5.117921,-8.116160,-32.212832
6.120405,-7.422113,-32.215800
7.018091,-6.596507,-32.214561
7.774212,-5.639817,-32.212998
8.342386,-4.560427,-32.216863
8.701371,-3.394151,-32.214071
8.836817,-2.182807,-32.212304
8.762709,-0.964839,-32.213688
8.524444,0.181231,-32.210140
8.112886,1.328766,-32.209992
7.555231,2.412786,-32.214752
6.885080,3.374300,-32.218839
6.046431,4.267836,-32.218924
0.939608,-1.617828,-35.614939
5.608177,14.361726,32.385061
3.749500,17.886397,32.385061
0.972814,21.033728,32.385061
-2.688654,23.249741,32.385061
-6.877392,24.198830,32.385061
-11.257493,23.953497,32.385061
-15.456718,22.687686,32.385061
-19.246421,20.469101,32.385061
-22.301962,17.172602,32.385061
-23.999449,13.025599,32.385061
-24.100626,8.429007,32.385061
-23.068657,4.164247,32.385061
-21.292687,0.376105,32.385061
-19.101349,-2.712350,32.385061
-16.679738,-5.083422,32.385061
-14.000263,-6.815087,32.385061
-11.274686,-7.779053,32.385061
-8.601279,-8.099084,32.385061
-6.313588,-7.946467,32.385061
-4.461922,-7.551502,32.385061
-2.950456,-7.045510,32.385061
-1.764686,-6.525598,32.385061
-0.882856,-6.062873,32.385061
-0.114431,-5.601658,32.385061
0.546719,-5.157287,32.385061
1.028069,-4.803366,32.385061
1.572902,-4.368672,32.385061
2.024741,-3.977847,32.385061
2.461819,-3.570594,32.385061
2.952077,-3.075221,32.385061
3.354541,-2.633728,32.385061
3.864174,-2.021611,32.385061
4.341138,-1.383696,32.385061
4.888247,-0.551896,32.385061
5.467476,0.493015,32.385061
6.027413,1.769645,32.385061
6.530727,3.385460,32.385061
6.892897,5.446637,32.385061
6.978012,7.944200,32.385061
6.679651,11.100716,29.381363
5.468833,13.915401,29.383534
3.468271,16.649275,29.383993
0.800697,18.861817,29.382965
-2.555246,21.164740,29.385337
-6.499757,22.788742,29.387267
-10.650631,22.548764,29.383989
-14.600843,21.393518,29.384995
-18.765697,19.788394,29.380896
-22.270727,17.112268,29.383858
-24.309102,13.139982,29.390284
-24.662955,8.703375,29.383598
-23.752711,4.251641,29.380710
-22.182482,0.434125,29.385636
-20.128420,-2.760463,29.388836
-17.760316,-5.323662,29.383740
-15.313632,-7.336751,29.377862
-12.857856,-8.803196,29.386270
-10.480050,-9.655929,29.385600
-8.212793,-10.188755,29.380134
-6.251845,-10.620912,29.385503
-4.468683,-10.760652,29.387333
-2.770391,-10.678423,29.384118
-1.206287,-10.445194,29.382551
0.311919,-10.055737,29.388106
1.629098,-9.822238,29.388672
2.898090,-9.073574,29.386292
3.586869,-7.600855,29.387264
4.563399,-6.818458,29.385281
5.530793,-6.156882,29.383106
6.515296,-5.203283,29.386298
7.418479,-4.164113,29.388355
8.163078,-3.016845,29.381286
8.766438,-1.667385,29.382053
9.249497,-0.115194,29.383012
8.333631,1.258711,29.383356
7.994607,2.654213,29.385504
7.979915,4.371198,29.387365
7.718801,6.243637,29.386468
7.351802,8.434240,29.383425
7.222939,12.001828,26.388538
5.637209,14.334278,26.381285
3.510197,16.510544,26.382243
0.726564,18.366492,26.386495
-2.450474,20.332016,26.385790
-6.328063,21.834248,26.385705
-10.151796,21.485448,26.390897
-13.980042,20.290026,26.387772
-17.994189,18.895035,26.381040
-21.572424,16.478811,26.381083
-23.707535,12.797724,26.383585
-24.180779,8.467964,26.381681
-23.374495,4.203408,26.385019
-21.919887,0.452048,26.381698
-19.940359,-2.778462,26.380680
-17.733672,-5.321997,26.385042
-15.519465,-7.399349,26.385196
-13.344905,-9.027168,26.382260
-11.052673,-10.247982,26.383126
-8.935587,-11.099122,26.386689
-6.991980,-11.786630,26.388378
-4.976714,-12.193143,26.390091
-3.127601,-12.305240,26.386788
-1.291743,-12.196815,26.379592
0.412014,-11.927281,26.378258
2.196199,-11.714150,26.386140
3.632981,-10.910876,26.387889
4.764757,-9.558679,26.383202
6.165760,-8.733433,26.388703
7.511867,-7.818158,26.382763
8.774006,-6.625495,26.382943
9.952017,-5.202610,26.385856
10.863230,-3.610800,26.380640
11.531143,-1.878492,26.382574
11.929217,0.046460,26.380527
11.129567,1.919124,26.384038
10.582536,3.681140,26.383932
10.068754,5.674541,26.383472
9.331120,7.603878,26.386469
8.424837,9.695565,26.389886
8.179476,13.640603,23.385707
6.095299,15.564636,23.382518
3.661105,17.418548,23.383315
0.769536,18.918716,23.388937
-2.471460,20.299868,23.392236
-6.156360,21.144650,23.387762
-9.746451,20.640678,23.383343
-13.346857,19.375694,23.388690
-16.967745,17.822651,23.386196
-20.196238,15.405401,23.380151
-22.197065,11.888757,23.382389
-22.628670,7.856933,23.388727
-21.876805,3.888940,23.387190
-20.494757,0.321311,23.387234
-18.716616,-2.676826,23.381960
-16.726600,-5.141137,23.380252
-14.827242,-7.097774,23.389560
-12.823886,-8.785264,23.385907
-10.913684,-10.048052,23.379211
-8.979104,-11.059886,23.380070
-7.066831,-11.861061,23.385691
-5.074996,-12.430107,23.381963
-3.240018,-12.719925,23.384441
-1.279970,-12.795635,23.390857
0.458722,-12.691092,23.382465
2.326998,-12.511705,23.385453
4.133897,-11.830897,23.390684
5.617066,-10.885824,23.385657
7.264977,-10.036987,23.380646
8.885090,-8.931415,23.382669
10.410037,-7.522680,23.387340
11.713725,-5.912218,23.387234
12.736878,-4.109889,23.382972
13.522701,-1.954815,23.381572
13.891397,0.306274,23.387203
13.700330,2.587317,23.390515
13.260377,4.840114,23.384175
12.512899,7.115426,23.381002
11.396643,9.370770,23.383989
9.953534,11.566643,23.386320
9.323282,15.501853,20.380458
6.792592,17.198218,20.381073
3.959754,18.824815,20.389647
0.919586,20.006406,20.385526
-2.509449,20.637014,20.386270
-5.993009,20.620763,20.390137
-9.515023,19.912910,20.381633
-12.834145,18.540363,20.388577
-15.963342,16.556709,20.384148
-18.468543,13.966531,20.379407
-20.033206,10.619195,20.380874
-20.304153,6.913513,20.381292
-19.626118,3.383881,20.387056
-18.359989,0.139229,20.383646
-16.876691,-2.523009,20.379901
-15.292839,-4.735262,20.380611
-13.635877,-6.611217,20.380713
-11.968580,-8.173112,20.379862
-10.258378,-9.521637,20.384080
-8.515247,-10.631475,20.385956
-6.749180,-11.479226,20.379235
-5.014388,-12.125079,20.384411
-3.227639,-12.600984,20.388351
-1.289597,-12.889843,20.382715
0.559872,-12.950766,20.382159
2.401174,-12.787421,20.384057
4.327658,-12.417458,20.386679
6.192475,-11.824924,20.386849
8.041251,-10.896770,20.384405
9.846700,-9.680771,20.389277
11.472327,-8.232780,20.389620
12.923838,-6.469565,20.383099
14.132106,-4.397775,20.379118
14.974087,-2.046412,20.382269
15.413824,0.419986,20.384601
15.779825,3.119860,20.382431
15.482218,5.814695,20.382285
14.608690,8.514760,20.384063
13.328735,11.041966,20.384530
11.561254,13.418446,20.382927
10.223220,16.955295,17.390378
7.369871,18.727089,17.385936
4.341806,20.169977,17.385677
0.990114,21.150657,17.384402
-2.547914,21.037289,17.383300
-5.933458,20.199959,17.384428
-9.169452,19.318996,17.383325
-12.290775,17.790350,17.379119
-14.894010,15.353236,17.379778
-16.740701,12.520139,17.381333
-17.835473,9.357492,17.382976
-17.980274,5.991015,17.387303
-17.391402,2.791904,17.388748
-16.357060,0.058836,17.382341
-15.147678,-2.368974,17.378846
-13.902200,-4.398878,17.381344
-12.486944,-6.181083,17.384720
-11.056928,-7.659603,17.386223
-9.621391,-8.984706,17.385833
-8.162932,-10.104681,17.386675
-6.552823,-10.998761,17.389153
-4.875055,-11.765489,17.382699
-3.147115,-12.394187,17.380334
-1.355928,-12.832103,17.385025
0.585793,-13.039494,17.380894
2.415567,-12.898332,17.385753
4.480333,-12.747013,17.389045
6.602920,-12.430594,17.385618
8.549800,-11.452343,17.387214
10.454625,-10.204635,17.383933
12.252354,-8.644108,17.385036
13.780116,-6.814219,17.388867
15.121182,-4.580799,17.390548
16.029027,-2.151358,17.387353
16.564767,0.506718,17.381624
17.119751,3.385034,17.385933
16.877356,6.393354,17.385619
15.982863,9.306952,17.380719
14.598553,12.128800,17.380968
12.640726,14.758590,17.387454
10.638482,17.645013,14.385997
7.798750,19.605381,14.386235
4.551303,21.026857,14.383609
1.032290,21.818881,14.385042
-2.521948,21.256175,14.384601
-5.829124,19.871478,14.380177
-8.960993,18.714659,14.380394
-11.839770,16.992921,14.386331
-13.982265,14.314865,14.390134
-15.398889,11.377637,14.385029
-16.223144,8.377123,14.379800
-16.345395,5.353511,14.381752
-15.920635,2.472676,14.384340
-15.069007,-0.079797,14.385329
-14.126754,-2.260253,14.381608
-13.122910,-4.165181,14.378237
-11.949755,-5.844705,14.379443
-10.612271,-7.393063,14.379083
-9.341755,-8.718862,14.379262
-7.962005,-9.918689,14.380087
-6.401437,-10.879185,14.380962
-4.865467,-11.670475,14.388121
-3.180116,-12.380001,14.389001
-1.313449,-12.918724,14.382099
0.504782,-13.174102,14.387569
2.541317,-13.046607,14.387921
4.601452,-12.994983,14.388319
6.824719,-12.779362,14.388494
8.868187,-11.763907,14.380564
10.862889,-10.480267,14.381645
12.667503,-8.948031,14.382393
14.353461,-6.983807,14.388608
15.719580,-4.784343,14.388775
16.771099,-2.191202,14.380778
17.372652,0.548553,14.387939
17.706523,3.550983,14.389330
17.341404,6.648854,14.381483
16.398863,9.635276,14.378610
14.969720,12.538541,14.381416
13.018859,15.274392,14.384088
10.704727,17.776696,11.384848
7.917767,19.949643,11.389847
4.557771,21.298623,11.387138
1.019844,21.877975,11.382674
-2.479204,21.162813,11.378727
-5.673509,19.584643,11.381545
-8.748579,18.088498,11.388108
-11.349421,16.189753,11.381649
-13.218281,13.470427,11.380098
-14.449805,10.598933,11.379923
-15.205522,7.712036,11.382611
-15.384884,4.930357,11.389837
-15.124338,2.267640,11.391634
-14.504041,-0.110943,11.386067
-13.737049,-2.225946,11.384677
-12.837004,-4.164982,11.384676
-11.827466,-5.805588,11.381794
-10.659858,-7.336055,11.386706
-9.371083,-8.769370,11.390054
-8.027046,-9.992446,11.387847
-6.529298,-11.024585,11.387396
-4.931302,-11.896824,11.390047
-3.155899,-12.636977,11.388784
-1.404671,-13.135799,11.384043
0.613010,-13.405413,11.385230
2.528467,-13.286767,11.388260
4.678624,-13.191380,11.391653
6.884550,-12.922043,11.388864
9.014494,-11.885392,11.381561
11.000760,-10.622294,11.389535
12.884174,-9.044900,11.387757
14.587308,-7.118328,11.379833
16.079623,-4.775436,11.381669
17.196150,-2.221291,11.387151
17.861041,0.587695,11.382242
17.793859,3.581644,11.379798
17.290267,6.539746,11.385429
16.305814,9.589285,11.386180
14.875066,12.466981,11.382147
13.010515,15.217938,11.381399
10.618461,17.652402,8.378160
7.887553,19.840056,8.380823
4.511571,21.041793,8.380383
0.997755,21.410732,8.379239
-2.493063,20.706191,8.385871
-5.649185,19.154064,8.389482
-8.441409,17.435354,8.384707
-10.845848,15.351338,8.388296
-12.587270,12.705332,8.384782
-13.781468,9.978560,8.379859
-14.530397,7.335771,8.385001
-14.821041,4.701592,8.390366
-14.738070,2.267318,8.381556
-14.330992,-0.133261,8.379613
-13.737472,-2.166958,8.383977
-12.935437,-4.126347,8.387273
-11.983918,-5.898770,8.385961
-10.852823,-7.564554,8.381427
-9.592968,-8.991342,8.377381
-8.259497,-10.203508,8.379821
-6.743082,-11.359342,8.388762
-5.078666,-12.284316,8.382612
-3.299206,-12.971686,8.380387
-1.347200,-13.461179,8.388604
0.550382,-13.662662,8.384705
2.658186,-13.529057,8.388896
4.668580,-13.320928,8.390641
6.936862,-12.855990,8.384830
8.946767,-11.886455,8.385699
10.915030,-10.639275,8.391276
12.865292,-9.014875,8.389795
14.569638,-7.123918,8.385453
16.074427,-4.828496,8.386936
17.293983,-2.226116,8.388751
18.014488,0.640025,8.382998
17.687862,3.585388,8.384276
17.101502,6.501784,8.390027
16.164432,9.415447,8.389540
14.746015,12.264000,8.383652
12.862408,15.082389,8.378948
10.481726,17.424859,5.386507
7.635888,19.369416,5.383234
4.332051,20.320821,5.379764
0.881516,20.469220,5.380130
-2.416291,19.925787,5.381314
-5.477657,18.605218,5.378887
-8.083874,16.677061,5.379616
-10.303381,14.468602,5.390348
-11.975200,12.075161,5.390262
-13.231606,9.548987,5.389043
-14.051805,7.073680,5.391225
-14.473144,4.604091,5.388817
-14.550140,2.205372,5.381171
-14.363446,-0.085243,5.386955
-13.879334,-2.219960,5.392607
-13.156180,-4.179472,5.389849
-12.257843,-6.062537,5.385256
-11.217981,-7.756428,5.385166
-9.920614,-9.246280,5.384795
-8.518162,-10.503344,5.382623
-6.979642,-11.756905,5.381480
-5.246548,-12.707803,5.380729
-3.365134,-13.354589,5.386018
-1.425515,-13.757982,5.391180
0.657934,-13.893394,5.384114
2.634783,-13.746770,5.384442
4.686811,-13.357001,5.385430
6.774371,-12.694255,5.383976
8.842393,-11.695993,5.385514
10.765267,-10.441537,5.380707
12.595644,-8.890067,5.377696
14.345307,-6.951300,5.383219
15.783514,-4.782710,5.389068
17.013723,-2.234058,5.389231
17.790811,0.575646,5.390095
17.587884,3.487594,5.390729
17.067658,6.479558,5.387323
16.151521,9.462535,5.386921
14.747298,12.271200,5.388892
12.820533,15.011139,5.388599
10.220828,16.959564,2.390806
7.299135,18.418072,2.388257
4.106002,19.115064,2.380000
0.855945,19.089841,2.385073
-2.320790,18.757210,2.386897
-5.267637,17.741837,2.383906
-7.712801,15.692665,2.387968
-9.712360,13.519120,2.385515
-11.361230,11.442905,2.379186
-12.716364,9.165994,2.383286
-13.661208,6.795076,2.390348
-14.207144,4.515159,2.388492
-14.435192,2.181261,2.383638
-14.418737,-0.067025,2.388366
-14.037774,-2.271979,2.388528
-13.389190,-4.209566,2.384068
-12.534992,-6.172085,2.385965
-11.514360,-7.945158,2.388261
-10.194283,-9.487698,2.389405
-8.745474,-10.783832,2.389103
-7.171588,-12.084356,2.387828
-5.379723,-13.042509,2.389807
-3.423567,-13.652980,2.386054
-1.414402,-13.983303,2.379074
0.624080,-14.030593,2.382146
2.663036,-13.848037,2.384589
4.709673,-13.255213,2.382001
6.574753,-12.412995,2.382030
8.577529,-11.407714,2.389289
10.427251,-10.138786,2.390565
12.181251,-8.579927,2.387556
13.793051,-6.738525,2.385010
15.188375,-4.606449,2.387762
16.315748,-2.203708,2.388933
17.101864,0.540078,2.380490
17.275039,3.492140,2.384794
16.959741,6.436189,2.390187
16.100303,9.473080,2.389130
14.676775,12.314581,2.387375
12.725710,14.842876,2.389002
9.616492,15.887032,-0.617543
6.649182,16.877434,-0.618425
3.651432,17.362255,-0.616921
0.741328,17.262317,-0.613225
-2.126875,17.126698,-0.610858
-4.899969,16.404615,-0.614021
-7.180337,14.495244,-0.618941
-9.044051,12.502119,-0.617897
-10.783598,10.651250,-0.617680
-12.191223,8.660795,-0.617524
-13.209847,6.542515,-0.618225
-13.912285,4.308661,-0.618393
-14.256088,2.087970,-0.615159
-14.343755,-0.064921,-0.612459
-14.046455,-2.285297,-0.610126
-13.445891,-4.251814,-0.610139
-12.619284,-6.234592,-0.613517
-11.602078,-8.020919,-0.614170
-10.299533,-9.598144,-0.610221
-8.859431,-10.925983,-0.610334
-7.250053,-12.200667,-0.619520
-5.437139,-13.151028,-0.613909
-3.466621,-13.747834,-0.610684
-1.436647,-14.024967,-0.617522
0.613099,-14.004897,-0.615892
2.664304,-13.763083,-0.613423
4.569120,-13.054734,-0.615653
6.359498,-12.031928,-0.619131
8.152476,-11.040225,-0.618379
9.876480,-9.759401,-0.616085
11.493847,-8.196283,-0.618137
12.906633,-6.452336,-0.618973
14.180496,-4.364904,-0.614441
15.108271,-2.109891,-0.612708
15.753474,0.449104,-0.619257
16.335289,3.225613,-0.620410
16.231403,6.145152,-0.617166
15.472749,9.082933,-0.612547
14.120031,11.816610,-0.611148
12.128444,14.175134,-0.614133
8.290368,13.768205,-3.613149
5.687734,14.511210,-3.618624
3.115561,14.997633,-3.615959
0.516537,15.032572,-3.618009
-1.938684,14.990139,-3.619837
-4.455654,14.436961,-3.617271
-6.562478,13.006123,-3.613430
-8.350273,11.363099,-3.611255
-10.040856,9.872646,-3.613798
-11.494369,8.160133,-3.618010
-12.631248,6.206906,-3.615851
-13.453255,4.113606,-3.611648
-13.883846,1.993326,-3.615538
-14.008686,-0.079105,-3.617093
-13.772567,-2.224543,-3.612677
-13.214633,-4.223928,-3.609683
-12.417768,-6.136470,-3.613046
-11.421788,-7.850615,-3.612828
-10.203368,-9.414728,-3.610990
-8.717412,-10.860032,-3.612564
-7.119017,-12.033308,-3.617630
-5.358713,-12.946680,-3.619251
-3.379027,-13.564157,-3.616244
-1.412421,-13.811466,-3.611979
0.567310,-13.757663,-3.609465
2.626560,-13.428172,-3.610043
4.429830,-12.648081,-3.615837
6.099904,-11.562395,-3.621845
7.760772,-10.485167,-3.619897
9.264841,-9.196400,-3.612406
10.591748,-7.720103,-3.609400
11.812898,-5.940366,-3.612032
12.746742,-4.084275,-3.615385
13.375514,-1.927052,-3.616759
13.639111,0.219620,-3.616347
14.308161,2.751194,-3.617065
14.260758,5.253789,-3.613956
13.581557,7.792342,-3.614724
12.387511,10.236170,-3.615839
10.584106,12.331928,-3.612419
6.507866,10.704012,-6.615163
4.534665,11.585348,-6.613215
2.497440,12.301654,-6.618866
0.364888,12.628679,-6.618320
-1.791057,12.552969,-6.618997
-3.848243,12.189688,-6.616716
-5.841986,11.393075,-6.611390
-7.554615,10.205160,-6.613108
-9.238060,8.981043,-6.615571
-10.700894,7.513733,-6.614064
-11.885593,5.795556,-6.611334
-12.765492,3.914781,-6.611052
-13.259751,1.893260,-6.612637
-13.383874,-0.183480,-6.612866
-13.177021,-2.171993,-6.613663
-12.670430,-4.107126,-6.615463
-11.920496,-5.874380,-6.616147
-10.936718,-7.520076,-6.615014
-9.778129,-9.055705,-6.615699
-8.437308,-10.424782,-6.617368
-6.803773,-11.577588,-6.615441
-5.097090,-12.465574,-6.613583
-3.276032,-13.060771,-6.616433
-1.370268,-13.310464,-6.619607
0.547779,-13.250152,-6.615258
2.433852,-12.861753,-6.613752
4.172583,-12.067148,-6.617998
5.762696,-10.982926,-6.620148
7.218452,-9.861347,-6.613716
8.510675,-8.554338,-6.608025
9.602860,-7.071627,-6.614987
10.466271,-5.451824,-6.616697
11.089812,-3.715121,-6.612098
11.346771,-1.817169,-6.619121
11.184917,0.016341,-6.619469
11.471652,1.996861,-6.616435
11.243897,4.041462,-6.612582
10.542210,5.928395,-6.613289
9.564533,7.768736,-6.616584
8.175748,9.461118,-6.617515
4.772006,7.840551,-9.614703
3.441046,8.863287,-9.618248
1.940910,9.760551,-9.614872
0.195845,10.319573,-9.615102
-1.528170,10.148930,-9.611879
-3.277498,9.980497,-9.610473
-5.130174,9.753699,-9.615665
-6.790589,8.973142,-9.618326
-8.404169,7.990108,-9.612335
-9.813868,6.740682,-9.615540
-10.986772,5.251332,-9.617195
-11.890854,3.515129,-9.612436
-12.374730,1.686172,-9.611047
-12.472102,-0.199595,-9.611473
-12.284009,-2.082766,-9.610579
-11.846422,-3.847002,-9.611744
-11.124048,-5.517817,-9.615964
-10.177016,-7.069061,-9.613212
-9.080413,-8.525861,-9.614629
-7.866623,-9.780535,-9.617445
-6.385270,-10.836485,-9.610495
-4.838901,-11.665586,-9.612007
-3.125865,-12.263015,-9.612067
-1.322359,-12.528871,-9.609424
0.498415,-12.478151,-9.620310
2.259142,-12.030614,-9.615793
3.843588,-11.280809,-9.608395
5.294167,-10.304519,-9.611852
6.544268,-9.183150,-9.616784
7.662988,-7.838889,-9.620584
8.488625,-6.455802,-9.618701
9.093306,-4.892416,-9.613092
9.408124,-3.309586,-9.611352
9.384683,-1.701015,-9.615760
8.937913,-0.155236,-9.618616
8.764935,1.303797,-9.615454
8.341739,2.771595,-9.610691
7.624349,4.141111,-9.611773
6.862566,5.396089,-9.613953
5.898584,6.691030,-9.613008
3.550058,5.779890,-12.617717
2.614337,6.816508,-12.613304
1.439039,7.701491,-12.618455
0.080495,8.281506,-12.616954
-1.349659,8.035274,-12.618411
-2.855769,8.080856,-12.620501
-4.494312,8.206264,-12.616841
-6.027192,7.743728,-12.614527
-7.474992,6.961196,-12.620276
-8.810960,5.898299,-12.615482
-9.932434,4.607007,-12.613701
-10.786547,3.055836,-12.614591
-11.235515,1.405671,-12.609746
-11.294892,-0.299313,-12.611229
-11.118225,-2.003664,-12.612320
-10.727240,-3.599992,-12.611404
-10.063503,-5.109045,-12.611524
-9.237287,-6.462489,-12.611023
-8.239023,-7.774552,-12.610825
-7.136419,-8.912460,-12.612930
-5.818032,-9.899528,-12.616997
-4.426329,-10.668635,-12.616651
-2.879246,-11.221489,-12.615604
-1.250025,-11.485820,-12.614719
0.402838,-11.461209,-12.608963
1.975553,-11.009705,-12.613610
3.413372,-10.313775,-12.616950
4.749689,-9.468124,-12.611890
5.870943,-8.346216,-12.615044
6.755440,-7.100397,-12.620648
7.392864,-5.782978,-12.617967
7.766876,-4.368293,-12.615870
7.860373,-2.966937,-12.619841
7.682801,-1.573498,-12.612359
7.189534,-0.328957,-12.614099
6.726576,0.801229,-12.616111
6.213719,1.837261,-12.612790
5.588287,2.814197,-12.609694
4.946291,3.776853,-12.612418
4.301628,4.738082,-12.618152
2.755531,4.505891,-15.610345
2.031333,5.391573,-15.609569
1.102101,6.104508,-15.611407
-0.003553,6.582690,-15.621459
-1.196250,6.397087,-15.614860
-2.429434,6.564666,-15.612714
-3.893018,6.798426,-15.619362
-5.284058,6.512293,-15.618986
-6.548530,5.864715,-15.609557
-7.726957,4.982089,-15.608141
-8.747623,3.852137,-15.608920
-9.468823,2.565394,-15.611977
-9.868298,1.094507,-15.617384
-9.900494,-0.374276,-15.615737
-9.748787,-1.843022,-15.611947
-9.409305,-3.269473,-15.609557
-8.849891,-4.574613,-15.609992
-8.130017,-5.798664,-15.614363
-7.259286,-6.915052,-15.616282
-6.297943,-7.887350,-15.614584
-5.201861,-8.789036,-15.613120
-3.925664,-9.518077,-15.610348
-2.586454,-9.988336,-15.607610
-1.135403,-10.234925,-15.610118
0.289340,-10.207482,-15.619549
1.689170,-9.793487,-15.615148
2.927333,-9.193099,-15.609900
4.141161,-8.465768,-15.616767
5.089214,-7.485332,-15.612654
5.832524,-6.332111,-15.609132
6.329973,-5.119532,-15.611842
6.560303,-3.878629,-15.613581
6.539858,-2.618116,-15.612066
6.311151,-1.485330,-15.617272
5.912294,-0.456537,-15.617345
5.379820,0.447704,-15.613141
4.823802,1.276287,-15.620028
4.316697,2.010868,-15.616548
3.817558,2.748945,-15.604024
3.301229,3.600827,-15.605448
2.271059,3.638491,-18.618242
1.629610,4.350575,-18.614751
0.805268,4.884987,-18.615895
-0.095399,5.214275,-18.616132
-1.112205,5.210955,-18.616938
-2.158933,5.342824,-18.621449
-3.308140,5.492888,-18.615994
-4.508422,5.297265,-18.608294
-5.567881,4.728261,-18.611539
-6.556299,3.989647,-18.620057
-7.374907,3.070944,-18.623165
-8.000242,1.946819,-18.616641
-8.316518,0.756653,-18.611540
-8.311384,-0.520983,-18.619454
-8.180832,-1.709069,-18.620549
-7.920743,-2.864874,-18.616064
-7.484913,-3.973908,-18.613960
-6.921804,-5.027310,-18.615150
-6.189778,-5.956408,-18.619541
-5.333660,-6.788976,-18.621710
-4.447058,-7.587631,-18.616992
-3.428729,-8.186663,-18.617365
-2.251405,-8.581526,-18.619181
-1.081716,-8.795526,-18.613916
0.154993,-8.763915,-18.609416
1.338240,-8.430254,-18.612706
2.419602,-7.921770,-18.619537
3.413725,-7.350553,-18.622217
4.258574,-6.519004,-18.622448
4.878729,-5.547579,-18.615436
5.285555,-4.526039,-18.609829
5.467014,-3.438125,-18.612247
5.426573,-2.380530,-18.609422
5.227713,-1.434628,-18.611509
4.958311,-0.542532,-18.621365
4.480260,0.238869,-18.615376
3.972053,0.906054,-18.618510
3.559526,1.531040,-18.617950
3.125117,2.192349,-18.606084
2.723601,2.874751,-18.613875
1.836482,2.964458,-21.613721
1.241119,3.441124,-21.620843
0.566939,3.736728,-21.623083
-0.190255,4.021261,-21.618014
-1.005839,4.174258,-21.608428
-1.808836,4.092495,-21.612756
-2.757227,4.177651,-21.613397
-3.690074,3.980299,-21.608548
-4.487871,3.501024,-21.610545
-5.251720,2.898272,-21.618984
-5.849636,2.170697,-21.616698
-6.314134,1.294862,-21.613371
-6.516570,0.346149,-21.612559
-6.442882,-0.633656,-21.612809
-6.340217,-1.540381,-21.618128
-6.162600,-2.427369,-21.616488
-5.853395,-3.284506,-21.608766
-5.443371,-4.098663,-21.612055
-4.916160,-4.834989,-21.617203
-4.288240,-5.495639,-21.618343
-3.576571,-6.121572,-21.618928
-2.769788,-6.599579,-21.615986
-1.877426,-6.924538,-21.613036
-0.952824,-7.128629,-21.614780
0.020308,-7.091108,-21.610877
0.938676,-6.850574,-21.610618
1.813013,-6.496693,-21.617531
2.607480,-6.051897,-21.615184
3.316325,-5.429792,-21.612227
3.841096,-4.684828,-21.615612
4.195579,-3.847246,-21.617807
4.365081,-2.989255,-21.609637
4.353776,-2.148885,-21.608197
4.207244,-1.362154,-21.617039
4.083663,-0.627823,-21.623967
3.764162,0.045706,-21.616536
3.302377,0.622344,-21.608237
2.971825,1.198675,-21.614590
2.639831,1.732010,-21.616957
2.278418,2.329408,-21.610228
1.359845,2.128653,-24.615724
0.823260,2.337161,-24.617123
0.257414,2.460724,-24.613381
-0.278041,2.810621,-24.616163
-0.869102,2.756702,-24.615849
-1.451660,2.602412,-24.613140
-2.100604,2.660628,-24.613111
-2.672059,2.390522,-24.611320
-3.196990,2.028376,-24.615803
-3.659560,1.587022,-24.618219
-4.017339,1.061822,-24.614733
-4.267929,0.472342,-24.612558
-4.205297,-0.179876,-24.611402
-4.045992,-0.793584,-24.613333
-4.021130,-1.348212,-24.616573
-3.930430,-1.871794,-24.613741
-3.712017,-2.383839,-24.610705
-3.441881,-2.837395,-24.615727
-3.213445,-3.358228,-24.619570
-2.951993,-3.925787,-24.617595
-2.456367,-4.225295,-24.616134
-1.894032,-4.433976,-24.616514
-1.390337,-4.713624,-24.617715
-0.814118,-4.984754,-24.618443
-0.177675,-5.052250,-24.617391
0.434692,-4.894143,-24.615795
1.043905,-4.720991,-24.616430
1.609179,-4.466206,-24.613262
2.127108,-4.063365,-24.611033
2.555725,-3.604939,-24.619317
2.862692,-3.059050,-24.620470
3.042566,-2.455875,-24.616426
3.090365,-1.855039,-24.614844
3.024086,-1.255978,-24.612076
3.017158,-0.695595,-24.610405
2.935866,-0.140252,-24.615412
2.569695,0.293482,-24.612616
2.364178,0.783411,-24.612775
2.093577,1.268632,-24.611727
1.763506,1.744679,-24.611786
0.293470,-0.460063,-27.614939
