15.769218,16.196103,36.195244
14.053017,18.612238,36.195244
12.005553,21.313179,36.195244
9.715114,24.087680,36.195244
6.969023,27.021296,36.195244
3.363103,30.021586,36.195244
-0.889278,31.313199,36.195244
-5.035100,30.453742,36.195244
-8.768953,27.986300,36.195244
-11.860343,25.417603,36.195244
-14.787482,22.661004,36.195244
-17.403697,19.887130,36.195244
-19.979199,16.797374,36.195244
-22.225547,13.717967,36.195244
-24.470415,10.126974,36.195244
-26.587792,5.977456,36.195244
-28.272950,1.633232,36.195244
-29.566493,-3.501543,36.195244
-30.097192,-9.196780,36.195243
-29.587400,-15.106634,36.195243
-27.919825,-21.020844,36.195244
-25.083397,-26.944499,36.195244
-21.108047,-32.695850,36.195244
-15.979061,-38.050114,36.195244
-9.809939,-42.539505,36.195244
-2.607736,-45.654549,36.195244
5.212302,-46.525798,36.195244
12.988346,-44.519276,36.195244
19.591185,-40.235467,36.195244
24.875485,-34.733262,36.195244
28.744138,-28.394832,36.195244
30.617366,-21.211390,36.195244
30.191114,-13.814238,36.195244
28.287005,-7.293190,36.195244
26.193551,-2.203950,36.195244
24.185685,1.999155,36.195244
22.312494,5.559497,36.195244
20.644936,8.508400,36.195244
19.009511,11.231391,36.195244
18.311451,14.305817,32.389629
16.168253,16.631896,32.392692
13.791026,18.344367,32.388172
11.246139,20.181307,32.390725
9.053383,22.459365,32.403873
6.376639,24.826008,32.395291
3.088552,26.697233,32.387201
-0.603189,27.578241,32.389288
-4.358464,27.237353,32.395585
-7.933212,25.956255,32.396404
-11.124826,24.352257,32.389304
-14.139099,22.078264,32.391864
-17.409981,19.796534,32.388718
-20.797372,17.305814,32.389611
-23.505207,14.095707,32.399386
-25.537195,10.414117,32.397041
-27.679939,6.076978,32.397406
-29.257512,1.530273,32.397638
-30.638796,-3.795349,32.398196
-31.186874,-9.598548,32.402139
-30.178075,-15.431690,32.402159
-28.267821,-21.454715,32.390679
-24.722261,-26.618788,32.388833
-20.484939,-31.586041,32.389704
-15.670413,-37.191607,32.393392
-9.809912,-41.914561,32.401878
-2.421028,-44.304003,32.397388
5.178769,-45.502154,32.396616
12.818888,-43.910870,32.390103
19.377216,-39.865275,32.389223
24.949062,-34.810170,32.401197
29.059718,-28.725044,32.398169
32.086826,-22.399461,32.389851
33.028342,-15.637796,32.391970
32.263649,-9.089343,32.396223
30.947437,-3.374075,32.393084
28.425096,1.701854,32.394793
25.677027,5.693029,32.398851
22.909440,9.112084,32.396957
20.551177,11.785216,32.391486
18.745813,14.594313,28.591712
16.424471,16.770094,28.594432
13.622636,18.172598,28.592400
10.978876,19.433460,28.588559
8.556168,21.489819,28.587060
6.051321,23.426986,28.587734
2.922729,24.598042,28.596312
-0.420655,25.200776,28.600124
-3.764839,25.308923,28.600530
-7.308421,24.728101,28.599936
-10.728845,23.671665,28.588366
-14.035083,21.837462,28.589813
-17.588685,20.009546,28.587857
-21.441163,17.839163,28.591279
-24.689091,14.544783,28.600071
-26.962879,10.747871,28.589588
-29.254459,6.237396,28.598375
-30.892313,1.263116,28.597372
-32.150865,-4.105379,28.594961
-32.617403,-10.135588,28.600681
-31.428129,-16.160288,28.600978
-29.272190,-22.118199,28.602956
-25.332487,-27.262090,28.593483
-20.718766,-32.184359,28.591554
-15.858192,-37.494711,28.601187
-9.824716,-42.006974,28.601191
-2.497649,-43.905517,28.590838
5.153118,-44.740137,28.598194
12.594429,-43.078375,28.597511
19.066566,-39.300493,28.589372
24.854792,-34.475915,28.592231
29.057709,-28.695372,28.592095
32.359257,-22.742376,28.587554
33.825428,-16.049668,28.594795
33.275495,-9.475315,28.597366
31.781653,-3.571012,28.587947
29.342907,1.559360,28.598576
26.529017,5.764612,28.598801
23.756132,9.188081,28.592577
21.228533,11.990210,28.590438
18.876927,14.696088,24.799589
16.480847,16.807380,24.791950
13.634314,18.151368,24.795753
10.723163,19.383260,24.802980
8.466344,20.979784,24.799563
5.842018,22.788093,24.791991
2.804865,23.559490,24.798429
-0.360055,24.023832,24.794154
-3.703817,24.386356,24.788281
-7.089643,24.157020,24.797224
-10.608299,23.418696,24.793254
-14.132416,22.001785,24.787284
-18.032118,20.353578,24.786246
-22.151799,18.206218,24.794488
-25.638803,15.123914,24.799313
-28.604425,11.001575,24.790026
-31.110439,6.340891,24.797949
-32.829202,1.135672,24.798422
-33.903728,-4.493488,24.796632
-34.147278,-10.811386,24.801654
-32.957903,-17.057727,24.799945
-30.436637,-23.120772,24.789507
-26.399390,-28.527908,24.788068
-21.598227,-33.599619,24.796563
-16.302095,-38.488329,24.799778
-9.817017,-42.437664,24.791490
-2.592137,-44.053350,24.790025
5.076439,-44.082985,24.802213
12.347557,-42.052265,24.797451
18.867743,-38.429691,24.791377
24.462156,-33.946743,24.803453
28.715980,-28.419465,24.801162
31.869814,-22.394607,24.790017
33.380167,-15.821547,24.789951
32.899656,-9.267723,24.800649
31.111010,-3.398448,24.802735
28.838050,1.609265,24.792381
26.272372,5.736188,24.793982
23.748212,9.124138,24.801171
21.333652,12.052213,24.803681
18.853113,14.702346,20.991853
16.445901,16.803959,20.992354
13.678505,18.366172,20.992451
10.990567,19.639639,20.989535
8.428908,21.164880,20.986649
5.864689,22.697263,20.992501
2.787072,23.390609,21.000213
-0.177936,23.811608,20.996684
-3.532534,24.281934,20.994661
-7.149491,24.167394,21.002971
-10.709092,23.551611,20.992523
-14.562864,22.361834,20.987075
-18.527316,20.811846,20.990521
-22.640556,18.608364,20.994870
-26.616301,15.402810,20.997196
-30.095382,11.387441,20.997240
-32.864529,6.604422,20.991928
-34.801793,0.972484,20.993050
-35.641027,-4.910218,20.993477
-35.540815,-11.301914,20.993553
-34.292602,-17.977430,21.001124
-31.405969,-24.137415,20.999827
-27.529133,-29.734454,20.993868
-22.624917,-35.043817,20.998152
-16.707363,-39.541605,20.999537
-9.954901,-42.690355,20.990470
-2.433614,-44.182597,21.000748
4.940136,-43.353235,20.999933
12.001120,-40.928655,20.989817
18.375184,-37.536657,20.990313
23.868333,-33.169899,20.996727
28.224581,-27.662711,20.987823
31.019191,-21.474971,20.995091
32.346143,-15.191697,20.994376
31.956879,-8.870173,20.992880
29.960970,-3.014095,21.002335
27.964654,1.683545,20.991672
25.672725,5.744011,20.986694
23.411837,9.100416,20.988534
21.250657,11.998823,20.990459
18.979623,14.556638,17.188677
16.452451,16.837333,17.189705
14.086464,18.661256,17.192570
11.382640,20.348263,17.199701
8.730767,21.720764,17.201246
5.859625,23.130559,17.188221
2.983553,23.862165,17.190056
-0.393442,24.406935,17.191608
-3.774347,24.770833,17.193978
-7.182374,24.635248,17.203671
-10.960016,23.985816,17.193451
-14.876109,22.960259,17.186241
-19.027862,21.298132,17.192051
-23.234740,18.796068,17.194176
-27.286712,15.663715,17.187744
-31.226300,11.775395,17.192309
-34.335813,6.694448,17.201226
-36.420307,0.844347,17.196746
-37.055396,-5.261562,17.194700
-36.507534,-11.882069,17.195694
-35.066339,-18.522749,17.187716
-32.037876,-24.628837,17.189255
-28.149528,-30.505304,17.187479
-23.065402,-35.960665,17.189358
-16.819548,-40.002547,17.191765
-9.777392,-42.535682,17.187245
-2.392115,-43.723301,17.190312
4.877970,-42.347508,17.202136
11.694434,-39.720410,17.196599
17.876845,-36.446167,17.186011
23.325717,-31.976721,17.189728
27.433491,-26.785210,17.191673
29.931306,-20.711375,17.200795
31.187215,-14.590755,17.199871
30.980491,-8.480320,17.192662
29.137122,-2.776125,17.195066
27.389502,1.803853,17.196383
25.390888,5.791034,17.191161
23.360664,9.060225,17.187106
21.230929,12.003453,17.187264
19.121908,14.660291,13.392763
16.661320,16.998313,13.395689
14.434943,19.293858,13.400064
11.986668,21.292846,13.399858
9.097039,22.669007,13.396504
6.127317,23.816368,13.397069
2.882737,24.822608,13.402370
-0.457194,25.432863,13.397076
-3.854021,25.611167,13.392622
-7.662885,25.333563,13.398250
-11.409134,24.577876,13.391192
-15.525163,23.502437,13.397831
-19.579348,21.674245,13.396645
-23.459335,19.060611,13.395133
-27.653861,15.795585,13.401844
-31.877522,11.924199,13.391625
-35.138443,6.713907,13.389202
-37.260883,0.879492,13.393482
-37.806627,-5.413360,13.400955
-36.920793,-11.982982,13.398995
-35.206872,-18.540047,13.387638
-32.168685,-24.616136,13.397197
-28.181038,-30.655775,13.395823
-23.163269,-35.851876,13.391203
-16.788304,-39.648063,13.394815
-9.650871,-41.819648,13.396449
-2.453617,-42.659129,13.392442
4.751665,-41.084917,13.399815
11.517444,-38.389274,13.396394
17.439650,-35.138644,13.389760
22.454411,-30.838140,13.396574
26.523704,-25.641649,13.400464
28.854517,-19.750876,13.393009
30.061151,-13.869032,13.390540
30.115935,-8.179225,13.399209
28.818199,-2.791812,13.402798
27.293809,1.850189,13.391003
25.595932,5.737010,13.397179
23.563653,9.230743,13.403420
21.408039,12.140374,13.397793
19.585071,14.956714,9.604560
17.234885,17.364119,9.591722
15.088150,19.967010,9.585218
12.694026,22.293221,9.589020
9.640534,23.752165,9.596592
6.418441,24.711485,9.601086
3.055693,25.944553,9.595361
-0.418632,26.654023,9.593529
-4.227114,26.597477,9.594338
-7.975417,26.158733,9.591144
-11.857336,25.218130,9.596620
-15.903627,24.031493,9.598652
-19.816060,22.032334,9.590347
-23.684065,19.107214,9.591842
-27.562961,15.877933,9.601685
-31.797539,11.794601,9.589254
-34.863974,6.779469,9.591273
-37.013024,0.803432,9.601569
-37.551675,-5.436325,9.599342
-36.612944,-11.924740,9.596316
-34.817579,-18.177932,9.603535
-31.737656,-24.392631,9.592743
-27.827755,-30.141710,9.587284
-22.725168,-35.147300,9.593120
-16.321335,-38.766903,9.595871
-9.413108,-40.676031,9.593485
-2.262811,-41.120152,9.600839
4.686084,-39.580282,9.601616
11.192300,-37.043321,9.599729
16.815129,-33.814121,9.599011
21.659584,-29.421950,9.597185
25.490292,-24.397133,9.594372
27.786368,-18.770609,9.589269
28.974931,-13.192882,9.587239
29.329125,-7.748288,9.595403
28.752657,-2.730718,9.601734
27.547864,1.733680,9.588887
25.962106,5.859220,9.593286
24.068721,9.370136,9.605744
21.831555,12.432894,9.609781
20.298002,15.405423,5.787402
17.944506,18.016030,5.785775
15.742391,20.755517,5.795826
13.276631,23.249482,5.798405
9.938214,24.906605,5.786183
6.522361,25.726854,5.787881
3.064169,27.133723,5.787454
-0.528480,27.851076,5.785948
-4.283963,27.570391,5.787933
-8.146886,26.955634,5.790609
-12.118281,25.816214,5.789884
-16.216325,24.350255,5.790109
-20.106114,22.039739,5.792375
-23.614560,19.125425,5.796185
-27.240266,15.746035,5.795957
-30.914807,11.549145,5.788375
-33.685963,6.708832,5.793854
-35.666034,1.032895,5.799484
-36.367321,-5.110819,5.800829
-35.681397,-11.497252,5.802481
-33.924730,-17.654940,5.803448
-30.938760,-23.785982,5.798920
-26.946878,-29.328002,5.790251
-21.910230,-33.917888,5.791337
-15.756618,-37.342588,5.792565
-8.973585,-39.178523,5.788466
-2.146936,-39.238378,5.798455
4.543395,-37.926267,5.796088
10.771321,-35.645697,5.798077
16.234571,-32.335257,5.799658
20.727649,-28.041884,5.790428
24.328983,-23.245254,5.791355
26.710160,-17.972801,5.802776
27.960723,-12.540010,5.795787
28.651473,-7.403619,5.789403
28.843536,-2.870116,5.800600
27.865871,1.774379,5.800596
26.439445,5.890940,5.800507
24.734975,9.411332,5.799170
22.542413,12.677027,5.793163
21.005099,15.851063,1.999026
18.667467,18.635999,2.001641
16.332161,21.410274,1.996271
13.737105,23.975280,1.993894
10.374994,25.801433,1.997292
6.826983,26.594646,1.990165
3.264784,28.068937,1.995079
-0.622005,28.809283,1.997192
-4.489222,28.334980,1.994238
-8.425381,27.523828,1.995392
-12.438823,26.159974,1.991592
-16.319491,24.431410,1.996678
-19.994505,21.968013,1.992794
-23.336011,19.020949,1.987227
-26.641473,15.492691,1.990394
-29.495110,11.327165,1.990718
-32.004197,6.485328,1.995942
-33.752589,1.116865,2.001364
-34.578441,-4.690580,2.004839
-34.249092,-10.932518,2.000506
-32.614312,-16.980787,1.988740
-29.820798,-22.808238,1.987217
-25.893624,-27.943847,1.989962
-20.831953,-32.258512,1.997059
-14.990622,-35.533676,2.000442
-8.600861,-37.346804,1.997683
-1.939961,-37.139227,2.001073
4.461823,-36.134519,1.998100
10.378860,-34.129367,1.998719
15.659227,-30.762532,1.996590
19.951699,-26.482823,1.991487
23.300085,-21.930414,2.000036
25.745820,-17.042622,1.995232
27.043105,-11.980955,1.989563
28.029934,-7.214360,1.991560
28.874847,-2.870708,1.994094
28.163777,1.703988,1.993782
26.875445,5.776208,1.991287
25.186003,9.637883,1.991099
23.189290,12.920840,1.994586
21.486066,16.159535,-1.808258
19.169540,19.080019,-1.812127
16.687259,21.836841,-1.805653
13.954492,24.405778,-1.798061
10.603118,26.394624,-1.798289
6.985851,27.285756,-1.800327
3.319719,28.750101,-1.801218
-0.659006,29.394677,-1.803435
-4.594021,28.787425,-1.805761
-8.570130,27.797089,-1.807064
-12.404152,26.300472,-1.810198
-16.201104,24.248192,-1.811191
-19.659378,21.691956,-1.810014
-22.852851,18.770597,-1.804234
-25.827097,15.150697,-1.797289
-28.002344,10.973605,-1.798004
-30.131504,6.338195,-1.796371
-31.640509,1.286198,-1.801208
-32.517091,-4.156175,-1.805191
-32.493277,-10.207983,-1.802981
-31.068407,-15.928187,-1.800997
-28.374620,-21.597541,-1.798948
-24.528063,-26.299305,-1.802339
-19.645105,-30.218251,-1.806715
-14.168596,-33.364166,-1.803341
-8.021258,-35.248858,-1.798444
-1.752087,-34.963929,-1.807818
4.317404,-34.273914,-1.813125
10.071075,-32.444091,-1.807341
15.011310,-29.204372,-1.803152
19.033163,-25.194725,-1.804388
22.300104,-20.791002,-1.799602
24.819078,-16.333155,-1.801579
26.280534,-11.487597,-1.812413
27.503719,-6.922020,-1.809707
28.728268,-2.808870,-1.797062
28.239888,1.655635,-1.808010
27.011575,5.831617,-1.803104
25.481890,9.623254,-1.794278
23.589991,13.062539,-1.799447
21.577946,16.232031,-5.602083
19.279934,19.237744,-5.612577
16.692767,21.970156,-5.608904
14.011222,24.393272,-5.602599
10.708353,26.551288,-5.607778
7.097478,27.659323,-5.607160
3.336803,29.021339,-5.596113
-0.721574,29.503912,-5.602059
-4.678570,28.817756,-5.608828
-8.479928,27.729852,-5.600859
-12.289823,26.067592,-5.607928
-15.808364,23.854996,-5.608221
-19.062676,21.280099,-5.609068
-22.235054,18.285959,-5.606115
-24.901703,14.647306,-5.602141
-26.609572,10.643141,-5.610731
-28.410713,6.270972,-5.604253
-29.736454,1.367089,-5.596713
-30.520318,-3.698787,-5.599753
-30.569387,-9.340409,-5.605784
-29.206208,-14.859267,-5.607873
-26.732415,-19.967301,-5.610851
-22.935684,-24.417687,-5.600769
-18.317370,-28.012506,-5.600597
-13.227915,-30.978556,-5.606809
-7.524605,-32.887420,-5.606137
-1.666810,-32.876767,-5.612438
4.206284,-32.386392,-5.603546
9.572897,-30.714270,-5.599955
14.375803,-27.633782,-5.600984
18.335517,-23.863599,-5.598799
21.438172,-19.819873,-5.603268
24.056127,-15.633054,-5.599561
25.713221,-11.051381,-5.597907
26.973071,-6.866178,-5.604325
28.280413,-2.738760,-5.611283
27.943070,1.769084,-5.609668
26.838645,5.810070,-5.604254
25.346858,9.666114,-5.599073
23.614528,13.029301,-5.597369
21.283253,16.070148,-9.408895
19.123594,18.974495,-9.414334
16.497838,21.695347,-9.409771
13.771939,24.093996,-9.401393
10.684359,26.275646,-9.402275
6.980938,27.714574,-9.408742
3.337771,28.863818,-9.407676
-0.585142,29.178901,-9.410539
-4.527353,28.481155,-9.408943
-8.311484,27.284807,-9.397637
-11.905407,25.582430,-9.400156
-15.301224,23.193289,-9.399831
-18.354257,20.649016,-9.406573
-21.334963,17.739063,-9.415227
-23.784315,14.178557,-9.411424
-25.355672,10.324896,-9.403562
-26.948160,6.092920,-9.406391
-28.033455,1.538741,-9.405252
-28.631726,-3.323604,-9.403731
-28.507165,-8.542407,-9.406136
-27.136679,-13.614890,-9.405282
-24.734272,-18.280245,-9.404002
-21.158904,-22.341222,-9.409082
-16.903453,-25.716229,-9.405475
-12.056462,-28.528188,-9.401686
-6.939869,-30.310204,-9.406740
-1.367871,-30.899288,-9.403143
4.052271,-30.453661,-9.406268
9.176012,-28.746990,-9.409302
13.697870,-26.053467,-9.412257
17.541153,-22.776350,-9.410910
20.761761,-18.877627,-9.398386
23.394728,-14.964940,-9.408868
25.198111,-10.856236,-9.406502
26.509077,-6.696744,-9.399998
27.539133,-2.495850,-9.410892
27.313627,1.831602,-9.407212
26.289612,5.873651,-9.404884
24.869503,9.578875,-9.405786
23.176338,12.979428,-9.406156
20.661063,15.709708,-13.197507
18.528868,18.614317,-13.199932
16.019204,21.180891,-13.197346
13.420974,23.428512,-13.195111
10.411644,25.689640,-13.200483
7.012694,27.322879,-13.207469
3.192895,28.333998,-13.208623
-0.568750,28.453886,-13.205928
-4.451942,27.743773,-13.207049
-8.016319,26.511567,-13.210643
-11.528630,24.719723,-13.208140
-14.509552,22.421938,-13.209220
-17.499479,19.845729,-13.201113
-20.268066,17.043477,-13.200620
-22.458972,13.767963,-13.211040
-24.115274,10.001883,-13.208760
-25.540999,5.959315,-13.211286
-26.445471,1.604492,-13.200942
-26.750208,-2.851008,-13.197152
-26.313685,-7.622404,-13.205670
-24.874121,-12.206890,-13.207615
-22.519779,-16.394192,-13.206702
-19.233838,-20.109280,-13.201953
-15.406750,-23.317945,-13.206946
-10.965559,-25.842387,-13.209867
-6.269804,-27.543758,-13.201114
-1.288115,-28.852876,-13.202513
3.799478,-28.376483,-13.210561
8.668662,-26.623678,-13.205034
12.914937,-24.398123,-13.196392
16.774617,-21.551755,-13.200359
19.997425,-17.996681,-13.207545
22.601439,-14.373790,-13.202692
24.666634,-10.430034,-13.201814
25.953320,-6.341203,-13.207047
26.503988,-2.262792,-13.205699
26.374452,1.852853,-13.196755
25.499754,5.689494,-13.194723
24.087044,9.378555,-13.196604
22.507740,12.616292,-13.196706
19.729766,15.162236,-17.011830
17.745518,17.898572,-17.014517
15.400206,20.320703,-17.009017
12.839401,22.522945,-17.007210
9.932886,24.813510,-17.011328
6.854507,26.573761,-17.000757
3.099530,27.397883,-17.007159
-0.459549,27.369467,-17.014905
-4.087761,26.716239,-17.007215
-7.569202,25.447567,-16.996197
-10.831389,23.700430,-17.002775
-13.677664,21.352672,-17.008977
-16.332740,19.000255,-17.012361
-18.991145,16.222504,-17.006727
-21.040882,13.132743,-17.000112
-22.774623,9.687197,-17.009713
-24.063028,5.880959,-17.014363
-24.810644,1.760889,-17.003017
-24.775672,-2.411958,-17.003858
-23.988903,-6.528033,-17.010755
-22.426183,-10.747599,-17.003702
-20.123716,-14.432681,-17.007481
-17.147789,-17.798404,-17.008071
-13.778041,-20.839609,-17.002019
-9.898803,-23.016795,-16.999310
-5.493858,-24.658308,-17.005821
-1.023094,-26.517801,-17.012181
3.682452,-25.952068,-17.005216
8.117222,-24.262470,-17.007163
12.187881,-22.403907,-17.013169
15.855082,-20.072296,-17.008860
19.066584,-16.912576,-17.000773
21.591241,-13.592053,-17.001264
23.792426,-9.993895,-17.004881
25.068130,-6.060647,-17.007917
25.184122,-1.857449,-17.011660
25.104515,2.009531,-17.013621
24.348677,5.608523,-17.009356
23.003445,9.076328,-17.005622
21.451238,12.258809,-17.007608
18.504215,14.438166,-20.799693
16.682670,16.969853,-20.800823
14.533921,19.224142,-20.802930
12.065714,21.355286,-20.804776
9.423236,23.528906,-20.807225
6.551810,25.406317,-20.812053
3.090102,26.058927,-20.814613
-0.364350,25.927419,-20.807595
-3.840808,25.278943,-20.804540
-7.034179,24.038048,-20.807704
-10.020959,22.380676,-20.798160
-12.590432,20.149648,-20.807205
-15.133171,17.851565,-20.807347
-17.433120,15.360380,-20.803924
-19.421391,12.385047,-20.807952
-21.231624,9.323009,-20.805402
-22.430659,5.663817,-20.812226
-23.007513,1.969386,-20.806511
-22.634298,-1.835276,-20.801557
-21.450871,-5.536511,-20.807280
-19.925946,-9.070768,-20.811179
-17.677466,-12.390119,-20.808568
-15.152275,-15.298009,-20.801379
-12.239160,-18.101831,-20.802657
-8.683078,-20.142514,-20.807635
-4.774237,-21.656518,-20.806066
-0.887800,-23.563170,-20.803570
3.436035,-23.098005,-20.798726
7.434729,-21.669567,-20.802467
11.249857,-20.114437,-20.805144
14.725463,-18.101458,-20.801264
17.744954,-15.459842,-20.803855
20.274335,-12.380828,-20.807134
22.517299,-9.152015,-20.807094
23.753138,-5.443351,-20.802680
23.570227,-1.544569,-20.801242
23.536237,2.029980,-20.811088
22.870203,5.498457,-20.811837
21.607070,8.699494,-20.805309
20.166403,11.633180,-20.801134
17.018423,13.403377,-24.611977
15.316856,15.800485,-24.598797
13.311581,17.946869,-24.598570
11.106408,19.878935,-24.602771
8.757806,21.874506,-24.599348
6.128349,23.748776,-24.607239
2.887698,24.292013,-24.610864
-0.229636,24.100288,-24.603816
-3.348501,23.500567,-24.598451
-6.333253,22.295111,-24.602755
-9.004015,20.772204,-24.604083
-11.382150,18.639039,-24.598872
-13.554801,16.639233,-24.600200
-15.676562,14.271256,-24.605997
-17.487105,11.605338,-24.605271
-19.358938,8.847472,-24.599538
-20.426314,5.558868,-24.598469
-20.886655,2.061272,-24.598106
-20.173822,-1.266801,-24.604420
-18.699124,-4.455411,-24.608865
-17.269102,-7.457394,-24.602335
-15.226841,-10.268486,-24.599882
-12.947708,-12.883730,-24.606160
-10.455893,-15.337519,-24.603588
-7.408421,-17.188432,-24.600607
-4.020417,-18.507777,-24.603507
-0.534716,-19.871046,-24.598984
3.162760,-19.700296,-24.606205
6.691161,-18.749166,-24.611185
10.139593,-17.369471,-24.606729
13.150747,-15.618096,-24.599922
16.016257,-13.422851,-24.597559
18.469288,-10.818124,-24.603368
20.664741,-8.016344,-24.608312
21.858177,-4.733023,-24.607818
21.605978,-1.086062,-24.605725
21.602554,2.266039,-24.607653
21.011153,5.385659,-24.611200
19.846185,8.259293,-24.615098
18.458793,11.002728,-24.616979
15.078938,12.274213,-28.399332
13.595367,14.348985,-28.403836
11.884158,16.239342,-28.411030
10.004486,17.954548,-28.411072
7.897937,19.782283,-28.400447
5.535580,21.496394,-28.401167
2.728689,22.008558,-28.398309
-0.091245,21.811493,-28.403383
-2.897254,21.195325,-28.410223
-5.473007,20.113945,-28.409092
-7.783491,18.779006,-28.412459
-9.830262,16.910306,-28.404228
-11.781466,15.073808,-28.401081
-13.593763,12.994199,-28.403211
-15.171429,10.685404,-28.402595
-16.931917,8.246578,-28.403143
-17.851619,5.395574,-28.401568
-18.196925,2.330170,-28.401966
-17.287451,-0.568267,-28.404152
-15.720744,-3.192651,-28.409711
-14.383559,-5.748821,-28.411276
-12.614914,-8.047105,-28.399997
-10.700204,-10.224273,-28.404495
-8.629093,-12.252340,-28.404822
-6.045336,-14.018897,-28.398214
-3.223292,-15.077439,-28.399127
-0.250036,-15.575747,-28.404244
2.875182,-15.826061,-28.403424
5.975446,-15.402048,-28.400464
8.737027,-14.197593,-28.404083
11.371151,-12.497192,-28.408093
13.878905,-10.825127,-28.402099
16.142182,-8.869575,-28.408154
18.197524,-6.564393,-28.414531
19.359403,-3.637144,-28.406693
19.215501,-0.467093,-28.397229
19.227608,2.442626,-28.407033
18.728276,5.152042,-28.404128
17.661131,7.748081,-28.394751
16.420499,10.110088,-28.394956
12.658489,10.752290,-32.211206
11.454795,12.450181,-32.207175
10.043362,14.103283,-32.206943
8.487765,15.621741,-32.207122
6.772470,17.111088,-32.201541
4.793107,18.419936,-32.206601
2.513442,19.001071,-32.210601
0.135545,18.898243,-32.210647
-2.147963,18.311132,-32.206351
-4.327938,17.383589,-32.198870
-6.301974,16.258267,-32.197663
-7.957344,14.718101,-32.204745
-9.584940,13.121256,-32.204736
-11.050420,11.409469,-32.199738
-12.320197,9.514633,-32.198346
-13.669689,7.464572,-32.199081
-14.420686,5.136791,-32.202185
-14.665283,2.630006,-32.204735
-13.740703,0.236449,-32.209159
-12.333524,-1.823400,-32.208555
-11.192253,-3.772747,-32.205230
-9.751869,-5.529136,-32.210112
-8.160308,-7.285573,-32.209464
-6.454702,-8.889976,-32.203905
-4.555417,-10.396126,-32.201101
-2.305129,-11.210084,-32.202389
0.164717,-10.993565,-32.204974
2.474995,-11.483217,-32.209558
5.022581,-11.477650,-32.205623
7.241665,-10.391477,-32.202946
9.141013,-8.986103,-32.205638
11.184743,-7.796080,-32.204468
13.302792,-6.382887,-32.208115
15.073282,-4.620516,-32.205176
16.102280,-2.331324,-32.202442
16.201021,0.243542,-32.207715
16.232342,2.619480,-32.200860
15.764285,5.011722,-32.196625
14.853394,7.109609,-32.201240
13.788662,9.007225,-32.208178
9.333325,8.763692,-36.002167
8.477790,9.960897,-36.001108
7.532172,11.165173,-36.005455
6.503756,12.314859,-36.009803
5.251452,13.415538,-36.004148
3.753977,14.131192,-36.000525
2.190625,14.815760,-35.999977
0.454051,14.927774,-36.000399
-1.213159,14.315872,-35.999536
-2.732043,13.641399,-36.000109
-4.209655,12.858378,-36.006094
-5.447004,11.746120,-36.001505
-6.537129,10.565641,-35.999784
-7.611906,9.288737,-36.004051
-8.448164,7.922929,-36.006692
-9.091650,6.381593,-36.006758
-9.657336,4.742825,-36.003947
-9.828596,2.993264,-36.006978
-9.180543,1.345950,-36.006547
-8.157299,-0.082447,-36.007013
-7.235199,-1.384448,-36.008380
-6.233837,-2.551277,-36.002516
-5.094368,-3.686032,-36.004601
-3.950563,-4.661017,-36.008721
-2.736232,-5.878150,-36.004974
-1.164576,-6.426704,-36.000821
0.547192,-5.741695,-36.006512
2.088830,-6.361502,-36.003070
3.766526,-6.553581,-36.002671
5.291601,-5.704060,-36.003435
6.501715,-4.663320,-36.003036
7.931676,-3.932873,-36.004965
9.516952,-3.183145,-36.003346
10.830448,-1.982997,-36.001918
11.661847,-0.434348,-36.002887
12.104291,1.243361,-36.004105
12.114167,2.981363,-36.004724
11.707208,4.671503,-36.004043
11.013480,6.190061,-36.003153
10.212325,7.499348,-36.002833
0.933995,4.011016,-39.804756
8.622271,13.146321,36.195244
6.735399,14.149197,36.195244
4.985094,14.887562,36.195244
3.175784,15.465954,36.195244
1.318255,15.862598,36.195244
-0.453653,16.040044,36.195244
-2.233529,15.988857,36.195244
-3.982682,15.654919,36.195244
-5.630239,14.977376,36.195244
-7.060543,13.916934,36.195244
-8.119684,12.636165,36.195244
-8.927998,11.183480,36.195244
-9.504985,9.751863,36.195244
-9.956759,8.276117,36.195244
-10.290927,6.891202,36.195244
-10.586364,5.376438,36.195244
-10.814061,3.970171,36.195244
-11.044056,2.324162,36.195244
-11.263811,0.557042,36.195244
-11.495624,-1.567259,36.195243
-11.685604,-4.172333,36.195243
-11.655630,-7.379491,36.195244
-11.023213,-11.140349,36.195243
-9.441396,-14.848453,36.195243
-6.843751,-18.264243,36.195243
-3.363433,-21.328114,36.195244
0.920739,-23.865490,36.195244
5.905523,-25.567661,36.195244
11.244681,-25.642355,36.195244
15.859004,-23.356130,36.195244
19.000478,-19.189164,36.195244
20.637152,-14.176686,36.195244
21.182475,-9.106361,36.195244
20.806636,-4.486615,36.195244
19.779568,-0.453729,36.195244
18.217146,3.140841,36.195244
16.387447,6.060139,36.195244
14.426327,8.444362,36.195244
12.466579,10.352271,36.195244
7.719828,10.228155,32.787927
6.257487,11.197040,32.792903
4.908365,11.937101,32.799357
3.485090,12.526603,32.793308
2.107813,12.904278,32.797130
0.714378,13.232757,32.792010
-0.707872,13.335779,32.793310
-2.020362,13.189272,32.788146
-3.295822,12.855095,32.798542
-4.522617,12.366813,32.794695
-5.583871,11.584135,32.793584
-6.488699,10.781573,32.798239
-7.585641,10.031601,32.792939
-8.337953,8.963760,32.796109
-9.225846,7.992275,32.796374
-10.401292,6.864586,32.791372
-11.066325,5.463842,32.795484
-12.202543,3.801932,32.798909
-13.270540,1.841076,32.795833
-13.601859,-0.352151,32.790612
-14.378917,-3.272951,32.791192
-14.154948,-6.314041,32.792218
-12.668183,-8.574210,32.788076
-11.962510,-12.648222,32.789334
-10.382052,-17.033281,32.793949
-7.178467,-19.635057,32.792716
-3.537915,-22.518447,32.789352
0.903556,-24.226160,32.788355
5.598364,-24.366171,32.788780
10.174071,-23.205899,32.789403
14.165094,-20.650764,32.791858
17.107951,-16.887269,32.793957
18.406240,-12.249200,32.796876
17.845524,-7.066187,32.798331
16.414777,-2.666509,32.793868
15.093331,0.699748,32.796387
13.954936,3.451958,32.802085
12.732532,5.801331,32.803023
11.037184,7.652766,32.795630
9.305866,9.038940,32.788665
5.627627,8.984655,29.396347
4.540771,9.674849,29.390912
3.427472,10.338115,29.389896
2.428255,10.736668,29.390698
1.268934,11.001982,29.398971
0.220592,11.265179,29.396250
-0.851274,11.340613,29.396463
-1.811454,11.186243,29.390946
-2.851662,10.897403,29.401205
-3.773448,10.599480,29.391898
-4.634073,10.143967,29.400370
-5.654581,9.787099,29.400506
-6.908674,9.470747,29.397161
-7.941974,8.701488,29.399469
-9.260766,7.923046,29.401791
-10.804869,6.999491,29.402079
-11.902975,5.529041,29.402651
-13.439028,3.762714,29.398613
-15.375472,1.299812,29.391556
-15.978948,-1.411672,29.394059
-17.068521,-4.981130,29.396922
-16.775890,-8.478668,29.397500
-14.312124,-10.401531,29.398481
-13.107571,-14.512330,29.398134
-11.317475,-19.236053,29.394217
-7.658474,-21.346189,29.390580
-3.564712,-23.836469,29.389934
0.889050,-24.622243,29.397600
5.441716,-23.726631,29.400963
9.641310,-21.791725,29.396091
13.127383,-19.064479,29.395916
15.782520,-15.442348,29.394534
16.865468,-10.876772,29.392115
15.827147,-5.844329,29.391557
13.959363,-1.680416,29.392065
11.925767,1.486509,29.400599
10.493706,3.776150,29.402835
9.712437,5.583786,29.392304
8.560534,7.084801,29.391570
7.005835,8.117451,29.399688
4.306178,8.186966,25.988827
3.352087,8.695586,25.985245
2.510529,9.205330,25.990937
1.633440,9.619387,26.003323
0.764786,9.715606,26.000813
-0.075703,9.944349,25.989524
-0.936477,10.039678,25.991314
-1.796643,9.907685,25.992534
-2.544972,9.772069,25.994816
-3.403898,9.642178,25.993125
-4.256885,9.473926,25.988507
-5.350096,9.417006,25.989097
-6.748655,9.289295,25.990179
-8.047598,8.739693,25.992604
-9.574881,8.086441,25.995592
-11.500866,7.137640,25.995880
-13.032121,5.618106,25.990635
-14.965288,3.589379,25.990800
-17.326898,0.826160,25.999754
-18.304702,-2.308125,25.997199
-19.425119,-6.337746,25.995635
-19.227109,-10.527797,26.000724
-16.424033,-12.874173,26.001205
-14.610624,-16.974448,25.995374
-12.181458,-21.363001,25.994663
-8.057957,-23.320835,25.998997
-3.670106,-25.043896,25.994742
1.011991,-25.007875,25.996729
5.391010,-23.413779,25.999323
9.265898,-21.024940,25.996213
12.544068,-18.006056,25.995172
14.890009,-14.393494,25.996625
15.756649,-9.970488,25.998274
14.523180,-5.061640,25.996123
12.569287,-1.113674,25.990220
10.229227,1.869201,25.994400
8.379761,3.872850,26.001276
7.491110,5.374500,25.997060
6.762613,6.574673,25.992132
5.565739,7.510955,25.992996
3.680271,7.803924,22.602447
2.777027,8.219152,22.602378
1.972419,8.623098,22.601335
1.292952,9.020213,22.599667
0.520544,9.051065,22.591622
-0.227372,9.261087,22.592522
-0.990724,9.398783,22.591038
-1.657577,9.373047,22.592524
-2.434911,9.358204,22.595459
-3.324078,9.383213,22.595307
-4.213046,9.376039,22.592168
-5.440367,9.419330,22.592176
-6.880514,9.382079,22.596983
-8.380602,8.986666,22.592383
-10.179299,8.328421,22.591735
-12.389221,7.304882,22.601865
-14.366274,5.715893,22.599042
-16.600078,3.464426,22.594616
-19.060862,0.467089,22.600674
-20.493050,-3.194465,22.595848
-21.480676,-7.620332,22.589615
-21.229379,-12.256297,22.593190
-18.774028,-15.699591,22.598890
-16.212423,-19.584361,22.598674
-12.927420,-23.186652,22.592634
-8.495912,-25.208832,22.591304
-3.772181,-26.097077,22.598573
1.031943,-25.354127,22.594449
5.395319,-23.299720,22.591143
9.068665,-20.603687,22.597247
12.141094,-17.387499,22.598851
14.262991,-13.673206,22.597192
14.950606,-9.208414,22.596473
13.683224,-4.547757,22.597044
11.614043,-0.685220,22.593892
9.522466,2.038126,22.594433
7.671781,3.963392,22.598065
6.358314,5.319685,22.596581
5.447495,6.293625,22.594854
4.576501,7.167260,22.598605
3.591592,7.665828,19.193904
2.694784,8.145418,19.190357
1.934510,8.469013,19.191561
1.217291,8.865800,19.198053
0.424648,8.939336,19.201152
-0.234967,9.138483,19.199705
-1.008650,9.351263,19.189646
-1.695181,9.423705,19.200271
-2.495986,9.506674,19.192411
-3.411448,9.599301,19.193956
-4.330151,9.643556,19.189850
-5.596531,9.678074,19.193398
-7.206415,9.655297,19.196845
-8.898840,9.341705,19.199994
-10.982440,8.640100,19.198261
-13.277100,7.572658,19.190409
-15.821520,5.800648,19.193987
-18.285694,3.361165,19.199945
-20.631059,0.083648,19.193358
-22.326363,-3.953999,19.195441
-23.073542,-8.612301,19.198728
-22.666644,-13.450578,19.195352
-20.882524,-18.231612,19.196588
-17.540181,-21.789383,19.200483
-13.482767,-24.577247,19.200459
-8.925513,-26.688313,19.194596
-3.857273,-26.881610,19.189619
0.972399,-25.636400,19.194175
5.339239,-23.335251,19.197393
9.005287,-20.352145,19.195551
11.934494,-16.949240,19.199436
13.854550,-13.113447,19.198747
14.391623,-8.786433,19.193942
13.159749,-4.192958,19.193001
11.077678,-0.478872,19.199422
9.316085,2.093581,19.200425
7.914492,3.943910,19.196273
6.326388,5.255847,19.196347
4.877072,6.207107,19.198917
4.185635,6.977862,19.197497
3.810361,7.793167,15.799777
2.904247,8.348508,15.800335
2.143964,8.711861,15.795824
1.390534,9.065381,15.788811
0.588466,9.271008,15.791332
-0.199826,9.522355,15.793560
-0.981636,9.790432,15.796869
-1.794790,9.956382,15.796405
-2.615657,10.075424,15.801194
-3.560100,10.157453,15.793492
-4.743744,10.203549,15.788019
-6.047324,10.176175,15.792544
-7.703262,10.073616,15.798411
-9.576042,9.764995,15.800402
-11.834757,9.046816,15.799957
-14.379633,7.777697,15.800907
-17.170827,5.932931,15.798037
-19.926029,3.193909,15.793624
-21.950736,-0.301303,15.794211
-23.611939,-4.555109,15.793579
-24.161040,-9.290164,15.795333
-23.483948,-14.174814,15.798867
-22.010590,-19.530620,15.795579
-18.318061,-23.081694,15.795559
-13.911202,-25.527362,15.793451
-9.051383,-27.521744,15.790304
-3.836115,-27.258691,15.799115
0.974525,-25.753993,15.800594
5.401757,-23.289266,15.798223
8.920587,-20.269164,15.798729
11.755808,-16.760382,15.798215
13.574725,-12.751605,15.800978
14.022803,-8.498598,15.798739
12.934361,-4.093991,15.789891
10.888093,-0.374497,15.796507
9.528082,2.016927,15.800146
8.506799,3.930964,15.796220
6.947652,5.300943,15.790568
5.292810,6.272719,15.790385
4.461958,7.113963,15.795389
4.277220,8.092965,12.396208
3.401747,8.747498,12.394314
2.548246,9.188664,12.396630
1.659280,9.563983,12.399131
0.791341,9.966404,12.394195
-0.006520,10.226689,12.397435
-0.902271,10.576267,12.397932
-1.840237,10.806622,12.397552
-2.792711,10.960251,12.392642
-3.998289,11.001588,12.399769
-5.204225,10.992219,12.393568
-6.647379,10.877763,12.389393
-8.317055,10.633995,12.394118
-10.336366,10.236483,12.398676
-12.862656,9.447346,12.395142
-15.399394,8.067522,12.391156
-18.329029,6.057320,12.395116
-21.146405,3.144931,12.400840
-22.829713,-0.471849,12.394719
-24.248023,-4.780462,12.392011
-24.669919,-9.612626,12.396195
-23.764223,-14.417238,12.400039
-22.098763,-19.524934,12.399964
-18.623043,-23.363784,12.399651
-14.128341,-25.986031,12.399985
-9.121593,-27.600255,12.397966
-3.824878,-27.193200,12.393997
1.040094,-25.624904,12.399704
5.341703,-23.222965,12.397866
8.911157,-20.137060,12.388344
11.660962,-16.607481,12.393725
13.371213,-12.608289,12.396324
13.814603,-8.267395,12.393766
12.919874,-4.113896,12.392310
11.065327,-0.463487,12.389910
10.083219,1.889400,12.388336
9.520452,3.765038,12.388755
8.070477,5.411187,12.395600
6.268902,6.520560,12.401114
5.111748,7.392545,12.399369
4.899761,8.538514,8.987401
4.076550,9.274085,8.990184
2.977766,9.778060,8.996937
2.136273,10.242925,8.998737
1.241625,10.807989,8.996811
0.204992,11.158121,9.000957
-0.806388,11.565981,8.993705
-1.867222,11.840907,8.995681
-3.067955,12.030482,8.994045
-4.405371,12.021274,8.989586
-5.739843,11.930528,9.001102
-7.306781,11.715775,9.001310
-9.077808,11.290287,8.997404
-11.198042,10.713672,8.996929
-13.853557,9.855976,8.994973
-16.452121,8.305717,8.999798
-19.279064,6.096359,9.001754
-21.864759,3.089743,8.999222
-23.267225,-0.547884,9.001349
-24.373547,-4.837428,8.996874
-24.649895,-9.524003,8.994956
-23.571009,-14.301903,8.998684
-21.521835,-18.853220,8.992208
-18.303575,-23.005228,8.996130
-14.057053,-25.836727,8.999601
-8.936637,-27.025955,8.994821
-3.834570,-26.666576,8.998967
0.959627,-25.247119,9.000681
5.256269,-22.967549,8.995541
8.815729,-20.005865,8.989345
11.593360,-16.450455,8.988272
13.284341,-12.407764,8.988126
13.757994,-8.279313,8.988833
13.070626,-4.184173,8.990142
11.599203,-0.703792,8.987656
10.902313,1.758560,8.988609
10.570220,3.685834,8.993529
9.238919,5.494717,9.001629
7.334215,6.733013,8.999645
5.896509,7.631545,8.990083
5.637512,8.964276,5.603361
4.775113,9.826645,5.600730
3.550240,10.358707,5.595299
2.618689,11.092554,5.591719
1.519493,11.729235,5.599023
0.492477,12.119906,5.596854
-0.739468,12.621231,5.591787
-2.032841,12.957330,5.597836
-3.354901,13.142251,5.590353
-4.809282,13.083278,5.594387
-6.376271,12.898296,5.591598
-8.046337,12.578079,5.589702
-9.886213,11.968092,5.592718
-11.938085,11.204629,5.593580
-14.687411,10.244981,5.592017
-17.325957,8.546025,5.589074
-19.838226,6.186992,5.591053
-22.069194,3.043130,5.594429
-23.262185,-0.532016,5.589438
-24.080106,-4.722615,5.589244
-24.174219,-9.336811,5.594109
-23.015548,-13.802090,5.595224
-20.639142,-17.876475,5.591483
-17.696160,-22.023645,5.592100
-13.701919,-24.966023,5.596897
-8.712414,-25.861487,5.598067
-3.732847,-25.635363,5.593297
0.961251,-24.438092,5.594531
5.128588,-22.429568,5.598049
8.693526,-19.691315,5.596439
11.468848,-16.302187,5.591406
13.210341,-12.420374,5.593954
13.834152,-8.326521,5.599621
13.418660,-4.332081,5.597910
12.443755,-1.078033,5.590041
11.841807,1.531528,5.590548
11.387259,3.665480,5.595372
10.096439,5.567358,5.592351
8.176790,6.918880,5.594536
6.554170,7.964595,5.602298
6.294756,9.384448,2.196103
5.295358,10.404835,2.189212
3.964372,10.973193,2.192715
3.071437,11.913036,2.199787
1.986743,12.558713,2.193911
0.637381,13.088929,2.193932
-0.582967,13.573114,2.201672
-2.089921,13.968067,2.197387
-3.635187,14.151500,2.194268
-5.187008,14.047233,2.201477
-6.959529,13.758113,2.196396
-8.707385,13.336313,2.192540
-10.591326,12.577619,2.193144
-12.651368,11.608310,2.192261
-15.427222,10.486911,2.199163
-17.959354,8.690289,2.196178
-20.155393,6.123650,2.191200
-21.811443,3.078495,2.191787
-22.875803,-0.481739,2.191779
-23.461100,-4.507336,2.189681
-23.375193,-8.853288,2.194621
-22.144661,-13.085630,2.201729
-19.648967,-16.727792,2.194681
-16.814271,-20.583178,2.191549
-12.998546,-23.400128,2.194286
-8.293728,-24.206823,2.194209
-3.617415,-24.134337,2.190204
0.820830,-23.217869,2.187558
4.930726,-21.514928,2.189537
8.500682,-19.097478,2.191959
11.313139,-15.978558,2.189765
13.181988,-12.352731,2.196431
14.061012,-8.491580,2.200554
14.054087,-4.773213,2.194045
13.464262,-1.474540,2.194489
12.721898,1.304557,2.193620
11.844066,3.661259,2.188973
10.597906,5.586733,2.188138
8.739655,7.087624,2.197793
7.209334,8.235079,2.202944
6.871463,9.647644,-1.213604
5.845959,10.750549,-1.214335
4.483498,11.433619,-1.201932
3.461692,12.534040,-1.196242
2.189473,13.292846,-1.198019
0.881732,13.826725,-1.207337
-0.528472,14.379208,-1.212073
-2.115726,14.776169,-1.212018
-3.743690,14.929574,-1.205204
-5.488128,14.779629,-1.201073
-7.319583,14.407050,-1.206494
-9.227500,13.849158,-1.210299
-11.034519,13.034898,-1.206101
-13.086203,11.915559,-1.200890
-15.709754,10.633302,-1.204797
-18.196834,8.683397,-1.203653
-19.947890,6.202160,-1.202042
-21.208719,3.171962,-1.203547
-22.162657,-0.322694,-1.201867
-22.584160,-4.141394,-1.196771
-22.345395,-8.150389,-1.199526
-21.059756,-12.125929,-1.210425
-18.545231,-15.488747,-1.213275
-15.775239,-18.757960,-1.205846
-12.113702,-21.288355,-1.201987
-7.815512,-22.182118,-1.206369
-3.488209,-22.251444,-1.205797
0.651868,-21.586119,-1.204229
4.645120,-20.220695,-1.200415
8.097172,-18.255192,-1.198770
10.993418,-15.526478,-1.208284
13.077571,-12.277560,-1.210864
14.351224,-8.754351,-1.203882
14.828892,-5.277858,-1.199404
14.497455,-1.890789,-1.205541
13.389045,1.171142,-1.206309
12.024525,3.632109,-1.200872
10.777913,5.629863,-1.200833
9.203701,7.161045,-1.202296
7.799349,8.404032,-1.206696
7.177605,9.912558,-4.604029
6.093770,11.037111,-4.602913
4.744016,11.856124,-4.604333
3.743560,12.919585,-4.614224
2.444240,13.776662,-4.598705
0.981909,14.386734,-4.608943
-0.496776,14.927287,-4.604203
-2.147129,15.288883,-4.606523
-3.946754,15.364450,-4.604124
-5.624382,15.166575,-4.599147
-7.482612,14.706564,-4.608495
-9.287040,14.066363,-4.609558
-11.228143,13.166407,-4.603419
-13.281633,11.995453,-4.609606
-15.442977,10.570415,-4.611675
-17.692490,8.660981,-4.603514
-19.358167,6.152783,-4.604726
-20.405428,3.150346,-4.613290
-21.183558,-0.019492,-4.609683
-21.486236,-3.599949,-4.609046
-21.101202,-7.442772,-4.608007
-19.798270,-11.027214,-4.602599
-17.374796,-14.142076,-4.601053
-14.546111,-16.763795,-4.607469
-11.083861,-18.841262,-4.607975
-7.271691,-19.904706,-4.602617
-3.330424,-20.080718,-4.608249
0.583677,-19.595738,-4.610121
4.174757,-18.618656,-4.610255
7.649915,-17.005917,-4.610997
10.511810,-14.802412,-4.604407
12.867759,-11.932153,-4.602935
14.526695,-8.841933,-4.606751
15.476788,-5.595895,-4.608881
15.295358,-2.195510,-4.610099
13.790207,1.061515,-4.610297
11.965782,3.647924,-4.605599
10.796625,5.584427,-4.598452
9.446834,7.219905,-4.599062
8.135177,8.629433,-4.603603
7.337354,9.981309,-7.997824
6.216635,11.127310,-8.007213
4.936901,12.100719,-8.013728
3.850424,13.137043,-8.000196
2.532341,14.049941,-8.006976
1.057070,14.695862,-8.002765
-0.469381,15.202417,-8.001551
-2.160584,15.491021,-7.998732
-3.874849,15.457852,-8.004753
-5.679536,15.189157,-8.001754
-7.423595,14.662171,-8.003454
-9.185870,13.879997,-8.007780
-11.056413,13.045097,-8.005565
-13.091107,11.891517,-8.006033
-14.761422,10.213560,-8.008757
-16.760061,8.394964,-8.010743
-18.410751,6.072822,-8.006665
-19.367864,3.300305,-7.999521
-20.039108,0.159518,-7.996612
-20.211788,-3.161821,-8.000346
-19.702081,-6.560430,-8.009923
-18.354539,-9.846582,-8.011805
-16.160539,-12.642587,-7.999377
-13.250910,-14.620018,-8.003399
-10.053399,-16.219098,-8.009945
-6.649538,-17.469672,-8.008043
-3.116500,-17.718881,-8.009151
0.424717,-17.404018,-8.005264
3.779288,-16.703167,-8.002901
6.999333,-15.505203,-8.007020
9.925748,-13.697939,-8.008563
12.332520,-11.417538,-8.002805
14.333287,-8.733431,-7.998977
15.671349,-5.802452,-8.003186
15.654855,-2.344517,-8.002450
13.926441,0.981161,-7.997422
11.744570,3.641443,-8.002715
10.588904,5.574780,-8.014104
9.468749,7.269941,-8.007510
8.344398,8.713335,-7.995730
7.279004,9.949536,-11.413457
6.144304,11.102367,-11.411823
5.054986,12.150894,-11.406822
3.819639,13.183808,-11.400000
2.586448,14.059519,-11.409799
1.043820,14.796786,-11.403205
-0.504133,15.248121,-11.400090
-2.206099,15.438183,-11.396077
-3.909218,15.282222,-11.407946
-5.596365,14.972809,-11.401023
-7.297658,14.355117,-11.401999
-8.891321,13.496330,-11.406368
-10.782840,12.717242,-11.405118
-12.638210,11.629056,-11.405547
-13.825941,9.847532,-11.402399
-15.639920,8.091277,-11.409669
-17.256062,5.939347,-11.409955
-18.173280,3.345655,-11.400276
-18.678823,0.575003,-11.395756
-18.764847,-2.558823,-11.404016
-18.146567,-5.593971,-11.403479
-16.841026,-8.481253,-11.398815
-14.841123,-11.034209,-11.406467
-11.878013,-12.419014,-11.408071
-8.956795,-13.634447,-11.404730
-6.047794,-14.956395,-11.404567
-2.935331,-15.248600,-11.409725
0.207225,-15.067651,-11.413595
3.283377,-14.602918,-11.410718
6.284764,-13.724214,-11.403395
9.092703,-12.339999,-11.400765
11.568376,-10.457139,-11.401073
13.721568,-8.159010,-11.405367
15.262411,-5.552029,-11.411117
15.442892,-2.307056,-11.405640
13.670919,1.075063,-11.404660
11.308882,3.710232,-11.406031
10.177641,5.609752,-11.397326
9.322574,7.216588,-11.400013
8.327288,8.726876,-11.410073
6.989885,9.819313,-14.803774
5.948580,10.898786,-14.802804
5.007563,12.061749,-14.798291
3.753911,13.000755,-14.810096
2.449227,13.897002,-14.804085
1.058518,14.639987,-14.810024
-0.557670,15.069415,-14.802662
-2.134902,15.175767,-14.809456
-3.789947,14.956607,-14.808488
-5.430192,14.612387,-14.809218
-7.060091,13.946639,-14.800223
-8.491220,13.082058,-14.802696
-10.324998,12.325645,-14.805822
-12.072178,11.249457,-14.801769
-13.087403,9.539899,-14.812112
-14.544900,7.851517,-14.811336
-15.910843,5.865060,-14.804018
-16.757729,3.497061,-14.804120
-17.143162,0.918779,-14.810211
-17.144476,-1.888247,-14.806584
-16.428012,-4.529266,-14.806655
-15.150069,-7.099115,-14.807585
-13.354159,-9.352180,-14.800639
-10.467485,-10.207222,-14.796755
-7.915034,-11.135005,-14.803579
-5.456932,-12.409055,-14.810459
-2.682398,-12.728052,-14.805344
0.035919,-12.650471,-14.808892
2.702933,-12.375166,-14.808631
5.424162,-11.752427,-14.798899
8.103094,-10.674398,-14.808060
10.449923,-9.192478,-14.812393
12.612928,-7.255742,-14.802941
14.278437,-4.894308,-14.797063
14.611559,-1.913061,-14.806301
13.128030,1.172700,-14.810507
10.769517,3.704425,-14.804948
9.652435,5.516204,-14.810086
8.919574,7.138913,-14.809073
8.104159,8.584363,-14.803767
6.513350,9.535209,-18.210864
5.536129,10.587756,-18.206107
4.769826,11.813622,-18.206026
3.569847,12.657053,-18.203939
2.278090,13.442939,-18.198823
0.995275,14.234767,-18.208741
-0.535185,14.647894,-18.203444
-2.127035,14.706675,-18.202225
-3.693585,14.454676,-18.206723
-5.246424,14.097580,-18.209994
-6.698640,13.462276,-18.207319
-8.116807,12.567848,-18.208708
-9.734516,11.850527,-18.207155
-11.404001,10.820269,-18.206222
-12.444830,9.264724,-18.209994
-13.399540,7.597788,-18.201876
-14.435077,5.679207,-18.208048
-15.133896,3.634041,-18.212742
-15.419327,1.288744,-18.204247
-15.341423,-1.069700,-18.199152
-14.530759,-3.380049,-18.203149
-13.378241,-5.541466,-18.208852
-11.738005,-7.500856,-18.207991
-9.121726,-7.921474,-18.199875
-6.906487,-8.677815,-18.199438
-4.870743,-9.823457,-18.202539
-2.542611,-10.131286,-18.200926
-0.175141,-10.125035,-18.207426
2.149763,-9.977081,-18.209394
4.541648,-9.546504,-18.199109
6.856509,-8.793256,-18.199093
9.136934,-7.580360,-18.199751
11.124100,-6.018109,-18.197161
12.772126,-3.996059,-18.200536
13.281197,-1.429572,-18.202904
12.152045,1.433795,-18.205160
9.980390,3.792652,-18.204195
8.911116,5.482542,-18.197174
8.290298,6.963897,-18.200939
7.580131,8.373184,-18.211972
5.861355,9.074075,-21.598649
4.964273,10.041679,-21.599614
4.327830,11.311779,-21.606771
3.225398,12.124787,-21.607826
1.963599,12.728972,-21.609692
0.765536,13.568135,-21.611680
-0.622284,13.959879,-21.613099
-2.083726,13.974097,-21.602627
-3.513816,13.723065,-21.599734
-4.931657,13.380823,-21.602217
-6.314894,12.741292,-21.609127
-7.543698,11.953303,-21.603956
-9.037437,11.215272,-21.605401
-10.532635,10.287328,-21.610267
-11.466799,8.909517,-21.605335
-11.933241,7.220928,-21.600903
-12.697158,5.566062,-21.600099
-13.269387,3.782057,-21.606175
-13.446487,1.793215,-21.610638
-13.267072,-0.237601,-21.604971
-12.408272,-2.109245,-21.599228
-11.399244,-3.943151,-21.603727
-9.963727,-5.438694,-21.612777
-7.613585,-5.537149,-21.610038
-5.855618,-6.184876,-21.607489
-4.214729,-7.124426,-21.608398
-2.332550,-7.380886,-21.610592
-0.420895,-7.426805,-21.611163
1.531770,-7.380442,-21.605314
3.552998,-7.101475,-21.597439
5.526766,-6.568666,-21.606318
7.506621,-5.667610,-21.611961
9.305337,-4.411960,-21.605341
10.801427,-2.797194,-21.606747
11.441120,-0.618212,-21.603165
10.781818,1.760836,-21.597795
8.976562,3.879667,-21.600805
7.968317,5.388234,-21.599624
7.391760,6.737077,-21.598371
6.773830,8.052346,-21.599423
4.887376,8.468114,-25.003469
4.106263,9.292283,-24.997921
3.569592,10.457896,-25.002889
2.742569,11.302105,-25.007613
1.563462,11.664200,-25.000906
0.516622,12.457010,-25.001443
-0.687490,12.888908,-25.010083
-2.005907,12.872441,-24.999377
-3.228633,12.637197,-25.009841
-4.500094,12.321894,-25.010647
-5.678760,11.759173,-25.008358
-6.782919,11.052940,-25.002391
-8.033618,10.392358,-25.005182
-9.238931,9.544173,-25.006006
-9.790742,8.163599,-25.007214
-9.976724,6.749948,-25.010332
-10.669686,5.422316,-25.007296
-11.068881,3.938075,-25.009816
-11.141869,2.355062,-25.010295
-10.818779,0.752869,-25.004733
-10.000899,-0.611989,-25.000235
-9.243810,-2.036274,-25.000717
-7.962518,-3.066013,-25.004565
-6.050854,-2.976637,-25.005043
-4.754458,-3.536175,-25.000902
-3.499067,-4.210013,-24.999156
-2.074322,-4.393643,-25.003180
-0.635444,-4.461247,-25.006421
0.842367,-4.475126,-25.005273
2.382277,-4.325506,-25.001181
3.959317,-3.991703,-25.002333
5.566484,-3.381679,-25.004588
7.035625,-2.472364,-25.001608
8.309901,-1.279744,-24.999168
9.029566,0.353813,-24.998119
8.839210,2.207741,-24.999883
7.641769,3.975780,-25.006557
6.715188,5.292751,-25.006775
6.158806,6.479689,-25.004749
5.637648,7.555274,-25.006821
3.435341,7.594392,-28.409926
2.791390,8.215025,-28.406760
2.304888,8.950599,-28.403319
1.895342,9.971515,-28.406148
0.906612,10.154748,-28.409307
0.101065,10.656468,-28.406662
-0.844753,11.193050,-28.406089
-1.865728,11.148504,-28.408505
-2.851045,10.944039,-28.409791
-3.826553,10.692842,-28.408448
-4.725378,10.233950,-28.406947
-5.623784,9.695594,-28.407113
-6.565236,9.133931,-28.403088
-7.144422,8.252671,-28.402753
-7.116342,7.076524,-28.402400
-7.619695,6.173949,-28.403886
-8.140009,5.203479,-28.405466
-8.283916,4.145843,-28.407185
-8.196261,3.038580,-28.409176
-7.678852,2.080691,-28.403554
-7.086403,1.154271,-28.399933
-6.620807,0.194708,-28.405280
-5.411919,-0.079481,-28.405717
-4.265621,-0.052936,-28.404851
-3.473599,-0.449164,-28.408962
-2.659578,-0.773992,-28.409034
-1.776374,-0.881204,-28.404398
-0.891906,-0.956508,-28.401633
0.026837,-1.003403,-28.402105
0.991186,-0.954785,-28.404402
1.993537,-0.805726,-28.404793
3.084787,-0.498316,-28.403814
4.092479,0.013478,-28.406724
5.035572,0.745611,-28.405535
5.742908,1.734309,-28.401577
5.916874,2.910225,-28.406659
5.560690,4.122892,-28.409731
4.935681,5.173844,-28.406443
4.466866,6.068130,-28.405309
3.993099,6.907732,-28.407788
-1.367577,6.820250,-31.804756
