32.834217,-22.349504,30.956240
36.232091,-16.835272,30.956240
38.381651,-10.500351,30.956240
39.104206,-4.062024,30.956240
38.531041,2.181782,30.956240
36.733740,8.188363,30.956240
33.770616,13.713517,30.956240
30.044138,18.224321,30.956240
25.728055,21.855456,30.956240
21.105772,24.708983,30.956240
16.413326,26.997566,30.956240
11.961004,28.798209,30.956240
7.616109,30.295165,30.956240
3.032579,31.714227,30.956240
-1.844080,32.915364,30.956240
-6.859829,33.187205,30.956240
-11.638419,31.709871,30.956240
-15.844556,28.932947,30.956240
-19.233149,25.529507,30.956240
-21.904391,21.533469,30.956240
-23.603382,17.259414,30.956240
-24.470188,12.958124,30.956240
-24.753433,8.790105,30.956240
-24.699033,5.031221,30.956240
-24.469316,1.279601,30.956240
-24.142265,-2.464837,30.956240
-23.723775,-5.990033,30.956240
-23.070380,-9.903628,30.956240
-22.093952,-13.964825,30.956240
-20.563350,-18.297804,30.956240
-18.304195,-22.541325,30.956240
-15.143284,-26.431550,30.956240
-10.921448,-29.855352,30.956240
-6.120564,-32.399555,30.956240
-0.736675,-34.086356,30.956240
5.074292,-34.784987,30.956240
11.114810,-34.405784,30.956240
17.030544,-33.000435,30.956240
22.854885,-30.550782,30.956240
29.246835,-27.882553,27.699097
34.529274,-23.492971,27.700878
38.294852,-17.837796,27.703590
40.433755,-11.303174,27.705228
41.239842,-4.516515,27.703750
40.700622,2.296690,27.700829
38.933299,8.666955,27.707344
36.393102,14.634391,27.712205
32.113222,19.250478,27.712094
26.842736,22.653873,27.707436
21.838603,25.471483,27.702720
16.844542,27.367661,27.704400
11.921790,28.834558,27.709314
7.287270,29.551726,27.708538
2.847305,30.168630,27.708852
-1.784644,30.984808,27.712236
-6.491126,30.972767,27.708513
-11.000584,29.651671,27.706392
-14.896611,27.407305,27.706165
-18.449763,24.322930,27.708523
-21.198747,20.779012,27.711631
-23.079785,16.942080,27.710572
-24.467755,12.894665,27.711635
-25.330594,8.933778,27.705966
-25.758903,5.109964,27.698829
-25.908349,1.268594,27.702647
-25.759705,-2.572954,27.709230
-25.279325,-6.603228,27.711514
-24.455291,-10.577334,27.708676
-23.113887,-14.857905,27.703847
-21.302927,-18.962497,27.701231
-18.790656,-23.186206,27.703726
-15.390485,-27.307385,27.705681
-11.305117,-30.748193,27.707982
-6.270498,-33.572024,27.711357
-0.607098,-35.503888,27.706822
5.314026,-36.354034,27.703390
11.517882,-36.068596,27.707881
17.900568,-34.396386,27.711131
23.652580,-31.577988,27.705130
29.858954,-28.460547,24.448883
35.342378,-24.142085,24.448346
39.321334,-18.268957,24.453386
41.432605,-11.604287,24.454990
42.221212,-4.496043,24.456195
41.633249,2.412953,24.462536
39.856021,8.878006,24.459988
37.550726,14.853715,24.458586
32.881073,19.717116,24.461492
27.122531,22.993593,24.463473
21.967423,25.689374,24.459722
16.804735,27.351612,24.452081
11.939275,28.522958,24.448477
6.981010,28.846873,24.454182
2.652413,29.054765,24.459754
-1.658451,29.540150,24.460420
-6.210860,29.338594,24.461934
-10.402517,28.207464,24.465313
-14.261944,26.235176,24.456044
-17.732587,23.613943,24.451196
-20.673007,20.432633,24.461407
-22.866020,16.693456,24.456270
-24.646498,12.968430,24.452750
-25.966070,9.304575,24.455864
-26.856127,5.276878,24.457783
-27.316440,1.183829,24.452616
-27.286546,-2.935450,24.449341
-26.777197,-7.024570,24.453649
-25.753631,-11.238929,24.461603
-24.166548,-15.506861,24.461932
-21.991728,-19.752277,24.450653
-19.264059,-23.927062,24.449917
-15.765033,-28.071517,24.455654
-11.478457,-31.729978,24.454739
-6.392573,-34.640935,24.453187
-0.660822,-36.651932,24.462093
5.559902,-37.555875,24.457016
12.079064,-37.203361,24.452497
18.297239,-35.434055,24.453127
24.219445,-32.293021,24.451384
30.098053,-28.679615,21.207391
35.488667,-24.198567,21.202369
39.392932,-18.222527,21.202094
41.442130,-11.508599,21.206007
42.139292,-4.571770,21.209614
41.487192,2.367421,21.209570
39.626206,8.844754,21.203342
37.205454,14.797017,21.201498
32.633401,19.532505,21.205419
26.849915,22.815662,21.206162
21.617483,25.426877,21.202464
16.393949,26.990148,21.202430
11.691005,27.998175,21.202261
6.920736,28.223946,21.200956
2.561081,28.284784,21.205674
-1.788155,28.532770,21.210893
-5.917670,28.203521,21.203273
-9.942729,27.200159,21.199196
-13.886536,25.370654,21.207346
-17.343845,23.059815,21.210003
-20.391200,20.267358,21.203297
-22.859052,16.678972,21.212454
-24.987728,13.115541,21.214359
-26.753740,9.382683,21.207609
-27.950953,5.411539,21.202833
-28.642192,1.108777,21.205118
-28.681873,-3.249727,21.209575
-28.100597,-7.570963,21.204923
-26.883257,-11.983127,21.201309
-25.105437,-16.200487,21.208899
-22.738265,-20.369234,21.214348
-19.739013,-24.652944,21.202635
-16.163804,-28.768075,21.202901
-11.864934,-32.455055,21.209463
-6.581613,-35.518446,21.205185
-0.607217,-37.589592,21.210391
5.659672,-38.390972,21.203923
12.201996,-37.896772,21.199664
18.622084,-35.920495,21.203520
24.515713,-32.646333,21.207386
29.947593,-28.523379,17.956157
34.884011,-23.914307,17.961277
38.615396,-17.843210,17.957103
40.583380,-11.151672,17.957380
41.164636,-4.449665,17.962337
40.444879,2.238572,17.960863
38.466568,8.658251,17.962077
35.744832,14.396923,17.955997
31.479789,18.909914,17.957962
26.093720,22.287143,17.958620
21.048751,24.763916,17.951888
16.072033,26.304567,17.956290
11.182626,27.346810,17.955707
6.650109,27.690432,17.950738
2.523991,27.802610,17.952564
-1.810677,27.869793,17.959214
-5.911674,27.434489,17.957104
-9.716479,26.514489,17.952929
-13.678744,24.782165,17.953576
-17.047632,22.765996,17.960098
-20.449475,20.091157,17.962776
-22.998312,16.853044,17.952042
-25.358039,13.456553,17.956074
-27.476797,9.683674,17.962559
-28.951998,5.593337,17.956833
-29.816090,1.118889,17.952019
-29.902648,-3.438410,17.960745
-29.244639,-7.949162,17.963796
-27.865644,-12.521349,17.961836
-25.889112,-16.866898,17.961547
-23.294256,-21.129916,17.958243
-20.189696,-25.309866,17.961901
-16.562982,-29.348849,17.957882
-11.918497,-33.260010,17.955480
-6.628892,-36.262361,17.962592
-0.651438,-38.244900,17.955274
5.828594,-38.860331,17.955835
12.308557,-38.088094,17.956863
18.659990,-35.932206,17.954326
24.508848,-32.605827,17.953444
29.400700,-27.985053,14.700316
33.893596,-23.066204,14.702421
37.147572,-17.276472,14.708332
39.044553,-10.665533,14.705888
39.525635,-4.246107,14.703274
38.711983,2.356379,14.710121
36.744826,8.261165,14.707955
33.672256,13.677335,14.708529
29.832424,18.014496,14.708417
25.185692,21.478244,14.706730
20.387771,23.877033,14.706759
15.515656,25.539515,14.705655
10.921523,26.619211,14.703123
6.678761,27.242829,14.707048
2.398037,27.544594,14.712470
-1.675193,27.494279,14.712380
-5.722005,27.012332,14.709430
-9.693426,26.063161,14.705839
-13.435877,24.487303,14.701680
-17.033218,22.528634,14.699383
-20.398150,20.249553,14.702263
-23.270334,17.068048,14.708068
-25.885730,13.648812,14.703122
-28.215224,9.808186,14.700656
-29.851895,5.602087,14.703268
-30.769061,1.190267,14.699991
-30.884292,-3.530314,14.701808
-30.150972,-8.192275,14.702133
-28.644945,-12.894701,14.705445
-26.539801,-17.355626,14.712011
-23.786345,-21.705721,14.709340
-20.638910,-25.779027,14.709215
-16.681708,-30.011279,14.709965
-12.203100,-33.680640,14.707840
-6.770009,-36.722324,14.704397
-0.616812,-38.627011,14.702376
5.812824,-38.957382,14.703246
12.155724,-37.844712,14.707589
18.384684,-35.489967,14.709146
24.168486,-32.154214,14.704468
28.476125,-27.083487,11.459784
32.387595,-22.105337,11.459142
35.366528,-16.272846,11.460747
37.080131,-10.176304,11.456540
37.524025,-3.861346,11.452422
36.738781,2.214567,11.459738
34.728992,8.008403,11.461922
31.470337,12.906830,11.453751
27.997631,17.207091,11.450090
24.101614,20.696695,11.458005
19.386570,23.122736,11.462326
15.056539,24.788987,11.452033
10.582964,26.004896,11.456384
6.458008,26.930879,11.463215
2.276568,27.428446,11.458285
-1.735834,27.307074,11.451318
-5.709752,26.785487,11.456976
-9.611076,25.837606,11.461307
-13.307946,24.318524,11.454503
-16.899334,22.500568,11.451007
-20.506327,20.330208,11.457480
-23.647318,17.207948,11.452812
-26.309236,13.915217,11.454391
-28.767081,9.989795,11.454425
-30.506526,5.678138,11.452188
-31.462546,1.133061,11.459486
-31.550701,-3.724220,11.463225
-30.701504,-8.499393,11.455122
-29.154840,-13.107438,11.451438
-26.989678,-17.682072,11.458584
-24.252355,-21.943515,11.458774
-20.838445,-26.238540,11.456790
-16.864269,-30.322267,11.459894
-12.230585,-33.987170,11.464501
-6.847303,-36.908865,11.460050
-0.752717,-38.650764,11.449159
5.793699,-38.666664,11.458293
11.932025,-37.146617,11.459371
17.971675,-34.539204,11.453455
23.470486,-31.296084,11.456006
27.202004,-25.847518,8.205609
30.772821,-20.779709,8.211053
33.364374,-15.354132,8.214641
35.003670,-9.586450,8.207632
35.479106,-3.608345,8.203507
34.792521,2.150866,8.211226
32.920425,7.650962,8.205384
29.725784,12.193166,8.202112
26.637476,16.395281,8.201123
23.087002,20.056402,8.204894
18.880117,22.368903,8.209614
14.526149,24.275189,8.203970
10.388752,25.569723,8.202764
6.399752,26.714279,8.210921
2.333580,27.370602,8.209772
-1.606148,27.256968,8.199447
-5.702889,26.695826,8.201210
-9.517230,25.735442,8.205393
-13.339411,24.177349,8.205874
-16.887036,22.459463,8.205456
-20.661908,20.330475,8.206201
-23.868602,17.400355,8.204082
-26.651618,14.050154,8.203336
-29.061068,10.197592,8.207753
-30.861800,5.789331,8.213437
-31.834452,1.129572,8.211220
-31.901907,-3.634964,8.201767
-30.962696,-8.501663,8.201275
-29.336339,-13.203505,8.208735
-27.153096,-17.884292,8.213683
-24.332222,-22.219791,8.213088
-20.935001,-26.390725,8.204647
-16.968545,-30.320787,8.203830
-12.197466,-33.958489,8.205471
-6.686601,-36.822422,8.204549
-0.655615,-38.323855,8.213041
5.548690,-37.993310,8.206780
11.636732,-36.017889,8.203638
17.240457,-33.241761,8.206039
22.407045,-30.065766,8.205113
25.645771,-24.342778,4.953534
28.914360,-19.495957,4.949254
31.324450,-14.369510,4.958599
32.929138,-8.953555,4.960199
33.497708,-3.333737,4.954306
32.987491,2.099887,4.957947
31.359246,7.320190,4.950502
28.314418,11.802850,4.951922
25.560246,15.835099,4.959333
22.393514,19.408232,4.961145
18.382845,21.830841,4.956775
14.221634,23.876818,4.956638
10.237382,25.296852,4.962982
6.384686,26.548981,4.961130
2.438444,27.301488,4.954894
-1.610404,27.235251,4.953082
-5.606577,26.676370,4.954819
-9.510342,25.644789,4.959105
-13.243846,24.125277,4.961725
-16.893229,22.382952,4.961411
-20.595799,20.333313,4.958858
-23.966024,17.440733,4.954572
-26.815512,14.026816,4.953127
-29.129544,10.238127,4.954256
-30.879192,5.936512,4.952189
-31.856625,1.189187,4.948539
-31.884866,-3.664375,4.960346
-30.821925,-8.584591,4.960827
-29.185718,-13.158219,4.956198
-27.094139,-17.740937,4.960317
-24.222359,-22.134922,4.960844
-20.870919,-26.177021,4.958908
-16.784588,-30.074782,4.957242
-12.055285,-33.530705,4.955153
-6.631880,-36.231338,4.951633
-0.699884,-37.502744,4.951173
5.329272,-36.865640,4.958709
11.137484,-34.568030,4.958363
16.278754,-31.680523,4.953973
21.218282,-28.425605,4.954506
23.890036,-22.648424,1.699902
26.971634,-18.124040,1.701899
29.258314,-13.355591,1.702786
30.844917,-8.316047,1.701466
31.553197,-3.085981,1.702556
31.248465,2.195049,1.706143
29.898406,7.114011,1.702711
27.256161,11.429417,1.700919
24.669732,15.390277,1.700782
21.642804,18.906419,1.702870
17.871497,21.423884,1.705605
14.097366,23.483496,1.706338
10.109747,25.081087,1.711913
6.397587,26.355763,1.707493
2.387147,27.172875,1.702737
-1.731629,27.164000,1.703828
-5.603783,26.607527,1.701226
-9.558273,25.495780,1.708052
-13.176329,24.012751,1.706196
-16.872653,22.212581,1.698081
-20.425635,20.155930,1.698344
-23.743123,17.410013,1.703359
-26.634114,13.961352,1.703364
-28.937703,10.090738,1.705533
-30.658791,5.723939,1.710411
-31.548528,1.109870,1.710181
-31.525082,-3.596543,1.711206
-30.425950,-8.347843,1.706856
-28.720435,-12.947347,1.705111
-26.684027,-17.383903,1.709111
-23.877650,-21.627833,1.706611
-20.460047,-25.661573,1.706098
-16.424104,-29.354473,1.704197
-11.768823,-32.613171,1.702759
-6.458141,-35.110595,1.703459
-0.657813,-36.086582,1.701844
5.148834,-35.188109,1.708302
10.516740,-32.828528,1.709315
15.378158,-29.845060,1.704056
19.843339,-26.600228,1.700593
22.035260,-20.859753,-1.544494
24.972360,-16.715948,-1.540510
27.174858,-12.353676,-1.545136
28.803687,-7.538394,-1.546642
29.631216,-2.724842,-1.545481
29.561748,2.170525,-1.550890
28.551954,6.773340,-1.549278
26.327383,11.104303,-1.543465
23.893433,14.938257,-1.546575
20.983856,18.345462,-1.551919
17.503010,20.945957,-1.546851
13.790025,23.158567,-1.538193
10.005781,24.818246,-1.543888
6.266132,26.111044,-1.543304
2.218781,26.928566,-1.536495
-1.736097,26.985971,-1.537183
-5.644786,26.417311,-1.544281
-9.429471,25.295037,-1.545075
-13.083242,23.792798,-1.547909
-16.598325,21.997686,-1.550848
-20.094073,19.783273,-1.548204
-23.294830,17.156091,-1.546350
-26.082717,13.856350,-1.546276
-28.376656,9.958474,-1.547238
-30.023862,5.759805,-1.549110
-30.900035,1.137039,-1.550700
-30.829944,-3.574470,-1.547432
-29.715309,-8.128615,-1.542408
-27.994689,-12.518792,-1.538102
-25.846240,-16.901226,-1.538634
-23.067649,-20.926259,-1.546036
-19.839499,-24.605826,-1.546519
-15.893359,-28.076434,-1.543964
-11.350414,-31.123478,-1.541002
-6.179585,-33.356846,-1.538801
-0.745135,-33.955903,-1.542578
4.817155,-32.970378,-1.545153
9.828646,-30.823814,-1.546689
14.450016,-27.903970,-1.547918
18.403291,-24.685605,-1.547541
20.167252,-19.058315,-4.789531
22.945250,-15.310195,-4.795977
25.073194,-11.377844,-4.799908
26.698340,-7.001954,-4.800884
27.693494,-2.453740,-4.795716
27.872456,2.026648,-4.788263
27.114875,6.629094,-4.796722
25.397855,10.761205,-4.794028
23.020747,14.572411,-4.797038
20.203401,17.811369,-4.797305
17.026952,20.446849,-4.793143
13.559451,22.674280,-4.801251
9.837993,24.443796,-4.789945
6.101658,25.706714,-4.788577
2.234100,26.476512,-4.790760
-1.706963,26.618364,-4.789805
-5.611498,26.053480,-4.799599
-9.205597,24.945677,-4.802877
-12.856595,23.440422,-4.797304
-16.311859,21.559724,-4.793264
-19.533591,19.278616,-4.796243
-22.708754,16.644263,-4.799084
-25.354617,13.495761,-4.800644
-27.526270,9.768010,-4.798397
-29.152361,5.597650,-4.793203
-29.969018,1.188134,-4.789617
-29.885079,-3.301028,-4.788099
-28.766677,-7.814844,-4.796233
-27.020483,-11.953005,-4.795587
-24.787804,-16.036799,-4.787206
-22.040370,-19.800724,-4.798496
-18.749797,-23.355023,-4.794875
-15.033052,-26.435601,-4.792148
-10.769715,-29.126384,-4.797871
-5.934940,-30.990388,-4.799120
-0.733685,-31.246270,-4.794260
4.223285,-30.406130,-4.790969
9.103793,-28.611584,-4.795851
13.368080,-25.984955,-4.798540
16.959474,-22.733338,-4.792651
18.363457,-17.318324,-8.038246
20.945585,-13.953349,-8.036232
23.044272,-10.292878,-8.045470
24.628965,-6.357164,-8.048257
25.712135,-2.267679,-8.040030
26.096541,2.118878,-8.039360
25.629712,6.327122,-8.041904
24.342382,10.371757,-8.036125
22.148775,13.977228,-8.043071
19.346775,17.167059,-8.052206
16.347520,19.900169,-8.047527
13.125181,22.090229,-8.042970
9.646053,23.847350,-8.040544
5.951327,25.062131,-8.042420
2.119418,25.795922,-8.042776
-1.767113,25.985526,-8.044264
-5.458767,25.456688,-8.050295
-9.008443,24.338259,-8.043256
-12.610378,22.829052,-8.044380
-15.816896,20.960876,-8.046436
-18.890050,18.556444,-8.038355
-21.865101,16.038400,-8.039497
-24.458241,12.923740,-8.040487
-26.485499,9.386034,-8.042862
-28.008591,5.440183,-8.042906
-28.775016,1.272856,-8.036749
-28.663155,-3.133568,-8.045203
-27.602639,-7.406469,-8.050863
-25.758436,-11.407145,-8.045396
-23.487189,-14.980211,-8.037727
-20.768398,-18.442344,-8.036151
-17.668096,-21.570333,-8.044065
-14.073472,-24.384146,-8.044631
-9.961229,-26.783480,-8.043312
-5.466255,-28.246729,-8.049067
-0.888287,-28.307533,-8.046838
3.810196,-27.634105,-8.048832
8.210636,-26.336579,-8.044716
12.288836,-23.993003,-8.037660
15.548079,-20.789163,-8.037910
16.682862,-15.695595,-11.294996
18.983973,-12.657994,-11.294779
21.013602,-9.269376,-11.292201
22.541215,-5.779766,-11.289714
23.685671,-1.987312,-11.294172
24.215682,2.096970,-11.301065
23.973897,6.049321,-11.288949
23.042368,9.927550,-11.286435
20.952237,13.434770,-11.291399
18.318420,16.430212,-11.289509
15.623515,19.094999,-11.289123
12.518964,21.297880,-11.300267
9.143406,23.062882,-11.299825
5.677335,24.158336,-11.295920
1.924135,24.836268,-11.297526
-1.709706,25.039319,-11.298412
-5.323746,24.533942,-11.292229
-8.790369,23.421485,-11.291821
-12.153005,21.981110,-11.295227
-15.238012,20.073656,-11.293892
-17.909595,17.821507,-11.289017
-20.785071,15.327211,-11.290567
-23.212640,12.413825,-11.293255
-25.189961,8.966110,-11.289649
-26.612352,5.271641,-11.288232
-27.338428,1.212331,-11.297156
-27.204759,-2.906732,-11.294790
-26.227439,-6.921651,-11.289208
-24.384387,-10.595604,-11.288640
-21.900038,-13.892568,-11.293715
-19.303830,-16.883948,-11.300114
-16.285892,-19.683716,-11.297034
-12.955597,-22.115570,-11.294238
-9.166311,-24.106210,-11.295087
-5.048153,-25.268591,-11.294829
-0.930672,-25.477996,-11.296345
3.322598,-25.044665,-11.297138
7.489319,-23.965934,-11.291302
11.192435,-21.917859,-11.286558
14.202611,-18.878720,-11.290508
15.124081,-14.188448,-14.538849
17.149379,-11.303598,-14.536712
18.951804,-8.285516,-14.546050
20.448435,-5.098232,-14.550135
21.603072,-1.613985,-14.544969
22.208949,1.999668,-14.542621
22.141098,5.662070,-14.537732
21.463454,9.454027,-14.538657
19.576842,12.706092,-14.542210
17.149443,15.502425,-14.548739
14.638960,18.152109,-14.549609
11.801540,20.245246,-14.537059
8.697815,21.925053,-14.536460
5.204318,22.996639,-14.543347
1.865687,23.563024,-14.541765
-1.642556,23.771275,-14.536014
-5.133792,23.285391,-14.538716
-8.344167,22.258233,-14.538264
-11.447966,20.903021,-14.545136
-14.400180,19.014909,-14.547670
-16.938751,16.781154,-14.538998
-19.558679,14.426282,-14.541295
-21.793510,11.716426,-14.542992
-23.624884,8.527955,-14.544058
-24.988644,4.966877,-14.545609
-25.652430,1.207852,-14.542360
-25.510814,-2.600025,-14.538856
-24.620203,-6.335261,-14.545639
-22.734899,-9.787816,-14.552252
-20.289705,-12.542821,-14.549664
-17.642939,-15.288885,-14.547341
-14.839563,-17.639842,-14.540500
-11.790246,-19.705504,-14.539926
-8.348887,-21.309232,-14.546400
-4.641310,-22.247516,-14.546715
-0.873907,-22.862806,-14.538593
2.922703,-22.664993,-14.536224
6.631913,-21.665783,-14.542640
10.072161,-19.766162,-14.548001
12.824293,-17.118340,-14.544791
13.594744,-12.707796,-17.796504
15.266117,-9.962007,-17.797160
16.824799,-7.305029,-17.793458
18.275770,-4.442047,-17.791181
19.393581,-1.278724,-17.791472
20.040564,2.000890,-17.788825
20.085365,5.344977,-17.790543
19.628850,8.839812,-17.796151
17.975282,11.833384,-17.789331
15.793032,14.424624,-17.789654
13.574769,16.908667,-17.797627
10.907166,18.941362,-17.790199
7.962724,20.553702,-17.798221
4.768057,21.512650,-17.796853
1.580370,22.013047,-17.790111
-1.624616,22.165149,-17.792729
-4.812071,21.722361,-17.797375
-7.876160,20.758176,-17.789931
-10.696037,19.493136,-17.793902
-13.371083,17.732308,-17.797839
-15.766562,15.580218,-17.788508
-18.113961,13.382871,-17.789939
-20.141184,10.894747,-17.790345
-21.818255,7.989549,-17.793322
-23.065425,4.737128,-17.801022
-23.681379,1.306680,-17.800655
-23.545951,-2.299662,-17.788102
-22.738151,-5.723763,-17.792518
-20.942467,-8.816803,-17.800446
-18.444217,-11.276058,-17.792879
-15.996194,-13.560805,-17.788356
-13.331108,-15.568901,-17.790599
-10.586148,-17.278313,-17.792269
-7.521536,-18.574958,-17.793647
-4.258884,-19.362106,-17.796239
-0.898793,-20.301700,-17.791627
2.565176,-20.283399,-17.789435
5.924077,-19.278608,-17.794150
8.842174,-17.646552,-17.798666
11.481313,-15.342001,-17.797888
11.968823,-11.293674,-21.036965
13.294022,-8.609476,-21.038463
14.630848,-6.198636,-21.046571
15.991502,-3.668898,-21.046269
16.997810,-0.965395,-21.039393
17.651721,1.953527,-21.039422
17.784662,4.944315,-21.037140
17.501588,8.089939,-21.044493
16.099779,10.804278,-21.041877
14.126020,13.267767,-21.035696
12.189234,15.530107,-21.037018
9.814130,17.368977,-21.037687
7.185706,18.827907,-21.042136
4.209587,19.710658,-21.046936
1.349364,20.114821,-21.044490
-1.641389,20.207428,-21.039190
-4.492423,19.798782,-21.042463
-7.237772,18.941679,-21.050001
-9.857772,17.734312,-21.043032
-12.232027,16.123660,-21.039748
-14.273666,14.264021,-21.050531
-16.334750,12.255197,-21.049836
-18.218302,9.927642,-21.047972
-19.730381,7.336065,-21.046706
-20.853407,4.425949,-21.046690
-21.408271,1.355671,-21.050236
-21.285828,-1.870585,-21.044826
-20.573279,-4.942965,-21.041700
-18.964406,-7.705148,-21.046459
-16.660850,-9.839361,-21.048364
-14.386533,-11.794337,-21.038765
-11.933467,-13.498847,-21.037290
-9.420040,-14.925708,-21.043744
-6.764893,-16.003404,-21.050149
-3.862559,-16.765575,-21.050258
-0.996369,-17.663940,-21.041227
2.106492,-17.742959,-21.043351
4.990297,-16.894618,-21.045302
7.750510,-15.403222,-21.040865
10.145790,-13.520320,-21.038052
10.273387,-9.622184,-24.291610
11.179157,-7.080224,-24.289760
12.290186,-4.972811,-24.289270
13.471094,-2.894289,-24.288659
14.362187,-0.556284,-24.290214
14.956143,1.861395,-24.293789
15.146101,4.555922,-24.291697
14.999700,7.185803,-24.292052
13.815294,9.668556,-24.295890
12.231399,11.773510,-24.298825
10.523226,13.844629,-24.299657
8.474109,15.454824,-24.297803
6.104518,16.770021,-24.291533
3.619653,17.499743,-24.293188
1.030540,17.814276,-24.299026
-1.565262,17.822508,-24.299937
-4.035987,17.463980,-24.297247
-6.426107,16.746575,-24.297897
-8.687477,15.685606,-24.290856
-10.747733,14.282225,-24.289075
-12.605072,12.613684,-24.298988
-14.349843,10.830230,-24.295871
-15.971850,8.799556,-24.291532
-17.294115,6.561675,-24.290574
-18.268325,4.037017,-24.292776
-18.750368,1.374912,-24.298260
-18.640612,-1.424426,-24.298567
-18.010146,-4.078852,-24.290757
-16.646137,-6.503250,-24.290367
-14.693287,-8.395608,-24.299044
-12.590121,-10.095311,-24.293975
-10.495806,-11.443330,-24.293957
-8.275020,-12.588105,-24.292825
-5.969462,-13.535998,-24.291203
-3.586896,-14.277604,-24.297751
-1.049305,-14.841726,-24.298317
1.556001,-14.902644,-24.294876
4.163006,-14.263782,-24.292554
6.541454,-13.105374,-24.292274
8.653101,-11.625329,-24.292302
8.275501,-7.652066,-27.540587
8.735009,-5.402944,-27.546495
9.576569,-3.661828,-27.546554
10.544013,-2.050512,-27.544396
11.290816,-0.145852,-27.543825
11.812775,1.823326,-27.544597
12.011228,3.940183,-27.545379
11.946477,6.174664,-27.543147
11.106981,8.180578,-27.546669
9.857580,10.040179,-27.543804
8.486563,11.755411,-27.539477
6.736329,13.120390,-27.549522
4.863279,14.136788,-27.550989
2.744875,14.757468,-27.543549
0.623193,14.961218,-27.541299
-1.501206,14.876733,-27.544583
-3.518499,14.559040,-27.543782
-5.560124,13.956166,-27.542636
-7.390502,13.055551,-27.542930
-9.004111,11.943538,-27.544166
-10.545001,10.604942,-27.543944
-11.938227,9.113040,-27.540762
-13.253832,7.439438,-27.543299
-14.345262,5.615841,-27.546776
-15.123384,3.632925,-27.545375
-15.550044,1.374229,-27.541489
-15.469021,-0.836401,-27.540838
-14.896000,-3.068261,-27.546318
-13.863564,-5.022623,-27.547483
-12.390410,-6.678867,-27.540627
-10.642356,-8.033797,-27.539623
-8.816834,-9.131414,-27.539527
-6.964187,-9.975397,-27.541852
-5.075885,-10.771054,-27.543747
-3.180832,-11.523485,-27.539826
-1.066890,-11.649763,-27.538654
0.994268,-11.616939,-27.538608
3.144654,-11.278072,-27.538770
5.095877,-10.499150,-27.538777
6.934459,-9.362760,-27.538441
5.568756,-4.989870,-30.794896
5.676827,-3.245087,-30.794119
6.192106,-2.056514,-30.795896
6.890566,-0.915684,-30.796558
7.401455,0.372186,-30.794867
7.792936,1.760579,-30.794493
7.966294,3.257227,-30.796494
7.956981,4.830620,-30.791306
7.476248,6.305949,-30.793164
6.744670,7.639056,-30.792586
5.761461,8.921616,-30.790015
4.528300,9.895714,-30.795570
3.083629,10.644660,-30.797878
1.568397,11.041829,-30.797798
0.064098,11.101118,-30.797043
-1.433999,10.939293,-30.794931
-2.854228,10.673344,-30.792056
-4.242108,10.264205,-30.791332
-5.539161,9.632747,-30.791931
-6.693032,8.860068,-30.791928
-7.798835,7.931686,-30.791200
-8.775449,6.867042,-30.791015
-9.681599,5.737931,-30.789800
-10.479053,4.463843,-30.790759
-11.059154,3.006379,-30.794458
-11.353183,1.467074,-30.796539
-11.299545,-0.099009,-30.797742
-10.884282,-1.672132,-30.794458
-10.170879,-3.070654,-30.792492
-9.167504,-4.274778,-30.796784
-7.901284,-5.191217,-30.797227
-6.576096,-5.919516,-30.796645
-5.245276,-6.463678,-30.795506
-3.962281,-7.003166,-30.791991
-2.619313,-7.697872,-30.789461
-1.143276,-7.583143,-30.797011
0.317123,-7.510699,-30.793165
1.792499,-7.442664,-30.791415
3.279440,-6.967628,-30.798782
4.599299,-6.239854,-30.798676
-0.935002,1.406485,-34.043760
24.205392,-17.367808,30.956240
28.080155,-13.429738,30.956240
31.237958,-8.703709,30.956240
33.112143,-3.353084,30.956240
33.004474,2.337013,30.956240
30.784107,7.710504,30.956240
27.273832,12.181567,30.956240
23.246610,15.743560,30.956240
19.132072,18.481849,30.956240
15.110490,20.513553,30.956240
11.158672,21.979505,30.956240
7.347015,22.913361,30.956240
3.592724,23.345424,30.956240
-0.039989,23.234047,30.956240
-3.318673,22.575244,30.956240
-6.407430,21.292782,30.956240
-9.035728,19.467289,30.956240
-11.191830,17.103520,30.956240
-12.635545,14.579875,30.956240
-13.535263,11.967828,30.956240
-14.008786,9.543083,30.956240
-14.216118,7.227313,30.956240
-14.230155,5.192934,30.956240
-14.126716,3.452223,30.956240
-13.900309,1.576865,30.956240
-13.619150,0.003366,30.956240
-13.221040,-1.694324,30.956240
-12.728950,-3.367201,30.956240
-12.143477,-5.009745,30.956240
-11.403788,-6.748049,30.956240
-10.413087,-8.689699,30.956240
-9.193792,-10.669660,30.956240
-7.539107,-12.880294,30.956240
-5.469220,-15.123797,30.956240
-2.704361,-17.482421,30.956240
0.737398,-19.656826,30.956240
4.895395,-21.393698,30.956240
9.786561,-22.265288,30.956240
14.801976,-21.916993,30.956240
18.844659,-19.298428,28.208376
23.078088,-16.603866,28.211266
27.020790,-12.865398,28.204880
30.334903,-8.385348,28.200099
32.579324,-3.276459,28.207251
33.150249,2.421692,28.212780
31.522884,7.883070,28.209141
28.581416,12.643890,28.205386
24.954641,16.676876,28.208957
20.876369,19.834206,28.211302
16.492640,21.975044,28.204562
11.915359,23.106511,28.205050
7.546630,23.450094,28.204046
3.321353,22.325852,28.207278
-0.374883,20.313779,28.210757
-3.304191,19.028327,28.206718
-5.768275,17.454415,28.210243
-7.798719,15.547409,28.207397
-9.251787,13.675507,28.203239
-10.386353,11.603329,28.206152
-11.127019,9.644900,28.207061
-11.623699,7.766891,28.201564
-11.892589,6.124056,28.205821
-12.154011,4.550430,28.204649
-11.109987,2.935095,28.204100
-9.664891,1.696801,28.206482
-9.158704,0.729487,28.208984
-8.965303,-0.233374,28.208577
-8.837868,-1.339816,28.200105
-8.793893,-2.590953,28.203083
-8.769926,-4.118307,28.213503
-8.613175,-6.205470,28.211807
-8.126462,-8.560934,28.204383
-6.758913,-10.422945,28.204617
-5.032029,-12.077139,28.206272
-2.787200,-15.092550,28.199782
0.466793,-18.356450,28.205791
4.541319,-20.460855,28.209159
9.242072,-21.299765,28.206830
14.034265,-20.915569,28.206337
17.995675,-18.481537,25.460689
22.156953,-15.841454,25.458847
25.875696,-12.399487,25.460250
29.160177,-8.036735,25.462391
31.501110,-3.069580,25.459513
32.538951,2.316202,25.458284
31.452098,7.794774,25.461134
29.049338,12.749064,25.456928
25.802734,17.142338,25.452476
21.844347,20.521847,25.453754
17.100887,22.671210,25.454339
12.112161,23.384427,25.460046
7.391753,23.076716,25.453360
2.887410,20.997542,25.454825
-0.682837,18.187007,25.459385
-3.249465,16.620801,25.451849
-5.292428,15.016413,25.458489
-7.013738,13.257073,25.452695
-8.263575,11.626140,25.455997
-9.174531,9.950272,25.456687
-9.820144,8.432871,25.453434
-10.321519,6.882039,25.460445
-10.494927,5.528082,25.461146
-10.835392,4.152138,25.461841
-9.870550,2.762327,25.455941
-6.783274,1.702517,25.458857
-6.652810,1.207788,25.460685
-6.749078,0.507540,25.459462
-7.079460,-0.383931,25.453682
-7.451298,-1.557870,25.453519
-7.796523,-3.156753,25.458177
-8.031052,-5.343131,25.460452
-7.782794,-7.979942,25.458243
-6.574132,-9.727100,25.459689
-4.919738,-11.400051,25.462329
-2.798025,-14.589200,25.460584
0.455551,-17.932203,25.459997
4.376122,-19.868732,25.456145
8.869771,-20.562647,25.453863
13.420953,-20.090346,25.457358
17.172163,-17.850291,22.706025
21.274539,-15.209304,22.708061
24.819651,-11.844324,22.704197
27.756826,-7.647056,22.703513
29.819266,-2.915907,22.710851
31.001586,2.363913,22.707695
30.311409,7.569493,22.703821
28.375203,12.508173,22.703282
25.519762,16.934599,22.704783
21.681100,20.363219,22.706623
16.918000,22.338961,22.706468
11.676431,22.680314,22.700833
6.795832,21.884739,22.704059
2.449198,19.548792,22.708021
-0.902467,16.745272,22.706661
-3.290390,15.104895,22.705914
-5.100232,13.573470,22.702841
-6.617866,12.110388,22.708082
-7.740015,10.811709,22.706466
-8.641638,9.364334,22.706149
-9.387241,7.956121,22.708548
-9.903999,6.620451,22.704373
-10.029459,5.172018,22.706484
-10.436009,4.026990,22.709463
-9.932729,2.791409,22.710153
-7.868635,1.710902,22.704084
-7.612518,0.976147,22.704505
-7.791762,0.152344,22.705353
-8.048421,-0.858849,22.703495
-8.327427,-2.134907,22.706437
-8.553033,-3.842401,22.710925
-8.528631,-6.082436,22.708079
-8.065668,-8.422797,22.710329
-6.898825,-10.617212,22.712871
-5.119684,-12.758762,22.709706
-2.796197,-15.270457,22.701765
0.456241,-17.973375,22.700688
4.332254,-19.596048,22.708113
8.565598,-20.029597,22.712577
12.926509,-19.429878,22.709486
16.602854,-17.276743,19.952604
20.466997,-14.658318,19.955566
23.762039,-11.328022,19.960888
26.227607,-7.240232,19.958871
27.729953,-2.536416,19.950484
28.481012,2.326051,19.952975
27.983996,7.215714,19.953400
26.330405,11.860155,19.955082
23.652649,15.999353,19.959489
20.021627,19.131262,19.959621
15.393304,20.846111,19.954407
10.483763,20.962962,19.959093
5.874059,20.022436,19.961515
1.956474,18.060985,19.959411
-1.015952,15.911805,19.954046
-3.212182,14.434717,19.951102
-4.985532,13.019398,19.960167
-6.442383,11.813552,19.961099
-7.718852,10.589778,19.957920
-8.707216,9.291572,19.954370
-9.500477,8.138702,19.952887
-10.196485,6.814261,19.955064
-10.353036,5.429479,19.956809
-10.797571,4.250903,19.959176
-11.130368,2.913143,19.957912
-11.424739,1.683226,19.957668
-11.803503,0.230221,19.958051
-11.674760,-1.158844,19.953647
-11.331141,-2.636611,19.954780
-10.917815,-4.087690,19.954220
-10.371883,-5.769162,19.951289
-9.643291,-7.649806,19.954553
-8.663540,-9.690205,19.960535
-7.326326,-12.299268,19.957161
-5.383640,-14.723413,19.949927
-2.738780,-16.486792,19.952771
0.438224,-18.320531,19.955354
4.264142,-19.526639,19.953352
8.334830,-19.693709,19.950672
12.599870,-18.915962,19.950750
16.132030,-16.801123,17.209318
19.684231,-14.210232,17.207825
22.709287,-10.834313,17.206550
24.729484,-6.671715,17.207126
25.418776,-2.196177,17.207030
25.252008,2.313973,17.204086
24.633219,6.684760,17.208858
22.945594,10.709626,17.209031
20.171651,14.160794,17.205908
16.775577,16.741391,17.207589
12.868946,18.170787,17.208644
8.601023,18.428802,17.204190
4.750296,17.771787,17.206073
1.610539,16.762196,17.209953
-1.061186,15.565581,17.208734
-3.258880,14.246892,17.206870
-4.960273,13.060196,17.209126
-6.472747,12.030673,17.203673
-7.830509,10.990742,17.200509
-9.033928,9.785895,17.200836
-10.096908,8.593346,17.203756
-10.944637,7.411548,17.210278
-11.371368,5.883112,17.210225
-11.908270,4.515739,17.208474
-12.748801,3.184001,17.209777
-14.011203,1.639577,17.210605
-15.077000,-0.245791,17.206618
-14.856719,-2.310568,17.205306
-14.207531,-4.047440,17.203946
-13.215306,-5.850666,17.202872
-12.026488,-7.558376,17.204652
-10.772805,-9.209647,17.208525
-9.347381,-11.033086,17.210268
-7.741912,-13.668457,17.211012
-5.575903,-16.212653,17.211034
-2.694321,-17.642992,17.207850
0.623702,-18.894110,17.201786
4.322016,-19.611478,17.203278
8.251484,-19.517873,17.208516
12.329087,-18.551464,17.210153
15.722285,-16.381665,14.450044
19.044510,-13.711371,14.459434
21.690583,-10.363153,14.461418
23.256228,-6.271514,14.454201
23.259095,-1.892629,14.451755
22.105619,2.201684,14.459602
20.978315,5.970763,14.456678
18.916508,9.355925,14.454819
16.058412,11.902074,14.458407
12.981853,13.873098,14.459443
9.917493,15.126608,14.457897
6.779393,15.787639,14.459239
3.721932,15.671646,14.461763
1.224468,15.657886,14.460444
-1.103426,15.572545,14.459456
-3.230847,14.496907,14.460977
-5.078853,13.435381,14.454428
-6.727577,12.516233,14.459804
-8.225509,11.563452,14.460252
-9.528101,10.547255,14.453221
-10.854143,9.362421,14.454274
-11.974141,8.148137,14.461389
-12.802971,6.583558,14.452974
-13.475913,5.056770,14.456010
-14.589533,3.421702,14.462978
-16.209522,1.628259,14.458996
-17.396275,-0.667504,14.453755
-17.126750,-3.008671,14.456397
-16.211165,-5.222840,14.454456
-14.935762,-7.193985,14.454473
-13.459021,-8.895331,14.456625
-11.795884,-10.574369,14.452784
-9.939245,-12.395446,14.453885
-8.112703,-14.737189,14.454740
-5.689367,-17.265250,14.453713
-2.755399,-18.604913,14.456842
0.696337,-19.440175,14.459924
4.342686,-19.766916,14.456791
8.239535,-19.425695,14.450393
12.014239,-18.308510,14.447202
15.328500,-15.984247,11.704085
18.381448,-13.250943,11.705889
20.726424,-9.892220,11.706189
21.975680,-5.858578,11.705732
21.627936,-1.665499,11.705763
19.901911,2.169856,11.703865
18.141081,5.499970,11.706864
15.844222,8.253984,11.705032
13.007587,10.356713,11.702022
10.388032,11.883044,11.704793
7.838112,13.045939,11.706032
5.533015,13.912870,11.704502
3.107083,14.290666,11.707837
0.999919,15.009232,11.711816
-0.988226,15.805871,11.708470
-3.215745,14.955667,11.703670
-5.137829,14.073210,11.711343
-6.930847,13.246510,11.708905
-8.583147,12.362658,11.708452
-10.163606,11.367579,11.712545
-11.758937,10.183182,11.708976
-13.142232,8.925522,11.701883
-14.378978,7.368590,11.702549
-15.295268,5.600840,11.701450
-16.452723,3.732710,11.704118
-18.080989,1.556674,11.711225
-18.990329,-0.971338,11.707975
-18.629499,-3.510335,11.703292
-17.611321,-5.897627,11.702030
-16.203849,-8.034950,11.702984
-14.473784,-9.942978,11.702594
-12.497741,-11.763164,11.701342
-10.557717,-13.450403,11.706161
-8.389871,-15.576091,11.705984
-5.848899,-17.820960,11.700427
-2.693161,-19.362468,11.702618
0.767536,-19.911140,11.706682
4.401978,-19.921050,11.709304
8.212703,-19.345234,11.708779
11.872169,-18.027039,11.705894
14.903321,-15.562514,8.950132
17.729815,-12.731946,8.958508
19.858653,-9.352189,8.955515
20.962273,-5.617205,8.952998
20.698335,-1.517742,8.962259
19.026647,2.110854,8.961949
16.956762,5.269492,8.961782
14.596315,7.866020,8.958974
12.099209,9.832474,8.957756
9.702208,11.311354,8.959428
7.281990,12.507090,8.955775
5.125425,13.444621,8.956831
2.956445,13.998206,8.959824
1.049545,14.916838,8.961525
-1.027691,16.059436,8.958926
-3.240087,15.465926,8.953741
-5.244482,14.759129,8.958233
-7.197162,13.987656,8.962170
-9.012333,13.145654,8.956612
-10.777994,12.216011,8.954611
-12.556759,11.078596,8.958119
-14.292329,9.674594,8.951548
-15.889916,8.102702,8.957917
-17.061958,6.085373,8.962304
-18.166224,4.009505,8.957642
-19.508146,1.530094,8.954474
-20.016388,-1.132056,8.960780
-19.542928,-3.789741,8.960578
-18.411126,-6.383282,8.953546
-16.924358,-8.633027,8.950263
-15.118500,-10.644287,8.951995
-13.131090,-12.471921,8.951484
-10.891948,-14.373829,8.950854
-8.565429,-16.146982,8.956188
-5.865979,-18.063501,8.960422
-2.673053,-19.783753,8.954521
0.818454,-20.197634,8.953811
4.479258,-19.973451,8.958207
8.145951,-19.201036,8.958372
11.640629,-17.729995,8.952260
14.413841,-15.079954,6.211848
16.955273,-12.262283,6.210090
18.967246,-8.920099,6.208568
20.188880,-5.308233,6.209884
20.282810,-1.529085,6.210335
18.889986,2.124439,6.206390
16.919210,5.239263,6.203760
14.701397,7.848509,6.204028
12.312729,9.976859,6.206456
9.974967,11.589329,6.208739
7.690468,12.836644,6.209488
5.420125,13.857391,6.212007
3.141783,14.499367,6.206888
1.173151,15.330710,6.202442
-0.953917,16.261619,6.205371
-3.208804,15.947367,6.208106
-5.390304,15.370834,6.212584
-7.396899,14.680255,6.209655
-9.369483,13.868901,6.206098
-11.413772,12.928456,6.202623
-13.357782,11.807429,6.201536
-15.244764,10.375667,6.209320
-17.145238,8.746546,6.205185
-18.521972,6.575641,6.207348
-19.575453,4.165787,6.211012
-20.481644,1.490117,6.205138
-20.586043,-1.241281,6.200940
-19.959708,-4.014951,6.205862
-18.793793,-6.606733,6.207307
-17.300566,-8.885098,6.208890
-15.437305,-11.027975,6.211305
-13.372456,-12.977511,6.206437
-11.213493,-14.838781,6.206535
-8.608519,-16.440276,6.207417
-5.815312,-18.035645,6.205900
-2.647748,-19.850566,6.205356
0.876449,-20.216569,6.205724
4.443753,-19.853107,6.204119
7.983789,-18.938461,6.204396
11.332044,-17.350732,6.208596
13.824684,-14.500119,3.460492
16.174455,-11.661053,3.462162
18.028937,-8.494616,3.457399
19.420015,-5.058504,3.453828
19.918527,-1.427760,3.457940
18.933635,2.126295,3.462803
17.084535,5.322501,3.454622
15.047813,7.944545,3.451320
12.805039,10.233270,3.452305
10.560488,11.987828,3.452438
8.228675,13.405841,3.459518
5.854758,14.499613,3.453685
3.473410,15.218356,3.451465
1.297140,15.828849,3.456903
-1.009660,16.347458,3.457521
-3.269036,16.265788,3.453433
-5.484116,15.838310,3.460990
-7.639050,15.179410,3.456858
-9.751400,14.393155,3.457466
-11.834812,13.522478,3.459664
-13.925734,12.410333,3.456024
-15.942011,10.944713,3.462667
-18.065684,9.199073,3.457123
-19.604137,6.844095,3.452863
-20.521534,4.238304,3.453012
-20.991374,1.565775,3.453404
-20.768426,-1.281539,3.457354
-20.034168,-4.037623,3.459700
-18.844875,-6.622088,3.453821
-17.354057,-8.914338,3.452056
-15.523535,-11.092434,3.457996
-13.487135,-13.081857,3.458543
-11.238609,-15.045946,3.454167
-8.638642,-16.418139,3.450778
-5.835485,-17.737965,3.451451
-2.650977,-19.555035,3.456289
0.762415,-19.932138,3.460164
4.216762,-19.524170,3.455268
7.736708,-18.493658,3.450398
10.926207,-16.828959,3.454266
13.118852,-13.804741,0.706951
15.295574,-11.022807,0.710001
17.047372,-7.968994,0.706785
18.437433,-4.837576,0.703214
19.234845,-1.407508,0.705490
18.716267,2.095593,0.702915
17.011980,5.314288,0.705249
15.083134,7.994202,0.710063
13.106636,10.318095,0.707846
10.893277,12.257144,0.704280
8.544111,13.822129,0.712038
6.207650,14.926473,0.705215
3.742732,15.730843,0.701932
1.310834,16.115014,0.704387
-0.922459,16.254383,0.703262
-3.269183,16.379727,0.703912
-5.482250,16.083685,0.709530
-7.754764,15.468256,0.712315
-9.868254,14.753232,0.706451
-12.063216,13.899172,0.699724
-14.362925,12.727464,0.703533
-16.466931,11.219935,0.712792
-18.633971,9.389253,0.711777
-20.153075,7.038574,0.712154
-20.938369,4.301390,0.709620
-21.082200,1.492621,0.702595
-20.619105,-1.295996,0.703343
-19.801068,-3.999734,0.710138
-18.649496,-6.442431,0.713081
-17.110610,-8.813797,0.711438
-15.396026,-10.900740,0.707795
-13.405214,-12.898268,0.704262
-11.175314,-14.844595,0.707943
-8.582685,-16.167138,0.712035
-5.755524,-17.363816,0.708996
-2.726610,-18.912953,0.701073
0.652142,-19.323701,0.701838
4.063307,-18.906784,0.709394
7.416135,-17.824624,0.713281
10.416411,-16.129234,0.709846
12.299990,-12.995324,-2.042525
14.311376,-10.346802,-2.041630
15.955811,-7.452723,-2.042333
17.230964,-4.390809,-2.045201
17.995333,-1.144066,-2.046809
17.976933,2.089659,-2.044930
16.574277,5.185118,-2.037684
14.765794,7.877264,-2.043858
12.981315,10.245533,-2.047803
10.910898,12.235187,-2.039628
8.677820,13.846490,-2.045595
6.211793,15.046760,-2.039324
3.805177,15.865740,-2.040652
1.313373,16.077964,-2.040936
-0.979312,15.996700,-2.037666
-3.258858,16.245657,-2.048002
-5.540232,16.036611,-2.048835
-7.771975,15.495539,-2.050542
-9.955475,14.808052,-2.047728
-12.211740,13.958468,-2.045348
-14.463395,12.833613,-2.046598
-16.615931,11.308669,-2.040142
-18.694312,9.489192,-2.044971
-20.233971,7.085639,-2.043430
-20.892410,4.400678,-2.037993
-20.813078,1.536473,-2.042154
-20.223627,-1.152278,-2.050782
-19.368373,-3.769310,-2.050733
-18.173503,-6.243648,-2.049865
-16.733784,-8.456627,-2.050557
-15.004461,-10.593029,-2.048984
-13.072589,-12.551092,-2.045731
-10.964321,-14.336687,-2.047794
-8.468270,-15.706558,-2.047043
-5.703249,-16.854296,-2.044003
-2.723820,-18.031868,-2.046504
0.461911,-18.428440,-2.048978
3.774524,-18.048614,-2.044118
6.925387,-16.967510,-2.039171
9.808930,-15.244232,-2.040352
11.370006,-12.074573,-4.797872
13.223851,-9.615578,-4.793620
14.747512,-6.916723,-4.794866
15.763958,-3.919092,-4.796423
16.290074,-0.977009,-4.792501
16.768206,2.103417,-4.792657
15.753841,5.042190,-4.790539
14.104308,7.719495,-4.787309
12.497025,10.057088,-4.790799
10.573351,12.036691,-4.795202
8.471447,13.642764,-4.787594
6.122014,14.822542,-4.791513
3.704720,15.672227,-4.800050
1.315779,15.795164,-4.796782
-1.091864,15.574019,-4.789760
-3.274653,15.888650,-4.795636
-5.471283,15.762679,-4.798968
-7.627172,15.298256,-4.791467
-9.840042,14.641888,-4.791051
-12.011365,13.841375,-4.795761
-14.282042,12.729513,-4.792148
-16.447790,11.215319,-4.791279
-18.483122,9.353056,-4.799544
-19.933247,7.013589,-4.798823
-20.494379,4.318691,-4.794177
-20.248847,1.570612,-4.795541
-19.559116,-1.092561,-4.798731
-18.683327,-3.585783,-4.800787
-17.563242,-5.853949,-4.796093
-16.116138,-8.065830,-4.794191
-14.529715,-10.038203,-4.796276
-12.680947,-11.925152,-4.793046
-10.631158,-13.591978,-4.794570
-8.188812,-15.087407,-4.798296
-5.551492,-16.192448,-4.799569
-2.778708,-16.911133,-4.796850
0.285278,-17.297043,-4.788993
3.452558,-16.966043,-4.788421
6.366409,-15.906095,-4.793767
9.010378,-14.262300,-4.797803
10.259500,-11.121569,-7.547782
12.028284,-8.810979,-7.550651
13.443050,-6.235011,-7.547063
14.116518,-3.427401,-7.540872
14.368825,-0.621467,-7.540569
15.160296,2.109681,-7.546817
14.586480,4.868336,-7.547901
13.215880,7.408213,-7.547776
11.773488,9.662999,-7.550309
10.021475,11.597830,-7.549805
7.988597,13.227756,-7.542658
5.779739,14.363418,-7.540088
3.494724,15.186408,-7.545371
1.137054,15.268110,-7.548039
-1.128534,14.976547,-7.546007
-3.292341,15.319509,-7.548632
-5.372391,15.256605,-7.548873
-7.519954,14.836308,-7.547574
-9.618634,14.235117,-7.548659
-11.767961,13.441741,-7.549019
-13.913911,12.386057,-7.547477
-16.053592,10.904835,-7.549866
-17.942693,9.109899,-7.549565
-19.327492,6.776653,-7.551069
-19.774188,4.220395,-7.545306
-19.408669,1.527919,-7.538336
-18.681431,-0.967949,-7.542514
-17.815703,-3.311108,-7.538163
-16.732683,-5.444103,-7.541025
-15.414808,-7.442465,-7.543189
-13.853627,-9.393676,-7.539373
-12.097766,-11.170091,-7.541248
-10.126302,-12.689243,-7.547617
-7.958233,-14.176168,-7.545367
-5.407736,-15.261257,-7.536949
-2.705770,-15.609658,-7.537707
0.090783,-15.946864,-7.546314
2.976661,-15.690063,-7.545394
5.728135,-14.658667,-7.540929
8.198133,-13.062718,-7.543107
9.098138,-9.961835,-10.299293
10.775690,-7.838103,-10.292857
11.951851,-5.496872,-10.290842
12.342988,-2.922971,-10.290458
12.378722,-0.417581,-10.287953
13.210961,2.069096,-10.295320
13.102466,4.618684,-10.297709
12.103990,6.978377,-10.292950
10.803543,9.105277,-10.289636
9.174434,11.021406,-10.293175
7.395451,12.513583,-10.298639
5.279569,13.646048,-10.294951
3.164645,14.429186,-10.289124
0.884355,14.512676,-10.290235
-1.309203,14.212085,-10.297241
-3.221362,14.523813,-10.300395
-5.249105,14.518079,-10.295665
-7.247080,14.163909,-10.293553
-9.291956,13.592575,-10.291508
-11.282034,12.849137,-10.289823
-13.356381,11.817491,-10.291916
-15.352278,10.459226,-10.293574
-17.147225,8.701118,-10.295036
-18.393171,6.507716,-10.291456
-18.753950,4.035500,-10.287823
-18.326576,1.547644,-10.286462
-17.597921,-0.750771,-10.287557
-16.763067,-2.912407,-10.295426
-15.747828,-4.887073,-10.290454
-14.462740,-6.813647,-10.289490
-13.066565,-8.544722,-10.294002
-11.432591,-10.187773,-10.289373
-9.579220,-11.555845,-10.298041
-7.597112,-13.016023,-10.296521
-5.262131,-13.999005,-10.286787
-2.819089,-14.071629,-10.290752
-0.223376,-14.385770,-10.297943
2.454115,-14.196809,-10.297340
4.912028,-13.261504,-10.295603
7.183766,-11.764862,-10.298594
7.796265,-8.661149,-13.041072
9.313588,-6.827901,-13.045822
10.228528,-4.678211,-13.047882
10.422007,-2.303324,-13.046923
10.436866,-0.127438,-13.047631
10.981121,2.068062,-13.047598
11.266666,4.342435,-13.041736
10.697700,6.519503,-13.041751
9.496510,8.468578,-13.049194
8.139638,10.174981,-13.049569
6.502127,11.625062,-13.040910
4.600771,12.676414,-13.039828
2.608387,13.418815,-13.040619
0.544529,13.506218,-13.044167
-1.443223,13.239351,-13.049663
-3.175594,13.496569,-13.047521
-5.097690,13.525982,-13.047795
-6.908558,13.233231,-13.041039
-8.844523,12.695434,-13.037816
-10.715777,11.967416,-13.044429
-12.583684,11.014178,-13.049188
-14.402637,9.806036,-13.046879
-16.016846,8.206037,-13.046811
-17.148351,6.123524,-13.038889
-17.423716,3.879909,-13.041979
-16.964397,1.554160,-13.050941
-16.256703,-0.509082,-13.043278
-15.484803,-2.458224,-13.039053
-14.503344,-4.309584,-13.046101
-13.376926,-5.971867,-13.044618
-12.112494,-7.537272,-13.037274
-10.620305,-9.009061,-13.040569
-8.927081,-10.220355,-13.041814
-7.136298,-11.567054,-13.042402
-5.023571,-12.390967,-13.043851
-2.805612,-12.316883,-13.044395
-0.547681,-12.603156,-13.044690
1.878069,-12.465238,-13.044533
4.091161,-11.607125,-13.042942
6.050974,-10.289448,-13.040719
6.247793,-7.225673,-15.794262
7.609752,-5.707383,-15.789272
8.255934,-3.751354,-15.792581
8.279909,-1.651721,-15.798429
8.419272,0.169274,-15.794145
8.489564,1.996439,-15.793088
9.003100,3.876362,-15.790512
8.997592,5.893839,-15.789414
7.910802,7.640021,-15.791550
6.778490,9.159921,-15.789554
5.379567,10.456863,-15.788530
3.731184,11.406242,-15.794748
2.001533,12.067169,-15.793380
0.198847,12.225858,-15.786278
-1.546157,12.017878,-15.790608
-3.216678,12.196373,-15.799404
-4.819997,12.245205,-15.791401
-6.553322,11.983838,-15.788150
-8.169326,11.522197,-15.795049
-9.796868,10.870686,-15.795029
-11.494085,9.997621,-15.787802
-13.165122,8.928950,-15.791171
-14.627952,7.472696,-15.788088
-15.546706,5.623427,-15.788985
-15.742501,3.649382,-15.796725
-15.317046,1.628617,-15.799230
-14.613594,-0.226092,-15.793815
-13.920724,-1.921154,-15.795191
-13.053321,-3.533157,-15.794050
-12.057561,-4.976998,-15.793449
-10.940098,-6.335179,-15.792680
-9.623465,-7.605643,-15.788761
-8.128801,-8.642699,-15.789452
-6.608315,-9.754901,-15.795740
-4.744370,-10.410834,-15.796554
-2.808858,-10.292627,-15.788918
-0.840629,-10.557911,-15.788905
1.133923,-10.467561,-15.790647
3.063108,-9.736311,-15.792451
4.755832,-8.587939,-15.794844
4.501162,-5.458311,-18.540850
5.627964,-4.243458,-18.542387
5.935347,-2.563882,-18.540873
5.789180,-0.907854,-18.540002
6.128466,0.504801,-18.546722
5.803306,1.940468,-18.548831
6.215182,3.429196,-18.542706
6.805614,5.185311,-18.542457
5.942751,6.556486,-18.547261
5.050134,7.839778,-18.540789
3.886568,8.976399,-18.544308
2.596020,9.764331,-18.543982
1.122610,10.333990,-18.542645
-0.365779,10.521850,-18.547703
-1.811739,10.431228,-18.548164
-3.192925,10.508050,-18.539413
-4.577265,10.551588,-18.539341
-5.943551,10.353572,-18.540194
-7.333759,9.943159,-18.544031
-8.717174,9.346128,-18.548678
-10.051479,8.639623,-18.547269
-11.514244,7.777596,-18.544643
-12.786174,6.550072,-18.547985
-13.469182,5.002128,-18.543967
-13.611342,3.294533,-18.544520
-13.231426,1.649696,-18.543604
-12.564866,0.151540,-18.539959
-11.981827,-1.239844,-18.547575
-11.258670,-2.563751,-18.540606
-10.424883,-3.744897,-18.540083
-9.487946,-4.851275,-18.543904
-8.434254,-5.839007,-18.540042
-7.194007,-6.684491,-18.539434
-5.907875,-7.546296,-18.540065
-4.452733,-7.976919,-18.539264
-2.863365,-7.884052,-18.539241
-1.306043,-8.105308,-18.543626
0.326234,-8.051781,-18.547527
1.912582,-7.469712,-18.547037
3.249420,-6.575847,-18.543363
2.206922,-3.258566,-21.291471
2.962608,-2.423995,-21.291774
3.086708,-1.181927,-21.290615
2.709687,0.041993,-21.290604
3.136041,0.915915,-21.293621
2.850213,1.911590,-21.291867
2.674974,2.799846,-21.291143
3.849916,4.159050,-21.295076
3.292935,5.169541,-21.289733
2.678257,6.075648,-21.294799
1.927731,6.893225,-21.292631
0.986782,7.528363,-21.290160
-0.019299,7.920339,-21.291913
-1.080995,8.139262,-21.290683
-2.115121,8.208794,-21.290012
-3.149940,8.142823,-21.292348
-4.142773,8.159276,-21.296862
-5.165366,8.011421,-21.296134
-6.155832,7.692731,-21.295989
-7.091710,7.248486,-21.297625
-8.083435,6.721605,-21.296740
-9.226647,6.168228,-21.294705
-10.238329,5.327419,-21.295006
-10.618233,4.145832,-21.294138
-10.754061,2.893143,-21.294425
-10.389427,1.691067,-21.295949
-9.758753,0.630062,-21.295032
-9.354954,-0.371819,-21.294087
-8.826871,-1.264426,-21.297511
-8.214552,-2.103042,-21.295023
-7.562724,-2.851094,-21.291441
-6.790570,-3.541917,-21.290680
-5.930053,-4.119100,-21.290163
-4.995748,-4.595344,-21.290969
-3.990535,-4.792662,-21.290674
-2.904616,-4.812354,-21.290142
-1.836047,-4.985073,-21.293163
-0.706883,-4.962399,-21.293077
0.358950,-4.623997,-21.291057
1.335021,-4.025129,-21.290827
-3.155106,2.398728,-24.043760
