-1.628527,-32.303662,30.956153
3.635046,-30.055653,30.956152
8.042621,-27.339822,30.956153
11.731906,-24.260974,30.956153
14.581695,-21.106501,30.956153
16.834702,-17.721545,30.956153
18.368015,-14.357828,30.956153
19.227596,-11.144768,30.956153
19.560164,-8.020327,30.956153
19.502192,-5.249117,30.956153
19.193239,-2.680868,30.956153
18.718506,-0.326237,30.956153
18.143255,1.815052,30.956153
17.454961,3.922665,30.956153
16.737807,5.824362,30.956153
15.873675,7.866214,30.956153
14.934505,9.874655,30.956153
13.837282,12.011368,30.956152
12.460615,14.417092,30.956152
10.741205,17.046049,30.956152
8.473432,19.965366,30.956152
5.341314,23.108713,30.956153
1.350367,25.806453,30.956153
-3.356984,27.457670,30.956153
-8.349752,27.816066,30.956153
-13.650353,26.993410,30.956153
-18.694231,25.171874,30.956153
-23.826622,22.225623,30.956153
-28.385584,18.452271,30.956153
-32.546986,13.495476,30.956153
-35.524317,7.949143,30.956153
-37.221658,1.516213,30.956153
-37.389734,-5.145455,30.956153
-36.220678,-11.699559,30.956153
-33.864739,-17.926037,30.956153
-30.391985,-23.601413,30.956153
-25.829752,-28.469150,30.956153
-20.350081,-31.908234,30.956153
-14.025067,-33.598819,30.956153
-7.554811,-33.839978,27.708127
-1.674452,-32.684667,27.711661
3.682869,-30.528937,27.710818
8.158749,-27.835244,27.705734
11.897789,-24.748828,27.701054
14.782010,-21.573889,27.700671
17.066107,-18.166636,27.711934
18.648878,-14.787904,27.709941
19.611285,-11.382091,27.700904
20.075856,-8.243326,27.697784
20.183284,-5.451239,27.700140
19.955024,-2.662912,27.703611
19.560825,-0.272169,27.701724
18.982013,2.080948,27.700245
18.318262,4.218908,27.703529
17.441097,6.274316,27.710061
16.510539,8.309862,27.707908
15.599727,10.352081,27.699235
14.378122,12.658525,27.699841
12.843508,15.218698,27.703029
11.002190,17.795086,27.706016
8.526260,20.587573,27.707971
5.334179,23.454082,27.705790
1.369174,25.918291,27.709868
-3.222207,27.486725,27.714750
-8.434992,27.921049,27.710550
-13.608490,27.181536,27.701667
-18.885755,25.307759,27.702415
-23.872786,22.384545,27.703789
-28.558327,18.384203,27.704568
-32.493210,13.648212,27.713812
-35.524874,7.863632,27.707060
-37.198979,1.549976,27.707464
-37.517887,-5.162556,27.712617
-36.486095,-11.800201,27.706860
-34.110908,-18.086024,27.707201
-30.464066,-23.718971,27.703403
-25.887201,-28.400445,27.701790
-20.191251,-31.948706,27.704964
-14.011514,-33.667797,27.706372
-7.585477,-33.821540,24.460831
-1.644195,-32.783345,24.453700
3.611429,-30.771136,24.449150
8.149489,-28.111269,24.454340
11.939043,-25.033907,24.461018
14.980409,-21.708657,24.458327
17.284106,-18.280760,24.460829
18.894132,-14.886366,24.457609
19.860614,-11.652187,24.458942
20.443447,-8.510406,24.462900
20.694011,-5.521229,24.460674
20.579028,-2.893676,24.457077
20.248933,-0.287207,24.456714
19.728731,2.096131,24.461749
19.058462,4.445985,24.455502
18.170686,6.511368,24.451894
17.128686,8.719669,24.454154
16.146969,10.952285,24.457154
14.890224,13.260088,24.462033
13.300505,15.812757,24.461109
11.255231,18.496264,24.460797
8.624377,21.181503,24.462825
5.428456,23.800500,24.454446
1.362908,26.152095,24.454326
-3.280575,27.677034,24.454639
-8.522843,28.148324,24.449768
-13.921124,27.401347,24.457690
-19.057148,25.567302,24.453769
-24.194422,22.458041,24.446280
-28.691635,18.458453,24.451246
-32.594052,13.641869,24.461199
-35.566168,7.780203,24.462853
-37.208640,1.602556,24.459488
-37.631506,-5.148309,24.453921
-36.669257,-11.843557,24.450152
-34.234942,-18.158736,24.455752
-30.414804,-23.729683,24.457440
-25.685492,-28.322177,24.456655
-20.081719,-31.752144,24.458537
-13.879080,-33.539988,24.461501
-7.509509,-33.547258,21.203192
-1.716486,-32.639297,21.204276
3.589350,-30.695408,21.206401
8.167413,-28.063284,21.209659
11.988563,-24.994513,21.208168
14.937150,-21.815553,21.199749
17.290673,-18.401809,21.202510
18.958664,-15.019525,21.200863
20.002651,-11.795017,21.199759
20.680439,-8.659986,21.208788
21.036662,-5.669336,21.211806
21.018951,-3.029080,21.203197
20.781336,-0.401759,21.205444
20.295024,2.190189,21.208453
19.676411,4.564866,21.213874
18.755503,6.829205,21.207408
17.723435,9.053605,21.198627
16.662568,11.467405,21.204118
15.283876,13.934981,21.212281
13.637599,16.466560,21.208658
11.514115,19.105306,21.201800
8.782478,21.709841,21.204493
5.479605,24.219648,21.211282
1.335831,26.466278,21.210827
-3.341727,27.950153,21.204433
-8.600447,28.451047,21.202941
-14.026140,27.742675,21.209766
-19.356297,25.824121,21.207685
-24.312187,22.734778,21.208039
-28.760226,18.644377,21.213828
-32.719070,13.601477,21.208601
-35.554199,7.854451,21.206208
-37.249123,1.468506,21.204420
-37.698820,-5.117695,21.200143
-36.744503,-11.841709,21.200211
-34.216415,-18.150468,21.210885
-30.355890,-23.495605,21.213306
-25.501654,-27.991471,21.208521
-19.837191,-31.375621,21.204345
-13.808287,-33.163507,21.202907
-7.325270,-33.011399,17.957027
-1.527081,-32.156235,17.963012
3.618084,-30.311837,17.956066
8.211256,-27.703602,17.950903
11.903833,-24.773359,17.960019
14.876790,-21.615594,17.955316
17.165088,-18.384155,17.953280
18.896473,-15.033580,17.960285
20.026734,-11.835996,17.959007
20.783662,-8.719319,17.952581
21.212569,-5.736161,17.951603
21.281562,-2.907879,17.954734
21.110717,-0.274711,17.960791
20.727409,2.144908,17.956804
20.125842,4.718267,17.955185
19.281576,7.013852,17.952736
18.217556,9.432284,17.954514
17.148471,11.843273,17.960688
15.663168,14.467967,17.950366
13.970411,16.969366,17.953794
11.662355,19.703046,17.960217
8.868652,22.241592,17.952584
5.495534,24.658329,17.951668
1.302039,26.813235,17.954323
-3.574302,28.296334,17.956119
-8.835450,28.779946,17.955183
-14.263699,28.070079,17.952765
-19.584194,26.117965,17.960909
-24.644237,22.838011,17.959492
-28.991582,18.637220,17.951029
-32.735102,13.664374,17.960237
-35.520953,7.891947,17.954626
-37.222086,1.505238,17.948168
-37.687529,-5.081626,17.952161
-36.687327,-11.801730,17.955879
-34.033577,-18.061773,17.951591
-30.019302,-23.297186,17.952407
-25.025516,-27.634529,17.957929
-19.449523,-30.809228,17.960218
-13.417348,-32.590427,17.957457
-7.032793,-32.212901,14.705673
-1.441873,-31.436396,14.706884
3.698060,-29.636405,14.701175
8.125086,-27.159761,14.702801
11.820372,-24.263430,14.710994
14.676757,-21.277761,14.704507
16.999713,-18.090385,14.707835
18.776957,-14.782327,14.709026
19.981771,-11.624737,14.707503
20.751020,-8.719893,14.703510
21.229847,-5.754768,14.699792
21.392344,-2.942602,14.700988
21.300989,-0.315621,14.700682
20.963924,2.290834,14.709457
20.468020,4.683081,14.705707
19.672898,7.185300,14.703782
18.687778,9.625096,14.709363
17.534378,12.193109,14.706982
16.043000,14.800784,14.699819
14.208127,17.416150,14.705319
11.857978,20.098032,14.710655
8.902602,22.712708,14.705562
5.494746,25.051038,14.710747
1.284458,27.132191,14.708394
-3.579101,28.584889,14.705150
-9.005537,29.087686,14.708734
-14.413373,28.381667,14.702007
-19.871230,26.326263,14.703583
-24.851301,22.966237,14.712302
-29.084974,18.685429,14.711102
-32.703504,13.651928,14.699479
-35.424764,7.876461,14.706107
-37.116174,1.515032,14.709584
-37.560380,-5.047466,14.704043
-36.468627,-11.726519,14.705024
-33.665814,-17.891263,14.711344
-29.512993,-22.988827,14.712898
-24.393166,-27.124309,14.706176
-18.911527,-30.040696,14.699696
-12.892850,-31.779636,14.701353
-6.638023,-31.164190,11.452558
-1.281978,-30.454200,11.453317
3.654640,-28.776319,11.454989
8.060195,-26.356517,11.457149
11.594042,-23.623273,11.456819
14.452293,-20.690971,11.454690
16.791423,-17.559130,11.455317
18.439183,-14.643594,11.457713
19.748604,-11.558366,11.454310
20.621414,-8.519672,11.449827
21.098827,-5.768016,11.449767
21.353399,-2.988938,11.454053
21.339713,-0.383512,11.461790
21.090972,2.209862,11.451995
20.626831,4.773781,11.450347
19.947010,7.288484,11.454129
18.995739,9.913274,11.451466
17.833115,12.451131,11.450188
16.244298,15.187344,11.462059
14.379004,17.743165,11.459794
11.872004,20.495700,11.452385
9.067633,22.944659,11.456195
5.514018,25.333869,11.456343
1.147936,27.426274,11.453951
-3.682915,28.827355,11.458131
-9.062242,29.319476,11.462998
-14.606070,28.586799,11.452892
-19.994137,26.496536,11.455838
-24.884795,23.095282,11.462457
-28.997509,18.774080,11.457685
-32.570354,13.549208,11.450677
-35.211972,7.797918,11.452635
-36.879531,1.492194,11.458040
-37.272166,-5.016250,11.456894
-36.053349,-11.612626,11.453219
-33.084320,-17.630726,11.460708
-28.811864,-22.558863,11.458239
-23.750758,-26.359267,11.451622
-18.049150,-29.146479,11.449963
-12.428005,-30.707915,11.450977
-6.152529,-29.894766,8.210229
-1.058083,-29.242658,8.204302
3.816269,-27.612055,8.199429
7.851377,-25.432608,8.200399
11.357373,-22.769894,8.204847
14.077328,-20.042548,8.209421
16.331749,-17.147777,8.210299
18.118278,-14.158713,8.210944
19.433729,-11.327563,8.209031
20.316586,-8.534169,8.208543
20.857372,-5.647084,8.206640
21.188226,-2.917958,8.199820
21.238500,-0.350569,8.204644
21.067826,2.211728,8.212628
20.674226,4.747311,8.206722
20.069578,7.433656,8.199030
19.222954,10.047698,8.203810
17.979566,12.708188,8.212968
16.400519,15.398034,8.212066
14.405367,18.024552,8.207012
12.015716,20.566769,8.202297
8.969909,23.210980,8.200774
5.441874,25.526488,8.205917
1.121008,27.552969,8.207620
-3.642624,28.919061,8.205297
-9.127655,29.413006,8.205056
-14.769433,28.636462,8.206862
-20.049601,26.506018,8.202535
-24.819176,23.076538,8.197977
-28.896928,18.594032,8.202441
-32.181215,13.507911,8.212124
-34.818049,7.652574,8.210248
-36.447174,1.436878,8.206707
-36.765133,-4.983025,8.208908
-35.399743,-11.451262,8.212333
-32.367932,-17.119699,8.212070
-27.896436,-21.998795,8.209191
-22.775816,-25.542642,8.207241
-17.219874,-28.004057,8.208199
-11.660786,-29.466275,8.210664
-5.587798,-28.432807,4.958138
-0.780299,-27.838638,4.952949
3.835202,-26.340667,4.948929
7.648243,-24.334231,4.953535
10.965739,-21.874811,4.960910
13.783908,-19.108442,4.959799
15.917811,-16.446345,4.958766
17.642890,-13.717903,4.956446
19.032929,-10.994420,4.953166
19.956649,-8.283375,4.953426
20.520861,-5.462441,4.953868
20.901147,-2.980784,4.950515
21.024645,-0.290721,4.952217
20.925553,2.221119,4.961144
20.568388,4.886839,4.964538
20.073118,7.539190,4.957518
19.319270,10.116311,4.953944
18.091987,12.718497,4.959677
16.449283,15.503630,4.956811
14.458686,18.041535,4.952363
11.957221,20.626819,4.951067
8.971413,23.206803,4.954173
5.510328,25.461029,4.960711
1.277059,27.438795,4.959113
-3.734151,28.855430,4.957981
-9.107180,29.303263,4.962933
-14.628350,28.526447,4.957244
-19.936538,26.318178,4.952118
-24.557335,22.887563,4.952346
-28.460922,18.425998,4.956381
-31.625044,13.204688,4.959650
-34.091094,7.616937,4.953894
-35.704222,1.540221,4.956161
-35.963039,-4.926700,4.961326
-34.446978,-11.217634,4.958680
-31.269789,-16.645872,4.962713
-26.881557,-21.174422,4.956228
-21.612108,-24.563200,4.949276
-16.251583,-26.703981,4.951933
-10.969136,-28.016402,4.956740
-5.135251,-26.829882,1.705309
-0.466378,-26.290416,1.705080
3.862971,-24.937767,1.707170
7.579467,-23.021476,1.708024
10.672185,-20.754974,1.705869
13.316122,-18.225937,1.709028
15.434366,-15.680829,1.702795
17.175206,-13.076366,1.704906
18.535989,-10.634721,1.708424
19.501909,-8.030958,1.702967
20.097434,-5.301493,1.698710
20.535820,-2.905087,1.700112
20.718573,-0.297465,1.698713
20.688769,2.142648,1.710185
20.402997,4.736231,1.707918
20.007843,7.327655,1.708824
19.251181,10.178261,1.710745
18.043491,12.699723,1.700607
16.445715,15.402263,1.710751
14.376444,17.975421,1.707918
11.916457,20.456356,1.699568
9.017428,22.957771,1.702693
5.504333,25.228357,1.702008
1.221586,27.189346,1.703080
-3.653373,28.520420,1.707167
-8.872595,28.920401,1.708955
-14.399688,28.107075,1.707405
-19.520811,25.897318,1.709082
-24.093404,22.386056,1.708689
-27.779552,17.972260,1.706955
-30.622457,12.972084,1.711316
-33.044381,7.368731,1.712697
-34.588636,1.467790,1.704075
-34.754644,-4.815009,1.701883
-33.192785,-10.720347,1.711669
-29.846002,-16.028764,1.706757
-25.459655,-20.305339,1.704557
-20.413267,-23.365100,1.704559
-15.153292,-25.296404,1.703092
-10.008108,-26.474762,1.704080
-4.456434,-25.125895,-1.551435
-0.133686,-24.644457,-1.541816
3.878579,-23.448215,-1.539374
7.467068,-21.644723,-1.547663
10.321659,-19.593619,-1.550031
12.892070,-17.198052,-1.549853
14.866884,-14.922669,-1.541432
16.611015,-12.471478,-1.536557
17.997080,-10.171687,-1.545991
18.990373,-7.697970,-1.550752
19.588000,-5.253620,-1.541074
20.109263,-2.801770,-1.536367
20.341609,-0.301752,-1.541058
20.361554,2.209054,-1.540043
20.122553,4.703240,-1.547161
19.769251,7.366926,-1.550659
19.120944,9.950425,-1.542698
17.893970,12.526714,-1.536735
16.264763,15.260754,-1.546644
14.254951,17.712822,-1.548900
11.873411,20.077873,-1.544440
8.950454,22.574754,-1.541280
5.415813,24.815048,-1.536701
1.280979,26.651643,-1.540736
-3.415804,27.871735,-1.545162
-8.601456,28.190385,-1.542258
-13.736332,27.372781,-1.541949
-18.776315,25.120043,-1.542444
-23.120147,21.679917,-1.541623
-26.590891,17.386748,-1.540334
-29.283025,12.372190,-1.539498
-31.480567,7.117147,-1.537657
-32.932885,1.442948,-1.543042
-33.020143,-4.592638,-1.548470
-31.402411,-10.232931,-1.546011
-28.057301,-15.245270,-1.548519
-23.885487,-19.152893,-1.545676
-19.002481,-22.033794,-1.540354
-13.928642,-23.816029,-1.541908
-9.141344,-24.831198,-1.549196
-3.908799,-23.382994,-4.790068
0.198166,-22.945711,-4.794370
3.867416,-21.910719,-4.799708
7.163807,-20.337785,-4.797166
10.031715,-18.342648,-4.792189
12.385365,-16.211358,-4.800547
14.302512,-14.091116,-4.799037
15.932952,-11.943865,-4.790408
17.409632,-9.676114,-4.786342
18.425653,-7.359651,-4.796093
19.068518,-5.059963,-4.798118
19.625761,-2.747889,-4.786853
19.916014,-0.223219,-4.795817
19.975134,2.158382,-4.789874
19.778810,4.527499,-4.793931
19.439225,7.215213,-4.802921
18.775829,9.816746,-4.797341
17.604087,12.258793,-4.786794
16.054041,14.850451,-4.795102
14.048499,17.301701,-4.795522
11.665155,19.646226,-4.793707
8.864856,21.984194,-4.798417
5.352712,24.156505,-4.792893
1.404288,25.841881,-4.794717
-3.073293,26.916336,-4.797458
-7.999453,27.111531,-4.793871
-13.006208,26.184642,-4.796648
-17.728703,23.918500,-4.795343
-21.664875,20.676911,-4.790371
-24.994517,16.430331,-4.788520
-27.407699,11.777248,-4.790955
-29.417314,6.759615,-4.789186
-30.708567,1.354208,-4.793566
-30.717423,-4.213571,-4.798883
-29.137894,-9.553407,-4.794499
-26.030539,-14.163836,-4.792596
-21.913861,-17.926468,-4.788565
-17.397600,-20.561467,-4.789875
-12.747312,-22.218678,-4.794720
-8.203390,-23.145693,-4.792340
-3.178776,-21.618760,-8.035923
0.526307,-21.238252,-8.042806
3.974112,-20.320925,-8.045938
7.079922,-18.888641,-8.043593
9.666270,-17.138363,-8.047102
11.908724,-15.185919,-8.046274
13.745499,-13.239424,-8.038197
15.323404,-11.267724,-8.048216
16.763193,-9.184666,-8.043084
17.808897,-7.056656,-8.038746
18.553616,-4.792096,-8.049345
19.121289,-2.638401,-8.044201
19.448114,-0.281342,-8.041591
19.538020,2.096429,-8.042551
19.350751,4.464253,-8.043998
19.004521,6.976174,-8.044640
18.305013,9.547367,-8.040536
17.134038,11.962860,-8.037032
15.664559,14.376990,-8.045969
13.697394,16.794671,-8.050439
11.467295,18.989045,-8.048036
8.696472,21.233472,-8.047498
5.379909,23.222404,-8.050588
1.517645,24.792239,-8.041264
-2.702406,25.676648,-8.038900
-7.319805,25.685080,-8.048775
-11.969686,24.633617,-8.042506
-16.190693,22.438357,-8.044392
-19.901253,19.208265,-8.048963
-22.871945,15.302527,-8.046581
-25.135583,10.947891,-8.043625
-26.913798,6.210628,-8.040830
-27.937915,1.257746,-8.043686
-27.837323,-3.951948,-8.045263
-26.369437,-8.800296,-8.040255
-23.578606,-13.022706,-8.043059
-19.837180,-16.434398,-8.042160
-15.758815,-18.888985,-8.039918
-11.457744,-20.557678,-8.039691
-7.211700,-21.430138,-8.036322
-2.586833,-19.868890,-11.288878
0.844958,-19.554753,-11.288753
4.040989,-18.763919,-11.289645
6.812784,-17.560882,-11.288821
9.350241,-15.922135,-11.291120
11.456516,-14.160678,-11.286159
13.186403,-12.396684,-11.286735
14.693903,-10.615442,-11.285299
16.061604,-8.723335,-11.290560
17.189294,-6.682482,-11.291052
18.001832,-4.640048,-11.288001
18.602424,-2.528252,-11.295941
18.966840,-0.222682,-11.296848
19.061306,1.972436,-11.302377
18.874497,4.296791,-11.292426
18.451506,6.735975,-11.286358
17.727561,9.093690,-11.286605
16.587652,11.444135,-11.286454
15.135783,13.774897,-11.297963
13.343162,16.032007,-11.299953
11.099945,18.257016,-11.290890
8.494927,20.275720,-11.286715
5.278063,22.120871,-11.295552
1.674594,23.474383,-11.291691
-2.252584,24.141439,-11.289354
-6.510902,23.932251,-11.296811
-10.611300,22.762901,-11.293502
-14.423077,20.571581,-11.293356
-17.740329,17.479394,-11.292029
-20.358859,13.945468,-11.289328
-22.499303,9.950636,-11.293342
-23.982217,5.668389,-11.290010
-24.725463,1.053095,-11.290500
-24.524108,-3.475575,-11.294522
-23.190058,-7.957108,-11.293638
-20.787936,-11.812728,-11.298190
-17.469407,-14.887450,-11.292915
-13.849079,-17.153111,-11.291592
-10.081869,-18.809253,-11.299505
-6.320710,-19.665030,-11.295806
-1.969430,-18.117275,-14.548287
1.165832,-17.880238,-14.544712
4.085232,-17.220302,-14.543790
6.743410,-16.127746,-14.549883
8.976090,-14.750548,-14.551254
10.931077,-13.195188,-14.547369
12.627836,-11.537644,-14.543341
14.118852,-9.853629,-14.540443
15.378304,-8.147218,-14.547027
16.508588,-6.346388,-14.545999
17.437052,-4.441185,-14.536856
18.051281,-2.406042,-14.540150
18.440979,-0.192880,-14.544913
18.525613,1.929077,-14.550797
18.312343,4.167975,-14.553384
17.797144,6.355384,-14.546326
16.989254,8.588840,-14.541674
15.952473,10.722255,-14.547407
14.545353,12.935587,-14.550907
12.871606,15.119742,-14.547326
10.757060,17.237892,-14.543869
8.238285,19.092719,-14.545228
5.279332,20.713742,-14.547463
1.968977,21.851319,-14.548858
-1.755784,22.308476,-14.545324
-5.606691,21.861507,-14.542620
-9.125535,20.557817,-14.548303
-12.482550,18.371542,-14.542195
-15.202267,15.624304,-14.540435
-17.546500,12.374819,-14.548756
-19.531270,8.901745,-14.547774
-20.745554,5.101689,-14.541179
-21.197245,0.988826,-14.542507
-20.918728,-2.994988,-14.546167
-19.797594,-6.966105,-14.540347
-17.917004,-10.374665,-14.542031
-15.085434,-13.161458,-14.542793
-11.838351,-15.316511,-14.540617
-8.633270,-16.985359,-14.541928
-5.250506,-17.886094,-14.546158
-1.311511,-16.327125,-17.794972
1.507153,-16.176354,-17.791329
4.130748,-15.643966,-17.790157
6.536626,-14.734090,-17.797838
8.662197,-13.497386,-17.799167
10.442586,-12.144777,-17.798740
11.990809,-10.693193,-17.793304
13.436336,-9.134482,-17.789559
14.639829,-7.527216,-17.791455
15.752968,-5.980657,-17.794105
16.828170,-4.163606,-17.790089
17.430725,-2.234540,-17.786295
17.814474,-0.262632,-17.794822
17.888339,1.859821,-17.800508
17.645457,3.974801,-17.797112
16.981869,5.984033,-17.789032
16.128264,7.936442,-17.784631
15.095852,10.037939,-17.786109
13.799809,11.996334,-17.787381
12.259878,14.064066,-17.785958
10.372602,15.955098,-17.790584
7.979915,17.623303,-17.799936
5.198269,19.059177,-17.801418
2.198756,19.961180,-17.798746
-1.155682,20.174255,-17.793247
-4.451722,19.536533,-17.790438
-7.491376,18.111770,-17.795417
-10.283077,16.040361,-17.796430
-12.540080,13.575551,-17.791154
-14.551212,10.740054,-17.789204
-16.364320,7.777982,-17.797434
-17.357332,4.362743,-17.796683
-17.554173,0.876376,-17.792765
-17.221312,-2.563505,-17.794552
-16.318027,-5.908969,-17.796839
-14.867492,-8.966581,-17.791504
-12.521340,-11.460779,-17.792310
-9.844989,-13.341428,-17.795015
-7.208029,-15.014928,-17.789938
-4.249789,-16.016549,-17.791727
-0.586570,-14.437243,-21.050376
1.895241,-14.379766,-21.045040
4.206626,-13.969742,-21.038291
6.340679,-13.238055,-21.046092
8.238072,-12.212718,-21.050212
9.913926,-11.015590,-21.040653
11.364638,-9.699401,-21.047833
12.659807,-8.356979,-21.050319
13.782708,-6.874919,-21.046123
14.918905,-5.518913,-21.040688
16.059294,-3.952520,-21.034636
16.669213,-2.069648,-21.041503
17.049935,-0.253290,-21.049513
17.096430,1.805924,-21.037463
16.809722,3.755429,-21.037918
15.976126,5.514913,-21.041347
15.057756,7.254898,-21.041813
14.143439,9.091492,-21.043883
12.915287,10.868118,-21.048535
11.520166,12.772655,-21.047949
9.775637,14.472488,-21.045542
7.629333,15.874960,-21.045551
5.155855,17.064112,-21.045933
2.394498,17.752145,-21.040719
-0.457181,17.727881,-21.040197
-3.196517,16.953800,-21.046119
-5.746923,15.484922,-21.047618
-7.949990,13.668336,-21.040727
-9.849342,11.442771,-21.040001
-11.468696,9.092679,-21.045270
-13.099210,6.627044,-21.041695
-13.908092,3.734753,-21.045266
-13.945621,0.756489,-21.049992
-13.604868,-2.152830,-21.049601
-12.895394,-4.901431,-21.050075
-11.801542,-7.564814,-21.045193
-9.996109,-9.701032,-21.045135
-7.692113,-11.412690,-21.046760
-5.578060,-13.001024,-21.039827
-3.153357,-14.035354,-21.043702
0.150948,-12.384325,-24.298156
2.267798,-12.431532,-24.292269
4.246275,-12.140334,-24.290121
6.086930,-11.590969,-24.295525
7.810906,-10.746539,-24.291421
9.334000,-9.719032,-24.293280
10.592983,-8.624964,-24.296160
11.780137,-7.447738,-24.293571
12.790097,-6.117777,-24.294037
13.968332,-4.935470,-24.294152
15.136079,-3.569993,-24.289291
15.672090,-1.956796,-24.287186
16.066440,-0.176529,-24.287200
16.064057,1.665533,-24.288463
15.738903,3.402120,-24.293559
14.717971,4.907905,-24.288999
13.798651,6.398646,-24.289616
12.958012,8.026646,-24.295730
11.873996,9.515426,-24.294398
10.681963,11.133719,-24.288635
9.099637,12.595775,-24.290932
7.231117,13.733056,-24.297883
5.093567,14.673963,-24.299534
2.797444,15.125426,-24.297015
0.372778,14.949951,-24.290761
-1.898147,14.107884,-24.289698
-3.893199,12.733043,-24.297411
-5.632724,11.155027,-24.292283
-7.141633,9.281234,-24.287321
-8.405126,7.404086,-24.290975
-9.797440,5.400377,-24.292630
-10.456492,3.115153,-24.292174
-10.434155,0.654084,-24.290806
-10.146773,-1.656503,-24.291410
-9.589815,-3.916837,-24.296499
-8.785938,-6.150090,-24.293509
-7.417720,-7.992091,-24.287480
-5.549262,-9.430028,-24.289469
-3.899428,-10.843735,-24.296063
-2.002872,-11.879265,-24.299719
0.947506,-10.029473,-27.543196
2.647549,-10.192012,-27.541109
4.315172,-10.011999,-27.541212
5.877704,-9.614659,-27.547209
7.292380,-8.996244,-27.544608
8.606442,-8.182659,-27.539940
9.693271,-7.286365,-27.540445
10.715442,-6.312791,-27.539313
11.572404,-5.185693,-27.542021
12.708598,-4.254616,-27.547932
13.853243,-3.107228,-27.544323
14.340894,-1.668265,-27.542727
14.676670,-0.115266,-27.547994
14.631684,1.443952,-27.545653
14.246345,2.947960,-27.548732
13.046070,4.109792,-27.549698
12.246526,5.334675,-27.548686
11.532754,6.630785,-27.547314
10.585404,7.857313,-27.545300
9.590767,9.127435,-27.542274
8.261292,10.245059,-27.538669
6.731378,11.114816,-27.541184
4.978907,11.788678,-27.547578
3.175767,12.018512,-27.544904
1.309023,11.733280,-27.540096
-0.394880,10.935337,-27.538884
-1.866832,9.762264,-27.540734
-3.158924,8.478603,-27.542050
-4.214282,7.101290,-27.540109
-5.213620,5.581764,-27.538710
-6.289831,4.096767,-27.544471
-6.823007,2.409098,-27.544874
-6.784688,0.560302,-27.541903
-6.557864,-1.235370,-27.544478
-6.169985,-2.925054,-27.546203
-5.640177,-4.618252,-27.543970
-4.720397,-6.151213,-27.540259
-3.298594,-7.288690,-27.540083
-2.076119,-8.446566,-27.542232
-0.667567,-9.466698,-27.543725
2.014412,-7.044013,-30.791285
3.220458,-7.331498,-30.791719
4.389785,-7.271155,-30.797363
5.540841,-7.045552,-30.791629
6.635996,-6.638527,-30.796112
7.581063,-6.118071,-30.796077
8.478304,-5.443766,-30.793334
9.272559,-4.716190,-30.797873
9.908997,-3.893994,-30.795325
10.948853,-3.278753,-30.794639
11.843624,-2.414541,-30.793680
12.246370,-1.270558,-30.794938
12.465388,-0.057736,-30.797218
12.381361,1.149123,-30.791894
11.810052,2.269820,-30.790049
10.663356,3.007742,-30.793297
10.173852,3.921604,-30.790508
9.561089,4.808880,-30.790334
8.865626,5.635259,-30.792256
8.091935,6.445871,-30.794573
7.138653,7.126822,-30.796242
6.055848,7.699785,-30.793083
4.894337,8.057784,-30.790188
3.624794,8.084332,-30.792602
2.446296,7.752731,-30.795197
1.371936,7.087134,-30.796950
0.518076,6.282884,-30.796927
-0.282938,5.421417,-30.793305
-0.940824,4.519657,-30.790038
-1.532719,3.562227,-30.789532
-2.214061,2.642005,-30.790735
-2.641665,1.590173,-30.794390
-2.618692,0.399507,-30.797752
-2.481104,-0.724581,-30.795440
-2.264519,-1.814810,-30.793065
-1.964318,-2.906273,-30.792434
-1.522644,-4.001239,-30.790961
-0.698715,-4.808150,-30.793842
0.176691,-5.592087,-30.796630
0.986165,-6.439670,-30.794806
5.613928,-0.892901,-34.043847
1.083759,-20.333647,30.956153
4.250794,-18.066540,30.956153
6.664079,-15.614201,30.956153
8.383151,-13.178840,30.956153
9.556186,-10.817573,30.956153
10.237015,-8.748753,30.956153
10.583128,-6.947982,30.956153
10.708129,-5.348511,30.956153
10.694144,-4.087954,30.956153
10.601163,-2.945770,30.956153
10.455320,-1.924788,30.956153
10.278450,-1.025250,30.956153
10.058839,-0.135178,30.956153
9.832789,0.634498,30.956153
9.576040,1.394485,30.956153
9.246026,2.249812,30.956153
8.926029,2.985441,30.956153
8.472757,3.911924,30.956153
7.973389,4.814495,30.956153
7.237430,5.976378,30.956153
6.351536,7.174565,30.956153
5.141377,8.553083,30.956153
3.460970,10.113276,30.956153
1.131239,11.783708,30.956153
-1.840849,13.280978,30.956153
-5.488340,14.303461,30.956153
-9.502820,14.432392,30.956153
-13.645565,13.490172,30.956153
-17.525961,11.495814,30.956153
-20.976107,8.466373,30.956153
-23.628190,4.576225,30.956153
-25.161295,0.128223,30.956153
-25.477706,-4.681864,30.956153
-24.634227,-9.312859,30.956153
-22.727069,-13.739969,30.956153
-19.823179,-17.580524,30.956153
-16.162669,-20.553215,30.956153
-11.948349,-22.370492,30.956153
-7.320064,-22.826163,30.956153
-0.275841,-14.905199,27.698860
2.403817,-13.410796,27.706551
4.431118,-12.067817,27.706750
6.038869,-10.686462,27.701181
7.331109,-9.309894,27.702941
8.074114,-7.708948,27.704577
9.366036,-7.514456,27.708705
10.247700,-6.643822,27.703968
10.359734,-5.065755,27.706527
10.462230,-3.877039,27.712256
10.471012,-2.862021,27.712300
10.405438,-1.879523,27.712333
10.360685,-0.940713,27.709382
9.751499,-0.174419,27.703880
8.929939,0.418279,27.705318
9.011162,1.154837,27.706622
9.253721,2.157511,27.702385
8.997136,3.165597,27.705675
8.580869,3.985062,27.710551
8.216923,5.270450,27.707630
7.548966,6.786139,27.708406
6.550735,8.284108,27.712771
5.200475,10.051580,27.710909
3.229302,12.012515,27.705539
0.510971,13.974467,27.702464
-2.899837,15.621405,27.702970
-7.026685,16.586970,27.702039
-11.388616,16.520187,27.701570
-15.853487,15.182021,27.703056
-19.755210,12.727240,27.702280
-22.945804,9.138434,27.699388
-24.314389,4.708457,27.708264
-24.925051,0.100581,27.709100
-24.620460,-4.493270,27.707215
-22.976322,-8.920201,27.709706
-20.886581,-12.879477,27.700908
-17.518380,-16.042130,27.703455
-13.540983,-18.047478,27.706808
-9.128395,-18.741215,27.701606
-4.121151,-17.092033,27.696209
0.061581,-13.933901,24.464015
2.659826,-12.230187,24.459134
4.493216,-10.726043,24.454067
5.908257,-9.260376,24.452063
6.916897,-8.068776,24.450029
7.578188,-6.602144,24.454779
8.840900,-6.726619,24.460534
9.814089,-6.140342,24.457969
9.990463,-4.885570,24.457117
10.171633,-3.805770,24.452256
10.266213,-2.776282,24.452009
10.275885,-1.891530,24.457038
10.288083,-0.925539,24.458091
9.524446,-0.211945,24.462223
8.734024,0.331754,24.458830
8.903467,1.095531,24.455304
9.288755,2.195567,24.454807
9.063118,3.208792,24.452562
8.653522,4.055397,24.451455
8.326061,5.606467,24.458037
7.704691,7.290019,24.458143
6.702484,8.961787,24.453427
5.224100,11.102092,24.454246
3.055670,13.407174,24.454164
0.034211,15.632707,24.450805
-3.770646,17.388596,24.451260
-8.114011,18.227227,24.459700
-12.767539,17.947811,24.461228
-17.349163,16.335920,24.461868
-21.255121,13.553410,24.459565
-24.234955,9.682812,24.449388
-25.394576,4.990996,24.458832
-25.563358,0.160324,24.459763
-24.671384,-4.560965,24.455485
-22.596616,-8.756961,24.460542
-20.068298,-12.539135,24.458742
-16.537418,-15.307142,24.456963
-12.358828,-16.968484,24.452754
-8.013681,-17.352550,24.450383
-3.501214,-15.949973,24.459113
0.106298,-13.968406,21.207758
2.613682,-12.315263,21.202996
4.498439,-10.652990,21.203865
5.869104,-9.118505,21.206772
6.836389,-7.875708,21.202819
7.461134,-6.388555,21.212426
8.520786,-6.291045,21.208224
9.406207,-5.652334,21.205367
9.627089,-4.554935,21.211849
9.852938,-3.577419,21.205602
9.997811,-2.662575,21.204518
10.053849,-1.770347,21.204410
10.105933,-1.040877,21.198630
9.581069,-0.210581,21.204490
8.867613,0.369875,21.210547
9.009093,1.129361,21.206318
9.319168,2.254227,21.204999
9.112959,3.195362,21.205307
8.689708,4.166963,21.205571
8.397626,5.624481,21.207261
7.805491,7.459124,21.204273
6.760465,9.388449,21.201037
5.210803,11.787383,21.207540
2.927284,14.341718,21.211291
-0.279913,16.761573,21.207257
-4.241909,18.552967,21.201939
-8.873412,19.329603,21.201084
-13.667564,18.871016,21.201735
-18.258466,17.100352,21.207505
-22.180804,14.103684,21.212910
-25.094288,9.985736,21.207644
-26.448652,5.142814,21.202128
-26.440926,0.194572,21.206906
-25.196758,-4.548749,21.208594
-22.814984,-8.868970,21.199302
-19.864721,-12.378511,21.197878
-16.120192,-14.987965,21.202821
-11.886933,-16.490769,21.207030
-7.562010,-16.755737,21.208672
-3.342823,-15.680971,21.209740
-0.132630,-14.495672,17.954343
2.503041,-12.844779,17.955782
4.474846,-11.096288,17.953151
5.918586,-9.462946,17.949562
6.925640,-8.071299,17.952688
7.562089,-6.691258,17.953977
8.355524,-6.051487,17.955114
8.965413,-5.274613,17.956602
9.253698,-4.259168,17.960508
9.497006,-3.381105,17.959056
9.663806,-2.592008,17.951584
9.761124,-1.802680,17.953023
9.844260,-0.983555,17.958819
9.649651,-0.241417,17.955477
9.227294,0.431345,17.952209
9.243425,1.255174,17.954346
9.321166,2.292062,17.957127
9.118404,3.166423,17.956952
8.715890,4.254236,17.954830
8.387627,5.708121,17.952766
7.826825,7.448469,17.950749
6.812537,9.518811,17.949899
5.251740,12.059394,17.951798
2.862581,14.845192,17.952393
-0.510706,17.440136,17.956809
-4.607806,19.249576,17.960518
-9.267972,19.946976,17.950447
-14.173466,19.359775,17.955639
-18.752923,17.490426,17.957125
-22.711124,14.350594,17.950652
-25.561070,10.170651,17.955648
-27.092433,5.339961,17.951582
-27.050581,0.186563,17.952580
-25.611326,-4.675167,17.956183
-23.157442,-8.954002,17.953496
-19.822661,-12.436564,17.953435
-15.959827,-14.941246,17.951522
-11.714584,-16.334065,17.951136
-7.342558,-16.547265,17.953122
-3.467602,-15.831788,17.953714
-0.303885,-15.065330,14.701481
2.452061,-13.415669,14.706506
4.453121,-11.661215,14.707927
5.982165,-9.939617,14.701377
7.031991,-8.426388,14.698898
7.810730,-7.137289,14.707771
8.211622,-5.820352,14.708649
8.541880,-4.839491,14.704331
8.878692,-3.981400,14.702928
9.111982,-3.208953,14.704335
9.304938,-2.426124,14.709996
9.426510,-1.745082,14.704411
9.488357,-0.941348,14.705220
9.563094,-0.253746,14.714520
9.655876,0.544112,14.709249
9.532828,1.343860,14.702558
9.308408,2.239175,14.709865
9.065079,3.126772,14.709543
8.756054,4.237705,14.700968
8.380168,5.568259,14.704504
7.789329,7.314741,14.710138
6.806243,9.527307,14.709342
5.262032,12.097297,14.705385
2.808599,15.009609,14.700815
-0.556387,17.640723,14.701040
-4.674621,19.462193,14.704828
-9.361660,20.136757,14.705111
-14.280904,19.489557,14.706150
-18.866636,17.563899,14.702485
-22.821925,14.390248,14.700010
-25.686777,10.192036,14.708743
-27.333191,5.364285,14.710399
-27.332991,0.203272,14.703132
-25.885270,-4.698594,14.703094
-23.437980,-8.999997,14.711347
-19.933410,-12.504843,14.709333
-16.015890,-14.994941,14.711257
-11.757599,-16.327347,14.714352
-7.342163,-16.543505,14.711126
-3.609994,-16.108108,14.704455
-0.483760,-15.477978,11.450078
2.290327,-13.893070,11.451980
4.478566,-11.978200,11.455486
6.005822,-10.258592,11.459497
7.118717,-8.651485,11.459112
7.914204,-7.472009,11.456222
7.991671,-5.435533,11.460707
8.198416,-4.441142,11.454873
8.512189,-3.692484,11.456081
8.758179,-2.924009,11.459438
8.930440,-2.253618,11.463049
9.073931,-1.577524,11.457642
9.130687,-0.997584,11.454606
9.404368,-0.254390,11.454075
9.900194,0.648208,11.452510
9.748238,1.454470,11.457613
9.247351,2.239696,11.453397
8.962775,3.094202,11.455650
8.769928,4.251191,11.460738
8.300327,5.552518,11.451862
7.693483,7.173657,11.451980
6.779443,9.413800,11.463745
5.226428,11.984813,11.460512
2.840880,14.814275,11.451202
-0.509828,17.462557,11.453863
-4.634413,19.286284,11.462197
-9.213724,19.940216,11.454276
-14.021260,19.296570,11.455310
-18.608404,17.361629,11.456569
-22.497176,14.280502,11.451206
-25.432034,10.126260,11.450863
-27.175892,5.327695,11.450985
-27.275971,0.162920,11.456088
-25.951316,-4.661070,11.456869
-23.569801,-9.004753,11.450306
-20.086321,-12.535397,11.453160
-16.171156,-15.054354,11.460659
-11.802569,-16.381780,11.457884
-7.369634,-16.592311,11.448705
-3.716924,-16.319824,11.447798
-0.372867,-15.259519,8.199649
2.424542,-13.577269,8.205739
4.474077,-11.739502,8.211160
5.969375,-10.035143,8.210968
7.056191,-8.446989,8.205966
7.856504,-7.281914,8.207522
7.732900,-5.063958,8.203515
7.893473,-4.083576,8.203056
8.155788,-3.448600,8.203973
8.369161,-2.801484,8.206537
8.546185,-2.142369,8.212877
8.684289,-1.592303,8.207820
8.806631,-0.914189,8.204538
9.215597,-0.250324,8.202340
9.854024,0.677894,8.200554
9.707439,1.478752,8.208405
9.194495,2.101346,8.206842
8.884007,3.025465,8.207187
8.743432,4.301904,8.211746
8.233742,5.446331,8.210300
7.632327,6.922258,8.210041
6.721593,9.247032,8.212178
5.219426,11.668446,8.209638
2.920653,14.356495,8.204783
-0.284422,16.901715,8.206618
-4.341942,18.721173,8.212291
-8.852735,19.389929,8.206982
-13.590699,18.751654,8.205544
-18.004799,16.886414,8.207686
-21.865960,13.880729,8.205736
-24.835546,9.841338,8.200902
-26.618721,5.142235,8.203621
-26.856691,0.157588,8.210233
-25.706918,-4.628569,8.213240
-23.379001,-9.053702,8.209684
-20.091211,-12.520555,8.205233
-16.156784,-15.093545,8.211199
-11.730106,-16.403068,8.210290
-7.357727,-16.553130,8.200350
-3.649528,-16.198476,8.197320
0.078508,-14.092715,4.954651
2.627548,-12.390012,4.953894
4.505604,-10.690334,4.954863
5.874561,-9.121998,4.955235
6.862010,-7.683090,4.956011
7.574152,-6.653469,4.960318
7.500136,-4.737519,4.953293
7.614803,-3.782902,4.959110
7.855777,-3.166326,4.962662
8.055298,-2.539853,4.954929
8.195618,-2.009573,4.960897
8.348154,-1.483552,4.961177
8.489083,-0.949164,4.953256
8.923452,-0.328990,4.954190
9.538262,0.567496,4.960130
9.452748,1.345943,4.951647
9.040599,2.001074,4.952917
8.832702,2.932574,4.956730
8.721849,4.258072,4.956487
8.188877,5.348952,4.954808
7.576901,6.764977,4.955505
6.674298,8.992209,4.959461
5.240446,11.209590,4.961360
2.979562,13.765901,4.962113
-0.051664,16.117507,4.961491
-3.972089,17.858594,4.958597
-8.322037,18.510468,4.954625
-12.785823,17.918784,4.954280
-17.044500,16.131835,4.951937
-20.803961,13.270304,4.951581
-23.766633,9.449134,4.958523
-25.558028,4.954226,4.952283
-25.967629,0.140801,4.952236
-25.017213,-4.606664,4.957528
-22.915697,-8.836014,4.957107
-19.782421,-12.368404,4.957095
-15.925175,-14.930338,4.952247
-11.634896,-16.223231,4.953235
-7.215442,-16.272457,4.959285
-3.285920,-15.489507,4.957991
0.782356,-12.043334,1.712446
3.026604,-10.352144,1.704832
4.568182,-8.984697,1.700933
5.680116,-7.762492,1.703705
6.521307,-6.601973,1.705464
7.128421,-5.730798,1.704320
7.274410,-4.440269,1.702420
7.371436,-3.529074,1.709032
7.586860,-2.946463,1.708470
7.740885,-2.454795,1.704158
7.876726,-1.957319,1.712019
8.039056,-1.468406,1.704167
8.256636,-0.888809,1.700062
8.685402,-0.307468,1.705622
9.065220,0.417397,1.707298
9.071903,1.148687,1.704318
8.860211,1.946299,1.707252
8.812099,2.975883,1.708519
8.704176,4.194545,1.705650
8.183673,5.327220,1.702842
7.547537,6.749649,1.700538
6.644892,8.703136,1.702551
5.167572,10.825546,1.710662
3.111429,13.010062,1.712414
0.208548,15.151575,1.708774
-3.400133,16.705563,1.707220
-7.489000,17.322121,1.707799
-11.686205,16.767424,1.707777
-15.684406,15.082413,1.704970
-19.239232,12.412765,1.704854
-22.098706,8.879495,1.710088
-23.841140,4.687337,1.705116
-24.398582,0.163229,1.706520
-23.665588,-4.416283,1.707866
-21.698714,-8.521320,1.700851
-18.825591,-11.912611,1.705278
-15.129413,-14.367255,1.709232
-10.954253,-15.605928,1.709300
-6.523815,-15.483235,1.710441
-2.446459,-14.011838,1.713974
1.740235,-9.430859,-1.542108
3.423664,-8.043637,-1.541302
4.631423,-7.025104,-1.542087
5.477786,-6.162651,-1.544636
6.141739,-5.381074,-1.538489
6.606938,-4.685767,-1.541384
6.966870,-3.929037,-1.544321
7.183034,-3.314669,-1.537814
7.361759,-2.785766,-1.547114
7.529563,-2.253267,-1.547987
7.663973,-1.807915,-1.542205
7.835435,-1.375232,-1.539650
8.024678,-0.950195,-1.544544
8.307069,-0.363406,-1.540681
8.542607,0.245933,-1.541650
8.688402,0.974207,-1.548490
8.725262,1.811758,-1.549157
8.788204,2.935670,-1.549133
8.701905,4.129525,-1.548197
8.233045,5.450682,-1.544407
7.594438,6.805504,-1.544659
6.619732,8.490930,-1.548899
5.192277,10.333282,-1.550010
3.176726,12.272714,-1.542602
0.546013,14.033975,-1.537927
-2.747936,15.342934,-1.541875
-6.447110,15.838761,-1.542982
-10.226355,15.278476,-1.545189
-13.810163,13.700529,-1.545982
-17.058946,11.189030,-1.543798
-19.604723,7.971658,-1.543656
-21.118733,4.169522,-1.547370
-21.617201,-0.016025,-1.547272
-20.969200,-4.050215,-1.545941
-19.139764,-7.732736,-1.546901
-16.416690,-10.809023,-1.543438
-13.024644,-12.915648,-1.544101
-9.208516,-13.952722,-1.544987
-5.229520,-13.734160,-1.542596
-1.192997,-11.734200,-1.542148
2.546630,-7.112615,-4.808018
3.827556,-5.987838,-4.798076
4.689305,-5.282106,-4.788394
5.318241,-4.674483,-4.794438
5.827951,-4.183812,-4.796527
6.163788,-3.720038,-4.792827
6.566773,-3.341311,-4.794374
7.040619,-3.209433,-4.796868
7.205998,-2.638972,-4.796037
7.363234,-2.192598,-4.792341
7.492942,-1.817866,-4.794031
7.687795,-1.382069,-4.795579
7.877975,-0.948805,-4.790957
7.887807,-0.393323,-4.788715
8.084948,0.121297,-4.788933
8.424714,0.851097,-4.788964
8.621589,1.784017,-4.787825
8.729730,2.812124,-4.789158
8.697115,4.161883,-4.792282
8.342308,5.632682,-4.793339
7.642402,6.964741,-4.792365
6.584819,8.364395,-4.790966
5.193296,9.886422,-4.790339
3.297595,11.455553,-4.789388
0.885564,12.841259,-4.791904
-2.054059,13.827897,-4.795980
-5.303842,14.113717,-4.793864
-8.572428,13.447211,-4.794923
-11.548326,11.927972,-4.797529
-14.189093,9.628442,-4.795778
-16.165601,6.739674,-4.790415
-17.153793,3.393540,-4.790217
-17.203807,-0.121088,-4.793827
-16.310373,-3.491936,-4.796498
-14.501698,-6.399668,-4.795755
-11.989252,-8.725923,-4.792665
-9.039137,-10.258136,-4.791131
-5.985157,-10.946002,-4.791358
-2.894912,-10.750148,-4.794856
0.265316,-9.079622,-4.807133
3.113952,-5.533293,-8.041952
4.105287,-4.645152,-8.041195
4.697357,-4.125952,-8.039127
5.183406,-3.695006,-8.040627
5.552894,-3.324866,-8.048125
5.887162,-3.024222,-8.039182
6.136349,-2.721506,-8.037636
6.915108,-3.061856,-8.040857
7.093540,-2.600565,-8.041650
7.272189,-2.187983,-8.040656
7.450130,-1.770250,-8.040262
7.663234,-1.355170,-8.050822
7.763244,-0.889277,-8.046408
7.544517,-0.444274,-8.044013
7.856215,0.084329,-8.048091
8.302079,0.805179,-8.051126
8.535593,1.724698,-8.049526
8.664883,2.810759,-8.049413
8.705059,4.201939,-8.047702
8.465654,5.753146,-8.041800
7.674090,7.070377,-8.042443
6.563296,8.201045,-8.043130
5.149196,9.440193,-8.039299
3.360983,10.623650,-8.046409
1.225328,11.595720,-8.046469
-1.303053,12.223674,-8.037059
-4.041824,12.248947,-8.041790
-6.720201,11.443784,-8.045917
-9.032677,9.970715,-8.047249
-10.981926,7.866420,-8.047298
-12.229263,5.352136,-8.044636
-12.543069,2.510044,-8.044759
-12.002170,-0.251757,-8.046911
-10.772938,-2.763561,-8.046002
-8.984076,-4.834128,-8.040961
-6.918808,-6.323957,-8.040217
-4.635772,-7.250099,-8.042995
-2.439204,-7.602781,-8.043733
-0.342325,-7.492621,-8.040461
1.603048,-6.694196,-8.040251
3.530255,-4.386435,-11.285994
4.247438,-3.914647,-11.281203
4.757999,-3.524519,-11.286862
5.125872,-3.217123,-11.297695
5.444115,-2.929845,-11.298490
5.731352,-2.698055,-11.299358
5.994004,-2.501199,-11.289670
6.853389,-2.936818,-11.294676
7.076636,-2.544838,-11.294447
7.284085,-2.175244,-11.297920
7.487211,-1.801029,-11.297922
7.714137,-1.362851,-11.288808
7.786020,-0.891821,-11.292064
7.480539,-0.494062,-11.298615
7.793376,0.057179,-11.291036
8.215225,0.762551,-11.288240
8.460688,1.644855,-11.296559
8.610224,2.733264,-11.301291
8.703223,4.163721,-11.301187
8.498458,5.871389,-11.300498
7.648461,7.053657,-11.298574
6.492568,7.970029,-11.295846
5.125466,8.886092,-11.293397
3.502331,9.692358,-11.292969
1.618929,10.303913,-11.291226
-0.552566,10.592369,-11.290875
-2.734875,10.362546,-11.295529
-4.843897,9.459243,-11.291387
-6.593371,8.038990,-11.288601
-7.898753,6.212720,-11.291589
-8.593326,4.015596,-11.292115
-8.486047,1.721376,-11.294579
-7.680889,-0.439273,-11.295753
-6.428184,-2.236868,-11.294142
-4.898222,-3.651093,-11.293721
-3.299246,-4.628331,-11.294887
-1.635546,-5.208419,-11.295219
-0.039292,-5.377044,-11.295224
1.398915,-5.226269,-11.299269
2.623824,-4.846306,-11.296823
3.833304,-3.531020,-14.537781
4.315825,-3.410674,-14.536120
4.739351,-3.276396,-14.536891
5.124174,-3.064559,-14.541997
5.416375,-2.857292,-14.543501
5.721700,-2.678632,-14.538353
6.007821,-2.541168,-14.544543
6.797772,-2.900832,-14.549693
7.065360,-2.571167,-14.550626
7.356272,-2.182004,-14.543279
7.601666,-1.812007,-14.547649
7.832730,-1.368762,-14.549121
7.936405,-0.912065,-14.544190
7.635783,-0.479712,-14.540930
7.807701,0.039894,-14.538268
8.140134,0.728733,-14.540570
8.389797,1.594012,-14.547067
8.559216,2.673606,-14.545672
8.665873,4.148591,-14.544027
8.456565,5.751364,-14.550111
7.581618,6.823320,-14.544645
6.425088,7.563228,-14.541739
5.114413,8.208888,-14.548333
3.637836,8.704086,-14.547646
1.965976,9.011571,-14.541302
0.228460,9.003369,-14.539774
-1.543893,8.542291,-14.545079
-3.085634,7.644631,-14.540625
-4.385769,6.348140,-14.539729
-5.284340,4.756054,-14.546306
-5.640415,2.958053,-14.544975
-5.424139,1.135830,-14.539842
-4.705987,-0.496862,-14.540721
-3.627543,-1.865588,-14.547343
-2.418638,-2.928242,-14.548694
-1.196130,-3.654153,-14.549256
0.026108,-4.087786,-14.549124
1.144913,-4.253986,-14.544911
2.281735,-4.105263,-14.540811
3.194611,-3.750565,-14.539587
4.036805,-3.037985,-17.785312
4.407111,-3.088571,-17.795880
4.747015,-3.179450,-17.803383
5.107626,-3.136876,-17.794801
5.458823,-2.979422,-17.790873
5.777111,-2.863986,-17.792858
6.133602,-2.732223,-17.794772
6.751399,-2.861420,-17.794035
7.080127,-2.578114,-17.790479
7.418930,-2.223830,-17.788191
7.701908,-1.866695,-17.792770
7.951598,-1.395362,-17.800549
8.071350,-0.918667,-17.800050
7.888481,-0.419547,-17.793614
7.901111,0.073852,-17.794669
8.063992,0.709009,-17.795920
8.298414,1.540758,-17.794030
8.488537,2.613480,-17.794339
8.564067,4.019132,-17.792617
8.272491,5.476049,-17.786675
7.405941,6.399013,-17.787503
6.309117,6.985782,-17.793830
5.095985,7.405212,-17.797747
3.754416,7.659585,-17.790239
2.342908,7.723082,-17.788105
0.922283,7.492509,-17.794139
-0.397608,6.899994,-17.798453
-1.591130,6.018163,-17.798828
-2.542668,4.926795,-17.792932
-3.194523,3.596150,-17.787734
-3.400082,2.165224,-17.792918
-3.211653,0.723306,-17.792559
-2.665486,-0.567293,-17.790894
-1.835118,-1.655752,-17.796010
-0.989018,-2.488903,-17.796984
-0.096169,-3.118268,-17.792419
0.842042,-3.526605,-17.786795
1.673161,-3.756108,-17.786693
2.543854,-3.744223,-17.786891
3.514004,-3.219533,-17.780531
4.018888,-3.042268,-21.051682
4.379127,-3.133848,-21.045276
4.748661,-3.307540,-21.037576
5.134367,-3.316899,-21.039486
5.525687,-3.233747,-21.045166
5.898266,-3.105262,-21.043254
6.266147,-2.959028,-21.048342
6.657567,-2.785673,-21.037405
7.093786,-2.561917,-21.047371
7.443002,-2.258227,-21.046751
7.775384,-1.891923,-21.045600
8.028779,-1.429147,-21.045573
8.137412,-0.912677,-21.043806
8.126590,-0.384481,-21.047631
7.992736,0.093592,-21.049147
7.968333,0.675052,-21.048751
8.149312,1.430307,-21.047823
8.361568,2.499454,-21.046703
8.367834,3.761251,-21.047945
7.983240,4.926485,-21.048371
7.197175,5.723083,-21.041868
6.176118,6.217028,-21.037477
5.050497,6.468768,-21.040114
3.898861,6.539848,-21.045698
2.704920,6.447546,-21.050244
1.581098,6.088362,-21.050892
0.585110,5.432713,-21.048000
-0.316293,4.652450,-21.045286
-1.046455,3.758233,-21.044429
-1.549055,2.679088,-21.045725
-1.722800,1.535900,-21.047540
-1.614469,0.410770,-21.044698
-1.255095,-0.615010,-21.042094
-0.691997,-1.506112,-21.044760
-0.124106,-2.247743,-21.042470
0.471325,-2.855862,-21.038912
1.158864,-3.298165,-21.039943
1.844546,-3.615943,-21.037948
2.558427,-3.723970,-21.036429
3.482168,-3.248080,-21.049027
3.940500,-3.291092,-24.298014
4.329857,-3.365601,-24.302044
4.753534,-3.501049,-24.301412
5.156680,-3.535010,-24.290572
5.589759,-3.478100,-24.289214
5.988690,-3.312299,-24.288506
6.361953,-3.080129,-24.291959
6.556808,-2.665028,-24.293397
7.040754,-2.522552,-24.291278
7.410356,-2.242244,-24.294240
7.776461,-1.871978,-24.292604
8.019420,-1.411330,-24.300012
8.086424,-0.924502,-24.291472
8.229417,-0.376992,-24.294832
7.981033,0.088445,-24.288654
7.810097,0.575401,-24.291472
7.901659,1.262384,-24.303690
8.132824,2.290378,-24.301788
8.041705,3.322185,-24.298498
7.574698,4.182491,-24.301836
6.865503,4.880818,-24.301261
5.994354,5.250221,-24.296882
5.034936,5.352645,-24.291922
4.053106,5.305327,-24.289427
3.100068,5.139064,-24.290741
2.224604,4.718877,-24.295079
1.509225,4.074829,-24.296947
0.833212,3.434971,-24.291077
0.247257,2.721699,-24.292527
-0.148228,1.911363,-24.300951
-0.339279,1.031910,-24.299767
-0.322600,0.159900,-24.294105
-0.124537,-0.657485,-24.288526
0.203312,-1.396503,-24.284426
0.517901,-2.055437,-24.289707
0.861755,-2.688838,-24.297096
1.320209,-3.197601,-24.291789
1.842571,-3.619092,-24.291900
2.474064,-3.852151,-24.299113
3.364588,-3.476170,-24.297368
3.852186,-3.491422,-27.549529
4.323362,-3.489060,-27.547948
4.739974,-3.559601,-27.544039
5.179849,-3.631157,-27.540490
5.618416,-3.554504,-27.540653
6.014627,-3.353508,-27.540125
6.370167,-3.080570,-27.541006
6.411357,-2.516248,-27.544469
6.887593,-2.416341,-27.546693
7.275025,-2.151475,-27.541008
7.609618,-1.822135,-27.547094
7.819998,-1.377315,-27.548838
7.867517,-0.907952,-27.537274
8.086100,-0.408243,-27.548473
7.708265,0.024547,-27.539860
7.474370,0.439971,-27.546117
7.508862,1.012140,-27.552442
7.753829,1.936601,-27.542260
7.520760,2.639457,-27.541227
7.051815,3.240417,-27.544531
6.498007,3.804027,-27.542381
5.757381,4.021760,-27.538286
4.975112,3.974412,-27.540988
4.248832,3.838349,-27.547630
3.516908,3.652524,-27.546447
2.923696,3.243873,-27.545623
2.459276,2.684049,-27.548520
1.976896,2.219876,-27.549723
1.530861,1.728174,-27.548794
1.208007,1.168533,-27.545908
0.996298,0.557780,-27.541095
0.923024,-0.079592,-27.536617
0.982317,-0.696739,-27.536336
1.110341,-1.276094,-27.542453
1.227941,-1.859021,-27.543207
1.329578,-2.469682,-27.536534
1.554502,-3.031577,-27.546860
1.898588,-3.556358,-27.549156
2.407221,-3.931152,-27.536862
3.250219,-3.694023,-27.543704
3.884588,-3.404109,-30.787902
4.363691,-3.266686,-30.793923
4.755161,-3.241090,-30.798449
5.149153,-3.322317,-30.797993
5.546355,-3.270705,-30.800740
5.895702,-3.068904,-30.791418
6.231325,-2.891546,-30.798270
6.212876,-2.289243,-30.792656
6.599162,-2.193250,-30.793684
6.916611,-1.973486,-30.788239
7.189057,-1.672209,-30.793301
7.311292,-1.292927,-30.795542
7.400361,-0.904288,-30.790332
7.505191,-0.480817,-30.793325
7.009144,-0.174393,-30.791963
6.851391,0.137575,-30.790424
7.003362,0.661949,-30.791690
7.000240,1.230194,-30.794845
6.708775,1.611192,-30.795840
6.403040,2.045538,-30.793231
5.967235,2.338646,-30.789789
5.416751,2.280371,-30.790534
4.912528,2.096279,-30.794418
4.481072,1.973689,-30.792969
4.061355,1.833346,-30.788067
3.765306,1.452927,-30.789867
3.524901,1.095843,-30.793906
3.233296,0.869651,-30.794618
2.954778,0.629433,-30.792034
2.733678,0.332781,-30.788600
2.551243,0.008336,-30.788934
2.413371,-0.351934,-30.792310
2.351753,-0.732962,-30.794684
2.333870,-1.121260,-30.794878
2.319717,-1.544236,-30.792426
2.285611,-2.005524,-30.787840
2.285523,-2.533021,-30.790552
2.410977,-3.083665,-30.799449
2.704221,-3.557517,-30.796921
3.296213,-3.605080,-30.788917
5.549091,-1.458499,-34.043847
