34.098665,-1.042982,40.481126
33.233469,4.532584,40.481126
31.906509,9.819554,40.481126
30.015120,14.715422,40.481126
27.377583,19.025972,40.481126
23.790389,22.303353,40.481126
19.149359,24.266632,40.481126
14.310908,24.771864,40.481126
9.881576,24.477606,40.481126
6.301566,23.866686,40.481127
3.160700,23.118058,40.481127
0.638505,22.397666,40.481127
-1.666820,21.657071,40.481127
-3.758739,20.915331,40.481127
-5.638622,20.182216,40.481127
-7.493618,19.388221,40.481126
-9.500299,18.439696,40.481126
-11.642341,17.310721,40.481126
-13.728053,16.080622,40.481126
-16.245639,14.400478,40.481126
-18.810059,12.438534,40.481126
-21.827095,9.757190,40.481126
-25.147867,6.234361,40.481126
-28.562811,1.460235,40.481126
-30.803037,-4.167101,40.481126
-31.022463,-10.237489,40.481126
-29.216959,-15.813517,40.481126
-25.988864,-20.943014,40.481126
-21.944151,-25.982895,40.481126
-17.377486,-30.830990,40.481126
-11.658092,-34.997843,40.481126
-4.867916,-37.585099,40.481127
2.367890,-38.410929,40.481127
9.599586,-37.659002,40.481127
16.529597,-35.456848,40.481126
22.855158,-31.869780,40.481126
28.197273,-26.909605,40.481126
31.887690,-20.901376,40.481126
33.865601,-14.063015,40.481126
36.306353,-8.263033,36.242138
36.327221,-1.614526,36.224590
35.048647,4.475076,36.218504
32.534467,9.953093,36.228858
28.914811,14.489192,36.239700
24.656077,17.809922,36.237991
20.283833,20.215183,36.234562
16.217908,21.723851,36.233117
12.409288,22.811856,36.230072
9.152978,23.515012,36.227603
6.073608,23.358453,36.235742
3.199937,22.826445,36.233093
0.607359,22.123504,36.230054
-1.535253,21.333723,36.239026
-3.517906,20.724349,36.239959
-5.759423,20.291362,36.231576
-8.016237,20.045503,36.223958
-9.987868,18.888195,36.233481
-11.936272,17.684799,36.239181
-13.969840,16.277044,36.232259
-16.237519,14.451619,36.224022
-18.873986,12.437222,36.235311
-21.791735,9.791157,36.232626
-24.914885,6.183342,36.220997
-28.089300,1.560931,36.222412
-30.835446,-4.252825,36.229679
-31.880713,-10.819578,36.232220
-30.886883,-17.187421,36.230227
-27.952130,-23.368225,36.229141
-23.837278,-28.856645,36.234400
-18.787546,-34.071385,36.238307
-12.527109,-38.532690,36.224920
-5.326516,-41.185861,36.225229
2.545010,-41.903592,36.230334
10.140133,-40.749528,36.231356
17.431373,-37.730661,36.231341
23.633164,-33.200455,36.224005
28.654391,-27.671113,36.231966
32.467983,-21.460267,36.245734
35.037762,-14.824773,36.249818
37.336854,-8.579528,31.988318
37.498750,-2.016187,31.976739
35.797260,4.313027,31.976032
32.068800,9.964008,31.984816
27.235306,14.071992,31.983212
22.274453,16.894361,31.976670
18.022678,18.793232,31.986335
14.231333,20.063439,31.988755
11.008601,21.121883,31.985120
8.405286,22.084768,31.983956
5.510003,22.307984,31.973352
2.966283,21.983460,31.977741
0.511152,21.423140,31.989029
-1.461230,20.654273,31.984546
-3.511976,20.148070,31.989474
-5.633776,20.082969,31.978569
-7.926015,20.114734,31.972987
-9.931619,18.903645,31.983002
-11.914203,17.678910,31.983930
-13.947159,16.203974,31.982467
-16.059334,14.432160,31.982195
-18.774230,12.417956,31.977537
-21.781188,9.764171,31.973465
-24.799481,6.224442,31.971439
-27.864067,1.661356,31.969404
-30.774131,-4.206473,31.972324
-32.339833,-11.006216,31.986866
-31.926362,-18.200700,31.988323
-29.367258,-24.900436,31.987394
-25.199794,-30.782957,31.988122
-19.631508,-36.266514,31.983471
-13.112255,-40.596535,31.986376
-5.565139,-43.362597,31.977332
2.648065,-44.135927,31.973925
10.585317,-42.797430,31.978873
18.056131,-39.296695,31.978011
24.119666,-34.031855,31.983008
29.032982,-27.950752,31.986424
32.813213,-21.803163,31.989353
35.726901,-15.169171,31.992168
37.542365,-8.788756,27.724954
37.694353,-1.955097,27.737428
35.519261,4.493035,27.743541
31.195383,9.782560,27.736913
25.587924,13.666133,27.732811
20.406915,16.150491,27.738651
16.224532,17.739695,27.735173
12.550066,18.798559,27.725965
9.691541,19.647718,27.721979
7.294984,20.603627,27.726770
5.023933,20.957234,27.730937
2.664111,20.786727,27.730509
0.376609,20.373197,27.732730
-1.420879,19.697243,27.732773
-3.301361,19.343782,27.720264
-5.441817,19.502859,27.723687
-7.724386,19.588076,27.733796
-9.609318,18.528950,27.736947
-11.643280,17.369516,27.735345
-13.709878,15.904121,27.734756
-15.726768,14.321204,27.733759
-18.532755,12.393413,27.726844
-21.609294,9.773699,27.722939
-24.687230,6.239401,27.731341
-27.797385,1.659275,27.737323
-30.762555,-4.233829,27.725209
-32.638592,-11.226774,27.736201
-32.699045,-18.706411,27.739358
-30.375711,-25.990650,27.739456
-26.004718,-32.320388,27.741603
-20.224009,-37.668319,27.739011
-13.331642,-41.910667,27.738172
-5.494455,-44.685913,27.731981
2.771905,-45.483310,27.729737
10.976790,-44.057340,27.735520
18.419904,-40.351872,27.737749
24.417828,-34.616239,27.726700
29.111999,-28.288530,27.725523
32.932354,-21.859302,27.726724
35.825692,-15.397721,27.723222
37.081504,-8.571295,23.483952
37.089062,-1.953939,23.476029
34.599481,4.566911,23.481426
29.821058,9.742642,23.489475
24.034615,13.315720,23.480970
18.767100,15.574266,23.471607
14.733166,16.905181,23.479626
11.230480,17.761699,23.489433
8.539802,18.369807,23.488175
6.509853,19.037994,23.479850
4.234753,19.425957,23.473782
2.310911,19.362322,23.476173
0.422526,19.136883,23.479206
-1.396975,18.545926,23.482328
-3.079842,18.332076,23.487800
-4.990985,18.553366,23.482042
-7.271622,18.677564,23.485181
-9.034602,17.866653,23.486076
-11.136609,16.857184,23.485214
-13.108958,15.631822,23.488807
-15.413881,14.098963,23.487981
-18.291026,12.301457,23.474601
-21.401411,9.732881,23.470663
-24.544815,6.274024,23.478216
-27.710820,1.751288,23.479910
-30.697811,-4.112388,23.469200
-32.813983,-11.238817,23.469842
-33.228370,-19.115989,23.475213
-31.020747,-26.861372,23.487344
-26.683775,-33.187976,23.486787
-20.600470,-38.495684,23.470406
-13.606712,-42.523317,23.469977
-5.568322,-45.297040,23.475003
2.670593,-46.160767,23.479263
11.072949,-44.768752,23.480978
18.660069,-40.917656,23.477413
24.652501,-34.904730,23.471529
29.230389,-28.255343,23.477891
32.818197,-21.720253,23.486978
35.528226,-15.203430,23.488709
36.056500,-8.014249,19.242988
35.727639,-1.471047,19.231772
33.097721,4.676645,19.228920
28.207719,9.657157,19.237144
22.599466,12.969892,19.237889
17.539779,15.027573,19.233777
13.509497,16.208298,19.234796
10.217924,16.877096,19.235407
7.727291,17.246017,19.231956
5.449674,17.651408,19.236872
3.576610,17.837114,19.230563
1.892156,17.827991,19.226954
0.224206,17.683142,19.240090
-1.409277,17.285783,19.234092
-2.874058,17.176299,19.237604
-4.549307,17.368668,19.237320
-6.412276,17.534647,19.229731
-8.230064,16.974969,19.241637
-10.412177,16.224891,19.226191
-12.496741,15.244978,19.221242
-14.922043,13.977690,19.222361
-18.002611,12.188434,19.222531
-21.138396,9.715090,19.232271
-24.482332,6.227405,19.235873
-27.649914,1.781320,19.227462
-30.686193,-4.215538,19.220764
-32.882675,-11.236699,19.228582
-33.538219,-19.430404,19.231320
-31.527905,-27.156193,19.234523
-27.000026,-33.744547,19.234758
-20.813949,-38.815100,19.229987
-13.608500,-42.710900,19.228537
-5.628265,-45.353227,19.228265
2.732500,-46.265572,19.234469
11.249528,-44.897503,19.238004
18.746713,-41.062899,19.229416
24.667688,-35.103371,19.225334
29.148879,-28.241470,19.225410
32.489510,-21.433248,19.231450
34.889453,-14.653003,19.241136
34.536073,-7.401018,14.969419
33.807352,-1.003502,14.981918
31.129162,4.769050,14.984055
26.426675,9.469729,14.976220
21.102312,12.631585,14.983122
16.311611,14.562783,14.985642
12.532489,15.588772,14.980137
9.275943,16.116817,14.976073
6.808896,16.359529,14.984381
4.749768,16.325922,14.992213
2.896339,16.257016,14.985401
1.451937,16.280449,14.975554
0.012205,16.194396,14.981404
-1.215533,16.038550,14.986297
-2.450476,15.964223,14.974078
-3.893144,16.024658,14.983352
-5.738894,16.139462,14.984946
-7.365948,15.839943,14.973114
-9.607967,15.499013,14.987106
-11.994605,14.846467,14.972117
-14.661834,13.736594,14.974660
-17.544669,12.132146,14.979653
-20.873383,9.690493,14.970573
-24.384284,6.197681,14.977851
-27.487992,1.824218,14.984100
-30.466585,-4.072793,14.982185
-32.827681,-11.343404,14.978644
-33.605235,-19.582081,14.982237
-31.641960,-27.409251,14.978832
-26.992301,-33.968302,14.974226
-20.746491,-38.765439,14.974642
-13.581874,-42.424860,14.978186
-5.512997,-44.956359,14.986080
2.710144,-45.864753,14.981315
11.080156,-44.627351,14.972766
18.663193,-40.824988,14.976897
24.695268,-34.882249,14.975029
28.966963,-28.064162,14.973673
31.961108,-21.012723,14.971747
33.884233,-13.995492,14.967366
32.650931,-6.613879,10.735954
31.434313,-0.451403,10.730551
28.569724,5.075735,10.730316
24.240407,9.336957,10.734515
19.421312,12.273286,10.729808
15.128322,14.056526,10.728605
11.435181,15.053568,10.734776
8.452009,15.414471,10.739988
6.212339,15.568521,10.731610
3.873230,15.057887,10.725954
2.319646,14.757057,10.727477
1.102715,14.810034,10.735092
-0.102697,14.813652,10.737832
-1.109490,14.837385,10.728017
-2.316892,14.798769,10.729563
-3.523283,14.738881,10.737673
-4.729367,14.672191,10.738318
-6.336901,14.551815,10.737363
-8.543805,14.707006,10.724125
-11.351827,14.559492,10.733935
-14.001999,13.587141,10.725747
-17.051204,12.008103,10.726678
-20.549993,9.643034,10.731087
-24.029486,6.281816,10.721766
-27.147860,1.823406,10.719885
-30.048522,-3.938487,10.727586
-32.438505,-11.012771,10.737756
-33.379695,-19.236692,10.739104
-31.467284,-27.313464,10.729146
-26.864837,-33.647291,10.722321
-20.469918,-38.303949,10.726808
-13.404864,-41.731908,10.734656
-5.493838,-44.063657,10.726456
2.748704,-44.980012,10.729678
10.915374,-43.864520,10.739815
18.363444,-40.228464,10.733176
24.421757,-34.577993,10.730008
28.712848,-27.542094,10.733242
31.274186,-20.281994,10.737313
32.582521,-13.288947,10.738403
30.392816,-5.544562,6.480118
28.655312,0.279593,6.472513
25.677228,5.316565,6.474214
21.589631,9.256996,6.485745
17.460906,11.858239,6.482193
13.691134,13.504366,6.472671
10.487031,14.423465,6.470686
7.614702,14.713283,6.481705
5.412681,14.772291,6.492710
3.003521,13.618237,6.478790
1.705693,13.463076,6.479669
0.718152,13.500578,6.472297
-0.236863,13.643666,6.480645
-1.003371,13.792569,6.493286
-1.979854,13.785558,6.489358
-2.954436,13.669439,6.476745
-4.046191,13.257861,6.484156
-5.202465,13.095953,6.488667
-7.461339,13.734482,6.480695
-10.704076,14.152690,6.479472
-13.308950,13.222314,6.472158
-16.322935,11.821883,6.471054
-19.950100,9.548530,6.479695
-23.358051,6.323834,6.485062
-26.374254,1.995755,6.477311
-29.203769,-3.578036,6.476661
-31.663007,-10.590195,6.480553
-32.734254,-18.733694,6.475871
-31.033126,-26.615882,6.482998
-26.467624,-32.887574,6.481845
-20.168641,-37.290529,6.476610
-13.096109,-40.587794,6.485257
-5.398946,-42.701804,6.484268
2.601501,-43.598546,6.481106
10.699509,-42.596703,6.484315
17.960100,-39.147746,6.488404
24.024699,-33.851353,6.488746
28.118551,-27.030780,6.488681
30.270662,-19.449735,6.488507
30.980947,-12.183055,6.485798
27.819749,-4.550978,2.232525
25.581988,1.001737,2.231138
22.394664,5.613402,2.233193
18.680716,9.033735,2.237334
15.082202,11.371765,2.232416
12.032807,12.798700,2.228127
9.153147,13.675685,2.229597
6.595273,13.890731,2.220799
4.662377,13.864197,2.227657
2.111254,12.298581,2.225602
1.337514,12.436925,2.225219
0.415780,12.518478,2.239251
-0.283773,12.778093,2.228783
-0.990506,12.986168,2.222970
-1.927451,12.975166,2.233856
-2.709653,12.875292,2.228465
-3.435750,12.354105,2.226096
-4.070009,11.739736,2.239426
-5.446699,11.938733,2.239028
-9.590894,13.430930,2.228058
-12.120585,12.673742,2.234255
-15.061554,11.459647,2.238441
-18.619876,9.441118,2.237280
-21.987891,6.470726,2.235817
-25.053539,2.232796,2.239637
-27.716741,-2.912313,2.233109
-30.229147,-9.754204,2.222478
-31.512705,-17.879938,2.230832
-30.029231,-25.653788,2.231968
-25.698732,-31.651994,2.226984
-19.428428,-35.861453,2.227905
-12.613119,-38.902590,2.234361
-5.225211,-40.782625,2.226255
2.438875,-41.655719,2.229454
10.175553,-40.834067,2.237345
17.341277,-37.548043,2.229150
23.347226,-32.681677,2.236267
27.230225,-25.986058,2.240346
28.863644,-18.190010,2.236285
28.974690,-11.000873,2.233974
24.736829,-3.190904,-2.012316
21.944619,2.021490,-2.016720
18.564034,6.009228,-2.020253
15.226520,8.797862,-2.019806
12.324717,10.708360,-2.020475
9.829365,11.951398,-2.019476
7.491246,12.658301,-2.015634
5.254759,12.795307,-2.018331
2.581604,11.461290,-2.008871
1.767101,11.667076,-2.018123
1.065781,11.797501,-2.015631
0.401391,11.927567,-2.012169
-0.225117,12.245141,-2.020003
-1.026476,12.508612,-2.028074
-1.723731,12.494445,-2.025965
-2.480820,12.391478,-2.018739
-3.244949,12.014831,-2.012451
-3.484472,11.163492,-2.020078
-4.036099,10.674815,-2.023748
-7.211716,11.908078,-2.025106
-9.847119,11.738187,-2.013659
-12.465585,10.823569,-2.019267
-15.936648,9.213969,-2.010552
-19.602949,6.554612,-2.009399
-22.716796,2.823110,-2.012835
-25.395908,-2.072137,-2.015889
-27.774365,-8.232584,-2.020022
-29.376026,-16.077868,-2.026923
-28.428390,-23.749443,-2.020219
-24.465704,-29.781680,-2.014863
-18.566751,-33.615909,-2.021077
-11.995985,-36.393659,-2.023427
-4.940040,-38.130804,-2.016479
2.370302,-39.022338,-2.017718
9.733882,-38.290608,-2.022286
16.439846,-35.255612,-2.018188
22.137777,-30.835157,-2.022734
25.723936,-24.040798,-2.025795
26.800134,-16.457046,-2.021246
26.418364,-9.402814,-2.014686
20.914616,-1.553980,-6.264276
17.500516,3.088972,-6.272296
13.829922,6.440592,-6.274742
11.113502,8.518456,-6.272901
9.065163,9.926199,-6.274737
7.105093,10.875706,-6.278058
5.307000,11.357960,-6.261412
3.188951,11.027760,-6.275804
2.367342,11.228195,-6.266201
1.641411,11.559554,-6.267670
1.026080,11.652323,-6.273929
0.296587,11.908840,-6.270718
-0.259638,12.200292,-6.263130
-0.980092,12.401439,-6.264831
-1.761144,12.374676,-6.275116
-2.434131,12.272637,-6.276197
-3.196508,12.002087,-6.267221
-3.588675,11.193704,-6.264476
-3.763155,10.443105,-6.269145
-4.532284,10.181895,-6.268107
-6.678957,10.379456,-6.272753
-8.607013,9.764908,-6.266828
-11.047861,8.732403,-6.272694
-14.808979,6.885113,-6.276606
-18.985188,3.639348,-6.276635
-21.999188,-0.689522,-6.276473
-24.336958,-6.292875,-6.272790
-26.035609,-13.236772,-6.264357
-25.857642,-20.897436,-6.265435
-22.661788,-27.069729,-6.277487
-17.279519,-30.544332,-6.275777
-11.125266,-32.796008,-6.265479
-4.685422,-34.474647,-6.265732
2.105454,-35.570471,-6.267611
8.874825,-35.018882,-6.264053
15.104618,-32.091230,-6.265189
20.147172,-27.447871,-6.268731
23.242115,-21.030100,-6.269592
24.155934,-14.135811,-6.265844
23.274155,-7.376273,-6.262035
14.677830,1.155121,-10.520447
10.744397,4.865218,-10.519752
8.970426,6.910278,-10.520725
7.688584,8.303902,-10.517948
6.509643,9.424162,-10.515652
5.429692,10.238821,-10.522986
4.349182,10.794053,-10.526349
3.511194,11.246398,-10.520115
2.686766,11.713446,-10.511043
1.916910,11.943560,-10.515179
1.118060,12.119689,-10.522520
0.473391,12.349129,-10.521330
-0.287375,12.627438,-10.515468
-1.067920,12.740078,-10.514001
-1.746582,12.704389,-10.516743
-2.598857,12.581737,-10.521270
-3.393775,12.323108,-10.523721
-3.918812,11.736836,-10.521131
-4.242084,10.947509,-10.515507
-4.899707,10.432932,-10.515305
-6.425166,10.198479,-10.522548
-7.221154,9.473519,-10.518090
-8.144064,8.433281,-10.516101
-9.726087,7.173954,-10.524715
-12.125347,5.193778,-10.516989
-17.241813,1.186680,-10.520290
-20.443515,-3.962528,-10.511015
-21.972338,-9.864154,-10.517240
-22.286054,-16.742725,-10.524947
-20.308529,-23.154545,-10.516794
-15.562051,-26.804025,-10.514377
-9.864747,-28.285992,-10.520350
-4.161752,-29.896368,-10.523079
1.859060,-31.414337,-10.522009
8.021833,-31.014410,-10.521461
13.442700,-27.686717,-10.520478
17.205572,-22.288152,-10.517131
20.478176,-17.718184,-10.513366
21.166432,-11.419492,-10.513406
18.994126,-4.657067,-10.516834
11.669792,2.431955,-14.765320
10.670313,4.866677,-14.767305
9.567249,6.845187,-14.773139
8.452907,8.388604,-14.767145
7.479347,9.617815,-14.761862
6.614883,10.634120,-14.761003
5.656346,11.530752,-14.762587
4.653618,12.157031,-14.765053
3.535681,12.589260,-14.766616
2.496997,12.873219,-14.765285
1.567885,13.091143,-14.764029
0.750854,13.279897,-14.765348
-0.189214,13.447958,-14.768812
-1.019083,13.496187,-14.771840
-1.974034,13.431143,-14.774718
-2.929092,13.265398,-14.777222
-3.839353,12.965242,-14.778476
-4.638435,12.459288,-14.776817
-5.383530,11.854709,-14.772438
-6.324515,11.328348,-14.766257
-7.598694,10.701245,-14.760147
-8.472863,9.764613,-14.759760
-9.161960,8.599539,-14.762549
-9.966078,7.221713,-14.766332
-11.249608,5.365471,-14.768340
-12.919900,2.896513,-14.763510
-16.389481,-1.518986,-14.771045
-18.737443,-7.224434,-14.771330
-18.688757,-12.709530,-14.768522
-17.192129,-18.261222,-14.766065
-13.696679,-22.383679,-14.765449
-8.643180,-23.577888,-14.763649
-3.753833,-24.903363,-14.764457
1.550649,-26.911297,-14.768253
7.019632,-26.659442,-14.774452
11.297063,-22.410711,-14.766891
14.708433,-18.159340,-14.769914
17.761168,-14.460029,-14.770998
16.598055,-7.423706,-14.767547
13.259305,-1.036435,-14.766669
14.321968,1.328984,-19.019389
13.211756,4.204623,-19.025067
11.900299,6.595272,-19.023876
10.484379,8.526113,-19.023630
9.380671,10.093253,-19.025127
8.479926,11.421732,-19.026661
7.468107,12.579824,-19.026044
6.124419,13.398737,-19.020312
4.629335,13.774275,-19.012757
3.329584,14.085093,-19.012751
2.164757,14.382699,-19.017739
0.976892,14.527939,-19.021230
-0.124961,14.532750,-19.020564
-1.118305,14.495530,-19.016533
-2.209105,14.394398,-19.012904
-3.275643,14.177066,-19.017054
-4.339657,13.904084,-19.024648
-5.543589,13.664253,-19.025268
-6.916458,13.292573,-19.017905
-8.155182,12.430400,-19.012813
-9.057939,11.434462,-19.011589
-10.085588,10.131236,-19.010842
-10.992931,8.768551,-19.010857
-11.900782,7.029220,-19.012105
-12.784295,5.017837,-19.013969
-14.037214,2.456168,-19.014361
-15.806894,-1.192472,-19.016557
-17.126702,-5.830359,-19.021866
-16.525595,-10.256640,-19.020677
-14.464353,-14.011493,-19.021660
-11.502439,-17.236032,-19.021522
-7.524940,-19.042151,-19.019138
-3.357954,-20.311362,-19.013877
1.250461,-22.453946,-19.020652
6.098004,-22.315027,-19.017555
9.464707,-17.700139,-19.023260
12.817363,-14.983058,-19.017327
14.833634,-10.914321,-19.012994
15.457873,-6.384750,-19.017364
15.426841,-2.459876,-19.021225
15.235556,0.880168,-23.260666
14.675797,3.806345,-23.265219
13.755693,6.438751,-23.265702
12.468123,8.652442,-23.263979
11.032505,10.387458,-23.273198
9.919605,11.954301,-23.278784
8.887725,13.444059,-23.278906
7.530174,14.564346,-23.275624
5.649522,15.018302,-23.270737
4.094507,15.341622,-23.267262
2.707076,15.739946,-23.265596
1.402889,15.850529,-23.266629
0.063272,15.699640,-23.269479
-1.178520,15.557045,-23.271888
-2.402622,15.423560,-23.273539
-3.597496,15.182812,-23.274795
-4.927679,14.968787,-23.275911
-6.694663,15.057509,-23.276939
-8.606947,14.747647,-23.276796
-9.623943,13.358950,-23.274683
-10.482197,11.972298,-23.271540
-11.643348,10.523089,-23.267517
-12.751677,8.854369,-23.265352
-13.521018,6.941511,-23.266814
-14.491315,4.658249,-23.269963
-15.644907,1.798966,-23.271884
-16.164516,-1.348638,-23.269359
-15.683676,-4.609176,-23.266192
-14.186278,-7.520467,-23.266462
-12.221539,-10.350167,-23.268890
-9.270816,-12.132313,-23.269120
-6.402629,-14.739901,-23.273841
-2.922983,-16.340866,-23.276032
0.983939,-18.255586,-23.267818
5.192590,-18.189955,-23.269031
8.077934,-14.242246,-23.269295
10.857404,-11.610956,-23.272474
12.994449,-8.670520,-23.268303
14.294622,-5.443195,-23.268391
15.254337,-2.323050,-23.268007
13.707876,1.575110,-27.512852
13.624878,4.133072,-27.517374
13.311514,6.482002,-27.522670
12.998715,8.638872,-27.514389
12.117355,10.633415,-27.526376
10.699819,12.274543,-27.528200
9.495076,13.802699,-27.522246
8.227379,15.186007,-27.519214
6.434025,15.891310,-27.523789
4.720734,16.296605,-27.525590
3.173744,16.822390,-27.519733
1.623874,16.983624,-27.514397
0.118961,16.708350,-27.515428
-1.303744,16.468893,-27.522304
-2.613650,16.306331,-27.526817
-3.987078,16.047958,-27.519451
-5.540895,15.954444,-27.510341
-7.736425,16.301069,-27.516172
-9.676365,15.611344,-27.521305
-10.408378,13.869546,-27.512191
-11.394410,12.418551,-27.508074
-12.751939,10.874286,-27.513261
-13.638060,8.995450,-27.523031
-14.481344,6.883617,-27.518052
-15.214239,4.488987,-27.517073
-14.741608,2.233686,-27.515664
-13.764088,0.050292,-27.512590
-12.747491,-2.251408,-27.518656
-11.521871,-4.559878,-27.518697
-9.880632,-6.718218,-27.514707
-7.355005,-7.600674,-27.520289
-5.439843,-10.829933,-27.521981
-2.598712,-12.612692,-27.516108
0.698304,-14.153141,-27.517804
4.237235,-14.168727,-27.521190
6.863666,-11.173931,-27.509726
8.895406,-8.324026,-27.518798
10.794253,-6.081524,-27.520585
12.167779,-3.577829,-27.511946
13.211434,-1.027485,-27.513933
11.281898,2.574543,-31.762147
11.534628,4.659797,-31.767056
11.393286,6.664520,-31.770781
11.118505,8.573612,-31.767344
11.088703,10.415484,-31.767265
10.592902,12.271597,-31.778984
9.375934,13.760772,-31.764331
8.034418,15.045229,-31.759585
6.484280,15.983318,-31.767918
4.913461,16.615704,-31.775589
3.414454,17.257394,-31.776975
1.814925,17.567398,-31.774288
0.159804,17.280455,-31.771940
-1.263695,17.003392,-31.772999
-2.749695,16.801387,-31.774850
-4.207460,16.549177,-31.772212
-5.888502,16.549367,-31.768397
-8.253588,16.826369,-31.768025
-9.654263,15.624755,-31.772694
-10.347083,13.887154,-31.777374
-11.713597,12.518755,-31.778761
-12.784634,10.848364,-31.770052
-13.471613,8.953202,-31.761605
-13.806249,6.921656,-31.771809
-12.699499,5.052917,-31.764960
-11.716151,3.419935,-31.756702
-11.051087,1.611706,-31.763757
-10.204254,-0.128382,-31.766555
-9.340620,-2.080250,-31.760892
-7.426093,-2.860910,-31.766823
-5.959078,-4.381384,-31.775463
-4.566473,-7.238373,-31.774848
-2.232979,-8.900748,-31.771345
0.454183,-10.013240,-31.769197
3.281885,-10.081223,-31.775310
5.620577,-8.154915,-31.767333
7.103963,-5.371057,-31.762903
8.478148,-3.287328,-31.772752
9.710988,-1.382172,-31.774881
10.684509,0.565005,-31.769276
8.575319,3.811236,-36.010660
8.874306,5.305600,-36.013426
8.980688,6.890526,-36.020865
8.800503,8.396884,-36.026934
8.587167,9.897052,-36.029126
8.669865,11.477763,-36.028300
8.287548,13.081285,-36.025424
7.176738,14.291356,-36.016786
5.729309,15.095985,-36.019038
4.472547,15.936315,-36.015286
3.138474,16.706306,-36.017429
1.688076,17.114424,-36.021253
0.185730,16.995451,-36.016082
-1.261624,16.750000,-36.014350
-2.685426,16.542157,-36.020428
-4.087354,16.293308,-36.026011
-5.710368,16.260518,-36.022768
-7.590989,16.109646,-36.012534
-8.559591,14.680428,-36.016647
-9.542883,13.331937,-36.018138
-10.826535,12.119043,-36.017667
-11.434394,10.482546,-36.022959
-11.647841,8.762864,-36.018112
-10.835954,7.145655,-36.011078
-9.646754,5.760859,-36.013433
-9.156220,4.379097,-36.023404
-8.551722,3.081449,-36.026154
-8.026141,1.698200,-36.021403
-6.943311,0.703869,-36.022115
-5.508016,0.131795,-36.029024
-4.800692,-1.775619,-36.018841
-3.656322,-3.760324,-36.009359
-1.899559,-4.941399,-36.017151
0.129379,-5.625056,-36.024226
2.342724,-5.732027,-36.023313
4.262216,-4.713606,-36.026450
5.491996,-2.624349,-36.023142
6.253494,-0.630547,-36.017528
7.113519,0.938478,-36.013491
7.945454,2.293757,-36.011273
5.227543,5.236366,-40.263470
5.584963,6.184895,-40.261194
5.747005,7.154060,-40.261989
5.803790,8.178133,-40.268080
5.672325,9.194190,-40.271401
5.538024,10.255220,-40.268489
5.660474,11.562602,-40.263284
5.336489,12.805655,-40.266170
4.313772,13.457014,-40.266378
3.276523,14.053637,-40.265131
2.349373,14.865362,-40.266378
1.187818,15.258083,-40.269545
0.013039,15.330294,-40.266230
-1.200491,15.229801,-40.266024
-2.352961,15.040164,-40.271312
-3.492849,14.801473,-40.268982
-4.725319,14.555113,-40.271735
-5.840012,13.935432,-40.272985
-6.640957,13.003733,-40.264564
-7.794272,12.275912,-40.262047
-8.412269,11.115536,-40.267462
-8.579395,9.762387,-40.265260
-8.041194,8.466579,-40.277481
-7.011502,7.387397,-40.267033
-6.640312,6.422064,-40.264475
-6.254183,5.593311,-40.274665
-5.910567,4.667584,-40.275548
-5.245263,3.985127,-40.266091
-4.324205,3.651911,-40.262140
-3.887572,2.726880,-40.263972
-3.474071,1.358405,-40.265422
-2.656423,0.198019,-40.263007
-1.451661,-0.353869,-40.263800
-0.148041,-0.659472,-40.267536
1.236452,-0.757325,-40.269566
2.553503,-0.451635,-40.267041
3.700935,0.358204,-40.262973
4.047777,2.060694,-40.264117
4.253758,3.432072,-40.265676
4.703340,4.356895,-40.265218
-1.013895,9.200848,-44.518874
23.456918,3.026663,40.481126
19.358914,7.730768,40.481126
14.316081,10.983371,40.481126
9.454633,12.672229,40.481126
4.940021,13.106037,40.481126
1.646574,12.745969,40.481126
-0.377797,12.235769,40.481126
-1.539912,11.837823,40.481126
-2.224680,11.565333,40.481126
-2.675456,11.369914,40.481126
-2.899035,11.268131,40.481126
-3.232058,11.110416,40.481126
-3.342425,11.056510,40.481126
-3.562177,10.946708,40.481126
-3.671554,10.890818,40.481126
-3.889292,10.777068,40.481126
-3.997645,10.719214,40.481126
-4.213303,10.601559,40.481126
-4.427536,10.481321,40.481126
-4.640315,10.358520,40.481126
-4.851610,10.233174,40.481126
-5.269630,9.974920,40.481126
-5.783265,9.638110,40.481126
-6.583385,9.067552,40.481126
-7.913944,7.978469,40.481126
-9.960529,5.859544,40.481126
-12.248975,2.374337,40.481126
-13.746136,-2.034923,40.481126
-13.914287,-6.931710,40.481126
-12.645854,-11.917210,40.481126
-10.048016,-16.641061,40.481126
-6.201953,-20.925703,40.481126
-1.085335,-24.283201,40.481126
4.733148,-25.692917,40.481126
10.558595,-24.953038,40.481126
15.912946,-22.529115,40.481126
20.468558,-18.802739,40.481126
23.849974,-14.116508,40.481126
25.729141,-8.552926,40.481126
18.555424,-14.593566,36.731712
20.495393,-12.289457,36.728570
20.288607,-9.450909,36.731781
19.748799,-6.729626,36.733222
20.264904,-3.889398,36.730643
20.210509,-1.022262,36.735913
19.782278,2.120677,36.727501
18.301105,4.945742,36.728071
15.995122,7.078903,36.727362
13.499939,8.766612,36.726829
10.589268,9.891185,36.734056
7.667246,10.595872,36.732490
4.845189,12.550199,36.730225
1.683968,12.433032,36.724212
-1.304412,11.057101,36.731887
-3.799613,9.138112,36.737594
-5.733378,6.805007,36.726960
-7.733848,5.042666,36.726845
-9.608540,3.264626,36.733673
-11.404532,1.210439,36.738430
-12.909213,-1.003848,36.737191
-12.433820,-3.902238,36.728178
-14.228623,-6.262900,36.725331
-14.426000,-8.914547,36.731671
-12.944603,-11.448436,36.735228
-14.280179,-14.678419,36.729157
-13.678197,-17.755408,36.728195
-11.989177,-20.233805,36.731160
-10.073812,-22.645318,36.730233
-7.655025,-24.646196,36.727802
-4.926325,-26.174197,36.736294
-1.970816,-27.183324,36.737494
1.133169,-27.630718,36.732450
4.236525,-27.423141,36.733573
7.169857,-26.687070,36.737928
9.928197,-25.477387,36.731322
12.047335,-23.207346,36.723353
13.989982,-21.207831,36.730118
15.678671,-19.093510,36.737566
17.016120,-16.688742,36.736191
15.857009,-15.990039,32.983196
17.908478,-13.900880,32.980095
18.034478,-11.183573,32.980415
17.703261,-8.540428,32.983289
18.345493,-5.715737,32.986699
18.509374,-2.596278,32.987264
18.178811,0.564245,32.990529
16.735083,3.434846,32.977819
14.466006,5.617681,32.981091
11.732476,7.415586,32.983525
8.741003,8.352430,32.977454
5.784547,8.931662,32.986716
2.919369,11.070621,32.975887
-0.293414,10.427208,32.977176
-3.079361,8.633962,32.984552
-5.312668,6.404743,32.984858
-7.068909,4.067520,32.980442
-8.864607,2.419671,32.978196
-10.591094,0.677110,32.978459
-12.314829,-1.193628,32.976947
-13.777217,-3.170690,32.973585
-12.956342,-6.067144,32.981352
-15.086479,-8.049467,32.981728
-15.545393,-10.647731,32.984017
-14.051438,-12.959217,32.986674
-16.239855,-16.472703,32.982410
-15.949452,-19.599488,32.983719
-14.168050,-22.216633,32.984746
-12.232413,-24.615618,32.982989
-9.759121,-26.569213,32.981353
-6.869755,-28.084872,32.976866
-3.869730,-28.986794,32.983358
-0.736279,-29.318045,32.986804
2.249651,-29.020327,32.982392
5.160855,-28.170996,32.981512
7.901562,-26.861054,32.984316
9.787663,-24.395660,32.985894
11.573835,-22.250562,32.986169
13.162334,-20.172028,32.986034
14.375951,-17.952864,32.985181
14.616575,-17.603461,29.231088
16.466504,-15.554001,29.230047
17.201566,-12.928061,29.233168
17.408934,-10.266353,29.235488
18.075045,-7.276080,29.232436
18.060836,-4.204254,29.227788
17.440650,-1.048052,29.221934
15.882079,1.848418,29.228418
13.619408,4.111452,29.234445
10.940451,5.870261,29.229902
7.937275,6.936788,29.226134
4.775770,7.359673,29.228481
1.823226,8.430606,29.224516
-1.163211,8.032654,29.229554
-3.980935,6.272238,29.236225
-6.232571,4.432186,29.230852
-8.074771,2.421969,29.223417
-9.930430,0.753658,29.224806
-11.753354,-1.049266,29.229600
-13.410884,-2.820225,29.233080
-14.877107,-4.938693,29.236844
-15.017859,-7.519898,29.238317
-17.065867,-9.712553,29.238156
-17.552614,-12.439546,29.229691
-16.803139,-15.087623,29.222426
-18.282873,-18.622755,29.225773
-17.338699,-21.691139,29.232490
-15.457380,-24.261327,29.235652
-13.293034,-26.536017,29.232196
-10.749656,-28.296178,29.226359
-7.854982,-29.643270,29.225639
-4.883368,-30.423263,29.226491
-1.807450,-30.658199,29.230467
1.226666,-30.271528,29.228133
4.071995,-29.393199,29.225256
6.695176,-28.025027,29.234878
8.538667,-25.735277,29.226107
10.325447,-23.667554,29.225361
11.878229,-21.763678,29.230493
13.167654,-19.650707,29.231973
14.325652,-19.231391,25.471956
15.847390,-16.978688,25.485362
17.140817,-14.468901,25.489261
18.070318,-11.533949,25.480813
18.450670,-8.493939,25.475188
18.091889,-5.322936,25.473036
17.007111,-2.197145,25.473041
15.314577,0.502208,25.480267
12.980876,2.850129,25.481452
10.293719,4.560375,25.476888
7.300313,5.661809,25.481620
4.150721,6.185875,25.484986
1.095333,5.978761,25.486468
-1.871593,5.166886,25.489898
-4.459157,4.022913,25.485314
-6.808771,2.663167,25.474839
-8.997800,1.266844,25.485439
-11.043969,-0.327860,25.485109
-12.849821,-2.026377,25.485056
-14.595545,-3.947111,25.486833
-16.236339,-6.108730,25.480445
-17.670688,-8.412220,25.483285
-19.010799,-11.042217,25.477663
-20.038634,-14.059736,25.477516
-20.351359,-17.232837,25.483142
-19.764034,-20.370786,25.476536
-18.341676,-23.223450,25.475723
-16.370663,-25.734565,25.477834
-13.990255,-27.849062,25.484163
-11.281356,-29.532986,25.485858
-8.456536,-30.731575,25.477191
-5.474137,-31.453468,25.477611
-2.406838,-31.652211,25.480097
0.512654,-31.292080,25.478167
3.246132,-30.496991,25.480165
5.881385,-29.177457,25.488029
7.921207,-27.221460,25.481254
9.740312,-25.354798,25.480393
11.460104,-23.428744,25.479571
12.893299,-21.410532,25.472926
14.600817,-20.794856,21.740135
15.748246,-18.232446,21.736439
17.636640,-15.543187,21.726639
18.922289,-12.473248,21.725884
18.873491,-9.226382,21.728080
18.155954,-6.042664,21.724059
16.674116,-3.106933,21.727667
14.679627,-0.329263,21.734543
12.299872,1.941377,21.739990
9.471843,3.592421,21.736619
6.467532,4.614013,21.728180
3.298989,5.179290,21.736852
0.186481,4.026116,21.738676
-2.612258,2.769006,21.736971
-5.063006,2.060383,21.735311
-7.426754,1.085267,21.728833
-9.913390,0.448756,21.731081
-12.128059,-0.994057,21.724611
-14.039521,-2.748393,21.732234
-15.819647,-4.698859,21.736258
-17.660901,-6.850006,21.721788
-20.151659,-9.040455,21.730637
-20.897930,-11.987547,21.739337
-21.841911,-15.166103,21.732070
-23.227037,-18.704602,21.724382
-20.685171,-21.507412,21.730562
-19.039705,-24.216213,21.724564
-16.944801,-26.696674,21.733535
-14.514774,-28.578300,21.739452
-11.798282,-30.181561,21.735164
-8.980078,-31.337401,21.731213
-6.145805,-32.051047,21.724077
-3.236823,-32.330619,21.727555
-0.321447,-32.137325,21.735882
2.524174,-31.468177,21.737572
5.111294,-30.394826,21.733827
7.478522,-28.898066,21.730603
9.515239,-27.163432,21.733860
11.470527,-25.147767,21.739675
13.181206,-23.067002,21.741408
15.255987,-21.978583,17.976315
16.061813,-19.196946,17.981245
18.051562,-16.399641,17.983632
19.372527,-13.197529,17.987314
19.062205,-9.833343,17.988893
18.071358,-6.546636,17.986616
16.286091,-3.688841,17.989449
14.274623,-1.135875,17.991126
11.786802,1.115996,17.987170
8.957789,2.664264,17.982251
5.873856,3.670669,17.984336
2.871826,4.226955,17.988714
-0.337510,2.824789,17.983822
-2.936145,1.623744,17.981387
-5.504249,1.096565,17.982554
-7.874284,0.335187,17.978401
-10.610469,0.057227,17.974005
-12.933359,-1.291542,17.974328
-14.957707,-3.037801,17.973313
-16.885459,-5.068909,17.974496
-18.844817,-7.234107,17.979738
-21.715935,-9.452674,17.979740
-22.225660,-12.601409,17.976772
-22.940351,-15.906246,17.973855
-24.483831,-19.641786,17.978622
-21.224074,-22.236856,17.987323
-19.390318,-24.897675,17.975202
-17.184380,-27.214773,17.983437
-14.612676,-29.018226,17.980530
-12.013513,-30.465524,17.972540
-9.239655,-31.579628,17.981290
-6.471094,-32.309258,17.979902
-3.634650,-32.677654,17.974127
-0.767127,-32.658190,17.974178
2.048722,-32.177262,17.977594
4.764033,-31.271337,17.977106
7.330929,-30.270789,17.979601
9.775671,-28.621049,17.979310
11.850546,-26.584845,17.975837
13.721141,-24.519774,17.974471
15.967022,-22.755521,14.223773
16.590275,-19.695514,14.229051
18.140060,-16.909519,14.230674
19.348427,-13.641982,14.226503
18.964752,-10.318202,14.229610
17.901940,-7.049257,14.234729
16.025353,-4.268417,14.223044
13.915240,-1.803020,14.226259
11.469522,0.291231,14.228293
8.618953,1.797147,14.227406
5.665610,2.747957,14.238696
2.688315,3.329047,14.226369
-0.326400,2.419889,14.229122
-3.008418,1.423355,14.239379
-5.589574,1.033038,14.234370
-8.106545,0.358672,14.224995
-10.824846,-0.027512,14.231835
-13.330132,-1.298743,14.237482
-15.514616,-3.018167,14.232896
-17.600470,-5.074042,14.227742
-19.613245,-7.327771,14.229356
-22.324481,-9.766942,14.231593
-22.831104,-13.051775,14.226527
-23.617183,-16.383903,14.225090
-24.246064,-20.052815,14.230121
-21.325912,-22.688163,14.233022
-19.301483,-25.336668,14.237363
-16.925193,-27.487494,14.232861
-14.409410,-29.122253,14.226079
-11.776800,-30.496872,14.226749
-9.113794,-31.532787,14.234530
-6.357017,-32.276151,14.239206
-3.663437,-32.710164,14.237826
-0.803022,-32.845795,14.229861
2.020228,-32.505193,14.223165
4.667318,-31.824746,14.224907
7.608763,-31.184336,14.228135
10.237810,-29.683135,14.225942
12.369243,-27.651313,14.221948
14.456414,-25.409019,14.221045
16.514453,-23.060580,10.480973
17.016738,-20.057362,10.476930
18.036846,-17.053539,10.484463
18.904613,-13.921247,10.481051
18.569948,-10.590047,10.473451
17.560794,-7.461020,10.487027
15.813757,-4.819265,10.479361
13.569718,-2.381748,10.478637
11.190962,-0.479399,10.486548
8.486030,0.938533,10.486018
5.588642,1.887921,10.480425
2.693418,2.456648,10.487338
-0.196636,2.199862,10.487638
-2.844888,1.692432,10.478192
-5.506205,1.363210,10.472990
-8.120407,0.751657,10.476114
-10.837330,0.014448,10.473248
-13.346424,-1.211137,10.471060
-15.757726,-2.910392,10.480097
-17.980484,-4.967347,10.489288
-20.070210,-7.386024,10.483557
-22.167942,-9.980907,10.474692
-22.914668,-13.217490,10.475359
-23.549714,-16.601420,10.476573
-23.262378,-20.020044,10.477173
-20.983006,-22.877832,10.484551
-18.866494,-25.377554,10.488446
-16.410747,-27.375899,10.476786
-13.908643,-28.918650,10.481807
-11.285315,-30.212655,10.482740
-8.655639,-31.200145,10.476599
-6.066991,-31.914621,10.484542
-3.433447,-32.428410,10.481879
-0.628431,-32.694956,10.483005
2.036392,-32.495475,10.487613
4.926930,-31.975816,10.482820
7.994599,-31.654354,10.474752
10.712430,-30.202844,10.478645
12.944630,-28.112671,10.485342
14.987321,-25.890221,10.485628
16.622391,-23.025354,6.730845
17.188595,-19.879935,6.728676
17.697614,-16.935322,6.724519
18.113893,-13.887224,6.727624
17.881906,-10.798726,6.737637
16.929215,-7.729906,6.737337
15.300987,-5.106285,6.731660
13.147269,-2.883231,6.726794
10.745896,-1.136086,6.724840
8.102551,0.222296,6.729194
5.397657,1.132149,6.738576
2.591073,1.608936,6.726758
-0.007736,1.950595,6.722037
-2.726763,2.064170,6.732051
-5.445537,1.718772,6.737389
-8.108918,1.111799,6.734062
-10.621601,0.049204,6.736435
-13.164028,-1.257088,6.739990
-15.658801,-2.855197,6.734674
-17.900961,-4.815884,6.732082
-19.937151,-7.289219,6.740108
-21.414858,-10.136244,6.732276
-22.482375,-13.183029,6.726319
-22.618095,-16.477979,6.732359
-21.818510,-19.740416,6.731779
-20.363489,-22.584123,6.727525
-18.190495,-24.955093,6.735878
-15.747313,-26.848542,6.728810
-13.199610,-28.372300,6.724609
-10.731242,-29.547023,6.728317
-8.283653,-30.462407,6.730384
-5.771981,-31.185683,6.727530
-3.226555,-31.771203,6.727468
-0.510433,-32.143659,6.723693
2.206255,-32.050454,6.726992
4.927451,-31.718787,6.739857
8.156636,-31.522367,6.740011
10.832796,-30.145946,6.732799
13.120394,-28.057174,6.728916
15.147743,-25.791368,6.729583
16.053348,-22.368971,2.974676
16.841505,-19.400469,2.979006
17.057214,-16.452105,2.984413
17.029662,-13.606505,2.984771
16.804701,-10.662058,2.979801
15.930023,-7.839007,2.976965
14.439930,-5.269851,2.975178
12.356895,-3.189248,2.974339
9.968236,-1.636638,2.980552
7.535196,-0.404248,2.990059
5.058030,0.440416,2.989107
2.467483,0.819630,2.984753
-0.015126,1.656344,2.986324
-2.612645,2.253038,2.986711
-5.245869,1.860297,2.979235
-7.880290,1.204661,2.976532
-10.249238,-0.132243,2.987181
-12.659499,-1.442246,2.980763
-15.070900,-2.894181,2.969601
-17.360977,-4.824383,2.976053
-19.197020,-7.116819,2.988200
-20.075332,-10.059163,2.989168
-21.438661,-12.937282,2.980912
-21.080703,-15.975090,2.981899
-20.134626,-18.993093,2.987899
-19.361673,-21.884985,2.989167
-17.325126,-24.072363,2.989392
-14.976176,-25.893948,2.989314
-12.555134,-27.356964,2.977028
-10.188407,-28.480908,2.976244
-7.853290,-29.369057,2.984740
-5.457711,-30.086586,2.980227
-3.033637,-30.695831,2.973799
-0.447677,-31.117306,2.974278
2.155905,-31.146229,2.979554
4.880308,-30.890233,2.982244
7.829005,-30.537811,2.980119
10.425514,-29.214562,2.983085
12.692291,-27.207822,2.983558
14.632032,-24.936907,2.978035
14.383864,-20.963051,-0.763083
15.778692,-18.577458,-0.770808
15.970692,-15.721834,-0.764056
15.601231,-13.039757,-0.764136
15.339581,-10.324426,-0.777161
14.496921,-7.724258,-0.762625
13.135778,-5.320175,-0.767552
11.258217,-3.505931,-0.774568
9.006704,-2.118307,-0.768148
6.760290,-0.964592,-0.767812
4.356328,-0.179733,-0.772322
2.050898,0.153529,-0.762592
-0.196521,1.335594,-0.756265
-2.631753,1.961007,-0.769629
-5.096837,1.501769,-0.775567
-7.485352,0.785864,-0.761879
-9.592627,-0.608358,-0.764079
-11.808862,-1.857197,-0.771283
-14.034235,-3.195198,-0.770515
-16.085101,-4.927509,-0.770368
-17.830540,-7.150350,-0.777943
-18.258491,-9.853994,-0.767910
-19.660242,-12.426817,-0.771410
-19.208840,-15.230645,-0.771107
-18.196255,-17.823236,-0.766854
-17.996976,-20.631503,-0.771392
-16.243018,-22.740257,-0.776624
-14.077929,-24.489965,-0.775862
-11.982174,-25.860135,-0.764362
-9.710589,-26.988056,-0.763694
-7.558544,-27.839916,-0.774135
-5.250511,-28.572999,-0.764258
-3.002389,-29.142702,-0.760317
-0.617415,-29.525375,-0.769412
1.918151,-29.681176,-0.774235
4.530915,-29.415532,-0.764123
6.851549,-28.424270,-0.761596
9.148887,-27.090743,-0.767993
11.202409,-25.353890,-0.769770
12.816381,-23.291495,-0.764135
11.378741,-18.942757,-4.524668
14.038553,-17.346965,-4.518571
14.346542,-14.806054,-4.513688
13.829931,-12.354198,-4.515866
13.551812,-9.952179,-4.521840
12.782690,-7.620049,-4.522300
11.640868,-5.524809,-4.514287
9.905055,-3.815952,-4.512186
7.913501,-2.525518,-4.512771
5.916313,-1.450550,-4.518478
3.851456,-0.767569,-4.525754
1.704146,-0.394174,-4.513907
-0.287665,0.742038,-4.522933
-2.500028,1.165788,-4.519856
-4.796469,0.666217,-4.512578
-6.895203,-0.087759,-4.522503
-8.691033,-1.321399,-4.523481
-10.665568,-2.467411,-4.516454
-12.541952,-3.682634,-4.510944
-14.346071,-5.283658,-4.513556
-15.822338,-7.234448,-4.517866
-16.150308,-9.663763,-4.511459
-17.408453,-11.901258,-4.518523
-17.112940,-14.355833,-4.523795
-16.090833,-16.601997,-4.523455
-16.186668,-19.085865,-4.526633
-14.756697,-21.150156,-4.518506
-12.924725,-22.738792,-4.514775
-11.025107,-24.094554,-4.519234
-9.094316,-25.114304,-4.523762
-7.095531,-25.965266,-4.522495
-5.039134,-26.664929,-4.516207
-2.907901,-27.142249,-4.514943
-0.686980,-27.395470,-4.517286
1.640830,-27.592319,-4.515885
3.970628,-27.338833,-4.513262
5.465682,-25.181584,-4.520407
7.081811,-23.875208,-4.518352
8.834372,-22.520090,-4.515807
10.003343,-20.670870,-4.520685
8.304403,-16.595755,-8.270070
11.729497,-15.783947,-8.265114
12.233873,-13.679729,-8.263550
11.848419,-11.548600,-8.267492
11.565580,-9.481150,-8.274207
10.973584,-7.496605,-8.275016
10.022862,-5.645939,-8.273115
8.588286,-4.056241,-8.270903
6.937870,-2.802805,-8.269656
5.228534,-1.786304,-8.269040
3.447635,-1.121078,-8.265997
1.499199,-0.735846,-8.260864
-0.265278,0.031474,-8.268260
-2.256968,0.239641,-8.265488
-4.231241,-0.252831,-8.263091
-5.994156,-0.916149,-8.272292
-7.682184,-1.964691,-8.273152
-9.308431,-2.971135,-8.272990
-10.873645,-4.157779,-8.269354
-12.315380,-5.573130,-8.264402
-13.471569,-7.269248,-8.266282
-13.875096,-9.292145,-8.274561
-14.906638,-11.177554,-8.280036
-14.859857,-13.251475,-8.268983
-13.984638,-15.231059,-8.264258
-14.101921,-17.407394,-8.277278
-12.955748,-19.272687,-8.264182
-11.420047,-20.734689,-8.265821
-9.877956,-21.946614,-8.276838
-8.148934,-22.938225,-8.273141
-6.343319,-23.761596,-8.263086
-4.551802,-24.407333,-8.272064
-2.582609,-24.711122,-8.275170
-0.636166,-24.763554,-8.273458
1.339286,-24.861093,-8.272973
3.391269,-24.598427,-8.263454
4.044742,-21.717027,-8.262040
5.190169,-20.417545,-8.266336
6.481096,-19.452411,-8.269483
7.373099,-17.962526,-8.270714
6.668745,-14.476551,-12.024276
9.039407,-13.698010,-12.015763
9.915063,-12.057915,-12.016965
9.776957,-10.336881,-12.019507
9.525205,-8.608726,-12.019006
9.072698,-6.865283,-12.020589
8.314811,-5.309470,-12.017995
7.236583,-3.870264,-12.015136
5.984648,-2.679125,-12.015289
4.555791,-1.699906,-12.017436
2.972903,-1.010285,-12.018658
1.283534,-0.647057,-12.018371
-0.355741,-0.339074,-12.021811
-2.069403,-0.400470,-12.016238
-3.671444,-0.867749,-12.007767
-5.212306,-1.479326,-12.012776
-6.653094,-2.152994,-12.024776
-7.955957,-3.064177,-12.016758
-9.160557,-4.203775,-12.011963
-10.199538,-5.418750,-12.014454
-11.060898,-6.829935,-12.013802
-11.641188,-8.449211,-12.014292
-12.366361,-10.023804,-12.013077
-12.492269,-11.780336,-12.013392
-12.046654,-13.404077,-12.016036
-11.987193,-15.275108,-12.017517
-11.155362,-16.832532,-12.019958
-9.986670,-18.150625,-12.015416
-8.659167,-19.340326,-12.014729
-7.190166,-20.258808,-12.019981
-5.701550,-20.987801,-12.014905
-4.083622,-21.632306,-12.014910
-2.372799,-21.760543,-12.022206
-0.736752,-21.590432,-12.025457
0.960382,-21.538266,-12.023024
2.680236,-21.199350,-12.023425
3.261935,-18.896771,-12.015947
4.122649,-17.644446,-12.013923
5.189654,-16.818931,-12.016872
5.916757,-15.651900,-12.021487
6.578250,-12.390693,-15.767020
6.896872,-11.063250,-15.764536
7.505927,-9.785170,-15.769403
7.849943,-8.353515,-15.774739
7.590464,-6.955452,-15.771042
7.250013,-5.525864,-15.765662
6.675108,-4.226090,-15.766499
5.915155,-2.951473,-15.769575
4.980113,-1.811142,-15.767587
3.787186,-0.845226,-15.761087
2.471443,-0.169824,-15.761016
1.035998,0.200512,-15.769697
-0.484609,0.096736,-15.774775
-1.893956,-0.168416,-15.774079
-3.180736,-0.589472,-15.769635
-4.427400,-1.145864,-15.766770
-5.757416,-1.457474,-15.771356
-6.783728,-2.335259,-15.762300
-7.660297,-3.408547,-15.766107
-8.353547,-4.495586,-15.773419
-9.015363,-5.636982,-15.771631
-9.769706,-6.791891,-15.766481
-10.039568,-8.147451,-15.761350
-10.218238,-9.514670,-15.765210
-10.495212,-11.046770,-15.774261
-10.056214,-12.422809,-15.769398
-9.431181,-13.779946,-15.764546
-8.620513,-15.001803,-15.766264
-7.566245,-16.047729,-15.771763
-6.357938,-16.892630,-15.774525
-5.044127,-17.563630,-15.771795
-3.645737,-18.102636,-15.770850
-2.142738,-18.095453,-15.772870
-0.739147,-17.791949,-15.771595
0.595063,-17.526945,-15.766736
1.868021,-17.031433,-15.764424
2.990826,-16.258219,-15.763350
4.030825,-15.380838,-15.762355
5.012075,-14.499530,-15.762960
5.920984,-13.515881,-15.765700
6.394830,-9.259219,-19.519059
5.614635,-7.733164,-19.518636
5.177143,-6.595085,-19.520899
5.569222,-5.600251,-19.523937
6.033963,-4.429325,-19.514679
5.884581,-3.241168,-19.512791
5.430304,-2.122370,-19.519766
4.873624,-1.060469,-19.524513
4.207281,0.000272,-19.524194
3.306158,0.947848,-19.516322
2.204419,1.713024,-19.517394
1.008963,2.358104,-19.524363
-0.355961,2.351325,-19.522732
-1.614498,1.755540,-19.515535
-2.845127,1.526746,-19.515078
-3.955289,1.085073,-19.512727
-5.116443,0.733890,-19.514378
-6.009286,-0.100716,-19.521916
-6.692943,-1.118364,-19.521573
-7.166611,-2.203079,-19.515123
-7.862415,-3.106694,-19.514968
-8.820626,-4.060160,-19.523143
-8.323106,-5.354262,-19.522466
-9.143186,-6.524193,-19.516476
-9.165650,-7.818596,-19.511636
-8.331507,-8.916578,-19.516680
-8.097567,-10.149164,-19.522277
-7.395987,-11.250503,-19.516233
-6.475126,-12.109790,-19.518760
-5.411551,-12.778678,-19.521843
-4.163858,-13.128688,-19.518358
-2.960028,-13.187289,-19.517003
-1.809282,-13.275940,-19.521356
-0.657758,-13.038514,-19.519236
0.277076,-12.329447,-19.515107
1.138729,-11.704212,-19.514224
2.946378,-12.886383,-19.511721
4.267543,-12.515288,-19.518913
5.112620,-11.520827,-19.523193
6.003237,-10.546999,-19.522509
5.534447,-3.786177,-23.265399
4.788422,-2.358295,-23.270535
4.398323,-1.320162,-23.273251
4.218043,-0.419233,-23.274493
4.769440,0.640989,-23.272509
4.676465,1.672571,-23.272211
4.549970,2.791578,-23.272513
3.495284,3.319062,-23.266281
2.915584,4.214089,-23.270219
2.101936,4.899077,-23.264731
1.228807,5.497924,-23.267343
0.365531,6.421992,-23.274647
-0.710483,7.333089,-23.274689
-1.877555,5.856334,-23.265109
-2.949738,5.821180,-23.264326
-4.273909,6.335881,-23.266816
-5.170817,5.545275,-23.267191
-5.635722,4.318424,-23.266910
-6.277717,3.499863,-23.267703
-6.798779,2.587366,-23.267580
-8.713824,2.390046,-23.269421
-8.505568,1.041904,-23.264788
-9.167667,-0.015883,-23.273713
-9.371688,-1.237374,-23.274951
-9.134548,-2.468112,-23.272920
-8.197971,-3.430476,-23.266781
-7.980827,-4.605882,-23.265352
-7.323210,-5.624515,-23.265498
-6.451139,-6.418421,-23.272758
-5.147382,-6.617312,-23.269975
-3.485604,-5.479787,-23.268209
-2.897706,-6.507545,-23.270267
-2.068318,-7.374986,-23.271321
-1.064707,-6.658257,-23.269299
-0.377654,-5.611841,-23.267287
0.193163,-4.905250,-23.265570
3.073676,-8.435564,-23.264949
4.165974,-7.546419,-23.268881
5.027261,-6.490489,-23.268094
5.702105,-5.256681,-23.264608
3.485209,6.889007,-27.021712
2.783344,8.291249,-27.019275
1.201804,9.395388,-27.018129
0.144105,10.018227,-27.013897
-0.327904,10.485865,-27.017457
-0.643556,10.899985,-27.020164
-0.858198,11.224033,-27.021618
-1.125907,11.647171,-27.022947
-1.385169,12.043224,-27.023734
-2.754185,10.691437,-27.014099
-2.980317,10.615984,-27.013440
-3.086335,10.644303,-27.013357
-3.199823,10.700446,-27.013365
-3.381920,10.828383,-27.013531
-3.575316,10.997204,-27.013857
-3.913776,11.334028,-27.014683
-4.595966,12.014272,-27.016927
-5.498743,12.444693,-27.019774
-5.705725,11.893687,-27.019171
-5.757276,11.414105,-27.018272
-5.800060,10.868631,-27.017141
-5.837061,10.491751,-27.016322
-5.906928,10.030422,-27.015295
-6.017632,9.605517,-27.014335
-6.220774,9.175143,-27.013395
-6.781509,8.419730,-27.013494
-7.301553,7.467382,-27.017861
-9.006037,5.076043,-27.023273
-8.660463,3.718793,-27.015722
-8.277053,2.008536,-27.015806
-7.278193,0.640491,-27.019870
-5.554305,0.992977,-27.019101
-4.119878,1.258568,-27.022846
-2.641603,-0.486960,-27.016922
-1.351887,1.222538,-27.019461
1.237354,-1.640943,-27.015891
3.101482,-0.986526,-27.018119
4.106801,0.886711,-27.020464
3.787436,3.585555,-27.015635
3.699278,5.395754,-27.019236
1.295528,7.853355,-30.767822
1.351394,8.638198,-30.770434
1.223960,9.386257,-30.772411
1.528702,10.135300,-30.773143
0.723322,10.729938,-30.771332
0.583428,11.363907,-30.770402
1.078072,12.421701,-30.753665
0.213168,12.738172,-30.775941
-0.470489,13.027290,-30.763273
-1.110588,13.266382,-30.769316
-1.680145,13.560007,-30.773788
-2.252541,14.020386,-30.774854
-2.870110,14.446013,-30.773508
-3.570588,14.182196,-30.763416
-4.395262,14.624597,-30.763174
-5.409506,15.093081,-30.773579
-5.963745,14.306101,-30.776830
-6.294632,13.441969,-30.773725
-6.734408,12.857611,-30.769663
-7.201184,12.287716,-30.771831
-7.499275,11.641144,-30.771695
-7.219856,10.811240,-30.747722
-7.361900,10.222959,-30.747764
-7.608755,9.564952,-30.750612
-7.609477,8.834288,-30.768226
-7.625003,8.109310,-30.766587
-7.443341,7.381267,-30.766571
-6.968807,6.802921,-30.767757
-6.304872,6.385462,-30.766737
-5.031334,7.089255,-30.769096
-4.505016,7.003309,-30.775751
-4.241721,6.174250,-30.775765
-3.698655,5.452369,-30.774185
-3.051731,5.817848,-30.774317
-2.518604,6.360958,-30.773943
-2.041582,6.618095,-30.771979
-0.569033,5.229005,-30.767068
0.279782,5.525614,-30.772829
0.832714,6.190521,-30.773043
1.131684,6.997048,-30.769624
-4.069716,11.888015,-34.518874
