23.353879,27.165005,28.575071
17.749097,28.860877,28.575071
12.338534,29.545270,28.575071
7.090728,29.426856,28.575071
2.501496,28.718027,28.575071
-1.969893,27.466860,28.575071
-5.712976,25.952805,28.575071
-9.275692,24.053135,28.575071
-12.450293,21.900487,28.575071
-15.375274,19.419710,28.575071
-17.873190,16.780576,28.575071
-20.061040,13.879358,28.575071
-21.796829,10.918339,28.575071
-23.227222,7.577479,28.575071
-24.211997,3.869997,28.575071
-24.586272,0.254225,28.575071
-24.377602,-3.374819,28.575071
-23.550605,-7.120640,28.575071
-22.200809,-10.711466,28.575071
-20.449643,-14.123799,28.575071
-18.253327,-17.511333,28.575071
-15.749093,-20.678224,28.575071
-12.676388,-23.884667,28.575071
-8.959853,-26.993188,28.575071
-4.682306,-29.672943,28.575071
0.180194,-31.658520,28.575071
5.543153,-32.658399,28.575071
11.195472,-32.477357,28.575071
16.892750,-31.111072,28.575071
22.277993,-28.810160,28.575071
27.638426,-25.579303,28.575071
32.682334,-21.541917,28.575071
37.223617,-16.662140,28.575071
40.878295,-10.845056,28.575071
42.988434,-4.305716,28.575071
43.096877,2.573797,28.575071
41.187425,9.370099,28.575071
37.934301,15.237376,28.575071
33.759145,20.252412,28.575071
28.459559,24.115345,25.571055
23.202279,27.014261,25.575566
17.687533,28.856634,25.579808
12.308283,29.407582,25.578782
7.096677,28.897625,25.577951
2.382071,27.822313,25.580606
-1.784127,26.252668,25.576469
-5.542046,24.257010,25.580686
-8.803265,22.557546,25.579637
-11.876326,20.931782,25.570553
-14.840076,18.753030,25.570099
-17.504768,16.503939,25.579661
-19.870851,13.957822,25.576874
-22.124113,11.050561,25.570611
-24.254379,7.812754,25.570943
-25.678745,4.211298,25.569718
-25.888136,0.161087,25.580414
-25.431001,-3.698833,25.575395
-24.495841,-7.442904,25.567849
-23.094085,-11.054988,25.569629
-21.293059,-14.696222,25.571261
-18.974945,-18.271029,25.577286
-16.098515,-21.396512,25.580096
-12.776814,-24.379685,25.577774
-8.995384,-27.053710,25.576239
-4.707774,-28.862426,25.576296
0.039630,-29.821634,25.569975
5.062663,-29.746880,25.573222
10.030186,-28.863963,25.575657
14.784239,-27.247508,25.576475
19.239426,-24.898749,25.579895
23.742624,-21.882925,25.571749
27.808543,-18.306777,25.569567
31.845562,-14.149470,25.575043
35.926192,-9.449518,25.579794
39.222851,-3.778607,25.578852
40.097227,2.544180,25.574156
39.444038,8.955669,25.572541
37.205442,14.895049,25.571894
33.303346,20.057935,25.570333
27.622097,23.449092,22.572173
22.653165,26.359424,22.578366
17.407277,28.238496,22.575130
11.893229,28.827771,22.570808
6.918055,28.323924,22.573897
2.236522,27.304254,22.577488
-1.743369,25.903238,22.576268
-5.371565,24.157205,22.575348
-8.846612,22.536595,22.575839
-11.973979,21.087602,22.575873
-15.056346,19.142379,22.576290
-18.013656,17.008666,22.580836
-20.820921,14.403518,22.582314
-23.298519,11.476819,22.577456
-25.535141,8.113877,22.573536
-26.985541,4.355283,22.576784
-27.053856,0.148567,22.577305
-26.527688,-3.864940,22.570699
-25.633243,-7.779027,22.568885
-24.185160,-11.745815,22.575195
-22.322094,-15.530253,22.578524
-19.910253,-19.228379,22.578267
-16.897494,-22.433918,22.579569
-13.365011,-25.414162,22.580059
-9.302805,-27.930463,22.578921
-4.717903,-29.370527,22.578218
0.060391,-29.813979,22.574044
5.013254,-29.304468,22.568887
9.696980,-28.228897,22.575228
14.376303,-26.535776,22.581646
18.769526,-24.168168,22.574817
23.054556,-21.259436,22.573936
26.918681,-17.817700,22.577753
30.642824,-13.692984,22.580430
34.193939,-8.902398,22.576431
36.828895,-3.583000,22.570283
37.766411,2.475033,22.575123
37.472854,8.652893,22.579464
35.617170,14.459865,22.577179
32.160570,19.402312,22.572303
26.293288,22.416744,19.578605
21.722658,25.306428,19.577938
16.667816,27.223923,19.574042
11.516998,27.956338,19.570957
6.690765,27.756294,19.569980
2.304853,27.097838,19.570067
-1.810666,26.067129,19.574968
-5.658052,24.801925,19.576398
-9.085833,23.505251,19.578915
-12.616473,21.954206,19.580761
-15.836994,20.204902,19.574677
-19.052415,18.074479,19.574353
-22.132063,15.434313,19.576607
-24.808054,12.154621,19.575415
-26.773297,8.593091,19.572062
-28.122507,4.369525,19.569599
-28.124801,0.133831,19.567866
-27.625148,-4.096875,19.569325
-26.799922,-8.251363,19.571879
-25.375469,-12.455166,19.571664
-23.396199,-16.426523,19.571746
-20.835413,-20.285798,19.578932
-17.730633,-23.713548,19.572927
-14.019550,-26.809988,19.572429
-9.684882,-29.321023,19.581442
-4.888758,-30.811412,19.578319
0.107679,-31.285512,19.572869
5.289678,-30.789412,19.575837
10.164485,-29.579220,19.578939
14.989708,-27.630797,19.577027
19.478377,-24.983485,19.574568
23.606535,-21.805550,19.575818
27.386931,-17.950391,19.581272
30.619665,-13.621213,19.575608
33.324541,-8.720310,19.568466
35.160058,-3.434759,19.573802
35.873751,2.308518,19.569318
35.431939,8.095720,19.572375
33.612103,13.589114,19.578860
30.388561,18.480618,19.579677
24.711355,21.197945,16.578792
20.523143,24.089897,16.573530
15.821050,26.007729,16.569599
11.026458,26.989051,16.572747
6.539302,27.243643,16.577210
2.246398,26.989082,16.577384
-1.823178,26.473872,16.580370
-5.686516,25.831544,16.579449
-9.616849,24.691982,16.574123
-13.219607,23.154616,16.569783
-16.914042,21.371780,16.570886
-20.342466,19.125824,16.579111
-23.626667,16.312605,16.574636
-26.177240,12.886321,16.565871
-27.887466,8.913392,16.569838
-29.021814,4.566879,16.581673
-29.130503,0.078567,16.581852
-28.744956,-4.214331,16.574885
-27.954707,-8.636360,16.572491
-26.491692,-13.093295,16.577771
-24.349700,-17.268787,16.580944
-21.724446,-21.155795,16.576223
-18.541469,-24.869492,16.573036
-14.667567,-28.152042,16.574967
-10.086352,-30.786546,16.573798
-5.126750,-32.592979,16.569263
0.281961,-33.443965,16.576374
5.755053,-33.169134,16.572202
11.039624,-31.753409,16.572140
15.986614,-29.394731,16.575575
20.524416,-26.336615,16.571817
24.559053,-22.637473,16.577738
28.046485,-18.416402,16.575976
30.850035,-13.711240,16.569410
32.788846,-8.598460,16.568046
33.885610,-3.230194,16.570860
34.290303,2.238468,16.571194
33.401658,7.819541,16.574865
31.311266,12.921347,16.579506
28.398552,17.378547,16.581001
23.233513,20.061211,13.570429
19.447462,22.916106,13.571223
15.145328,24.865259,13.569746
10.767225,26.104944,13.569810
6.491177,26.796913,13.572064
2.151848,26.894388,13.573875
-1.786331,26.752960,13.577941
-5.929723,26.436396,13.578994
-9.745342,25.525077,13.575045
-13.587227,23.941371,13.569942
-17.355692,22.229541,13.568518
-20.984733,19.869472,13.569093
-24.424707,16.865432,13.568633
-27.018624,13.186092,13.569974
-28.595253,9.117346,13.576157
-29.712473,4.724846,13.582521
-30.132153,0.011398,13.577660
-29.852628,-4.518535,13.577001
-28.936015,-9.163507,13.579248
-27.366826,-13.628511,13.576317
-25.146237,-17.810155,13.570715
-22.333614,-21.855986,13.568508
-19.042414,-25.803275,13.569514
-15.159661,-29.127258,13.572840
-10.353210,-31.878209,13.572309
-5.228240,-33.925880,13.568733
0.376308,-35.073144,13.578498
6.112825,-34.971644,13.582573
11.596885,-33.401032,13.574426
16.652261,-30.682257,13.571231
21.237532,-27.272570,13.580438
25.048390,-23.277281,13.579325
28.407003,-18.638060,13.576224
30.838797,-13.679276,13.580711
32.227698,-8.341203,13.579257
32.787666,-3.037974,13.570302
32.890405,2.300825,13.579887
31.641874,7.442955,13.581115
29.399839,12.114438,13.574921
26.562970,16.419778,13.571236
22.165935,19.236055,10.580641
18.659943,22.043996,10.576456
14.493217,24.151272,10.574699
10.426721,25.561368,10.578770
6.245212,26.475916,10.582183
2.153464,26.702484,10.578465
-1.938577,26.568324,10.572495
-5.815311,26.118561,10.575777
-9.782060,25.127854,10.579247
-13.424497,23.722096,10.575409
-17.286735,21.858928,10.572555
-20.706916,19.609896,10.574880
-24.064140,16.625586,10.574802
-26.803114,13.078323,10.572333
-28.794814,9.057318,10.574381
-30.224743,4.600452,10.580837
-31.134082,-0.000842,10.580629
-30.976682,-4.664553,10.580272
-29.757015,-9.397297,10.580537
-27.883551,-13.896722,10.578380
-25.511397,-18.154231,10.575815
-22.655650,-22.100309,10.575755
-19.228295,-26.113233,10.571375
-15.210673,-29.487398,10.568914
-10.423502,-32.149224,10.572327
-5.313735,-34.062241,10.575061
0.262058,-35.004485,10.573388
5.933836,-34.739748,10.574018
11.475079,-32.942168,10.575778
16.393334,-30.100123,10.574005
20.734327,-26.801108,10.572190
24.561475,-22.641710,10.578032
27.707563,-18.165982,10.579348
29.961400,-13.413330,10.573829
31.272405,-8.113912,10.574406
31.737377,-2.864046,10.581798
31.601484,2.216202,10.574497
30.256360,7.077317,10.568585
27.980504,11.655168,10.571427
25.279455,15.738884,10.578007
21.449487,18.675514,7.578751
18.093412,21.468418,7.573758
14.313685,23.632183,7.568994
10.248463,25.242842,7.573776
6.194046,26.197655,7.581370
2.214150,26.414942,7.579232
-1.759956,26.084236,7.575629
-5.625443,25.164230,7.574597
-9.270483,24.087291,7.577575
-13.023791,22.784789,7.580298
-16.531607,20.892977,7.577759
-19.865321,18.702673,7.578485
-22.967927,15.938042,7.575586
-25.934093,12.707646,7.572320
-28.564695,9.024294,7.571652
-30.444167,4.660617,7.570104
-31.901572,0.116670,7.574550
-31.813021,-4.956486,7.573229
-30.255949,-9.471166,7.572454
-28.015776,-13.856998,7.576462
-25.511324,-18.102462,7.577177
-22.527259,-22.024751,7.575781
-19.030611,-25.774531,7.573185
-15.044012,-28.974694,7.572502
-10.372496,-31.523323,7.574940
-5.132522,-33.188267,7.578006
0.166187,-33.571431,7.577217
5.623770,-32.787579,7.569783
10.746968,-30.822031,7.574498
15.326337,-28.107272,7.579686
19.395757,-25.007275,7.572275
22.941291,-21.314209,7.574608
25.989768,-17.193281,7.572473
28.397025,-12.677180,7.575359
29.991957,-7.808031,7.580300
30.675889,-2.731059,7.577069
30.377760,2.195883,7.580135
29.085821,6.949283,7.580674
27.077878,11.263641,7.579927
24.474036,15.253408,7.580313
20.901618,18.239843,4.575689
17.686512,20.995653,4.581341
13.957823,23.362487,4.577501
10.231596,24.950412,4.572605
6.106310,25.901964,4.575493
2.061132,26.105702,4.579493
-1.781546,25.636653,4.576557
-5.461059,24.479979,4.579282
-8.957614,23.314352,4.578407
-12.606648,22.079322,4.573753
-15.804104,20.249450,4.580406
-19.192893,18.018394,4.574734
-22.220442,15.360116,4.569307
-25.269959,12.386819,4.569030
-28.253455,8.931871,4.570620
-30.407172,4.641353,4.574179
-32.145264,-0.057483,4.575034
-31.978510,-4.962488,4.576979
-30.174390,-9.449944,4.574767
-27.684400,-13.736135,4.573523
-25.111137,-17.769884,4.579868
-22.111293,-21.499111,4.576199
-18.504251,-24.912213,4.570219
-14.517780,-27.885401,4.568353
-9.980310,-30.331158,4.571889
-5.008330,-31.696092,4.574657
0.148667,-31.706642,4.569063
5.194055,-30.641743,4.578686
10.009957,-28.803229,4.575751
14.355816,-26.397683,4.569315
18.179486,-23.518189,4.580594
21.712648,-20.022528,4.581429
24.572321,-16.188186,4.574584
26.997717,-11.852101,4.576049
28.747700,-7.388468,4.577052
29.588012,-2.680098,4.568561
29.197763,2.086718,4.570478
28.088282,6.754786,4.575770
26.342392,11.004828,4.576622
23.849476,14.904909,4.574446
20.378493,17.818588,1.575814
17.279078,20.527881,1.568386
13.740952,22.982821,1.573843
9.983486,24.629907,1.575770
5.945954,25.501632,1.572394
2.022319,25.814390,1.577188
-1.724576,25.487524,1.571653
-5.547273,24.550114,1.574321
-9.135495,23.412851,1.581585
-12.635137,22.057868,1.582259
-15.918851,20.224659,1.578199
-19.194236,18.030716,1.569026
-22.176854,15.476180,1.573104
-25.218500,12.416378,1.576626
-27.981836,8.922833,1.570475
-30.014645,4.726864,1.573888
-31.436373,0.067510,1.577127
-31.090477,-4.698671,1.574740
-29.324495,-9.251090,1.574603
-27.051313,-13.294929,1.578727
-24.378849,-17.108736,1.578110
-21.350294,-20.651079,1.569814
-17.637477,-23.724714,1.570853
-13.788123,-26.364832,1.575177
-9.550554,-28.671940,1.577328
-4.707773,-29.993200,1.579723
0.131472,-30.079485,1.577717
4.875321,-29.193029,1.575433
9.530779,-27.824506,1.569261
13.909285,-25.830870,1.571504
17.802452,-22.942564,1.581881
21.292369,-19.591727,1.570813
23.964573,-15.793374,1.572993
26.160111,-11.479136,1.578633
27.758386,-7.100003,1.573381
28.468124,-2.503154,1.569464
28.004293,2.124265,1.578743
27.132737,6.531673,1.577150
25.628869,10.728030,1.573772
23.250999,14.558869,1.576757
19.742106,17.305313,-1.419801
16.617018,20.067486,-1.429164
13.361408,22.422472,-1.427753
9.724466,24.019218,-1.425623
5.791705,24.853200,-1.425959
2.002351,25.344345,-1.418887
-1.817562,25.287419,-1.416467
-5.631772,24.846312,-1.427012
-9.304893,23.835625,-1.431014
-12.654340,22.356445,-1.423200
-16.210573,20.530422,-1.420524
-19.367676,18.376610,-1.418662
-22.562705,15.677618,-1.424293
-25.432925,12.423944,-1.430204
-27.692017,8.701567,-1.429556
-29.320862,4.669606,-1.428680
-30.048788,0.016450,-1.425557
-29.388712,-4.434247,-1.422839
-27.943080,-8.752581,-1.421315
-25.924405,-12.772392,-1.422867
-23.266233,-16.224087,-1.427164
-20.214773,-19.571970,-1.427497
-16.756975,-22.175784,-1.425683
-12.937919,-24.627415,-1.426245
-8.981545,-26.786811,-1.427802
-4.479490,-28.153942,-1.427722
0.026656,-28.610603,-1.429568
4.681480,-28.144212,-1.430195
9.325367,-27.252665,-1.425040
13.854137,-25.585657,-1.419256
17.693918,-22.835601,-1.418606
21.129179,-19.619744,-1.418410
23.778602,-15.560576,-1.426196
25.645400,-11.231416,-1.427930
26.891270,-6.887508,-1.422238
27.298027,-2.383490,-1.422287
26.804320,2.107296,-1.430450
26.062245,6.404439,-1.432593
24.687523,10.510978,-1.426615
22.509957,14.113642,-1.419564
18.823460,16.569135,-4.423816
15.968333,19.141150,-4.430077
12.676318,21.460840,-4.431789
9.160597,22.964600,-4.427878
5.560811,23.789797,-4.422111
1.935165,24.386465,-4.418269
-1.729811,24.564375,-4.423018
-5.432366,24.486454,-4.427225
-9.150132,23.660690,-4.428163
-12.685027,22.092030,-4.426915
-16.155274,20.446307,-4.424747
-19.315363,18.274162,-4.427919
-22.382287,15.643067,-4.423401
-25.038915,12.250566,-4.421596
-26.865035,8.458400,-4.426957
-28.195951,4.500817,-4.425300
-28.346362,0.161359,-4.429360
-27.526672,-4.111485,-4.430826
-26.277011,-8.114774,-4.423574
-24.438195,-11.848150,-4.419670
-21.806488,-15.106153,-4.428002
-18.908075,-18.124312,-4.429940
-15.600796,-20.658530,-4.428012
-12.216462,-22.836406,-4.423515
-8.388463,-24.870240,-4.418787
-4.262948,-26.261375,-4.419784
0.015601,-27.061439,-4.425154
4.512716,-27.024049,-4.428905
9.017509,-26.431917,-4.427393
13.453239,-25.039826,-4.423701
17.417782,-22.509016,-4.424340
20.878598,-19.340170,-4.429321
23.367267,-15.399337,-4.427865
25.035004,-10.999471,-4.425004
25.947421,-6.588225,-4.421871
26.063379,-2.239148,-4.418960
25.587603,2.079615,-4.425829
24.825660,6.023791,-4.428725
23.445897,9.967518,-4.426036
21.408970,13.460044,-4.422829
17.573966,15.575881,-7.423773
14.902285,18.027402,-7.427326
11.831425,19.948390,-7.427067
8.495615,21.370171,-7.423805
5.161758,22.314283,-7.422975
1.740023,22.864594,-7.422861
-1.715274,23.091552,-7.419908
-5.189980,23.029701,-7.424928
-8.737131,22.370808,-7.426425
-12.007479,21.190547,-7.421816
-15.450586,19.632742,-7.427190
-18.575452,17.516823,-7.428993
-21.375418,14.944410,-7.423506
-23.660039,11.769166,-7.419262
-25.389850,8.028779,-7.424723
-26.596752,4.284055,-7.431284
-26.599205,0.201015,-7.422758
-25.888423,-3.696806,-7.424216
-24.491523,-7.530111,-7.427304
-22.557240,-10.789277,-7.424017
-20.101655,-13.866037,-7.422928
-17.436556,-16.544809,-7.419496
-14.607097,-19.058255,-7.421158
-11.372631,-21.295088,-7.420694
-7.825374,-23.013426,-7.420027
-4.107017,-24.309652,-7.426123
-0.119519,-25.245827,-7.428786
4.130900,-25.538523,-7.427255
8.484431,-24.895857,-7.424574
12.683720,-23.500091,-7.426603
16.619251,-21.517531,-7.430469
20.056401,-18.498955,-7.423779
22.498158,-14.820997,-7.419774
24.093668,-10.531361,-7.425400
24.747473,-6.332542,-7.429798
24.736974,-2.075558,-7.424517
24.321974,2.002736,-7.420671
23.267664,5.785788,-7.427508
21.686822,9.418366,-7.431373
19.883103,12.581898,-7.426962
16.192897,14.488816,-10.425884
13.724043,16.789356,-10.426836
10.776634,18.382996,-10.428175
7.665190,19.702131,-10.430348
4.637634,20.751417,-10.430340
1.446214,21.203138,-10.425128
-1.624909,21.373251,-10.420156
-4.829176,21.181649,-10.419782
-8.018047,20.696266,-10.425556
-11.414735,19.832557,-10.428212
-14.480677,18.440553,-10.420568
-17.400118,16.481553,-10.423767
-19.950133,13.862670,-10.426797
-21.870713,10.926749,-10.422813
-23.487436,7.635546,-10.421476
-24.711304,4.035295,-10.428047
-24.803473,0.248218,-10.425541
-24.267128,-3.412566,-10.427590
-22.786336,-6.861394,-10.429670
-20.651576,-9.867171,-10.426870
-18.515978,-12.642807,-10.426751
-16.008864,-15.093450,-10.429272
-13.541221,-17.612961,-10.428746
-10.611470,-19.746776,-10.427043
-7.366747,-21.150627,-10.428100
-3.908177,-22.313780,-10.430616
-0.068424,-23.209108,-10.428784
3.903280,-23.612480,-10.422057
7.701208,-22.772099,-10.418870
11.410088,-21.311499,-10.419951
15.353956,-19.804429,-10.423464
18.609572,-17.084930,-10.430708
21.125257,-13.809171,-10.422163
22.738843,-9.913123,-10.422985
23.287945,-5.841236,-10.430185
23.280399,-1.890367,-10.425461
22.928856,1.908249,-10.427127
21.617010,5.448531,-10.428206
19.899314,8.715728,-10.427113
18.164648,11.776259,-10.426081
14.930204,13.509772,-13.419490
12.654101,15.631072,-13.417821
9.811971,17.149926,-13.425157
7.087622,18.357511,-13.424218
4.330302,19.412416,-13.419328
1.393866,19.863206,-13.426694
-1.574779,20.037664,-13.423638
-4.653664,19.793074,-13.425598
-7.603847,19.381602,-13.429302
-10.755234,18.706293,-13.427670
-13.678269,17.304580,-13.429083
-16.339328,15.442917,-13.427881
-18.577679,12.940366,-13.425959
-20.257795,10.164976,-13.422873
-21.705137,7.118689,-13.421161
-22.758141,3.774668,-13.425067
-22.941562,0.284169,-13.423067
-22.549718,-3.102374,-13.425694
-21.202600,-6.286256,-13.432248
-19.241374,-9.064191,-13.428449
-17.312259,-11.652016,-13.418494
-14.981139,-13.887615,-13.427082
-12.664404,-16.172455,-13.428103
-9.927877,-18.081608,-13.421553
-6.767797,-19.327367,-13.418964
-3.544607,-20.280816,-13.421881
-0.240044,-20.914839,-13.426822
3.428535,-21.227194,-13.422035
6.905401,-20.375072,-13.423765
10.163294,-18.986050,-13.425986
13.642162,-17.568206,-13.419933
16.623393,-15.258747,-13.428375
19.272364,-12.506297,-13.431804
20.946875,-9.179513,-13.424670
21.544939,-5.417825,-13.419488
21.643564,-1.646849,-13.422092
21.328899,1.857085,-13.421273
20.000804,5.217618,-13.424224
18.364387,8.201215,-13.426043
16.820371,10.897212,-13.423626
13.754015,12.607399,-16.424824
11.559424,14.600035,-16.429041
9.144925,16.082469,-16.421474
6.578436,17.309297,-16.421106
3.917783,18.277688,-16.427741
1.250844,18.792637,-16.420979
-1.580852,19.032965,-16.419322
-4.406730,18.888732,-16.426546
-7.348596,18.471381,-16.427498
-10.208765,17.740392,-16.420679
-12.847460,16.388511,-16.422853
-15.320327,14.531101,-16.426418
-17.338948,12.208584,-16.425642
-18.931875,9.417298,-16.424154
-20.055059,6.544676,-16.423274
-20.756850,3.540740,-16.420799
-20.944020,0.464857,-16.423712
-20.643426,-2.741643,-16.422067
-19.697870,-5.661862,-16.419885
-18.099789,-8.458993,-16.425000
-16.323540,-10.823981,-16.429272
-14.086207,-12.942099,-16.421204
-11.659040,-14.858001,-16.419615
-9.094675,-16.319456,-16.420335
-6.309857,-17.346756,-16.421231
-3.316692,-18.081128,-16.426765
-0.257486,-18.467661,-16.428301
2.831807,-18.515056,-16.421750
5.989498,-17.977294,-16.424354
8.971631,-16.780885,-16.430849
11.723639,-15.136090,-16.429422
14.431579,-13.207431,-16.430976
17.043580,-11.073678,-16.423307
18.803611,-8.176414,-16.417947
19.526093,-4.749175,-16.422324
19.766267,-1.436435,-16.428406
19.469638,1.763250,-16.431095
18.436034,4.920230,-16.426709
17.080487,7.712575,-16.421948
15.569014,10.272628,-16.421332
12.440727,11.591771,-19.430660
10.447334,13.369576,-19.424228
8.366583,14.867143,-19.428400
5.997654,16.089446,-19.429307
3.569012,16.912103,-19.423118
1.080852,17.511510,-19.423659
-1.570848,17.826694,-19.420898
-4.243600,17.811576,-19.424943
-6.888371,17.435563,-19.432528
-9.545132,16.604226,-19.429633
-12.004457,15.298427,-19.418676
-14.241940,13.462185,-19.423986
-16.018085,11.315243,-19.427199
-17.379830,8.761849,-19.422288
-18.173957,6.093503,-19.422727
-18.569595,3.226855,-19.430954
-18.708896,0.444931,-19.429437
-18.484045,-2.320184,-19.423063
-17.943500,-5.066046,-19.422141
-16.885673,-7.742165,-19.427022
-15.181382,-9.954726,-19.430346
-13.039456,-11.909542,-19.430777
-10.634476,-13.289875,-19.424767
-8.183185,-14.373500,-19.419432
-5.667333,-15.252847,-19.420813
-3.041318,-15.760252,-19.424862
-0.372379,-15.909644,-19.423661
2.278932,-15.711196,-19.425742
5.094547,-15.489246,-19.425366
7.782306,-14.614080,-19.425222
10.019501,-12.906162,-19.427809
12.323462,-11.355496,-19.424514
14.718095,-9.500999,-19.427298
16.351457,-7.024615,-19.430432
17.224472,-4.110128,-19.426275
17.606585,-1.141164,-19.419295
17.312631,1.737814,-19.418907
16.662010,4.565573,-19.425977
15.648898,7.154238,-19.432822
14.185509,9.543483,-19.434557
10.788985,10.293649,-22.423863
9.029921,11.828849,-22.424749
7.278140,13.236397,-22.425438
5.243781,14.347700,-22.428025
3.006410,15.056963,-22.426178
0.853267,15.662437,-22.419283
-1.452937,15.995824,-22.428212
-3.895241,16.083947,-22.427053
-6.297302,15.777521,-22.418008
-8.606604,14.984028,-22.420151
-10.854107,13.818236,-22.424764
-12.760365,12.160384,-22.425241
-14.286625,10.130828,-22.425630
-15.358769,7.841356,-22.426128
-15.905149,5.369288,-22.425008
-16.070893,2.942176,-22.425006
-16.163216,0.604493,-22.425878
-16.016358,-1.810426,-22.422252
-15.816001,-4.264464,-22.423839
-15.202526,-6.774002,-22.431344
-13.618909,-8.780159,-22.430767
-11.703413,-10.457010,-22.430311
-9.394602,-11.430864,-22.429542
-7.172393,-12.192330,-22.425159
-4.962403,-12.923489,-22.424777
-2.745713,-13.263983,-22.429656
-0.505945,-13.269804,-22.426688
1.804194,-12.959084,-22.426957
4.162236,-12.879057,-22.429097
6.495355,-12.429904,-22.425530
8.597068,-11.136474,-22.419665
10.697043,-9.725600,-22.422453
12.426409,-7.889488,-22.424598
13.732364,-5.715210,-22.425453
14.666295,-3.353792,-22.425895
15.074064,-0.862440,-22.427225
14.800900,1.651193,-22.430490
14.459818,4.074582,-22.424972
13.720270,6.468626,-22.419534
12.402033,8.542605,-22.420976
8.662782,8.607184,-25.420425
7.200932,9.863606,-25.428467
5.791211,11.074100,-25.431350
4.129912,12.007910,-25.428747
2.350785,12.553591,-25.424763
0.510521,13.123633,-25.421271
-1.385765,13.433558,-25.427678
-3.404712,13.568441,-25.425270
-5.384137,13.353113,-25.420981
-7.372029,12.672617,-25.425338
-9.266743,11.787820,-25.423172
-10.860532,10.328144,-25.427363
-11.988543,8.556028,-25.425380
-12.728927,6.604659,-25.424286
-13.064854,4.542704,-25.429287
-13.108328,2.615325,-25.424608
-13.163470,0.685319,-25.421021
-13.099985,-1.230814,-25.419683
-13.144729,-3.352702,-25.422925
-12.857123,-5.518778,-25.425866
-11.520847,-7.171828,-25.421133
-9.899437,-8.521460,-25.421641
-7.861452,-9.167625,-25.425064
-5.987235,-9.666028,-25.422831
-4.227686,-10.217356,-25.418795
-2.392682,-10.454726,-25.421007
-0.546669,-10.368953,-25.427431
1.198780,-10.072355,-25.427965
3.037776,-9.984740,-25.429424
5.121816,-9.934864,-25.428155
7.220706,-9.325644,-25.422708
8.933940,-8.108552,-25.426999
9.872676,-6.174583,-25.424971
10.748148,-4.362368,-25.424896
11.701083,-2.498268,-25.426140
12.061387,-0.522377,-25.422670
11.833197,1.552411,-25.420512
11.655799,3.566554,-25.426870
11.146330,5.476429,-25.428657
10.040068,7.181122,-25.422367
5.709560,6.331496,-28.423795
4.714798,7.204795,-28.424471
3.726042,8.098724,-28.428345
2.589199,8.744600,-28.426262
1.316125,9.147490,-28.420130
0.060861,9.566043,-28.420642
-1.293923,9.815464,-28.422655
-2.682299,9.942915,-28.424713
-4.159283,9.815088,-28.425871
-5.546380,9.392412,-28.426117
-6.996743,8.822052,-28.427845
-8.115797,7.751722,-28.428140
-8.779835,6.398867,-28.424489
-9.153032,4.946985,-28.422838
-9.322807,3.518220,-28.426703
-9.307725,2.136085,-28.428233
-9.327502,0.809954,-28.425021
-9.344486,-0.507715,-28.426052
-9.547612,-2.021895,-28.429111
-9.559121,-3.634156,-28.428196
-8.565459,-4.869806,-28.428249
-7.419826,-5.781774,-28.425624
-5.890144,-6.174531,-28.423502
-4.466406,-6.445343,-28.424289
-3.246635,-6.785396,-28.424819
-1.928859,-6.928814,-28.424053
-0.665591,-6.824957,-28.425254
0.523163,-6.593699,-28.427655
1.781427,-6.482176,-28.429158
3.335090,-6.691081,-28.428702
5.112773,-6.724022,-28.427119
6.374375,-5.767160,-28.427216
6.615859,-4.000431,-28.429143
7.138880,-2.707471,-28.423299
7.919174,-1.467058,-28.422749
8.168335,-0.047949,-28.428843
8.005080,1.440184,-28.421728
7.917854,2.831192,-28.422900
7.537948,4.185698,-28.426309
6.688968,5.373621,-28.425377
-1.026416,0.932872,-31.424929
16.133506,18.837036,28.575071
12.552164,20.307118,28.575071
8.923131,20.910197,28.575071
5.448217,20.832306,28.575071
2.136813,20.172816,28.575071
-0.734069,19.059633,28.575071
-3.268984,17.490669,28.575071
-5.275190,15.565213,28.575071
-6.699485,13.409287,28.575071
-7.613204,11.100206,28.575071
-8.083334,8.865266,28.575071
-8.228026,6.885219,28.575071
-8.171640,5.198574,28.575071
-7.992496,3.720534,28.575071
-7.719701,2.358055,28.575071
-7.406453,1.208975,28.575071
-7.020661,0.082173,28.575071
-6.603487,-0.926754,28.575071
-6.125403,-1.908266,28.575071
-5.586061,-2.857501,28.575071
-4.985021,-3.768931,28.575071
-4.258525,-4.712786,28.575071
-3.458231,-5.595155,28.575071
-2.432002,-6.532298,28.575071
-1.229072,-7.409955,28.575071
0.243098,-8.235175,28.575071
1.896629,-8.913360,28.575071
3.812030,-9.437257,28.575071
6.073663,-9.754057,28.575071
8.655553,-9.762637,28.575071
11.506047,-9.352749,28.575071
14.536677,-8.396573,28.575071
17.514262,-6.795695,28.575071
20.270728,-4.365885,28.575071
22.310193,-1.302476,28.575071
23.534863,2.272495,28.575071
23.820007,6.131921,28.575071
23.123377,9.969179,28.575071
21.560598,13.470548,28.575071
18.297445,15.830772,25.972497
15.229946,17.912029,25.974090
11.652363,18.879211,25.978175
7.877529,18.520817,25.977329
4.420465,17.349382,25.972696
1.711534,16.091874,25.972046
-0.597106,14.580895,25.970268
-2.438026,13.152843,25.974233
-3.874948,11.789196,25.980510
-5.041576,10.452883,25.979674
-6.081974,9.148509,25.970769
-6.632974,7.600264,25.974665
-7.103371,6.128001,25.981308
-7.591425,4.998715,25.979566
-8.305648,3.782068,25.973120
-9.961566,2.651229,25.971445
-12.116728,1.013898,25.976773
-11.541767,-0.721111,25.975925
-9.773659,-2.047705,25.976356
-9.073698,-3.508029,25.978020
-8.846020,-5.341704,25.972684
-4.150117,-2.887972,25.972026
-3.613180,-3.737231,25.981104
-2.882330,-4.380754,25.976784
-1.509026,-3.383638,25.973369
-0.647077,-2.985579,25.979308
0.121758,-5.372701,25.978663
1.757633,-8.233950,25.977618
4.952153,-12.437423,25.978323
7.993009,-13.075453,25.972616
10.445650,-12.047754,25.969145
14.105757,-11.777025,25.977929
16.984415,-10.114482,25.979632
19.610175,-7.725623,25.975302
21.880232,-4.828332,25.972976
22.776186,-1.364500,25.975093
22.985548,2.274670,25.978109
23.728556,6.137020,25.981365
23.459528,10.094345,25.980569
21.182933,13.299984,25.975673
16.599132,14.474382,23.375478
13.595696,16.153839,23.374010
10.121422,16.717387,23.370366
6.658188,16.028964,23.372381
3.754789,14.863225,23.375484
1.362135,13.675490,23.371802
-0.478236,12.464690,23.378009
-2.057409,11.274128,23.377312
-3.273131,10.201252,23.375055
-4.362657,9.154996,23.376851
-5.422834,8.241755,23.371857
-6.168075,7.074294,23.370673
-6.920365,6.053135,23.373530
-7.975913,5.119092,23.374602
-9.382144,4.132542,23.371416
-12.301147,2.990965,23.370815
-15.150714,0.901482,23.376618
-14.748133,-1.418343,23.373331
-13.132257,-3.261685,23.372035
-12.224858,-5.188600,23.375117
-5.179649,-2.481331,23.368280
-4.083279,-2.793789,23.375307
-3.676072,-3.881294,23.380127
-2.872944,-4.357420,23.375561
-2.021925,-5.145339,23.370257
-1.437981,-9.082569,23.376902
0.371467,-11.774327,23.375373
2.759596,-13.547369,23.373749
6.098451,-15.618435,23.376464
9.511850,-15.860585,23.379479
12.309363,-14.470088,23.378912
15.743468,-13.337021,23.376749
18.455525,-11.102909,23.375072
20.841671,-8.265987,23.379183
22.539929,-5.056916,23.378475
22.618954,-1.291182,23.369670
22.066881,2.276615,23.376493
22.608615,5.887432,23.379500
22.288161,9.609110,23.376940
19.608868,12.454704,23.376007
14.169507,12.590272,20.774082
11.503500,13.860846,20.777040
8.486163,14.248467,20.776669
5.576000,13.773633,20.773716
3.119981,12.924963,20.772752
1.152928,12.065198,20.774383
-0.441962,11.216109,20.774879
-1.807613,10.417308,20.777709
-3.053593,9.640719,20.775823
-4.188602,8.899539,20.769287
-5.335617,8.176648,20.777886
-6.428427,7.374398,20.781385
-7.642927,6.554210,20.776835
-9.221584,5.659938,20.772863
-11.235200,4.667980,20.775203
-14.693698,3.269994,20.780032
-17.429199,0.891070,20.772568
-17.417613,-1.902903,20.775766
-16.190133,-4.416168,20.779145
-15.230708,-6.843581,20.776378
-14.006005,-9.443500,20.774121
-11.617616,-10.776438,20.775577
-9.768846,-12.878880,20.775503
-7.849367,-15.109574,20.775918
-5.321963,-16.842275,20.776333
-2.577371,-18.167266,20.774913
0.589678,-19.020148,20.773939
3.857784,-19.220318,20.774674
7.243790,-18.907119,20.776520
10.618494,-18.010363,20.777143
13.898099,-16.465196,20.777383
16.933957,-14.489343,20.780124
19.452470,-11.766585,20.776417
21.378916,-8.520757,20.774673
22.299373,-4.946459,20.775672
21.905917,-1.211894,20.775620
20.983835,2.168254,20.780358
19.885462,5.371708,20.776775
18.464506,8.210263,20.771388
16.472622,10.715373,20.771329
11.620876,10.590729,18.178076
9.310801,11.555705,18.179026
6.938484,11.967244,18.175531
4.788688,11.936054,18.171052
2.788343,11.555637,18.168909
1.074999,11.022307,18.168972
-0.403674,10.540099,18.176375
-1.761274,10.074239,18.177481
-3.121651,9.615047,18.172590
-4.371580,9.204540,18.173838
-5.688834,8.632684,18.175987
-7.279321,8.111554,18.177851
-9.071952,7.448985,18.176138
-11.012164,6.503626,18.173582
-13.489973,5.320600,18.174444
-16.855491,3.488227,18.174061
-19.278249,0.754715,18.173490
-19.577993,-2.264545,18.172837
-18.859229,-5.364207,18.172068
-17.596594,-8.184310,18.172099
-16.138947,-11.055587,18.174678
-15.662040,-15.256191,18.179368
-13.455072,-18.240687,18.172893
-10.465500,-20.620970,18.173513
-7.049153,-22.740139,18.178335
-3.212817,-23.747597,18.174383
0.733778,-23.724386,18.173699
4.662585,-23.073297,18.174648
8.182085,-21.375822,18.176220
11.524155,-19.467117,18.177755
14.902797,-17.712269,18.179586
17.565455,-14.958851,18.180830
19.787146,-11.940121,18.173839
21.151094,-8.402504,18.171063
21.325447,-4.673864,18.175308
20.738570,-1.129925,18.176230
19.547127,2.150754,18.172905
17.435076,4.856161,18.174421
15.342765,7.057963,18.177097
13.545512,9.028964,18.177603
9.581469,9.007915,15.578145
7.650753,9.760368,15.578585
5.882890,10.265443,15.573734
4.081859,10.607192,15.574112
2.492491,10.640760,15.578947
0.919444,10.418587,15.571958
-0.418023,10.283369,15.569542
-1.754560,10.146830,15.576286
-3.212203,9.976157,15.579492
-4.789463,9.802402,15.568922
-6.319387,9.370259,15.574159
-8.254241,9.084401,15.577158
-10.611513,8.493923,15.572101
-12.949439,7.399198,15.572642
-15.622291,5.931762,15.577984
-18.532145,3.693370,15.572551
-20.613604,0.786657,15.569920
-21.252422,-2.663169,15.576912
-20.837810,-6.112009,15.579562
-19.518821,-9.248020,15.576099
-17.759837,-12.314542,15.576986
-16.994062,-16.557793,15.580432
-14.560998,-19.951931,15.574057
-11.281202,-22.448758,15.575105
-7.644847,-24.670635,15.579783
-3.445656,-25.972826,15.574872
0.831017,-25.791449,15.573974
5.037892,-24.792665,15.577614
8.691954,-22.675293,15.579901
12.017120,-20.324598,15.578800
15.164563,-18.058768,15.575537
17.389388,-14.844573,15.570883
19.286416,-11.635609,15.569427
20.158467,-8.034859,15.576311
19.882643,-4.323700,15.577644
19.235707,-0.971374,15.570215
17.904928,2.069036,15.576540
15.577436,4.537936,15.573981
13.361836,6.325348,15.570758
11.434814,7.857612,15.574236
8.394930,8.097223,12.970321
6.709267,8.816323,12.976871
5.227393,9.387802,12.975431
3.843428,9.880853,12.970681
2.419257,10.231303,12.971587
0.956557,10.319594,12.973657
-0.385079,10.424318,12.970343
-1.846013,10.520838,12.972061
-3.437467,10.532548,12.977826
-5.145916,10.494783,12.970859
-6.951553,10.176756,12.969299
-9.265623,9.933436,12.975646
-11.745776,9.337571,12.980152
-14.425166,8.097758,12.977759
-17.203852,6.332751,12.972189
-19.636850,3.916491,12.970111
-21.536391,0.766052,12.974539
-22.407676,-2.912825,12.972467
-22.183274,-6.600693,12.969064
-20.872896,-10.011651,12.971098
-18.989756,-13.300159,12.976320
-17.635816,-17.246196,12.981476
-15.080283,-20.615042,12.978401
-11.622987,-23.222262,12.977230
-7.743931,-25.284236,12.974971
-3.595038,-26.338644,12.969672
0.802150,-26.083176,12.975885
5.049254,-24.871357,12.974301
8.716180,-22.948101,12.970396
12.050556,-20.426720,12.969192
14.716571,-17.581628,12.971627
16.618479,-14.169154,12.978779
18.125966,-10.780066,12.975001
18.583597,-7.202830,12.973578
18.200353,-3.759899,12.979101
17.563764,-0.655750,12.979460
16.259840,1.983356,12.971447
14.187956,4.221360,12.973645
12.048930,5.875372,12.975020
10.110489,7.165356,12.970309
8.028010,7.824044,10.371963
6.555691,8.644845,10.370596
5.133049,9.289605,10.373927
3.794447,9.834219,10.377616
2.445919,10.348101,10.375660
1.044073,10.688822,10.370998
-0.499471,10.948887,10.375634
-2.053715,11.116829,10.381490
-3.617288,11.153052,10.379152
-5.418893,11.049010,10.375060
-7.451570,10.825669,10.380204
-9.703172,10.427963,10.380302
-12.243277,9.689384,10.379680
-15.104788,8.415735,10.379941
-17.896707,6.532018,10.374324
-20.261598,3.960161,10.370471
-22.028053,0.670190,10.374481
-22.924662,-2.952336,10.375132
-22.863485,-6.816493,10.371976
-21.717354,-10.480668,10.370534
-19.796155,-13.964542,10.371120
-17.836706,-17.559448,10.370777
-15.135799,-20.772954,10.370072
-11.648467,-23.383092,10.371998
-7.678519,-25.087479,10.375914
-3.496550,-25.684197,10.379198
0.822040,-25.284519,10.380762
4.812037,-23.974883,10.377560
8.513817,-22.161036,10.377531
11.591867,-19.701349,10.378444
13.881211,-16.431872,10.376761
15.530652,-13.087442,10.377975
16.538891,-9.740055,10.377168
16.797170,-6.392650,10.372395
16.583136,-3.377942,10.373478
16.029570,-0.548611,10.378596
14.720342,2.027891,10.371099
13.010685,4.054474,10.370307
11.300750,5.571979,10.373085
9.554498,6.855476,10.373315
8.087210,7.884191,7.768078
6.758206,8.857745,7.776456
5.301938,9.603819,7.774752
3.882839,10.169179,7.770006
2.586057,10.715713,7.773010
1.038154,11.271549,7.771040
-0.458435,11.537558,7.776396
-2.102981,11.670035,7.781986
-3.853980,11.616949,7.779225
-5.597493,11.357294,7.777017
-7.707506,11.205494,7.778562
-9.819269,10.536061,7.774398
-12.243615,9.619069,7.776390
-15.062617,8.476972,7.778354
-17.907068,6.593088,7.769665
-20.390580,3.933872,7.772781
-22.031820,0.683313,7.776577
-22.855624,-2.978312,7.777000
-22.946526,-6.868897,7.776094
-22.063284,-10.740498,7.775761
-20.198240,-14.149817,7.777350
-17.750343,-17.446934,7.780082
-14.966899,-20.462744,7.772156
-11.553016,-22.984415,7.770075
-7.578701,-24.347876,7.774073
-3.334140,-24.482227,7.771742
0.745997,-23.978316,7.771078
4.600164,-22.625156,7.774109
7.998492,-20.919664,7.774658
10.905310,-18.446515,7.776485
12.909926,-15.231244,7.778393
14.417625,-12.045772,7.771146
15.058765,-8.720689,7.770542
15.278778,-5.666378,7.777389
15.259100,-2.968037,7.778392
14.733131,-0.321628,7.773082
13.655677,1.895119,7.776575
12.225998,3.908229,7.779347
10.817474,5.476465,7.774725
9.447442,6.758662,7.768154
8.257943,8.030678,5.181947
7.044949,9.075225,5.177852
5.566906,9.913595,5.172113
4.068884,10.470976,5.173539
2.574186,11.022332,5.179917
1.076993,11.580932,5.175275
-0.489391,11.808135,5.176786
-2.095323,11.855361,5.177999
-3.897789,11.702209,5.175419
-5.572908,11.351144,5.177992
-7.737556,11.190149,5.176465
-9.695084,10.322020,5.170860
-11.892579,9.361126,5.171889
-14.765337,8.286706,5.175982
-17.561312,6.505533,5.174397
-20.108420,3.900683,5.176796
-21.643158,0.716080,5.175257
-22.301936,-2.861652,5.174281
-22.501392,-6.640505,5.171616
-21.912786,-10.552322,5.168971
-19.966928,-14.055060,5.173131
-17.326592,-17.038456,5.178719
-14.498103,-19.841884,5.177950
-11.110966,-22.191214,5.174888
-7.183017,-23.249568,5.175599
-3.174703,-23.096207,5.177606
0.666045,-22.591149,5.175080
4.314772,-21.354561,5.172855
7.577051,-19.649120,5.173986
10.286403,-17.274818,5.177342
12.236687,-14.299244,5.180332
13.630393,-11.423726,5.179666
14.165742,-8.188172,5.171944
14.399962,-5.335949,5.175510
14.449033,-2.724040,5.180411
13.948111,-0.266127,5.174501
12.964057,1.912961,5.170098
11.838139,3.762791,5.172879
10.636195,5.419767,5.178537
9.457529,6.807983,5.182036
8.327728,8.092236,2.579838
7.048390,9.129536,2.572640
5.620145,9.953180,2.573460
4.068702,10.499692,2.576722
2.571197,10.847061,2.570452
1.083663,11.242631,2.567703
-0.436761,11.409368,2.575979
-2.090429,11.401363,2.579537
-3.724810,11.260521,2.576818
-5.349832,10.981845,2.579088
-7.313953,10.728234,2.572281
-9.245642,9.976800,2.573791
-11.382113,9.096028,2.577870
-14.147669,8.048255,2.578429
-17.072047,6.284464,2.579779
-19.492691,3.890644,2.578333
-20.918472,0.795682,2.575821
-21.405868,-2.680277,2.571850
-21.511320,-6.322135,2.573983
-20.963187,-10.099996,2.580031
-19.176917,-13.400155,2.577645
-16.587119,-16.237042,2.570730
-13.829567,-18.754720,2.576706
-10.574669,-20.819534,2.578428
-6.765852,-21.803115,2.573410
-3.016782,-21.757929,2.573745
0.696391,-21.373170,2.573821
4.163334,-20.352953,2.572110
7.227184,-18.825986,2.569944
9.938810,-16.623616,2.573475
11.958796,-14.001637,2.578168
13.456348,-11.184892,2.572883
14.079157,-8.080668,2.571519
14.322738,-5.328644,2.570075
14.288085,-2.705128,2.571187
13.712330,-0.241193,2.575470
12.813338,1.882475,2.572535
11.730835,3.790250,2.573129
10.689509,5.343753,2.577547
9.540324,6.821493,2.581361
8.272019,8.053014,-0.022191
6.866551,8.965812,-0.028324
5.477591,9.743421,-0.027554
4.007327,10.273581,-0.022428
2.430048,10.419734,-0.023342
0.963593,10.558222,-0.029573
-0.399787,10.645985,-0.027426
-1.871556,10.628336,-0.022766
-3.449360,10.567563,-0.023180
-5.126657,10.462914,-0.022432
-6.865846,10.050003,-0.019345
-8.804454,9.556207,-0.025527
-11.007927,8.861591,-0.025991
-13.612497,7.728132,-0.018083
-16.339849,6.128063,-0.021643
-18.730223,3.755168,-0.028887
-19.973677,0.739276,-0.029432
-20.290485,-2.409278,-0.025191
-20.045959,-5.764146,-0.022026
-19.301524,-9.163247,-0.020936
-17.797506,-12.403073,-0.021091
-15.509026,-15.014156,-0.025362
-12.743697,-17.300972,-0.023682
-9.708399,-18.965675,-0.025534
-6.280435,-20.013925,-0.026576
-2.835813,-20.438237,-0.023545
0.632767,-20.275700,-0.029298
3.921129,-19.548538,-0.027745
7.018171,-18.221421,-0.022317
9.770689,-16.288936,-0.018209
11.939050,-13.986259,-0.019147
13.591007,-11.290753,-0.026897
14.402824,-8.361870,-0.027214
14.700982,-5.412215,-0.024379
14.513421,-2.696767,-0.024999
13.831648,-0.259243,-0.028365
12.954095,1.883870,-0.029656
11.884982,3.809795,-0.023907
10.743972,5.466088,-0.018401
9.589603,6.851453,-0.018109
8.167551,7.980685,-2.620250
6.660189,8.766309,-2.619414
5.325054,9.490028,-2.621637
3.845675,10.059322,-2.624740
2.329234,10.114505,-2.625536
0.922961,10.081683,-2.625301
-0.378555,10.141991,-2.629760
-1.780892,10.148872,-2.627128
-3.290474,10.147150,-2.619285
-4.987478,10.187033,-2.626547
-6.505376,9.660178,-2.629123
-8.584879,9.311974,-2.626218
-10.888335,8.696434,-2.628122
-13.124557,7.514280,-2.628692
-15.674478,5.914822,-2.622511
-17.801103,3.638362,-2.627111
-18.829941,0.812727,-2.630433
-19.028451,-2.221286,-2.627869
-18.353800,-5.128273,-2.625540
-17.262204,-8.062107,-2.627378
-16.079391,-11.033299,-2.628882
-14.076854,-13.420107,-2.625277
-11.495244,-15.358569,-2.623324
-8.606782,-16.725638,-2.623365
-5.707236,-17.898928,-2.625768
-2.582474,-18.941121,-2.627109
0.635542,-19.005173,-2.621375
3.732241,-18.560645,-2.621042
6.737151,-17.483370,-2.623918
9.530526,-15.858001,-2.626238
11.899366,-13.854422,-2.625206
13.584096,-11.352051,-2.620868
14.658972,-8.531345,-2.625565
15.051439,-5.644476,-2.631102
14.764375,-2.850286,-2.628714
13.989619,-0.249990,-2.622724
13.148295,1.901654,-2.623298
12.102444,3.838923,-2.627753
10.920628,5.480343,-2.628608
9.602712,6.887941,-2.624466
8.168278,7.889620,-5.227336
6.652469,8.664695,-5.224233
5.229873,9.420466,-5.223576
3.854407,10.042311,-5.224347
2.454426,10.302771,-5.221981
0.940827,10.354728,-5.222413
-0.472785,10.489297,-5.223936
-1.884686,10.545430,-5.222496
-3.406522,10.540289,-5.222766
-5.102941,10.527235,-5.229514
-6.693711,9.921483,-5.227278
-8.737798,9.504954,-5.223916
-10.946306,8.753594,-5.224163
-12.942017,7.434258,-5.224103
-15.091250,5.737045,-5.222734
-16.810148,3.472895,-5.222472
-17.612831,0.851805,-5.221470
-17.670808,-1.926726,-5.226858
-16.735543,-4.569971,-5.229112
-15.403453,-6.985903,-5.224500
-14.147209,-9.527035,-5.221609
-12.376029,-11.630787,-5.222848
-10.022036,-13.221363,-5.225213
-7.496719,-14.301382,-5.228142
-5.036670,-15.530941,-5.229873
-2.346567,-16.862245,-5.228602
0.495861,-17.082105,-5.226831
3.450580,-16.871181,-5.227788
6.214269,-16.010263,-5.227642
8.899983,-14.731285,-5.226490
11.321753,-13.131769,-5.226678
13.014534,-10.725962,-5.226605
14.268936,-8.251915,-5.224720
14.828312,-5.499888,-5.221642
14.569331,-2.746748,-5.222437
13.947281,-0.271273,-5.227875
13.175128,1.965995,-5.229693
12.238160,3.823453,-5.222572
11.006051,5.511951,-5.218686
9.643354,6.848432,-5.223642
8.080493,7.857130,-7.827747
6.651782,8.714325,-7.831966
5.264537,9.453718,-7.827104
3.957433,10.173619,-7.820995
2.550903,10.876197,-7.821071
1.101730,11.203587,-7.819806
-0.456729,11.475715,-7.824428
-2.105870,11.616848,-7.828037
-3.774214,11.539692,-7.824146
-5.585142,11.248065,-7.819147
-7.314266,10.626489,-7.820044
-9.221143,9.959125,-7.823666
-11.138848,8.936397,-7.826973
-12.895347,7.466418,-7.827099
-14.505958,5.626640,-7.826660
-15.685253,3.374715,-7.828781
-16.302199,0.910560,-7.822167
-16.220846,-1.640254,-7.820597
-15.243511,-4.063093,-7.820712
-13.720277,-6.106654,-7.823251
-12.239449,-7.948609,-7.829521
-10.660301,-9.828016,-7.828594
-8.586809,-11.111049,-7.826670
-6.407063,-12.054272,-7.822629
-4.301694,-13.140363,-7.821434
-2.068734,-14.104324,-7.825212
0.384373,-14.290853,-7.826383
2.931844,-14.145064,-7.824737
5.376625,-13.538850,-7.824472
7.680382,-12.637478,-7.826050
9.874373,-11.390725,-7.825743
11.600800,-9.525429,-7.822360
12.977932,-7.369566,-7.824948
13.731449,-4.964947,-7.829928
13.835337,-2.501461,-7.826797
13.565597,-0.243371,-7.821136
12.971365,1.953617,-7.828212
12.094016,3.867232,-7.823654
10.917283,5.497297,-7.817343
9.512041,6.823497,-7.820988
7.920879,7.770998,-10.418424
6.641536,8.753257,-10.426855
5.314442,9.503578,-10.427863
4.011578,10.289485,-10.424355
2.700673,11.352947,-10.424716
1.148889,12.015709,-10.424013
-0.499222,12.396381,-10.424502
-2.262522,12.583215,-10.424883
-4.091464,12.388111,-10.425194
-5.862703,11.841369,-10.426895
-7.787464,11.254750,-10.427430
-9.516986,10.254411,-10.427084
-11.178540,8.966007,-10.424504
-12.734326,7.349054,-10.423246
-13.814631,5.373016,-10.422310
-14.449224,3.212203,-10.419512
-14.857410,0.991739,-10.429031
-14.651376,-1.315296,-10.423929
-13.768358,-3.503989,-10.422118
-12.226973,-5.225089,-10.429086
-10.472876,-6.636146,-10.427514
-9.117692,-8.230187,-10.424487
-7.410114,-9.263499,-10.423405
-5.507296,-10.159948,-10.424490
-3.667561,-10.960307,-10.425982
-1.716479,-11.434308,-10.425877
0.294433,-11.488448,-10.424310
2.374118,-11.285070,-10.424469
4.345666,-10.886802,-10.426813
6.311658,-10.190366,-10.425959
8.152497,-9.191094,-10.423068
9.877266,-7.871041,-10.426371
11.199460,-6.154911,-10.429374
12.112824,-4.266971,-10.425944
12.701027,-2.177638,-10.419402
12.826317,-0.090400,-10.419876
12.457659,1.884809,-10.428077
11.694683,3.753655,-10.424328
10.612701,5.338172,-10.415325
9.238890,6.690692,-10.413550
7.659993,7.510760,-13.019053
6.579210,8.614056,-13.026053
5.241736,9.474516,-13.028836
3.978503,10.195023,-13.028071
2.697017,11.282083,-13.029848
1.150661,12.108432,-13.025655
-0.475506,12.493079,-13.023192
-2.313724,12.646954,-13.023615
-4.086353,12.349929,-13.023870
-5.783362,11.655937,-13.022878
-7.692347,11.127762,-13.021483
-9.191494,9.906772,-13.019956
-10.629816,8.520646,-13.021706
-11.931303,6.979257,-13.020968
-12.646052,5.052471,-13.021178
-12.991185,3.041382,-13.029718
-13.247419,1.005267,-13.024462
-12.888117,-1.049606,-13.027541
-12.139008,-2.924662,-13.028731
-10.783081,-4.474595,-13.024102
-9.129006,-5.567893,-13.021570
-7.849885,-6.868021,-13.020107
-6.418221,-7.863210,-13.027877
-4.870565,-8.714647,-13.022827
-3.216431,-9.220900,-13.023187
-1.457613,-9.342905,-13.028969
0.288632,-9.337996,-13.020255
1.948529,-9.114836,-13.023936
3.607021,-8.810253,-13.022191
5.242332,-8.229161,-13.022687
6.780265,-7.371776,-13.028746
8.308856,-6.379066,-13.027270
9.518535,-5.024549,-13.028433
10.510230,-3.485023,-13.024916
11.318424,-1.848591,-13.023265
11.757466,-0.003704,-13.030272
11.546442,1.880196,-13.028808
10.895784,3.595947,-13.025279
9.915854,5.118666,-13.021465
8.747470,6.414164,-13.017955
7.075726,7.096066,-15.623592
6.231762,8.242722,-15.628751
5.034280,9.143785,-15.630247
3.755991,9.752313,-15.627112
2.456071,10.559087,-15.623154
1.087464,11.258643,-15.619293
-0.463145,11.560703,-15.621400
-2.082740,11.588441,-15.625726
-3.681857,11.259071,-15.626700
-5.202584,10.572221,-15.624232
-6.863325,10.052198,-15.621727
-8.018885,8.836189,-15.624532
-9.155023,7.595376,-15.627330
-10.336815,6.212429,-15.628420
-10.906636,4.566877,-15.628323
-11.245703,2.816431,-15.624775
-11.379176,1.088360,-15.620774
-10.932428,-0.617161,-15.624641
-10.303830,-2.250876,-15.627147
-9.405952,-3.678772,-15.624764
-8.007468,-4.722120,-15.621953
-6.710667,-5.643440,-15.621180
-5.604717,-6.693531,-15.626964
-4.305480,-7.541355,-15.623515
-2.749327,-7.729593,-15.622237
-1.213346,-7.572113,-15.627761
0.186137,-7.541028,-15.628144
1.567700,-7.314048,-15.625647
2.974537,-7.129771,-15.624345
4.380388,-6.608960,-15.621039
5.580736,-5.849793,-15.620052
6.904796,-5.085269,-15.626685
7.963048,-3.990421,-15.627258
8.889649,-2.762936,-15.620999
9.804777,-1.373891,-15.621606
10.363349,0.184967,-15.630955
10.250578,1.840679,-15.626153
9.706420,3.351901,-15.621369
8.901170,4.715839,-15.620340
7.982750,5.929693,-15.620764
6.104479,6.295178,-18.225446
5.435600,7.442545,-18.226720
4.471645,8.271330,-18.226250
3.277426,8.722250,-18.223055
2.092602,9.118132,-18.220458
0.859241,9.558642,-18.227373
-0.427626,9.698938,-18.224466
-1.691455,9.595151,-18.221209
-2.950473,9.294734,-18.224036
-4.147221,8.764165,-18.224252
-5.405123,8.203807,-18.229596
-6.225253,7.160062,-18.224047
-7.058741,6.149275,-18.224586
-8.009050,5.125111,-18.228742
-8.597087,3.888204,-18.222962
-9.051857,2.555445,-18.221908
-9.115138,1.138522,-18.224008
-8.621084,-0.177492,-18.224102
-8.151089,-1.439291,-18.224913
-7.729532,-2.753139,-18.224271
-6.843454,-3.761569,-18.222296
-5.558717,-4.364565,-18.224319
-4.774535,-5.389197,-18.220164
-3.664266,-6.188964,-18.225562
-2.317090,-6.128067,-18.230369
-0.996376,-5.815920,-18.226658
0.151901,-5.765193,-18.225398
1.224630,-5.544126,-18.229226
2.387433,-5.446759,-18.229922
3.462573,-5.012768,-18.223983
4.410363,-4.327942,-18.220299
5.457180,-3.744738,-18.224504
6.362841,-2.883542,-18.226636
7.177735,-1.929152,-18.227965
8.019517,-0.848605,-18.224501
8.573347,0.383252,-18.220441
8.506256,1.741292,-18.229059
8.060495,3.037318,-18.227977
7.422673,4.223271,-18.222656
6.749186,5.271496,-18.223109
4.377462,4.994043,-20.823279
3.880120,5.769641,-20.821551
3.211983,6.380709,-20.821997
2.319561,6.725908,-20.826327
1.415281,6.854944,-20.829786
0.542155,6.947390,-20.826104
-0.297010,6.933116,-20.827710
-1.160202,6.776288,-20.827287
-1.974789,6.566465,-20.821194
-2.813782,6.308335,-20.825662
-3.530070,5.802760,-20.824840
-4.041424,5.132786,-20.823575
-4.534535,4.454796,-20.823172
-5.101028,3.785603,-20.821493
-5.637151,3.044166,-20.822686
-6.139906,2.193287,-20.827538
-6.219189,1.242701,-20.826198
-5.818902,0.375562,-20.823773
-5.476326,-0.481383,-20.824505
-5.410936,-1.478634,-20.827167
-5.040452,-2.374325,-20.826532
-4.138871,-2.821249,-20.820696
-3.560891,-3.613803,-20.822411
-2.738547,-4.141520,-20.825828
-1.678820,-4.005785,-20.828294
-0.769294,-3.760190,-20.829127
0.069933,-3.692403,-20.827884
0.852753,-3.509335,-20.826466
1.654610,-3.395126,-20.826367
2.377656,-3.079199,-20.824590
3.027378,-2.587067,-20.823539
3.712588,-2.104028,-20.825388
4.434344,-1.602833,-20.825913
5.083931,-0.971887,-20.825850
5.693330,-0.218136,-20.824416
6.125848,0.691690,-20.821998
6.053918,1.682011,-20.821735
5.758191,2.594481,-20.822893
5.344466,3.439461,-20.823998
4.872177,4.218283,-20.824178
-0.363353,1.298524,-23.424929
