18.845374,29.259093,32.385025
14.709404,32.865514,32.385025
9.794295,35.719502,32.385025
4.184802,37.488671,32.385025
-1.678295,37.963351,32.385025
-7.507766,37.183530,32.385025
-13.064804,35.260935,32.385025
-18.157349,32.321309,32.385025
-22.615666,28.487669,32.385025
-26.275614,23.886811,32.385025
-28.916966,18.854194,32.385025
-30.613283,13.430060,32.385025
-31.304001,7.985950,32.385025
-31.011865,2.702779,32.385025
-29.714285,-2.427649,32.385025
-27.601137,-7.062329,32.385025
-25.046756,-11.010194,32.385025
-22.043640,-14.625941,32.385025
-18.824537,-17.776723,32.385025
-15.486184,-20.499928,32.385025
-11.911217,-22.905476,32.385025
-8.265807,-24.810969,32.385025
-4.201134,-26.243409,32.385025
0.057597,-26.909853,32.385025
4.362068,-26.642087,32.385025
8.494588,-25.423839,32.385025
12.342367,-23.481403,32.385025
15.737929,-21.161316,32.385025
18.731769,-18.635717,32.385025
21.625684,-15.714167,32.385025
24.251202,-12.548910,32.385024
26.566960,-9.150456,32.385025
28.555230,-5.326305,32.385025
29.926166,-1.240026,32.385025
30.534268,3.224705,32.385025
30.226095,7.918188,32.385025
29.158157,12.294456,32.385025
27.369470,16.861344,32.385025
25.158085,21.025746,32.385025
21.132172,23.861284,28.990378
18.187291,28.191056,28.983422
14.597608,32.581839,28.976809
9.772864,35.768498,28.985343
4.149596,37.561724,28.995681
-1.634643,38.218667,28.990594
-7.620103,37.376223,28.980874
-13.130192,35.384358,28.990088
-18.242227,32.191547,28.987895
-22.532979,28.213098,28.976529
-26.096767,23.845945,28.982984
-29.031737,18.794496,28.979464
-30.957803,13.498046,28.983184
-31.950682,8.145244,28.985203
-32.068626,2.711561,28.975840
-31.248684,-2.457807,28.976606
-29.614962,-7.447806,28.983837
-26.985129,-11.958605,28.986469
-23.730044,-15.544484,28.983613
-19.996102,-18.610176,28.980784
-16.133174,-21.178012,28.977924
-12.697215,-23.903980,28.981902
-9.209963,-27.127571,28.988562
-4.835907,-29.212597,28.985966
-0.117070,-29.424948,28.979340
4.742861,-30.086813,28.986904
8.992505,-27.334673,28.989757
12.902783,-25.139412,28.980706
16.836965,-22.843072,28.983815
19.829174,-19.787812,28.989876
22.654741,-16.660993,28.982762
25.123682,-13.227145,28.986734
27.191560,-9.539950,28.991058
28.914027,-5.454752,28.981205
30.003045,-1.171373,28.979815
30.402013,3.256862,28.987274
29.940784,7.857323,28.983630
28.313291,11.974605,28.986755
26.074326,16.053469,28.991303
23.757108,19.824594,28.992794
20.495658,23.080245,25.580614
17.802712,27.409585,25.584521
14.330022,32.252663,25.586815
9.708571,35.449637,25.589514
4.211215,37.286819,25.586917
-1.612026,38.109410,25.583418
-7.469734,37.300418,25.592818
-13.052805,35.267632,25.583432
-17.995755,32.071492,25.580978
-22.280666,27.976024,25.591782
-25.966700,23.624420,25.589880
-29.037509,18.810303,25.589792
-31.166014,13.741115,25.591524
-32.510749,8.185109,25.586496
-32.991673,2.707418,25.577566
-32.555483,-2.570380,25.579058
-31.240724,-7.940276,25.585597
-28.750092,-12.591550,25.585046
-25.085249,-16.445167,25.580005
-20.984203,-19.466131,25.579885
-16.821716,-22.048190,25.580432
-13.139780,-24.892036,25.583646
-9.454558,-27.918917,25.582284
-4.868166,-29.833199,25.580738
-0.131324,-30.271785,25.583007
4.769827,-30.939398,25.577248
9.310024,-28.489748,25.589219
13.543139,-26.341198,25.585672
17.543690,-24.040943,25.582386
20.709133,-20.799238,25.584209
23.549513,-17.347097,25.580324
25.961443,-13.566297,25.589012
27.788160,-9.697772,25.584276
29.223775,-5.443916,25.583344
29.998171,-1.249523,25.581730
30.213923,3.253433,25.580560
29.643279,7.687664,25.590035
27.689014,11.716975,25.590591
25.289606,15.546003,25.585797
22.987282,19.144826,25.581385
20.360945,22.893708,22.186080
17.515766,27.134687,22.189589
14.163674,31.561149,22.189137
9.539297,34.774957,22.185370
4.068578,36.699296,22.186072
-1.543727,37.600218,22.188444
-7.413959,36.827957,22.180309
-13.010940,34.797840,22.179933
-17.761036,31.675031,22.179523
-21.904857,27.712371,22.178979
-25.713737,23.458850,22.187289
-28.988444,18.771775,22.188648
-31.338279,13.794936,22.181300
-32.953034,8.302247,22.181177
-33.763128,2.856378,22.192042
-33.639242,-2.852745,22.193422
-32.593535,-8.293018,22.188052
-30.130248,-13.195269,22.188828
-26.270904,-17.158466,22.189652
-21.776022,-20.341433,22.183137
-17.702075,-23.054217,22.188293
-13.527951,-25.626392,22.189971
-9.256550,-27.547618,22.185845
-4.753307,-28.888030,22.184793
0.048876,-29.848592,22.187009
4.742267,-30.046627,22.182532
9.536977,-29.079662,22.180543
13.900379,-27.323046,22.189484
18.057152,-24.738690,22.189732
21.473965,-21.522040,22.185718
24.188017,-17.942200,22.193255
26.470875,-14.076647,22.192085
28.199710,-9.937178,22.182046
29.392972,-5.601399,22.185813
29.955033,-1.162801,22.184866
29.975378,3.146044,22.179892
29.290071,7.569760,22.187124
27.262655,11.569350,22.179834
25.029496,15.264879,22.176074
22.836903,18.939480,22.179905
20.696881,23.279727,18.789618
17.522881,27.045053,18.782239
13.757309,30.837255,18.784976
9.299848,33.685834,18.791313
4.083105,35.665359,18.791892
-1.548349,36.646968,18.786942
-7.249740,35.977877,18.785202
-12.703899,34.095984,18.787434
-17.504933,31.012094,18.792836
-21.580288,27.243675,18.791024
-25.402843,23.252146,18.779174
-28.879327,18.684961,18.782013
-31.436119,13.788001,18.790542
-33.239503,8.547038,18.791561
-34.381997,2.929928,18.784484
-34.553837,-2.801016,18.780554
-33.670651,-8.497529,18.786322
-31.213255,-13.662457,18.785588
-27.199968,-17.784841,18.783391
-22.718966,-21.023391,18.790426
-18.699767,-24.194196,18.783907
-14.238602,-26.729287,18.779526
-9.489056,-27.947805,18.781278
-4.675065,-29.017714,18.783462
-0.128734,-30.125350,18.785243
4.772513,-29.690340,18.789591
9.521532,-29.546414,18.792463
14.322031,-28.033415,18.789897
18.313802,-25.404796,18.787532
21.920636,-22.110925,18.791370
24.704877,-18.294522,18.791462
26.974249,-14.167058,18.778217
28.537045,-9.942772,18.782485
29.510978,-5.536235,18.790211
29.847455,-1.257843,18.788936
29.671834,3.262266,18.787594
28.885783,7.481531,18.791931
27.108309,11.393208,18.789413
25.195100,15.282077,18.789393
23.191464,19.324243,18.792057
21.431385,24.136659,15.391332
17.605616,27.310381,15.386613
13.511332,29.702956,15.378982
8.964689,32.114369,15.379304
4.019098,34.193808,15.380047
-1.454259,35.190396,15.379479
-6.797424,34.739683,15.390532
-12.144344,33.109627,15.384549
-16.922218,30.302949,15.382847
-21.178128,26.693473,15.387539
-25.045478,22.990869,15.379395
-28.599884,18.705262,15.385525
-31.466464,13.705524,15.386673
-33.479846,8.506765,15.379654
-34.850289,2.905331,15.377220
-35.229293,-2.852115,15.379119
-34.403854,-8.795635,15.387859
-31.976168,-14.021356,15.390355
-27.835846,-18.349702,15.387233
-23.457204,-21.775341,15.386373
-19.617473,-25.520857,15.382053
-15.241077,-28.211751,15.388466
-10.121566,-29.781797,15.389491
-5.287933,-31.054673,15.381931
-0.242681,-31.709386,15.382547
4.698267,-30.186715,15.390575
9.646305,-29.938273,15.385057
14.545766,-28.610276,15.380456
18.690094,-25.789619,15.382473
22.228083,-22.368527,15.382270
25.020850,-18.529358,15.380470
27.224914,-14.333852,15.382703
28.691415,-10.044551,15.378850
29.509514,-5.583086,15.386985
29.689827,-1.262422,15.389886
29.312599,3.260886,15.385577
28.413015,7.488706,15.387758
27.075860,11.379755,15.380407
25.651587,15.757188,15.379246
24.071641,20.048750,15.386350
21.362185,24.025187,11.977425
17.387221,26.636175,11.978138
12.923687,28.210699,11.983067
8.433791,30.205919,11.985265
3.913032,32.189367,11.982810
-1.139709,33.164332,11.980629
-6.482216,32.962684,11.982359
-11.484214,31.721158,11.979370
-16.247798,29.331230,11.979211
-20.567627,26.164665,11.986241
-24.773158,22.549352,11.990209
-28.330182,18.557286,11.982168
-31.363130,13.672594,11.980572
-33.559105,8.566073,11.985380
-35.159192,2.828019,11.987997
-35.670422,-2.905435,11.991975
-34.900454,-8.840381,11.982526
-32.425240,-14.248187,11.983060
-28.438495,-18.699675,11.991387
-24.274999,-22.361856,11.986650
-20.383062,-26.332323,11.984330
-15.703582,-29.262499,11.981928
-10.685037,-31.117836,11.984643
-5.490350,-32.552640,11.986383
-0.200780,-32.754071,11.981552
4.884858,-31.066484,11.980721
9.782903,-30.450620,11.978483
14.649799,-28.931613,11.980594
18.717405,-26.077690,11.985189
22.201062,-22.596747,11.987881
25.144934,-18.638194,11.990271
27.305278,-14.433108,11.990734
28.701606,-10.131129,11.981486
29.407412,-5.666219,11.984941
29.466292,-1.143229,11.991936
28.929234,3.137968,11.991511
27.945106,7.337770,11.991673
26.887235,11.513282,11.990951
25.785381,15.782874,11.987221
24.115109,20.266027,11.981400
19.926177,22.275329,8.582798
16.172286,24.659606,8.580363
11.977253,26.127136,8.586700
7.885743,27.857780,8.583351
3.772838,29.532554,8.578714
-0.986045,30.514748,8.584410
-5.836251,30.680835,8.590703
-10.829775,29.875255,8.591639
-15.539576,28.057419,8.589124
-20.075896,25.387644,8.584926
-24.273589,22.228489,8.579317
-28.048998,18.285832,8.576609
-31.076939,13.747798,8.581941
-33.571140,8.435162,8.587675
-35.234808,3.027941,8.584865
-35.872958,-3.003029,8.581095
-35.105305,-8.842227,8.584902
-32.574842,-14.324294,8.590116
-28.884284,-18.905377,8.592926
-24.956620,-22.973315,8.591269
-20.802053,-26.827459,8.579325
-15.977857,-29.747841,8.582369
-10.914240,-31.837177,8.586378
-5.627613,-33.158152,8.584281
-0.169968,-33.269326,8.583607
5.007095,-32.369442,8.581521
9.909760,-31.115044,8.580888
14.682658,-28.939666,8.586365
18.736455,-25.917170,8.586845
22.152126,-22.468306,8.586363
25.092416,-18.614079,8.590753
27.215625,-14.477293,8.585104
28.603650,-10.038336,8.587280
29.226474,-5.435233,8.587971
29.186595,-1.184838,8.587994
28.516759,3.000437,8.588977
27.441453,7.105936,8.586623
26.544002,11.251404,8.584078
25.145826,15.286050,8.584192
22.855321,19.155089,8.585110
17.996050,19.915870,5.186261
14.624944,22.299632,5.178558
11.054507,23.989046,5.188327
7.392539,25.508832,5.191630
3.458720,26.788188,5.185856
-0.616283,27.617173,5.183243
-5.132885,28.155966,5.189056
-9.862784,27.886106,5.191464
-14.671308,26.707215,5.191969
-19.394888,24.681001,5.188941
-23.702299,21.870933,5.179724
-27.664453,18.003817,5.182464
-30.852166,13.480125,5.180058
-33.344251,8.529934,5.179268
-35.190506,2.896632,5.188856
-35.826597,-3.001851,5.185014
-34.988199,-8.903298,5.181998
-32.470707,-14.233965,5.188243
-28.999503,-19.080030,5.190565
-25.374002,-23.504028,5.182145
-20.882474,-27.065445,5.182957
-16.085308,-29.826514,5.188691
-10.998406,-32.054885,5.185081
-5.623344,-33.239187,5.183006
-0.266826,-33.329548,5.190268
5.058738,-32.984696,5.186989
10.118193,-31.311246,5.179387
14.534655,-28.662759,5.180701
18.399926,-25.589816,5.189413
21.951300,-22.150390,5.191408
24.888680,-18.428289,5.183792
27.063501,-14.210545,5.183491
28.370729,-9.854059,5.187011
28.921525,-5.543650,5.186666
28.838728,-1.186439,5.179652
28.015656,3.070355,5.180422
26.839232,7.057697,5.189668
25.910929,10.914912,5.182679
23.820652,14.617248,5.182973
20.967458,17.460938,5.189108
16.413885,18.260047,1.781371
13.701599,20.408924,1.787984
10.538965,22.267027,1.790655
6.959048,23.731803,1.785841
3.428108,24.706810,1.785700
-0.546476,25.528782,1.792087
-4.735400,26.249001,1.790458
-9.162795,26.267193,1.782666
-13.961809,25.561548,1.779666
-18.738748,24.055826,1.786399
-23.216536,21.366963,1.791936
-27.181601,17.682278,1.783751
-30.415758,13.353520,1.786338
-33.051497,8.402167,1.791942
-34.914345,2.918058,1.784606
-35.527029,-2.847103,1.783223
-34.607522,-8.789633,1.783655
-32.041528,-14.159921,1.787433
-28.956767,-18.875842,1.789491
-25.545729,-23.535456,1.784160
-20.855114,-26.920856,1.782086
-15.955810,-29.664809,1.788402
-11.002389,-31.857841,1.783989
-5.543041,-32.959241,1.774102
-0.305836,-33.003304,1.779017
5.094081,-32.668581,1.789660
9.879458,-30.662479,1.785437
14.093001,-27.878758,1.779513
18.067927,-24.833623,1.777259
21.511014,-21.724759,1.780654
24.485573,-18.173569,1.788649
26.672957,-14.085232,1.788207
27.948298,-9.830168,1.780959
28.523622,-5.426820,1.776648
28.420138,-1.171663,1.784514
27.540539,2.969655,1.789889
26.217310,6.813684,1.783925
24.917153,10.469444,1.788395
22.503527,13.587835,1.786916
19.395557,15.999592,1.780836
15.472229,17.064578,-1.614806
12.876037,19.235593,-1.617631
10.042869,21.101270,-1.613241
6.744643,22.475967,-1.617559
3.282330,23.386054,-1.616655
-0.398437,24.180545,-1.607530
-4.285095,24.921237,-1.611292
-8.783210,25.057638,-1.618130
-13.315591,24.657915,-1.620457
-18.222731,23.434815,-1.619244
-22.622244,20.859271,-1.615819
-26.571337,17.349948,-1.609540
-29.835227,13.222755,-1.610102
-32.587125,8.275186,-1.610371
-34.431905,2.938611,-1.607540
-34.960238,-2.879453,-1.618163
-33.927556,-8.645752,-1.612910
-31.426654,-13.887596,-1.609254
-28.464035,-18.741156,-1.614030
-25.247167,-23.352728,-1.610947
-20.608993,-26.556040,-1.606172
-15.814901,-29.219492,-1.614162
-10.808219,-31.402772,-1.620223
-5.468077,-32.396954,-1.618601
-0.165786,-32.420451,-1.614640
4.912504,-31.987069,-1.606637
9.632602,-29.350172,-1.609699
13.702441,-26.566229,-1.618664
17.435787,-24.049314,-1.619058
20.923361,-21.167639,-1.618596
24.045372,-17.648262,-1.621210
26.150114,-13.859475,-1.609386
27.434565,-9.530428,-1.615888
28.019350,-5.234128,-1.618011
27.905590,-1.094855,-1.613512
27.000130,2.942516,-1.615308
25.530662,6.619722,-1.618015
23.590953,10.070848,-1.609093
21.010472,12.755619,-1.605231
18.148226,14.950434,-1.608519
14.977604,16.422413,-5.019385
12.445791,18.538672,-5.020634
9.721918,20.407633,-5.018358
6.536740,21.797644,-5.019949
3.186432,22.773298,-5.020036
-0.204127,23.562270,-5.015023
-4.190532,24.185689,-5.011323
-8.394570,24.263528,-5.018321
-12.989914,23.904145,-5.020263
-17.601263,22.793850,-5.011241
-21.916265,20.342611,-5.008520
-25.832972,17.005333,-5.016391
-29.210183,12.914131,-5.016936
-31.950325,8.127801,-5.012130
-33.772913,2.747779,-5.016506
-34.125964,-2.748805,-5.022889
-32.995228,-8.334699,-5.016239
-30.588481,-13.460101,-5.014119
-27.797202,-18.236370,-5.017424
-24.716357,-22.769485,-5.012757
-20.093931,-26.050686,-5.012743
-15.439978,-28.671514,-5.009893
-10.544600,-30.741529,-5.009442
-5.330277,-31.640410,-5.016455
-0.165441,-31.630847,-5.023654
4.779369,-31.098725,-5.023825
9.318193,-28.109762,-5.020898
13.114449,-25.495066,-5.009354
16.859743,-23.205244,-5.011738
20.330846,-20.494356,-5.024053
23.336532,-17.282698,-5.017265
25.544502,-13.472655,-5.007729
26.787053,-9.257352,-5.020877
27.387471,-5.072993,-5.020305
27.281062,-1.051596,-5.016461
26.377276,2.888273,-5.016756
24.831793,6.412578,-5.010923
22.587837,9.542410,-5.008909
20.005193,12.140370,-5.011317
17.497738,14.290738,-5.015368
14.880942,16.262886,-8.419175
12.346134,18.227862,-8.422250
9.533714,20.109449,-8.410583
6.478481,21.537810,-8.409582
3.276787,22.660225,-8.411198
-0.343047,23.559297,-8.407407
-4.070083,23.861662,-8.410054
-8.163057,23.778552,-8.419323
-12.593262,23.282141,-8.418647
-17.038040,22.026270,-8.412376
-21.240678,19.679734,-8.418604
-25.088506,16.499542,-8.415246
-28.414210,12.562861,-8.411558
-31.095477,7.926078,-8.412315
-32.774695,2.859041,-8.410462
-32.980986,-2.661324,-8.407658
-31.746299,-8.052112,-8.415012
-29.431824,-13.044748,-8.418681
-26.855855,-17.543918,-8.417679
-23.725394,-22.069657,-8.420836
-19.478158,-25.291365,-8.416795
-14.994911,-27.892285,-8.417855
-10.217720,-29.843074,-8.415346
-5.144046,-30.664638,-8.413403
-0.131811,-30.616405,-8.417692
4.823559,-29.931403,-8.412472
8.972108,-26.949205,-8.411901
12.663610,-24.438037,-8.406558
16.358343,-22.302260,-8.413615
19.758285,-19.710665,-8.423642
22.703206,-16.617139,-8.413496
24.863724,-12.928176,-8.408567
26.024603,-9.008124,-8.408992
26.640547,-4.947369,-8.416897
26.558748,-1.048335,-8.415257
25.686584,2.788064,-8.413730
24.030125,6.324684,-8.422052
21.667122,9.222649,-8.412936
19.414233,11.764063,-8.408182
17.231279,14.103563,-8.411123
14.727861,16.013854,-11.820520
12.082488,17.921950,-11.815292
9.481782,19.578960,-11.809023
6.408830,21.068944,-11.807929
3.192022,22.284860,-11.809421
-0.288846,23.140572,-11.811923
-3.883978,23.283207,-11.817216
-7.824282,23.081210,-11.815025
-12.053039,22.436812,-11.811474
-16.133422,21.135071,-11.813199
-20.206165,18.939815,-11.816188
-23.954681,15.942699,-11.819759
-27.201999,12.188290,-11.820069
-29.761416,7.718270,-11.819031
-31.273901,2.630934,-11.817468
-31.305162,-2.509261,-11.809755
-30.163286,-7.712372,-11.808859
-28.105524,-12.398982,-11.813103
-25.534885,-16.871223,-11.815292
-22.606619,-21.079234,-11.816532
-18.635052,-24.326589,-11.820676
-14.357248,-26.886062,-11.816826
-9.737084,-28.698705,-11.815091
-4.839767,-29.426236,-11.820496
-0.022850,-29.328554,-11.821006
4.566751,-28.603288,-11.814078
8.615749,-25.813365,-11.820184
12.204879,-23.463342,-11.822200
15.780408,-21.442690,-11.823690
19.055902,-18.955061,-11.820247
21.902270,-15.990728,-11.805421
24.015523,-12.462022,-11.806944
25.164195,-8.700486,-11.819637
25.791555,-4.797845,-11.814144
25.720609,-0.877741,-11.816034
24.873529,2.816048,-11.818598
23.337911,6.055170,-11.806728
21.055214,8.834488,-11.812906
19.002337,11.385694,-11.819720
16.944509,13.904634,-11.822063
14.308227,15.676482,-15.220861
11.747503,17.426785,-15.222598
9.089696,19.008840,-15.215655
6.304014,20.337910,-15.211429
3.250262,21.502569,-15.213226
-0.227160,22.313207,-15.214692
-3.647623,22.377093,-15.210238
-7.390198,22.089966,-15.210826
-11.219563,21.358165,-15.214967
-15.216170,19.944575,-15.215518
-19.090840,17.866681,-15.212986
-22.661392,15.033635,-15.217068
-25.762482,11.460379,-15.221438
-27.995831,7.296967,-15.218481
-29.091558,2.531112,-15.212350
-28.982220,-2.346303,-15.213300
-28.202116,-7.198381,-15.209763
-26.461324,-11.719628,-15.210557
-24.050538,-15.811698,-15.212794
-21.297831,-19.836257,-15.208427
-17.632241,-23.051518,-15.217411
-13.597909,-25.542276,-15.213455
-9.195834,-27.226210,-15.208066
-4.522615,-27.877561,-15.210350
0.044332,-27.726775,-15.213135
4.531838,-26.866017,-15.221567
8.293370,-24.638058,-15.223809
11.795813,-22.547473,-15.225829
15.310814,-20.508247,-15.218735
18.387327,-18.093451,-15.206422
21.057559,-15.241075,-15.210050
23.076299,-11.892943,-15.221790
24.226686,-8.333439,-15.208538
24.848696,-4.630483,-15.216233
24.819950,-0.897236,-15.224733
24.063415,2.618189,-15.215465
22.577543,5.868960,-15.211997
20.520457,8.599998,-15.220003
18.530036,11.206683,-15.221667
16.570548,13.599558,-15.219368
13.915519,15.082071,-18.614994
11.367926,16.772731,-18.619178
8.829161,18.177288,-18.623626
6.055651,19.449060,-18.613217
3.174445,20.486086,-18.610781
-0.111379,21.153942,-18.623043
-3.473589,21.165742,-18.623966
-6.824757,20.827797,-18.617133
-10.384127,19.995597,-18.616488
-13.946767,18.599861,-18.622198
-17.578132,16.645726,-18.621269
-20.932507,14.003280,-18.621027
-23.773767,10.772115,-18.617321
-25.751060,6.826062,-18.614247
-26.422130,2.431745,-18.618929
-26.228576,-2.138138,-18.621841
-25.837019,-6.586397,-18.616177
-24.536673,-10.758068,-18.616445
-22.159777,-14.721969,-18.621922
-19.655904,-18.365128,-18.617979
-16.298686,-21.470586,-18.618580
-12.541106,-23.853892,-18.613166
-8.399622,-25.383732,-18.609567
-3.995105,-25.935404,-18.613780
0.275165,-25.707103,-18.618778
4.302409,-24.811384,-18.619343
7.970033,-23.300353,-18.607359
11.382072,-21.578579,-18.614202
14.638767,-19.592694,-18.622292
17.605036,-17.187009,-18.613114
20.070697,-14.473622,-18.607237
21.988600,-11.347944,-18.611394
23.186241,-7.886062,-18.616160
23.810190,-4.268761,-18.620006
23.800193,-0.758285,-18.620896
23.116996,2.534831,-18.621027
21.795555,5.624054,-18.619906
19.992602,8.458853,-18.613112
18.150697,10.915477,-18.610951
16.108913,13.192882,-18.612687
13.338199,14.452003,-22.013897
10.969158,15.969254,-22.024075
8.465535,17.250257,-22.009330
5.878972,18.355271,-22.005024
3.061083,19.246301,-22.012785
0.007301,19.733270,-22.017210
-3.088115,19.713937,-22.012429
-6.163879,19.322061,-22.009377
-9.402965,18.402864,-22.012004
-12.626763,16.979932,-22.013296
-15.813805,15.187612,-22.008794
-18.777595,12.827517,-22.015873
-21.386060,9.832007,-22.016214
-23.091768,6.156865,-22.013504
-23.476908,2.217416,-22.020640
-23.272930,-1.852309,-22.014029
-23.065799,-5.810895,-22.014392
-22.099167,-9.722535,-22.020903
-20.045816,-13.286490,-22.018406
-17.646092,-16.578791,-22.010243
-14.694311,-19.383217,-22.015472
-11.270492,-21.633619,-22.017569
-7.455035,-23.023571,-22.012871
-3.525746,-23.485219,-22.011820
0.396901,-23.210138,-22.012448
4.074549,-22.271180,-22.008005
7.523389,-21.542637,-22.020181
10.906561,-20.213870,-22.016007
13.877167,-18.302257,-22.007974
16.575639,-16.059256,-22.009831
18.901517,-13.418304,-22.008176
20.673877,-10.545033,-22.011558
21.846555,-7.380628,-22.018146
22.457874,-4.057556,-22.016601
22.472780,-0.683386,-22.016590
21.882606,2.499152,-22.019862
20.789824,5.393841,-22.019459
19.263039,8.085230,-22.015516
17.512986,10.479454,-22.006515
15.500978,12.652777,-22.002223
12.722777,13.688051,-25.420564
10.460015,15.072357,-25.411038
8.057993,16.181893,-25.405064
5.584185,17.129204,-25.412535
3.021839,17.780215,-25.414157
0.261057,18.070690,-25.408472
-2.637228,18.007021,-25.412626
-5.502446,17.537481,-25.417792
-8.238033,16.593227,-25.421122
-10.938996,15.218361,-25.422339
-13.724472,13.492338,-25.419323
-16.341226,11.325973,-25.411592
-18.540433,8.692408,-25.409009
-19.942644,5.477669,-25.413909
-20.242092,1.946133,-25.417493
-20.122048,-1.460770,-25.414656
-19.771337,-4.961200,-25.417454
-19.048746,-8.434975,-25.419857
-17.521816,-11.739329,-25.415265
-15.141700,-14.352768,-25.415117
-12.529993,-16.735246,-25.415365
-9.626602,-18.752292,-25.411568
-6.327552,-19.964661,-25.414163
-2.799971,-20.341354,-25.420564
0.586098,-20.038109,-25.415347
3.735485,-19.093397,-25.413114
6.890867,-19.193797,-25.417673
10.106107,-18.404079,-25.417196
12.769922,-16.599751,-25.416510
15.258258,-14.505744,-25.421038
17.238552,-12.208611,-25.419238
18.927638,-9.549367,-25.409209
20.100746,-6.625329,-25.412012
20.668018,-3.648174,-25.418093
20.651058,-0.633777,-25.415598
20.327101,2.266501,-25.413177
19.546582,5.165325,-25.415085
18.093570,7.538676,-25.413339
16.475428,9.827966,-25.417589
14.705345,11.956177,-25.422944
11.808243,12.615115,-28.810792
9.710228,13.784514,-28.815976
7.514752,14.686830,-28.817318
5.161002,15.490955,-28.819716
2.827425,15.921238,-28.815453
0.446295,15.976719,-28.809233
-2.028797,15.758774,-28.811366
-4.465122,15.242929,-28.816910
-6.861590,14.268781,-28.819673
-9.005560,13.000195,-28.817692
-11.220942,11.455327,-28.813530
-13.326776,9.599156,-28.811970
-15.124233,7.278811,-28.813696
-16.204940,4.585582,-28.816722
-16.521904,1.791069,-28.817675
-16.624725,-1.170581,-28.813530
-15.793295,-3.904571,-28.815070
-14.977917,-6.744375,-28.819416
-14.499480,-9.857336,-28.817871
-11.868555,-11.586583,-28.817154
-9.559446,-13.267107,-28.813720
-7.317623,-14.934230,-28.813554
-4.689894,-15.926174,-28.816350
-1.886313,-16.203114,-28.814941
0.800376,-15.923294,-28.811976
3.296171,-15.016263,-28.816264
6.123256,-15.935395,-28.815473
8.927819,-15.803243,-28.810631
11.266170,-14.196082,-28.811994
13.386012,-12.424360,-28.813962
15.138362,-10.351185,-28.811122
16.591681,-8.076779,-28.812570
17.643672,-5.706261,-28.816968
18.178582,-3.050105,-28.815577
18.062352,-0.475108,-28.816927
18.158445,2.170530,-28.818331
17.856767,4.726487,-28.817529
16.158282,6.772651,-28.818339
14.831147,8.811186,-28.813785
13.545923,10.914422,-28.808653
10.366020,10.789127,-32.215053
8.470680,11.695058,-32.213991
6.573382,12.386049,-32.217524
4.631962,12.981284,-32.220198
2.689447,13.242668,-32.213809
0.682894,12.977107,-32.211268
-1.165348,12.347273,-32.219052
-2.953804,11.797090,-32.217029
-4.695750,10.959745,-32.215158
-6.270583,9.794552,-32.215833
-7.774095,8.558139,-32.211944
-9.247039,7.152463,-32.210581
-10.411254,5.480370,-32.212694
-11.112260,3.485217,-32.215207
-11.425619,1.415073,-32.216024
-11.756551,-0.740783,-32.215751
-10.588131,-2.630820,-32.215652
-8.930771,-4.102522,-32.215057
-10.130668,-7.012160,-32.212536
-7.602949,-7.759100,-32.217088
-5.513155,-8.321834,-32.215493
-4.033105,-9.420490,-32.212358
-2.421009,-10.178328,-32.213462
-0.564959,-10.375571,-32.214953
1.188532,-10.167836,-32.215389
2.854626,-9.499102,-32.215007
4.797264,-10.783708,-32.215260
7.168410,-11.565805,-32.216026
8.885088,-10.507889,-32.214007
10.508298,-9.232452,-32.213546
11.833090,-7.671400,-32.216634
12.973011,-5.990273,-32.214669
13.933312,-4.197587,-32.211965
14.294497,-2.195127,-32.212789
14.079943,-0.159125,-32.216810
14.839190,1.774062,-32.215725
14.938722,3.959236,-32.213836
12.863568,5.381364,-32.219135
12.131144,7.126730,-32.220465
11.654797,9.241939,-32.218695
2.589709,-0.565594,-35.614975
10.332291,15.256499,32.385025
8.464698,18.140789,32.385025
5.976769,21.002827,32.385025
2.800800,23.671740,32.385025
-1.187762,26.008219,32.385025
-5.764460,27.647038,32.385025
-10.952517,28.227429,32.385025
-15.844568,27.081316,32.385025
-19.747840,23.867143,32.385025
-21.856637,19.171515,32.385025
-22.544001,14.122786,32.385025
-22.153363,9.277663,32.385025
-20.876582,4.958232,32.385025
-18.960997,1.277413,32.385025
-16.776090,-1.676402,32.385025
-14.494967,-4.084929,32.385025
-12.348821,-5.950156,32.385025
-10.338921,-7.416456,32.385025
-8.417488,-8.589102,32.385025
-6.617330,-9.492571,32.385025
-4.743551,-10.231222,32.385025
-2.918176,-10.742997,32.385025
-1.164313,-11.030722,32.385025
0.611290,-11.111797,32.385025
2.383951,-10.981855,32.385025
4.012904,-10.667766,32.385025
5.704722,-10.123085,32.385025
7.311396,-9.363285,32.385025
8.704246,-8.462099,32.385025
10.046758,-7.296835,32.385025
11.261864,-5.841967,32.385025
12.171131,-4.314552,32.385025
12.894548,-2.562262,32.385025
13.379807,-0.729904,32.385025
13.649190,1.146489,32.385025
13.723975,3.159032,32.385025
13.591381,5.286922,32.385025
13.239640,7.511560,32.385025
12.620236,9.925670,32.385025
12.033207,12.928959,29.381840
10.374064,15.337408,29.384781
8.276299,17.702274,29.386819
5.775868,19.802669,29.387107
2.682929,21.936210,29.387546
-0.958367,23.776659,29.387964
-4.988546,24.556561,29.387233
-9.194899,24.324686,29.385824
-13.229480,23.031943,29.384709
-16.652624,20.414956,29.386676
-18.923871,16.703206,29.389245
-20.098936,12.658354,29.386859
-20.386841,8.569187,29.385579
-19.815600,4.755123,29.390226
-18.556848,1.223545,29.387525
-16.961573,-1.766763,29.381426
-15.290967,-4.304093,29.387583
-13.784214,-6.548937,29.385006
-12.029983,-8.401334,29.382404
-10.021507,-10.025656,29.384026
-8.251873,-11.555763,29.383647
-6.246364,-12.744584,29.385177
-4.065693,-13.612145,29.387489
-1.924304,-14.199796,29.386846
0.400644,-14.466083,29.383306
2.615346,-14.296435,29.383451
4.903469,-13.800848,29.385714
6.996185,-13.049136,29.386793
8.920320,-11.940127,29.385621
10.603722,-10.488064,29.383043
12.159436,-8.905966,29.382572
13.546519,-7.304179,29.390017
14.601896,-5.241612,29.387023
15.095870,-3.061565,29.377900
15.451305,-0.870687,29.385592
15.585046,1.348981,29.391410
15.248950,3.541735,29.386628
14.657771,5.806460,29.388846
14.012329,8.059059,29.392041
13.182827,10.504721,29.386629
12.293246,13.257192,26.380301
10.410421,15.358868,26.379408
8.159777,17.255525,26.388319
5.542141,18.806778,26.391752
2.636493,20.389795,26.390489
-0.696599,21.793790,26.391142
-4.352936,21.970623,26.390305
-7.931718,21.286306,26.389873
-11.343586,19.973194,26.387847
-14.385781,17.783646,26.388290
-16.603643,14.876862,26.387386
-18.144452,11.446005,26.380042
-18.934986,8.003841,26.382650
-18.937945,4.484454,26.379065
-18.302923,1.247689,26.380872
-17.276771,-1.750716,26.387521
-16.107522,-4.440348,26.379179
-15.013578,-7.066904,26.385513
-13.421175,-9.342262,26.391159
-11.494623,-11.266090,26.384744
-9.701466,-13.290090,26.379481
-7.486967,-14.810085,26.379965
-5.002265,-15.918006,26.380936
-2.428970,-16.726417,26.383758
0.253318,-17.071358,26.388648
2.946537,-16.855755,26.385030
5.474562,-16.304480,26.386044
8.013478,-15.370929,26.387898
10.211323,-14.014344,26.386462
12.090743,-12.236296,26.387890
13.830817,-10.334114,26.390926
15.566713,-8.375532,26.391010
16.588687,-6.059196,26.386471
16.900685,-3.461418,26.380954
17.152136,-1.011965,26.380904
17.165020,1.459145,26.386474
16.467442,3.940124,26.386090
15.604991,6.130169,26.386281
14.721879,8.440444,26.386861
13.664582,10.943607,26.384254
12.464124,13.470197,23.382761
10.440032,15.318976,23.386663
8.034852,16.876197,23.386293
5.282791,17.983451,23.382964
2.510634,19.117171,23.383408
-0.526270,20.074394,23.388039
-3.755447,19.842004,23.391057
-6.849003,18.959313,23.390277
-9.928294,17.666417,23.382690
-12.687252,15.805232,23.379334
-14.857749,13.421945,23.383234
-16.596973,10.575704,23.385949
-17.782217,7.579083,23.387388
-18.285920,4.409383,23.390375
-18.153740,1.187250,23.391648
-17.627911,-1.740072,23.389547
-16.858693,-4.610475,23.386808
-16.086424,-7.519330,23.380642
-14.701566,-10.095106,23.384450
-12.756961,-12.387830,23.390454
-10.910609,-14.725378,23.379767
-8.421023,-16.532571,23.381023
-5.705653,-17.807538,23.390202
-2.884965,-18.739645,23.388658
0.066706,-19.151110,23.378750
3.154826,-18.929395,23.384422
6.068119,-18.297320,23.380646
8.743704,-17.288210,23.381166
11.266320,-15.705994,23.386738
13.334707,-13.729750,23.381465
15.270249,-11.478929,23.385222
17.092736,-9.374562,23.391565
18.160488,-6.681154,23.387742
18.321439,-3.782270,23.383001
18.478402,-1.053868,23.386843
18.373817,1.568762,23.386256
17.462957,4.141602,23.386463
16.354652,6.521619,23.386948
15.269531,8.915909,23.385260
14.057903,11.257535,23.382545
12.542968,13.563945,20.386715
10.349134,15.283852,20.380736
7.867094,16.562234,20.387590
5.189276,17.297636,20.392809
2.487909,18.036012,20.385684
-0.462326,18.580406,20.381139
-3.349053,18.097344,20.389975
-6.098510,17.153572,20.386449
-8.772447,16.008037,20.385080
-11.348566,14.423134,20.384147
-13.560255,12.348694,20.382529
-15.404846,9.946138,20.386724
-16.941463,7.189861,20.388934
-17.828517,4.300734,20.388154
-18.139181,1.279067,20.388006
-18.005978,-1.864209,20.386781
-17.570789,-4.856273,20.380899
-16.997329,-7.983647,20.383850
-15.735411,-10.817074,20.387154
-13.843143,-13.373296,20.386887
-11.824606,-15.944672,20.389344
-9.223475,-17.903206,20.384600
-6.388901,-19.323781,20.382016
-3.297420,-20.367218,20.381015
-0.054012,-20.817359,20.378056
3.213100,-20.648348,20.382388
6.414577,-19.966147,20.387637
9.459842,-18.772769,20.382226
12.130703,-17.096824,20.379919
14.428830,-14.941451,20.390498
16.392301,-12.492097,20.386460
18.303514,-10.079788,20.385559
19.305491,-7.184984,20.382770
19.361238,-3.986487,20.382240
19.424723,-1.086812,20.389592
19.200051,1.693767,20.389515
18.197565,4.283741,20.389991
16.985636,6.798562,20.391365
15.782754,9.183578,20.392325
14.359444,11.455175,20.391698
12.526547,13.534294,17.382992
10.323722,15.114380,17.379557
7.733938,16.272882,17.379872
5.087141,16.829705,17.386307
2.391625,17.208368,17.390599
-0.304722,17.298696,17.386291
-2.963869,16.729813,17.381093
-5.518480,15.824251,17.385779
-8.014803,14.765200,17.384242
-10.477720,13.364087,17.386174
-12.672322,11.570073,17.392098
-14.579957,9.472326,17.389366
-16.364962,6.954410,17.386093
-17.566842,4.258791,17.383050
-18.247141,1.244969,17.379709
-18.455356,-1.826658,17.380936
-18.269787,-5.021448,17.390345
-17.824203,-8.216800,17.393023
-16.622975,-11.416374,17.387712
-14.759669,-14.202163,17.386146
-12.564914,-16.861880,17.391039
-9.864495,-18.999525,17.384455
-6.806790,-20.627675,17.385007
-3.534259,-21.702799,17.390189
-0.109267,-22.158449,17.388223
3.341763,-22.057838,17.387274
6.838187,-21.310503,17.380467
10.018855,-19.981004,17.377318
12.852242,-18.216582,17.384221
15.416261,-15.913565,17.392040
17.369828,-13.231115,17.387380
19.163673,-10.523610,17.384331
20.024667,-7.383867,17.386725
20.015211,-4.139100,17.389308
19.990145,-1.188294,17.387776
19.656752,1.752957,17.383402
18.659014,4.398320,17.382984
17.499305,6.992348,17.387813
16.150233,9.478809,17.390541
14.484473,11.634377,17.387718
12.399540,13.364999,14.385971
10.130515,14.916034,14.387231
7.598527,15.986925,14.387938
5.020402,16.521707,14.380648
2.399365,16.553897,14.383189
-0.209429,16.216421,14.388379
-2.653789,15.695573,14.381596
-5.147373,14.873014,14.386254
-7.463541,13.927119,14.386896
-9.903698,12.653930,14.381689
-12.037330,11.126025,14.379559
-14.113179,9.132594,14.384600
-16.049534,6.832454,14.391128
-17.519156,4.222385,14.389760
-18.483771,1.239507,14.384241
-18.945362,-1.851919,14.384670
-18.940333,-5.227057,14.391315
-18.502708,-8.587797,14.387253
-17.353004,-11.882420,14.386549
-15.473197,-14.850815,14.391922
-13.156987,-17.476680,14.388755
-10.377452,-19.808139,14.391229
-7.222275,-21.607079,14.388458
-3.774015,-22.721157,14.382374
-0.171658,-23.185498,14.384765
3.458451,-23.160798,14.391138
7.004616,-22.402014,14.386049
10.323665,-20.950332,14.382871
13.435021,-19.054000,14.385608
16.104015,-16.799862,14.385617
18.030359,-13.885564,14.389030
19.581506,-10.846891,14.391368
20.303956,-7.466737,14.384932
20.285774,-4.190553,14.380898
20.168782,-1.196360,14.384038
19.730959,1.774303,14.381797
18.818231,4.496060,14.379184
17.831563,7.079151,14.377835
16.434586,9.560189,14.379209
14.456796,11.666185,14.383101
12.117263,13.008987,11.382614
9.918701,14.469364,11.387275
7.491523,15.497149,11.387674
4.890332,16.084661,11.389910
2.279510,15.902943,11.389740
-0.186434,15.345294,11.383223
-2.537220,14.921395,11.379245
-4.842981,14.285201,11.385568
-7.191685,13.382541,11.390674
-9.469658,12.301300,11.392806
-11.807979,10.828949,11.389140
-13.897950,9.007672,11.379144
-15.984222,6.815512,11.378367
-17.640388,4.296802,11.385132
-18.848651,1.246409,11.388626
-19.495615,-1.961741,11.383667
-19.591182,-5.360219,11.379221
-19.095486,-8.853806,11.385007
-17.927803,-12.183081,11.391640
-15.989944,-15.276665,11.391137
-13.483882,-17.932935,11.387298
-10.705113,-20.309586,11.383185
-7.443413,-22.208420,11.380639
-3.955645,-23.287639,11.383286
-0.202375,-23.746077,11.387987
3.577898,-23.757943,11.385306
7.258464,-22.925622,11.386537
10.569443,-21.397353,11.390729
13.711395,-19.500924,11.387875
16.522163,-17.192111,11.380750
18.392686,-14.059624,11.386568
19.599961,-10.857605,11.389171
20.149240,-7.524845,11.384620
20.164232,-4.240833,11.385182
19.964829,-1.229787,11.390102
19.424741,1.742862,11.385108
18.651215,4.395937,11.386325
17.710414,7.155250,11.389768
16.310323,9.492108,11.388090
14.282424,11.396388,11.383217
11.673153,12.458557,8.388762
9.469380,13.885657,8.389105
7.170187,14.863327,8.388610
4.834873,15.465319,8.391710
2.250271,15.268481,8.386501
-0.074216,14.709452,8.382222
-2.438182,14.426976,8.385432
-4.771877,13.952887,8.378499
-7.009462,13.153423,8.381813
-9.429806,12.101451,8.385929
-11.721403,10.828283,8.387348
-13.970130,9.019416,8.391482
-16.137282,6.926346,8.381887
-18.029304,4.285013,8.383891
-19.334273,1.290448,8.387641
-20.092917,-2.006964,8.379892
-20.210675,-5.516986,8.383741
-19.588060,-9.093474,8.382741
-18.290590,-12.503958,8.381258
-16.316772,-15.543396,8.385888
-13.723777,-18.092628,8.390022
-10.828751,-20.505036,8.389819
-7.565046,-22.353656,8.384386
-3.947430,-23.387310,8.384086
-0.206197,-23.786526,8.388319
3.556837,-23.778529,8.381349
7.213586,-22.926931,8.385943
10.500364,-21.383794,8.393301
13.625737,-19.497065,8.388422
16.440912,-17.216021,8.378217
18.238380,-14.056651,8.380906
19.177413,-10.533347,8.379278
19.578210,-7.179313,8.381039
19.639709,-4.045317,8.383390
19.360781,-1.178692,8.379344
18.735539,1.634081,8.379156
18.058085,4.300537,8.389095
17.248447,6.824934,8.384016
15.825469,9.134478,8.376635
13.757781,10.974622,8.382544
11.060415,11.705482,5.389431
8.997479,13.041883,5.378572
6.875881,14.012096,5.389587
4.613686,14.704794,5.387640
2.185948,14.644501,5.379818
-0.006262,14.268404,5.381002
-2.345643,14.170814,5.382601
-4.673295,13.911596,5.378934
-7.006694,13.156620,5.379655
-9.419323,12.192772,5.387514
-11.950300,10.955564,5.390494
-14.213612,9.243595,5.382953
-16.577954,7.074601,5.388558
-18.562111,4.419295,5.389569
-19.937061,1.382149,5.386280
-20.746349,-2.097082,5.386522
-20.806233,-5.674135,5.379282
-19.995362,-9.266689,5.377794
-18.590682,-12.577168,5.379310
-16.444519,-15.710288,5.382107
-13.675462,-18.163404,5.388513
-10.727813,-20.408595,5.385437
-7.447000,-22.077132,5.379618
-3.851394,-22.955752,5.379114
-0.167993,-23.248939,5.382745
3.526916,-23.127281,5.383650
6.990411,-22.271618,5.380651
10.328985,-20.696340,5.377566
13.273074,-18.878775,5.381167
15.989305,-16.571935,5.386465
17.650117,-13.537517,5.380088
18.271645,-10.023001,5.387055
18.567839,-6.833230,5.386819
18.714264,-3.883710,5.380212
18.355669,-1.074299,5.379861
17.638149,1.537068,5.379899
17.063317,4.054314,5.388450
16.232857,6.513504,5.391230
14.890074,8.551993,5.392511
12.977110,10.303984,5.395654
10.272050,10.741902,2.380514
8.393492,12.009608,2.383213
6.483879,12.986689,2.382008
4.355211,13.805144,2.381117
2.239658,14.060088,2.383582
-0.033481,14.016097,2.382548
-2.300509,14.115884,2.379232
-4.811226,14.061317,2.387828
-7.196760,13.348116,2.387671
-9.676551,12.430964,2.385999
-12.292436,11.311372,2.388156
-14.817481,9.493284,2.386810
-17.229005,7.342247,2.385100
-19.303165,4.586507,2.382356
-20.701221,1.408044,2.383963
-21.443796,-2.097158,2.389993
-21.376432,-5.806809,2.389447
-20.337783,-9.339271,2.389118
-18.701498,-12.696206,2.387260
-16.525316,-15.656936,2.384918
-13.608719,-17.943807,2.385939
-10.486354,-19.957880,2.381301
-7.192585,-21.314520,2.385195
-3.657167,-21.956074,2.388232
-0.080461,-22.069387,2.382019
3.363746,-21.715432,2.386956
6.702805,-20.807077,2.388248
9.743841,-19.417306,2.387505
12.542691,-17.593776,2.386071
14.886485,-15.375414,2.381770
16.515351,-12.566114,2.380575
16.880268,-9.151151,2.379991
17.113905,-6.292566,2.385282
17.384904,-3.564239,2.391204
16.960021,-0.968779,2.390649
16.141943,1.399620,2.387407
15.616518,3.728859,2.381357
14.772519,5.823413,2.380217
13.468948,7.693728,2.380741
11.915849,9.351782,2.379709
9.240497,9.663060,-0.609977
7.656976,10.806236,-0.612007
5.999038,11.825133,-0.611391
4.169411,12.770929,-0.618955
2.121124,13.506234,-0.617779
-0.006979,13.936274,-0.615357
-2.284488,14.214683,-0.622269
-4.922425,14.381352,-0.611985
-7.440262,13.709924,-0.606248
-9.952972,12.841981,-0.612542
-12.827448,11.769610,-0.621157
-15.481926,9.954738,-0.617978
-18.074606,7.682326,-0.609964
-20.179999,4.842445,-0.607588
-21.571960,1.439355,-0.607385
-22.179058,-2.177619,-0.608349
-21.896313,-5.958931,-0.619400
-20.552154,-9.464338,-0.617438
-18.727907,-12.689037,-0.611516
-16.374481,-15.601788,-0.611329
-13.308985,-17.628417,-0.609638
-10.106841,-19.206668,-0.606380
-6.705641,-20.126233,-0.615364
-3.263781,-20.425328,-0.620188
0.046906,-20.290069,-0.611535
3.166485,-19.556350,-0.614880
6.116877,-18.638450,-0.612008
8.882861,-17.496241,-0.614896
11.303057,-15.804183,-0.620879
13.254567,-13.539051,-0.616583
14.827404,-11.227461,-0.620331
15.110516,-8.107340,-0.614295
15.318466,-5.591726,-0.609649
15.701285,-3.223379,-0.613255
15.209233,-0.859164,-0.618273
14.278390,1.232006,-0.618385
13.757254,3.235378,-0.614512
12.746037,4.993629,-0.611051
11.632115,6.482707,-0.609175
10.570047,8.126922,-0.608341
8.460211,8.700360,-3.618755
7.059402,9.802918,-3.620471
5.632861,10.848483,-3.621883
3.979693,11.945076,-3.618801
2.156089,13.009009,-3.617048
0.008502,13.846116,-3.620133
-2.399049,14.272135,-3.621333
-4.939868,14.495940,-3.616800
-7.512208,13.964814,-3.619895
-10.287399,13.120397,-3.617700
-13.281422,12.041433,-3.607141
-15.968715,10.274964,-3.607817
-18.641304,7.936503,-3.615483
-20.773869,4.991200,-3.620237
-22.115780,1.467099,-3.619150
-22.577107,-2.268573,-3.613686
-22.095914,-6.010823,-3.607819
-20.577460,-9.421804,-3.617763
-18.556354,-12.642972,-3.618594
-16.160796,-15.347838,-3.607518
-12.874428,-17.199280,-3.609144
-9.538911,-18.437706,-3.610283
-6.181221,-18.980074,-3.611639
-2.954361,-19.034549,-3.611532
0.119210,-18.737376,-3.610878
2.948250,-17.790543,-3.616858
5.653562,-16.843450,-3.617135
8.160913,-15.883154,-3.616717
10.366331,-14.286010,-3.618278
11.921853,-12.121163,-3.615161
13.474788,-10.032389,-3.611139
13.736197,-7.379914,-3.616698
13.937387,-4.947515,-3.620906
14.323612,-2.893900,-3.616388
13.763744,-0.737702,-3.611440
12.789115,1.120663,-3.616816
12.233769,2.816092,-3.620270
11.093558,4.267667,-3.617366
10.078746,5.574471,-3.614966
9.429533,7.128217,-3.616238
7.958061,8.073710,-6.610791
6.741304,9.142982,-6.617235
5.409941,10.222488,-6.620445
3.877806,11.382810,-6.612766
2.128467,12.638421,-6.608829
0.040147,13.694949,-6.616681
-2.276841,14.183358,-6.620911
-4.846443,14.311452,-6.610802
-7.495135,13.977314,-6.606600
-10.423531,13.275370,-6.613157
-13.419626,12.144002,-6.616722
-16.221529,10.351448,-6.611728
-18.844099,7.969192,-6.619260
-20.908916,4.973069,-6.620230
-22.170774,1.435143,-6.615286
-22.502599,-2.198395,-6.615173
-21.891997,-5.910577,-6.612206
-20.235166,-9.366918,-6.617146
-18.184280,-12.427454,-6.619293
-15.670124,-15.012090,-6.615739
-12.388831,-16.627091,-6.614619
-9.087436,-17.617883,-6.610497
-5.809307,-17.965766,-6.614841
-2.684473,-17.900339,-6.621091
0.178733,-17.541261,-6.618668
2.881577,-16.517899,-6.615229
5.276538,-15.613921,-6.618340
7.709523,-14.676148,-6.617443
9.659300,-13.236059,-6.609910
11.079343,-11.081235,-6.608944
12.489955,-9.254959,-6.617336
12.829460,-6.814526,-6.617255
13.013658,-4.662657,-6.613657
13.397139,-2.683246,-6.614395
12.835478,-0.705606,-6.615048
11.923720,0.990318,-6.615615
11.305585,2.603967,-6.620033
10.174309,3.862561,-6.618806
9.262703,5.019370,-6.613537
8.736339,6.567816,-6.609367
7.705373,7.750214,-9.616889
6.605451,8.858256,-9.612253
5.252245,9.986201,-9.619284
3.777211,11.123978,-9.615035
2.111251,12.363630,-9.610073
0.019744,13.504849,-9.613838
-2.315073,13.995657,-9.616997
-4.695798,13.896939,-9.617509
-7.397532,13.782976,-9.617577
-10.340901,13.281689,-9.615012
-13.224037,12.071581,-9.610660
-16.039268,10.321040,-9.611207
-18.577992,7.877211,-9.618347
-20.507087,4.915982,-9.613169
-21.683812,1.485065,-9.611046
-21.924409,-2.143072,-9.621236
-21.203389,-5.813695,-9.613981
-19.616472,-9.057614,-9.614195
-17.588525,-11.982783,-9.616751
-15.077698,-14.416137,-9.611515
-11.874487,-15.913191,-9.607995
-8.656870,-16.782248,-9.618429
-5.476167,-17.083791,-9.618379
-2.456676,-17.010536,-9.610237
0.211893,-16.666078,-9.608663
2.836389,-15.702302,-9.608141
5.147153,-14.803981,-9.617040
7.278945,-13.919828,-9.622876
9.234000,-12.434365,-9.621403
10.549874,-10.437393,-9.622355
11.856135,-8.766520,-9.620885
12.336151,-6.527651,-9.620764
12.571199,-4.439726,-9.621277
12.889099,-2.625194,-9.618787
12.374726,-0.705585,-9.612341
11.579801,0.979599,-9.608546
10.939923,2.519231,-9.617338
9.952153,3.704233,-9.615747
9.025076,4.929530,-9.612781
8.477910,6.288727,-9.616983
7.724219,7.763426,-12.613946
6.634987,8.937167,-12.618041
5.308424,10.000789,-12.621153
3.758589,11.101794,-12.612799
2.088190,12.199288,-12.610196
0.112714,13.189055,-12.616340
-2.229997,13.686915,-12.619601
-4.526108,13.545536,-12.620790
-7.247434,13.544537,-12.612323
-10.154221,13.031577,-12.612039
-12.895969,11.715106,-12.622593
-15.606332,10.025393,-12.622021
-17.863526,7.626962,-12.611532
-19.617745,4.686015,-12.607529
-20.676778,1.357796,-12.611350
-20.812123,-2.051734,-12.614340
-20.074524,-5.481631,-12.616430
-18.561093,-8.630354,-12.620963
-16.637701,-11.341481,-12.615480
-14.153252,-13.642822,-12.609645
-11.177247,-15.091910,-12.620208
-8.087434,-15.963979,-12.616016
-5.116592,-16.325991,-12.608183
-2.307410,-16.337368,-12.608925
0.276391,-16.052435,-12.612211
2.763843,-15.297783,-12.608337
5.003776,-14.439791,-12.614015
7.096402,-13.448220,-12.613733
8.895541,-12.035110,-12.608023
10.250251,-10.174815,-12.617677
11.550390,-8.485358,-12.610642
12.198039,-6.443222,-12.610502
12.527847,-4.435952,-12.615501
12.763484,-2.575420,-12.614556
12.340879,-0.708162,-12.616082
11.763636,0.996735,-12.621161
11.088561,2.558521,-12.621389
10.217695,3.898427,-12.612341
9.382509,5.145300,-12.606533
8.619589,6.438625,-12.608889
8.021233,8.120166,-15.616426
6.817176,9.364577,-15.616696
5.408656,10.379575,-15.621295
3.830147,11.317902,-15.619239
2.085899,12.128101,-15.619362
0.071949,12.826555,-15.616079
-2.094569,13.265826,-15.609314
-4.407515,13.273048,-15.621020
-7.141161,13.258870,-15.617853
-9.777429,12.527556,-15.611011
-12.179706,11.195864,-15.611336
-14.786245,9.560649,-15.610635
-16.710510,7.168269,-15.618022
-18.155057,4.400315,-15.619345
-19.070809,1.271742,-15.615660
-19.119447,-1.924384,-15.616821
-18.429588,-5.036408,-15.619915
-17.076929,-7.919188,-15.619017
-15.176633,-10.477154,-15.615530
-12.905114,-12.572309,-15.616878
-10.355769,-14.141391,-15.621431
-7.632642,-15.113391,-15.612878
-4.883871,-15.667982,-15.611911
-2.193395,-15.865202,-15.620356
0.310623,-15.694401,-15.621056
2.773383,-15.212307,-15.612294
5.041560,-14.394669,-15.613420
7.056196,-13.246012,-15.613106
8.819134,-11.748333,-15.607975
10.201797,-10.138965,-15.612112
11.486750,-8.438836,-15.611376
12.375767,-6.529377,-15.612663
12.873364,-4.546688,-15.612144
12.998113,-2.635393,-15.606804
12.724088,-0.719529,-15.608558
12.427803,1.091707,-15.620190
11.732205,2.673581,-15.618714
11.089019,4.192367,-15.610492
10.266943,5.693512,-15.608175
9.173093,6.922607,-15.613105
8.339278,8.494376,-18.619457
7.083553,9.698349,-18.611226
5.562614,10.728905,-18.616649
3.908643,11.552062,-18.619431
2.052518,12.044123,-18.614581
0.137904,12.340331,-18.612491
-1.941968,12.702426,-18.618245
-4.317717,12.952280,-18.621482
-6.823809,12.780976,-18.612773
-9.048680,11.777308,-18.613501
-11.234146,10.350439,-18.617970
-13.609176,8.802883,-18.609928
-15.086674,6.494141,-18.612206
-16.183168,3.915784,-18.614404
-16.856329,1.176979,-18.613498
-16.826365,-1.689990,-18.613585
-16.228927,-4.482652,-18.614765
-14.938837,-7.023473,-18.617537
-13.161088,-9.131630,-18.619507
-11.212226,-11.095632,-18.618578
-9.355923,-12.885170,-18.616783
-6.979997,-14.041586,-18.619402
-4.573525,-14.769029,-18.620811
-2.057470,-15.207617,-18.618240
0.339527,-15.179295,-18.614599
2.733878,-15.021365,-18.612128
5.003416,-14.303466,-18.613758
6.933363,-13.039959,-18.619656
8.668564,-11.530204,-18.619899
10.201277,-10.071647,-18.608525
11.452853,-8.377428,-18.606925
12.550875,-6.656447,-18.608959
13.257538,-4.687054,-18.611149
13.251856,-2.651111,-18.611103
13.085904,-0.728388,-18.610034
13.049584,1.118311,-18.618597
12.325025,2.789688,-18.617797
11.794973,4.569212,-18.615501
11.058327,6.168128,-18.619018
9.663691,7.406328,-18.623157
8.291114,8.404490,-21.616398
7.025698,9.611672,-21.611121
5.508786,10.653407,-21.618532
3.891061,11.356755,-21.614254
2.089094,11.697152,-21.615162
0.160810,11.780026,-21.619290
-1.757338,11.894823,-21.615363
-3.927367,12.043978,-21.616097
-6.082132,11.627331,-21.617644
-7.880768,10.442198,-21.618468
-9.706299,9.073054,-21.618086
-11.686473,7.706753,-21.615992
-12.757784,5.543004,-21.614284
-13.468852,3.265629,-21.616702
-13.828930,0.988595,-21.620087
-13.711159,-1.459006,-21.618649
-13.242802,-3.767675,-21.612272
-11.898421,-5.745914,-21.611109
-10.191626,-7.292475,-21.612695
-8.830083,-8.970253,-21.612097
-7.822706,-11.015652,-21.610374
-5.948846,-12.299810,-21.612833
-3.861282,-13.132442,-21.615045
-1.727642,-13.732573,-21.613661
0.457437,-13.817922,-21.611992
2.649037,-13.948108,-21.615658
4.722939,-13.411090,-21.618449
6.523865,-12.141511,-21.618412
8.113640,-10.788985,-21.616047
9.723379,-9.575403,-21.611554
10.896334,-7.973212,-21.613977
12.123700,-6.440762,-21.618833
13.018149,-4.641351,-21.617616
12.909667,-2.584653,-21.611243
12.810940,-0.754631,-21.610661
12.912427,1.096298,-21.617898
12.223554,2.779964,-21.620817
11.830837,4.514778,-21.618833
11.129974,6.257906,-21.618544
9.711633,7.364646,-21.619953
7.575892,7.584166,-24.619003
6.497949,8.721235,-24.618494
5.209456,9.745997,-24.616411
3.628058,10.383210,-24.614333
2.020205,10.791195,-24.612128
0.260318,10.817055,-24.611122
-1.342408,10.409815,-24.611271
-2.966542,9.874289,-24.611361
-4.530061,9.153473,-24.614629
-5.776133,8.001679,-24.617032
-7.061424,6.952808,-24.615507
-8.483370,5.822821,-24.612699
-9.074924,4.134305,-24.614531
-9.297419,2.405499,-24.617208
-9.256242,0.666825,-24.616360
-9.084296,-1.007583,-24.614850
-8.782626,-2.584098,-24.616478
-7.219467,-3.713875,-24.614085
-5.815562,-4.500661,-24.612432
-5.125519,-5.656003,-24.613759
-5.268079,-7.921965,-24.617394
-4.128088,-9.214477,-24.615697
-2.624112,-10.001792,-24.612654
-1.103864,-10.658802,-24.611515
0.605145,-10.810366,-24.613015
2.387556,-11.169041,-24.614369
4.137851,-10.887722,-24.614076
5.578660,-9.868188,-24.614968
6.947857,-8.857307,-24.616813
8.427587,-8.091226,-24.614149
9.458547,-6.697794,-24.615932
10.616796,-5.469559,-24.619299
11.576411,-4.070804,-24.616136
11.416054,-2.285176,-24.611678
11.498075,-0.651629,-24.616760
11.601048,0.999988,-24.619744
11.058255,2.465934,-24.613455
10.876764,4.119906,-24.615362
10.353352,5.754646,-24.622235
8.915342,6.688991,-24.620930
2.069828,0.402631,-27.614975
