17.818612,22.204817,32.384807
14.306256,25.225861,32.384807
10.349978,27.642099,32.384807
6.054102,29.385980,32.384807
1.188218,30.381386,32.384807
-3.615320,30.305791,32.384807
-8.438229,29.121096,32.384807
-12.770721,27.047686,32.384807
-16.666583,24.242770,32.384807
-20.041749,20.829065,32.384807
-22.722976,17.048410,32.384807
-24.765576,12.888066,32.384807
-26.120968,8.456029,32.384807
-26.751624,4.032201,32.384807
-26.733861,-0.271316,32.384807
-26.132521,-4.532162,32.384807
-24.964570,-8.673644,32.384807
-23.213128,-12.605490,32.384807
-20.818956,-16.182405,32.384807
-17.875107,-19.092452,32.384807
-14.373213,-21.300094,32.384807
-10.495726,-22.748746,32.384807
-6.583066,-23.438935,32.384807
-2.776371,-23.495721,32.384807
0.835584,-23.037400,32.384807
4.199679,-22.164549,32.384807
7.434049,-20.892821,32.384807
10.352683,-19.332134,32.384807
13.075713,-17.450777,32.384807
15.565270,-15.269944,32.384807
17.683158,-12.945928,32.384807
19.639010,-10.275993,32.384807
21.385332,-7.271451,32.384807
22.804791,-4.099552,32.384807
23.912540,-0.631197,32.384807
24.582445,2.948756,32.384807
24.721186,6.917673,32.384807
24.124903,11.021068,32.384807
22.774533,14.965764,32.384807
20.748201,18.860558,28.989218
17.913823,22.422382,28.990649
14.385513,25.364807,28.983144
10.501519,27.774003,28.980966
5.960947,29.614708,28.988392
1.343217,30.675977,28.986710
-3.727398,31.565097,28.983470
-8.748158,30.572364,28.980528
-13.384983,28.228477,28.984512
-17.390132,25.219428,28.988994
-20.233763,20.983124,28.980707
-22.685472,16.927425,28.977770
-24.910004,12.906850,28.979350
-26.128287,8.545731,28.985381
-26.385202,4.124560,28.992122
-26.457422,-0.269345,28.990239
-25.959277,-4.639933,28.978611
-25.157305,-8.797012,28.978432
-23.807810,-12.821179,28.981869
-21.411245,-16.494038,28.985908
-18.103145,-19.420131,28.991831
-14.714669,-21.667083,28.987088
-10.793192,-23.237363,28.986017
-6.794349,-24.018391,28.988176
-2.907385,-24.093205,28.989365
0.783987,-23.573759,28.987961
4.401797,-22.693486,28.982679
7.628206,-21.675659,28.978312
10.925879,-20.329947,28.978227
13.810069,-18.569397,28.978964
16.512356,-16.258212,28.977600
19.122000,-13.859582,28.977929
21.521464,-11.135028,28.977473
22.467651,-7.625382,28.985626
22.990127,-4.121864,28.991793
24.540672,-0.717436,28.986018
24.995447,2.991938,28.987420
24.206458,6.802879,28.988470
23.177281,10.585785,28.987278
22.298775,14.616802,28.987420
20.861307,18.964021,25.582420
17.971032,22.376860,25.581662
14.370257,25.348620,25.586201
10.402961,27.788613,25.583071
5.948221,29.625974,25.577709
1.266778,30.803080,25.586975
-3.880671,31.726448,25.585012
-8.864112,30.794516,25.581077
-13.412295,28.493073,25.580163
-17.478910,25.373787,25.578440
-20.408100,21.302347,25.578429
-22.829773,17.125236,25.582278
-24.894139,12.934622,25.584965
-26.051339,8.455875,25.587257
-26.362890,3.964407,25.583413
-26.454364,-0.339146,25.577620
-26.050669,-4.628684,25.591544
-25.441044,-8.895145,25.583532
-24.269510,-13.062988,25.581063
-21.897178,-16.838364,25.592100
-18.510642,-19.806601,25.587148
-15.117670,-22.181093,25.580187
-11.174088,-23.892919,25.587624
-7.119474,-24.794509,25.585013
-2.993000,-24.927564,25.579265
0.768104,-24.392813,25.585249
4.457810,-23.516382,25.588450
7.928671,-22.502771,25.589013
11.343119,-21.257435,25.587251
14.461165,-19.450221,25.584887
17.230774,-17.106739,25.585954
20.100606,-14.634207,25.591340
22.604418,-11.742465,25.590501
23.981309,-8.254047,25.589231
24.799196,-4.528876,25.587849
25.856568,-0.712440,25.582191
25.998705,3.257945,25.581900
25.189952,7.133549,25.587517
24.056220,10.964751,25.590768
22.791080,14.953727,25.587555
20.929924,19.009801,22.191508
17.884446,22.183134,22.183292
14.369561,25.084397,22.185871
10.320595,27.549991,22.189461
5.962672,29.425642,22.184955
1.214512,30.701748,22.188053
-3.690310,30.972639,22.190885
-8.738283,30.126132,22.190756
-13.169455,28.061886,22.187042
-17.223199,24.939449,22.183211
-20.737977,21.508687,22.184587
-23.212973,17.470443,22.186256
-24.857159,13.015917,22.185963
-25.992073,8.414135,22.185685
-26.633995,4.074147,22.182876
-26.734465,-0.313945,22.178615
-26.385668,-4.687885,22.184463
-25.797101,-9.034701,22.179514
-24.628740,-13.283369,22.181910
-22.305468,-17.187851,22.191849
-19.112535,-20.224609,22.189703
-15.581441,-22.836931,22.185180
-11.623279,-24.714573,22.178261
-7.354377,-25.785431,22.183978
-3.328237,-25.999236,22.186208
0.856183,-25.464899,22.176715
4.608689,-24.552962,22.180441
8.287512,-23.394925,22.188097
11.740250,-22.059009,22.191572
15.041542,-20.098714,22.185443
17.868881,-17.713392,22.179476
20.783396,-15.165674,22.190674
23.194731,-11.969889,22.192362
25.447291,-8.754110,22.185847
27.281154,-4.867072,22.184860
27.435882,-0.787353,22.189428
27.324376,3.427099,22.185833
26.964953,7.629845,22.182061
25.775721,11.829569,22.184688
23.594763,15.658765,22.190760
20.708270,18.777533,18.782868
17.549934,21.935593,18.786405
14.111690,24.748091,18.791590
10.303000,27.054059,18.787304
5.897142,29.004940,18.780777
1.265722,30.308612,18.788784
-3.701303,30.372690,18.789073
-8.515955,29.713883,18.792150
-13.123972,27.965791,18.788753
-17.273950,25.129156,18.779861
-21.079814,21.915010,18.786665
-23.765727,17.717530,18.788604
-25.293047,13.148405,18.786124
-26.373388,8.643706,18.787240
-27.146279,4.264375,18.785423
-27.296555,-0.366123,18.777798
-27.001558,-4.630707,18.785535
-26.224496,-9.193095,18.782129
-24.896840,-13.452177,18.780381
-22.677261,-17.508094,18.785300
-19.704963,-20.834870,18.783426
-16.046134,-23.676260,18.782210
-12.083130,-25.708018,18.785566
-7.799382,-26.938983,18.786605
-3.538969,-27.279274,18.785699
0.715738,-26.830216,18.785656
4.858470,-25.775938,18.783619
8.525479,-24.405850,18.783584
12.087681,-22.750286,18.787158
15.382024,-20.656007,18.790268
18.376905,-18.114292,18.789910
21.206365,-15.391944,18.788774
23.402671,-12.183618,18.785583
25.913091,-8.854227,18.781414
27.957092,-5.048601,18.780198
27.952126,-0.704884,18.781342
27.736402,3.563953,18.778886
27.420219,7.847521,18.784979
26.121062,12.034926,18.790371
23.572042,15.701352,18.786406
20.153829,18.228818,15.378077
17.239367,21.383789,15.384482
13.762404,24.203593,15.391186
10.092491,26.430613,15.386156
5.838180,28.328325,15.379521
1.190522,29.655335,15.389777
-3.625372,29.984688,15.391894
-8.451941,29.541976,15.389177
-13.274496,28.206139,15.387545
-17.689534,25.814948,15.386449
-21.545178,22.335042,15.384982
-24.318768,18.157904,15.384754
-26.123058,13.671905,15.383961
-27.258684,8.973745,15.386517
-27.891972,4.365130,15.387297
-28.121315,-0.282474,15.379551
-27.819084,-4.929576,15.376992
-26.744529,-9.267583,15.380324
-25.061606,-13.606910,15.386610
-23.097918,-17.638025,15.391219
-20.329241,-21.588777,15.388428
-16.725794,-24.535890,15.379678
-12.654256,-26.820517,15.385859
-8.241898,-28.265985,15.382922
-3.784252,-28.751048,15.377425
0.853385,-28.365007,15.387421
4.994907,-27.216208,15.391245
8.892813,-25.413498,15.380073
12.421872,-23.294149,15.381983
15.634716,-21.015726,15.388555
18.615385,-18.445804,15.387753
21.230796,-15.504524,15.393482
23.459376,-12.243558,15.381733
25.088252,-8.484362,15.380603
26.247927,-4.703981,15.391932
27.221037,-0.711821,15.388152
27.095197,3.405011,15.378695
26.032436,7.387613,15.382171
24.438487,11.192367,15.386760
22.495630,14.839972,15.381803
19.498045,17.578218,11.986898
16.774832,20.667886,11.981052
13.424108,23.381987,11.985366
9.755355,25.628296,11.986262
5.661606,27.457388,11.982280
1.175652,28.731026,11.991932
-3.457205,29.298984,11.981254
-8.280999,29.070211,11.982393
-13.237499,28.086115,11.991888
-17.973720,26.001228,11.989743
-21.671738,22.580367,11.988024
-24.606202,18.495636,11.988661
-26.759924,13.961349,11.988630
-28.028877,9.105036,11.986661
-28.580762,4.473247,11.987871
-28.786550,-0.183588,11.991743
-28.421788,-5.016795,11.986088
-27.117145,-9.485889,11.986545
-25.298470,-13.583212,11.992460
-23.295053,-17.810409,11.990465
-20.822173,-21.954288,11.981221
-17.156306,-25.116543,11.986660
-13.145144,-27.546461,11.988000
-8.615924,-29.191992,11.989216
-3.975252,-29.798135,11.988586
0.677144,-29.515824,11.984116
5.160901,-28.223328,11.989243
9.119226,-26.117660,11.992941
12.623796,-23.625492,11.987511
15.758841,-21.215209,11.984227
18.715013,-18.616960,11.988301
21.145641,-15.522048,11.987758
23.371987,-12.200329,11.980416
24.489766,-8.304253,11.981364
25.115657,-4.577806,11.987588
26.366061,-0.650855,11.985343
26.202669,3.299696,11.979802
24.823413,7.003530,11.980296
23.119930,10.573450,11.984986
21.465868,14.179550,11.988170
18.807822,16.892174,8.583267
16.039788,19.887667,8.584685
12.864243,22.444804,8.585679
9.389116,24.583376,8.587590
5.515041,26.342811,8.586638
1.242949,27.531694,8.578940
-3.336646,28.040080,8.585953
-7.952692,27.956579,8.592315
-12.832796,27.060801,8.589367
-17.404608,25.110924,8.586950
-21.390040,22.143746,8.590727
-24.565752,18.322692,8.589019
-26.867617,13.922785,8.587613
-28.332185,9.358985,8.584886
-29.089656,4.457097,8.582931
-29.128444,-0.332464,8.586634
-28.685042,-4.924050,8.585648
-27.412400,-9.536258,8.583822
-25.489902,-13.721961,8.578266
-23.346280,-17.817343,8.578785
-20.741325,-22.025582,8.589532
-17.170981,-25.217601,8.584779
-13.097851,-27.776208,8.582444
-8.630188,-29.443198,8.587470
-3.870681,-30.090116,8.592521
0.729648,-29.803444,8.589455
5.162448,-28.522145,8.581581
9.215211,-26.323584,8.589489
12.619473,-23.776385,8.583537
15.806714,-21.217736,8.580699
18.696293,-18.611724,8.592901
21.106581,-15.327461,8.587119
23.190748,-12.002092,8.582137
24.573212,-8.392189,8.579712
25.301115,-4.534700,8.583000
25.731990,-0.665087,8.592637
25.376781,3.222016,8.591196
24.341426,6.798069,8.588536
22.798813,10.391606,8.586811
21.027425,13.682060,8.584486
18.102010,16.199370,5.190852
15.394516,18.901011,5.187111
12.438717,21.296493,5.183827
9.053293,23.414858,5.182410
5.273841,25.157479,5.181358
1.256796,26.257656,5.183494
-3.050930,26.634989,5.178856
-7.592152,26.608660,5.180097
-12.127748,25.652699,5.183785
-16.244537,23.738557,5.183346
-20.435796,21.296046,5.187462
-23.829365,17.827631,5.190279
-26.308948,13.645351,5.185474
-28.086021,9.115624,5.184934
-29.030737,4.540712,5.186995
-29.037159,-0.320934,5.182475
-28.536874,-4.976476,5.187749
-27.411614,-9.524658,5.185096
-25.499566,-13.790029,5.177967
-23.045787,-17.787654,5.180766
-20.246628,-21.534863,5.190278
-16.829850,-24.739052,5.189644
-12.870762,-27.250698,5.189672
-8.481462,-28.880411,5.186736
-3.837527,-29.505192,5.181287
0.833121,-29.136764,5.180787
5.177537,-27.925009,5.185449
9.086168,-26.041545,5.190465
12.501479,-23.674032,5.189584
15.745819,-21.054324,5.185247
18.533694,-18.458948,5.185968
20.883061,-15.233134,5.191480
22.799883,-11.949888,5.182114
24.738529,-8.400090,5.179105
25.734542,-4.613439,5.185584
25.269467,-0.792727,5.184946
24.731020,2.984151,5.186494
24.070591,6.752029,5.180634
22.731614,10.291161,5.177760
20.572548,13.444442,5.185116
17.399567,15.532793,1.781922
14.757774,18.095433,1.790277
11.893157,20.386369,1.787000
8.634295,22.429800,1.784005
5.141035,24.024552,1.791678
1.271413,25.079412,1.792099
-2.870432,25.581688,1.791742
-7.230710,25.513714,1.786863
-11.434954,24.516026,1.780810
-15.494842,22.511354,1.783644
-19.260780,20.035141,1.791359
-22.502400,16.900692,1.784657
-25.188156,13.066065,1.787579
-27.130876,8.808682,1.790556
-28.215194,4.430493,1.782315
-28.467482,-0.242219,1.779506
-27.965117,-4.891895,1.789180
-26.893618,-9.273527,1.788450
-25.049469,-13.580952,1.783554
-22.427524,-17.237016,1.781268
-19.271480,-20.468779,1.778268
-16.070820,-23.655149,1.780377
-12.235675,-25.985678,1.788506
-7.934043,-27.451211,1.787525
-3.639049,-27.934472,1.781104
0.849540,-27.385330,1.781800
4.905349,-26.404235,1.785000
8.734432,-25.185230,1.782911
12.397629,-23.216517,1.778249
15.439330,-20.847389,1.778612
18.317779,-18.062721,1.784387
20.622752,-14.984234,1.787922
22.453986,-11.622144,1.788658
24.103213,-8.292332,1.788577
25.150110,-4.479786,1.784670
24.882036,-0.788116,1.779548
24.332350,3.015839,1.784870
23.444503,6.584010,1.787461
21.923323,9.916520,1.784201
19.781637,12.910717,1.780424
16.712773,14.896216,-1.611046
14.239142,17.361634,-1.610881
11.487271,19.529856,-1.613309
8.394082,21.481046,-1.615059
4.904916,23.017670,-1.612759
1.222006,24.013227,-1.609986
-2.861850,24.763908,-1.614499
-6.957378,24.557370,-1.614709
-10.983018,23.445920,-1.612984
-14.770946,21.484126,-1.613974
-17.822983,18.683377,-1.610499
-20.873855,15.658813,-1.607140
-23.609604,12.344759,-1.614746
-25.657825,8.405895,-1.620455
-26.906140,4.114263,-1.616276
-27.468811,-0.297777,-1.613242
-26.911097,-4.712927,-1.609337
-25.733082,-9.001781,-1.606719
-24.063795,-13.000455,-1.614418
-21.276123,-16.408318,-1.617412
-17.854290,-19.027153,-1.610127
-14.945291,-21.983658,-1.620269
-11.230330,-24.030033,-1.612321
-7.204133,-25.214494,-1.612688
-3.130321,-25.543110,-1.617812
0.811933,-24.878058,-1.610402
4.556252,-24.161763,-1.609959
8.356224,-23.707135,-1.610805
11.951214,-22.504192,-1.609066
15.083200,-20.285616,-1.614198
17.769984,-17.579870,-1.622689
20.139890,-14.589827,-1.613754
21.850851,-11.342532,-1.608180
22.631603,-7.779929,-1.614057
23.325800,-4.195287,-1.619131
24.361597,-0.692062,-1.614168
23.988668,2.957208,-1.612074
22.366108,6.239423,-1.614039
20.486840,9.201483,-1.615028
18.745637,12.066552,-1.613267
16.061919,14.302049,-5.018785
13.696984,16.767079,-5.022666
11.126202,18.814565,-5.015734
8.088980,20.688246,-5.009518
4.796036,22.075963,-5.017457
1.211500,23.069973,-5.022776
-2.625605,23.741249,-5.013017
-6.583567,23.350065,-5.007044
-10.314245,22.161746,-5.012923
-13.882470,20.368655,-5.020886
-16.878739,17.676559,-5.021813
-19.661039,14.770264,-5.016046
-22.242473,11.491635,-5.017005
-24.085820,7.933909,-5.016890
-25.317254,3.931697,-5.010097
-25.906283,-0.340571,-5.009721
-25.262728,-4.457816,-5.018450
-23.979035,-8.422614,-5.017102
-22.297465,-12.112689,-5.017334
-19.649710,-15.270393,-5.021472
-16.359887,-17.617009,-5.019514
-13.476263,-19.980517,-5.017200
-10.026322,-21.674143,-5.010717
-6.409212,-22.682181,-5.011978
-2.727881,-23.045695,-5.015793
0.837539,-22.674103,-5.014380
4.220930,-22.161444,-5.015280
7.778238,-21.790930,-5.014513
11.211792,-20.817556,-5.017960
14.102082,-18.972624,-5.022987
16.637545,-16.448499,-5.020232
18.883848,-13.672215,-5.009852
20.491245,-10.626044,-5.009880
21.012625,-7.245598,-5.011323
21.556834,-3.897007,-5.012985
22.783426,-0.693548,-5.019668
22.535439,2.732427,-5.021211
21.002228,5.807626,-5.019481
19.307556,8.613424,-5.017508
17.788011,11.537018,-5.016766
15.453611,13.754795,-8.407377
13.361509,16.087187,-8.416975
10.741918,18.273102,-8.417109
7.803592,19.976006,-8.414738
4.634739,21.247829,-8.415896
1.234562,22.248894,-8.408680
-2.430976,22.388830,-8.411965
-6.070515,21.747546,-8.417104
-9.513767,20.496928,-8.416560
-12.852031,18.924455,-8.416092
-16.347151,17.082792,-8.419557
-18.939142,14.303742,-8.417690
-20.928784,10.866380,-8.413125
-22.449375,7.369163,-8.409191
-23.444643,3.552048,-8.411245
-23.556995,-0.266830,-8.420011
-22.937528,-4.172104,-8.420592
-21.620403,-7.606341,-8.417352
-19.687525,-10.884589,-8.417132
-17.570633,-13.757412,-8.415179
-14.875156,-16.222197,-8.410487
-11.600904,-17.582204,-8.414475
-8.609890,-18.938753,-8.415310
-5.519845,-19.926721,-8.411266
-2.285741,-20.507570,-8.412627
0.823119,-20.834492,-8.419284
3.938559,-20.441321,-8.419791
7.000869,-19.307025,-8.420689
9.720042,-18.028845,-8.421750
12.393699,-16.411454,-8.420340
14.636454,-14.415837,-8.415825
16.653955,-12.018819,-8.412055
18.235361,-9.470125,-8.418311
19.334246,-6.681904,-8.420839
19.881799,-3.733188,-8.417776
19.964423,-0.736670,-8.418984
19.755492,2.252767,-8.421518
19.299309,5.214023,-8.416052
18.457732,8.237375,-8.406979
17.231401,10.992979,-8.403526
14.867427,13.038758,-11.807448
12.821298,15.449878,-11.815147
10.433305,17.497296,-11.816416
7.576768,19.080382,-11.814515
4.493518,20.221243,-11.816366
1.197296,21.091862,-11.813681
-2.160818,20.810377,-11.816567
-5.512277,20.037730,-11.813622
-8.652970,18.819999,-11.812937
-11.738445,17.363691,-11.821278
-15.323526,16.147159,-11.821130
-17.850952,13.391370,-11.813889
-19.350735,10.009866,-11.817575
-20.524969,6.685902,-11.819943
-21.236786,3.253204,-11.817653
-21.031792,-0.278679,-11.819705
-20.509587,-3.775544,-11.811054
-19.189018,-6.896744,-11.815674
-17.287790,-9.708725,-11.817444
-15.560623,-12.396915,-11.817278
-13.487872,-14.846245,-11.820877
-10.376311,-15.916621,-11.810574
-7.621950,-17.207397,-11.814764
-4.909965,-18.133547,-11.821715
-2.060823,-18.730285,-11.821921
0.792652,-19.223519,-11.819369
3.802670,-18.835611,-11.817722
6.315556,-17.417923,-11.814653
8.689168,-15.978009,-11.814532
11.090644,-14.598195,-11.812232
13.162630,-12.952812,-11.808952
14.976255,-10.854634,-11.816180
16.515347,-8.572309,-11.820198
17.966717,-6.135050,-11.816204
18.573867,-3.393905,-11.815366
18.008269,-0.642422,-11.820918
17.804121,1.995663,-11.816934
17.938411,4.776054,-11.814748
17.663640,7.751320,-11.813534
16.504833,10.557912,-11.808564
14.090273,12.329383,-15.219872
12.166160,14.659908,-15.213544
9.863225,16.588369,-15.218494
7.203098,18.003330,-15.220724
4.217930,18.949349,-15.210751
1.115862,19.366203,-15.212064
-1.981437,19.022172,-15.219589
-4.929065,18.327863,-15.219244
-7.828608,17.210486,-15.216872
-10.601488,15.743931,-15.218524
-13.445256,14.185929,-15.214631
-15.640531,11.812860,-15.210998
-17.153946,8.929509,-15.210951
-18.231743,5.866107,-15.215496
-18.752903,2.794164,-15.216460
-18.597935,-0.334163,-15.209588
-18.113271,-3.426558,-15.210640
-17.026943,-6.231267,-15.215016
-15.401525,-8.761602,-15.218779
-13.898227,-11.120347,-15.216532
-12.156663,-13.536461,-15.209500
-9.648596,-14.999042,-15.209284
-7.172609,-16.298764,-15.209079
-4.575232,-17.228742,-15.214900
-1.824902,-17.700808,-15.216829
0.834602,-17.823261,-15.213472
3.582967,-17.388755,-15.217472
6.018612,-16.323919,-15.213915
8.280576,-15.143317,-15.215731
10.497028,-13.889898,-15.220087
12.612228,-12.272168,-15.219538
14.295519,-10.356561,-15.219056
15.733304,-8.127490,-15.214186
16.975968,-5.861274,-15.212959
17.641969,-3.329866,-15.212970
17.397907,-0.656954,-15.208134
17.243788,1.886152,-15.206995
17.196040,4.554937,-15.210281
16.731389,7.391354,-15.216117
15.624188,9.951377,-15.220406
13.219492,11.515735,-18.608126
11.427128,13.650002,-18.613733
9.262113,15.381244,-18.620446
6.777598,16.671884,-18.619868
3.991129,17.393956,-18.615166
1.102853,17.338407,-18.616547
-1.684187,17.156005,-18.613749
-4.382889,16.598223,-18.614419
-7.030843,15.633863,-18.616434
-9.452658,14.116692,-18.614853
-11.144221,11.898815,-18.615474
-13.049796,9.874842,-18.613537
-14.815679,7.718743,-18.615513
-15.899674,5.167314,-18.617044
-16.353273,2.411148,-18.612519
-16.433330,-0.366017,-18.611359
-15.980451,-3.105884,-18.620041
-15.235523,-5.689910,-18.612201
-13.957822,-8.018172,-18.610138
-12.448367,-10.101418,-18.616131
-10.942829,-12.314413,-18.613355
-9.174172,-14.327307,-18.610971
-6.895646,-15.699316,-18.617778
-4.356305,-16.620040,-18.618466
-1.724163,-16.932756,-18.617554
0.836661,-16.613384,-18.619347
3.357728,-16.142864,-18.613916
5.774380,-15.662533,-18.612674
8.164541,-14.751486,-18.619370
10.289063,-13.492638,-18.616205
12.236748,-11.993499,-18.607611
13.969481,-10.096734,-18.619904
15.291052,-7.894614,-18.622946
16.189285,-5.604754,-18.613658
16.853725,-3.121874,-18.609693
17.229530,-0.691407,-18.615166
17.153020,1.875596,-18.609767
16.632855,4.389800,-18.609769
15.789889,6.818690,-18.612506
14.643415,9.242913,-18.609755
12.243692,10.583963,-22.015213
10.587563,12.406456,-22.020102
8.541178,13.942156,-22.015059
6.227630,15.068493,-22.007677
3.733116,15.621146,-22.012554
1.177316,15.494173,-22.018627
-1.389460,15.324210,-22.014145
-3.874467,14.832988,-22.007509
-6.230222,13.988051,-22.012442
-8.367435,12.636498,-22.018899
-9.806286,10.508003,-22.007619
-11.475653,8.707819,-22.016855
-13.120050,6.853716,-22.016850
-14.148842,4.530912,-22.015156
-14.560594,2.086380,-22.023162
-14.743474,-0.364639,-22.018300
-14.400024,-2.797354,-22.016901
-13.799883,-5.201056,-22.020876
-12.720095,-7.393221,-22.022256
-11.326428,-9.310780,-22.019565
-9.943810,-11.352921,-22.015835
-8.534327,-13.381456,-22.011814
-6.410957,-14.757748,-22.009958
-4.062750,-15.631331,-22.013041
-1.555907,-15.919368,-22.012954
0.899200,-15.562073,-22.011890
3.229038,-15.185091,-22.018452
5.570790,-14.835354,-22.015926
7.786354,-14.040187,-22.011174
9.802239,-12.786809,-22.010024
11.623825,-11.283716,-22.013851
13.220273,-9.539552,-22.020919
14.449618,-7.515132,-22.020038
15.203094,-5.280940,-22.017280
15.798834,-2.988711,-22.017867
16.392003,-0.602802,-22.016857
16.321923,1.763849,-22.009765
15.612853,4.120785,-22.012238
14.660110,6.294346,-22.017158
13.611271,8.425141,-22.015885
11.130299,9.394325,-25.418384
9.491680,10.986583,-25.413495
7.659251,12.230941,-25.416893
5.564471,13.143844,-25.417535
3.399835,13.583102,-25.409058
1.109737,13.691078,-25.417536
-1.082659,13.471135,-25.422661
-3.233929,13.003096,-25.420114
-5.412751,12.263326,-25.418450
-7.306666,11.149519,-25.419388
-8.892176,9.492768,-25.415470
-10.396877,7.880814,-25.414653
-11.739739,6.128008,-25.419420
-12.630681,4.026124,-25.420914
-13.044607,1.852270,-25.414280
-13.235721,-0.428914,-25.410512
-12.976258,-2.616240,-25.417837
-12.424042,-4.754265,-25.413892
-11.559039,-6.779133,-25.410344
-10.371081,-8.633414,-25.415734
-9.021441,-10.379721,-25.421160
-7.521661,-12.114780,-25.421168
-5.680146,-13.310784,-25.415355
-3.523986,-14.132100,-25.411567
-1.361621,-14.501437,-25.408577
0.848520,-14.485135,-25.409363
3.037937,-14.241590,-25.416999
5.165395,-13.667453,-25.410633
7.090378,-12.785083,-25.415349
8.914426,-11.547986,-25.419881
10.476131,-10.120868,-25.414573
11.880004,-8.539819,-25.417902
13.105049,-6.801297,-25.415160
13.855648,-4.841501,-25.416318
14.257721,-2.750978,-25.421407
14.542600,-0.657915,-25.420407
14.446378,1.457346,-25.416288
13.928516,3.594707,-25.411542
13.200464,5.597688,-25.411392
12.321624,7.548464,-25.415962
9.375964,7.731728,-28.818695
8.089284,9.057718,-28.815028
6.561128,10.117958,-28.810703
4.782642,10.829846,-28.811525
2.956634,11.164019,-28.816897
1.107272,11.342741,-28.816367
-0.700884,11.032917,-28.811722
-2.508335,10.577767,-28.809979
-4.262224,10.030243,-28.814496
-5.895183,9.145157,-28.817153
-7.514620,8.100761,-28.809294
-8.825938,6.704012,-28.816141
-9.829296,5.133507,-28.821958
-10.534022,3.354196,-28.817802
-10.901085,1.458548,-28.812119
-11.091858,-0.454640,-28.809821
-10.933438,-2.300128,-28.810071
-10.416820,-4.150425,-28.814882
-9.764175,-5.891987,-28.811487
-8.800264,-7.542352,-28.813455
-7.521126,-8.890819,-28.821302
-6.135606,-10.115311,-28.811099
-4.526228,-11.177149,-28.817710
-2.803622,-11.832226,-28.817974
-0.933067,-12.328233,-28.809985
0.890760,-12.580846,-28.811754
2.801357,-12.302414,-28.821436
4.541488,-11.668913,-28.819187
6.170731,-10.793573,-28.814170
7.618304,-9.759618,-28.813436
8.911468,-8.545371,-28.816589
10.062044,-7.193472,-28.819325
11.157349,-5.776224,-28.815576
11.796974,-4.146219,-28.817813
12.028911,-2.364872,-28.818299
12.134276,-0.596132,-28.811617
12.019272,1.102748,-28.819121
11.660374,2.840646,-28.822871
11.106504,4.537079,-28.820517
10.375785,6.173732,-28.819786
6.871978,5.288183,-32.214332
6.227467,6.529470,-32.220138
5.196080,7.568059,-32.217797
3.873184,8.076392,-32.210058
2.486128,8.348724,-32.211373
1.078437,7.947123,-32.214744
-0.163648,7.318957,-32.212626
-1.359552,6.963689,-32.212184
-2.573533,6.663007,-32.213817
-3.693212,6.083321,-32.212107
-5.144991,5.713125,-32.219076
-6.139748,4.777974,-32.215271
-6.793134,3.526360,-32.213504
-7.219678,2.250349,-32.215995
-7.428607,0.891578,-32.214068
-7.631786,-0.458953,-32.214006
-7.578096,-1.826379,-32.212527
-7.219320,-3.092184,-32.212725
-6.693653,-4.338736,-32.214768
-6.132102,-5.636866,-32.213439
-5.213867,-6.637574,-32.211062
-3.820020,-7.009100,-32.214957
-2.741609,-7.763578,-32.216885
-1.556495,-8.170340,-32.218160
-0.409907,-8.909865,-32.217834
0.905093,-9.744586,-32.217270
2.354422,-9.445350,-32.219320
3.681295,-8.927133,-32.220761
4.870255,-8.274870,-32.220513
6.013564,-7.506864,-32.216690
6.996407,-6.646272,-32.213726
7.851378,-5.577255,-32.216530
8.597213,-4.489352,-32.218866
9.090215,-3.224549,-32.218909
9.274679,-1.915651,-32.217006
9.299099,-0.605203,-32.215189
9.197472,0.700399,-32.216310
8.974244,2.007955,-32.217815
8.479255,3.200042,-32.216922
7.686297,4.235452,-32.214272
0.574502,-0.542770,-35.615193
8.723481,12.990518,32.384807
7.327954,14.787281,32.384807
5.618059,16.288950,32.384807
3.587964,17.505999,32.384807
1.212567,18.427969,32.384807
-1.281479,18.951085,32.384807
-4.009810,19.063839,32.384807
-6.804164,18.669834,32.384807
-9.542137,17.672941,32.384807
-11.958279,16.040989,32.384807
-13.851158,13.828016,32.384807
-15.186762,11.236809,32.384807
-16.022639,8.447654,32.384807
-16.412610,5.653980,32.384807
-16.419933,2.924452,32.384807
-16.061688,0.218313,32.384807
-15.312655,-2.406736,32.384807
-14.121548,-4.864339,32.384807
-12.501142,-6.946815,32.384807
-10.438116,-8.595310,32.384807
-8.151456,-9.720985,32.384807
-5.692724,-10.389333,32.384807
-3.337656,-10.614777,32.384807
-1.066944,-10.483210,32.384807
0.983268,-10.063515,32.384807
2.952428,-9.355768,32.384807
4.637682,-8.455577,32.384807
6.169771,-7.313992,32.384807
7.384140,-6.084026,32.384807
8.414937,-4.696166,32.384807
9.223020,-3.271929,32.384807
9.872668,-1.769048,32.384807
10.346337,-0.296994,32.384807
10.671973,1.121503,32.384807
10.892972,2.651987,32.384807
10.986277,4.195493,32.384807
10.944905,5.831842,32.384807
10.739925,7.551652,32.384807
10.336844,9.332399,32.384807
9.527748,11.039469,29.381318
8.302824,12.416069,29.388326
6.842144,13.702931,29.390876
5.146369,14.913776,29.391502
3.317354,15.752779,29.390581
1.205741,16.287290,29.386002
-0.945533,16.650679,29.389170
-3.350800,16.850514,29.392067
-6.060034,17.091699,29.388524
-9.022094,16.899981,29.385242
-11.195578,15.293792,29.387670
-12.864300,13.081697,29.385669
-14.481935,10.902055,29.382538
-15.588995,8.358743,29.380755
-15.485955,5.550313,29.379757
-15.084137,2.900890,29.382125
-14.266809,0.448068,29.389022
-13.247310,-1.766880,29.386034
-11.970203,-3.826400,29.381648
-10.459967,-5.511817,29.385628
-8.734906,-6.973704,29.386079
-6.905367,-8.163730,29.381442
-4.952403,-8.888556,29.381783
-2.877098,-9.282819,29.382543
-0.887028,-9.243438,29.381205
1.007158,-8.838800,29.381871
2.806453,-8.425154,29.383608
4.307433,-7.382269,29.385764
5.577058,-6.274478,29.387443
6.774001,-5.223777,29.388031
7.773205,-3.994304,29.389616
8.543441,-2.794801,29.389670
9.543625,-1.649554,29.381594
10.024852,-0.254835,29.382325
10.286893,1.243273,29.386848
10.778021,2.687104,29.387223
11.154718,4.225407,29.384862
10.680341,5.810419,29.379817
10.276288,7.308122,29.376548
10.082266,9.185816,29.376461
9.432845,10.927079,26.390037
8.139209,12.193946,26.389564
6.694985,13.452323,26.382912
5.061150,14.681946,26.381685
3.270187,15.526987,26.387502
1.200716,16.074586,26.389215
-0.916565,16.415219,26.388719
-3.285144,16.553006,26.383446
-5.868746,16.740356,26.377313
-8.777198,16.547263,26.379145
-10.888852,14.934266,26.386205
-12.468496,12.817357,26.387214
-14.029815,10.649300,26.383684
-15.025401,8.118669,26.381316
-14.837121,5.443512,26.382895
-14.411527,2.842171,26.386871
-13.505943,0.560918,26.390601
-12.468894,-1.511895,26.388203
-11.255332,-3.461125,26.383926
-9.824247,-5.057481,26.383255
-8.230627,-6.485117,26.384195
-6.557113,-7.688192,26.387549
-4.776121,-8.524102,26.383662
-2.864524,-9.087840,26.379346
-0.913443,-9.225193,26.380214
0.973373,-8.970143,26.382799
2.853493,-8.708045,26.386866
4.439022,-7.706783,26.389381
5.801317,-6.622447,26.386095
7.084092,-5.588670,26.382982
8.105567,-4.413637,26.385704
8.939963,-3.087904,26.390282
9.891375,-1.832657,26.387298
10.365405,-0.368634,26.383473
10.560621,1.194697,26.381986
10.947597,2.642318,26.384142
11.328148,4.239497,26.388404
10.762332,5.752260,26.384669
10.244145,7.281636,26.382361
10.022652,9.135671,26.385578
9.355851,10.862216,23.389412
8.154435,12.207007,23.387962
6.807528,13.671133,23.387861
5.245478,15.127126,23.389820
3.403468,16.246664,23.389625
1.243516,17.092796,23.385611
-1.124252,17.541285,23.383222
-3.520150,17.511557,23.385243
-6.097221,17.199073,23.386100
-8.731126,16.467954,23.385233
-10.807345,14.924462,23.389527
-12.537026,12.785305,23.385009
-13.814888,10.524701,23.380524
-14.500779,7.976898,23.382642
-14.478496,5.384329,23.386796
-14.270100,2.898327,23.388504
-13.550322,0.524839,23.390597
-12.652488,-1.623152,23.385172
-11.657317,-3.616913,23.379082
-10.416715,-5.477581,23.381339
-8.943220,-7.156035,23.386544
-7.186288,-8.535060,23.388056
-5.297541,-9.561172,23.384701
-3.274441,-10.282966,23.382325
-1.162257,-10.673391,23.382446
0.986043,-10.708451,23.383321
3.106440,-10.360621,23.386991
5.027696,-9.610758,23.387668
6.760836,-8.491996,23.389358
8.199272,-7.134991,23.388837
9.321132,-5.614287,23.383729
10.162697,-3.920943,23.381196
10.726378,-2.298912,23.385598
11.126504,-0.623399,23.380349
11.259657,1.081793,23.382824
11.351622,2.634005,23.390927
11.481619,4.341892,23.385860
10.978279,5.880145,23.381214
10.482787,7.384199,23.381762
10.073653,9.171751,23.386250
9.280646,10.821503,20.383279
8.214729,12.375970,20.379087
7.022654,14.079493,20.381822
5.471458,15.841297,20.383634
3.526889,17.351128,20.382557
1.286426,18.562037,20.389839
-1.383024,19.158802,20.387696
-4.025206,18.942357,20.381938
-6.484340,17.993117,20.384226
-8.732974,16.600773,20.388037
-10.971108,15.032317,20.379825
-12.827198,13.002516,20.383587
-13.833916,10.482274,20.388149
-14.217372,7.851728,20.384271
-14.455591,5.321358,20.382200
-14.497711,2.869169,20.388013
-14.167457,0.441245,20.383962
-13.553535,-1.835947,20.385954
-12.779062,-4.160297,20.392070
-11.843956,-6.530533,20.388217
-10.548711,-8.723605,20.382970
-8.727358,-10.499139,20.384896
-6.469882,-11.891058,20.381418
-4.094351,-12.760469,20.381942
-1.602923,-13.391056,20.387930
0.997673,-13.682953,20.388372
3.452850,-13.002884,20.388823
5.860465,-12.430492,20.388696
8.077125,-11.253809,20.382468
9.725913,-9.284055,20.381538
10.853228,-7.209274,20.388356
11.639191,-4.987394,20.388132
11.750189,-2.825748,20.384642
12.024139,-0.858533,20.380991
12.095593,0.913726,20.379249
11.834443,2.696812,20.379441
11.624024,4.283738,20.379620
11.285890,5.944990,20.378343
10.802525,7.578657,20.379564
10.173238,9.161878,20.382850
9.247900,10.685438,17.389952
8.280883,12.509396,17.381606
7.184828,14.380600,17.384976
5.634343,16.308095,17.388272
3.633278,18.111601,17.381547
1.275981,19.602869,17.382865
-1.530292,20.286443,17.384979
-4.334719,19.977438,17.385437
-6.840481,18.578542,17.381434
-8.946004,16.748862,17.379325
-11.194043,15.288806,17.386464
-13.224291,13.315318,17.383768
-14.090421,10.618681,17.385466
-14.363830,7.918113,17.388698
-14.829343,5.385750,17.384852
-15.019109,2.915494,17.385151
-15.041664,0.329786,17.388158
-14.752336,-2.228803,17.390757
-14.243238,-4.971963,17.387960
-13.606559,-7.792808,17.383218
-12.414354,-10.542762,17.386622
-10.414328,-12.906391,17.388909
-7.943808,-14.626163,17.389153
-5.068380,-15.716047,17.383679
-2.111217,-16.369904,17.379708
0.954544,-16.532910,17.385143
3.862276,-15.460716,17.388203
6.564372,-14.685274,17.388812
9.126906,-13.215925,17.382358
10.862063,-10.873959,17.381529
12.004046,-8.321622,17.385515
12.693758,-5.832589,17.380568
12.545691,-3.156823,17.388775
12.695665,-1.098424,17.390610
12.716223,0.851503,17.382870
12.231808,2.658861,17.379585
11.704775,4.329993,17.385610
11.505289,6.078349,17.382321
11.033970,7.735361,17.382575
10.208613,9.177656,17.388309
9.141044,10.601366,14.386133
8.272253,12.454256,14.386476
7.147337,14.280080,14.385119
5.589015,16.074822,14.382845
3.668334,17.802468,14.383408
1.261280,19.237386,14.386256
-1.451658,19.915353,14.382522
-4.275549,19.760931,14.382722
-6.818482,18.645041,14.384613
-9.086554,16.994403,14.384530
-11.484113,15.558310,14.387757
-13.580935,13.647622,14.382948
-14.644240,10.997357,14.379755
-15.119466,8.208131,14.383409
-15.640712,5.578739,14.384746
-15.731304,2.889042,14.380408
-15.907478,0.201039,14.386439
-15.941152,-2.590929,14.388465
-15.690373,-5.599830,14.386255
-15.115738,-8.884651,14.387388
-13.889633,-11.992350,14.382203
-11.840209,-14.764819,14.381617
-9.106449,-16.876584,14.387226
-5.902404,-18.122885,14.388132
-2.463438,-18.521135,14.384553
0.949702,-18.103485,14.383440
4.036066,-16.836983,14.379826
6.812885,-15.387661,14.380061
9.248509,-13.443606,14.381167
10.939407,-11.078698,14.385053
12.084305,-8.399067,14.389830
12.731225,-5.787579,14.389654
12.809156,-3.315375,14.392191
12.851368,-1.164220,14.382300
12.824916,0.780034,14.380616
12.384876,2.662434,14.385953
11.719690,4.366648,14.380880
11.559240,6.088363,14.383240
11.091419,7.693415,14.386443
10.130376,9.142446,14.386619
8.993980,10.473920,11.389290
8.140869,12.236262,11.386752
6.863585,13.822295,11.380334
5.327870,15.227784,11.378561
3.457227,16.687482,11.383881
1.187144,17.731972,11.388260
-1.232834,18.341583,11.386004
-3.832863,18.537438,11.381096
-6.615892,18.132053,11.378262
-9.161666,17.182332,11.379321
-11.727412,15.773332,11.383434
-13.903319,13.796983,11.388971
-15.351100,11.271738,11.392761
-16.206951,8.562261,11.387123
-16.632223,5.677891,11.378637
-16.480291,2.860987,11.384646
-16.660238,0.051970,11.383966
-16.889629,-2.976043,11.383444
-16.767104,-6.120642,11.386225
-16.116066,-9.525258,11.386526
-14.754532,-12.836913,11.384201
-12.697070,-15.907038,11.379642
-9.868387,-18.259123,11.386733
-6.410969,-19.619909,11.386108
-2.639339,-19.700209,11.380392
0.909046,-18.635274,11.386260
4.085216,-17.219363,11.380057
6.737016,-15.010901,11.380836
8.801282,-12.620136,11.381865
10.363281,-10.275709,11.379620
11.393552,-7.772036,11.382849
11.994028,-5.351667,11.390854
12.554952,-3.242725,11.387678
12.554805,-1.101579,11.384082
12.468202,0.867818,11.381407
12.281362,2.677233,11.379666
11.674693,4.309754,11.380800
11.415001,6.032968,11.379341
10.875510,7.631969,11.381016
9.902536,9.084957,11.386160
8.787810,10.285186,8.390255
7.883355,11.885020,8.388413
6.467561,13.157094,8.382121
4.947817,14.208375,8.377886
3.251826,15.319347,8.381407
1.249206,16.106758,8.390447
-1.029876,16.747464,8.383737
-3.447595,17.215356,8.384023
-6.243359,17.468259,8.388269
-9.118332,17.155635,8.380251
-11.730674,15.879405,8.381874
-13.995329,13.894914,8.387729
-15.826006,11.496586,8.389156
-16.978182,8.840748,8.388252
-17.309764,5.843850,8.388766
-17.114918,2.950087,8.387224
-17.249330,-0.047517,8.381795
-17.457027,-3.160335,8.380161
-17.270429,-6.377117,8.380664
-16.430299,-9.818701,8.382749
-14.963719,-13.048097,8.388835
-12.900790,-16.204994,8.380373
-10.064251,-18.645230,8.383766
-6.523610,-20.063415,8.385210
-2.709758,-19.987320,8.380670
0.902042,-18.514073,8.385477
4.093257,-16.936324,8.383184
6.479515,-14.367178,8.386598
8.281859,-11.666509,8.388330
9.738014,-9.281094,8.388611
10.626658,-6.984322,8.390327
11.211557,-4.693667,8.387255
12.044736,-2.917678,8.379162
12.046612,-0.939882,8.385498
11.933958,0.903908,8.390111
11.970944,2.707794,8.387578
11.525376,4.266276,8.388595
11.108237,5.941966,8.382600
10.526561,7.414187,8.380918
9.638419,8.885707,8.386043
8.503647,10.011646,5.380271
7.524684,11.369987,5.387360
6.122838,12.423686,5.383896
4.675054,13.267846,5.384278
3.074555,14.234268,5.391907
1.197442,15.136698,5.387375
-0.869221,15.855514,5.381040
-3.194016,16.399420,5.379707
-5.884271,16.826990,5.383273
-8.889016,16.780921,5.386357
-11.572430,15.616873,5.384555
-13.829174,13.769684,5.383253
-15.724631,11.526719,5.381569
-16.977178,8.808291,5.379714
-17.359414,5.795078,5.380897
-17.478755,2.885218,5.384988
-17.601668,-0.024576,5.387529
-17.562239,-3.148692,5.389787
-17.107846,-6.343769,5.390430
-16.106458,-9.521360,5.388406
-14.534316,-12.577517,5.387535
-12.355616,-15.503384,5.387854
-9.598427,-17.874788,5.382541
-6.227170,-19.373686,5.385078
-2.534487,-19.378274,5.390735
0.957632,-17.909974,5.383382
3.981028,-16.254194,5.378984
6.319755,-13.636905,5.382896
8.004087,-10.984551,5.386083
9.290904,-8.721429,5.386732
10.151999,-6.493679,5.389791
10.713155,-4.379809,5.391225
11.439070,-2.632471,5.381004
11.499813,-0.694338,5.377554
11.427627,0.981162,5.381802
11.506932,2.642204,5.383752
11.233033,4.288284,5.380746
10.694651,5.754583,5.379999
10.042237,7.170059,5.378764
9.335106,8.557442,5.377366
8.128227,9.636439,2.389848
7.026389,10.772191,2.385684
5.737228,11.695103,2.380833
4.371663,12.489206,2.381992
2.921951,13.339181,2.387425
1.248677,14.392264,2.390296
-0.759893,15.219660,2.388991
-2.980826,15.711478,2.383212
-5.539721,16.016165,2.378993
-8.300329,15.918459,2.379833
-10.906334,14.965140,2.378574
-13.142893,13.336395,2.385838
-15.044520,11.162946,2.389360
-16.253375,8.588376,2.384012
-16.847129,5.771263,2.380161
-17.450889,2.868970,2.383467
-17.597669,-0.088736,2.388336
-17.257841,-3.040228,2.385990
-16.515523,-6.009966,2.382330
-15.362248,-8.959425,2.383709
-13.700878,-11.767756,2.384318
-11.398772,-14.209583,2.385393
-8.813309,-16.369865,2.383988
-5.808756,-17.907134,2.386206
-2.380098,-18.153414,2.386665
0.910537,-17.002994,2.380625
3.808816,-15.291909,2.386952
6.124242,-13.005926,2.392405
7.781492,-10.658868,2.384826
9.051237,-8.313082,2.377178
9.892844,-6.201765,2.382247
10.453762,-4.203273,2.389078
10.847990,-2.266075,2.380154
10.995186,-0.591258,2.383011
10.963263,1.084147,2.384783
10.932263,2.674847,2.382845
10.820766,4.246402,2.386495
10.177718,5.571787,2.380848
9.487639,6.910147,2.379559
8.900514,8.279760,2.385531
7.641279,9.138099,-0.615228
6.487012,10.049061,-0.613184
5.375984,10.885494,-0.615206
4.075299,11.735864,-0.619194
2.706381,12.500457,-0.617780
1.223344,13.426023,-0.610104
-0.569768,14.134227,-0.610704
-2.564801,14.521769,-0.618400
-4.858405,14.622575,-0.618796
-7.148412,14.367700,-0.611663
-9.623246,13.636320,-0.618160
-11.792745,12.258094,-0.619741
-13.591288,10.390190,-0.619922
-14.945359,8.105978,-0.619209
-15.916496,5.611739,-0.613705
-16.868099,2.919460,-0.612497
-17.060068,-0.007470,-0.617878
-16.585789,-2.834696,-0.614609
-15.705644,-5.637039,-0.613767
-14.461383,-8.414602,-0.620249
-12.784372,-10.946140,-0.616328
-10.531634,-12.970420,-0.619809
-8.019512,-14.864530,-0.619800
-5.212245,-16.209927,-0.613178
-2.082443,-16.528292,-0.609086
0.955377,-15.766651,-0.611422
3.619882,-14.129447,-0.614129
5.844529,-12.329915,-0.617058
7.611666,-10.218467,-0.619022
8.798906,-8.035603,-0.616298
9.663476,-5.997023,-0.612935
10.254295,-3.968268,-0.612271
10.310268,-2.039276,-0.609864
10.537875,-0.387665,-0.617461
10.508169,1.150804,-0.618824
10.328163,2.626010,-0.614585
10.277212,4.093348,-0.616950
9.595761,5.377806,-0.616790
8.926777,6.629948,-0.616165
8.400155,7.930260,-0.616222
7.009415,8.600156,-3.616216
5.946588,9.281861,-3.611093
4.964438,10.076736,-3.609938
3.841604,10.948419,-3.616363
2.546628,11.564491,-3.620767
1.193527,12.019183,-3.615975
-0.356354,12.391238,-3.618680
-2.024271,12.639402,-3.617291
-3.780528,12.614026,-3.610421
-5.682365,12.248183,-3.611531
-7.727867,11.756723,-3.616372
-9.744184,10.737203,-3.614205
-11.500142,9.287192,-3.611668
-13.150242,7.499542,-3.612528
-14.653809,5.369129,-3.613318
-15.709957,2.889919,-3.614159
-15.930373,0.219093,-3.609752
-15.557111,-2.540904,-3.613629
-14.796094,-5.199916,-3.619984
-13.610323,-7.804480,-3.617951
-11.993249,-10.159657,-3.615022
-9.875098,-12.066494,-3.613470
-7.375720,-13.657064,-3.619263
-4.688697,-14.534511,-3.615329
-1.803300,-14.726975,-3.610884
0.998664,-14.268948,-3.620106
3.463042,-12.824662,-3.615711
5.563844,-11.407785,-3.612491
7.317346,-9.616932,-3.614787
8.511553,-7.586984,-3.619445
9.384001,-5.666564,-3.618231
9.949801,-3.822233,-3.612331
9.903430,-1.809630,-3.617062
10.114061,-0.299980,-3.617620
10.041694,1.258514,-3.617165
9.746506,2.672792,-3.615099
9.591548,4.002170,-3.609671
8.994751,5.192955,-3.609336
8.401712,6.351108,-3.612889
7.863497,7.519791,-3.616608
6.456436,8.012903,-6.613694
5.470193,8.595579,-6.611695
4.563896,9.392887,-6.611441
3.643777,10.214925,-6.613665
2.448961,10.693809,-6.613702
1.152118,10.697463,-6.609404
-0.066302,10.735026,-6.616425
-1.435678,10.831114,-6.619736
-2.875183,10.752126,-6.616280
-4.363778,10.423193,-6.619460
-6.072801,10.033500,-6.615117
-7.760314,9.344926,-6.617403
-9.487558,8.228451,-6.617626
-11.251535,6.889618,-6.613147
-13.102763,5.090757,-6.617409
-14.099052,2.858560,-6.614246
-14.339936,0.434068,-6.610863
-14.184544,-2.079906,-6.613011
-13.652406,-4.608234,-6.616894
-12.572860,-7.047483,-6.617681
-11.065702,-9.245321,-6.617190
-9.196397,-11.151399,-6.615706
-6.779959,-12.456726,-6.611099
-4.083289,-12.862215,-6.609363
-1.472044,-12.849007,-6.611544
1.007725,-12.590748,-6.612833
3.257822,-11.468192,-6.612741
5.240710,-10.311282,-6.612064
6.887424,-8.857462,-6.616555
8.133386,-7.031587,-6.616153
9.009788,-5.247751,-6.614022
9.550228,-3.506137,-6.616911
9.570680,-1.682798,-6.609945
9.710082,-0.155435,-6.614828
9.583577,1.337452,-6.618819
9.204519,2.668050,-6.613528
8.878159,3.916375,-6.609647
8.432755,5.044830,-6.614331
7.906704,6.177328,-6.617570
7.311642,7.174017,-6.616498
6.018780,7.542711,-9.620320
5.092498,8.133887,-9.610845
4.305504,8.882464,-9.614061
3.413609,9.656811,-9.618163
2.317555,10.037573,-9.616458
1.150181,9.992487,-9.620048
-0.014011,10.051105,-9.617487
-1.178681,10.109758,-9.616908
-2.472616,9.951772,-9.619471
-3.798949,9.601717,-9.616400
-5.246249,9.173766,-9.618811
-6.760983,8.530453,-9.615126
-8.217349,7.630766,-9.611912
-9.805813,6.420205,-9.617767
-11.387511,4.808925,-9.620550
-12.219710,2.848916,-9.614004
-12.500486,0.736840,-9.610426
-12.456217,-1.527986,-9.611029
-12.014124,-3.817436,-9.612013
-11.045078,-5.937631,-9.611900
-9.678760,-7.911184,-9.612979
-8.159800,-9.798768,-9.618993
-5.989407,-10.904372,-9.620179
-3.502123,-11.083301,-9.616736
-1.172526,-11.001390,-9.615894
1.007724,-10.822857,-9.618632
3.002028,-10.079939,-9.620861
4.829021,-9.120780,-9.619515
6.400025,-7.905596,-9.611938
7.619596,-6.421494,-9.610492
8.497927,-4.786981,-9.618865
9.046933,-3.091751,-9.621074
9.225516,-1.456207,-9.612455
9.276768,-0.014044,-9.617431
9.129725,1.416936,-9.617018
8.726096,2.657903,-9.610738
8.265197,3.801347,-9.610402
7.986812,4.933502,-9.610658
7.562428,5.947502,-9.615787
6.882730,6.832924,-9.622014
5.740375,7.323463,-12.608287
4.972288,7.933931,-12.608548
4.211470,8.650708,-12.608879
3.309304,9.281646,-12.608790
2.251467,9.627453,-12.608971
1.163969,9.826843,-12.609893
0.024184,10.106420,-12.614751
-1.250392,10.193764,-12.616016
-2.460076,9.920845,-12.612529
-3.675647,9.490248,-12.613767
-4.977907,8.941029,-12.619965
-6.336758,8.221774,-12.621654
-7.633947,7.286804,-12.617154
-8.820827,6.038761,-12.611462
-9.709360,4.562358,-12.609437
-10.304577,2.817060,-12.613912
-10.609270,0.994187,-12.613225
-10.561950,-0.908146,-12.615181
-10.084321,-2.822631,-12.620140
-9.177050,-4.633224,-12.620587
-8.031028,-6.231149,-12.620022
-6.801482,-7.950476,-12.612725
-4.970807,-8.998201,-12.616317
-2.929047,-9.285470,-12.620316
-0.909764,-9.276795,-12.620374
0.991341,-9.110441,-12.618876
2.843003,-8.653654,-12.610104
4.431253,-7.849423,-12.618043
5.887457,-6.812323,-12.613336
7.082556,-5.573999,-12.612061
7.910555,-4.137148,-12.616850
8.422963,-2.685135,-12.609924
8.784188,-1.250489,-12.610675
8.788027,0.152870,-12.618634
8.682308,1.455843,-12.616711
8.324379,2.681283,-12.612104
7.833962,3.740822,-12.616957
7.700717,4.844086,-12.621468
7.306912,5.844926,-12.619031
6.587415,6.638234,-12.612616
5.799525,7.352206,-15.610343
5.091809,8.126506,-15.616735
4.269046,8.783188,-15.618882
3.249549,9.208532,-15.620556
2.231406,9.472745,-15.620933
1.191563,9.847800,-15.615965
0.004803,10.154684,-15.617780
-1.202214,10.117970,-15.615839
-2.382638,9.788963,-15.609851
-3.573609,9.343123,-15.613512
-4.737433,8.706763,-15.613599
-5.889671,7.940213,-15.610160
-7.022224,6.956452,-15.613547
-7.833902,5.710389,-15.617950
-8.227382,4.322214,-15.613171
-8.570764,2.810874,-15.619662
-8.850511,1.228384,-15.618222
-8.830302,-0.371798,-15.612601
-8.418140,-1.985771,-15.616088
-7.668814,-3.526719,-15.619667
-6.662323,-4.915426,-15.610687
-5.520727,-6.206079,-15.613029
-4.034741,-7.145149,-15.615174
-2.375843,-7.644133,-15.616867
-0.619511,-7.729826,-15.615742
1.035926,-7.528992,-15.609685
2.622620,-7.287346,-15.612748
4.048705,-6.568392,-15.619238
5.323118,-5.674685,-15.613989
6.422955,-4.659595,-15.614076
7.189091,-3.450360,-15.617507
7.703645,-2.160528,-15.612719
8.192309,-0.920283,-15.614730
8.225914,0.391788,-15.618294
8.230790,1.572520,-15.614564
8.054114,2.697784,-15.613788
7.679019,3.744002,-15.617253
7.595861,4.799213,-15.610211
7.220474,5.792874,-15.604535
6.523146,6.610951,-15.605416
6.105725,7.634514,-18.616410
5.465843,8.600484,-18.615545
4.440307,9.174584,-18.613389
3.326133,9.335736,-18.613149
2.245948,9.488478,-18.614632
1.191093,9.818727,-18.614084
0.057401,9.786647,-18.614188
-1.025297,9.519571,-18.612377
-2.125668,9.202050,-18.608810
-3.187428,8.757562,-18.609239
-4.200376,8.114778,-18.615170
-5.129595,7.355027,-18.615595
-5.984126,6.437339,-18.613591
-6.613094,5.303703,-18.613633
-6.903881,4.086140,-18.610930
-7.141990,2.806864,-18.614874
-7.335433,1.472161,-18.614767
-7.387395,0.071584,-18.614860
-7.198328,-1.413917,-18.616490
-6.705870,-2.836396,-18.612364
-5.848815,-4.074356,-18.612370
-4.531986,-4.876955,-18.612387
-3.197509,-5.561347,-18.611740
-1.867123,-6.183481,-18.614172
-0.402309,-6.327554,-18.614590
1.034571,-6.055859,-18.610164
2.427752,-5.927559,-18.610432
3.670028,-5.295796,-18.611600
4.702202,-4.494149,-18.611685
5.671442,-3.620249,-18.615632
6.384182,-2.607263,-18.620300
6.887635,-1.510906,-18.619790
7.381671,-0.526668,-18.618310
7.575435,0.598532,-18.621304
7.744469,1.642017,-18.617187
7.865846,2.675692,-18.611025
7.781287,3.728178,-18.613042
7.614954,4.819579,-18.619570
7.223970,5.821825,-18.621562
6.677093,6.719927,-18.619071
6.247775,7.818903,-21.613867
5.668398,8.889951,-21.613709
4.520926,9.315785,-21.614048
3.280138,9.244208,-21.614932
2.182581,9.259377,-21.615935
1.160734,9.384405,-21.617460
0.190691,8.922762,-21.618567
-0.690358,8.488886,-21.612882
-1.619357,8.210750,-21.609013
-2.457458,7.712590,-21.617840
-3.231597,7.190014,-21.620785
-3.960481,6.489970,-21.618630
-4.511301,5.682499,-21.618433
-5.005246,4.793733,-21.619647
-5.443892,3.826114,-21.615849
-5.678291,2.792271,-21.612469
-5.766075,1.732769,-21.610993
-5.880599,0.543283,-21.613730
-5.998750,-0.815474,-21.619954
-5.777652,-2.183796,-21.620846
-5.055671,-3.319197,-21.618268
-3.608035,-3.607984,-21.619413
-2.395521,-3.991516,-21.617057
-1.333104,-4.617835,-21.612070
-0.156885,-4.801058,-21.608592
1.062756,-4.490665,-21.611603
2.158347,-4.355419,-21.617838
3.184756,-3.838977,-21.612457
4.029094,-3.054132,-21.617424
4.784249,-2.365476,-21.621228
5.387790,-1.617304,-21.622268
5.832616,-0.745343,-21.619933
6.300785,0.055895,-21.609139
6.690632,0.899250,-21.607479
7.020957,1.763777,-21.611037
7.384735,2.678600,-21.612844
7.629551,3.743930,-21.610845
7.397643,4.737639,-21.608825
7.042343,5.693766,-21.609322
6.661131,6.711872,-21.611884
5.536521,7.120929,-24.611797
5.032473,8.042781,-24.610411
3.994701,8.314647,-24.608988
2.934674,8.155562,-24.614953
1.985421,8.045073,-24.620140
1.158578,7.938818,-24.616000
0.420188,7.293724,-24.616065
-0.222931,6.921991,-24.614504
-0.858680,6.689129,-24.610673
-1.324739,6.183157,-24.610901
-1.872257,5.759430,-24.614931
-2.339112,5.283346,-24.613859
-2.610007,4.676369,-24.609674
-2.910291,4.099983,-24.611428
-3.443785,3.507515,-24.615159
-3.669116,2.779738,-24.618342
-3.668467,2.039417,-24.618869
-3.801590,1.205466,-24.615553
-4.182532,0.101679,-24.613351
-4.212698,-1.073290,-24.618138
-3.697744,-1.996008,-24.615011
-2.372561,-1.988247,-24.618663
-1.433401,-2.144154,-24.616912
-0.653895,-2.539512,-24.617011
0.207658,-2.716822,-24.617918
1.052912,-2.541966,-24.613621
1.836151,-2.195893,-24.615340
2.556057,-1.793966,-24.619610
3.104787,-1.232425,-24.615190
3.632296,-0.789480,-24.610712
4.079190,-0.285396,-24.610218
4.401682,0.328629,-24.610975
4.775036,0.859563,-24.611258
5.257624,1.350095,-24.613172
5.654701,1.977432,-24.613618
6.073993,2.709570,-24.613389
6.420003,3.538564,-24.613544
6.259281,4.387822,-24.612307
6.040007,5.189063,-24.611724
5.823590,6.102238,-24.611913
1.026944,2.456271,-27.615193
