22.762129,27.757613,32.384674
18.526136,32.139739,32.384674
13.487321,35.902275,32.384674
7.837925,38.667916,32.384674
1.686496,40.004419,32.384674
-4.768794,39.193428,32.384674
-10.266311,35.802412,32.384674
-14.597108,30.691304,32.384674
-17.640480,25.637918,32.384674
-20.073031,20.892226,32.384674
-22.030754,16.762762,32.384674
-23.785358,12.958651,32.384674
-25.330622,9.269938,32.384674
-26.608158,5.277664,32.384674
-27.243135,1.328017,32.384674
-27.085799,-2.672890,32.384674
-26.119908,-6.555088,32.384674
-24.617783,-10.059319,32.384674
-22.581625,-13.501948,32.384674
-20.267562,-16.528613,32.384674
-17.614801,-19.263252,32.384674
-14.473205,-21.741737,32.384674
-11.144176,-23.595817,32.384674
-7.543367,-24.847525,32.384674
-3.591856,-25.479687,32.384674
0.219011,-25.473301,32.384674
4.176749,-24.888645,32.384674
8.018850,-23.773198,32.384674
11.517306,-22.264092,32.384674
14.972513,-20.248292,32.384674
18.305253,-17.707974,32.384674
21.303683,-14.779891,32.384674
24.041978,-11.359631,32.384674
26.426493,-7.459165,32.384674
28.349748,-3.102326,32.384674
29.720705,1.855105,32.384674
30.297934,6.966761,32.384674
29.954824,12.297632,32.384674
28.563004,17.684915,32.384674
27.532327,24.094961,28.990636
23.625783,28.884912,28.987587
19.032036,33.037488,28.983634
13.794097,36.321884,28.985457
7.729826,38.334298,28.985162
1.540542,38.460663,28.978950
-4.506912,36.391831,28.980653
-9.641287,32.618082,28.978582
-13.613225,28.361530,28.984726
-16.503923,23.812379,28.991648
-18.623326,19.249667,28.988274
-20.465756,15.420830,28.984246
-21.882124,11.822411,28.986344
-22.810735,8.072864,28.988080
-23.812755,4.741125,28.988162
-24.865304,1.239346,28.985744
-24.814642,-2.444182,28.979642
-24.178075,-6.055570,28.980149
-23.607329,-9.724037,28.987710
-22.293350,-13.277658,28.990543
-19.951453,-16.155161,28.984340
-17.518871,-19.164387,28.982234
-14.725561,-21.814031,28.982944
-11.336097,-24.070102,28.983891
-7.664118,-25.788538,28.981470
-3.760871,-26.907104,28.978241
0.460193,-27.431417,28.988081
4.709428,-27.214033,28.987339
8.841220,-26.225950,28.982244
12.971452,-24.571413,28.983558
16.932942,-22.553745,28.978252
20.696639,-19.852059,28.981089
24.249362,-16.576264,28.987735
27.617607,-12.838329,28.988117
30.486122,-8.488909,28.985335
32.330088,-3.397835,28.988908
33.303456,2.132718,28.988403
33.241186,7.720734,28.981024
32.234834,13.265498,28.977799
30.374084,18.807451,28.984310
28.530852,24.942671,25.583253
24.291276,29.564164,25.587971
19.412519,33.547191,25.588794
13.891115,36.528002,25.584283
7.750082,37.903891,25.584795
1.487563,37.325935,25.590015
-4.287853,34.835733,25.585904
-9.136414,31.169288,25.590368
-13.159101,27.110275,25.588430
-15.996573,22.900263,25.583227
-18.037834,18.644358,25.584495
-19.851015,14.946056,25.587227
-21.159958,11.452706,25.589876
-21.948567,7.807014,25.590995
-22.896409,4.408029,25.585330
-23.861529,1.024560,25.578680
-23.842307,-2.324505,25.580812
-23.365530,-5.818698,25.582132
-23.154610,-9.602214,25.581742
-22.081039,-13.249082,25.585393
-19.837489,-16.053570,25.589126
-17.519396,-19.228715,25.583656
-14.811927,-22.042353,25.586666
-11.472282,-24.489227,25.588425
-7.859869,-26.460180,25.583288
-3.799009,-27.933603,25.584384
0.637960,-28.781334,25.589048
5.155334,-28.754411,25.584279
9.565416,-27.805111,25.581974
13.962113,-26.097887,25.586947
18.175343,-23.989983,25.583077
22.180133,-21.164777,25.584087
26.110521,-17.607157,25.587499
29.674648,-13.677756,25.583530
32.778935,-8.915366,25.580131
34.680080,-3.543815,25.589196
35.488725,2.301121,25.580931
35.081034,8.154253,25.581705
33.735712,13.932514,25.588978
31.600618,19.698327,25.586253
29.078778,25.404731,22.189532
24.631858,29.911273,22.191529
19.551216,33.752202,22.188610
13.825054,36.456641,22.188193
7.534115,37.370739,22.190916
1.264879,36.345448,22.187883
-4.320803,33.768017,22.182738
-8.955626,30.376242,22.185219
-12.867019,26.694383,22.187761
-15.917187,22.568905,22.192567
-18.057706,18.531458,22.190487
-19.862414,15.004128,22.179649
-21.211943,11.486401,22.189740
-22.061409,7.818421,22.185958
-22.892610,4.552065,22.176246
-23.732562,1.094064,22.179564
-23.732341,-2.284178,22.186113
-23.303955,-5.819225,22.183282
-23.090486,-9.433030,22.179192
-22.072149,-13.159145,22.178594
-19.803255,-16.230290,22.180381
-17.647136,-19.323327,22.185909
-14.968171,-22.219206,22.191509
-11.657020,-24.772133,22.186719
-7.894645,-26.965345,22.177540
-3.840966,-28.580581,22.180478
0.613459,-29.573689,22.184362
5.372879,-29.652367,22.187712
10.035889,-28.714257,22.191692
14.488205,-27.019839,22.190940
18.907591,-24.775546,22.183189
23.117609,-21.809068,22.189349
27.098638,-18.227194,22.187539
30.795491,-14.082695,22.177067
33.893120,-9.241723,22.178612
35.915069,-3.642116,22.187129
36.637433,2.272483,22.181561
36.052909,8.370084,22.179470
34.579853,14.183358,22.184278
32.364560,19.998343,22.187281
29.127060,25.438685,18.785182
24.616112,29.910184,18.781652
19.420729,33.633879,18.786276
13.558479,36.074483,18.784985
7.406845,36.661112,18.779972
1.337554,35.533825,18.783876
-4.312970,33.059984,18.787797
-8.933212,29.959709,18.790032
-12.848251,26.561906,18.788727
-16.009518,22.745004,18.782884
-18.290480,19.002340,18.779759
-20.288983,15.337520,18.784088
-21.781624,11.649915,18.786990
-22.689522,8.190696,18.789429
-23.507613,4.701843,18.787394
-24.165714,1.189926,18.785027
-24.147922,-2.394088,18.791646
-23.720885,-5.941481,18.791950
-23.263872,-9.522590,18.784349
-22.054432,-13.255445,18.779986
-20.058112,-16.259778,18.783129
-17.776177,-19.522724,18.781103
-15.065701,-22.415655,18.777922
-11.757908,-24.986185,18.780854
-7.990881,-27.203437,18.788907
-3.938489,-28.857752,18.791801
0.719795,-29.914954,18.784527
5.295048,-30.018749,18.782751
10.181461,-29.099499,18.789856
14.657247,-27.428180,18.791032
19.247938,-25.048401,18.778756
23.478591,-22.079136,18.782285
27.479206,-18.494631,18.791414
31.150000,-14.305565,18.786656
34.313618,-9.246342,18.777153
36.334616,-3.626276,18.784840
36.984724,2.313371,18.780940
36.302003,8.424112,18.784972
34.691390,14.427056,18.793783
32.384428,20.224779,18.791734
28.628583,25.003877,15.386050
24.205333,29.532959,15.380228
19.154085,33.058785,15.382940
13.234802,35.294973,15.384783
7.100005,35.713208,15.382499
1.251919,34.632610,15.382823
-4.106673,32.562152,15.379155
-8.889183,29.761792,15.381379
-12.938065,26.571985,15.378126
-16.188876,23.114246,15.382247
-18.832230,19.400576,15.391453
-20.928616,15.810760,15.387069
-22.514938,12.181725,15.390570
-23.657287,8.392214,15.381396
-24.412241,4.905657,15.380549
-24.880597,1.176254,15.392606
-24.836902,-2.389196,15.389343
-24.380655,-6.123289,15.385232
-23.514665,-9.788784,15.386980
-22.121569,-13.277462,15.391483
-20.224242,-16.531719,15.389855
-17.897056,-19.738101,15.378380
-15.127185,-22.563548,15.383766
-11.813390,-25.084238,15.390275
-8.028662,-27.239689,15.384177
-3.785348,-28.896932,15.379956
0.674669,-29.836709,15.381121
5.428033,-29.899293,15.389220
10.101575,-29.025479,15.387772
14.747575,-27.307880,15.377996
19.127321,-24.999907,15.382716
23.356990,-22.065476,15.381605
27.351903,-18.510969,15.383184
30.977754,-14.314963,15.383534
34.082886,-9.248205,15.379189
36.075464,-3.645676,15.388641
36.672493,2.271045,15.390471
35.931072,8.354702,15.385215
34.301467,14.103550,15.383012
31.906524,19.816865,15.385690
27.557987,24.079899,11.981067
23.511197,28.601200,11.989690
18.535481,32.061046,11.987365
12.802757,34.054443,11.981948
6.949550,34.456541,11.984051
1.149620,33.556153,11.987891
-4.062505,31.882869,11.990305
-8.790498,29.534536,11.985182
-12.936188,26.598682,11.988295
-16.380915,23.408404,11.990780
-19.280681,19.975334,11.983936
-21.564774,16.330666,11.979460
-23.310638,12.616124,11.978867
-24.581477,8.916113,11.985439
-25.345839,5.085395,11.991282
-25.602864,1.183508,11.986367
-25.526976,-2.528452,11.978867
-25.063901,-6.225642,11.988048
-23.783886,-9.898141,11.987013
-22.193598,-13.270987,11.978462
-20.421237,-16.746633,11.978496
-18.035147,-19.844087,11.979283
-15.065015,-22.687411,11.982562
-11.742888,-25.093026,11.981932
-7.939890,-27.107008,11.980027
-3.895098,-28.569769,11.986187
0.524709,-29.408979,11.990365
5.216798,-29.419708,11.982102
9.833535,-28.567897,11.980126
14.429456,-26.903598,11.986776
18.749270,-24.618233,11.977746
22.940788,-21.741940,11.986831
26.887959,-18.239712,11.994022
30.434535,-14.067532,11.992241
33.430971,-9.024671,11.991292
35.256938,-3.651375,11.982575
35.790769,2.191916,11.978933
35.051820,8.010018,11.985978
33.263592,13.811461,11.990224
30.761757,19.139537,11.983994
25.825342,22.846842,8.579098
22.303307,27.143600,8.580343
17.470832,30.505105,8.587112
11.993836,32.278035,8.589579
6.484751,32.721375,8.587209
0.979946,32.106567,8.588246
-4.019790,30.862945,8.589102
-8.615186,28.977694,8.583082
-12.795499,26.325398,8.587399
-16.382437,23.456208,8.587816
-19.503543,20.383933,8.580235
-21.950551,16.736149,8.587840
-23.836886,12.987598,8.591757
-25.294999,9.241520,8.587688
-26.029524,5.319573,8.582089
-26.067176,1.304161,8.580331
-25.978250,-2.507497,8.582189
-25.499399,-6.318321,8.585561
-23.920935,-9.964025,8.585276
-22.241498,-13.193381,8.585986
-20.588266,-16.832277,8.589850
-18.033828,-19.918632,8.587387
-15.034026,-22.600533,8.584714
-11.739667,-24.862603,8.581379
-7.959301,-26.703317,8.576699
-3.781240,-28.047505,8.576905
0.559148,-28.711801,8.586587
5.138794,-28.611983,8.587793
9.637617,-27.738490,8.580960
13.946411,-26.184543,8.578886
18.167859,-23.961843,8.583419
22.268665,-21.165196,8.586521
26.113767,-17.738890,8.589476
29.539540,-13.632566,8.590997
32.299885,-8.835165,8.589863
33.975213,-3.554457,8.589306
34.407563,2.155118,8.581032
33.610906,7.835127,8.578155
31.808127,13.052963,8.580338
29.085135,18.080879,8.580041
23.753315,21.069443,5.181465
20.499346,25.078261,5.183897
15.983532,28.139890,5.184269
11.053644,29.724727,5.181529
5.783727,30.334634,5.180421
0.833876,30.068049,5.182662
-3.861538,29.240327,5.184216
-8.393691,27.731317,5.187039
-12.375896,25.489682,5.185746
-16.015438,22.979816,5.182854
-19.382434,20.170896,5.182637
-21.840660,16.734334,5.182346
-23.832990,13.018066,5.180771
-25.422798,9.286995,5.179841
-26.146953,5.164320,5.187310
-26.046199,1.298979,5.190674
-25.951183,-2.546989,5.178978
-25.439890,-6.389482,5.184346
-23.857277,-9.865382,5.190610
-22.175965,-13.139184,5.191673
-20.590825,-16.834464,5.191738
-18.039855,-19.716004,5.184858
-14.933537,-22.332010,5.181341
-11.558579,-24.511344,5.185158
-7.854879,-26.136018,5.185963
-3.792358,-27.271110,5.178951
0.397696,-27.768070,5.185863
4.796506,-27.582509,5.187181
9.116506,-26.724236,5.186348
13.432655,-25.178033,5.190452
17.487937,-23.037573,5.184382
21.423587,-20.339518,5.185438
25.087260,-17.013830,5.185051
28.327840,-13.019368,5.184236
30.804292,-8.522123,5.188632
32.253984,-3.398919,5.188803
32.573453,1.911896,5.189878
31.756350,7.369999,5.189846
29.833828,12.297230,5.186827
26.991789,16.773136,5.182913
21.381969,19.042814,1.786367
18.194317,22.494440,1.783739
14.138748,25.092177,1.786889
9.685080,26.620638,1.790383
5.084646,27.406151,1.786700
0.576980,27.468733,1.782763
-3.726267,26.982727,1.787844
-7.920607,25.873090,1.789210
-11.816566,24.013917,1.786713
-15.401350,21.868471,1.782430
-18.710533,19.379685,1.779512
-21.261648,16.086358,1.782761
-23.232206,12.624261,1.785835
-24.834070,8.956806,1.787905
-25.566859,5.066926,1.785993
-25.541068,1.241363,1.784639
-25.444455,-2.565261,1.789819
-24.938277,-6.185172,1.790287
-23.503182,-9.689298,1.788935
-21.962066,-13.004691,1.784202
-20.366598,-16.635082,1.777601
-17.757801,-19.409455,1.782725
-14.628569,-21.921454,1.789391
-11.235481,-23.972553,1.789071
-7.513522,-25.426851,1.787582
-3.634500,-26.335629,1.790235
0.338184,-26.649978,1.784956
4.488242,-26.368553,1.778702
8.559795,-25.517568,1.782509
12.638214,-24.060142,1.789318
16.625126,-21.963529,1.782531
20.323222,-19.385593,1.786315
23.735396,-16.193376,1.791637
26.731861,-12.363832,1.790531
28.958003,-8.058473,1.788937
30.111514,-3.163546,1.788541
30.273000,1.861231,1.784532
29.424718,6.829793,1.780655
27.437012,11.408337,1.781239
24.600545,15.329880,1.784876
19.029677,16.828324,-1.613179
15.752223,19.708703,-1.617717
12.165531,21.845513,-1.615108
8.396933,23.304564,-1.613972
4.326481,24.281300,-1.614659
0.471140,24.610520,-1.612933
-3.549479,24.358927,-1.616499
-7.344161,23.585982,-1.610920
-11.102979,22.161326,-1.616232
-14.540723,20.358637,-1.618821
-17.670557,18.103825,-1.613052
-20.192589,15.163790,-1.620325
-22.117881,11.994480,-1.616368
-23.629631,8.429512,-1.616667
-24.426929,4.816484,-1.617641
-24.645120,1.110730,-1.611177
-24.546888,-2.431909,-1.608366
-24.018236,-5.943748,-1.616518
-22.864342,-9.451998,-1.615234
-21.518046,-12.753381,-1.608894
-19.778947,-16.189505,-1.610690
-17.209461,-18.860575,-1.612539
-14.287737,-21.173485,-1.615252
-10.959810,-23.115093,-1.614858
-7.318579,-24.446279,-1.614615
-3.528447,-25.216155,-1.619938
0.334976,-25.401818,-1.620110
4.188459,-25.048575,-1.621365
8.118005,-24.157574,-1.619421
11.897495,-22.760829,-1.614589
15.597851,-20.794188,-1.620311
18.991556,-18.331380,-1.620578
22.080746,-15.273474,-1.613652
24.760275,-11.627306,-1.609455
26.685221,-7.551524,-1.610535
27.529199,-2.951643,-1.609674
27.534692,1.566296,-1.617213
26.657834,6.166648,-1.617915
24.788224,10.250646,-1.611887
22.024280,13.819099,-1.610430
16.670569,14.849484,-5.009573
13.564964,17.139521,-5.011643
10.473282,18.889602,-5.018026
7.069575,20.361152,-5.021847
3.661962,21.381212,-5.019085
0.137784,21.866817,-5.013594
-3.418199,21.756058,-5.009803
-6.785846,21.222571,-5.011415
-10.209056,20.250379,-5.012526
-13.442001,18.767096,-5.012323
-16.355139,16.721045,-5.014466
-18.832022,14.165348,-5.016987
-20.766101,11.175548,-5.013238
-22.094895,7.879776,-5.010234
-22.990120,4.430120,-5.017255
-23.450101,1.055937,-5.021699
-23.345828,-2.354030,-5.011760
-22.795416,-5.716336,-5.012054
-22.006927,-9.039353,-5.011997
-20.751175,-12.360555,-5.011636
-18.845277,-15.371592,-5.017196
-16.451550,-18.004186,-5.020231
-13.684182,-20.244591,-5.019405
-10.456054,-22.061407,-5.017142
-7.101048,-23.255792,-5.012522
-3.458168,-23.939503,-5.008843
0.245755,-24.040683,-5.020642
3.931849,-23.634125,-5.015167
7.528567,-22.749166,-5.010607
10.985354,-21.409322,-5.022482
14.503244,-19.499442,-5.016227
17.545637,-17.131648,-5.012558
20.245503,-14.179188,-5.016190
22.513408,-10.692043,-5.017766
24.054226,-6.842429,-5.013969
24.594924,-2.725508,-5.012969
24.441084,1.427745,-5.013417
23.601419,5.343562,-5.015200
21.862050,9.106345,-5.015286
19.504881,12.176256,-5.012047
14.578639,13.102791,-8.418763
11.801290,15.038223,-8.413304
8.969580,16.630040,-8.417001
6.148671,17.947401,-8.419569
3.071080,18.990878,-8.418263
0.002196,19.516527,-8.417460
-3.247206,19.494476,-8.408709
-6.333708,19.102183,-8.418061
-9.515324,18.399856,-8.421668
-12.496652,17.142578,-8.412978
-15.171105,15.276631,-8.407745
-17.526075,13.039677,-8.412593
-19.402074,10.218335,-8.422154
-20.552421,7.185748,-8.416232
-21.466486,4.057020,-8.409261
-22.068591,1.012083,-8.411124
-21.956286,-2.240958,-8.413570
-21.405129,-5.435899,-8.418904
-20.858996,-8.673486,-8.415527
-19.702087,-11.648626,-8.412031
-17.598494,-14.341233,-8.414778
-15.555533,-16.871216,-8.412569
-12.991261,-19.056095,-8.419059
-10.017612,-20.707103,-8.420715
-6.710950,-21.900127,-8.415597
-3.376082,-22.492198,-8.418842
0.143803,-22.553140,-8.419042
3.504862,-22.138527,-8.418093
6.906781,-21.241802,-8.415818
10.165069,-19.904604,-8.414238
13.225080,-18.160520,-8.420180
16.006583,-15.792063,-8.421942
18.303783,-12.942934,-8.414531
20.064208,-9.737251,-8.409707
21.203981,-6.121274,-8.413306
21.548508,-2.481131,-8.411700
21.281311,1.166747,-8.415937
20.477770,4.594183,-8.415959
19.064014,7.822836,-8.413784
17.020543,10.722089,-8.417558
12.837353,11.658962,-11.812510
10.447814,13.387852,-11.810514
7.889063,14.869746,-11.813768
5.348487,16.111308,-11.810640
2.681927,17.063306,-11.810510
-0.219940,17.607385,-11.822887
-3.050609,17.637205,-11.821964
-5.862324,17.349909,-11.817563
-8.780564,16.813019,-11.819330
-11.603417,15.649253,-11.814836
-14.029442,13.935241,-11.809313
-16.310394,11.876584,-11.818141
-17.973761,9.429573,-11.815344
-19.026505,6.545356,-11.819991
-19.903389,3.714408,-11.823881
-20.562962,0.850317,-11.818086
-20.442766,-2.109185,-11.813186
-19.941157,-5.009747,-11.815786
-19.499675,-7.981199,-11.819791
-18.266759,-10.835756,-11.815352
-16.275209,-13.068064,-11.809107
-14.424771,-15.684325,-11.815072
-12.146194,-17.713510,-11.810447
-9.314352,-19.264720,-11.809604
-6.320125,-20.362904,-11.814049
-3.287603,-20.901000,-11.809734
-0.087642,-20.946430,-11.815864
3.087238,-20.533621,-11.816796
6.167806,-19.679006,-11.814264
9.216458,-18.351968,-11.817149
12.056733,-16.622458,-11.813698
14.377732,-14.426474,-11.815706
16.293495,-11.700133,-11.813501
17.647333,-8.670413,-11.812222
18.381429,-5.553004,-11.820898
18.635902,-2.239384,-11.819104
18.351490,0.824048,-11.814943
17.574970,3.924457,-11.818064
16.410255,6.786832,-11.822046
14.884788,9.357318,-11.818460
11.313327,10.402232,-15.209860
9.214362,12.034269,-15.212376
7.022599,13.362084,-15.218610
4.745274,14.511519,-15.214194
2.235587,15.416102,-15.212080
-0.270382,15.913670,-15.223475
-2.935785,15.996942,-15.220091
-5.585886,15.752689,-15.219381
-8.230875,15.293520,-15.213741
-10.750169,14.197464,-15.209093
-12.919974,12.612342,-15.213459
-15.016708,10.799208,-15.217671
-16.582865,8.499232,-15.212186
-17.499093,5.882052,-15.209272
-18.310114,3.331520,-15.215247
-18.925018,0.753806,-15.220317
-18.790212,-2.029779,-15.216689
-18.351336,-4.650995,-15.216815
-17.876813,-7.319655,-15.213536
-16.623680,-9.842934,-15.206835
-14.830108,-11.850135,-15.208493
-13.291964,-14.303690,-15.220501
-11.193173,-16.242516,-15.214714
-8.631436,-17.652955,-15.207951
-5.943205,-18.672544,-15.213936
-3.095327,-19.178587,-15.218544
-0.204981,-19.219290,-15.210139
2.767048,-18.808215,-15.210338
5.535229,-17.987489,-15.217916
8.259486,-16.726691,-15.217512
10.681307,-15.144885,-15.213606
12.766201,-12.995435,-15.211789
14.346296,-10.433426,-15.211541
15.340506,-7.726813,-15.214366
15.838093,-4.878615,-15.220566
16.026469,-2.105700,-15.220132
15.748159,0.656008,-15.211745
15.041190,3.337382,-15.213824
14.103316,5.851817,-15.220838
12.913575,8.285099,-15.216053
9.939592,9.142547,-18.621406
8.160695,10.710745,-18.613297
6.154471,12.010333,-18.611218
4.125303,13.044666,-18.609859
1.879166,13.841350,-18.607787
-0.455365,14.309601,-18.615572
-2.835014,14.410642,-18.622458
-5.203155,14.211152,-18.612008
-7.567665,13.796035,-18.612158
-9.795253,12.775653,-18.613551
-11.797711,11.276957,-18.609615
-13.689997,9.682717,-18.614831
-15.084670,7.624806,-18.618478
-15.888822,5.281657,-18.615898
-16.603626,2.999136,-18.617009
-17.144914,0.597630,-18.622273
-17.001716,-1.889395,-18.621018
-16.638241,-4.241464,-18.614658
-16.023379,-6.555211,-18.618875
-14.833039,-8.711276,-18.621636
-13.348287,-10.706304,-18.616582
-12.108226,-12.864226,-18.621007
-10.172354,-14.671632,-18.620738
-7.978754,-15.899539,-18.616787
-5.497143,-16.874962,-18.611948
-2.955575,-17.340681,-18.608961
-0.373820,-17.375840,-18.618688
2.280767,-17.006306,-18.618594
4.844525,-16.231310,-18.614727
7.167415,-15.104366,-18.620932
9.359716,-13.557834,-18.614657
11.149283,-11.568203,-18.608571
12.422562,-9.314564,-18.612968
13.206504,-6.860772,-18.618460
13.561946,-4.303865,-18.612677
13.735869,-1.925472,-18.607530
13.476112,0.536480,-18.617787
12.849762,2.832703,-18.622821
12.100717,5.002114,-18.619018
11.213518,7.146382,-18.621059
8.489340,7.958036,-22.008512
7.015750,9.428096,-22.015094
5.296716,10.628086,-22.011006
3.436539,11.569823,-22.011888
1.455282,12.236600,-22.021153
-0.594027,12.642210,-22.019305
-2.679698,12.762351,-22.012483
-4.756786,12.591359,-22.011444
-6.914512,12.189032,-22.009682
-8.911387,11.189395,-22.012699
-10.584912,9.908603,-22.016778
-12.319809,8.466510,-22.011692
-13.524386,6.646949,-22.007092
-14.205910,4.583870,-22.019186
-14.820515,2.484505,-22.024281
-15.195860,0.449421,-22.015504
-15.059245,-1.733565,-22.009139
-14.758498,-3.809096,-22.011122
-13.974603,-5.727002,-22.008867
-12.914264,-7.537844,-22.010078
-11.890007,-9.459384,-22.015049
-10.835694,-11.371686,-22.010368
-9.128784,-12.953425,-22.016593
-7.216991,-14.045556,-22.022224
-5.045328,-14.917793,-22.018027
-2.819794,-15.344549,-22.011622
-0.467070,-15.392920,-22.007101
1.857248,-15.055033,-22.014539
4.021832,-14.385281,-22.021398
6.125589,-13.336662,-22.016663
7.978826,-11.888722,-22.018137
9.442098,-10.160902,-22.014460
10.527472,-8.169326,-22.007613
11.153104,-5.997116,-22.010376
11.385730,-3.833375,-22.019866
11.585595,-1.749185,-22.012475
11.410641,0.323875,-22.006858
10.860035,2.342173,-22.011423
10.226270,4.248709,-22.014841
9.514032,6.150269,-22.010778
6.974428,6.616932,-25.417684
5.781742,8.027427,-25.415571
4.363118,9.098310,-25.415055
2.776629,9.895702,-25.415903
1.089719,10.448754,-25.419849
-0.727412,10.797517,-25.419179
-2.498853,10.914803,-25.409472
-4.338389,10.760280,-25.411968
-6.163687,10.384066,-25.415219
-7.850752,9.507281,-25.415693
-9.344586,8.390761,-25.413894
-10.806076,7.153114,-25.414077
-11.798060,5.585041,-25.420168
-12.379032,3.831210,-25.412121
-12.831387,2.027583,-25.413455
-13.032672,0.280181,-25.415360
-12.916947,-1.502319,-25.408405
-12.670792,-3.277244,-25.416622
-11.733601,-4.845092,-25.416423
-10.900616,-6.314378,-25.412645
-10.345555,-8.093818,-25.412829
-9.403388,-9.778005,-25.412116
-7.982088,-11.062283,-25.418667
-6.311133,-12.041781,-25.423564
-4.533389,-12.763634,-25.418740
-2.645702,-13.143627,-25.410820
-0.646041,-13.195592,-25.415887
1.329366,-12.913109,-25.421431
3.172044,-12.346424,-25.420715
4.952274,-11.438612,-25.419451
6.460290,-10.131288,-25.415225
7.661127,-8.621496,-25.414843
8.563253,-6.922120,-25.418590
9.054097,-5.062663,-25.416037
9.210366,-3.294695,-25.407444
9.435529,-1.528009,-25.419833
9.340267,0.158878,-25.418149
8.877893,1.881264,-25.414709
8.373989,3.429255,-25.424730
7.756831,5.108913,-25.423756
5.220662,5.184558,-28.820179
4.394422,6.350208,-28.818537
3.255202,7.288369,-28.820598
1.974882,7.922598,-28.818664
0.565321,8.373663,-28.811684
-0.895261,8.636024,-28.809723
-2.374308,8.723413,-28.808885
-3.849685,8.588067,-28.811352
-5.301176,8.254957,-28.811965
-6.662936,7.556126,-28.816358
-7.887608,6.701742,-28.820023
-9.041441,5.689974,-28.815079
-9.847263,4.369611,-28.808221
-10.296865,2.957610,-28.814016
-10.549232,1.490203,-28.814172
-10.579601,0.079847,-28.815743
-10.486372,-1.355491,-28.819271
-10.283252,-2.715994,-28.810847
-9.339953,-3.856866,-28.808021
-8.775060,-5.028661,-28.811290
-8.586717,-6.592249,-28.815774
-7.827782,-7.875037,-28.817992
-6.677762,-8.912112,-28.813515
-5.361221,-9.714673,-28.814901
-3.934048,-10.298747,-28.819853
-2.424991,-10.619457,-28.813576
-0.821829,-10.685220,-28.809138
0.702211,-10.478719,-28.811816
2.238800,-10.006429,-28.815651
3.664158,-9.271080,-28.812993
4.789753,-8.143308,-28.808024
5.665231,-6.934465,-28.813014
6.402881,-5.583605,-28.816498
6.781524,-4.148094,-28.810304
6.861216,-2.727154,-28.816720
7.119164,-1.382435,-28.815633
7.139419,0.018208,-28.814610
6.785067,1.351588,-28.814797
6.381642,2.649520,-28.810935
5.878992,3.916751,-28.814944
3.113550,3.354324,-32.215404
2.599191,4.261315,-32.212788
1.817869,4.970633,-32.214989
0.911785,5.393777,-32.217997
-0.071777,5.686840,-32.218990
-1.091005,5.851962,-32.215393
-2.119322,5.906315,-32.211495
-3.145030,5.802045,-32.217862
-4.185281,5.543066,-32.212461
-5.178743,5.141741,-32.210575
-6.095262,4.579471,-32.217110
-6.850404,3.823692,-32.217666
-7.391342,2.892381,-32.210264
-7.699647,1.864235,-32.209786
-7.679524,0.793659,-32.209613
-7.579255,-0.183827,-32.212698
-7.545951,-1.112838,-32.215221
-7.317299,-2.023595,-32.214260
-6.529989,-2.676353,-32.214195
-6.325989,-3.526699,-32.212111
-6.416493,-4.756936,-32.211455
-5.827762,-5.574625,-32.214750
-5.039979,-6.265240,-32.211941
-4.183463,-6.818018,-32.212524
-3.192261,-7.236865,-32.217788
-2.147955,-7.479788,-32.215202
-1.074754,-7.550128,-32.212195
-0.015117,-7.424029,-32.214541
1.053109,-7.094905,-32.219746
2.025866,-6.614449,-32.219669
2.732690,-5.784197,-32.216876
3.275894,-4.843533,-32.215959
3.780908,-3.996412,-32.215397
4.074972,-3.049220,-32.212191
4.093869,-2.052131,-32.218350
4.317815,-1.138669,-32.216105
4.525798,-0.198633,-32.209670
4.285884,0.740438,-32.215484
4.018298,1.646004,-32.218762
3.595972,2.527932,-32.218098
-1.254668,-0.073214,-35.615326
13.072769,14.441976,32.384674
11.196242,17.477036,32.384674
8.449818,20.032297,32.384674
5.108278,21.752856,32.384674
1.466246,22.664803,32.384674
-2.285818,22.802999,32.384674
-6.070325,22.106744,32.384674
-9.473439,20.494291,32.384674
-12.159176,17.882327,32.384674
-13.831724,14.404711,32.384674
-14.474019,10.705329,32.384674
-14.372941,7.235032,32.384674
-13.783218,4.195839,32.384674
-12.886645,1.627111,32.384674
-11.820361,-0.461898,32.384674
-10.644265,-2.158188,32.384674
-9.440350,-3.472824,32.384674
-8.138745,-4.548894,32.384674
-6.949976,-5.302024,32.384674
-5.771984,-5.882793,32.384674
-4.632248,-6.316679,32.384674
-3.641574,-6.605358,32.384674
-2.725389,-6.806549,32.384674
-1.798520,-6.950543,32.384674
-0.864656,-7.038426,32.384674
-0.021058,-7.070386,32.384674
0.916804,-7.054333,32.384674
1.945526,-6.974807,32.384674
2.967256,-6.831139,32.384674
4.069228,-6.601701,32.384674
5.331191,-6.238250,32.384674
6.644853,-5.733830,32.384674
8.231853,-4.922543,32.384674
9.850878,-3.799931,32.384674
11.402382,-2.298948,32.384674
12.799371,-0.299246,32.384674
13.819058,2.020075,32.384674
14.465893,4.762055,32.384674
14.626965,7.871822,32.384674
14.819508,11.664137,29.378191
13.264301,14.638342,29.383567
11.046993,17.380666,29.382187
8.153113,19.345521,29.378930
4.929988,20.973124,29.382669
1.545875,22.862701,29.383697
-2.303006,22.816800,29.384412
-5.495918,19.772724,29.380784
-7.828946,16.589397,29.380843
-9.626663,13.699525,29.386605
-10.539060,10.498111,29.386659
-11.007973,7.719180,29.381410
-11.083647,5.179468,29.384888
-8.825789,2.152539,29.384823
-9.530872,0.822402,29.385843
-8.084368,-0.744065,29.385050
-6.701686,-1.845938,29.379959
-5.933224,-2.664955,29.377704
-4.864979,-3.194522,29.379056
-4.230179,-3.699026,29.382866
-3.786444,-4.173756,29.390738
-3.109551,-4.552718,29.387603
-2.470101,-4.636642,29.378462
-1.860555,-4.837744,29.386720
-1.375326,-5.389421,29.389553
-0.808901,-6.181445,29.378215
-0.019766,-6.250136,29.386092
0.782348,-6.378044,29.390832
2.046161,-7.319619,29.381030
3.643683,-7.986420,29.389963
4.933776,-7.701309,29.385262
6.276477,-7.083544,29.383650
7.581442,-6.314949,29.388498
8.774733,-5.207095,29.381866
10.309559,-3.962491,29.381770
13.207676,-2.442483,29.390078
14.632583,-0.174256,29.387743
15.172043,2.386050,29.383635
15.939777,5.402828,29.383981
15.776256,8.556406,29.380281
15.159397,11.950312,26.389159
13.271247,14.667734,26.383663
10.841019,17.036967,26.386162
7.874756,18.622200,26.391553
4.761626,19.945414,26.390387
1.397168,21.753484,26.387887
-2.182890,21.252583,26.387964
-4.975220,17.663967,26.384801
-6.840366,14.159102,26.384922
-8.191336,11.362906,26.381624
-8.840461,8.515538,26.380954
-9.232245,6.203973,26.385516
-9.225257,4.077279,26.385558
-7.210700,1.467499,26.387736
-8.047176,0.519004,26.384919
-5.610161,-0.927636,26.388751
-5.127528,-1.684475,26.387901
-4.581743,-2.358911,26.382375
-4.025526,-2.812317,26.379552
-3.646838,-3.311094,26.380184
-3.318938,-3.875042,26.380033
-2.824510,-4.168483,26.383275
-2.195322,-4.282016,26.386577
-1.764803,-4.600378,26.382864
-1.412944,-5.374096,26.378751
-0.896494,-6.954783,26.384144
0.001263,-7.225166,26.382343
1.047816,-7.547410,26.381113
2.580212,-8.659645,26.386356
4.372426,-9.240611,26.388840
5.871273,-8.764787,26.388072
7.315339,-7.979271,26.385460
8.625263,-6.958849,26.384131
9.734787,-5.555522,26.384780
11.350185,-4.168146,26.381541
14.196217,-2.504076,26.386577
15.703088,-0.065317,26.386292
16.324556,2.619684,26.384048
16.897261,5.815033,26.389307
16.449166,8.910318,26.391426
15.221070,12.003496,23.388053
13.138595,14.458973,23.383546
10.524383,16.471938,23.383341
7.555679,17.929185,23.382886
4.434027,18.676515,23.379524
1.128589,18.589685,23.383293
-1.862374,17.654478,23.380949
-4.447178,15.613188,23.381927
-6.313271,12.878327,23.385007
-7.493555,10.183676,23.382017
-8.203210,7.784721,23.381391
-8.527898,5.582820,23.385999
-8.635758,3.710245,23.387923
-8.689341,2.100512,23.389572
-8.066556,0.481316,23.389664
-8.367899,-0.747399,23.385558
-8.691872,-2.031324,23.382731
-8.366051,-3.270380,23.382252
-7.988167,-4.457747,23.380577
-7.549811,-5.717690,23.383136
-7.057125,-6.963655,23.385363
-6.387080,-8.325431,23.385113
-5.493215,-9.560523,23.387364
-4.210450,-10.513007,23.387572
-2.788861,-11.070263,23.385591
-1.220755,-11.411166,23.383577
0.380581,-11.543694,23.381822
1.984139,-11.445130,23.383739
3.641626,-11.086789,23.383940
5.157984,-10.556984,23.380468
6.790206,-9.843920,23.385872
8.444843,-8.936364,23.386458
9.821247,-7.687595,23.383656
11.028245,-6.134678,23.384843
12.726513,-4.552792,23.381198
14.460694,-2.526524,23.382736
16.122168,-0.069123,23.385083
17.312625,2.884929,23.381971
17.428484,6.031789,23.380344
16.701414,9.109055,23.384770
15.046914,11.770419,20.378724
12.759059,14.072087,20.382873
10.120611,15.745909,20.383840
7.200936,17.048125,20.379357
4.147076,17.446060,20.380756
1.005248,16.212584,20.387589
-1.705624,15.070788,20.388894
-4.174737,14.265202,20.385679
-6.092216,12.423724,20.384019
-7.342826,9.909178,20.386097
-8.259081,7.856798,20.388086
-8.675240,5.724045,20.389712
-9.008589,3.901832,20.388531
-10.256953,2.744113,20.381364
-9.199570,0.731680,20.386791
-9.792685,-0.636349,20.390794
-11.696925,-2.220339,20.385716
-11.386664,-3.948992,20.382738
-11.167500,-5.822819,20.380542
-10.803732,-7.726082,20.384012
-10.001818,-9.536175,20.387613
-8.937249,-11.299511,20.384837
-7.744633,-13.207926,20.380450
-6.049291,-14.796263,20.382593
-3.804909,-15.254294,20.385040
-1.481366,-14.738609,20.380367
0.600181,-14.949990,20.379174
2.692419,-14.406054,20.384798
4.360617,-13.064365,20.390483
5.993363,-11.832456,20.389619
7.763133,-10.993480,20.384319
9.653183,-9.926943,20.385710
11.261712,-8.497183,20.388153
12.808773,-6.835458,20.385261
14.428003,-4.979545,20.384359
15.316526,-2.606000,20.384146
16.704976,0.007225,20.379394
17.937353,3.019005,20.382681
17.629002,6.130549,20.391363
16.658069,9.072522,20.386114
14.510163,11.410325,17.387265
12.231411,13.402701,17.383068
9.513283,14.894833,17.382568
6.749395,15.986307,17.386544
3.812020,16.286205,17.386331
0.888754,15.089993,17.384045
-1.664995,14.162042,17.389059
-3.997208,13.818588,17.390297
-6.105384,12.447125,17.382727
-7.611519,10.354621,17.378979
-8.800469,8.500834,17.386117
-9.551045,6.410739,17.388435
-10.060502,4.570869,17.378301
-11.512613,3.279272,17.381108
-11.207839,1.236840,17.386222
-11.427279,-0.481823,17.386821
-13.030940,-2.361652,17.383450
-12.718277,-4.309844,17.379563
-12.449176,-6.330616,17.387405
-12.004998,-8.471753,17.386216
-11.103857,-10.401248,17.382171
-9.825972,-12.329930,17.388661
-8.397484,-14.265777,17.380925
-6.459346,-15.966305,17.383836
-4.078757,-16.557732,17.389771
-1.559714,-16.221738,17.381039
0.772029,-16.423034,17.380792
3.049490,-15.864661,17.381597
4.984272,-14.482076,17.379944
6.763595,-13.190314,17.380511
8.853612,-12.197711,17.386069
10.840633,-11.016616,17.387051
12.896277,-9.552094,17.382701
14.957509,-7.783975,17.378807
16.356735,-5.439488,17.380632
16.922967,-2.786011,17.388942
17.729775,0.032681,17.390052
18.218663,3.066588,17.383238
17.564091,6.065113,17.380656
16.330995,8.868182,17.384375
13.816442,10.794977,14.390442
11.474379,12.600131,14.381096
8.939016,13.863732,14.379448
6.333180,14.775870,14.381459
3.540713,15.204408,14.383711
0.917729,14.820006,14.391081
-1.668301,14.295646,14.388199
-4.083858,13.860428,14.381825
-6.230552,12.772071,14.385314
-8.061592,11.128028,14.389563
-9.596737,9.373915,14.386589
-10.742701,7.454793,14.382674
-11.558272,5.483423,14.381714
-12.505756,3.689590,14.389828
-13.328740,1.715469,14.386101
-13.596163,-0.291368,14.381447
-13.477006,-2.326293,14.384066
-13.232784,-4.444583,14.381236
-12.746875,-6.414951,14.387431
-12.043552,-8.431648,14.389035
-11.129841,-10.471376,14.386932
-9.901588,-12.459499,14.391036
-8.355912,-14.204519,14.386575
-6.408310,-15.722052,14.382573
-4.048889,-16.577994,14.383111
-1.594342,-16.617629,14.383347
0.740609,-16.529512,14.382219
3.170444,-16.268242,14.379877
5.485474,-15.543352,14.380711
7.581107,-14.496563,14.384686
9.893133,-13.434950,14.386291
12.123881,-12.058794,14.389805
14.648932,-10.640949,14.387420
17.243808,-8.675136,14.378258
18.341192,-5.890006,14.378898
19.042865,-2.894921,14.383032
18.911320,0.108956,14.380752
18.234965,3.109749,14.381952
17.269585,5.989295,14.390270
15.783036,8.555052,14.393763
13.150911,10.208092,11.389858
10.865118,11.821709,11.388624
8.349295,13.013599,11.387069
5.880045,13.776418,11.384296
3.348531,14.287321,11.384681
0.878823,14.496248,11.390490
-1.592434,14.307491,11.383843
-4.018472,13.785808,11.384156
-6.321467,12.874598,11.383385
-8.342414,11.618610,11.385573
-10.104815,10.030306,11.387362
-11.573229,8.157242,11.380101
-12.650152,6.151470,11.382153
-13.231657,3.966434,11.379796
-14.220258,1.961712,11.380989
-14.566860,-0.205099,11.388195
-13.778695,-2.421040,11.390372
-13.538647,-4.470928,11.385451
-12.846109,-6.510340,11.385573
-11.983133,-8.399831,11.390306
-11.056564,-10.475192,11.389106
-9.887731,-12.423661,11.378886
-8.186633,-14.076559,11.377099
-6.215439,-15.423950,11.382164
-4.042733,-16.385504,11.383611
-1.685765,-16.725422,11.380916
0.775399,-16.436753,11.386006
3.153539,-16.393265,11.384616
5.704743,-16.217284,11.382764
8.150610,-15.329993,11.387969
10.598640,-14.216543,11.386512
12.967745,-12.783884,11.389239
15.697834,-11.210016,11.385884
18.271765,-9.107168,11.381435
19.565987,-6.128667,11.389701
20.315528,-2.965296,11.381018
19.592019,0.171421,11.383518
18.239122,3.136709,11.388281
16.948915,5.817631,11.385952
15.245666,8.167223,11.387650
12.517952,9.674695,8.385896
10.306237,11.161062,8.390022
7.992433,12.254941,8.383924
5.535000,12.967910,8.378111
3.140414,13.520607,8.384840
0.849190,14.059321,8.387672
-1.610718,14.065108,8.380927
-3.995785,13.483956,8.383471
-6.245090,12.771206,8.382423
-8.476656,11.752376,8.377960
-10.348377,10.323589,8.380154
-12.004021,8.498980,8.386493
-13.229029,6.477174,8.390597
-13.660081,4.180845,8.392314
-14.277874,1.980537,8.385848
-14.480680,-0.279640,8.380020
-13.942833,-2.404495,8.380813
-13.652338,-4.534334,8.381773
-12.868488,-6.521223,8.389452
-11.950298,-8.362121,8.387344
-11.001935,-10.409065,8.381741
-9.822658,-12.327056,8.386565
-8.134687,-13.813266,8.382519
-6.123170,-15.044862,8.383284
-3.987385,-16.074866,8.385776
-1.599607,-16.633333,8.380456
0.731389,-16.302915,8.380779
3.179062,-16.333941,8.385172
5.823525,-16.400929,8.385779
8.293713,-15.652914,8.382706
10.806512,-14.498379,8.385878
13.295297,-13.081590,8.388525
15.765567,-11.249982,8.389165
17.856993,-8.997999,8.386796
19.421473,-6.113758,8.382610
20.021723,-2.986405,8.387849
19.568715,0.152550,8.385547
18.297164,3.070795,8.382245
16.585715,5.623283,8.384315
14.606814,7.850117,8.384474
11.916641,9.184465,5.379507
9.781627,10.621727,5.384956
7.634712,11.662554,5.384689
5.252986,12.345894,5.385240
3.031394,12.858948,5.389574
0.744740,13.522563,5.383196
-1.541408,13.603094,5.380318
-3.842390,13.005892,5.381029
-6.145028,12.385256,5.383691
-8.370821,11.560997,5.384582
-10.330447,10.201169,5.381813
-11.998112,8.494638,5.379712
-13.243981,6.571354,5.382077
-13.747483,4.161066,5.381304
-13.930519,1.871181,5.380740
-14.001796,-0.300572,5.382246
-13.880357,-2.386362,5.384606
-13.584491,-4.450581,5.387689
-12.818632,-6.487716,5.390185
-11.915275,-8.368528,5.390256
-10.942186,-10.327413,5.390527
-9.667077,-12.218069,5.390998
-7.971895,-13.592718,5.384159
-5.967153,-14.681061,5.378045
-3.883882,-15.660892,5.379076
-1.614232,-16.353761,5.384293
0.746771,-16.112788,5.385080
3.128334,-16.104187,5.382689
5.697879,-16.129892,5.380829
8.188807,-15.408302,5.382426
10.598201,-14.248939,5.387060
13.051905,-12.882025,5.390111
15.086613,-10.924008,5.388770
16.641891,-8.453592,5.387758
18.048089,-5.835933,5.389743
18.425321,-2.812657,5.383131
18.508723,0.130345,5.382605
17.710868,3.002916,5.387651
15.846197,5.409157,5.387687
13.922197,7.441255,5.382126
11.355178,8.733225,2.384927
9.373645,10.153021,2.381621
7.275344,11.224845,2.383835
5.118635,11.867038,2.384139
2.908547,12.316172,2.378918
0.719633,12.859264,2.378326
-1.540017,12.907519,2.381932
-3.708446,12.303724,2.390544
-5.803445,11.760133,2.385718
-8.014404,10.994783,2.382033
-9.891622,9.731657,2.385527
-11.497551,8.145849,2.381128
-12.757028,6.268911,2.382375
-13.375251,4.007621,2.389681
-13.460445,1.747134,2.386261
-13.507500,-0.316871,2.384819
-13.548785,-2.382716,2.390919
-13.265383,-4.432070,2.390529
-12.699795,-6.421837,2.387156
-11.915567,-8.333605,2.389616
-10.878125,-10.233261,2.390095
-9.493678,-12.014093,2.379902
-7.787341,-13.347903,2.378246
-5.758737,-14.320935,2.385770
-3.747057,-15.148329,2.388828
-1.621883,-15.886899,2.381960
0.715972,-15.890490,2.378032
2.979138,-15.706522,2.377039
5.397913,-15.400011,2.380357
7.729907,-14.664658,2.387845
9.967838,-13.483914,2.390958
12.159647,-12.129354,2.385731
13.931441,-10.142245,2.386103
15.063548,-7.827392,2.388749
16.170987,-5.339906,2.380184
16.445273,-2.747128,2.385499
16.567378,-0.073774,2.388675
16.134130,2.556523,2.388019
14.735934,4.947262,2.389850
13.157855,6.964448,2.388479
10.891203,8.250198,-0.609727
9.062420,9.749005,-0.614435
7.074961,10.854264,-0.615551
4.920272,11.547863,-0.611502
2.758736,11.874747,-0.607829
0.676008,12.099006,-0.608864
-1.421479,12.017524,-0.618266
-3.511408,11.407486,-0.619490
-5.443667,10.841474,-0.611251
-7.378026,10.063344,-0.612863
-9.096503,8.849781,-0.619326
-10.587865,7.379504,-0.615645
-11.783872,5.656958,-0.618631
-12.557392,3.707457,-0.618664
-12.899618,1.641538,-0.616663
-12.995903,-0.367278,-0.617841
-12.954062,-2.285204,-0.620496
-12.752353,-4.282889,-0.618613
-12.502229,-6.368127,-0.611304
-11.886980,-8.366320,-0.614643
-10.782780,-10.152390,-0.619871
-9.285933,-11.744156,-0.613955
-7.631572,-13.049549,-0.614941
-5.638991,-13.902865,-0.615914
-3.632879,-14.520662,-0.613339
-1.494764,-15.285872,-0.609910
0.682690,-15.633876,-0.608284
2.866561,-15.139653,-0.614739
4.905873,-14.302133,-0.617570
7.015110,-13.481743,-0.611856
8.941719,-12.289190,-0.614820
10.725642,-10.855497,-0.617135
12.148859,-9.112010,-0.613442
13.181654,-6.978151,-0.610981
13.932943,-4.836752,-0.617407
14.232674,-2.495516,-0.620826
13.964900,-0.243785,-0.619769
13.590849,1.995774,-0.616804
13.219091,4.320910,-0.612912
12.304182,6.420250,-0.609793
10.248570,7.751141,-3.613910
8.627713,9.248360,-3.613814
6.806778,10.343231,-3.615601
4.738376,11.082609,-3.617767
2.628780,11.311574,-3.618869
0.591799,11.245508,-3.618042
-1.356446,11.049482,-3.610883
-3.232711,10.512531,-3.609661
-5.087464,9.872736,-3.611548
-6.770054,9.061116,-3.612618
-8.344655,7.890609,-3.612020
-9.661374,6.558534,-3.609907
-10.750108,5.031097,-3.611244
-11.655953,3.295959,-3.620253
-12.222123,1.506008,-3.613486
-12.401052,-0.439038,-3.611564
-12.286869,-2.313261,-3.620798
-12.180139,-4.184161,-3.619171
-12.200251,-6.229283,-3.618912
-11.724532,-8.285858,-3.613196
-10.579286,-9.980288,-3.610759
-9.007914,-11.407576,-3.620254
-7.404080,-12.691633,-3.622393
-5.463758,-13.478361,-3.614615
-3.473896,-13.930787,-3.610569
-1.458402,-14.607711,-3.615773
0.647111,-15.219761,-3.615357
2.744134,-14.479246,-3.611962
4.471999,-13.278679,-3.611441
6.298659,-12.395047,-3.612789
7.959174,-11.215132,-3.612593
9.369320,-9.740800,-3.613821
10.563634,-8.080786,-3.614450
11.452831,-6.253416,-3.611640
11.917920,-4.355693,-3.610109
12.328537,-2.335988,-3.618373
12.164276,-0.414385,-3.619230
11.829017,1.591186,-3.613325
11.880195,3.716793,-3.613814
11.358643,5.889486,-3.614252
9.471575,7.047107,-6.610951
8.020903,8.500811,-6.611857
6.290484,9.613228,-6.616118
4.448062,10.336804,-6.616366
2.484551,10.548542,-6.611847
0.520300,10.305971,-6.611395
-1.286917,10.049829,-6.614681
-3.052320,9.593146,-6.613703
-4.680535,8.949271,-6.618445
-6.206334,8.097482,-6.618447
-7.594873,7.030517,-6.612265
-8.752057,5.824108,-6.613389
-9.776825,4.406041,-6.620736
-10.716132,2.930934,-6.620560
-11.423400,1.325040,-6.614154
-11.697974,-0.471401,-6.612206
-11.625379,-2.225551,-6.614769
-11.593378,-4.048877,-6.614779
-11.751566,-6.028439,-6.617328
-11.370015,-8.035509,-6.618006
-10.182462,-9.719548,-6.613066
-8.664017,-10.992404,-6.610130
-7.116006,-12.245704,-6.618962
-5.247948,-13.035582,-6.617907
-3.299890,-13.402454,-6.611752
-1.458532,-13.893181,-6.613961
0.578666,-14.598744,-6.616380
2.555482,-13.802242,-6.610938
4.101291,-12.408290,-6.609932
5.725914,-11.442877,-6.616431
7.140638,-10.287945,-6.615630
8.300812,-8.785053,-6.615352
9.230666,-7.293303,-6.615049
10.058905,-5.673832,-6.612814
10.475371,-3.977332,-6.616068
10.995359,-2.294301,-6.618835
11.251305,-0.437535,-6.620105
11.127706,1.397746,-6.620609
10.984676,3.367318,-6.618986
10.451765,5.299377,-6.614621
8.463806,6.169484,-9.615602
7.185760,7.475104,-9.619432
5.675110,8.510271,-9.618612
3.987247,9.244795,-9.618124
2.185444,9.519353,-9.618355
0.437329,9.267477,-9.609810
-1.234778,9.020473,-9.613402
-2.827754,8.703719,-9.614756
-4.302989,8.048320,-9.615873
-5.678043,7.181280,-9.615715
-6.893717,6.222595,-9.616880
-7.938645,5.077542,-9.619758
-8.847616,3.821678,-9.619814
-9.780497,2.497001,-9.620313
-10.520342,1.051178,-9.613268
-10.895304,-0.521854,-9.610793
-10.961337,-2.145215,-9.615037
-10.981196,-3.905501,-9.615073
-11.135935,-5.809489,-9.610947
-10.768949,-7.667557,-9.615132
-9.688520,-9.244325,-9.616906
-8.249362,-10.493148,-9.609517
-6.773271,-11.702076,-9.612873
-5.078894,-12.556693,-9.613610
-3.213497,-12.919954,-9.614244
-1.396919,-13.180485,-9.618343
0.573560,-13.780028,-9.611847
2.393588,-13.019880,-9.609764
3.842213,-11.619640,-9.615458
5.266733,-10.608957,-9.619874
6.489016,-9.439734,-9.619896
7.415136,-8.024416,-9.615478
8.138245,-6.651667,-9.612286
8.892959,-5.218401,-9.614657
9.462163,-3.776060,-9.619616
10.063605,-2.203437,-9.618625
10.730455,-0.468775,-9.612894
10.912981,1.318982,-9.610046
10.297794,3.069159,-9.610803
9.486593,4.660809,-9.612664
7.147824,5.060528,-12.613865
6.030152,6.188728,-12.616035
4.759110,7.039445,-12.614757
3.358926,7.687396,-12.612606
1.905515,8.150910,-12.620220
0.367416,8.122642,-12.620167
-1.157269,7.966994,-12.613407
-2.631552,7.821554,-12.611182
-3.929755,7.177403,-12.609394
-5.149618,6.334004,-12.608184
-6.244288,5.461498,-12.610780
-7.161583,4.392752,-12.617318
-7.933890,3.295224,-12.620807
-8.772670,2.087786,-12.614708
-9.467354,0.794655,-12.614814
-10.003176,-0.581976,-12.616099
-10.307764,-2.142591,-12.615567
-10.335999,-3.744741,-12.616783
-10.314686,-5.411723,-12.617859
-9.889346,-7.142886,-12.613936
-8.991463,-8.627379,-12.613190
-7.750598,-9.917555,-12.617146
-6.377470,-11.053237,-12.611399
-4.854531,-12.063435,-12.611143
-3.105655,-12.513189,-12.615370
-1.299092,-12.452738,-12.614864
0.448925,-12.709859,-12.613201
2.171830,-12.157624,-12.612859
3.553659,-11.007872,-12.617588
4.820313,-9.948997,-12.622836
5.890705,-8.763729,-12.615986
6.667808,-7.440247,-12.610230
7.279570,-6.103436,-12.613888
7.903929,-4.844005,-12.620033
8.532706,-3.509087,-12.615821
8.942942,-2.111472,-12.616409
9.553653,-0.589461,-12.617419
9.967238,1.109504,-12.613984
9.077117,2.584110,-12.619307
8.132595,3.844692,-12.617749
5.469965,3.640779,-15.619870
4.598087,4.476652,-15.614124
3.537133,5.084436,-15.612073
2.446038,5.515715,-15.615982
1.432482,6.338992,-15.610594
0.255019,6.870759,-15.612185
-1.035200,6.884924,-15.616986
-2.411167,6.956727,-15.614599
-3.597215,6.295984,-15.619526
-4.612710,5.550260,-15.618366
-5.618830,4.757079,-15.611119
-6.403978,3.791459,-15.609338
-7.075011,2.753208,-15.611690
-7.672123,1.668666,-15.612781
-8.276785,0.525638,-15.613498
-9.054293,-0.659659,-15.614752
-9.669770,-2.088789,-15.616223
-9.647798,-3.567649,-15.616603
-9.239738,-4.974027,-15.615028
-8.697333,-6.386720,-15.610650
-8.077099,-7.852337,-15.611782
-7.174260,-9.266661,-15.618628
-5.930782,-10.296625,-15.616032
-4.630132,-11.508676,-15.615762
-3.011043,-12.180343,-15.617888
-1.258054,-11.699752,-15.617227
0.342675,-11.352200,-15.619490
1.906062,-11.094194,-15.622085
3.343945,-10.497214,-15.618550
4.476709,-9.385721,-15.611634
5.391640,-8.162124,-15.617693
6.063683,-6.933025,-15.620372
6.589322,-5.688141,-15.617826
7.101915,-4.502277,-15.618536
7.642170,-3.304254,-15.614173
7.741027,-1.991623,-15.611111
7.472351,-0.762964,-15.614342
7.226886,0.447263,-15.618790
6.904147,1.645850,-15.618894
6.268883,2.752043,-15.619911
4.195986,2.545301,-18.617932
3.479283,3.167352,-18.615965
2.641102,3.621363,-18.611042
1.808544,3.972911,-18.608667
1.049146,4.803715,-18.615065
0.130279,5.715179,-18.608423
-0.977358,5.831676,-18.611952
-2.204734,6.091561,-18.615143
-3.236986,5.405435,-18.609177
-4.142479,4.717801,-18.616320
-4.984455,4.019641,-18.620532
-5.651266,3.115755,-18.616427
-6.142478,2.182558,-18.612917
-6.522559,1.188497,-18.609435
-7.029154,0.252409,-18.612200
-8.023875,-0.745859,-18.618337
-8.835382,-1.986279,-18.617917
-8.729819,-3.336660,-18.611920
-7.757140,-4.375693,-18.610260
-7.150886,-5.465142,-18.613381
-6.896626,-6.867633,-18.613084
-6.386638,-8.352228,-18.609774
-5.248387,-9.261678,-18.615414
-4.192954,-10.389995,-18.618688
-2.813251,-11.233633,-18.619254
-1.147313,-10.646746,-18.618438
0.213654,-9.606363,-18.611424
1.567444,-9.687084,-18.612076
3.089830,-9.910240,-18.617711
4.119663,-8.782872,-18.617041
4.872757,-7.596128,-18.614704
5.499497,-6.414903,-18.609252
5.960293,-5.287961,-18.609079
6.348233,-4.144036,-18.619550
6.687350,-3.055269,-18.618602
6.577434,-1.903651,-18.614243
5.744231,-0.875809,-18.617041
4.933139,-0.074360,-18.620366
4.848375,0.833251,-18.620013
4.734565,1.783361,-18.618738
3.385671,1.876825,-21.619370
2.781723,2.376028,-21.615236
2.125323,2.789293,-21.608216
1.461541,3.120452,-21.607930
0.789014,3.596044,-21.610578
0.070477,4.757689,-21.608227
-0.897712,4.831318,-21.620952
-1.973745,5.186866,-21.614960
-2.825054,4.439810,-21.607575
-3.571775,3.807280,-21.611329
-4.257787,3.162415,-21.607533
-4.769767,2.392471,-21.616905
-5.110269,1.509266,-21.617902
-5.340863,0.708326,-21.608519
-5.809878,-0.071002,-21.618657
-6.721618,-0.848187,-21.613483
-7.374127,-1.879639,-21.612687
-7.089257,-2.950975,-21.619811
-5.670109,-3.535167,-21.616429
-5.301547,-4.360167,-21.617180
-5.354097,-5.559211,-21.615568
-5.150795,-6.903459,-21.611513
-4.221106,-7.575063,-21.612995
-3.317205,-8.358877,-21.613068
-2.251352,-9.028871,-21.614064
-1.014387,-8.896541,-21.616715
0.053058,-7.486170,-21.613539
1.054684,-7.576499,-21.612057
2.596189,-8.697433,-21.612227
3.468951,-7.756232,-21.610061
4.089041,-6.670255,-21.614991
4.586890,-5.651818,-21.616160
4.967981,-4.672761,-21.612012
5.202383,-3.705332,-21.615900
5.356737,-2.741262,-21.620637
5.252217,-1.817251,-21.619102
4.633584,-0.960601,-21.613775
3.972754,-0.315095,-21.617332
3.829382,0.393524,-21.619899
3.818126,1.257137,-21.619616
2.824487,1.405532,-24.621363
2.290049,1.822737,-24.621721
1.802545,2.273900,-24.605371
1.238239,2.611190,-24.605800
0.535368,2.637276,-24.606627
0.006651,3.933296,-24.613500
-0.827406,3.867671,-24.610012
-1.766485,4.237178,-24.620281
-2.381278,3.362198,-24.618611
-2.925768,2.768981,-24.613249
-3.445612,2.171428,-24.617389
-3.829071,1.541221,-24.613792
-3.982365,0.832172,-24.611954
-4.174755,0.193665,-24.615022
-4.421306,-0.404815,-24.616833
-4.626705,-1.018990,-24.615308
-4.887258,-1.700778,-24.612472
-3.502924,-2.092328,-24.616596
-3.122468,-2.460425,-24.617021
-3.102281,-3.004668,-24.616159
-3.374150,-3.868253,-24.615705
-3.226640,-4.625672,-24.617359
-2.622224,-4.916590,-24.618973
-1.890568,-4.890326,-24.618831
-1.342027,-5.150579,-24.617216
-0.789817,-5.922777,-24.614942
-0.144907,-4.824070,-24.617516
0.279779,-4.271054,-24.620058
1.662095,-6.380190,-24.616331
2.306655,-5.839302,-24.613565
2.756970,-5.069445,-24.615889
3.069302,-4.335460,-24.617585
3.302596,-3.642769,-24.613029
3.430093,-2.950958,-24.615108
3.400215,-2.285885,-24.619479
3.301577,-1.658844,-24.616496
3.420732,-1.069445,-24.611331
3.377539,-0.461486,-24.612126
3.272835,0.163399,-24.610780
3.259951,0.896501,-24.608389
-0.252241,-0.512742,-27.615326
