2.024561,31.924130,35.718930
-3.152947,31.787941,35.718930
-8.221169,30.706501,35.718930
-13.005134,28.718956,35.718930
-17.200340,25.995132,35.718930
-20.729753,22.708010,35.718930
-23.679521,18.892829,35.718930
-25.896479,14.811438,35.718930
-27.341373,10.585208,35.718930
-27.984263,6.165383,35.718930
-27.774603,1.883576,35.718930
-26.872822,-2.125105,35.718930
-25.376236,-5.950125,35.718930
-23.563004,-9.232542,35.718930
-21.493864,-12.143070,35.718930
-19.131481,-14.821078,35.718930
-16.645760,-17.129699,35.718930
-13.949090,-19.187699,35.718930
-11.062925,-20.970399,35.718930
-8.009138,-22.448207,35.718930
-4.641104,-23.636258,35.718930
-0.975913,-24.427769,35.718930
2.762707,-24.723707,35.718930
6.684652,-24.494041,35.718930
10.706487,-23.660176,35.718930
14.552596,-22.213944,35.718930
18.399606,-19.946811,35.718930
21.765930,-17.013485,35.718930
24.669154,-13.387984,35.718930
26.925145,-9.328996,35.718930
28.542504,-4.785049,35.718930
29.364724,-0.032482,35.718930
29.354495,4.968435,35.718930
28.447116,10.068292,35.718930
26.754063,14.775375,35.718930
24.193428,19.279279,35.718930
20.742103,23.372226,35.718930
16.735264,26.685700,35.718930
12.208135,29.281512,35.718930
7.468122,32.462891,31.969232
2.114149,33.303488,31.964700
-3.311628,33.309093,31.964839
-8.635681,32.362452,31.970696
-13.566555,30.539426,31.970970
-18.122701,27.618279,31.962481
-21.465982,23.600925,31.966077
-24.186943,19.329297,31.976492
-26.269513,14.951228,31.970630
-27.487731,10.630514,31.961624
-28.021279,6.176754,31.966967
-27.929682,1.875763,31.963346
-27.088426,-2.146461,31.969005
-25.528968,-5.951905,31.973203
-23.718218,-9.221891,31.968688
-21.697683,-12.364401,31.969964
-19.467422,-15.128465,31.974495
-17.025630,-17.441256,31.971168
-14.231438,-19.622877,31.970427
-11.375202,-21.748728,31.976452
-8.217568,-23.743573,31.972594
-4.792747,-24.614997,31.963902
-1.065452,-25.148987,31.967218
2.827817,-25.345685,31.971122
6.949962,-25.133853,31.963893
11.219982,-24.707824,31.962414
15.383455,-23.060973,31.971201
19.226535,-20.709990,31.969375
22.797412,-17.716564,31.960791
25.938471,-14.002202,31.963285
28.467787,-9.853239,31.974517
30.441660,-5.002099,31.970957
31.464369,0.118049,31.967620
31.828058,5.546789,31.964716
31.268541,11.107109,31.962483
29.303800,16.372675,31.967322
26.242390,21.075016,31.973057
22.290067,25.042923,31.975250
17.690495,28.287906,31.974841
12.818270,30.732079,31.973043
7.793801,33.043362,28.213619
2.311574,33.868548,28.225510
-3.239526,33.903017,28.217835
-8.692106,32.991669,28.209827
-13.940961,31.101726,28.213209
-18.422326,28.194492,28.213859
-21.662402,23.944267,28.211898
-24.254121,19.449855,28.216125
-26.149029,15.077651,28.223426
-27.294128,10.432833,28.226726
-27.733338,6.057505,28.224191
-27.674730,1.847860,28.221619
-26.867558,-2.276127,28.221985
-25.483098,-5.842900,28.221684
-23.727226,-9.239418,28.220670
-21.874293,-12.362168,28.222425
-19.701832,-15.274380,28.224014
-17.287966,-17.727157,28.226396
-14.498596,-20.042702,28.225076
-11.641506,-22.305526,28.221882
-8.479955,-24.455495,28.225690
-4.793603,-25.383922,28.227075
-0.973359,-25.909605,28.220023
3.006935,-26.068560,28.213738
7.224583,-25.812549,28.217610
11.593821,-25.391591,28.223631
15.840810,-23.680126,28.217854
19.773730,-21.273375,28.219303
23.461220,-18.254917,28.225347
26.751966,-14.520754,28.222277
29.635596,-10.010862,28.212856
31.672895,-5.261639,28.214850
32.844234,0.144598,28.216317
33.259376,5.890142,28.214585
32.660102,11.575123,28.211555
30.588423,16.939223,28.211793
27.265721,21.852911,28.224230
23.141221,25.833341,28.227481
18.360227,29.032512,28.219882
13.129093,31.456492,28.211639
7.788372,33.093179,24.469744
2.267013,33.830732,24.468859
-3.305571,33.747348,24.465682
-8.768483,32.718941,24.468736
-13.820533,30.797176,24.472430
-18.276176,27.802175,24.469753
-21.535896,23.529934,24.470738
-23.965797,19.143864,24.472015
-25.736377,14.693523,24.471899
-26.746940,10.192567,24.466300
-27.131626,5.984931,24.461814
-27.065641,1.757228,24.474906
-26.365920,-2.211227,24.470244
-25.131465,-5.850958,24.467903
-23.606955,-9.165841,24.472840
-21.826012,-12.349746,24.465008
-19.726609,-15.334116,24.474413
-17.419225,-17.909944,24.474894
-14.712209,-20.347987,24.469649
-11.839583,-22.610564,24.468192
-8.625258,-24.715862,24.461129
-4.786298,-25.903836,24.463214
-0.978031,-26.558078,24.468681
3.218562,-26.747367,24.475318
7.447964,-26.423018,24.475462
11.810922,-25.769952,24.464917
16.074219,-24.033484,24.466621
20.193543,-21.538512,24.471917
23.910025,-18.512485,24.473261
27.370599,-14.644417,24.471316
30.204796,-10.301081,24.470251
32.434053,-5.192356,24.474280
33.619848,0.240918,24.472882
33.925453,6.016041,24.473847
33.132155,11.709518,24.472145
30.863059,17.226311,24.463743
27.594717,21.976593,24.471780
23.320455,26.120942,24.470860
18.497234,29.290983,24.466486
13.191645,31.614519,24.467697
7.669826,32.705854,20.720536
2.184597,33.316822,20.716690
-3.324095,33.040684,20.722679
-8.521338,31.873097,20.724585
-13.434445,29.787764,20.722305
-17.622074,26.812481,20.722369
-20.893157,22.852601,20.714859
-23.311447,18.527025,20.713184
-24.928540,14.260957,20.717529
-25.911308,9.801245,20.718538
-26.274161,5.631597,20.713531
-26.172142,1.636756,20.712157
-25.593430,-2.121450,20.717218
-24.575144,-5.789370,20.723739
-23.233674,-9.144037,20.723920
-21.617858,-12.163177,20.718325
-19.613835,-15.170205,20.717740
-17.333119,-17.975810,20.724947
-14.745988,-20.495749,20.720711
-11.867565,-22.686013,20.711574
-8.592344,-24.621892,20.723281
-4.878836,-26.090476,20.724395
-0.979901,-26.984012,20.714858
3.191569,-27.256276,20.714891
7.554351,-26.861140,20.720255
11.820074,-25.891283,20.714846
16.217846,-24.084171,20.724268
20.304608,-21.644539,20.716601
24.135042,-18.518123,20.711760
27.457171,-14.850488,20.718971
30.396685,-10.407160,20.715431
32.619754,-5.354509,20.712332
33.854532,0.214657,20.716443
34.010749,5.932391,20.723162
32.950979,11.728613,20.726788
30.681774,16.973428,20.723968
27.325365,21.825553,20.716222
23.113469,25.957811,20.720395
18.341891,29.096831,20.726402
13.056779,31.335285,20.725431
7.468279,31.995962,16.962873
2.081048,32.456123,16.964930
-3.294066,31.956082,16.969859
-8.331319,30.561851,16.966184
-12.839295,28.339608,16.966338
-16.824086,25.258916,16.975494
-20.057648,21.644904,16.966615
-22.375395,17.610136,16.967821
-23.920763,13.406987,16.969281
-24.822831,9.410092,16.966802
-25.205800,5.328642,16.967783
-25.094155,1.604090,16.964831
-24.608188,-2.088900,16.969145
-23.842389,-5.547533,16.972208
-22.691969,-8.892028,16.967337
-21.162170,-11.877550,16.965898
-19.260016,-14.862466,16.973137
-17.135524,-17.694130,16.966097
-14.692608,-20.258093,16.966114
-11.702269,-22.477320,16.976136
-8.414407,-24.231105,16.963403
-4.881948,-25.929123,16.968255
-0.958488,-27.063177,16.975111
3.330070,-27.428848,16.973160
7.583106,-27.002440,16.969895
11.868917,-25.709357,16.968958
16.004239,-24.001829,16.969723
20.180197,-21.556221,16.964969
23.936973,-18.490984,16.968095
27.326856,-14.774200,16.975238
30.294886,-10.257721,16.967407
32.436599,-5.295359,16.960926
33.629209,0.170767,16.965584
33.616508,5.947362,16.972313
32.404560,11.409713,16.973106
30.060247,16.690824,16.972575
26.755462,21.430292,16.975477
22.628589,25.476026,16.973317
17.952133,28.548472,16.968195
12.763093,30.719589,16.964276
7.212563,31.072246,13.226792
1.976466,31.370080,13.226695
-3.212050,30.665834,13.217115
-8.027432,29.067342,13.213638
-12.245797,26.640537,13.216663
-15.829510,23.589661,13.216027
-18.940634,20.303129,13.216058
-21.168237,16.598312,13.217438
-22.648424,12.700214,13.220186
-23.594720,8.842636,13.224443
-24.002917,5.068872,13.225354
-23.903858,1.457153,13.216040
-23.488221,-2.132139,13.215648
-22.883355,-5.330488,13.218451
-21.858736,-8.603594,13.213950
-20.419055,-11.521754,13.211030
-18.618188,-14.444680,13.222814
-16.721086,-17.085703,13.223048
-14.282052,-19.757927,13.220209
-11.386293,-21.911438,13.225555
-8.180020,-23.581207,13.223442
-4.828670,-25.380192,13.223586
-0.906192,-26.677147,13.217498
3.257411,-27.130982,13.212777
7.552513,-26.723014,13.218086
11.675362,-25.345886,13.222111
15.688476,-23.691237,13.216078
19.749927,-21.346268,13.221793
23.537334,-18.259416,13.227308
26.939304,-14.515508,13.219144
29.797273,-10.121186,13.212923
31.905216,-5.126377,13.217210
33.011513,0.192648,13.216198
32.857450,5.782779,13.212183
31.566870,11.062353,13.211577
29.244043,16.355419,13.213916
26.010115,20.934186,13.217969
22.084620,24.672545,13.219035
17.371582,27.734553,13.220225
12.343171,29.863453,13.223501
6.900339,29.933314,9.466232
1.688039,30.059049,9.464260
-3.104368,29.219159,9.466930
-7.655186,27.473362,9.466307
-11.572582,24.913182,9.462680
-14.886818,21.835663,9.464100
-17.752515,18.799287,9.467693
-19.864099,15.423178,9.469242
-21.363949,11.707010,9.466893
-22.305954,8.185924,9.463597
-22.747662,4.738793,9.464772
-22.694803,1.266363,9.471302
-22.350087,-2.016030,9.465024
-21.795924,-5.094543,9.466586
-20.836572,-8.249636,9.474617
-19.491779,-11.073452,9.463632
-17.881859,-13.753813,9.467711
-15.962082,-16.436700,9.465104
-13.746748,-18.888802,9.463458
-11.010880,-21.021300,9.471323
-7.970314,-22.703354,9.469157
-4.619076,-24.556176,9.473703
-1.033164,-25.817004,9.469825
3.127283,-26.379258,9.460687
7.265265,-26.081153,9.463071
11.251536,-24.830467,9.470010
15.431548,-23.109225,9.462879
19.321248,-20.827782,9.470205
22.950577,-17.846999,9.475142
26.211564,-14.238972,9.469028
29.031164,-9.855119,9.470708
31.013921,-5.035846,9.466498
32.033807,0.089964,9.462566
31.811648,5.455073,9.461838
30.499216,10.695826,9.461683
28.343741,15.814681,9.464454
25.223506,20.212008,9.474124
21.228606,23.811392,9.469516
16.636160,26.694673,9.463118
11.813145,28.782626,9.464684
6.512114,28.518796,5.711875
1.541753,28.503563,5.724102
-3.004718,27.560445,5.728273
-7.273515,25.735607,5.722170
-10.913988,23.148618,5.718569
-13.870219,20.244594,5.722251
-16.549814,17.304106,5.722235
-18.619421,14.115377,5.724010
-20.039249,10.932962,5.726676
-21.047108,7.605580,5.722667
-21.544615,4.329923,5.713427
-21.551516,1.184452,5.715145
-21.245958,-1.948851,5.718634
-20.686040,-4.875882,5.718449
-19.798870,-7.721819,5.717827
-18.572151,-10.438808,5.719429
-16.970215,-13.146680,5.719691
-15.209226,-15.551346,5.718688
-13.088184,-17.878490,5.715440
-10.535965,-19.984642,5.711680
-7.714831,-21.720822,5.712866
-4.503726,-23.452599,5.717382
-1.080628,-24.671128,5.723145
2.859873,-25.299468,5.724235
6.822519,-25.150150,5.722509
10.833254,-24.100287,5.725832
14.825248,-22.477402,5.724414
18.667959,-20.198718,5.721296
22.120803,-17.350841,5.717365
25.322891,-13.770936,5.712516
27.978253,-9.570139,5.711634
29.834040,-4.960724,5.717654
30.772890,0.100972,5.724120
30.486777,5.212391,5.718332
29.223130,10.206559,5.715241
27.200929,15.100199,5.724731
24.091149,19.401298,5.715501
20.208082,22.743147,5.714556
15.789067,25.449871,5.714788
11.347241,27.399998,5.710302
6.033225,26.782806,1.969958
1.331828,26.643818,1.965537
-2.947356,25.641805,1.969223
-6.942855,23.822374,1.968165
-10.238998,21.428836,1.962609
-13.024053,18.669973,1.962662
-15.398431,15.956825,1.963839
-17.357003,13.121430,1.966323
-18.845248,10.184278,1.966750
-19.912893,7.070150,1.965704
-20.472652,3.985378,1.965614
-20.542057,1.009278,1.963230
-20.254125,-1.957141,1.964777
-19.654347,-4.711048,1.965143
-18.752361,-7.385524,1.961068
-17.613541,-9.965967,1.961296
-16.186042,-12.398966,1.972144
-14.376881,-14.763401,1.969974
-12.441874,-16.816915,1.962248
-10.087926,-18.885886,1.964452
-7.376687,-20.752119,1.967658
-4.436929,-22.231161,1.966882
-1.023055,-23.394475,1.964164
2.684248,-24.028221,1.964326
6.447799,-23.988944,1.968702
10.443533,-23.179244,1.971673
14.219230,-21.646030,1.965640
17.845208,-19.460380,1.965643
21.222051,-16.658004,1.965356
24.226825,-13.245423,1.964535
26.708551,-9.250499,1.970854
28.421445,-4.869591,1.966542
29.246363,0.085077,1.961095
28.938896,4.928258,1.969578
27.662903,9.789396,1.975197
25.678279,14.222831,1.966182
22.695709,18.262731,1.969830
19.039309,21.445958,1.967309
14.860591,24.014940,1.965232
10.482318,25.864846,1.969006
5.337723,24.813513,-1.785239
1.059282,24.611961,-1.775025
-2.952169,23.608005,-1.779856
-6.579219,21.948982,-1.779811
-9.728064,19.756122,-1.775564
-12.291663,17.309103,-1.780848
-14.500746,14.732647,-1.785717
-16.420608,12.111653,-1.779324
-17.938594,9.411571,-1.779017
-18.983930,6.648002,-1.782765
-19.599228,3.760192,-1.776346
-19.745016,0.959686,-1.773036
-19.488864,-1.836079,-1.780836
-18.826973,-4.557952,-1.781564
-17.916412,-7.056044,-1.773554
-16.856275,-9.491585,-1.777521
-15.422134,-11.901488,-1.783743
-13.748586,-13.964507,-1.787720
-11.782033,-15.962741,-1.782254
-9.597400,-17.951733,-1.776204
-7.105600,-19.796198,-1.786915
-4.291839,-21.081896,-1.779254
-1.041934,-22.102391,-1.781731
2.290384,-22.689033,-1.790276
5.990759,-22.738199,-1.783862
9.788805,-22.190122,-1.776260
13.485991,-20.712614,-1.784098
16.896454,-18.634181,-1.779079
20.179948,-15.894747,-1.778904
22.980990,-12.653627,-1.787026
25.278773,-8.866731,-1.779886
26.876490,-4.575165,-1.778172
27.517873,-0.043555,-1.782641
27.206443,4.527657,-1.782361
25.945829,9.079674,-1.779814
23.883592,13.168671,-1.780610
21.022317,16.929920,-1.776414
17.649970,20.016329,-1.780578
13.879534,22.393329,-1.788216
9.718679,24.046652,-1.791063
4.777190,22.756328,-5.531580
0.891416,22.591644,-5.536693
-2.889147,21.694370,-5.539139
-6.215252,20.283731,-5.535723
-9.159822,18.446100,-5.534034
-11.678407,16.264031,-5.536063
-13.799211,13.879559,-5.532512
-15.687310,11.475428,-5.531566
-17.221141,9.000210,-5.529512
-18.334606,6.303051,-5.530355
-18.979646,3.602018,-5.535269
-19.197092,0.833720,-5.524970
-18.955853,-1.934674,-5.527039
-18.287498,-4.483157,-5.534926
-17.336580,-6.945665,-5.536894
-16.323772,-9.229024,-5.537225
-14.953435,-11.483365,-5.529285
-13.238530,-13.485872,-5.534037
-11.341065,-15.316204,-5.535388
-9.278933,-17.180425,-5.521946
-6.942350,-18.926856,-5.522325
-4.132933,-20.098658,-5.532130
-1.180015,-20.933692,-5.533229
2.093624,-21.461375,-5.533777
5.577200,-21.498999,-5.538027
9.159215,-21.069444,-5.531515
12.642075,-19.699746,-5.527699
15.963105,-17.659613,-5.530649
18.939290,-15.166663,-5.529562
21.645753,-11.998001,-5.528979
23.749828,-8.401778,-5.537345
25.133508,-4.467976,-5.536121
25.636760,-0.059969,-5.535947
25.270641,4.243655,-5.531713
24.023380,8.351571,-5.526691
21.884111,12.095427,-5.527831
19.225355,15.478748,-5.525783
16.235033,18.380783,-5.531468
12.738808,20.660466,-5.535260
8.795005,22.133535,-5.532365
4.228208,20.739428,-9.274856
0.701589,20.694750,-9.281616
-2.754715,20.016989,-9.282890
-5.945876,18.851873,-9.280083
-8.824090,17.309164,-9.279778
-11.222613,15.502585,-9.280098
-13.392906,13.245299,-9.275614
-15.228778,11.031515,-9.284577
-16.730847,8.742095,-9.284523
-17.888087,6.110640,-9.277733
-18.577835,3.456646,-9.285194
-18.850570,0.858553,-9.283356
-18.669151,-1.878336,-9.285423
-18.039855,-4.410816,-9.286158
-17.102629,-6.849875,-9.284158
-16.058259,-9.099035,-9.289035
-14.658744,-11.304175,-9.283644
-13.018742,-13.163599,-9.281470
-11.105300,-14.939794,-9.279709
-9.002349,-16.702329,-9.276035
-6.726159,-18.232783,-9.283630
-4.057290,-19.276220,-9.287361
-1.132995,-20.003580,-9.282715
1.836897,-20.365053,-9.281557
5.109676,-20.315554,-9.287398
8.471356,-19.853736,-9.286778
11.752782,-18.577554,-9.276944
14.882938,-16.673283,-9.274268
17.676944,-14.321555,-9.279925
20.126303,-11.430550,-9.279808
22.076549,-8.032096,-9.274627
23.320214,-4.175644,-9.286633
23.642837,-0.146333,-9.279912
23.201873,3.761268,-9.275905
21.919584,7.587513,-9.284147
19.873736,10.937303,-9.285465
17.425600,13.992799,-9.281495
14.633344,16.746642,-9.276953
11.467621,18.820758,-9.273267
7.880107,20.143771,-9.271691
3.686694,18.743403,-13.029636
0.505286,18.859638,-13.029381
-2.645858,18.432279,-13.027239
-5.700542,17.538940,-13.032019
-8.398340,16.367761,-13.034426
-10.889753,14.814898,-13.026610
-13.032232,12.807899,-13.026404
-14.803561,10.773209,-13.034788
-16.377167,8.443877,-13.036405
-17.494978,5.991901,-13.033577
-18.219085,3.398122,-13.036352
-18.552335,0.724761,-13.026007
-18.427665,-1.842153,-13.021499
-17.874838,-4.352852,-13.029012
-16.989016,-6.766287,-13.038287
-15.849502,-9.069569,-13.038619
-14.493168,-11.108091,-13.033120
-12.784118,-13.025652,-13.036170
-10.964258,-14.664375,-13.034044
-8.908544,-16.205948,-13.023898
-6.568969,-17.539912,-13.028008
-3.933619,-18.526687,-13.023721
-1.178524,-19.114104,-13.028087
1.627470,-19.309018,-13.033221
4.683638,-19.115545,-13.032545
7.805671,-18.502709,-13.038253
10.772146,-17.351858,-13.031536
13.718241,-15.596644,-13.030312
16.334129,-13.382967,-13.037417
18.606758,-10.654266,-13.035854
20.367371,-7.430235,-13.025983
21.352489,-4.015095,-13.032435
21.521038,-0.227970,-13.032805
20.972020,3.289175,-13.028205
19.712670,6.731294,-13.025893
17.783104,9.860673,-13.025021
15.537154,12.607704,-13.026443
13.052398,14.972767,-13.030491
10.178795,16.839886,-13.032451
6.959595,18.092378,-13.031036
3.147683,16.747641,-16.780282
0.198526,17.020732,-16.774415
-2.640647,16.814941,-16.780311
-5.423479,16.217922,-16.789388
-8.019710,15.348789,-16.785565
-10.462202,14.126355,-16.774339
-12.664491,12.323418,-16.780099
-14.431558,10.382513,-16.778202
-15.967181,8.124869,-16.782061
-17.068489,5.746664,-16.789660
-17.792990,3.228950,-16.784629
-18.139292,0.745460,-16.786716
-18.059477,-1.870606,-16.777334
-17.582088,-4.333400,-16.775581
-16.755421,-6.697546,-16.787108
-15.588476,-8.915158,-16.786244
-14.222830,-10.879261,-16.785768
-12.559106,-12.750745,-16.781301
-10.764380,-14.335435,-16.777345
-8.675124,-15.714401,-16.777587
-6.293965,-16.805611,-16.775620
-3.822725,-17.686376,-16.777246
-1.251075,-18.143370,-16.785247
1.490140,-18.177667,-16.782329
4.196705,-17.833175,-16.776056
6.939151,-17.063328,-16.788402
9.707994,-16.007314,-16.783891
12.374580,-14.483239,-16.775374
14.816629,-12.426609,-16.781385
16.916346,-9.876319,-16.788304
18.449738,-6.948851,-16.780928
19.260597,-3.743116,-16.782455
19.275257,-0.325810,-16.786166
18.590338,2.908066,-16.779901
17.399189,5.866464,-16.779077
15.705174,8.702523,-16.787746
13.679826,11.166157,-16.779160
11.382632,13.209680,-16.779945
8.774946,14.852844,-16.784965
6.032556,16.015763,-16.785119
2.602937,14.720667,-20.538230
0.017368,15.111349,-20.535264
-2.597246,15.104178,-20.539337
-5.084327,14.776243,-20.531752
-7.625061,14.147364,-20.523924
-9.948987,13.202526,-20.532887
-12.100251,11.714668,-20.533363
-13.917301,9.831730,-20.527616
-15.337140,7.760962,-20.524125
-16.414603,5.494583,-20.526302
-17.126399,3.087148,-20.530868
-17.486598,0.601295,-20.529093
-17.432501,-1.800176,-20.525327
-17.022563,-4.175464,-20.527592
-16.263543,-6.455023,-20.532607
-15.107345,-8.565103,-20.531830
-13.699315,-10.515914,-20.537534
-12.170504,-12.233223,-20.540889
-10.350890,-13.811754,-20.532500
-8.278783,-15.025911,-20.523818
-6.023747,-15.862582,-20.528718
-3.737589,-16.632997,-20.523315
-1.267902,-16.978451,-20.530426
1.152159,-16.881032,-20.535971
3.706978,-16.384344,-20.529564
6.053029,-15.484824,-20.532296
8.598855,-14.522449,-20.531970
11.060299,-13.153757,-20.526005
13.215938,-11.319651,-20.531103
15.063253,-9.047616,-20.537718
16.415795,-6.331557,-20.528619
17.022879,-3.464173,-20.529743
16.919325,-0.428165,-20.532326
16.163551,2.396171,-20.535863
15.003076,5.090161,-20.533798
13.622858,7.550563,-20.524639
11.889324,9.648426,-20.524085
9.708593,11.436409,-20.531614
7.471137,12.811908,-20.538144
5.096807,13.932992,-20.540286
1.961318,12.683552,-24.276298
-0.253721,13.102118,-24.285178
-2.504554,13.228438,-24.286656
-4.753509,13.096162,-24.276498
-7.063177,12.677524,-24.275934
-9.287072,11.923667,-24.289248
-11.327506,10.753958,-24.281833
-13.082398,9.062952,-24.281269
-14.424278,7.128814,-24.279141
-15.444502,5.017767,-24.272430
-16.109495,2.765340,-24.275447
-16.427971,0.532330,-24.277472
-16.371575,-1.810650,-24.277666
-15.987286,-4.036851,-24.277037
-15.265954,-6.167961,-24.274815
-14.198610,-8.046924,-24.272425
-12.857029,-9.858139,-24.275676
-11.413272,-11.463301,-24.275595
-9.764035,-12.861161,-24.275464
-7.792379,-13.947951,-24.281415
-5.745649,-14.634473,-24.286388
-3.578493,-15.280352,-24.285779
-1.352979,-15.501001,-24.285752
0.912588,-15.315849,-24.288244
3.080524,-14.754345,-24.287589
5.113693,-13.775522,-24.281346
7.313418,-12.951118,-24.278645
9.536091,-11.751725,-24.286988
11.404074,-10.164559,-24.284095
13.057099,-8.123241,-24.278287
14.177912,-5.742199,-24.288610
14.642257,-3.152726,-24.277996
14.467836,-0.523285,-24.273666
13.718116,1.891773,-24.275475
12.680936,4.210647,-24.277563
11.537151,6.364297,-24.278439
10.036301,8.174024,-24.275664
8.099559,9.651353,-24.282536
6.161547,10.828909,-24.283976
4.070817,11.914153,-24.277293
1.402263,10.534126,-28.028362
-0.506860,10.938924,-28.027758
-2.449644,11.123378,-28.032256
-4.400415,11.106172,-28.036012
-6.410360,10.825669,-28.030628
-8.362794,10.252474,-28.023042
-10.269265,9.328264,-28.031661
-11.834909,7.921167,-28.032931
-13.064650,6.189587,-28.027558
-13.958178,4.368948,-28.028607
-14.556775,2.340864,-28.033755
-14.831831,0.325708,-28.025636
-14.769030,-1.702385,-28.021260
-14.402494,-3.705383,-28.027345
-13.764543,-5.546475,-28.031082
-12.755425,-7.311012,-28.025315
-11.632649,-8.805177,-28.029824
-10.321917,-10.252243,-28.027741
-8.819281,-11.492024,-28.025011
-7.107957,-12.431997,-28.032243
-5.278442,-13.106667,-28.034340
-3.375071,-13.550030,-28.036252
-1.435206,-13.644587,-28.031548
0.519659,-13.449763,-28.025640
2.377652,-12.894197,-28.024490
4.084340,-11.944490,-28.024004
5.983437,-11.222184,-28.028575
7.843743,-10.235955,-28.033837
9.456448,-8.856342,-28.031138
10.872708,-7.077284,-28.026262
11.776230,-5.074964,-28.028110
12.109887,-2.904737,-28.027040
11.907840,-0.631898,-28.036205
11.208987,1.441526,-28.037140
10.371512,3.297060,-28.033647
9.407804,5.175163,-28.034875
8.092427,6.728428,-28.031464
6.444040,7.908082,-28.037514
4.835359,8.886554,-28.039722
3.126187,9.840481,-28.034113
0.722668,8.172510,-31.784740
-0.764862,8.481439,-31.781411
-2.337423,8.671615,-31.787141
-3.921850,8.726007,-31.787635
-5.554698,8.534866,-31.785533
-7.150764,8.098072,-31.786500
-8.749385,7.459564,-31.780816
-10.108726,6.327606,-31.781828
-11.124732,4.928311,-31.786154
-11.887392,3.397103,-31.788940
-12.373226,1.750127,-31.788182
-12.592898,0.047096,-31.777825
-12.521284,-1.599098,-31.777765
-12.197932,-3.219286,-31.783958
-11.640629,-4.770845,-31.781641
-10.828473,-6.207213,-31.775112
-9.873673,-7.468711,-31.784178
-8.800053,-8.638708,-31.783304
-7.572827,-9.627954,-31.772829
-6.195739,-10.419187,-31.775652
-4.698308,-11.116909,-31.787743
-3.140817,-11.359450,-31.777792
-1.552483,-11.332206,-31.776628
0.026910,-11.165888,-31.783791
1.589989,-10.661394,-31.779788
2.889585,-9.873994,-31.778677
4.423727,-9.272585,-31.784858
5.938400,-8.480013,-31.784825
7.241649,-7.352763,-31.780543
8.342060,-5.953575,-31.780781
9.061688,-4.321880,-31.780479
9.303641,-2.555924,-31.774491
9.118694,-0.779645,-31.785445
8.542520,0.901233,-31.781650
7.866645,2.408715,-31.776645
7.110108,3.872935,-31.786133
6.076740,5.076977,-31.783639
4.724740,6.014166,-31.786834
3.423828,6.820556,-31.790155
2.112112,7.595930,-31.789098
-0.104721,5.261962,-35.526539
-1.152979,5.437300,-35.531659
-2.200711,5.592006,-35.527852
-3.305693,5.669998,-35.526985
-4.398997,5.547444,-35.529239
-5.562324,5.240321,-35.531454
-6.698698,4.853413,-35.535741
-7.673874,4.097266,-35.531626
-8.402644,3.132226,-35.526446
-8.958393,2.024154,-35.525956
-9.286860,0.870865,-35.526920
-9.420515,-0.320308,-35.526722
-9.347442,-1.515202,-35.529581
-9.091943,-2.638993,-35.529392
-8.673594,-3.711816,-35.528258
-8.132301,-4.675947,-35.535834
-7.483874,-5.569697,-35.531722
-6.738452,-6.391524,-35.526849
-5.840279,-7.100557,-35.525974
-4.896291,-7.683115,-35.524861
-3.915582,-8.313279,-35.534472
-2.800067,-8.403307,-35.539884
-1.634413,-8.286272,-35.530657
-0.537414,-8.184669,-35.525834
0.510213,-7.830689,-35.535435
1.447638,-7.243300,-35.535763
2.513522,-6.813467,-35.533381
3.569037,-6.256904,-35.530078
4.472865,-5.463057,-35.527254
5.211738,-4.521246,-35.525600
5.707439,-3.379524,-35.526789
5.848614,-2.143887,-35.534576
5.715614,-0.903425,-35.530451
5.336131,0.228045,-35.526682
4.868201,1.282962,-35.528657
4.329681,2.299530,-35.530777
3.587373,3.121020,-35.532523
2.630935,3.757796,-35.532964
1.771707,4.317897,-35.529411
0.867914,4.881894,-35.525014
-1.673109,-1.301993,-39.281070
-1.089845,17.993973,35.718930
-3.945781,18.056646,35.718930
-6.669524,17.630865,35.718930
-9.380396,16.727484,35.718930
-11.908336,15.395585,35.718930
-14.113685,13.743458,35.718930
-16.044240,11.777496,35.718930
-17.660026,9.545613,35.718930
-18.868063,7.182781,35.718930
-19.667271,4.545428,35.718930
-19.867817,1.896631,35.718930
-19.417898,-0.718400,35.718930
-18.433220,-3.074514,35.718930
-17.027554,-5.203422,35.718930
-15.450702,-6.942001,35.718930
-13.746742,-8.403049,35.718930
-11.978109,-9.612134,35.718930
-10.188426,-10.592073,35.718930
-8.409665,-11.362325,35.718930
-6.568167,-11.967262,35.718930
-4.677395,-12.394496,35.718930
-2.752691,-12.627668,35.718930
-0.712350,-12.640970,35.718930
1.315073,-12.408514,35.718930
3.399138,-11.910428,35.718930
5.502501,-11.126167,35.718930
7.581487,-10.037245,35.718930
9.583084,-8.625734,35.718930
11.506585,-6.797952,35.718930
13.106055,-4.679946,35.718930
14.360013,-2.110332,35.718930
14.986085,0.681436,35.718930
14.883629,3.536735,35.718930
14.105639,6.291164,35.718930
12.762792,8.928572,35.718930
11.067848,11.229368,35.718930
9.062882,13.262577,35.718930
6.876563,14.949834,35.718930
4.383365,16.377615,35.718930
1.650439,17.120977,32.469190
-1.087777,17.359444,32.469027
-3.843563,17.359222,32.471647
-6.559688,16.606308,32.468084
-8.938236,15.424986,32.462297
-11.247610,14.371651,32.467093
-13.388769,12.832888,32.468247
-15.113278,10.944498,32.471817
-16.320212,8.726900,32.471616
-17.237923,6.458511,32.468017
-18.121642,4.189515,32.468957
-18.048082,1.735741,32.464536
-16.851799,-0.615057,32.468049
-15.878310,-2.629506,32.474252
-14.942093,-4.409018,32.474207
-13.560400,-5.918840,32.467786
-12.308955,-7.253894,32.463610
-10.932350,-8.435917,32.470700
-9.558191,-9.547963,32.467921
-7.904271,-10.187141,32.464330
-6.070506,-10.343047,32.473099
-4.450623,-10.953852,32.475013
-2.747451,-11.161547,32.475553
-1.098403,-10.844537,32.473336
0.807330,-11.002449,32.469897
4.099450,-13.086454,32.473426
6.558333,-12.435404,32.474322
9.029852,-11.315007,32.468661
11.339744,-9.757448,32.466447
13.304621,-7.655559,32.467219
14.963047,-5.227096,32.465148
16.006637,-2.361832,32.472109
16.273708,0.689297,32.469671
15.734789,3.676778,32.463663
14.736228,6.570787,32.464904
13.585935,9.389576,32.469557
11.906722,11.794276,32.473353
9.905170,14.149717,32.469570
7.506209,15.912333,32.465241
4.566970,16.763943,32.466943
1.636236,17.042885,29.223585
-1.127651,17.055755,29.224181
-3.894211,16.842024,29.225708
-6.388798,15.996962,29.223531
-8.633284,14.746032,29.221139
-10.814463,13.623793,29.224641
-12.741163,12.112954,29.221977
-14.305613,10.196389,29.224527
-15.258841,7.954133,29.223090
-15.931211,5.799560,29.216518
-16.638065,3.776455,29.218619
-16.384781,1.529821,29.222627
-15.152096,-0.488829,29.215051
-14.267538,-2.314681,29.214115
-13.540987,-3.882205,29.221434
-12.455849,-5.252368,29.223734
-11.450066,-6.543056,29.218374
-10.343734,-7.739929,29.223681
-9.087246,-8.962830,29.220891
-7.723694,-9.832450,29.213082
-6.107671,-10.490892,29.213060
-4.489455,-11.368039,29.212844
-2.733315,-11.916154,29.215077
-0.866289,-11.911302,29.219885
1.286661,-12.263877,29.222149
4.691178,-14.161979,29.215773
7.496341,-13.609123,29.219763
10.215572,-12.508483,29.223576
12.822069,-10.810286,29.222548
14.996478,-8.458017,29.222526
16.765409,-5.711689,29.225147
17.756273,-2.588441,29.217907
17.847132,0.794484,29.218726
17.108659,3.977061,29.222078
15.871855,7.017340,29.220071
14.398343,9.821208,29.218221
12.414182,12.281560,29.216329
10.220227,14.471159,29.215887
7.568046,16.111932,29.217873
4.567909,16.835284,29.221222
1.680967,17.201329,25.968946
-1.228509,17.017084,25.965483
-3.901651,16.521963,25.972109
-6.331696,15.615463,25.975075
-8.516668,14.382690,25.973642
-10.514170,13.060150,25.976190
-12.245334,11.408099,25.964030
-13.561437,9.513091,25.967527
-14.324595,7.368249,25.975139
-14.785188,5.326119,25.969214
-15.229642,3.296746,25.962036
-14.871483,1.344660,25.963640
-13.905778,-0.514628,25.972553
-13.235740,-2.032528,25.971574
-12.577292,-3.561335,25.965499
-11.744365,-4.887203,25.965640
-10.943365,-6.105732,25.969863
-10.007317,-7.357183,25.971541
-8.892648,-8.595257,25.965873
-7.676848,-9.886229,25.962781
-6.350347,-11.207363,25.965904
-4.645335,-12.406086,25.962624
-2.702557,-13.434344,25.970261
-0.422240,-14.117656,25.974464
2.148338,-14.632328,25.968371
5.222009,-15.134661,25.964833
8.305918,-14.640402,25.963853
11.359598,-13.510768,25.963371
14.218789,-11.640583,25.964605
16.522374,-9.204143,25.969715
18.457150,-6.114893,25.974178
19.475527,-2.714057,25.967724
19.526282,0.830664,25.971685
18.755474,4.295081,25.973541
17.341470,7.544794,25.967332
15.417818,10.397057,25.967137
13.075182,12.772832,25.966903
10.448108,14.651184,25.970069
7.527032,16.057625,25.973387
4.594485,16.890346,25.972605
1.795399,17.621068,22.717730
-1.194199,17.213582,22.719793
-3.872176,16.401451,22.716985
-6.270234,15.420139,22.720003
-8.425430,14.208609,22.723362
-10.285405,12.567299,22.715112
-11.729907,10.825237,22.717887
-12.860423,8.859896,22.717950
-13.493055,6.809734,22.717924
-13.806359,4.777507,22.720204
-13.911325,2.954278,22.720328
-13.526454,1.165592,22.723864
-13.018234,-0.486043,22.717336
-12.504173,-1.900353,22.718262
-11.926966,-3.294899,22.722528
-11.343592,-4.566727,22.719140
-10.603483,-5.880237,22.716429
-9.793412,-7.153344,22.716431
-8.814162,-8.435844,22.718309
-7.715930,-9.903286,22.718179
-6.433869,-11.627384,22.716654
-4.698885,-13.082664,22.721803
-2.646619,-14.469160,22.721138
-0.035192,-15.798926,22.720485
2.797052,-16.317427,22.723355
5.704917,-15.992880,22.723167
9.012184,-15.506878,22.720549
12.261448,-14.381223,22.718979
15.260119,-12.450964,22.718002
17.915766,-9.772210,22.719178
19.912232,-6.569997,22.721891
21.038535,-2.964160,22.716831
21.181353,0.910377,22.710972
20.461194,4.621435,22.718629
19.002450,8.095760,22.724872
16.830310,11.181967,22.714012
14.250193,13.636870,22.720237
11.225154,15.486645,22.721902
7.990597,16.742102,22.717345
4.919189,17.444777,22.716225
1.977523,18.298746,19.471450
-1.080204,17.639234,19.466508
-3.834849,16.465886,19.469753
-6.259956,15.301099,19.475242
-8.426290,13.972631,19.470994
-10.026199,12.102016,19.463435
-11.295249,10.131163,19.473206
-12.176480,8.211281,19.467479
-12.711403,6.275481,19.464731
-12.890287,4.390561,19.473215
-12.709161,2.616611,19.471498
-12.359234,0.982395,19.463787
-12.291695,-0.471102,19.468892
-11.923235,-1.848890,19.475669
-11.409144,-3.092506,19.474150
-10.963890,-4.466992,19.469377
-10.369846,-5.665358,19.470744
-9.605829,-7.026751,19.472154
-8.759075,-8.332940,19.468609
-7.737338,-9.795674,19.467192
-6.395919,-11.571257,19.471583
-4.705022,-13.190194,19.465342
-2.606093,-14.825743,19.470573
0.090260,-16.510660,19.474849
3.170393,-17.188426,19.468336
6.173275,-16.690935,19.464283
9.600934,-16.229364,19.464295
13.051182,-15.025228,19.470108
16.173000,-13.034506,19.476029
18.977897,-10.337143,19.472261
21.133914,-6.947808,19.462110
22.396877,-3.134283,19.468611
22.683839,0.976072,19.470119
22.075359,4.950879,19.464623
20.643554,8.694026,19.462323
18.398648,12.023017,19.465528
15.608159,14.754392,19.471175
12.385168,16.738678,19.471750
8.790583,17.971227,19.471327
5.343854,18.436425,19.472831
2.227376,19.228125,16.213657
-1.070920,18.214942,16.218181
-3.858179,16.669424,16.213788
-6.218040,15.220004,16.215027
-8.297188,13.641823,16.219132
-9.719103,11.547238,16.214854
-10.766606,9.503246,16.221147
-11.476938,7.578658,16.222029
-11.929154,5.787457,16.216378
-12.018514,3.972193,16.216165
-11.638559,2.288815,16.221960
-11.405676,0.930112,16.219691
-11.617648,-0.443555,16.223806
-11.380282,-1.745524,16.217250
-10.908275,-2.933979,16.214020
-10.597441,-4.267965,16.222510
-10.086925,-5.421736,16.218772
-9.412788,-6.751015,16.221950
-8.634317,-8.152190,16.221905
-7.582342,-9.649674,16.214126
-6.301026,-11.118234,16.214151
-4.734402,-12.790402,16.224439
-2.667788,-14.580227,16.218953
0.020454,-16.426869,16.213285
3.235270,-17.432511,16.217111
6.352454,-17.208395,16.216298
10.001199,-16.773768,16.222871
13.537906,-15.514047,16.217726
16.867286,-13.436631,16.219058
19.793433,-10.713752,16.226009
22.096278,-7.146229,16.218632
23.468765,-3.251782,16.220612
23.932239,0.960557,16.222810
23.450227,5.294379,16.218949
22.068108,9.299629,16.214433
19.889766,12.806388,16.216002
16.968322,15.879963,16.222332
13.626265,18.109903,16.218616
9.838445,19.410173,16.211231
5.923755,19.697017,16.210012
2.531876,20.352004,12.961475
-0.947436,18.964058,12.966238
-3.846488,17.035387,12.966761
-6.172772,15.068257,12.970470
-8.060180,13.016568,12.975570
-9.292482,10.895976,12.973332
-10.170881,8.857130,12.971357
-10.740558,6.969360,12.975645
-11.132693,5.245177,12.968381
-11.169399,3.632635,12.963696
-10.737128,2.051559,12.975913
-10.636089,0.771465,12.966903
-10.897708,-0.384301,12.968235
-10.751589,-1.610216,12.973379
-10.357071,-2.728100,12.969239
-10.084019,-3.976279,12.962118
-9.606206,-5.168606,12.966287
-9.067135,-6.331900,12.973567
-8.340130,-7.798341,12.970230
-7.408576,-9.128438,12.962866
-6.115898,-10.479713,12.965187
-4.661883,-12.151387,12.967642
-2.613222,-14.043162,12.967914
-0.020668,-15.880076,12.966970
3.072901,-17.168400,12.965044
6.580530,-17.450738,12.965383
10.186279,-17.092407,12.973482
13.785273,-15.782849,12.973496
17.190793,-13.704500,12.970865
20.291353,-10.892345,12.970581
22.617351,-7.386965,12.967163
24.153069,-3.350363,12.966560
24.797496,1.035708,12.971941
24.471369,5.458687,12.971043
23.183528,9.701302,12.966022
21.078729,13.471727,12.970758
18.175725,16.819689,12.976104
14.794188,19.334254,12.969986
10.762948,20.843400,12.960658
6.518913,21.076282,12.958466
2.795079,21.326108,9.717700
-0.892888,19.523536,9.720287
-3.869078,17.242024,9.718322
-6.106028,14.695456,9.721486
-7.741599,12.124414,9.723701
-8.833936,10.054803,9.719523
-9.585559,8.084293,9.724398
-10.036664,6.274344,9.720536
-10.342329,4.767501,9.714445
-10.358490,3.261077,9.717211
-10.005540,1.898204,9.724014
-10.030012,0.730666,9.718500
-10.168146,-0.323242,9.712745
-10.053160,-1.473903,9.716172
-9.767441,-2.495551,9.717690
-9.454089,-3.620929,9.714968
-9.059248,-4.723108,9.722407
-8.552608,-5.905089,9.718533
-7.960237,-7.185858,9.712278
-7.049463,-8.534351,9.714484
-5.923341,-9.732134,9.721162
-4.506459,-11.445821,9.724944
-2.646465,-13.220519,9.724815
-0.270148,-14.942914,9.721610
2.851577,-16.549216,9.721172
6.508173,-17.386441,9.725361
10.249279,-17.088647,9.718583
13.762564,-15.796783,9.712082
17.182542,-13.731943,9.717728
20.313565,-10.922684,9.723240
22.749359,-7.332217,9.715505
24.357975,-3.307609,9.722008
25.128366,1.079618,9.726826
24.917201,5.520766,9.723367
23.763383,9.825444,9.718721
21.744414,13.921494,9.718032
18.984514,17.408308,9.719277
15.533505,20.246439,9.718382
11.542265,21.918268,9.716481
7.019199,22.219365,9.716046
2.852333,21.568888,6.472846
-0.935056,19.403178,6.467759
-3.842309,16.929986,6.466681
-5.974527,13.971865,6.468526
-7.349472,11.180526,6.468147
-8.386478,9.132945,6.467067
-9.039651,7.292276,6.468327
-9.390711,5.727350,6.467177
-9.656839,4.248296,6.465037
-9.646565,2.878118,6.465888
-9.440658,1.747751,6.469988
-9.577562,0.723429,6.473332
-9.505290,-0.299540,6.469767
-9.382570,-1.333247,6.468744
-9.217275,-2.227655,6.472452
-8.835390,-3.192677,6.475074
-8.477510,-4.283105,6.472006
-8.050946,-5.347772,6.464523
-7.527159,-6.501902,6.460831
-6.756717,-7.772931,6.466622
-5.739030,-9.022289,6.475575
-4.443412,-10.632289,6.475171
-2.719180,-12.316814,6.471965
-0.405355,-14.012287,6.470149
2.602250,-15.728045,6.470625
6.302543,-16.947831,6.471366
9.976878,-16.719056,6.467920
13.449105,-15.480984,6.473895
16.788325,-13.450436,6.471437
19.829717,-10.650323,6.463543
22.188768,-7.248908,6.469421
23.886398,-3.226196,6.463726
24.709124,1.069328,6.464797
24.531110,5.422307,6.467577
23.432062,9.778331,6.465279
21.615894,13.871372,6.465369
18.939522,17.458823,6.465602
15.650498,20.361034,6.466342
11.678221,22.180153,6.469097
7.214728,22.554845,6.472703
2.524319,20.133234,3.220323
-1.060175,17.941525,3.215181
-3.775629,15.580882,3.219638
-5.759061,12.795600,3.221955
-6.969814,10.249617,3.215733
-7.911686,8.428622,3.212929
-8.553304,6.709139,3.215619
-8.893473,5.238085,3.215726
-9.117831,3.848186,3.212595
-9.134383,2.663430,3.213211
-9.081776,1.585571,3.218498
-9.281164,0.624810,3.218934
-8.966936,-0.277763,3.214431
-8.829314,-1.234003,3.216548
-8.726523,-2.069483,3.217291
-8.266492,-2.940458,3.211543
-7.980098,-3.868353,3.212206
-7.592310,-4.875183,3.213511
-7.082882,-5.948930,3.215459
-6.473185,-7.091440,3.218778
-5.602392,-8.456493,3.221534
-4.381709,-9.968570,3.220691
-2.761210,-11.559435,3.224002
-0.592123,-13.147745,3.223240
2.242120,-14.765482,3.216219
5.776611,-16.060738,3.217842
9.339269,-15.893774,3.223852
12.742694,-14.767978,3.221241
15.854413,-12.837519,3.216644
18.631854,-10.106506,3.215368
20.900299,-6.816829,3.213765
22.552451,-3.056968,3.213796
23.295792,0.984302,3.218641
23.015550,5.181175,3.218999
21.899687,9.254811,3.217627
20.199086,12.987641,3.223128
17.615197,16.308658,3.221145
14.377163,19.023769,3.216524
10.599519,20.683357,3.216462
6.496998,21.037614,3.219856
1.585293,16.861355,-0.028967
-1.357335,15.206520,-0.032290
-3.747021,13.353390,-0.030953
-5.461115,11.407933,-0.033276
-6.664735,9.411816,-0.036095
-7.563517,7.809099,-0.031544
-8.208940,6.295773,-0.029715
-8.587567,4.895650,-0.027999
-8.781520,3.650116,-0.034282
-8.851396,2.591113,-0.036739
-8.943176,1.529130,-0.027430
-9.122939,0.657337,-0.032041
-8.635797,-0.267061,-0.031060
-8.473649,-1.095808,-0.032670
-8.400823,-1.942014,-0.036639
-7.943592,-2.702682,-0.034170
-7.643257,-3.622147,-0.029316
-7.284666,-4.520676,-0.028387
-6.795928,-5.466609,-0.034729
-6.246509,-6.599471,-0.036566
-5.457111,-8.145136,-0.027892
-4.330020,-9.476891,-0.036384
-2.796376,-10.967319,-0.037495
-0.761677,-12.415831,-0.028393
1.845453,-13.751011,-0.025327
5.049557,-14.804602,-0.033198
8.335526,-14.650898,-0.034951
11.527779,-13.729724,-0.030883
14.465466,-11.906764,-0.029189
16.863910,-9.353881,-0.029258
18.936052,-6.318604,-0.026246
20.491601,-2.870027,-0.029230
21.043849,0.857323,-0.034879
20.582380,4.712616,-0.036791
19.344871,8.280374,-0.034727
17.396957,11.516262,-0.032813
14.817697,14.143838,-0.031297
11.727928,16.129807,-0.030250
8.394091,17.273993,-0.029040
4.925890,17.546594,-0.027956
0.621040,13.474830,-3.283363
-1.721746,12.459524,-3.279278
-3.624517,11.315865,-3.283181
-5.195878,10.141486,-3.285191
-6.488733,8.786633,-3.280233
-7.362561,7.422164,-3.279862
-8.067307,6.057084,-3.286148
-8.483021,4.850429,-3.281933
-8.704549,3.587877,-3.282617
-8.835153,2.578109,-3.286008
-9.031393,1.572820,-3.278942
-9.110543,0.625710,-3.280141
-8.606336,-0.259552,-3.284610
-8.401670,-1.061544,-3.288242
-8.299560,-1.899829,-3.285962
-7.895093,-2.661137,-3.279004
-7.567602,-3.538836,-3.278998
-7.187324,-4.395448,-3.278337
-6.674653,-5.281338,-3.281271
-6.107504,-6.427425,-3.284520
-5.409002,-7.878509,-3.279414
-4.264729,-9.148368,-3.275169
-2.769874,-10.562323,-3.281104
-0.861331,-11.810791,-3.281106
1.456055,-12.733164,-3.274435
4.196400,-13.328540,-3.275724
7.085430,-13.148925,-3.277179
10.089777,-12.385504,-3.283266
12.833191,-10.728266,-3.286900
14.936726,-8.461364,-3.285482
16.821455,-5.727238,-3.283714
18.163486,-2.579925,-3.278992
18.451877,0.803851,-3.281665
17.825047,4.094585,-3.280464
16.406547,7.184041,-3.275824
14.259826,9.732500,-3.281441
11.693142,11.721470,-3.284830
8.928326,13.025233,-3.284219
6.000160,13.743245,-3.283892
3.231272,13.902535,-3.284800
0.040356,11.428002,-6.526727
-1.891588,10.912953,-6.526573
-3.627764,10.120409,-6.528386
-5.078223,9.392890,-6.527834
-6.367082,8.583979,-6.527562
-7.360801,7.310876,-6.532578
-8.101322,6.140913,-6.529530
-8.625455,4.950247,-6.533089
-8.889268,3.750811,-6.536276
-9.100751,2.698093,-6.533874
-9.365570,1.658891,-6.531985
-9.251408,0.669043,-6.529987
-8.909074,-0.272748,-6.538001
-8.657948,-1.153061,-6.532140
-8.465445,-1.975785,-6.523286
-8.164444,-2.845260,-6.525251
-7.796484,-3.688648,-6.525032
-7.336036,-4.573363,-6.533153
-6.790242,-5.406605,-6.537979
-6.147406,-6.453049,-6.532897
-5.353212,-7.757358,-6.527342
-4.222226,-8.908602,-6.534235
-2.796610,-10.204503,-6.530129
-0.946457,-11.270981,-6.523816
1.081321,-11.737810,-6.528072
3.382066,-11.779015,-6.533920
5.823677,-11.545063,-6.527321
8.522901,-10.911424,-6.523872
11.090943,-9.565913,-6.526982
13.209393,-7.651072,-6.528117
15.020959,-5.177515,-6.526970
16.005029,-2.345190,-6.530921
16.062146,0.723250,-6.530036
15.294881,3.627875,-6.526907
13.816624,6.223872,-6.525402
11.771371,8.307558,-6.525388
9.436364,9.928114,-6.531310
6.977337,10.997407,-6.531920
4.575473,11.537161,-6.528929
2.187816,11.659463,-6.527392
-0.256146,10.375965,-9.784578
-1.972083,10.259509,-9.786639
-3.563838,9.719488,-9.786974
-5.022547,9.124749,-9.788132
-6.383315,8.555222,-9.785927
-7.430053,7.484614,-9.774786
-8.280750,6.342026,-9.776546
-8.882712,5.215095,-9.775165
-9.231791,3.991791,-9.779778
-9.527714,2.885363,-9.784078
-9.830599,1.797788,-9.775797
-9.503891,0.714368,-9.785860
-9.409929,-0.280421,-9.782871
-9.173212,-1.226012,-9.781087
-8.837470,-2.162960,-9.778860
-8.650600,-3.136621,-9.774871
-8.206183,-4.028314,-9.786867
-7.688237,-4.878838,-9.778999
-7.027014,-5.798550,-9.779173
-6.249223,-6.723201,-9.786551
-5.322103,-7.700432,-9.783844
-4.226868,-8.711122,-9.786637
-2.818936,-9.908244,-9.782926
-1.083043,-10.746137,-9.778831
0.749633,-10.791602,-9.778944
2.543861,-10.328550,-9.778737
4.652672,-10.032834,-9.777935
6.994803,-9.468960,-9.779981
9.358226,-8.482183,-9.780020
11.732177,-6.910667,-9.780666
13.436194,-4.725213,-9.786111
14.081351,-2.106489,-9.783625
13.958531,0.608086,-9.784610
13.149869,3.173252,-9.782336
11.705022,5.459552,-9.779220
9.919232,7.288568,-9.784623
7.960646,8.697657,-9.781063
5.847378,9.726515,-9.780605
3.729010,10.272882,-9.783274
1.611096,10.412928,-9.783794
-0.432930,9.766946,-13.029220
-2.049256,9.924363,-13.035376
-3.571724,9.566415,-13.040794
-5.029170,9.036630,-13.033406
-6.408358,8.574896,-13.025157
-7.548990,7.642438,-13.035336
-8.457112,6.573459,-13.032266
-9.159699,5.435287,-13.032891
-9.596558,4.188108,-13.031888
-9.967257,3.026571,-13.025843
-10.262878,1.942267,-13.025073
-9.829724,0.746594,-13.026418
-9.946404,-0.313874,-13.033691
-9.735612,-1.360757,-13.032907
-9.305483,-2.347937,-13.025619
-9.173845,-3.405487,-13.027059
-8.668780,-4.349665,-13.035718
-8.026880,-5.287311,-13.033921
-7.290591,-6.237539,-13.032814
-6.383343,-7.013947,-13.036177
-5.371977,-7.664273,-13.034931
-4.226956,-8.580580,-13.027506
-2.847606,-9.628759,-13.033121
-1.191266,-10.236046,-13.030318
0.418004,-9.943395,-13.025792
1.876786,-9.122664,-13.031895
3.643104,-8.773542,-13.027747
5.637941,-8.233147,-13.024212
7.837521,-7.445420,-13.028727
10.222024,-6.234765,-13.032972
11.784076,-4.313402,-13.031470
12.171250,-1.885797,-13.035527
11.932695,0.534615,-13.027915
11.154384,2.781483,-13.028747
9.884746,4.756270,-13.036029
8.388724,6.457532,-13.028267
6.719085,7.779648,-13.034173
4.972287,8.781655,-13.036932
3.094573,9.403681,-13.032302
1.252809,9.629293,-13.028474
-0.584963,9.277736,-16.282971
-2.068539,9.536048,-16.282143
-3.578180,9.350909,-16.284261
-4.955392,8.924782,-16.282118
-6.359740,8.454265,-16.274994
-7.553996,7.669901,-16.275953
-8.508281,6.695804,-16.281130
-9.291552,5.572542,-16.277059
-9.822862,4.329226,-16.277133
-10.197401,3.198211,-16.282401
-10.483492,1.998053,-16.279080
-10.192316,0.788353,-16.278440
-10.371915,-0.319299,-16.283770
-10.189674,-1.472268,-16.278211
-9.755163,-2.456055,-16.276208
-9.540079,-3.609289,-16.284671
-8.956310,-4.636593,-16.277251
-8.294380,-5.535411,-16.280113
-7.494435,-6.491586,-16.278140
-6.498726,-7.208558,-16.278179
-5.372141,-7.736541,-16.287294
-4.178810,-8.516247,-16.287820
-2.858898,-9.331289,-16.288019
-1.264348,-9.694110,-16.282954
0.176263,-9.195441,-16.279166
1.427875,-8.278111,-16.281275
2.915210,-7.837899,-16.278889
4.551194,-7.255756,-16.275702
6.476552,-6.543909,-16.277452
8.557099,-5.469531,-16.281341
9.768392,-3.722239,-16.279304
10.059567,-1.635430,-16.277401
9.779679,0.467155,-16.283168
9.103034,2.389326,-16.287384
8.116136,4.116113,-16.286484
6.943729,5.638105,-16.284957
5.579192,6.897461,-16.277673
4.142652,7.886942,-16.279296
2.574098,8.595343,-16.284905
0.958017,8.994124,-16.284950
-0.730553,8.630816,-19.524462
-2.164551,8.867240,-19.528234
-3.558948,8.832102,-19.533634
-4.914718,8.505231,-19.534925
-6.153858,7.992372,-19.530691
-7.333941,7.357839,-19.525467
-8.352812,6.490578,-19.525496
-9.170291,5.426427,-19.528730
-9.748913,4.282064,-19.533350
-10.117007,3.109229,-19.536502
-10.306510,1.953016,-19.535706
-10.369969,0.784645,-19.534801
-10.489232,-0.333905,-19.535126
-10.343168,-1.477330,-19.527135
-9.969609,-2.541531,-19.525115
-9.562823,-3.636177,-19.533734
-9.003948,-4.603406,-19.526932
-8.294462,-5.535238,-19.524314
-7.454178,-6.436797,-19.525328
-6.459215,-7.143997,-19.527916
-5.346653,-7.671163,-19.532657
-4.148666,-8.267565,-19.535979
-2.869409,-8.840923,-19.536059
-1.422532,-8.965009,-19.532814
-0.133385,-8.435785,-19.530388
1.047674,-7.592785,-19.531573
2.325689,-7.029539,-19.534090
3.611809,-6.378352,-19.535293
5.174377,-5.668964,-19.532552
6.627474,-4.569814,-19.528236
7.212379,-3.023434,-19.526888
7.622037,-1.320731,-19.524884
7.425691,0.362950,-19.528789
6.906661,1.922086,-19.530204
6.262383,3.457313,-19.527930
5.395156,4.759940,-19.531653
4.337004,5.911295,-19.535689
3.175355,6.870054,-19.535641
1.940601,7.634336,-19.531682
0.611027,8.226075,-19.526562
-1.075998,7.535683,-22.783510
-2.289695,7.686566,-22.787626
-3.502899,7.745169,-22.780815
-4.691698,7.532165,-22.774317
-5.784779,6.924308,-22.778385
-6.816568,6.436391,-22.778005
-7.806254,5.771637,-22.775126
-8.543893,4.907921,-22.781827
-9.132748,3.912653,-22.789270
-9.449399,2.826541,-22.784559
-9.521483,1.732945,-22.776824
-10.026004,0.742547,-22.780336
-9.973856,-0.349312,-22.784461
-9.858573,-1.371910,-22.779818
-9.647047,-2.449189,-22.775542
-9.032812,-3.324323,-22.776973
-8.503204,-4.225814,-22.774559
-7.830047,-5.086985,-22.783415
-7.031593,-5.836375,-22.783467
-6.178533,-6.529108,-22.777638
-5.213434,-7.130108,-22.776502
-4.090759,-7.528385,-22.776584
-2.886151,-7.860837,-22.781251
-1.669476,-7.769076,-22.781371
-0.531590,-7.249265,-22.777316
0.488965,-6.641732,-22.778078
1.535948,-6.072179,-22.783456
2.538603,-5.381338,-22.777363
3.670373,-4.628132,-22.775839
4.376946,-3.573572,-22.779358
4.362304,-2.205719,-22.777735
4.878529,-1.004284,-22.785280
4.812507,0.252086,-22.780918
4.446514,1.479014,-22.779184
4.178088,2.671268,-22.783692
3.573400,3.756274,-22.778236
2.844321,4.703721,-22.783739
2.006853,5.536083,-22.782382
1.076384,6.301643,-22.775308
0.083323,7.009438,-22.776873
-1.632966,5.486754,-26.033953
-2.544038,5.609628,-26.030543
-3.414240,5.659702,-26.031836
-4.310140,5.512664,-26.035235
-5.067058,4.979760,-26.031678
-5.833048,4.635605,-26.033712
-6.578979,4.235185,-26.035432
-7.180225,3.613854,-26.035543
-7.658387,2.899888,-26.033695
-7.901957,2.107364,-26.031166
-7.872279,1.261587,-26.032216
-8.604627,0.576450,-26.033787
-8.401917,-0.281285,-26.026985
-8.323370,-1.064951,-26.024962
-8.297612,-1.951210,-26.030127
-7.604964,-2.531900,-26.031734
-7.197353,-3.224321,-26.028781
-6.696020,-3.854682,-26.028066
-6.075035,-4.369728,-26.026861
-5.473918,-4.969283,-26.031160
-4.740369,-5.583740,-26.033901
-3.872559,-5.775865,-26.025310
-2.958422,-5.899632,-26.032256
-2.093918,-5.686492,-26.035363
-1.273984,-5.260737,-26.034300
-0.479565,-4.892296,-26.033327
0.311512,-4.514085,-26.027929
0.965608,-3.906223,-26.028344
1.565104,-3.234376,-26.029720
1.735615,-2.345853,-26.027536
1.473708,-1.392657,-26.027301
1.922393,-0.665296,-26.033963
1.898779,0.149679,-26.030937
1.710292,0.925683,-26.030542
1.663637,1.720363,-26.036830
1.326102,2.455533,-26.036562
0.886085,3.140190,-26.037110
0.349317,3.772669,-26.033198
-0.228929,4.356230,-26.028364
-0.881007,5.001670,-26.030699
-3.401588,-0.094248,-29.281070
