18.334752,28.569144,28.574715
13.704325,30.215387,28.574715
8.645595,30.961022,28.574715
3.928439,30.910294,28.574715
-0.549103,30.288197,28.574714
-4.928282,29.168901,28.574714
-9.164592,27.593507,28.574714
-12.871006,25.778083,28.574714
-16.546620,23.501653,28.574714
-20.107804,20.718074,28.574714
-23.178348,17.673430,28.574715
-26.058410,13.937314,28.574715
-28.365555,9.821962,28.574715
-30.030267,5.406948,28.574715
-31.003675,0.588547,28.574715
-31.086762,-4.524244,28.574715
-30.115818,-9.543150,28.574715
-28.140225,-14.259149,28.574715
-25.315802,-18.522158,28.574715
-21.808403,-22.241018,28.574715
-17.744486,-25.341716,28.574715
-13.235729,-27.748917,28.574715
-8.404613,-29.419734,28.574715
-3.375004,-30.329987,28.574715
1.538010,-30.463160,28.574715
6.606455,-29.798287,28.574714
11.491440,-28.297480,28.574714
15.902783,-26.128261,28.574714
20.103685,-23.217562,28.574714
23.697033,-19.865418,28.574714
26.772452,-16.031081,28.574715
29.308897,-11.594698,28.574715
31.044913,-6.996724,28.574715
32.106864,-1.997782,28.574715
32.423763,2.906350,28.574715
32.026062,8.002480,28.574715
30.886252,12.977914,28.574715
28.955458,17.739136,28.574715
26.322638,21.952977,28.574715
19.779501,22.734141,25.570110
16.013088,25.111918,25.578313
12.084614,26.738602,25.574221
7.751331,27.765798,25.569510
3.513898,28.156905,25.574732
-0.547236,28.031934,25.578482
-4.568914,27.457146,25.576338
-8.688251,26.387011,25.579441
-12.475662,24.918200,25.580276
-16.232635,22.915049,25.575399
-19.699591,20.447969,25.572526
-22.973512,17.436371,25.576344
-26.108904,14.003755,25.580124
-28.775605,9.976684,25.576074
-30.619799,5.495924,25.572237
-31.631632,0.567460,25.575691
-31.671056,-4.657712,25.575703
-30.803372,-9.618956,25.572457
-28.846233,-14.668443,25.568932
-26.036900,-19.077369,25.572071
-22.543492,-22.963468,25.578045
-18.381340,-26.433738,25.571390
-13.884013,-29.090965,25.575331
-8.817967,-31.020683,25.576122
-3.687637,-32.011395,25.571212
1.731266,-32.078206,25.577229
6.888505,-31.229698,25.575179
11.825919,-29.528764,25.573804
16.447589,-27.078753,25.576014
20.612477,-23.933322,25.578419
24.101595,-20.308772,25.580518
27.208763,-16.342541,25.580064
29.636835,-11.727602,25.573850
31.015977,-6.881780,25.569799
31.473331,-2.064481,25.573321
31.006073,2.946070,25.576940
29.774470,7.417106,25.571805
28.184220,11.997092,25.576663
26.102047,16.132295,25.580261
23.305823,19.631829,25.573138
17.935981,20.747108,22.570009
14.594960,23.014181,22.573475
11.137212,24.673443,22.577097
7.272353,25.844401,22.579656
3.482423,26.464239,22.581411
-0.547815,26.631169,22.579219
-4.379459,26.357845,22.570499
-8.343283,25.610209,22.576412
-12.182531,24.375110,22.582279
-15.998816,22.555000,22.577855
-19.510570,20.207329,22.571615
-22.832319,17.297461,22.568879
-26.136952,14.071068,22.569034
-29.096103,10.063445,22.569325
-31.089172,5.469264,22.573071
-32.104943,0.578665,22.577742
-32.138236,-4.608660,22.573274
-31.233498,-9.917733,22.577770
-29.337638,-14.947202,22.575613
-26.521690,-19.535163,22.569683
-23.018299,-23.617441,22.574985
-18.982432,-27.175132,22.575404
-14.268937,-30.145523,22.574151
-9.281585,-32.168868,22.575810
-3.817840,-33.265891,22.575423
1.755608,-33.278421,22.568719
7.044775,-32.286614,22.567710
12.256976,-30.326399,22.568961
16.782682,-27.776439,22.572880
20.986635,-24.431312,22.579094
24.457714,-20.576068,22.581469
27.504995,-16.368252,22.581314
29.596891,-11.842274,22.580317
30.626890,-6.945779,22.579992
30.635255,-1.949095,22.576353
29.730939,2.769561,22.570198
28.072126,7.269162,22.579145
26.378693,11.156437,22.579783
24.115588,14.920232,22.572863
21.235459,18.027480,22.569529
16.835483,19.553906,19.572559
13.907347,21.711191,19.573331
10.536869,23.496717,19.570120
6.911089,24.729900,19.576700
3.354791,25.457172,19.578936
-0.455452,25.778826,19.569068
-4.277327,25.678055,19.580535
-8.060545,25.125369,19.573561
-11.926473,24.043972,19.571286
-15.781038,22.355402,19.576562
-19.330082,20.100976,19.569692
-22.689432,17.267678,19.570641
-26.222192,14.034642,19.578276
-29.277463,10.131967,19.579322
-31.333841,5.589005,19.577957
-32.406644,0.539287,19.580606
-32.418010,-4.814967,19.578017
-31.535801,-9.908392,19.581449
-29.608746,-15.101681,19.577304
-26.880694,-19.714112,19.568148
-23.373092,-24.007538,19.571906
-19.266310,-27.733535,19.580926
-14.620578,-30.765191,19.573421
-9.511289,-32.923987,19.570586
-3.888149,-34.068952,19.578945
1.850494,-34.027280,19.576497
7.282190,-32.902935,19.573680
12.432857,-30.853134,19.569996
17.054862,-28.139978,19.567717
21.191500,-24.748820,19.572573
24.703108,-20.706469,19.581376
27.523911,-16.375709,19.576525
29.358720,-11.756877,19.570379
30.079131,-6.643987,19.573959
29.723942,-1.871111,19.577639
28.576826,2.769246,19.573376
26.853528,7.014556,19.581082
25.017407,10.815294,19.574896
22.803089,14.130592,19.565469
19.975103,16.982850,19.567397
16.265053,18.927657,16.570552
13.395374,21.129377,16.578540
10.237492,22.866117,16.575578
6.831991,24.093062,16.570762
3.123885,24.923737,16.571941
-0.470386,25.294609,16.572929
-4.272924,25.267069,16.572909
-8.045499,24.786446,16.569470
-11.907917,23.775060,16.574610
-15.595554,22.235779,16.580005
-19.320451,19.947576,16.575603
-22.693484,17.166710,16.575258
-26.245960,13.993952,16.569913
-29.324309,10.142602,16.573188
-31.402702,5.639317,16.579092
-32.512770,0.431216,16.575349
-32.527362,-4.705347,16.575272
-31.595419,-9.953767,16.574495
-29.664230,-15.114364,16.575308
-27.004642,-19.734059,16.577992
-23.603423,-24.073757,16.578646
-19.410751,-27.942374,16.576994
-14.811752,-30.994811,16.573413
-9.573272,-33.255683,16.572515
-3.982177,-34.409028,16.572990
1.726358,-34.366647,16.570932
7.308099,-33.179181,16.574429
12.417598,-31.101281,16.574423
17.149440,-28.264520,16.576575
21.249822,-24.867682,16.578285
24.724465,-20.830945,16.569122
27.319897,-16.399543,16.568369
28.986294,-11.531649,16.570976
29.441541,-6.428382,16.571283
28.839776,-1.700768,16.571050
27.653239,2.705059,16.572894
26.005474,6.748792,16.576466
24.159673,10.519706,16.578073
21.916427,13.788458,16.574731
19.218734,16.470916,16.569642
16.058694,18.691628,13.578399
13.211595,20.877115,13.574673
10.077039,22.601629,13.578679
6.701913,23.829497,13.575928
3.210600,24.635041,13.570142
-0.541296,25.046180,13.574884
-4.126583,25.041275,13.575424
-7.875154,24.601735,13.579667
-11.719596,23.642290,13.584049
-15.568819,22.080254,13.577163
-19.132438,19.952319,13.568435
-22.657682,17.112421,13.580467
-26.035924,14.082381,13.579948
-29.208740,10.111624,13.571419
-31.330754,5.465262,13.569295
-32.377319,0.476129,13.573102
-32.385146,-4.810433,13.579706
-31.405584,-10.007634,13.581074
-29.525950,-14.942744,13.573599
-26.814033,-19.703419,13.570018
-23.469616,-24.033439,13.579056
-19.452449,-27.750110,13.581430
-14.736936,-30.894938,13.576464
-9.543926,-33.149415,13.576452
-3.997304,-34.306956,13.578531
1.856119,-34.256387,13.572679
7.209317,-33.108557,13.574632
12.453483,-30.967793,13.572018
17.131287,-28.130127,13.569369
21.204102,-24.755442,13.570917
24.654844,-20.750912,13.569691
27.116177,-16.081332,13.571883
28.529935,-11.359123,13.579340
28.848889,-6.294976,13.577536
28.143506,-1.614499,13.570327
26.970436,2.757830,13.576575
25.441097,6.610376,13.581672
23.732992,10.201327,13.581290
21.572819,13.494712,13.579953
18.955690,16.215916,13.580184
16.078880,18.699190,10.568867
13.233049,20.822564,10.577324
10.116897,22.505781,10.577275
6.599462,23.772164,10.570076
3.139328,24.547076,10.569228
-0.388679,24.921481,10.573943
-4.122588,24.903164,10.573128
-7.829697,24.452736,10.569669
-11.632997,23.501212,10.568906
-15.447227,21.970907,10.568850
-19.146736,19.792750,10.569833
-22.505399,17.119077,10.578030
-25.928784,13.934868,10.578403
-28.886650,10.094586,10.579445
-30.970348,5.494279,10.577376
-31.997875,0.555038,10.569454
-32.007037,-4.675744,10.575926
-31.024913,-9.814747,10.573182
-29.150092,-14.692854,10.572486
-26.458736,-19.398025,10.574023
-23.142500,-23.676826,10.568629
-19.157629,-27.343156,10.575692
-14.482249,-30.439953,10.578371
-9.338857,-32.657757,10.572730
-3.850325,-33.800442,10.569562
1.755035,-33.782058,10.572523
7.240057,-32.638388,10.571474
12.266798,-30.613691,10.572732
16.906096,-27.828838,10.572968
20.958757,-24.513194,10.569187
24.403573,-20.576659,10.568791
26.761511,-15.920645,10.575627
28.128753,-11.041319,10.575033
28.416558,-6.216784,10.576874
27.770348,-1.578742,10.579995
26.674875,2.764445,10.570011
25.180172,6.584127,10.568707
23.502082,10.139490,10.576883
21.416345,13.439831,10.579340
18.904980,16.210850,10.571737
16.212953,18.830505,7.579043
13.365518,20.864541,7.576135
10.101713,22.561919,7.568758
6.626575,23.781968,7.570767
3.208166,24.518228,7.579304
-0.456692,24.866222,7.577986
-4.137206,24.795987,7.568895
-7.786827,24.311659,7.574734
-11.530279,23.349427,7.577873
-15.288975,21.838436,7.571151
-18.951960,19.716607,7.571128
-22.417974,16.978753,7.580604
-25.694182,13.740374,7.579747
-28.488943,9.857879,7.578441
-30.406811,5.467010,7.581922
-31.384687,0.589928,7.580349
-31.358523,-4.566189,7.570037
-30.380437,-9.631359,7.566160
-28.513556,-14.432837,7.573163
-25.907594,-18.885973,7.580732
-22.588791,-23.066168,7.579201
-18.642772,-26.662254,7.573351
-14.177977,-29.596772,7.568278
-9.105531,-31.782407,7.573928
-3.700044,-32.928447,7.581142
1.642172,-32.960203,7.575003
7.065314,-31.910441,7.575150
12.044645,-29.974750,7.580910
16.640387,-27.266359,7.578124
20.655482,-24.021297,7.572151
24.071417,-20.158965,7.577960
26.346104,-15.747165,7.578850
27.732817,-10.953293,7.575920
28.155786,-6.200306,7.575890
27.728122,-1.607818,7.578450
26.759567,2.702186,7.579003
25.211568,6.637270,7.578461
23.505819,10.112606,7.577203
21.465875,13.390112,7.577060
18.953688,16.343791,7.578591
16.367677,18.986126,4.576804
13.375795,21.012286,4.568871
10.136093,22.617952,4.567303
6.718538,23.788786,4.570420
3.176880,24.509339,4.573691
-0.425037,24.798364,4.578095
-4.036535,24.675788,4.581408
-7.790256,24.121397,4.581351
-11.452925,23.130945,4.578019
-15.133133,21.626519,4.576825
-18.733956,19.551196,4.578291
-22.138520,16.864649,4.575140
-25.240550,13.578833,4.578705
-27.768131,9.831333,4.574206
-29.660134,5.333027,4.568884
-30.547719,0.531716,4.575678
-30.469432,-4.347672,4.572812
-29.524873,-9.324271,4.569255
-27.689957,-14.035681,4.573907
-25.052298,-18.358472,4.580835
-21.812242,-22.244751,4.580991
-17.922398,-25.757825,4.577263
-13.679857,-28.517289,4.575684
-8.687305,-30.636324,4.575474
-3.561734,-31.736982,4.572638
1.680999,-31.825279,4.569997
6.843442,-30.913818,4.577053
11.759363,-29.091396,4.575523
16.153278,-26.585768,4.572922
20.130463,-23.449553,4.574067
23.522320,-19.692386,4.568225
25.862589,-15.414051,4.568220
27.329788,-10.751620,4.568842
27.974451,-6.100894,4.568178
27.863849,-1.581273,4.571492
27.041747,2.678587,4.579277
25.466819,6.717141,4.581712
23.593346,10.221955,4.576170
21.520015,13.410585,4.573266
19.129156,16.382674,4.576790
16.462627,19.080426,1.569205
13.352800,21.091950,1.573558
10.159223,22.610375,1.580766
6.645603,23.775864,1.578150
3.175508,24.431264,1.570120
-0.522794,24.663322,1.572667
-4.047209,24.470926,1.580153
-7.703334,23.863923,1.575655
-11.268436,22.850790,1.574014
-15.011219,21.281006,1.573190
-18.519449,19.236353,1.567999
-21.826089,16.586175,1.574804
-24.607371,13.394798,1.570446
-27.030897,9.488713,1.574379
-28.719803,5.224144,1.582201
-29.493232,0.696182,1.576295
-29.368789,-4.067209,1.574762
-28.469166,-8.934222,1.575999
-26.758567,-13.377916,1.573344
-24.110825,-17.554772,1.569387
-20.841498,-21.262266,1.568745
-17.164940,-24.567802,1.567969
-13.015835,-27.248418,1.575398
-8.289804,-29.227036,1.577603
-3.464263,-30.298433,1.574136
1.653964,-30.464249,1.579124
6.539024,-29.701472,1.578668
11.374288,-28.017494,1.572661
15.704228,-25.635163,1.570490
19.612899,-22.605329,1.574586
22.834575,-19.090850,1.577544
25.241053,-14.976417,1.575818
26.830803,-10.484876,1.577645
27.761861,-5.983009,1.581135
28.000475,-1.583043,1.580196
27.294758,2.776850,1.576711
25.831960,6.760003,1.576523
23.771776,10.241924,1.574996
21.502697,13.421585,1.571603
19.100099,16.506362,1.569022
16.429160,19.040317,-1.421974
13.392822,20.960518,-1.418236
10.120866,22.479061,-1.422049
6.706856,23.591889,-1.425532
3.163845,24.226499,-1.424729
-0.428179,24.402659,-1.423712
-4.015734,24.144446,-1.420895
-7.553141,23.492702,-1.427725
-11.161395,22.406187,-1.424954
-14.621894,20.917048,-1.419064
-18.025299,18.928852,-1.425768
-21.222946,16.339173,-1.430889
-23.911098,13.014451,-1.432814
-26.042355,9.286686,-1.424631
-27.606120,5.121274,-1.419985
-28.282186,0.714776,-1.427003
-28.084858,-3.904985,-1.423511
-27.238767,-8.459810,-1.428866
-25.579509,-12.773764,-1.430673
-23.035458,-16.638401,-1.425938
-19.887937,-20.029869,-1.427489
-16.315908,-23.235548,-1.429752
-12.281686,-25.818815,-1.423003
-7.841096,-27.651681,-1.420176
-3.163315,-28.707512,-1.426175
1.630927,-28.914994,-1.428022
6.384736,-28.259439,-1.423762
10.942040,-26.762400,-1.428126
15.037447,-24.608415,-1.427469
18.871005,-21.723592,-1.418025
22.026031,-18.338704,-1.419222
24.455353,-14.400085,-1.420752
26.159754,-10.107583,-1.423043
27.308792,-5.965992,-1.424264
27.867996,-1.562936,-1.424101
27.321274,2.690994,-1.425480
25.979405,6.778615,-1.424318
23.798389,10.227631,-1.421347
21.362340,13.368452,-1.420683
19.057700,16.389744,-1.422497
16.210043,18.804776,-4.419290
13.136932,20.717409,-4.430219
9.829456,22.222522,-4.425321
6.535902,23.260825,-4.416943
3.121665,23.834295,-4.420442
-0.334863,23.961305,-4.427673
-3.944896,23.645587,-4.425806
-7.336561,22.964492,-4.429060
-10.793258,21.875857,-4.429722
-14.257730,20.345418,-4.426298
-17.515738,18.406195,-4.426104
-20.555685,15.870981,-4.426489
-23.032308,12.591044,-4.424020
-24.967191,8.940644,-4.422704
-26.379041,4.902192,-4.426912
-26.941948,0.652435,-4.431287
-26.689454,-3.622599,-4.426494
-25.892718,-7.838631,-4.423733
-24.302118,-11.990759,-4.425806
-21.811128,-15.675519,-4.424901
-18.711838,-18.870102,-4.419274
-15.386271,-21.829646,-4.421155
-11.640471,-24.213431,-4.421577
-7.364252,-25.967288,-4.421228
-3.034530,-26.979133,-4.420928
1.572397,-27.247140,-4.419697
5.992007,-26.723050,-4.427537
10.404367,-25.377550,-4.433554
14.380802,-23.377443,-4.425798
18.094700,-20.641108,-4.419549
21.138186,-17.394239,-4.431536
23.450047,-13.784570,-4.426732
25.206728,-9.706184,-4.425918
26.473047,-5.597015,-4.425906
27.098996,-1.541500,-4.420818
26.671896,2.725975,-4.423738
25.515804,6.702332,-4.422167
23.388458,10.186561,-4.426794
21.054400,13.222310,-4.427951
18.847411,16.138185,-4.420536
15.786139,18.353096,-7.428652
12.866752,20.179872,-7.425930
9.581070,21.678855,-7.430559
6.444475,22.658816,-7.427749
3.040191,23.213771,-7.418560
-0.405471,23.296406,-7.420559
-3.833844,22.938787,-7.430150
-7.050877,22.246474,-7.429576
-10.472572,21.117082,-7.431315
-13.612554,19.696144,-7.429659
-16.833920,17.751738,-7.421364
-19.687204,15.294628,-7.427181
-21.973542,12.123614,-7.420855
-23.734951,8.610991,-7.422934
-25.008772,4.745615,-7.426124
-25.486037,0.696798,-7.419090
-25.178399,-3.365330,-7.428744
-24.355528,-7.360853,-7.424889
-22.791090,-11.293938,-7.425539
-20.469495,-14.637837,-7.429863
-17.471728,-17.629308,-7.421324
-14.415411,-20.329270,-7.419992
-10.843230,-22.578274,-7.422063
-6.913977,-24.173991,-7.425314
-2.801577,-25.157103,-7.427819
1.420287,-25.459436,-7.425117
5.634009,-25.049759,-7.419328
9.853163,-23.848781,-7.422592
13.663242,-22.000104,-7.424129
17.100368,-19.533217,-7.419082
20.029144,-16.476896,-7.420937
22.356184,-12.940223,-7.422562
23.987840,-9.211367,-7.422261
25.099153,-5.282347,-7.420590
25.593536,-1.245994,-7.421856
25.283429,2.661864,-7.426747
24.355481,6.482157,-7.422086
22.682994,9.822886,-7.423584
20.551081,12.964759,-7.429692
18.350963,15.858318,-7.431031
15.174400,17.702751,-10.423205
12.301022,19.501887,-10.430781
9.352888,20.864307,-10.426742
6.116354,21.866944,-10.428651
2.908441,22.360230,-10.429414
-0.334643,22.411996,-10.417404
-3.557694,22.045848,-10.421031
-6.720858,21.326540,-10.426628
-9.929559,20.230071,-10.423397
-13.005076,18.802775,-10.421805
-16.012661,16.933570,-10.426343
-18.658589,14.577138,-10.424827
-20.761756,11.558351,-10.430891
-22.369538,8.227988,-10.428386
-23.505385,4.571766,-10.422780
-23.894146,0.754091,-10.423956
-23.581587,-2.919740,-10.418330
-22.679440,-6.797928,-10.427096
-21.213675,-10.350411,-10.430973
-19.038315,-13.496131,-10.422162
-16.296562,-16.183636,-10.419174
-13.291982,-18.801761,-10.430030
-10.043257,-20.820711,-10.425109
-6.342856,-22.315048,-10.419143
-2.619831,-23.220353,-10.424328
1.349241,-23.549218,-10.425498
5.319477,-23.222194,-10.421178
9.168112,-22.204201,-10.417298
12.784236,-20.529178,-10.422388
16.045673,-18.246147,-10.428410
18.826647,-15.394515,-10.419505
21.056106,-12.092047,-10.416433
22.571132,-8.571059,-10.424891
23.438691,-4.834521,-10.429761
23.718304,-1.010826,-10.423563
23.485595,2.668088,-10.419881
22.786340,6.140141,-10.423889
21.556529,9.451349,-10.425764
19.831308,12.561757,-10.422887
17.766223,15.288643,-10.420355
14.375796,16.854255,-13.421569
11.713994,18.550126,-13.421401
8.855332,19.884825,-13.425485
5.839796,20.811813,-13.429498
2.718085,21.273113,-13.431786
-0.299898,21.287538,-13.431837
-3.295213,20.919589,-13.427504
-6.364534,20.188745,-13.420659
-9.336495,19.132127,-13.418563
-12.186272,17.777217,-13.419273
-14.967581,16.013526,-13.418777
-17.489401,13.685109,-13.421423
-19.420065,10.855226,-13.429844
-20.877721,7.741138,-13.427903
-21.835576,4.451926,-13.423486
-22.158724,0.896156,-13.427686
-21.803488,-2.654438,-13.428517
-20.872168,-6.093876,-13.428148
-19.451641,-9.380956,-13.424366
-17.434692,-12.304956,-13.419746
-14.870337,-14.794978,-13.418944
-12.169074,-17.129696,-13.419064
-9.131835,-18.981764,-13.419347
-5.810291,-20.307369,-13.419880
-2.351479,-21.167245,-13.419226
1.338274,-21.504309,-13.419510
4.898392,-21.252373,-13.429286
8.493487,-20.363085,-13.432951
11.884216,-18.861795,-13.426414
14.943098,-16.774502,-13.421302
17.535776,-14.126435,-13.424164
19.550896,-11.179423,-13.426349
21.020834,-7.778163,-13.423724
21.739879,-4.286655,-13.421668
21.883459,-0.856660,-13.426484
21.672695,2.565760,-13.432022
21.082804,5.801283,-13.421796
20.202517,8.980450,-13.423018
18.843276,11.974437,-13.430330
16.847456,14.626493,-13.427081
13.484856,15.722974,-16.420242
10.955488,17.374348,-16.427956
8.231111,18.665508,-16.427168
5.465998,19.514782,-16.420353
2.603980,19.927505,-16.423070
-0.287729,19.914048,-16.432603
-3.028998,19.546688,-16.429825
-5.835195,18.848658,-16.422724
-8.549034,17.854391,-16.423464
-11.263139,16.532712,-16.427333
-13.788482,14.882362,-16.427636
-15.982629,12.807481,-16.428635
-17.793906,10.239536,-16.426652
-19.181243,7.274568,-16.424082
-20.002931,4.242663,-16.422323
-20.258493,0.980005,-16.420330
-19.887345,-2.270745,-16.419678
-18.874644,-5.370502,-16.422827
-17.547995,-8.239247,-16.424839
-15.735430,-10.937757,-16.425287
-13.395718,-13.232980,-16.424358
-11.007290,-15.281980,-16.419556
-8.214644,-16.961867,-16.425748
-5.286139,-18.129127,-16.427126
-2.122977,-18.940716,-16.422332
1.255407,-19.280953,-16.428870
4.521758,-19.102301,-16.425341
7.827431,-18.335585,-16.422669
10.837436,-17.049735,-16.423843
13.666578,-15.174259,-16.421934
16.062418,-12.766393,-16.419553
17.905669,-10.065606,-16.426657
19.289563,-6.961045,-16.432218
19.999862,-3.775195,-16.426177
20.136112,-0.630239,-16.421027
19.906690,2.504218,-16.427623
19.327441,5.459955,-16.421781
18.641213,8.409755,-16.425533
17.493633,11.315947,-16.431486
15.673200,13.754317,-16.424355
12.261922,14.441027,-19.429640
10.014981,15.955802,-19.421319
7.583627,17.132142,-19.423335
4.995351,17.925513,-19.426411
2.428381,18.284999,-19.427659
-0.164275,18.260016,-19.430876
-2.730479,17.893511,-19.426566
-5.237676,17.234194,-19.428957
-7.661206,16.318130,-19.428106
-10.088817,15.118744,-19.421762
-12.337223,13.618889,-19.419927
-14.358588,11.653461,-19.424288
-16.023608,9.376190,-19.424386
-17.266234,6.722826,-19.427577
-17.944480,3.987060,-19.429247
-18.132406,1.058017,-19.426082
-17.747454,-1.851576,-19.428115
-16.656908,-4.559478,-19.430478
-15.386012,-7.094537,-19.426281
-13.861907,-9.442452,-19.423262
-11.869832,-11.447557,-19.426679
-9.628531,-13.340843,-19.424338
-7.207448,-14.768038,-19.424603
-4.580828,-15.808995,-19.423605
-1.744796,-16.536786,-19.423106
1.169613,-16.851877,-19.429961
4.099505,-16.729214,-19.428464
6.965072,-16.117595,-19.423715
9.784900,-14.964011,-19.422227
12.243934,-13.368939,-19.423885
14.406800,-11.224825,-19.424174
16.058563,-8.804040,-19.419513
17.289101,-6.139173,-19.423783
18.014466,-3.303779,-19.430991
18.195224,-0.374958,-19.430514
17.955189,2.433184,-19.431796
17.378435,5.071065,-19.429115
16.817301,7.728858,-19.424126
15.901752,10.367277,-19.423992
14.305346,12.575669,-19.429130
10.780892,12.886560,-22.425963
8.849012,14.221454,-22.428316
6.663960,15.299990,-22.426226
4.421064,15.984087,-22.425462
2.195390,16.284832,-22.424002
-0.147350,16.241699,-22.420574
-2.365246,15.890041,-22.423170
-4.530889,15.294052,-22.419993
-6.706906,14.431554,-22.424519
-8.710818,13.408127,-22.427315
-10.715085,12.024512,-22.423724
-12.379039,10.371809,-22.426129
-13.965012,8.381321,-22.421243
-15.057421,6.097619,-22.420482
-15.606024,3.614786,-22.421397
-15.718995,1.170768,-22.422250
-15.332393,-1.343638,-22.429499
-14.208912,-3.605377,-22.427937
-13.023505,-5.755131,-22.423005
-11.733704,-7.809288,-22.424067
-10.032723,-9.571551,-22.427153
-8.152939,-11.132212,-22.420665
-6.129731,-12.303444,-22.420916
-3.854636,-13.203550,-22.422462
-1.496751,-13.827641,-22.420653
1.023062,-14.139289,-22.423654
3.562152,-14.073445,-22.426858
6.053836,-13.587751,-22.425163
8.424967,-12.673757,-22.423307
10.660566,-11.275557,-22.423321
12.482395,-9.503969,-22.420322
13.956779,-7.318692,-22.428079
14.991104,-4.997528,-22.425837
15.631330,-2.541907,-22.420271
15.828218,-0.107380,-22.427107
15.606727,2.324753,-22.429586
15.071347,4.603100,-22.428742
14.627986,6.912220,-22.426890
13.942418,9.229258,-22.425150
12.543305,11.249622,-22.424643
8.939160,10.949786,-25.421214
7.384720,12.067928,-25.420652
5.613856,12.961768,-25.425991
3.786785,13.526935,-25.425005
1.894485,13.772681,-25.424232
-0.014597,13.710042,-25.427646
-1.896823,13.390754,-25.421083
-3.650270,12.867770,-25.427008
-5.413979,12.140986,-25.426196
-7.041036,11.293921,-25.423408
-8.649965,10.136397,-25.425459
-10.065965,8.735062,-25.423788
-11.473496,7.208769,-25.421355
-12.385671,5.367470,-25.421505
-12.782320,3.328235,-25.426584
-12.844079,1.252608,-25.429955
-12.470450,-0.785225,-25.424386
-11.322168,-2.586718,-25.420752
-10.318181,-4.218422,-25.420774
-9.290816,-5.912099,-25.420835
-7.986420,-7.314435,-25.420654
-6.500220,-8.515866,-25.422897
-4.770865,-9.492435,-25.423383
-2.990432,-10.189628,-25.426036
-1.070204,-10.704896,-25.428517
0.899203,-10.984414,-25.423215
2.889164,-10.981612,-25.422371
4.929450,-10.640943,-25.422540
6.952084,-9.910389,-25.423426
8.722697,-8.840083,-25.428172
10.219661,-7.411600,-25.430523
11.438239,-5.635186,-25.425820
12.195684,-3.717199,-25.424751
12.626568,-1.769335,-25.426935
12.858037,0.203940,-25.425852
12.690443,2.186292,-25.427599
12.242683,4.043405,-25.422234
11.938179,5.932043,-25.421803
11.470619,7.921121,-25.426759
10.365371,9.589762,-25.424911
6.509697,8.303985,-28.422917
5.385608,9.155677,-28.426286
4.151314,9.812819,-28.423065
2.806968,10.219473,-28.424072
1.467155,10.361507,-28.426234
0.122841,10.284555,-28.424936
-1.196237,10.011784,-28.429120
-2.476823,9.594231,-28.428534
-3.656199,9.074802,-28.428032
-4.849383,8.438903,-28.424679
-5.917824,7.631986,-28.422497
-6.958479,6.684228,-28.425787
-8.194445,5.703832,-28.427476
-8.871908,4.370069,-28.427338
-9.119936,2.860152,-28.425699
-9.135048,1.389206,-28.425936
-8.747910,-0.069267,-28.428921
-7.681918,-1.220737,-28.428537
-6.878227,-2.364805,-28.429150
-6.223305,-3.481351,-28.427496
-5.330956,-4.491419,-28.423256
-4.307163,-5.278952,-28.423010
-3.121317,-5.917450,-28.424237
-1.865940,-6.406890,-28.426715
-0.624323,-6.758738,-28.428378
0.758446,-6.995898,-28.425629
2.161387,-7.045517,-28.422504
3.553196,-6.870194,-28.421146
4.946740,-6.430502,-28.422756
6.270694,-5.691884,-28.425573
7.342019,-4.704943,-28.422807
8.180936,-3.492729,-28.425179
8.607328,-2.055235,-28.428674
8.717549,-0.650058,-28.426676
8.909290,0.739236,-28.425828
8.828886,2.024993,-28.426513
8.500769,3.338846,-28.428648
8.363365,4.617969,-28.428605
8.231913,6.104610,-28.424894
7.515595,7.313290,-28.422344
0.674695,2.209698,-31.425285
9.662848,19.530294,28.574715
6.717906,20.638060,28.574715
3.719099,21.108926,28.574715
0.682096,21.024049,28.574715
-2.087937,20.457029,28.574715
-4.716073,19.414148,28.574715
-7.016328,17.956123,28.574715
-8.910625,16.148392,28.574715
-10.313864,14.191450,28.574715
-11.362132,12.139603,28.574715
-12.147754,10.086580,28.574715
-12.735634,8.077402,28.574715
-13.152910,6.240100,28.574715
-13.478054,4.384381,28.574715
-13.735016,2.412371,28.574715
-13.902347,0.430787,28.574715
-13.924998,-1.663553,28.574715
-13.651797,-3.846258,28.574715
-12.920904,-6.032733,28.574715
-11.628936,-8.068280,28.574715
-9.953689,-9.652158,28.574715
-7.900299,-10.914101,28.574715
-5.671284,-11.827744,28.574715
-3.346586,-12.455325,28.574715
-0.863877,-12.841291,28.574715
1.645305,-12.971513,28.574715
4.259566,-12.836305,28.574715
7.044352,-12.355327,28.574715
9.827546,-11.428694,28.574715
12.368152,-9.956042,28.574715
14.414521,-7.707866,28.574715
15.594610,-5.024973,28.574715
16.116555,-2.133414,28.574715
16.283164,0.791466,28.574715
16.277181,3.617283,28.574715
16.186779,6.338683,28.574715
15.943512,9.252217,28.574715
15.336459,12.256885,28.574715
14.183453,15.130925,28.574715
7.823144,12.945384,25.973793
5.616536,13.526820,25.972747
3.508092,13.680101,25.973669
1.840945,14.532271,25.977142
0.028114,15.141717,25.976127
-1.954674,14.720882,25.974028
-3.691139,14.290260,25.977618
-5.426059,13.654160,25.975618
-6.158982,11.244178,25.976785
-7.061036,10.028818,25.975314
-8.204193,9.185838,25.971806
-9.481130,8.240483,25.971420
-11.548337,7.535356,25.978323
-11.961926,5.905453,25.972864
-12.276816,4.203818,25.968731
-13.424674,2.444466,25.970947
-14.185004,0.394713,25.969074
-14.925453,-2.071822,25.971907
-15.690315,-4.982479,25.972633
-15.577915,-8.135386,25.972653
-14.078533,-10.622178,25.977327
-11.706881,-12.336561,25.971106
-9.216474,-13.823587,25.971753
-6.075037,-13.328795,25.977383
-3.212029,-11.360268,25.972763
-0.951404,-12.102364,25.968486
1.549827,-12.594138,25.975286
4.018829,-12.201034,25.982985
6.725121,-11.727343,25.978934
9.244732,-10.714883,25.968770
8.740039,-6.544095,25.973323
11.871161,-6.022500,25.977938
14.051807,-4.251330,25.977091
14.206186,-1.573568,25.975206
15.144462,0.859999,25.973105
14.524257,3.470964,25.973965
13.845042,5.900736,25.976311
12.788563,8.090828,25.974078
11.301095,10.021596,25.971442
9.699776,11.703117,25.972651
6.065841,11.047159,23.377888
4.221408,11.370895,23.379383
2.426123,11.389105,23.377797
1.082553,11.984847,23.372983
-0.314511,12.322386,23.369828
-1.782910,12.018712,23.373646
-3.255354,11.745452,23.377460
-4.587442,11.326313,23.372205
-5.222013,9.554305,23.377499
-6.208326,8.896197,23.380156
-7.398614,8.344532,23.377432
-8.568977,7.617534,23.372172
-10.822273,7.258825,23.368861
-11.484859,5.736991,23.375407
-12.085482,4.138613,23.376898
-13.805811,2.463491,23.370681
-15.180384,0.178850,23.373846
-16.409637,-2.608200,23.378672
-17.593129,-6.124892,23.376641
-17.466317,-9.625078,23.371237
-15.616860,-12.347753,23.369874
-12.967179,-14.145173,23.371085
-10.117320,-15.799431,23.373262
-6.564502,-15.111762,23.374659
-3.388504,-13.027330,23.372602
-0.855999,-13.914988,23.371280
1.944586,-14.211397,23.376130
4.502250,-13.369006,23.379676
7.059512,-12.483799,23.378854
9.540031,-11.124790,23.377340
8.918691,-6.774363,23.376863
11.780967,-5.983829,23.378729
13.777388,-4.213669,23.377063
13.772280,-1.425931,23.376788
14.353191,0.989446,23.379327
13.434421,3.497091,23.377237
12.452195,5.689678,23.377497
11.164999,7.507814,23.377714
9.537776,9.001566,23.376990
7.840736,10.227168,23.376862
5.226954,10.145391,20.774854
3.581206,10.409031,20.775650
2.005642,10.430432,20.771205
0.783677,10.784382,20.773641
-0.460592,10.948359,20.776675
-1.720930,10.710145,20.776636
-2.991082,10.504461,20.776379
-4.125946,10.193749,20.773485
-4.978035,9.115670,20.769357
-5.992986,8.595899,20.776280
-7.103779,8.167363,20.781040
-8.318000,7.530837,20.776291
-10.488471,7.116280,20.773235
-11.602991,5.767343,20.776476
-12.598921,4.265292,20.776631
-14.887119,2.402409,20.772025
-16.776556,-0.113370,20.777430
-18.216981,-3.217603,20.777034
-19.183506,-6.983975,20.775161
-18.730065,-10.624484,20.775659
-16.637118,-13.395703,20.773643
-13.761474,-15.435923,20.773519
-10.683748,-17.034064,20.776323
-7.377073,-17.734426,20.775373
-3.924111,-17.713555,20.771744
-0.696689,-17.916991,20.774439
2.501827,-17.410726,20.778170
5.517221,-16.038275,20.777985
8.134715,-14.387367,20.774556
10.342177,-12.203793,20.771696
11.389422,-9.029128,20.772186
13.066879,-6.830137,20.772432
14.095100,-4.327101,20.775301
14.050683,-1.480488,20.775069
13.841119,1.029796,20.770908
12.816844,3.470299,20.775297
11.714185,5.454074,20.779749
10.282542,7.173263,20.779992
8.581032,8.530019,20.777149
6.965255,9.483547,20.774840
4.875110,9.779353,18.178418
3.361783,10.070858,18.178328
1.926891,10.160371,18.169923
0.604866,10.359958,18.172774
-0.619961,10.382192,18.177377
-1.740624,10.211532,18.178664
-2.854943,10.024270,18.177169
-3.954241,9.764368,18.172923
-4.975416,9.285701,18.179034
-6.084885,8.745097,18.175593
-7.207181,8.240465,18.172817
-8.647579,7.684858,18.179774
-10.520756,7.104277,18.172673
-12.054880,5.950564,18.168495
-13.731232,4.404167,18.172865
-16.420707,2.347066,18.179110
-18.778817,-0.518442,18.174137
-20.116541,-3.957432,18.173618
-20.435810,-7.690660,18.173377
-19.463658,-11.223316,18.170146
-17.188321,-14.042168,18.170964
-14.321025,-16.233428,18.178085
-11.103163,-17.790510,18.174580
-7.832986,-19.355917,18.169700
-4.323474,-20.699275,18.175479
-0.610596,-20.483363,18.179539
2.968662,-19.504385,18.171169
6.221172,-17.936154,18.174356
8.822875,-15.653894,18.179273
11.056608,-13.079002,18.173984
13.394157,-10.848586,18.176405
14.090294,-7.561992,18.173662
14.305496,-4.395011,18.172346
14.356723,-1.573639,18.176724
13.544576,1.104611,18.180366
12.506386,3.452496,18.178646
11.243402,5.447568,18.178189
9.785238,7.036700,18.178159
8.153516,8.292981,18.177452
6.522571,9.183923,18.177117
4.821066,9.736314,15.577675
3.368893,10.108073,15.572216
1.990768,10.296708,15.568802
0.600725,10.384160,15.575671
-0.575096,10.351000,15.577715
-1.747969,10.229221,15.574771
-2.905109,10.019898,15.572400
-3.952326,9.796897,15.570313
-5.244715,9.677336,15.574162
-6.381028,9.134341,15.570581
-7.508882,8.515594,15.569012
-9.156445,8.025950,15.577699
-10.801856,7.247059,15.577267
-12.742647,6.105100,15.578560
-15.170120,4.546947,15.578168
-18.059075,2.315132,15.571000
-20.653973,-0.842211,15.576350
-21.689063,-4.549102,15.574947
-21.267213,-8.188109,15.574695
-19.740666,-11.494373,15.578311
-17.433442,-14.319315,15.576692
-14.614023,-16.640624,15.570088
-11.297829,-18.348870,15.573743
-8.016091,-20.234268,15.575610
-4.427393,-21.987519,15.568774
-0.542946,-21.712892,15.570939
3.175713,-20.633919,15.576774
6.573990,-18.995366,15.573831
9.318946,-16.357866,15.569733
11.536450,-13.716847,15.572740
14.282428,-11.693764,15.575136
14.622580,-7.925576,15.580263
14.527622,-4.553483,15.576359
14.488201,-1.644243,15.570734
13.434135,1.090687,15.571257
12.396469,3.442929,15.570895
11.078679,5.385782,15.572882
9.611633,6.955800,15.575860
8.021718,8.220923,15.578704
6.425298,9.110989,15.580007
4.957673,9.896863,12.970752
3.507033,10.385314,12.969906
2.114493,10.682780,12.973742
0.696045,10.707988,12.973601
-0.506655,10.647208,12.976667
-1.707459,10.572161,12.980515
-2.893232,10.370490,12.977803
-4.069925,10.120899,12.975070
-5.522610,10.217662,12.978318
-6.754905,9.672837,12.976336
-7.979812,8.932733,12.974586
-9.781740,8.460169,12.980158
-11.340645,7.445521,12.978559
-13.454820,6.287744,12.978051
-16.450353,4.733634,12.979934
-19.391490,2.238207,12.976275
-21.880436,-1.110405,12.970514
-22.599554,-4.879414,12.970220
-21.633540,-8.350296,12.973037
-19.703779,-11.429131,12.973559
-17.469351,-14.257634,12.969976
-14.683181,-16.732196,12.968207
-11.468871,-18.572443,12.974477
-8.139360,-20.536130,12.980771
-4.552363,-22.278366,12.979011
-0.588621,-22.131364,12.974916
3.233438,-21.113612,12.975170
6.714281,-19.466817,12.977592
9.577804,-16.835162,12.978969
11.830660,-14.120949,12.976309
14.391779,-11.796467,12.970732
14.804877,-7.979103,12.977078
14.681614,-4.563307,12.978912
14.449398,-1.588578,12.974810
13.403568,1.090594,12.975017
12.414488,3.407206,12.979565
11.044231,5.371397,12.980183
9.557331,6.989204,12.972549
8.061502,8.260595,12.967632
6.560760,9.172963,12.969442
5.209567,10.177876,10.369814
3.800184,10.778644,10.375356
2.322410,11.210446,10.373380
0.907162,11.222256,10.369749
-0.517171,11.142162,10.369661
-1.830195,11.095410,10.370691
-3.019095,10.897073,10.371276
-4.304757,10.625200,10.372397
-5.866019,10.754907,10.371796
-7.221159,10.226754,10.374276
-8.573709,9.461547,10.374400
-10.454341,8.900201,10.370054
-11.903889,7.730342,10.376331
-14.082478,6.482801,10.381383
-17.389334,4.795983,10.375300
-19.951018,2.197423,10.370623
-21.998361,-1.176646,10.376174
-22.603223,-4.895365,10.378763
-21.447918,-8.265650,10.373890
-19.389018,-11.155036,10.369776
-17.218883,-14.033518,10.372488
-14.509156,-16.593232,10.373975
-11.373548,-18.581213,10.370751
-8.111704,-20.440294,10.370919
-4.504680,-21.944239,10.374637
-0.543953,-21.940931,10.372716
3.205984,-21.079534,10.374809
6.699049,-19.482111,10.372394
9.652590,-17.071534,10.369120
11.974621,-14.276835,10.371451
13.995985,-11.390188,10.372669
14.709606,-7.900570,10.375558
14.728262,-4.558456,10.376391
14.307547,-1.555606,10.376922
13.372541,1.148946,10.376224
12.460179,3.383148,10.369873
11.092739,5.353428,10.367603
9.645294,7.009587,10.375888
8.211575,8.354384,10.378729
6.762354,9.350236,10.372112
5.610371,10.460757,7.777454
4.075013,11.255792,7.779308
2.642247,11.779647,7.781018
1.035313,11.815788,7.774056
-0.373118,11.739434,7.772926
-1.778207,11.725817,7.778824
-3.169850,11.518314,7.779092
-4.544922,11.224498,7.775411
-6.074197,11.228089,7.777589
-7.694060,10.769313,7.779427
-9.184925,10.060241,7.779107
-10.977751,9.334509,7.778874
-12.506895,7.963492,7.772978
-14.612820,6.665163,7.772840
-17.687066,4.867264,7.777704
-19.795129,2.223114,7.775103
-21.272731,-1.021164,7.772320
-21.866787,-4.609652,7.771593
-20.809006,-7.925259,7.775123
-18.849701,-10.717871,7.775614
-16.782646,-13.613089,7.771020
-14.260899,-16.139017,7.776728
-11.250096,-18.252165,7.778980
-7.985849,-19.973159,7.774219
-4.395820,-21.148116,7.770519
-0.605906,-21.302208,7.773080
3.128735,-20.604531,7.778544
6.585345,-19.096542,7.776066
9.603646,-16.939349,7.773779
11.964052,-14.140115,7.775426
13.300880,-10.833667,7.769560
14.383543,-7.737876,7.774042
14.660693,-4.551736,7.775371
14.087666,-1.548318,7.772044
13.323235,1.153736,7.772922
12.402513,3.468470,7.774217
11.129146,5.341824,7.776705
9.763928,7.027888,7.774743
8.428698,8.440073,7.772750
6.984524,9.588599,7.774890
5.916144,10.793448,5.168812
4.471121,11.669276,5.170019
2.903084,12.346195,5.173322
1.232441,12.426087,5.171031
-0.359287,12.360521,5.172449
-1.838153,12.364714,5.176516
-3.306687,12.162684,5.177438
-4.754158,11.850148,5.180627
-6.326625,11.633756,5.173679
-8.078026,11.253033,5.172741
-9.767186,10.605219,5.177316
-11.495876,9.587201,5.173116
-12.956745,8.203904,5.170781
-15.039494,6.767444,5.176221
-17.567740,4.865003,5.178567
-19.208310,2.249493,5.172042
-20.168281,-0.769308,5.173848
-20.680643,-4.176868,5.175237
-19.851633,-7.368935,5.171819
-18.090536,-10.204300,5.172257
-16.206827,-13.001178,5.178600
-13.789924,-15.513428,5.175412
-10.985675,-17.622526,5.174264
-7.753280,-19.170288,5.174479
-4.244259,-20.010683,5.173825
-0.655835,-20.273995,5.178285
3.015402,-19.720137,5.179691
6.318138,-18.368430,5.176759
9.330541,-16.468551,5.174937
11.696003,-13.824645,5.177519
12.629397,-10.238012,5.180012
13.964482,-7.420983,5.175618
14.439766,-4.516442,5.175033
13.783389,-1.435634,5.175911
13.179795,1.123158,5.172095
12.288987,3.389762,5.171288
11.047096,5.356340,5.172104
9.796342,7.064476,5.173603
8.576670,8.527599,5.173191
7.265625,9.769001,5.170564
6.167117,11.064883,2.573072
4.645064,12.093764,2.580684
3.153065,12.804464,2.573640
1.343561,12.959149,2.573727
-0.300097,12.929278,2.577427
-1.828855,12.948060,2.574910
-3.454045,12.745129,2.571646
-4.954900,12.430618,2.569226
-6.517248,11.953786,2.569493
-8.326937,11.569491,2.572304
-10.150052,10.980041,2.573787
-11.703351,9.785009,2.573235
-13.290570,8.337000,2.575669
-15.203198,6.800263,2.574797
-17.112468,4.819018,2.576353
-18.376343,2.238961,2.578846
-19.009810,-0.549896,2.570013
-19.297493,-3.632586,2.575274
-18.667137,-6.694355,2.579730
-17.272551,-9.463795,2.573662
-15.505901,-12.208054,2.570457
-13.193093,-14.653869,2.577403
-10.579678,-16.668231,2.581399
-7.419487,-18.038709,2.576892
-4.074513,-18.611906,2.570843
-0.611485,-18.893320,2.572170
2.738216,-18.448900,2.577613
5.870848,-17.261054,2.575586
8.844613,-15.534646,2.571767
11.168947,-13.154760,2.575548
12.185452,-9.722169,2.578113
13.480615,-7.114782,2.573003
13.989486,-4.216496,2.572801
13.434974,-1.326411,2.575113
12.852272,1.143680,2.574608
11.876302,3.393316,2.579502
10.773256,5.356982,2.578177
9.724409,6.987025,2.576661
8.575692,8.561326,2.574437
7.439554,9.888577,2.571058
6.226016,11.268115,-0.020789
4.811303,12.301153,-0.021692
3.229350,13.089980,-0.021793
1.513133,13.338605,-0.022575
-0.250450,13.377471,-0.025197
-1.898391,13.392100,-0.027755
-3.547221,13.198653,-0.029114
-5.171504,12.864537,-0.028816
-6.662070,12.145509,-0.027264
-8.356468,11.689724,-0.024120
-10.268678,11.112190,-0.020673
-11.740630,9.790946,-0.021297
-13.394078,8.423641,-0.026439
-15.064629,6.796781,-0.024810
-16.464230,4.682270,-0.020738
-17.382569,2.318179,-0.023356
-17.890548,-0.363042,-0.027993
-17.880209,-3.089992,-0.027181
-17.355418,-5.968879,-0.022675
-16.316126,-8.701099,-0.021522
-14.634923,-11.328651,-0.024776
-12.471073,-13.565517,-0.023064
-9.947614,-15.439676,-0.020115
-6.982898,-16.596550,-0.022465
-3.871007,-16.997474,-0.027014
-0.760106,-17.191467,-0.025573
2.418897,-16.744000,-0.024064
5.343555,-15.666878,-0.026702
8.055737,-14.097028,-0.026522
10.274537,-12.061577,-0.023679
11.767589,-9.443492,-0.028500
12.908254,-6.719175,-0.022975
13.286834,-3.959782,-0.020862
12.948412,-1.222097,-0.026417
12.270621,1.209800,-0.027739
11.166885,3.378347,-0.023598
10.317995,5.242760,-0.020421
9.434746,6.859136,-0.025839
8.421503,8.421976,-0.030376
7.439047,9.891018,-0.025783
6.144640,11.165065,-2.622585
4.759964,12.221397,-2.624680
3.196112,13.002170,-2.620687
1.518450,13.442167,-2.627402
-0.219429,13.630255,-2.627912
-1.862440,13.626631,-2.624228
-3.506226,13.451656,-2.631369
-5.224970,13.120519,-2.621700
-6.697784,12.199622,-2.618585
-8.327575,11.617322,-2.619800
-10.185313,10.969387,-2.620708
-11.542064,9.692872,-2.622097
-13.326752,8.387381,-2.619232
-14.755365,6.638953,-2.624252
-15.652777,4.602970,-2.626684
-16.382174,2.337770,-2.622203
-16.806244,-0.106740,-2.624927
-16.521077,-2.640524,-2.629100
-16.051921,-5.185883,-2.631188
-15.269742,-7.893193,-2.629607
-13.678754,-10.264741,-2.626166
-11.656313,-12.261337,-2.628050
-9.226944,-13.929364,-2.628927
-6.569777,-14.882247,-2.625156
-3.638617,-15.196067,-2.621923
-0.796129,-15.227289,-2.625073
1.986826,-14.714786,-2.625801
4.586692,-13.748289,-2.623529
6.966050,-12.247906,-2.621053
9.090109,-10.475456,-2.622435
11.179447,-8.895623,-2.628027
12.058927,-6.146400,-2.622917
12.152072,-3.399111,-2.621370
12.066066,-0.957764,-2.622418
11.286181,1.402659,-2.621220
10.223976,3.331797,-2.629479
9.658535,5.073341,-2.626731
8.909507,6.729168,-2.626319
8.006949,8.238734,-2.627996
7.216114,9.706541,-2.624690
5.693744,10.656654,-5.225329
4.399293,11.618441,-5.225416
2.857179,12.322957,-5.226586
1.436109,13.102303,-5.228613
-0.150396,13.607783,-5.228235
-1.863449,13.552375,-5.226529
-3.550251,13.394460,-5.227035
-5.223671,13.066750,-5.224705
-6.612108,12.109246,-5.220415
-8.142814,11.402871,-5.219150
-9.830834,10.690477,-5.224931
-11.238949,9.435918,-5.231724
-13.033285,8.262211,-5.227218
-14.205675,6.476970,-5.227284
-14.811094,4.488807,-5.230137
-15.418859,2.378252,-5.229636
-15.758672,0.105770,-5.227506
-15.302164,-2.202788,-5.221549
-14.838917,-4.553834,-5.222730
-14.170297,-7.055098,-5.225001
-12.623105,-9.103284,-5.219957
-10.680703,-10.883216,-5.227655
-8.518085,-12.218678,-5.230588
-6.022621,-13.032810,-5.228908
-3.399311,-13.276969,-5.230147
-0.857695,-13.138402,-5.228413
1.598835,-12.524269,-5.223141
3.816622,-11.612149,-5.224626
5.798908,-10.197462,-5.230055
7.623964,-8.670577,-5.228636
10.093069,-7.827991,-5.223606
10.603502,-5.209077,-5.224815
10.327699,-2.555040,-5.228686
10.370329,-0.487931,-5.227847
9.831251,1.576334,-5.224542
9.129724,3.307299,-5.225951
8.845984,4.895552,-5.223368
8.275203,6.462570,-5.224471
7.440088,7.867590,-5.228034
6.678419,9.304712,-5.227248
4.937548,9.813727,-7.822066
3.728795,10.624156,-7.824868
2.371612,11.188247,-7.822048
1.196554,12.409340,-7.819424
-0.216280,13.241120,-7.822463
-1.817286,13.150424,-7.826331
-3.484393,13.018510,-7.828635
-5.069594,12.704075,-7.828679
-6.415999,11.844602,-7.822088
-7.896528,11.035563,-7.824733
-9.361565,10.247141,-7.831736
-10.745874,9.137939,-7.828043
-12.548196,8.046030,-7.821432
-13.475954,6.304349,-7.826873
-13.918311,4.386861,-7.826899
-14.479367,2.406293,-7.818957
-14.698429,0.265086,-7.821447
-14.187429,-1.721485,-7.822623
-13.697770,-3.912751,-7.824930
-13.023647,-6.137357,-7.827892
-11.480730,-7.877284,-7.826702
-9.724011,-9.377657,-7.826153
-7.656671,-10.510422,-7.823688
-5.437879,-11.150961,-7.825124
-3.151241,-11.356803,-7.827486
-0.943572,-11.088669,-7.820557
1.162976,-10.406400,-7.824140
3.050734,-9.519773,-7.824265
4.734607,-8.217598,-7.820790
6.199249,-6.866712,-7.825576
8.322154,-6.200142,-7.823185
8.696848,-3.899985,-7.823606
8.139154,-1.574101,-7.825705
8.174907,0.149743,-7.825485
8.151038,1.761141,-7.826816
8.018139,3.284555,-7.829311
7.960048,4.752383,-7.824137
7.514179,6.185512,-7.822587
6.737871,7.446987,-7.824913
5.936516,8.675143,-7.822910
4.181575,8.973682,-10.428146
3.108843,9.687237,-10.420596
1.910751,10.210696,-10.423567
0.964379,11.549683,-10.421422
-0.319840,12.492520,-10.423154
-1.833247,12.427348,-10.430298
-3.303661,12.330554,-10.428366
-4.836591,12.020765,-10.423038
-6.159308,11.339741,-10.427466
-7.504045,10.532480,-10.423054
-8.793666,9.677993,-10.418741
-10.141570,8.743977,-10.427777
-11.881130,7.729060,-10.432301
-12.589062,6.074693,-10.428868
-12.941085,4.292570,-10.422557
-13.470108,2.479068,-10.421168
-13.564335,0.505250,-10.428119
-13.051720,-1.312397,-10.423532
-12.549127,-3.242572,-10.421086
-11.766223,-5.211609,-10.424580
-10.329516,-6.594539,-10.423913
-8.726110,-7.875428,-10.425175
-6.859409,-8.788165,-10.427751
-4.936184,-9.295728,-10.428047
-2.985656,-9.497500,-10.427402
-1.046775,-9.154749,-10.430034
0.790718,-8.448241,-10.430171
2.356167,-7.613565,-10.427831
3.774511,-6.471960,-10.427419
4.965196,-5.264372,-10.429510
6.456743,-4.414781,-10.426363
6.905292,-2.721647,-10.420656
6.445996,-0.769889,-10.424248
6.465938,0.626839,-10.428169
6.753326,1.885165,-10.422882
7.020561,3.215587,-10.420240
7.070757,4.579164,-10.422340
6.702406,5.873518,-10.424894
5.982275,7.037780,-10.427767
5.118790,8.091266,-10.430789
3.636843,8.368966,-13.019738
2.696876,9.089538,-13.018589
1.639642,9.635791,-13.026394
0.741973,10.681022,-13.023858
-0.436787,11.402486,-13.020775
-1.798567,11.407852,-13.022486
-3.141321,11.327603,-13.020552
-4.476390,11.050066,-13.022549
-5.775881,10.621121,-13.020414
-6.973234,9.867903,-13.024546
-8.046342,9.039367,-13.030523
-9.451123,8.235101,-13.031103
-11.015509,7.314608,-13.030162
-11.532438,5.768526,-13.026444
-11.844928,4.156099,-13.027749
-12.330812,2.524042,-13.030680
-12.304195,0.797963,-13.026624
-11.816674,-0.905435,-13.028665
-11.281577,-2.559352,-13.027008
-10.438051,-4.151487,-13.022139
-9.098947,-5.344387,-13.021354
-7.729061,-6.403048,-13.018338
-6.135749,-7.128895,-13.026302
-4.445493,-7.541278,-13.029040
-2.746112,-7.724582,-13.019108
-1.069657,-7.357937,-13.024907
0.407339,-6.726551,-13.030967
1.787897,-5.920423,-13.029438
2.940206,-4.994230,-13.027691
3.922305,-3.970259,-13.030862
4.887847,-2.983684,-13.025872
5.465724,-1.723409,-13.021180
5.520745,-0.330485,-13.023524
5.576514,0.899963,-13.027843
5.948577,2.024743,-13.029132
6.234606,3.178229,-13.024934
6.204701,4.418145,-13.022469
5.849361,5.614102,-13.023349
5.267835,6.641880,-13.023849
4.462089,7.590047,-13.022462
3.169495,7.927969,-15.622805
2.391463,8.660055,-15.626479
1.460077,9.281565,-15.628412
0.474150,9.694258,-15.629508
-0.610142,9.975977,-15.627871
-1.724130,10.103218,-15.627262
-2.888835,10.014919,-15.628765
-3.989619,9.805416,-15.625233
-5.220592,9.659329,-15.620600
-6.278808,9.014363,-15.622484
-7.234379,8.253789,-15.628507
-8.553314,7.637971,-15.630501
-9.906473,6.785937,-15.622707
-10.267524,5.415863,-15.619979
-10.567492,3.986672,-15.622384
-10.963212,2.536333,-15.622328
-10.812166,1.055651,-15.619842
-10.409800,-0.369175,-15.627790
-9.821209,-1.724268,-15.626105
-8.951525,-2.973470,-15.620559
-7.873948,-3.987079,-15.626320
-6.700329,-4.897813,-15.626577
-5.367366,-5.492586,-15.626647
-3.962793,-5.818537,-15.628486
-2.547913,-5.952438,-15.629109
-1.161935,-5.640396,-15.628736
0.109541,-5.088683,-15.624318
1.231022,-4.402268,-15.620247
2.195574,-3.645873,-15.621670
3.055142,-2.840010,-15.626948
3.593808,-1.804195,-15.630952
4.262201,-0.969369,-15.626876
4.973097,-0.100066,-15.623744
5.108198,1.035365,-15.630049
5.489342,2.088646,-15.624903
5.594960,3.150299,-15.621622
5.341519,4.243488,-15.626054
4.992087,5.255855,-15.627180
4.534953,6.271261,-15.622665
3.902951,7.134825,-15.621107
2.655283,7.348834,-18.229090
2.027627,8.106013,-18.225557
1.238163,8.777118,-18.230197
0.084695,8.350120,-18.224438
-0.816331,8.330103,-18.226135
-1.670192,8.526549,-18.224873
-2.563618,8.417986,-18.221426
-3.455909,8.299035,-18.227489
-4.537677,8.376285,-18.228530
-5.410724,7.891999,-18.224200
-6.239057,7.351597,-18.220932
-7.420775,6.877175,-18.220157
-8.430160,6.144399,-18.220534
-8.711410,4.965744,-18.221536
-8.958243,3.804773,-18.224242
-9.174660,2.610957,-18.224603
-8.957680,1.416040,-18.221829
-8.637714,0.289583,-18.224591
-7.978114,-0.738212,-18.224195
-7.212344,-1.619916,-18.225026
-6.490734,-2.522257,-18.229168
-5.596829,-3.263192,-18.222482
-4.542443,-3.732208,-18.223942
-3.449455,-3.987549,-18.230085
-2.296244,-4.082968,-18.225827
-1.212578,-3.843975,-18.220151
-0.218240,-3.415905,-18.223875
0.652032,-2.881628,-18.226907
1.435327,-2.282158,-18.219977
2.169197,-1.726165,-18.218903
2.486733,-0.756593,-18.223479
2.940158,-0.068960,-18.223968
4.321235,0.206638,-18.222269
4.617022,1.148458,-18.230008
4.947906,2.135446,-18.224738
4.837518,3.137029,-18.225456
4.342514,4.062726,-18.228201
3.976385,4.916036,-18.224057
3.700728,5.777507,-18.221205
3.223537,6.600696,-18.226291
1.733939,6.376480,-20.821296
1.313027,7.031057,-20.825571
0.700401,7.588831,-20.821873
-0.454211,6.446342,-20.823353
-1.035721,6.540643,-20.826353
-1.621539,6.619705,-20.825175
-2.197617,6.516391,-20.826137
-2.803779,6.529158,-20.829233
-3.565586,6.669858,-20.829407
-4.282486,6.462350,-20.827103
-5.009186,6.182131,-20.828585
-5.807158,5.798991,-20.828506
-6.418194,5.187350,-20.824972
-6.637608,4.373465,-20.824840
-6.705728,3.521946,-20.823746
-6.634491,2.696288,-20.825581
-6.448444,1.934444,-20.829243
-6.164812,1.166598,-20.827487
-5.576070,0.614387,-20.822499
-5.104568,0.066716,-20.821856
-4.838614,-0.741843,-20.825579
-4.287084,-1.276911,-20.822842
-3.560681,-1.600164,-20.824157
-2.815869,-1.808631,-20.828463
-2.042073,-1.908171,-20.826111
-1.284042,-1.771922,-20.827478
-0.616865,-1.498564,-20.831351
0.003803,-1.154410,-20.830449
0.565542,-0.729581,-20.822003
1.105240,-0.377334,-20.822862
1.410120,0.242147,-20.829000
1.345444,1.004955,-20.828924
2.979514,0.831548,-20.825185
3.583535,1.465727,-20.820891
3.758549,2.270256,-20.821131
3.560523,3.078833,-20.821697
2.999741,3.775881,-20.822098
2.630537,4.424140,-20.825470
2.499938,5.100348,-20.827322
2.148773,5.764579,-20.822948
-1.029724,3.286511,-23.425285
