11.261217,37.880295,32.384872
5.076417,38.379347,32.384872
-0.678464,37.687246,32.384872
-6.202085,35.938358,32.384872
-11.327472,33.239680,32.384872
-15.618561,29.996467,32.384872
-19.249371,26.314247,32.384872
-22.237888,22.350822,32.384872
-24.720325,18.052706,32.384872
-26.624944,13.694524,32.384872
-28.023869,9.365244,32.384872
-28.995736,4.920762,32.384872
-29.511326,0.192317,32.384872
-29.446437,-4.358020,32.384872
-28.670705,-9.052243,32.384872
-26.961519,-13.713647,32.384872
-24.489655,-17.780838,32.384872
-21.304299,-21.315995,32.384872
-17.355928,-24.326377,32.384872
-13.112775,-26.479338,32.384872
-8.559241,-27.859454,32.384872
-3.840374,-28.467786,32.384872
0.709049,-28.358617,32.384872
5.197889,-27.612542,32.384872
9.544065,-26.265096,32.384872
13.673871,-24.355262,32.384872
17.534307,-21.947455,32.384872
21.095436,-19.115581,32.384872
24.338079,-15.924154,32.384872
27.370069,-12.259527,32.384872
30.124131,-8.130439,32.384872
32.518467,-3.547195,32.384872
34.481077,1.680239,32.384872
35.687936,7.348604,32.384872
35.786804,13.349132,32.384872
34.351941,19.396727,32.384872
31.534271,24.687238,32.384872
27.470110,29.419165,32.384872
22.562558,33.307596,32.384872
15.835809,33.755850,28.987883
10.557939,35.400642,28.985878
4.896185,36.260559,28.990077
-0.641625,36.179957,28.988457
-6.016718,34.952716,28.981421
-10.965421,32.493265,28.986012
-15.393659,29.553009,28.979802
-19.236390,26.213751,28.985188
-22.437021,22.517695,28.993987
-25.088253,18.417093,28.990775
-27.174952,14.001332,28.986537
-28.795828,9.617149,28.988211
-30.064625,4.906805,28.983657
-31.237437,0.159643,28.978545
-32.131985,-4.851583,28.982957
-31.675220,-10.151548,28.989125
-29.742502,-15.094225,28.986075
-26.849848,-19.567561,28.979778
-23.122784,-23.330011,28.981360
-18.695014,-26.279751,28.985828
-14.074489,-28.425477,28.985942
-9.181215,-29.852220,28.990555
-4.139378,-30.611661,28.986636
0.745897,-30.641848,28.984361
5.569480,-29.869897,28.988190
10.193933,-28.293200,28.991131
14.564090,-26.114687,28.989890
18.764073,-23.613200,28.985964
22.654235,-20.675953,28.979143
26.248490,-17.351404,28.980108
29.765637,-13.388979,28.987945
32.721390,-8.986828,28.980512
35.931314,-3.913951,28.977733
37.614034,1.691616,28.985782
37.445178,7.718095,28.986285
36.088202,13.485781,28.978050
33.303362,18.733506,28.986362
29.860774,23.610617,28.983217
25.920596,27.756307,28.978095
21.047081,31.230973,28.983284
14.869538,31.767268,25.582234
9.938509,33.361852,25.581877
4.654530,34.385753,25.579968
-0.752635,34.666660,25.580098
-5.852848,33.866785,25.582321
-10.796944,31.697194,25.583679
-15.097926,29.209151,25.588068
-19.216681,26.086869,25.590887
-22.672394,22.518272,25.587701
-25.422082,18.652510,25.585874
-27.691457,14.241049,25.591737
-29.482314,9.844094,25.587574
-30.944088,5.109386,25.582739
-32.409927,0.139761,25.585673
-33.661909,-5.319620,25.589441
-33.439425,-10.720864,25.587885
-31.584046,-16.015870,25.591579
-28.502455,-20.718341,25.587837
-24.480441,-24.618600,25.584101
-19.776098,-27.684505,25.587030
-14.879115,-29.939916,25.589700
-9.712286,-31.485889,25.591084
-4.377227,-32.277797,25.587877
0.801197,-32.254021,25.589762
5.904402,-31.381262,25.586840
10.795968,-29.683630,25.578171
15.241825,-27.485360,25.585276
19.718890,-24.877166,25.583221
23.872602,-21.806548,25.577230
27.709180,-18.309654,25.581986
31.417117,-14.120127,25.592493
34.437076,-9.402016,25.589527
37.355916,-4.286859,25.587428
38.726210,1.710885,25.585157
37.925445,7.786327,25.583589
35.777928,13.409858,25.585349
32.410175,18.153450,25.582968
28.619055,22.602994,25.580869
24.529752,26.414037,25.580792
19.806538,29.486240,25.581591
14.083547,30.143808,22.188415
9.334893,31.696263,22.190965
4.461408,32.743235,22.190296
-0.525497,33.215157,22.190460
-5.699931,32.729901,22.192671
-10.410289,31.058254,22.187798
-14.885606,28.828058,22.180263
-19.023730,26.046399,22.186183
-22.687846,22.647168,22.193408
-25.752665,18.707531,22.189831
-28.092885,14.544199,22.189005
-30.098425,9.970138,22.190538
-31.681763,5.240556,22.182659
-33.174293,0.245783,22.180518
-34.470953,-5.466003,22.192480
-34.427094,-11.118511,22.192761
-32.702306,-16.728892,22.186707
-29.479697,-21.628264,22.184158
-25.219397,-25.663181,22.180492
-20.507500,-28.770110,22.182303
-15.401948,-31.178259,22.189565
-10.014280,-32.865879,22.179308
-4.639250,-33.609713,22.181852
0.788478,-33.456051,22.187865
6.121451,-32.451889,22.191507
11.054288,-30.773602,22.191610
15.957768,-28.451475,22.180233
20.452941,-25.813242,22.188607
24.632299,-22.713885,22.190799
28.637696,-19.039783,22.181999
32.336830,-14.785413,22.179405
35.400139,-9.793087,22.179402
37.803210,-4.172062,22.183128
38.567539,1.818689,22.188988
37.543135,7.634204,22.186536
35.059093,13.175284,22.178302
31.462959,17.799863,22.185785
27.527944,21.863913,22.191472
23.338637,25.297738,22.190940
18.863832,28.000011,22.188790
13.438300,28.804674,18.791300
8.891638,30.274790,18.780154
4.230235,31.305613,18.779773
-0.525496,31.833133,18.785467
-5.508688,31.587797,18.786495
-10.134535,30.379822,18.786757
-14.732231,28.417755,18.782356
-18.986629,25.805093,18.781212
-22.624524,22.703368,18.781441
-25.863059,18.900614,18.779760
-28.480610,14.646360,18.783084
-30.582996,10.115155,18.791762
-32.306428,5.199162,18.789334
-33.703322,0.178143,18.787051
-34.786622,-5.364522,18.793812
-34.908207,-11.229653,18.791924
-33.334018,-17.115243,18.784540
-30.170690,-22.046857,18.781990
-25.780215,-26.276442,18.785034
-20.947759,-29.587824,18.784496
-15.885330,-32.094468,18.779797
-10.320532,-33.950839,18.783194
-4.726418,-34.706069,18.784479
0.916115,-34.421526,18.787031
6.232551,-33.320281,18.791938
11.373797,-31.575345,18.789971
16.302359,-29.299704,18.778916
20.950626,-26.496351,18.784582
25.265208,-23.200633,18.787175
29.357392,-19.313203,18.781384
32.962776,-14.963515,18.780134
35.916416,-9.889684,18.780417
37.535198,-4.260450,18.777844
37.811488,1.617963,18.783061
36.664373,7.584420,18.791828
34.139814,12.887212,18.789966
30.686485,17.356936,18.783233
26.755570,21.104655,18.781293
22.380247,24.323681,18.786511
18.027674,26.800406,18.792714
12.904705,27.690230,15.384426
8.573809,29.069408,15.388626
4.133471,30.044480,15.388761
-0.599184,30.567129,15.384387
-5.361813,30.475059,15.384218
-10.054516,29.655201,15.390196
-14.524371,28.012704,15.389022
-18.676170,25.671098,15.388451
-22.581478,22.584003,15.384785
-25.946711,18.912344,15.377632
-28.715002,14.773358,15.380882
-30.901816,10.302196,15.384503
-32.678965,5.417063,15.388422
-33.978711,0.170634,15.392467
-34.798685,-5.403700,15.392507
-34.971730,-11.460440,15.388557
-33.592781,-17.156534,15.387359
-30.409656,-22.303607,15.378846
-26.098413,-26.592099,15.385368
-21.372858,-30.019580,15.391168
-16.201146,-32.748745,15.376781
-10.697096,-34.724963,15.384646
-4.921697,-35.617854,15.387029
0.919988,-35.345830,15.381426
6.416891,-34.135936,15.377745
11.714617,-32.232730,15.379059
16.596418,-29.896543,15.384703
21.156013,-26.988847,15.386365
25.558762,-23.473267,15.388345
29.553978,-19.524149,15.386162
33.059465,-15.107076,15.379575
35.922711,-9.990536,15.383877
37.073245,-4.076912,15.389693
36.980945,1.601608,15.388637
35.816541,7.298493,15.382495
33.250305,12.569952,15.379050
29.996368,16.903108,15.383137
25.991902,20.528590,15.387726
21.674281,23.444843,15.387680
17.289151,25.824389,15.384739
12.459699,26.754577,11.977644
8.354527,28.034263,11.989721
3.934436,28.974039,11.991440
-0.553137,29.434237,11.987097
-5.074020,29.448449,11.989364
-9.783907,28.987912,11.990714
-14.291261,27.564095,11.982914
-18.483258,25.348142,11.984414
-22.445880,22.393659,11.992417
-25.909927,18.857885,11.992071
-28.804271,14.845128,11.987903
-31.146021,10.249839,11.990040
-32.934399,5.396480,11.987418
-34.049033,0.151903,11.984037
-34.579472,-5.424852,11.985607
-34.755837,-11.225561,11.984336
-33.439420,-17.115531,11.984889
-30.361455,-22.281308,11.984815
-26.177894,-26.638901,11.982033
-21.585566,-30.183307,11.982901
-16.339309,-33.144021,11.987724
-10.708694,-35.284584,11.983301
-4.992323,-36.326138,11.985767
0.814882,-36.186118,11.990808
6.483173,-34.918423,11.985048
11.893526,-32.803495,11.978531
16.849677,-30.213201,11.991370
21.261654,-27.149178,11.985521
25.535952,-23.531474,11.978688
29.419375,-19.526080,11.983098
32.921839,-14.877238,11.989429
35.620442,-9.717532,11.991775
36.528433,-4.019735,11.979369
36.317868,1.623711,11.981447
35.068690,7.257658,11.993123
32.531831,12.264598,11.989936
29.264379,16.545833,11.983694
25.201677,20.045546,11.980481
21.017657,22.720583,11.976984
16.823973,24.931459,11.973585
12.081182,25.954458,8.580360
8.013245,27.192681,8.583826
3.843265,28.047185,8.581351
-0.596553,28.467905,8.584273
-4.854460,28.527545,8.590529
-9.528786,28.296038,8.578490
-14.031310,27.048433,8.584771
-18.227507,24.950150,8.588264
-22.211234,22.119787,8.585330
-25.737605,18.723969,8.584691
-28.721876,14.846069,8.578330
-31.122365,10.348188,8.577479
-32.982587,5.348596,8.586275
-33.927771,0.138430,8.587191
-34.198468,-5.397632,8.577023
-34.266157,-11.135086,8.576380
-32.941573,-16.952110,8.583036
-30.089921,-21.931264,8.584025
-26.079502,-26.352863,8.583421
-21.479745,-30.130426,8.584622
-16.385642,-33.216208,8.583673
-10.867695,-35.458122,8.584167
-5.036624,-36.703592,8.591024
0.917375,-36.671918,8.587707
6.721650,-35.325786,8.582111
12.007527,-33.073351,8.586053
16.796591,-30.307192,8.583909
21.200201,-26.971150,8.582679
25.314000,-23.265839,8.586731
29.060251,-19.212907,8.588064
32.285461,-14.709373,8.585165
34.864293,-9.564890,8.588768
35.873354,-3.937199,8.586705
35.712286,1.633212,8.582271
34.389916,7.193629,8.586291
31.911119,11.917925,8.592322
28.451197,16.240775,8.583472
24.532673,19.494659,8.585176
20.374548,22.103588,8.587752
16.211713,24.259464,8.582990
11.744454,25.241162,5.179035
7.748833,26.461201,5.187136
3.650651,27.289521,5.190301
-0.504748,27.675298,5.187386
-4.686488,27.747573,5.183119
-9.280836,27.576657,5.178322
-13.730057,26.445039,5.185028
-17.890744,24.466403,5.187814
-21.857938,21.761025,5.181640
-25.400206,18.508428,5.180755
-28.546037,14.602013,5.190256
-30.961881,10.213752,5.183349
-32.781982,5.297628,5.176878
-33.618891,0.164240,5.179273
-33.708475,-5.281229,5.181933
-33.560086,-10.916007,5.182464
-32.231969,-16.407710,5.186384
-29.391817,-21.518928,5.182553
-25.545067,-25.937916,5.183813
-21.124844,-29.771145,5.186945
-16.222413,-32.962047,5.180256
-10.846839,-35.272333,5.182965
-4.928686,-36.619622,5.181374
0.917573,-36.608092,5.184482
6.620503,-35.268811,5.191683
11.963829,-32.882500,5.189298
16.554361,-29.976125,5.179986
20.928825,-26.418758,5.179353
24.721192,-22.822502,5.180186
28.323433,-18.762357,5.180940
31.384923,-14.270533,5.182876
33.801279,-9.168795,5.181016
35.015194,-3.875255,5.188582
35.025902,1.574053,5.191598
33.659477,7.041687,5.187672
31.165059,11.644018,5.185569
27.652371,15.793733,5.181986
23.771138,18.960256,5.185879
19.699250,21.533569,5.186222
15.800315,23.564989,5.180407
11.421911,24.560536,1.786105
7.541366,25.780239,1.790062
3.556421,26.602303,1.782405
-0.488657,26.999337,1.780720
-4.762300,27.062394,1.789768
-9.026359,26.811783,1.785064
-13.369138,25.742112,1.788077
-17.446225,23.885123,1.790663
-21.349571,21.307768,1.785968
-24.853220,18.204616,1.782334
-27.992774,14.464684,1.786640
-30.525358,10.058923,1.788151
-32.289887,5.274982,1.782897
-33.097353,0.064849,1.782096
-33.073908,-5.031487,1.788909
-32.628428,-10.502030,1.791266
-31.192345,-15.809478,1.785275
-28.448033,-20.795849,1.780457
-24.783378,-25.162379,1.777968
-20.576429,-29.004744,1.778741
-15.897684,-32.249127,1.783449
-10.700541,-34.581238,1.782828
-4.941660,-35.912198,1.779702
0.949643,-35.863208,1.785718
6.495543,-34.516820,1.790326
11.667513,-32.134424,1.787319
16.206884,-29.042458,1.791205
20.241197,-25.623224,1.787502
24.013195,-21.918615,1.786883
27.308005,-18.042893,1.790094
30.177643,-13.603644,1.791041
32.342577,-8.780739,1.790371
33.845543,-3.689023,1.780605
34.047231,1.577868,1.778468
32.716365,6.720479,1.781296
30.160242,11.352832,1.777811
26.796421,15.168655,1.779272
23.036318,18.282112,1.780850
19.125291,20.858349,1.781327
15.356324,22.887298,1.782569
11.080159,23.846889,-1.614813
7.369191,25.073904,-1.617350
3.552636,25.910425,-1.618009
-0.525648,26.357079,-1.613261
-4.629295,26.385431,-1.608185
-8.712918,25.983002,-1.609077
-12.885635,24.942827,-1.608684
-16.819992,23.212403,-1.615862
-20.600850,20.777480,-1.617553
-24.145697,17.707109,-1.610927
-27.313704,13.987702,-1.621624
-29.796730,9.779617,-1.614000
-31.480022,5.188527,-1.605872
-32.276228,0.173214,-1.613413
-32.182095,-4.910009,-1.622470
-31.377469,-10.123504,-1.615084
-29.811787,-15.169590,-1.608714
-27.135070,-19.930082,-1.614100
-23.794975,-24.026166,-1.614737
-19.827981,-27.791788,-1.608136
-15.339914,-30.922166,-1.609059
-10.163144,-33.229943,-1.614355
-4.807590,-34.400866,-1.617363
0.850942,-34.285844,-1.619836
6.171494,-32.957021,-1.621263
11.127711,-30.646643,-1.616768
15.454948,-27.627834,-1.608973
19.336717,-24.347532,-1.613052
22.800511,-20.909120,-1.611549
25.910223,-17.133457,-1.609303
28.561376,-12.807038,-1.617412
30.458694,-8.310665,-1.621718
32.138002,-3.478467,-1.617617
32.480769,1.541435,-1.618664
31.162538,6.496981,-1.618101
28.717214,10.943329,-1.610017
25.479277,14.601042,-1.615768
22.084158,17.551723,-1.619702
18.413343,20.145511,-1.618256
14.836064,22.175165,-1.615566
10.690104,23.043154,-5.010215
7.032361,24.320565,-5.016844
3.443002,25.157402,-5.021665
-0.403536,25.638176,-5.022336
-4.457855,25.636691,-5.022715
-8.289450,25.070461,-5.022846
-12.394531,23.985039,-5.020431
-16.274999,22.283938,-5.012940
-19.836901,19.972012,-5.012233
-23.172487,17.063130,-5.018476
-26.177037,13.565371,-5.011862
-28.656909,9.456359,-5.008004
-30.281435,4.950319,-5.010789
-31.051881,0.203682,-5.014616
-30.893631,-4.763840,-5.013904
-29.759544,-9.617438,-5.011478
-28.110214,-14.325276,-5.017800
-25.648479,-18.634138,-5.011752
-22.433723,-22.699489,-5.012255
-18.691048,-26.239694,-5.018913
-14.310391,-28.987838,-5.011974
-9.523405,-30.931330,-5.015261
-4.441493,-31.865571,-5.019111
0.718853,-31.663947,-5.017139
5.736590,-30.417956,-5.015781
10.279014,-28.381011,-5.018125
14.301384,-25.771280,-5.016915
18.063675,-22.793819,-5.013854
21.347293,-19.565368,-5.014747
24.221611,-15.949265,-5.016394
26.538656,-11.970004,-5.013555
28.215228,-7.680136,-5.009856
29.747698,-3.104261,-5.013050
30.081033,1.450019,-5.019316
28.931382,6.150370,-5.017973
26.848092,10.255955,-5.009562
24.055482,13.688232,-5.010481
20.873388,16.773545,-5.019440
17.681202,19.273974,-5.021209
14.207353,21.391191,-5.013963
10.224340,22.093263,-8.412542
6.858814,23.345879,-8.415394
3.218809,24.261079,-8.419001
-0.513730,24.770037,-8.416759
-4.266488,24.731380,-8.411947
-7.956725,24.012399,-8.412167
-11.737939,22.919702,-8.409699
-15.477594,21.254493,-8.411926
-18.895235,18.978874,-8.416614
-21.941810,16.234891,-8.415507
-24.779738,12.817133,-8.412639
-27.032141,8.980813,-8.416504
-28.490011,4.796237,-8.416958
-29.227858,0.217719,-8.413148
-29.020959,-4.371008,-8.415481
-27.719140,-8.805197,-8.421555
-26.102670,-13.138379,-8.412523
-23.734682,-17.265062,-8.416584
-20.921597,-20.965699,-8.422511
-17.299511,-24.293968,-8.419295
-13.165080,-26.386752,-8.417845
-8.624132,-27.906381,-8.413469
-3.881707,-28.472240,-8.414027
0.730296,-28.159648,-8.416098
5.220638,-27.116633,-8.417357
9.353682,-25.483429,-8.417494
13.104199,-23.439824,-8.416669
16.588944,-20.965181,-8.421524
19.784145,-17.884768,-8.417436
22.277021,-14.619622,-8.413368
24.315644,-10.870076,-8.415745
25.721350,-6.837952,-8.411762
26.768197,-2.684477,-8.418772
26.998923,1.395990,-8.417841
26.215963,5.612888,-8.415480
24.612552,9.386373,-8.421231
22.269300,12.748934,-8.412580
19.677570,15.712813,-8.413691
16.756317,18.331803,-8.417851
13.609782,20.410451,-8.415056
9.810331,20.898816,-11.809453
6.468582,22.203980,-11.815606
3.163547,23.082587,-11.822116
-0.389908,23.609549,-11.817735
-3.966248,23.571872,-11.808859
-7.615847,22.760003,-11.815370
-11.035321,21.672873,-11.812893
-14.562304,20.036149,-11.809903
-17.641357,17.909123,-11.813123
-20.560564,15.102399,-11.815879
-22.928959,12.011124,-11.815269
-24.858376,8.441818,-11.813962
-26.070740,4.429706,-11.814702
-26.626980,0.235679,-11.817325
-26.405346,-3.942031,-11.817753
-25.153172,-7.966621,-11.813304
-23.616222,-11.890023,-11.809498
-21.614133,-15.561024,-11.811009
-19.060605,-19.156194,-11.809969
-15.805075,-21.975142,-11.810494
-11.701961,-23.547144,-11.817835
-7.617570,-24.566480,-11.815480
-3.431821,-24.775921,-11.819488
0.616595,-24.431322,-11.819924
4.581296,-23.650693,-11.812142
8.293066,-22.460901,-11.809794
11.873519,-20.932243,-11.819684
15.170638,-18.856233,-11.822829
17.999857,-16.181191,-11.812022
20.211321,-13.161873,-11.811295
21.966409,-9.685405,-11.822071
23.073167,-6.112999,-11.814384
23.634281,-2.261536,-11.810600
23.735453,1.479191,-11.811028
23.325545,5.039275,-11.809517
22.153036,8.590918,-11.810088
20.272211,11.819165,-11.818798
18.157410,14.722255,-11.819423
15.668494,17.283169,-11.813793
12.871263,19.287775,-11.809524
9.134959,19.565944,-15.220725
6.011005,20.818230,-15.221363
2.908217,21.654314,-15.217917
-0.425781,22.132889,-15.217244
-3.780432,22.062332,-15.218917
-7.057599,21.317553,-15.215021
-10.370027,20.175793,-15.215751
-13.505356,18.624516,-15.215060
-16.332385,16.558650,-15.211177
-18.746314,14.022199,-15.212493
-20.783571,11.006039,-15.220811
-22.283579,7.679527,-15.216885
-23.054521,3.994672,-15.210844
-23.338010,0.347772,-15.213185
-23.210634,-3.275350,-15.218646
-22.205423,-6.925522,-15.219882
-20.849599,-10.307129,-15.217841
-19.220000,-13.702774,-15.215307
-17.070523,-17.027036,-15.218684
-14.074857,-19.482538,-15.219386
-10.313045,-20.690811,-15.210968
-6.594961,-21.383081,-15.212176
-2.966917,-21.388280,-15.211978
0.528488,-21.065862,-15.209766
3.969280,-20.475515,-15.208208
7.222563,-19.620926,-15.211748
10.543993,-18.521289,-15.221548
13.599583,-16.809270,-15.221112
16.166188,-14.427433,-15.212831
18.107870,-11.682585,-15.212406
19.617677,-8.520800,-15.218241
20.513010,-5.279279,-15.214871
20.706790,-1.931949,-15.215548
20.733941,1.293841,-15.211172
20.541864,4.644678,-15.211253
19.737034,7.765390,-15.219730
18.363612,10.675316,-15.213672
16.699618,13.444205,-15.207758
14.543365,16.002590,-15.209376
11.989123,17.990383,-15.215341
8.349885,18.011692,-18.614077
5.584788,19.127707,-18.616518
2.711229,19.881317,-18.615927
-0.367424,20.282158,-18.612975
-3.464628,20.203766,-18.611177
-6.497930,19.560520,-18.609014
-9.415605,18.510718,-18.615769
-12.172308,17.086437,-18.616243
-14.727926,15.124371,-18.611128
-16.815574,12.663137,-18.611457
-18.396184,9.852978,-18.611129
-19.408976,6.782911,-18.615941
-19.677630,3.580915,-18.619342
-19.690720,0.476971,-18.616094
-19.683538,-2.744012,-18.611206
-19.069982,-5.786299,-18.612169
-17.855385,-8.769716,-18.616041
-16.655036,-11.766236,-18.620320
-14.904851,-14.762368,-18.619205
-12.304124,-16.869422,-18.611536
-9.024639,-18.044490,-18.608497
-5.713229,-18.544883,-18.617463
-2.619228,-18.477669,-18.613862
0.473066,-18.198734,-18.610552
3.407304,-17.740064,-18.610025
6.311560,-17.078920,-18.609998
9.295973,-16.245383,-18.615310
12.048360,-14.811829,-18.613975
14.334262,-12.715469,-18.610323
16.091541,-10.160216,-18.607607
17.333458,-7.449481,-18.610359
18.070482,-4.563119,-18.619898
18.090439,-1.594332,-18.619017
18.076835,1.259934,-18.612274
18.019108,4.110197,-18.609686
17.466454,6.909802,-18.611906
16.365585,9.672308,-18.612149
15.041672,12.209511,-18.616629
13.255409,14.574321,-18.619667
10.963921,16.502772,-18.616629
7.429122,16.181663,-22.018069
4.919452,17.165709,-22.016639
2.409189,17.760385,-22.012653
-0.268775,18.034194,-22.012767
-3.065810,17.943224,-22.020032
-5.716741,17.476398,-22.017948
-8.353301,16.547668,-22.018301
-10.825725,15.220048,-22.016567
-12.982394,13.444912,-22.015509
-14.700226,11.094790,-22.017855
-15.821162,8.529943,-22.010701
-16.382354,5.782381,-22.010474
-16.292476,3.096444,-22.018260
-16.122508,0.527054,-22.018742
-16.196937,-2.062943,-22.011406
-15.891994,-4.736330,-22.014351
-14.923050,-7.121582,-22.020506
-14.053654,-9.806431,-22.017712
-12.638786,-12.396362,-22.012337
-10.443752,-14.212645,-22.014844
-7.855928,-15.502380,-22.018957
-4.975111,-15.901074,-22.016809
-2.175470,-15.799314,-22.019210
0.396538,-15.579011,-22.023460
2.949516,-15.206442,-22.020337
5.481743,-14.688854,-22.011314
8.088012,-14.026261,-22.009101
10.493360,-12.813260,-22.014818
12.484750,-10.999678,-22.010850
13.991392,-8.771796,-22.012735
15.085097,-6.304300,-22.018679
15.685763,-3.791540,-22.010061
15.596270,-1.216010,-22.017375
15.557441,1.259044,-22.023466
15.552197,3.735224,-22.023086
15.159633,6.179306,-22.018308
14.362087,8.520958,-22.007871
13.272913,10.872704,-22.015204
11.730322,13.065316,-22.026264
9.779404,14.789831,-22.023988
6.427491,13.978877,-25.417806
4.215196,14.800945,-25.420005
1.997653,15.237938,-25.420935
-0.261730,15.379711,-25.421722
-2.523678,15.294111,-25.421243
-4.859167,14.985740,-25.415198
-7.092933,14.261114,-25.414260
-9.254063,13.093733,-25.414702
-11.022143,11.549628,-25.414521
-12.329752,9.476633,-25.416341
-13.069824,7.240689,-25.414694
-13.335180,4.898862,-25.411138
-13.118407,2.645063,-25.412377
-12.897612,0.584556,-25.413023
-12.980424,-1.506427,-25.410289
-12.888623,-3.677609,-25.411531
-12.103461,-5.690252,-25.408423
-11.493156,-7.909467,-25.415312
-10.356197,-9.962830,-25.421574
-8.544324,-11.574792,-25.416175
-6.586751,-12.971996,-25.410103
-4.148825,-13.263945,-25.410633
-1.876786,-13.173510,-25.418025
0.372371,-13.004560,-25.421036
2.524853,-12.704766,-25.414665
4.657671,-12.288328,-25.412340
6.849079,-11.726527,-25.420360
8.879005,-10.716353,-25.413509
10.551792,-9.190364,-25.408356
11.807010,-7.306914,-25.413815
12.713146,-5.224505,-25.420651
13.197667,-3.106198,-25.418295
13.077957,-0.850508,-25.410953
13.039511,1.139874,-25.406722
13.059700,3.223446,-25.413043
12.791844,5.288063,-25.421413
12.177372,7.370598,-25.411867
11.296340,9.463776,-25.409123
10.036520,11.334932,-25.413592
8.333901,12.859808,-25.416112
5.105320,11.375766,-28.818305
3.399873,11.963037,-28.810795
1.629454,12.243162,-28.809843
-0.168294,12.285733,-28.814269
-1.962339,12.202285,-28.814640
-3.824408,12.024220,-28.813481
-5.621884,11.533391,-28.812816
-7.359022,10.642860,-28.816147
-8.796357,9.348510,-28.820890
-9.709826,7.710569,-28.821275
-10.190114,5.828818,-28.821142
-10.283609,4.033098,-28.822186
-10.048253,2.250086,-28.817276
-9.824644,0.692350,-28.814086
-9.889100,-0.893848,-28.817243
-9.927060,-2.623027,-28.811291
-9.349837,-4.154821,-28.816584
-8.919388,-5.941971,-28.818649
-8.023371,-7.541665,-28.815404
-6.681092,-8.828244,-28.812988
-5.281735,-10.202049,-28.811567
-3.334061,-10.426333,-28.815829
-1.454159,-10.385971,-28.811776
0.329211,-10.271268,-28.815763
2.040549,-10.034738,-28.815881
3.803370,-9.690191,-28.812013
5.532264,-9.202655,-28.815579
7.126481,-8.367491,-28.815431
8.439081,-7.138950,-28.812678
9.426395,-5.638722,-28.811738
10.139084,-3.980638,-28.812802
10.500762,-2.224180,-28.812869
10.372308,-0.505342,-28.812285
10.327718,1.074207,-28.814979
10.350606,2.729265,-28.814032
10.172210,4.443019,-28.809789
9.723420,6.107851,-28.814003
9.084505,7.717999,-28.817181
8.060375,9.271752,-28.819004
6.700624,10.475087,-28.820575
3.499912,7.984156,-32.217178
2.308943,8.335274,-32.217005
1.086796,8.461364,-32.217258
-0.098702,8.427704,-32.218424
-1.279685,8.353991,-32.219456
-2.512198,8.286188,-32.216247
-3.771726,8.062086,-32.216221
-5.006061,7.539961,-32.216873
-5.992877,6.723344,-32.212422
-6.615387,5.542217,-32.210391
-6.871495,4.231844,-32.210804
-6.876815,2.997987,-32.211444
-6.665224,1.781145,-32.211526
-6.455451,0.721690,-32.212264
-6.511161,-0.315849,-32.212844
-6.605605,-1.455910,-32.209794
-6.223111,-2.506825,-32.217183
-5.989083,-3.701756,-32.219489
-5.350362,-4.818279,-32.216004
-4.524314,-5.716019,-32.217491
-3.656927,-6.891095,-32.217989
-2.290282,-7.041687,-32.213695
-1.006213,-7.062136,-32.216562
0.268407,-7.000978,-32.215254
1.492026,-6.823809,-32.215968
2.692271,-6.545907,-32.216895
3.858708,-6.141635,-32.213528
4.932981,-5.533922,-32.211292
5.853215,-4.639351,-32.214888
6.529649,-3.608897,-32.214285
7.026586,-2.472338,-32.211184
7.255626,-1.265857,-32.211058
7.166784,-0.084079,-32.213175
7.124321,1.050113,-32.218828
7.116174,2.135875,-32.221102
7.012480,3.314342,-32.218149
6.748862,4.468594,-32.215508
6.295212,5.621702,-32.215850
5.589839,6.627248,-32.217151
4.625349,7.415131,-32.217426
-0.370678,0.534935,-35.615128
4.466880,23.480240,32.384872
1.107917,24.241620,32.384872
-2.327120,24.505000,32.384872
-5.889006,24.219739,32.384872
-9.223799,23.354573,32.384872
-12.446166,21.809877,32.384872
-15.203647,19.742797,32.384872
-17.521460,17.192264,32.384872
-19.298337,14.238382,32.384872
-20.389094,11.105084,32.384872
-20.811153,7.941257,32.384872
-20.669911,4.754355,32.384872
-20.108857,1.873916,32.384872
-19.191793,-0.913469,32.384872
-18.022564,-3.464957,32.384872
-16.667730,-5.775946,32.384872
-15.177836,-7.847141,32.384872
-13.416693,-9.865784,32.384872
-11.561228,-11.617178,32.384872
-9.328339,-13.317537,32.384872
-7.019694,-14.678269,32.384872
-4.316913,-15.821511,32.384872
-1.475057,-16.556054,32.384872
1.574864,-16.840001,32.384872
4.627816,-16.574343,32.384872
7.684390,-15.654063,32.384872
10.464365,-14.089095,32.384872
12.872042,-11.992219,32.384872
14.960903,-9.415170,32.384872
16.575208,-6.664158,32.384872
17.805886,-3.721311,32.384872
18.673582,-0.519817,32.384872
19.097956,2.641337,32.384872
19.088233,5.958550,32.384872
18.549312,9.361218,32.384872
17.417335,12.616139,32.384872
15.692941,15.596715,32.384872
13.445397,18.215736,32.384872
10.777415,20.423696,32.384872
6.456284,19.499343,29.384531
3.469059,19.901833,29.387756
0.465586,19.840910,29.388367
-2.278690,19.416597,29.384096
-4.783467,18.507646,29.381793
-7.331400,17.899326,29.383044
-10.337460,17.903763,29.383572
-12.679776,16.434560,29.384653
-14.690270,14.466106,29.383659
-16.234418,12.201964,29.383950
-17.263280,9.605145,29.384250
-17.764978,7.008859,29.384933
-17.739512,4.359545,29.390216
-17.524417,1.825611,29.386335
-16.940627,-0.491459,29.380828
-16.268571,-2.826518,29.380507
-15.644493,-5.152966,29.383935
-14.047073,-7.091617,29.387887
-12.750939,-9.112666,29.389903
-11.514476,-11.583128,29.387853
-9.579980,-13.587808,29.382002
-7.238234,-15.501759,29.378532
-4.531587,-17.047991,29.379452
-1.455881,-18.149845,29.383283
1.863304,-18.748506,29.387401
5.357248,-18.485767,29.388171
8.608758,-17.237530,29.381855
11.507566,-15.458635,29.379410
14.084409,-13.127674,29.381957
16.053700,-10.230566,29.383037
17.690026,-7.271276,29.388478
18.823065,-3.981311,29.389821
19.455157,-0.651337,29.386682
19.595592,2.709193,29.386323
19.011028,6.038931,29.388011
17.914567,9.105805,29.383166
16.311464,12.060055,29.382283
14.743982,14.813913,29.381246
12.562648,17.288201,29.379466
9.614483,18.718389,29.381130
5.657176,17.882018,26.389959
2.804672,17.879043,26.386739
0.220924,17.512875,26.388470
-2.191145,16.871003,26.383388
-4.353315,15.821096,26.383614
-6.498585,15.291507,26.390695
-8.867559,15.290303,26.388982
-10.854083,13.974088,26.380195
-12.530918,12.424451,26.387249
-13.950590,10.547503,26.390067
-14.945398,8.500169,26.383244
-15.584321,6.342089,26.382236
-15.838369,4.098194,26.390196
-15.973047,1.951456,26.386017
-15.744156,-0.273433,26.383119
-15.449051,-2.535863,26.386639
-15.210459,-4.899772,26.386630
-13.927238,-6.864671,26.384720
-12.740149,-9.057988,26.380935
-11.690201,-11.828299,26.379101
-9.836655,-14.171281,26.384271
-7.514423,-16.405566,26.389042
-4.631986,-18.264659,26.386497
-1.396631,-19.498597,26.382416
2.115908,-20.107956,26.381705
5.797507,-19.832668,26.379463
9.272365,-18.629970,26.381628
12.611308,-16.764701,26.384578
15.437680,-14.424637,26.382617
17.733759,-11.381182,26.378821
19.473953,-8.123343,26.381779
20.510761,-4.480022,26.384272
20.955913,-0.923428,26.386558
20.816907,2.745649,26.386133
19.809839,6.175453,26.379437
18.207441,9.231118,26.377967
16.243278,11.902008,26.387987
14.285248,14.490567,26.386641
11.818788,16.604745,26.381154
8.729524,17.573662,26.386640
5.165784,16.877648,23.382338
2.408392,16.683486,23.383551
0.053715,16.210756,23.384070
-2.234148,15.466764,23.385301
-4.165090,14.476430,23.389220
-5.964058,13.828397,23.386944
-7.814304,13.344699,23.379758
-9.472623,12.136658,23.382500
-10.915642,10.857455,23.389976
-12.166217,9.406223,23.389002
-13.254613,7.668122,23.386213
-14.047034,5.919376,23.388084
-14.639250,3.963370,23.387360
-15.099077,1.966398,23.380664
-15.298592,-0.175592,23.379341
-15.342685,-2.474479,23.386104
-15.259163,-4.994380,23.389566
-14.386312,-7.344495,23.382653
-13.343538,-9.665581,23.378631
-12.086343,-12.380243,23.382535
-10.222851,-15.045231,23.385595
-7.872597,-17.464708,23.380984
-4.877757,-19.466894,23.380144
-1.374640,-20.760560,23.385411
2.323138,-21.245628,23.387688
6.159549,-20.927588,23.383427
9.974569,-19.836709,23.379061
13.541830,-18.089294,23.380835
16.811014,-15.637295,23.387160
19.482016,-12.537726,23.389961
21.355101,-9.033052,23.385570
22.412274,-5.091809,23.383352
22.772372,-1.127703,23.388800
22.429682,2.697018,23.389654
21.163432,6.336709,23.381030
19.100931,9.587100,23.381463
16.653670,12.226973,23.379149
14.097565,14.445432,23.380805
11.285635,16.011019,23.383884
8.222262,16.725728,23.383082
4.868543,16.264353,20.380415
2.274735,16.016042,20.385355
-0.031814,15.523068,20.379893
-2.142632,14.799000,20.380191
-4.070242,13.936309,20.379869
-5.671938,12.994064,20.383011
-7.077473,11.970902,20.389485
-8.453576,10.911652,20.387985
-9.775986,9.785460,20.387933
-10.992602,8.545025,20.389577
-12.070993,7.183551,20.384675
-13.077663,5.617075,20.380487
-13.994644,3.856230,20.388355
-14.761093,1.892494,20.383147
-15.369980,-0.262134,20.378886
-15.717606,-2.587118,20.384776
-15.712005,-5.195253,20.390611
-15.410532,-8.056388,20.386641
-14.343312,-10.798756,20.380911
-12.745076,-13.341700,20.381476
-10.816786,-16.224951,20.387289
-8.195523,-18.864641,20.390658
-5.039069,-20.869347,20.389003
-1.394541,-22.082292,20.388322
2.573860,-22.381482,20.389013
6.523913,-21.979030,20.382686
10.630707,-20.974138,20.378141
14.459488,-19.231328,20.382596
17.929574,-16.799101,20.387631
20.970921,-13.703083,20.383539
23.087082,-9.765416,20.379061
24.176035,-5.682166,20.386733
24.508748,-1.348736,20.392680
23.996500,2.841718,20.389375
22.547754,6.675480,20.387291
20.264785,9.928029,20.389638
17.324067,12.607412,20.386537
14.089067,14.435503,20.389586
10.907892,15.531242,20.389844
7.723172,16.140047,20.382042
4.693077,15.896446,17.381280
2.119341,15.654396,17.391699
-0.165311,15.189953,17.387054
-2.116493,14.546212,17.390048
-3.970557,13.869232,17.384658
-5.543707,12.614942,17.377647
-6.672591,11.187907,17.381863
-8.007207,10.159988,17.382138
-9.196955,9.165444,17.381623
-10.336609,8.112619,17.381175
-11.486529,6.889559,17.383606
-12.627991,5.482406,17.386251
-13.812187,3.787616,17.384509
-14.756192,1.954068,17.386031
-15.727597,-0.324708,17.382193
-16.348636,-2.806262,17.379124
-16.422817,-5.525023,17.387541
-16.608986,-8.949400,17.383621
-15.610954,-12.162588,17.383857
-13.728969,-14.881028,17.387806
-11.592588,-17.941026,17.380814
-8.742729,-20.559863,17.383429
-5.237763,-22.561264,17.389518
-1.390148,-23.630200,17.389766
2.757667,-23.720927,17.384061
6.983414,-23.151598,17.378464
11.135039,-22.112193,17.379355
15.207107,-20.197901,17.385393
18.827137,-17.651013,17.387123
22.158936,-14.419299,17.383665
24.272117,-10.416445,17.386830
25.454482,-6.030315,17.384974
25.752403,-1.523878,17.386014
25.136833,2.840400,17.386826
23.603637,6.820391,17.382269
21.058252,10.246686,17.385329
17.829193,12.867181,17.385666
14.141337,14.364796,17.383187
10.455108,15.201648,17.378246
7.516114,15.725651,17.375317
4.590019,15.671670,14.389728
2.053934,15.494226,14.389351
-0.193730,15.109604,14.388320
-2.105657,14.565530,14.385722
-4.078925,13.964477,14.385933
-5.538329,12.719789,14.384374
-6.677854,11.054891,14.385141
-7.864967,10.169631,14.390682
-9.096644,9.139738,14.387641
-10.288690,8.064173,14.381007
-11.513806,6.831524,14.380441
-12.662739,5.522620,14.385591
-13.974094,3.830906,14.388954
-15.039669,1.981070,14.388565
-16.158496,-0.323814,14.387885
-17.036479,-3.107100,14.385036
-17.279638,-6.047962,14.379209
-17.651043,-9.816712,14.386311
-17.034269,-13.573237,14.391962
-15.249584,-16.935573,14.385861
-12.699756,-20.195899,14.379474
-9.445552,-22.763714,14.385848
-5.569970,-24.631855,14.388259
-1.259919,-25.556919,14.386547
3.163750,-25.448190,14.388839
7.497625,-24.603550,14.389833
11.694180,-23.191340,14.385179
15.758359,-20.903088,14.378512
19.342393,-18.058487,14.381415
22.531909,-14.643512,14.389893
24.578969,-10.578317,14.383815
25.744376,-6.161053,14.383129
25.976442,-1.628267,14.384232
25.234788,2.876235,14.385030
23.630932,6.843769,14.388019
21.023406,10.243688,14.385886
17.726506,12.804056,14.386046
13.851470,14.192542,14.389078
10.277952,14.900152,14.390751
7.241061,15.461143,14.390380
4.519005,15.506437,11.389083
2.067737,15.437426,11.379098
-0.101044,15.172827,11.384930
-2.212482,14.703745,11.389621
-4.110227,14.228241,11.387250
-5.696703,13.066963,11.384259
-6.891452,11.562884,11.385640
-8.226694,10.610507,11.386205
-9.460786,9.538615,11.379353
-10.746881,8.319490,11.377570
-11.969769,7.041041,11.378527
-13.194394,5.576009,11.380119
-14.408666,3.932456,11.384333
-15.554205,1.923547,11.380871
-16.666442,-0.424594,11.380425
-17.639027,-3.250112,11.386678
-18.130802,-6.487001,11.386673
-18.450739,-10.424166,11.387063
-18.243630,-14.807431,11.386405
-16.683725,-19.143697,11.384230
-13.786811,-22.437961,11.383488
-10.060170,-24.972483,11.380926
-5.875586,-26.613480,11.380948
-1.297530,-27.371183,11.381861
3.470631,-27.168139,11.382079
7.963560,-26.015959,11.383837
12.117428,-23.970862,11.381403
15.895715,-21.269269,11.384439
19.154087,-17.985521,11.388718
21.750993,-14.141780,11.386595
23.681669,-10.079792,11.389155
24.808012,-5.858331,11.390548
24.914516,-1.371204,11.386819
24.081995,2.784871,11.384824
22.458053,6.681095,11.385699
20.088694,9.847638,11.381820
16.996890,12.336750,11.386951
13.357389,13.821031,11.390682
10.025887,14.629070,11.392682
7.081937,15.237992,11.394833
4.443706,15.325474,8.388516
2.012998,15.386011,8.386774
-0.145382,15.239011,8.383806
-2.140405,14.935586,8.385959
-4.148311,14.515838,8.390383
-5.902018,13.575299,8.390424
-7.346148,12.335739,8.385245
-8.806363,11.362119,8.382469
-10.202332,10.088386,8.389579
-11.432522,8.830870,8.390475
-12.681237,7.414434,8.388186
-13.892265,5.787497,8.388637
-15.061114,3.969586,8.389163
-16.119316,1.931943,8.388126
-17.174553,-0.555882,8.384316
-18.156647,-3.506411,8.380130
-18.859532,-6.950768,8.381255
-19.028052,-10.844979,8.387642
-18.858034,-15.508564,8.391559
-17.460516,-20.222913,8.388300
-14.303492,-23.629456,8.385993
-10.389184,-26.064900,8.389462
-5.912598,-27.553371,8.384093
-1.207889,-28.128362,8.378854
3.517089,-27.825881,8.381057
8.058279,-26.459250,8.381143
12.102354,-23.804926,8.388479
15.570800,-20.707264,8.385876
18.240347,-17.036836,8.380335
19.927625,-12.886798,8.386805
21.658804,-9.073924,8.390021
22.781006,-5.170314,8.382005
22.785662,-1.126201,8.382175
21.878338,2.699963,8.387503
20.439567,6.196969,8.385656
18.300439,9.322605,8.389751
15.643609,11.621569,8.389671
12.674892,13.235560,8.385048
9.751669,14.303938,8.383513
6.989409,14.985006,8.386522
4.324928,15.048975,5.381572
2.006633,15.259075,5.379377
-0.061772,15.254860,5.388862
-2.126441,15.098191,5.385552
-4.165824,14.737101,5.384469
-6.000763,14.115551,5.392255
-7.858976,13.194558,5.389192
-9.503183,12.166489,5.379294
-10.925492,10.849344,5.385925
-12.240065,9.416910,5.383414
-13.527831,7.799907,5.382765
-14.650150,6.059464,5.388958
-15.687844,4.120794,5.381606
-16.697203,1.878105,5.381644
-17.607909,-0.676051,5.387473
-18.456978,-3.535551,5.389737
-19.304845,-7.193373,5.387858
-19.302534,-11.047065,5.383127
-18.805138,-15.485832,5.379697
-17.282356,-19.954610,5.380554
-14.153153,-23.285824,5.381564
-10.232479,-25.585647,5.378564
-5.894815,-26.829428,5.384550
-1.228014,-27.227634,5.388353
3.387091,-26.663329,5.384589
7.543924,-24.838279,5.388889
11.126334,-22.083019,5.387808
14.181666,-18.862043,5.384283
16.276693,-15.185621,5.384475
17.479414,-11.212114,5.385902
18.939399,-7.761421,5.382777
19.973725,-4.402439,5.380005
19.956672,-0.804030,5.384576
18.988703,2.706710,5.390611
17.728011,5.822568,5.387282
16.123807,8.490371,5.381260
13.930639,10.668625,5.379692
11.593763,12.541326,5.381930
9.270278,13.902047,5.384310
6.785070,14.651314,5.384731
4.115168,14.587171,2.386425
1.969144,14.949251,2.390513
-0.198771,15.098829,2.383632
-2.140437,15.090033,2.377986
-4.168143,14.798259,2.383527
-6.193375,14.407571,2.385503
-8.187179,13.937304,2.378106
-9.978790,12.915261,2.380552
-11.606393,11.465764,2.380213
-12.969881,9.927077,2.380049
-14.251645,8.165782,2.383501
-15.326018,6.272542,2.388203
-16.246419,4.166703,2.390934
-17.109485,1.903506,2.390577
-17.858516,-0.642973,2.384743
-18.568188,-3.590748,2.379318
-19.330689,-7.142618,2.386198
-19.185250,-10.865821,2.390727
-18.289596,-14.926473,2.388230
-16.522826,-18.878761,2.386552
-13.593149,-21.966018,2.390082
-9.752781,-24.054447,2.388914
-5.641203,-24.972781,2.385590
-1.357308,-25.119971,2.384471
2.884429,-24.286400,2.384400
6.534837,-21.905890,2.382141
9.657907,-19.367908,2.384674
12.237791,-16.358200,2.387494
13.928703,-12.990893,2.386673
15.135182,-9.571071,2.386027
16.202340,-6.489740,2.388761
16.960622,-3.414726,2.383677
16.852355,-0.297921,2.383404
15.972253,2.614065,2.389587
14.902626,5.310510,2.386919
13.660779,7.672818,2.380702
11.947064,9.691712,2.386318
10.414058,11.593340,2.390697
8.710089,13.226883,2.388056
6.327556,14.138424,2.384914
3.753167,13.820223,-0.611403
1.805199,14.328929,-0.620897
-0.179017,14.642604,-0.611903
-2.196706,14.775504,-0.613885
-4.082289,14.587875,-0.613822
-6.092712,14.390887,-0.612218
-8.306075,14.197861,-0.620964
-10.197537,13.204488,-0.615697
-11.941685,11.787939,-0.610398
-13.364452,10.217156,-0.612349
-14.642893,8.373094,-0.617393
-15.685306,6.395048,-0.618891
-16.520655,4.198389,-0.615219
-17.291097,1.856946,-0.611521
-17.896260,-0.639089,-0.608733
-18.382361,-3.512379,-0.610400
-18.812022,-6.842418,-0.620184
-18.577555,-10.416514,-0.621048
-17.438739,-14.051537,-0.618463
-15.513353,-17.348895,-0.617612
-12.674086,-20.212441,-0.614410
-9.136502,-21.916999,-0.611938
-5.272359,-22.523974,-0.613534
-1.323518,-22.348848,-0.615744
2.336239,-21.375431,-0.615830
5.607965,-19.229997,-0.615428
8.492862,-17.047752,-0.611307
10.746890,-14.470941,-0.613902
12.355739,-11.361853,-0.619353
13.504235,-8.451107,-0.617815
14.106552,-5.494952,-0.620274
14.304322,-2.692463,-0.618445
14.021354,0.082241,-0.618769
13.288188,2.554705,-0.619111
12.355923,4.832606,-0.611242
11.337458,6.829443,-0.613469
10.051040,8.654549,-0.619576
8.983891,10.514738,-0.618001
7.680877,12.248362,-0.610161
5.776091,13.218692,-0.606307
3.218326,12.704825,-3.617278
1.485543,13.359357,-3.615889
-0.308036,13.814459,-3.620478
-2.150405,14.057903,-3.619212
-3.995227,13.982550,-3.612679
-5.959229,13.916234,-3.613946
-8.096223,13.801762,-3.618704
-9.953726,12.888461,-3.610313
-11.739573,11.650240,-3.615303
-13.258279,10.128406,-3.619310
-14.514714,8.357812,-3.618713
-15.581318,6.363449,-3.620017
-16.419258,4.148421,-3.620089
-17.102662,1.880498,-3.616778
-17.626777,-0.640407,-3.616697
-17.850573,-3.305044,-3.617572
-17.782404,-6.288178,-3.611637
-17.520338,-9.702927,-3.612488
-16.350354,-12.951507,-3.612261
-14.321461,-15.736026,-3.610306
-11.744322,-18.095788,-3.612742
-8.418129,-19.474879,-3.611161
-4.915920,-19.841966,-3.610768
-1.446104,-19.418709,-3.613611
1.819323,-18.468684,-3.617103
4.880595,-17.254748,-3.618922
7.652459,-15.647446,-3.616596
9.988114,-13.346793,-3.613383
11.598838,-10.689169,-3.612381
12.640047,-7.890043,-3.611960
12.841363,-4.912400,-3.610652
12.374041,-2.063002,-3.612752
11.806768,0.342387,-3.612105
11.205402,2.523666,-3.612040
10.359063,4.401588,-3.618884
9.310660,6.174408,-3.613297
8.339684,7.749055,-3.612609
7.440052,9.380234,-3.612340
6.346812,10.848430,-3.610773
4.833148,11.930175,-3.614835
2.516666,11.458568,-6.612311
1.087073,12.172233,-6.615039
-0.505779,12.740172,-6.614631
-2.167641,13.048910,-6.609328
-3.853596,13.075873,-6.613873
-5.648433,13.069719,-6.620885
-7.592676,12.890608,-6.616797
-9.391113,12.059330,-6.611762
-11.108488,11.076123,-6.611666
-12.661191,9.731884,-6.617965
-13.985589,8.014415,-6.621631
-15.063103,6.145628,-6.619582
-15.903057,4.155174,-6.619713
-16.560481,1.905530,-6.621213
-16.995829,-0.510499,-6.619648
-16.983308,-3.031744,-6.616925
-16.494515,-5.617109,-6.617990
-16.209160,-8.641107,-6.618857
-15.110690,-11.555364,-6.619309
-13.100130,-13.876648,-6.619909
-10.590234,-15.831279,-6.618922
-7.661614,-16.818618,-6.614386
-4.540675,-17.044525,-6.610724
-1.501444,-16.513070,-6.612573
1.391823,-15.702241,-6.617451
4.293281,-15.373682,-6.616913
6.975004,-14.320977,-6.611448
9.256288,-12.449609,-6.611542
10.962804,-10.103633,-6.616904
11.831546,-7.315805,-6.615747
11.761293,-4.396620,-6.611606
10.884992,-1.618858,-6.616316
10.117071,0.593553,-6.616290
9.591948,2.494438,-6.611489
8.767143,4.183234,-6.618420
7.704666,5.617494,-6.621048
6.899528,6.997216,-6.611846
6.035140,8.207380,-6.612652
4.881257,9.330364,-6.621626
3.820785,10.407913,-6.617683
1.921723,10.187771,-9.618295
0.713629,10.945057,-9.609041
-0.660943,11.567565,-9.614022
-2.124879,11.905932,-9.617136
-3.711337,12.032388,-9.613583
-5.305930,12.009657,-9.613430
-6.943213,11.697429,-9.613931
-8.564736,11.009616,-9.609341
-10.227508,10.212741,-9.616357
-11.763927,9.062343,-9.617326
-13.032876,7.608413,-9.617101
-14.133658,5.927173,-9.618142
-15.096997,3.975683,-9.611069
-15.700902,1.889836,-9.609479
-16.005861,-0.365924,-9.613873
-15.840313,-2.688227,-9.617639
-15.252937,-4.960837,-9.616355
-14.782610,-7.619033,-9.612961
-13.647893,-10.083709,-9.611835
-11.728112,-12.018008,-9.615680
-9.460290,-13.432569,-9.620111
-6.798012,-14.146468,-9.615644
-4.103343,-14.267385,-9.614473
-1.554108,-13.818183,-9.614053
0.874701,-13.187641,-9.610917
3.479707,-13.100510,-9.615439
5.920206,-12.372672,-9.617966
8.039122,-10.905341,-9.616235
9.707122,-8.856047,-9.613349
10.277551,-6.227102,-9.611076
10.205119,-3.605183,-9.613795
9.538268,-1.204385,-9.618999
8.822135,0.764266,-9.621116
8.317248,2.447340,-9.620897
7.567243,3.948389,-9.621717
6.530984,5.150531,-9.618368
5.771028,6.373691,-9.616776
4.788436,7.326190,-9.614122
3.629952,8.001677,-9.612800
2.811907,9.069175,-9.618366
1.422843,9.112359,-12.617399
0.420740,9.832239,-12.615549
-0.801383,10.472857,-12.620787
-2.054668,10.813476,-12.617059
-3.500949,11.011548,-12.617551
-4.934177,10.893894,-12.620256
-6.323593,10.454234,-12.619391
-7.742024,9.907271,-12.617908
-9.268833,9.236980,-12.610056
-10.654235,8.307381,-12.606559
-11.872623,7.067252,-12.613518
-12.993726,5.546087,-12.618010
-13.961929,3.846163,-12.609801
-14.515252,1.969565,-12.613981
-14.686941,-0.058624,-12.613260
-14.519393,-2.226126,-12.611669
-14.053096,-4.351043,-12.620459
-13.279275,-6.461132,-12.614651
-12.088749,-8.462581,-12.613092
-10.420519,-10.070245,-12.617356
-8.332924,-11.101391,-12.616909
-6.063645,-11.592714,-12.620113
-3.813967,-11.660653,-12.619351
-1.586387,-11.382239,-12.613763
0.463903,-10.916809,-12.609717
2.518941,-10.452821,-12.609762
4.551957,-9.727616,-12.615501
6.375000,-8.606155,-12.620126
7.714895,-7.008721,-12.617428
8.122730,-4.733112,-12.611376
8.331091,-2.683458,-12.615797
8.240231,-0.827606,-12.614215
7.762656,0.932657,-12.608905
7.257306,2.443124,-12.613481
6.608181,3.746702,-12.613074
5.665408,4.833490,-12.614110
4.944799,5.867370,-12.616904
3.909987,6.664464,-12.617719
2.773700,7.091518,-12.617303
2.111963,8.039503,-12.618208
1.066127,8.332094,-15.614188
0.163746,8.992374,-15.620485
-0.874387,9.556552,-15.619201
-2.057223,9.911930,-15.614617
-3.299296,10.128723,-15.613058
-4.554286,9.902366,-15.618229
-5.773282,9.400771,-15.616981
-6.993134,8.955475,-15.609173
-8.263807,8.301185,-15.613767
-9.516770,7.487047,-15.616419
-10.642353,6.429292,-15.617580
-11.658279,5.163419,-15.617243
-12.576098,3.689540,-15.614446
-13.078730,1.955974,-15.615685
-13.130563,0.163975,-15.619085
-13.026899,-1.655061,-15.621186
-12.712040,-3.606905,-15.621036
-11.667071,-5.200544,-15.620035
-10.509011,-6.792113,-15.616612
-9.092336,-8.206282,-15.615731
-7.275185,-8.911074,-15.617893
-5.369991,-9.262384,-15.612475
-3.460346,-9.297049,-15.615065
-1.654200,-9.151995,-15.618295
0.120921,-8.850141,-15.611721
1.692859,-8.125804,-15.616051
3.245135,-7.337525,-15.620488
4.703371,-6.495557,-15.618764
5.838433,-5.170629,-15.615017
6.282900,-3.435326,-15.609037
6.675576,-1.925073,-15.612090
6.984030,-0.474410,-15.616019
6.838143,1.014326,-15.615573
6.335869,2.416565,-15.619788
5.763398,3.594009,-15.620911
5.010478,4.644158,-15.612926
4.335163,5.563681,-15.615068
3.417564,6.246376,-15.622648
2.391076,6.661417,-15.618807
1.717979,7.468147,-15.613822
0.802063,7.859397,-18.614033
-0.037638,8.407536,-18.620939
-0.988231,8.867532,-18.609983
-2.042234,9.196579,-18.611601
-3.207970,9.385724,-18.619173
-4.291120,9.053226,-18.615427
-5.323107,8.612322,-18.608653
-6.417607,8.128615,-18.611356
-7.327204,7.393458,-18.619119
-8.336038,6.714178,-18.618995
-9.344024,5.797530,-18.620637
-10.215330,4.722866,-18.622221
-10.992202,3.469867,-18.618669
-11.396333,1.986461,-18.614923
-11.408619,0.523936,-18.612127
-11.361635,-1.101643,-18.612037
-11.092917,-2.739984,-18.613144
-9.944980,-3.882452,-18.610624
-8.926190,-5.143557,-18.616634
-7.822372,-6.344195,-18.619657
-6.288269,-6.844666,-18.611853
-4.704475,-7.088474,-18.617454
-3.143039,-7.112497,-18.623384
-1.704949,-7.042712,-18.619963
-0.226484,-6.894991,-18.614349
1.046587,-6.196069,-18.617824
2.224107,-5.457889,-18.616632
3.400177,-4.770830,-18.613399
4.310273,-3.739099,-18.621364
5.014126,-2.551331,-18.613966
5.511032,-1.338379,-18.614313
5.840445,-0.103146,-18.618476
5.912691,1.156804,-18.611195
5.464463,2.396333,-18.615543
4.975623,3.453655,-18.612827
4.518371,4.466815,-18.616882
3.908511,5.319104,-18.622454
3.118858,6.027110,-18.620367
2.348015,6.666055,-18.615872
1.605389,7.258542,-18.611052
0.594970,7.354011,-21.614359
-0.208498,7.783531,-21.610360
-1.107141,8.122236,-21.621974
-2.019574,8.413472,-21.610127
-3.030080,8.515725,-21.609436
-3.946162,8.153407,-21.611070
-4.905394,7.788248,-21.610534
-5.724549,7.221018,-21.609476
-6.306145,6.441485,-21.609519
-7.126059,5.859201,-21.613886
-7.907973,5.103459,-21.612107
-8.573615,4.231131,-21.613139
-9.143083,3.202578,-21.617973
-9.421727,2.052392,-21.616971
-9.432625,0.853434,-21.614359
-9.438301,-0.434715,-21.611377
-9.143661,-1.694034,-21.608963
-7.976564,-2.394513,-21.611054
-7.227732,-3.361846,-21.616668
-6.498024,-4.382986,-21.617318
-5.246120,-4.728008,-21.611944
-4.051849,-4.882725,-21.617460
-2.857044,-4.915821,-21.618747
-1.756796,-4.882698,-21.612770
-0.602766,-4.858431,-21.613382
0.407400,-4.342880,-21.613145
1.272086,-3.711670,-21.612195
2.209522,-3.164053,-21.612503
2.896637,-2.384466,-21.610033
3.763185,-1.679856,-21.613846
4.422777,-0.845232,-21.618588
4.619331,0.269858,-21.617254
4.799631,1.299776,-21.617332
4.465262,2.367881,-21.619263
4.062965,3.295650,-21.615037
3.888058,4.261840,-21.618362
3.378343,5.066854,-21.619569
2.784035,5.757858,-21.611218
2.357518,6.670026,-21.610107
1.482014,7.060707,-21.615583
0.142430,6.446182,-24.612598
-0.534642,6.705373,-24.617143
-1.248930,6.901986,-24.615710
-1.989509,7.105417,-24.613537
-2.757171,7.030396,-24.618431
-3.456106,6.715921,-24.616270
-4.173085,6.465207,-24.618715
-4.649556,5.829853,-24.616015
-5.057986,5.256746,-24.614753
-5.611485,4.809543,-24.614978
-6.091197,4.249121,-24.610536
-6.503704,3.599883,-24.613548
-6.807557,2.887651,-24.614255
-6.975230,2.108161,-24.609854
-7.010208,1.294227,-24.611606
-7.026916,0.443895,-24.615252
-6.653647,-0.336573,-24.618134
-5.562444,-0.566937,-24.617616
-5.226606,-1.255378,-24.612922
-4.907637,-2.120903,-24.611486
-4.093921,-2.302152,-24.615836
-3.284948,-2.383634,-24.613444
-2.511865,-2.423143,-24.612655
-1.805641,-2.393831,-24.617709
-1.043043,-2.441777,-24.613935
-0.342599,-2.253827,-24.610739
0.239035,-1.773174,-24.613978
0.853866,-1.410110,-24.610976
1.375113,-0.903756,-24.610546
1.953127,-0.446680,-24.614702
2.814412,-0.050328,-24.616854
2.925999,0.762296,-24.616093
3.103888,1.537932,-24.614975
3.002898,2.326857,-24.611620
2.702661,3.055961,-24.611635
2.677692,3.809667,-24.615343
2.431375,4.554488,-24.615842
1.957927,5.132757,-24.615707
1.862776,6.146477,-24.618609
0.947091,6.325494,-24.612898
-1.337787,2.903252,-27.615128
