24.651819,34.103153,32.384982
18.550623,36.940659,32.384981
11.729965,37.516308,32.384981
4.807938,34.917534,32.384981
-0.886125,30.647431,32.384981
-5.171849,27.104714,32.384981
-8.689531,24.383536,32.384981
-11.980885,22.106035,32.384981
-14.997007,20.217956,32.384981
-18.243528,18.281444,32.384981
-21.686315,16.239725,32.384981
-25.270888,13.999789,32.384982
-29.250292,11.167806,32.384981
-33.005569,7.305841,32.384982
-34.998337,2.622596,32.384982
-34.531265,-2.500038,32.384982
-32.555799,-7.231394,32.384982
-29.921956,-11.350824,32.384982
-27.005171,-15.001739,32.384982
-23.815356,-18.412629,32.384981
-20.569857,-21.454185,32.384982
-17.109125,-24.249251,32.384982
-13.219966,-26.836564,32.384981
-8.853618,-29.048082,32.384981
-4.212917,-30.604538,32.384981
0.845118,-31.392747,32.384981
5.961859,-31.304114,32.384981
11.223231,-30.385283,32.384982
16.514406,-28.671650,32.384982
21.540439,-26.289288,32.384982
26.600146,-23.052182,32.384982
31.356288,-19.029128,32.384982
35.763554,-14.015351,32.384982
39.252823,-8.322400,32.384981
41.602453,-1.832349,32.384981
42.388173,5.248752,32.384981
41.462634,12.311558,32.384982
38.932217,18.982930,32.384981
35.016915,24.998837,32.384981
29.439014,29.188431,28.985928
24.240834,33.466134,28.978653
18.212955,36.262684,28.980941
11.515298,36.743421,28.989387
4.884614,34.811154,28.988995
-0.839126,31.360159,28.981408
-5.249945,28.342671,28.981133
-9.081523,25.668069,28.988987
-12.575638,23.285505,28.984304
-15.709974,21.164809,28.977741
-18.779338,18.953145,28.983680
-21.972780,16.534676,28.988714
-25.416551,14.061528,28.993445
-28.773993,10.854848,28.984756
-31.622192,7.070433,28.980104
-33.622705,2.412174,28.991019
-33.505339,-2.513957,28.991498
-32.259999,-7.042231,28.982382
-29.993491,-11.356551,28.982625
-27.508159,-15.340930,28.986137
-24.824515,-19.149171,28.984704
-21.421147,-22.361196,28.987058
-17.590426,-25.420564,28.991649
-13.688146,-27.996949,28.984785
-9.245234,-30.050864,28.977641
-4.297719,-31.391593,28.980915
0.776729,-32.095216,28.977759
6.118097,-32.031982,28.988053
11.609483,-31.098648,28.991742
16.903712,-29.381337,28.982247
22.129637,-26.888898,28.983850
27.391490,-23.540096,28.990737
32.090641,-19.441622,28.983651
36.497069,-14.443027,28.980779
40.583346,-8.561115,28.989530
43.371934,-1.741412,28.979124
42.880152,5.285938,28.976864
41.325668,12.371981,28.978793
38.820944,18.889939,28.981593
34.437762,24.488797,28.986151
29.009422,29.042014,25.590920
23.891692,33.082842,25.587618
17.779888,35.650484,25.580404
11.276807,36.083565,25.577389
4.765396,34.610607,25.583218
-0.853253,31.880978,25.587091
-5.482571,29.198446,25.583828
-9.424659,26.680520,25.590307
-12.940133,24.320135,25.585314
-16.211206,21.997441,25.577224
-19.330328,19.477521,25.583999
-22.313309,16.797166,25.587103
-25.563351,14.062859,25.580617
-28.405001,10.673454,25.576725
-30.731692,6.817285,25.582115
-32.529085,2.295182,25.589382
-32.759502,-2.399805,25.586847
-31.984810,-7.038514,25.579511
-30.058308,-11.514658,25.585843
-27.900889,-15.701596,25.589037
-25.394630,-19.880932,25.583654
-22.031968,-23.152903,25.588580
-18.213604,-26.243434,25.587674
-14.114726,-28.933279,25.582139
-9.414230,-30.967568,25.585128
-4.417075,-32.141453,25.591964
0.895266,-32.786759,25.579974
6.241091,-32.689157,25.581412
11.740689,-31.761080,25.582382
17.255744,-29.984099,25.578105
22.678999,-27.372240,25.589795
27.925781,-23.986573,25.592148
32.756720,-19.689353,25.587820
37.065720,-14.595749,25.582210
40.963397,-8.578124,25.581262
43.486835,-1.880474,25.588605
42.894469,5.369789,25.583895
41.297974,12.219173,25.583663
38.600637,18.906210,25.589950
34.099633,24.423839,25.592039
29.004163,29.021357,22.178342
23.675860,32.753012,22.186625
17.434742,35.054788,22.189641
10.951086,35.508883,22.183002
4.805128,34.455016,22.178955
-0.811241,32.280107,22.182734
-5.399175,29.988585,22.183379
-9.626841,27.507802,22.189948
-13.348887,25.054418,22.192809
-16.584825,22.680491,22.188725
-19.787315,19.912450,22.184783
-22.610846,17.063532,22.185953
-25.631505,14.079060,22.190181
-28.082799,10.656749,22.188226
-30.115837,6.656433,22.186933
-31.699458,2.271249,22.191362
-32.211507,-2.392375,22.188874
-31.785367,-7.072774,22.178161
-30.266200,-11.471526,22.187367
-28.249571,-15.978212,22.189851
-25.907240,-20.252101,22.178252
-22.486221,-23.782385,22.187239
-18.701587,-26.918008,22.180649
-14.400190,-29.703712,22.182690
-9.457851,-31.743615,22.191714
-4.442170,-32.839682,22.187079
0.880113,-33.409221,22.185868
6.447070,-33.234659,22.190038
11.941761,-32.269311,22.186920
17.667161,-30.416972,22.180537
23.080027,-27.780090,22.185892
28.293177,-24.341793,22.185349
33.105882,-20.024224,22.180142
37.312344,-14.821926,22.177253
40.741797,-8.555727,22.177965
42.641070,-1.898026,22.179635
42.630589,5.217684,22.186016
41.204818,12.256782,22.190424
38.390609,18.760578,22.187250
34.175966,24.256714,22.180077
29.025987,29.052848,18.785729
23.287297,32.500554,18.783805
17.125738,34.465783,18.788377
10.675681,34.986993,18.787942
4.705258,34.217644,18.779493
-0.829233,32.492134,18.780609
-5.519331,30.422308,18.789914
-9.826442,28.079802,18.792591
-13.575120,25.669662,18.784356
-16.963383,23.126891,18.781061
-20.107188,20.292901,18.784932
-22.826433,17.344886,18.778905
-25.612486,14.145909,18.787885
-27.884344,10.588986,18.788304
-29.723793,6.513014,18.780029
-31.110381,2.283512,18.778461
-31.819866,-2.347015,18.781072
-31.647434,-7.038077,18.788252
-30.415424,-11.532291,18.788718
-28.563019,-16.103926,18.787581
-26.272379,-20.415400,18.787689
-22.831244,-24.225873,18.780430
-18.913699,-27.546549,18.777734
-14.584625,-30.288972,18.777933
-9.626878,-32.296660,18.778608
-4.393508,-33.431329,18.780653
0.935257,-33.931654,18.784139
6.497777,-33.669437,18.789671
12.201638,-32.610780,18.792374
17.714952,-30.829146,18.790277
23.325574,-28.091302,18.788314
28.501981,-24.601235,18.790465
33.451709,-20.104586,18.792794
37.522649,-14.777234,18.791331
40.312740,-8.466903,18.784858
41.557385,-1.668086,18.778397
42.171597,5.257964,18.784519
41.018727,12.227172,18.786544
38.071746,18.571516,18.783560
34.045456,24.278134,18.784788
29.036760,28.788309,15.382059
22.987151,32.057007,15.378905
16.759739,33.867951,15.376563
10.568275,34.470267,15.381590
4.576334,33.922773,15.385471
-0.818113,32.556134,15.377830
-5.575963,30.670599,15.380920
-9.947866,28.461998,15.386250
-13.719755,26.102858,15.387768
-17.089016,23.544178,15.383406
-20.365393,20.533616,15.378561
-23.019430,17.533340,15.386257
-25.586741,14.169871,15.392124
-27.731121,10.529345,15.381110
-29.398068,6.639987,15.379246
-30.706814,2.385404,15.390107
-31.526431,-2.216823,15.382734
-31.529949,-6.898789,15.389440
-30.497248,-11.674165,15.391962
-28.743331,-16.265753,15.391858
-26.402480,-20.554960,15.390621
-23.091272,-24.465058,15.377696
-19.231334,-27.838428,15.387835
-14.702707,-30.668222,15.391194
-9.743697,-32.659890,15.382069
-4.528323,-33.831574,15.380948
1.019094,-34.301816,15.383231
6.568587,-33.944157,15.386118
12.254205,-32.833680,15.389083
17.965816,-30.970965,15.387834
23.360181,-28.316664,15.380621
28.680898,-24.661980,15.379814
33.439269,-20.294590,15.388678
37.543381,-14.724880,15.392293
39.939163,-8.503465,15.384528
40.856109,-1.667638,15.381357
41.748115,5.245606,15.385526
40.643875,12.133584,15.389529
37.528503,18.481918,15.389125
33.755638,24.141094,15.385965
28.550356,28.360151,11.981889
22.468009,31.475123,11.983871
16.468179,33.199533,11.985006
10.325968,33.916105,11.981545
4.565562,33.570001,11.979638
-0.644073,32.504996,11.985053
-5.644380,30.706609,11.980339
-9.860690,28.730268,11.983302
-13.837974,26.325589,11.990014
-17.349861,23.619959,11.992071
-20.430975,20.753305,11.990523
-23.189796,17.573628,11.986602
-25.565560,14.101215,11.983914
-27.621942,10.424088,11.985097
-29.258096,6.551529,11.987817
-30.489866,2.290746,11.991329
-31.309531,-2.288061,11.993337
-31.370819,-6.942219,11.983165
-30.528219,-11.745552,11.982180
-28.830922,-16.316850,11.983514
-26.412097,-20.551576,11.982675
-23.232686,-24.535744,11.991525
-19.267503,-28.083460,11.983804
-14.731256,-30.857491,11.980542
-9.788284,-32.828823,11.982257
-4.388813,-34.070218,11.979025
1.138154,-34.473071,11.986067
6.656259,-34.026562,11.991106
12.304372,-32.866188,11.991677
17.983057,-30.993272,11.985807
23.344534,-28.334829,11.977232
28.623067,-24.671872,11.988273
33.476818,-20.123117,11.984586
37.368364,-14.718715,11.979245
39.838162,-8.320145,11.989074
40.792993,-1.745125,11.988196
41.403005,5.164978,11.988082
40.023147,11.983578,11.982888
36.960193,18.059478,11.977003
33.231650,23.736229,11.978149
27.765317,27.658971,8.587766
21.931018,30.656593,8.581212
16.013542,32.459483,8.580288
10.161719,33.290371,8.586899
4.442693,33.107796,8.589174
-0.751381,32.210889,8.583448
-5.541187,30.618512,8.588936
-9.973204,28.677854,8.589667
-13.757308,26.459746,8.584384
-17.408757,23.636740,8.580890
-20.455726,20.785872,8.580979
-23.180066,17.622893,8.580335
-25.427223,14.112469,8.580954
-27.440509,10.448713,8.577379
-29.164607,6.419826,8.580793
-30.334414,2.177906,8.587951
-31.077676,-2.150182,8.580943
-31.175687,-6.758344,8.580797
-30.504762,-11.559660,8.589665
-28.784654,-16.291591,8.590845
-26.292493,-20.448155,8.583255
-23.087041,-24.631767,8.582791
-19.346349,-28.028759,8.581483
-14.641474,-30.863715,8.580009
-9.732336,-32.799024,8.579428
-4.384942,-34.047865,8.580145
1.097145,-34.408275,8.584651
6.564673,-33.918439,8.585610
12.157475,-32.738405,8.585720
17.782261,-30.867789,8.583799
23.284060,-28.115046,8.578314
28.504819,-24.463702,8.587007
33.114000,-20.059741,8.586567
37.089606,-14.528081,8.584151
39.715015,-8.480836,8.589663
41.046283,-1.800903,8.586852
41.013281,5.041828,8.589235
39.152092,11.760662,8.590866
36.106375,17.711736,8.589885
32.332885,23.273878,8.589991
26.698108,26.710512,5.191545
21.171692,29.667235,5.181498
15.400313,31.622760,5.183029
9.863403,32.571148,5.191652
4.434427,32.544270,5.190963
-0.712810,31.797967,5.185446
-5.470286,30.329089,5.186501
-9.889027,28.517042,5.185969
-13.830860,26.261326,5.184078
-17.258721,23.601401,5.185866
-20.420682,20.637867,5.191070
-23.096944,17.506694,5.193301
-25.267477,14.014826,5.187094
-27.251633,10.397525,5.178492
-28.978020,6.435089,5.181914
-30.113331,2.243361,5.187673
-30.826626,-2.249249,5.179109
-30.881822,-6.793960,5.189384
-30.278007,-11.548867,5.191359
-28.573845,-16.199073,5.188928
-26.044253,-20.266834,5.189330
-22.943337,-24.439599,5.178247
-19.098931,-27.941127,5.181686
-14.619754,-30.593327,5.181989
-9.773133,-32.495979,5.182647
-4.500632,-33.740840,5.190577
1.125837,-34.075707,5.182791
6.518637,-33.560253,5.179241
12.031176,-32.372808,5.186842
17.567964,-30.489615,5.190616
22.982502,-27.746432,5.181962
28.139705,-24.148724,5.189481
32.635974,-19.752248,5.189028
36.442344,-14.492748,5.182281
39.548804,-8.264914,5.181343
41.238695,-1.744052,5.178044
40.358123,5.099496,5.182736
38.008214,11.431010,5.181358
35.013934,17.228503,5.179948
31.307209,22.427964,5.187970
25.349364,25.521958,1.789665
20.209551,28.507559,1.782033
14.861941,30.610509,1.778582
9.469526,31.736326,1.783833
4.151371,31.838204,1.788322
-0.901468,31.179086,1.786983
-5.381116,29.871091,1.790145
-9.746136,28.180088,1.794093
-13.634258,26.019627,1.785681
-17.162986,23.283626,1.783064
-20.104812,20.524293,1.792839
-22.863538,17.293845,1.782729
-24.996414,13.875598,1.778451
-27.048976,10.148949,1.777746
-28.660399,6.461760,1.779849
-29.824967,2.148755,1.786787
-30.455146,-2.049864,1.789746
-30.471985,-6.713377,1.785878
-29.891478,-11.378227,1.788946
-28.233313,-15.931585,1.786538
-25.619405,-20.088576,1.779594
-22.733322,-24.025079,1.786780
-18.983691,-27.471683,1.780110
-14.402199,-30.165709,1.783604
-9.640540,-31.995401,1.792572
-4.463537,-33.169304,1.787729
1.051056,-33.459687,1.782461
6.336836,-32.960835,1.779043
11.736904,-31.795627,1.782291
17.149854,-29.913703,1.788520
22.441826,-27.200344,1.786229
27.502990,-23.682513,1.781967
31.864880,-19.332672,1.784425
35.693252,-14.003793,1.786854
38.858734,-8.178228,1.783417
40.803561,-1.635282,1.783673
39.289149,4.889628,1.789171
36.568729,10.994962,1.788101
33.612729,16.604698,1.785422
29.822704,21.535754,1.788865
23.755037,24.132442,-1.611628
19.113187,27.188113,-1.609861
14.266007,29.450211,-1.607944
9.091626,30.763490,-1.608832
3.949104,31.005692,-1.613886
-0.750738,30.479320,-1.615127
-5.308853,29.241402,-1.607925
-9.556560,27.660669,-1.610247
-13.511861,25.491916,-1.616647
-16.771569,22.974902,-1.621200
-19.767468,20.161300,-1.622448
-22.432070,17.028826,-1.613830
-24.640831,13.565747,-1.621881
-26.527598,10.139421,-1.616483
-28.242658,6.186537,-1.611899
-29.333107,2.215631,-1.622375
-29.950739,-2.056431,-1.620146
-29.906548,-6.572364,-1.613143
-29.305869,-11.080274,-1.612186
-27.735395,-15.506549,-1.615062
-25.257668,-19.560298,-1.615532
-22.326271,-23.526957,-1.613074
-18.513361,-26.969360,-1.611161
-14.241503,-29.450871,-1.614093
-9.424067,-31.253352,-1.613929
-4.394518,-32.312064,-1.607954
0.945551,-32.557020,-1.609538
6.066666,-32.101219,-1.608971
11.493529,-30.927922,-1.610314
16.712935,-29.043219,-1.613169
21.808451,-26.362660,-1.611752
26.520238,-23.040873,-1.618127
30.830813,-18.642263,-1.617621
34.394897,-13.605831,-1.610882
37.278337,-7.902048,-1.612217
38.605902,-1.639483,-1.619960
37.233111,4.741528,-1.615892
34.703178,10.659794,-1.614896
31.785491,15.824930,-1.617683
27.959781,20.432661,-1.615248
22.006659,22.624892,-5.009165
17.934087,25.721709,-5.015151
13.450043,28.183826,-5.010360
8.747708,29.615640,-5.009893
3.841549,30.026206,-5.022262
-0.858437,29.575712,-5.023312
-5.236496,28.452170,-5.021429
-9.488605,26.885817,-5.021546
-13.105805,24.911472,-5.022508
-16.393689,22.401340,-5.019931
-19.388852,19.560594,-5.015168
-21.909252,16.540362,-5.017322
-24.065439,13.251994,-5.020634
-25.931309,9.787951,-5.013119
-27.475560,6.172198,-5.012328
-28.639735,2.207554,-5.021524
-29.246516,-2.076830,-5.015539
-29.143985,-6.399052,-5.007559
-28.493820,-10.692245,-5.013375
-26.949234,-15.132940,-5.014926
-24.667225,-19.056290,-5.008627
-21.810508,-22.813709,-5.014911
-18.142457,-26.087557,-5.010221
-13.885367,-28.557722,-5.006150
-9.258987,-30.232372,-5.011804
-4.234139,-31.186177,-5.018344
0.679131,-31.384377,-5.015441
5.777772,-30.964797,-5.010019
10.969141,-29.846761,-5.006622
15.951553,-28.008641,-5.009233
20.799446,-25.394402,-5.016420
25.390987,-21.989722,-5.013023
29.289154,-17.871954,-5.012460
32.687287,-12.952608,-5.016625
34.742038,-7.287428,-5.017142
34.452832,-1.379327,-5.014544
34.136645,4.368193,-5.011882
32.614387,9.986763,-5.013607
29.550418,14.873977,-5.014499
25.925392,19.037722,-5.010229
20.220615,21.087582,-8.414665
16.698535,24.151552,-8.416697
12.600857,26.743400,-8.417546
8.202022,28.314399,-8.415520
3.569619,28.889327,-8.411950
-0.898419,28.546568,-8.408235
-5.250832,27.495084,-8.410227
-9.269081,25.974778,-8.419112
-12.850298,23.977612,-8.418790
-15.971356,21.600510,-8.411960
-18.793033,18.883815,-8.413486
-21.159135,15.997758,-8.420448
-23.347328,12.744552,-8.420390
-25.061544,9.434072,-8.413900
-26.501052,5.986041,-8.408772
-27.723820,2.070130,-8.409508
-28.270332,-1.813483,-8.412272
-28.149301,-6.103393,-8.409584
-27.418372,-10.337511,-8.407189
-26.053368,-14.404750,-8.406660
-23.922887,-18.349348,-8.410077
-21.029889,-22.011741,-8.417055
-17.506168,-25.074489,-8.410500
-13.460629,-27.403484,-8.414329
-8.874220,-28.994325,-8.423608
-4.273409,-29.781551,-8.418647
0.575213,-29.957500,-8.409239
5.414471,-29.566075,-8.405882
10.334530,-28.491821,-8.412167
15.224046,-26.636219,-8.420751
19.777468,-24.071171,-8.420260
23.824248,-20.757532,-8.414720
27.445854,-16.764524,-8.418050
30.492071,-11.973444,-8.418937
31.752881,-6.769252,-8.413859
30.773702,-1.052460,-8.420255
30.870438,4.200421,-8.413116
29.922889,9.236186,-8.410878
27.111696,13.757018,-8.416129
23.821736,17.585313,-8.415850
18.450037,19.563176,-11.812091
15.284848,22.607689,-11.818529
11.716724,25.118880,-11.822155
7.661372,26.804263,-11.821523
3.352898,27.564817,-11.821640
-1.021765,27.342209,-11.823132
-5.125631,26.424705,-11.816800
-8.866350,24.938215,-11.811076
-12.361530,22.935170,-11.810072
-15.300513,20.724363,-11.814479
-18.056291,18.034900,-11.816356
-20.356096,15.166594,-11.808493
-22.338672,12.274625,-11.818418
-23.975841,8.993069,-11.812008
-25.368389,5.580386,-11.809327
-26.501117,2.090708,-11.822465
-27.004909,-1.733202,-11.820448
-26.885905,-5.761735,-11.811358
-26.145507,-9.715176,-11.813351
-24.837129,-13.719710,-11.818489
-22.938119,-17.462094,-11.816903
-20.179869,-20.867244,-11.814560
-16.713685,-23.826450,-11.815839
-12.911664,-25.999615,-11.817171
-8.596248,-27.452606,-11.818905
-4.092619,-28.139583,-11.821007
0.457713,-28.271227,-11.818755
4.996746,-27.885619,-11.815464
9.605634,-26.855200,-11.810986
14.190350,-25.091240,-11.809764
18.419747,-22.609088,-11.814839
22.001929,-19.278661,-11.813356
25.288260,-15.369896,-11.815499
27.739583,-10.945560,-11.819508
28.793722,-5.962070,-11.818551
28.671671,-1.059889,-11.816990
27.984893,3.797380,-11.814940
26.696002,8.353087,-11.812130
24.463880,12.702639,-11.809455
21.642532,16.265172,-11.809041
16.751967,17.887499,-15.220326
13.930568,20.854642,-15.220347
10.733167,23.327780,-15.221635
6.887154,25.140431,-15.221685
2.931345,26.048028,-15.218152
-1.139300,25.957451,-15.217062
-4.973109,25.172779,-15.215097
-8.544134,23.621426,-15.216219
-11.755773,21.685327,-15.213704
-14.625439,19.552065,-15.213674
-17.157152,17.022956,-15.219602
-19.265195,14.335613,-15.214456
-21.231005,11.533136,-15.207926
-22.687824,8.459425,-15.207476
-23.971400,5.278281,-15.211099
-25.045832,2.051655,-15.216020
-25.437420,-1.678381,-15.219449
-25.348955,-5.261909,-15.215388
-24.619563,-9.084224,-15.218329
-23.418392,-12.818871,-15.214674
-21.624709,-16.453624,-15.208857
-19.013914,-19.582694,-15.219458
-15.908615,-22.218863,-15.213873
-12.238514,-24.322857,-15.206932
-8.217949,-25.636709,-15.209302
-4.024936,-26.222501,-15.214994
0.203583,-26.329982,-15.218702
4.577770,-25.911449,-15.214244
8.845818,-24.898860,-15.212257
12.949353,-23.295958,-15.212862
16.847309,-20.932586,-15.209220
19.967543,-17.648557,-15.216585
22.727927,-13.941680,-15.216053
24.610664,-9.714936,-15.214853
25.544510,-5.366610,-15.220114
26.548726,-0.869432,-15.213691
25.085162,3.463956,-15.210418
23.285569,7.563627,-15.210639
21.803930,11.467073,-15.212296
19.410786,14.930506,-15.216878
14.847846,16.282473,-18.617436
12.475301,18.985180,-18.609758
9.519336,21.423035,-18.615935
6.213456,23.173209,-18.622018
2.527028,24.278414,-18.611498
-1.192070,24.332460,-18.610478
-4.859805,23.651738,-18.618056
-8.181059,22.036885,-18.621543
-11.068022,20.184341,-18.614363
-13.813626,18.161143,-18.611653
-16.094043,15.819113,-18.616212
-17.993058,13.345207,-18.610553
-19.820811,10.805509,-18.615245
-21.119771,7.991285,-18.618382
-22.355111,4.943769,-18.613092
-23.354642,1.862555,-18.611431
-23.544417,-1.415946,-18.618916
-23.496678,-4.838126,-18.618995
-22.858810,-8.329824,-18.614633
-21.747720,-11.738688,-18.617483
-20.100649,-15.052904,-18.622632
-17.732383,-17.923526,-18.617475
-14.783809,-20.425983,-18.611323
-11.420362,-22.330086,-18.609353
-7.741751,-23.502401,-18.610090
-3.908158,-24.010850,-18.613640
-0.045454,-24.096780,-18.621009
3.938792,-23.645220,-18.618649
7.827859,-22.674393,-18.615494
11.573022,-21.208372,-18.615581
15.103076,-18.997868,-18.611224
17.807099,-15.872339,-18.611582
19.952581,-12.400323,-18.616148
21.147619,-8.496291,-18.616397
21.742727,-4.496998,-18.611869
23.130960,-0.777886,-18.612714
21.713531,3.155002,-18.610649
20.002327,6.728493,-18.611617
19.003392,10.264806,-18.616863
17.137762,13.452050,-18.619847
12.888404,14.469299,-22.013475
10.775815,17.045053,-22.017209
8.302800,19.194577,-22.016478
5.329623,20.965785,-22.010704
2.127867,22.166733,-22.010886
-1.306578,22.354153,-22.019829
-4.594455,21.829671,-22.017594
-7.709181,20.162066,-22.014382
-10.334628,18.355446,-22.015620
-12.775545,16.557734,-22.019674
-14.780169,14.450958,-22.017969
-16.530749,12.131754,-22.008282
-18.192749,9.896809,-22.020825
-19.372105,7.267545,-22.015695
-20.498883,4.556919,-22.010436
-21.332707,1.820369,-22.020474
-21.307418,-1.241891,-22.021802
-21.328504,-4.282977,-22.010018
-20.835305,-7.400572,-22.008690
-19.821510,-10.423693,-22.012610
-18.314188,-13.353444,-22.014465
-16.149244,-16.026735,-22.016168
-13.531773,-18.256527,-22.013271
-10.533481,-19.939815,-22.018267
-7.132383,-21.007749,-22.017495
-3.722166,-21.459023,-22.009779
-0.285272,-21.523027,-22.019102
3.242710,-21.030155,-22.014246
6.692323,-20.112436,-22.008197
10.020931,-18.814392,-22.013962
13.134734,-16.804635,-22.019137
15.447842,-13.938854,-22.021743
16.999236,-10.671612,-22.018112
17.544566,-7.047463,-22.014094
17.606233,-3.608775,-22.015016
18.499614,-0.510549,-22.014696
17.827450,2.849262,-22.017305
16.801334,5.771744,-22.017526
16.089099,8.970389,-22.013944
14.729477,11.818797,-22.012314
10.678889,12.506187,-25.422416
8.957182,14.793047,-25.415161
6.766166,16.753920,-25.417072
4.366131,18.322986,-25.419405
1.591921,19.609603,-25.408125
-1.471971,19.892254,-25.416089
-4.432542,19.462183,-25.421142
-7.046962,17.924725,-25.419915
-9.353601,16.229405,-25.420819
-11.459606,14.684614,-25.421197
-13.240952,12.764085,-25.416464
-14.730828,10.752094,-25.413666
-16.288715,8.776050,-25.417481
-17.319604,6.401188,-25.416469
-18.293689,4.173550,-25.416319
-18.963124,1.606127,-25.414656
-18.699454,-0.918661,-25.411644
-18.769916,-3.535082,-25.420644
-18.445832,-6.358399,-25.416584
-17.523236,-8.935147,-25.414782
-16.125340,-11.417752,-25.417636
-14.304996,-13.751196,-25.414490
-12.056676,-15.677369,-25.418567
-9.466883,-17.125983,-25.413524
-6.541289,-18.048738,-25.410444
-3.602593,-18.449673,-25.416951
-0.525396,-18.511951,-25.414151
2.489210,-17.967185,-25.412388
5.340520,-17.143162,-25.412078
8.320086,-16.013792,-25.409905
10.894717,-14.322466,-25.408810
12.843339,-11.793387,-25.413907
13.827736,-8.751935,-25.419778
13.880298,-5.672305,-25.416677
13.598488,-2.729087,-25.410163
13.735620,-0.231590,-25.416711
13.781586,2.385013,-25.417219
13.533583,4.995429,-25.412035
13.012431,7.557606,-25.413035
12.034247,10.109805,-25.419287
8.160188,10.230827,-28.814808
6.841383,12.134081,-28.815772
5.078109,13.773333,-28.812579
3.105616,15.185425,-28.810232
0.911486,16.372006,-28.816809
-1.570451,16.698548,-28.817870
-4.095388,16.400429,-28.809710
-6.267232,15.059623,-28.817010
-8.187006,13.571561,-28.817650
-9.957275,12.231279,-28.814287
-11.360526,10.620854,-28.817367
-12.577706,8.982410,-28.811151
-13.982488,7.363561,-28.812369
-14.776355,5.515212,-28.816432
-15.727262,3.534280,-28.815234
-16.067264,1.457278,-28.809750
-15.602627,-0.572000,-28.810837
-15.739184,-2.795399,-28.819662
-15.600548,-5.033227,-28.813221
-14.717346,-7.158723,-28.808534
-13.450471,-9.121854,-28.812653
-12.075921,-10.982463,-28.815420
-10.251593,-12.563540,-28.813169
-8.123094,-13.714193,-28.813608
-5.826461,-14.438635,-28.814924
-3.344927,-14.823147,-28.815804
-0.926886,-14.865526,-28.819874
1.501888,-14.305621,-28.819775
3.813044,-13.581528,-28.816476
6.171006,-12.747754,-28.813802
8.275540,-11.378191,-28.812822
9.797140,-9.357545,-28.812162
10.365576,-6.749532,-28.813809
10.095882,-4.143250,-28.818033
9.720155,-1.953013,-28.819958
9.459281,0.083637,-28.816148
9.725949,2.004579,-28.815367
10.038000,4.004174,-28.817227
9.662602,6.124562,-28.815827
9.049275,8.195905,-28.814750
4.936005,7.368350,-32.216861
4.065333,8.799821,-32.217905
2.857413,9.931113,-32.215639
1.501402,10.978518,-32.213282
-0.041594,11.981505,-32.218573
-1.853697,12.273092,-32.212903
-3.647725,12.066352,-32.216684
-5.245659,11.088369,-32.214110
-6.582853,9.999054,-32.212170
-7.840178,8.947389,-32.215154
-8.786879,7.762951,-32.214507
-9.737573,6.587078,-32.213321
-10.856110,5.568332,-32.215524
-11.483586,4.214298,-32.220042
-12.301238,2.830108,-32.215519
-12.179193,1.247442,-32.216108
-11.640842,-0.181939,-32.219793
-11.889805,-1.779965,-32.216174
-11.873226,-3.381745,-32.216141
-11.016999,-4.737985,-32.214716
-10.057394,-6.016088,-32.212682
-9.124932,-7.438246,-32.212424
-7.852183,-8.491815,-32.213818
-6.371611,-9.221358,-32.216261
-4.743952,-9.731587,-32.217998
-3.122171,-10.044301,-32.217710
-1.405024,-10.091833,-32.215336
0.220350,-9.600381,-32.211644
1.778295,-9.056203,-32.212863
3.478571,-8.547974,-32.217658
4.947246,-7.662352,-32.217111
6.028137,-6.214483,-32.217219
6.283506,-4.419383,-32.218612
5.809393,-2.479976,-32.217522
5.453329,-1.021538,-32.213823
5.058342,0.284146,-32.211281
5.098591,1.477905,-32.212007
5.850942,2.946239,-32.216120
5.702011,4.325043,-32.216650
5.378383,5.794359,-32.216492
-2.724075,1.597945,-35.615019
18.397062,25.419350,32.384981
12.195903,24.720278,32.384981
6.882025,23.339845,32.384981
2.528397,21.854072,32.384981
-0.958260,20.587530,32.384981
-4.018157,19.450329,32.384981
-6.911892,18.294453,32.384981
-9.478650,17.127642,32.384981
-12.085890,15.709809,32.384981
-14.408188,14.109935,32.384981
-16.573960,12.078755,32.384981
-18.277501,9.646885,32.384982
-19.377384,7.048972,32.384982
-19.983306,4.142326,32.384982
-20.048700,1.322186,32.384982
-19.615561,-1.465751,32.384981
-18.670918,-4.123745,32.384981
-17.289651,-6.412804,32.384981
-15.480750,-8.378767,32.384981
-13.485127,-9.924727,32.384981
-11.442581,-11.135809,32.384981
-9.294253,-12.147323,32.384981
-7.215922,-12.944613,32.384981
-5.094833,-13.619640,32.384981
-2.943911,-14.192251,32.384981
-0.480715,-14.736764,32.384981
2.003238,-15.177241,32.384981
4.951146,-15.523285,32.384981
8.215904,-15.614497,32.384981
11.761881,-15.260769,32.384981
15.622072,-14.169812,32.384981
19.434389,-12.171236,32.384982
22.922457,-9.396149,32.384982
26.234696,-5.784869,32.384982
29.165404,-1.489405,32.384982
31.654345,3.707706,32.384982
33.436237,9.622604,32.384982
33.116061,15.762786,32.384982
29.718102,20.868096,32.384981
18.677909,18.763847,29.380523
14.715288,20.863853,29.380606
10.452467,21.727750,29.382126
6.068353,21.222249,29.383864
2.311512,20.692984,29.381888
-0.959805,19.789321,29.379640
-3.969177,18.539912,29.380634
-6.693775,17.645838,29.382590
-9.227522,16.433034,29.385300
-11.304526,14.653465,29.386347
-13.544417,13.117904,29.385460
-15.885892,11.477601,29.391869
-17.401222,9.245025,29.382830
-18.450163,6.569087,29.381791
-18.982264,3.920032,29.388510
-19.079440,1.195017,29.389160
-18.779336,-1.363038,29.386317
-17.876735,-3.927465,29.386616
-16.597259,-6.168650,29.389395
-15.122985,-8.118500,29.391247
-13.443802,-9.895037,29.390295
-11.693959,-11.400291,29.387498
-9.707991,-12.825256,29.384287
-7.641633,-14.130536,29.381240
-5.512248,-15.329056,29.381017
-3.052044,-16.483909,29.385408
-0.340576,-17.369833,29.389748
2.750157,-17.810004,29.384209
5.880820,-17.795618,29.383991
9.233790,-17.286241,29.389503
12.594923,-16.194041,29.388498
16.010526,-14.511714,29.383378
19.300238,-12.118650,29.385713
22.282202,-9.132447,29.392248
24.947478,-5.533328,29.390885
26.978293,-1.386201,29.382651
28.417299,3.434832,29.385162
28.489548,8.369731,29.386434
26.628910,12.955753,29.380857
22.852772,16.355090,29.379666
17.388377,17.611890,26.391278
13.746322,19.747778,26.389264
9.833510,20.793278,26.388351
5.790490,20.752726,26.384616
2.335584,20.560101,26.379920
-1.037008,19.762034,26.388446
-3.983048,18.522352,26.381530
-6.637768,17.572536,26.383540
-9.080023,16.300258,26.388212
-11.104217,14.335352,26.383002
-13.220200,12.713503,26.391768
-15.385956,11.143146,26.391490
-16.801899,8.912316,26.387963
-17.778654,6.402406,26.392119
-18.321364,3.813462,26.385210
-18.488279,1.270641,26.379396
-18.334583,-1.380349,26.389221
-17.568786,-3.800317,26.389312
-16.470111,-6.083461,26.383305
-15.246273,-8.145882,26.383142
-13.776238,-10.209575,26.387592
-12.107300,-12.113191,26.388443
-10.259223,-13.845815,26.385246
-8.197756,-15.537243,26.387208
-5.898637,-17.132474,26.384801
-3.187403,-18.572672,26.380909
-0.015508,-19.601458,26.387020
3.302585,-19.893825,26.391090
6.635923,-19.602290,26.386051
10.104758,-18.666853,26.378529
13.460080,-17.019350,26.380995
16.552622,-14.920493,26.390314
19.474002,-12.199598,26.388434
22.008144,-9.091220,26.383357
24.218913,-5.446877,26.388055
25.711256,-1.309813,26.390223
26.495574,3.171419,26.388011
26.091610,7.694720,26.387758
24.120463,11.903853,26.390727
20.974049,15.117015,26.391961
17.290238,17.676946,23.391063
13.819590,19.816096,23.389463
9.982961,21.030401,23.383304
6.065027,21.315389,23.378810
2.432512,21.081471,23.384224
-0.984638,20.286629,23.384110
-3.988641,19.093556,23.388430
-6.715479,17.894888,23.390218
-9.238966,16.368342,23.390075
-11.226988,14.533018,23.387104
-13.220659,12.716529,23.379139
-15.107693,10.973959,23.388154
-16.458517,8.657379,23.381235
-17.425840,6.264222,23.385713
-17.998265,3.785810,23.390993
-18.261446,1.221155,23.382832
-18.269038,-1.329271,23.378630
-17.638579,-3.819229,23.386967
-16.729686,-6.216643,23.388773
-15.655375,-8.540880,23.380215
-14.401036,-10.777442,23.382333
-12.850178,-12.982872,23.391792
-10.967473,-15.099989,23.386111
-8.798121,-17.127140,23.381327
-6.295280,-18.958447,23.378242
-3.289441,-20.497542,23.380301
0.086550,-21.459747,23.388916
3.723740,-21.622198,23.385076
7.335560,-21.065766,23.388037
10.884625,-19.789031,23.389416
14.131119,-17.849106,23.378449
17.168894,-15.377516,23.387994
19.790658,-12.483537,23.393748
22.098249,-9.145793,23.386528
24.029165,-5.290645,23.382233
25.107124,-1.252142,23.389916
25.513524,3.067566,23.384079
24.853980,7.451272,23.381556
23.056036,11.397865,23.390793
20.434967,14.859836,23.392990
17.712732,18.024511,20.379615
14.251105,20.280980,20.386033
10.316147,21.713381,20.391532
6.481902,22.226691,20.389460
2.618435,21.809803,20.385076
-0.885580,20.964296,20.381415
-4.013004,19.830189,20.381562
-6.831146,18.349912,20.387228
-9.379095,16.666660,20.385245
-11.529542,14.927070,20.382220
-13.418786,12.895491,20.391325
-15.057869,10.833852,20.383687
-16.324553,8.531503,20.382475
-17.329025,6.237983,20.382921
-17.995145,3.705196,20.387887
-18.351317,1.223930,20.390468
-18.484530,-1.394521,20.387027
-18.009987,-3.989999,20.389513
-17.329746,-6.391113,20.385957
-16.392119,-8.996444,20.381559
-15.238110,-11.518414,20.382198
-13.752514,-14.019510,20.384286
-11.867384,-16.416858,20.382544
-9.489303,-18.746498,20.382527
-6.660544,-20.746458,20.382619
-3.376986,-22.242093,20.384924
0.277316,-23.063469,20.389888
4.158637,-23.048533,20.382380
7.832299,-22.289893,20.383286
11.533932,-20.731775,20.386624
14.771642,-18.584953,20.380520
17.770863,-15.902636,20.388810
20.307564,-12.794087,20.392630
22.476028,-9.233144,20.386514
24.116921,-5.417264,20.381518
24.991959,-1.214231,20.382329
25.157949,3.104004,20.384402
24.358793,7.291936,20.386548
22.704700,11.147573,20.386461
20.551825,14.799694,20.381952
18.062360,18.315116,17.385985
14.537939,20.635645,17.386188
10.618285,22.147994,17.384800
6.707972,22.785118,17.382136
2.600711,22.169185,17.386271
-0.860815,21.302906,17.389293
-4.112483,20.203391,17.382680
-6.951051,18.581332,17.382861
-9.446634,16.907988,17.389118
-11.759242,15.250339,17.386893
-13.535880,13.193261,17.379055
-14.995057,10.907791,17.379556
-16.335335,8.552407,17.387141
-17.455579,6.236232,17.381861
-18.217032,3.790210,17.381722
-18.692236,1.257672,17.386340
-18.922384,-1.437760,17.384967
-18.639317,-4.137819,17.389207
-18.096959,-6.795761,17.383724
-17.309127,-9.537670,17.385687
-16.222815,-12.332658,17.389755
-14.686539,-15.233487,17.386587
-12.648292,-17.988923,17.385953
-10.068821,-20.459823,17.381842
-6.941356,-22.460979,17.381416
-3.469241,-23.784477,17.387226
0.481241,-24.411044,17.391403
4.334706,-24.235741,17.389133
8.356809,-23.239204,17.387666
11.982387,-21.555922,17.387911
15.387036,-19.196612,17.386536
18.419603,-16.372438,17.386258
20.946098,-13.101485,17.381668
22.977705,-9.481859,17.377017
24.503380,-5.484311,17.380890
25.215899,-1.264512,17.390569
25.219580,3.042072,17.386114
24.277864,7.327393,17.384068
22.658320,11.185893,17.390564
20.696260,14.960874,17.389708
17.994583,18.259376,14.386287
14.275908,20.428845,14.381972
10.348455,21.749964,14.383084
6.486809,22.291581,14.386647
2.587024,21.674919,14.381251
-0.954763,20.810752,14.388042
-4.004658,19.815937,14.386026
-6.860905,18.372944,14.387679
-9.343617,16.838514,14.390425
-11.728794,15.166536,14.386695
-13.609561,13.132055,14.387377
-15.002965,10.909939,14.386081
-16.414455,8.698251,14.389151
-17.662788,6.392621,14.390901
-18.620116,3.793973,14.384360
-19.207841,1.236312,14.380092
-19.493538,-1.517370,14.381110
-19.412029,-4.285994,14.378558
-19.008441,-7.172542,14.389246
-18.312019,-10.153737,14.388550
-17.218282,-13.321486,14.384836
-15.656544,-16.453933,14.389382
-13.534725,-19.420468,14.380214
-10.739667,-21.982619,14.379195
-7.315148,-23.933551,14.387256
-3.553383,-25.099918,14.391548
0.510936,-25.501700,14.388845
4.583664,-25.164515,14.389962
8.652436,-24.021191,14.386408
12.446577,-22.150565,14.382982
15.907557,-19.721381,14.386571
19.001380,-16.834877,14.382963
21.566490,-13.481390,14.380127
23.639877,-9.619828,14.383970
25.033535,-5.631055,14.387584
25.662268,-1.304871,14.382586
25.517099,3.084502,14.385235
24.500673,7.305909,14.384897
22.822535,11.232401,14.379462
20.724199,15.048985,14.382497
17.550847,17.894744,11.388695
13.716033,19.705698,11.383008
9.798186,20.626393,11.378689
5.986962,20.925446,11.381477
2.321837,20.453107,11.389356
-0.998041,19.721721,11.388480
-3.940662,18.767859,11.384835
-6.714582,17.725064,11.385040
-9.187697,16.433029,11.384430
-11.447007,14.750465,11.382683
-13.435612,12.996669,11.386130
-15.021193,10.864690,11.386867
-16.617976,8.735416,11.387098
-17.967980,6.455471,11.385478
-19.014122,4.002798,11.386126
-19.763143,1.307162,11.389371
-20.100666,-1.482219,11.387063
-20.216738,-4.579794,11.379547
-19.942334,-7.666637,11.387535
-19.305939,-10.855340,11.393103
-18.225556,-14.227733,11.388524
-16.618569,-17.555111,11.383132
-14.285819,-20.794776,11.383183
-11.249017,-23.378615,11.385502
-7.533980,-25.214508,11.388646
-3.510749,-26.173210,11.386970
0.623187,-26.336716,11.379718
4.881471,-25.824759,11.383474
8.826943,-24.604062,11.384547
12.654254,-22.670151,11.380330
16.302177,-20.157426,11.381673
19.466256,-17.266800,11.387596
22.187489,-13.774171,11.386783
24.271585,-9.856943,11.382695
25.653135,-5.647616,11.385281
26.201796,-1.249898,11.391366
25.903552,3.180084,11.383713
24.783639,7.447613,11.380186
22.991371,11.376231,11.387445
20.654731,14.924997,11.390539
17.014489,17.441133,8.390825
13.127492,18.990568,8.390626
9.133153,19.541874,8.390711
5.401327,19.529022,8.388296
1.977777,19.301467,8.383201
-1.108251,18.745203,8.384571
-3.810452,17.908664,8.388489
-6.540406,17.085063,8.388608
-8.958099,15.985700,8.384600
-11.134484,14.383186,8.384567
-13.288861,12.792156,8.390241
-14.961967,10.886726,8.388963
-16.730074,8.854702,8.390189
-18.256770,6.483394,8.383853
-19.413938,4.042133,8.383923
-20.272678,1.355891,8.389638
-20.682217,-1.608584,8.385384
-20.975946,-4.727105,8.382642
-20.841405,-8.003734,8.389548
-20.264468,-11.393405,8.385011
-19.176804,-14.957547,8.379601
-17.407343,-18.583197,8.387699
-15.002135,-21.825793,8.383542
-11.736132,-24.428127,8.386049
-7.754210,-26.155095,8.390511
-3.644209,-26.911741,8.388706
0.685229,-26.886256,8.386137
4.973611,-26.249953,8.383701
9.074611,-24.893006,8.386807
12.929421,-22.908889,8.389738
16.524174,-20.501527,8.387265
19.873453,-17.528180,8.388467
22.682887,-14.039222,8.385904
24.811752,-10.098471,8.382237
26.173529,-5.828814,8.383733
26.700454,-1.377615,8.386482
26.260136,3.225570,8.381660
25.093818,7.396958,8.380894
23.134679,11.437306,8.387242
20.482340,14.765045,8.390265
16.630926,17.096702,5.377095
12.805415,18.572242,5.385146
8.788388,19.065802,5.387685
5.168674,19.043662,5.381035
2.008216,19.057334,5.380601
-1.116741,18.598528,5.382815
-3.874862,17.827113,5.385989
-6.392150,16.829012,5.385293
-8.809528,15.607625,5.387478
-11.158426,14.247867,5.389122
-13.211913,12.727081,5.381526
-14.926826,10.828889,5.389344
-16.810079,8.870374,5.381888
-18.349286,6.662480,5.384990
-19.664732,4.099632,5.386160
-20.662145,1.280558,5.381947
-21.145502,-1.702219,5.387836
-21.587812,-4.831353,5.381396
-21.588188,-8.289416,5.384147
-21.046047,-11.869526,5.390338
-19.902767,-15.609235,5.387451
-18.067841,-19.242461,5.380210
-15.459965,-22.566114,5.383218
-11.942799,-25.148909,5.387953
-7.852162,-26.710905,5.384295
-3.677068,-27.299712,5.380914
0.686868,-27.124174,5.386996
4.998132,-26.389114,5.383326
9.120945,-24.980021,5.382333
13.019946,-22.996260,5.389276
16.683948,-20.625717,5.391669
19.988414,-17.772563,5.381225
22.912798,-14.318433,5.378227
25.182522,-10.247025,5.382794
26.520759,-5.922785,5.382911
27.020592,-1.274444,5.380368
26.454031,3.194849,5.379314
25.131129,7.535347,5.382490
23.137979,11.413088,5.384321
20.182690,14.686488,5.379355
16.280312,16.774891,2.383318
12.614262,18.262330,2.386321
8.778516,18.984448,2.388986
5.309985,19.217047,2.389760
1.995108,19.329670,2.388577
-0.981972,18.916917,2.384255
-3.933211,18.172033,2.383872
-6.395822,16.751764,2.381271
-8.695576,15.340086,2.379512
-11.070784,14.367238,2.385167
-13.183733,12.654206,2.391406
-14.868774,10.723587,2.391999
-16.796013,8.806315,2.380071
-18.377581,6.621228,2.381346
-19.742955,4.080123,2.382656
-20.817261,1.283125,2.376645
-21.403331,-1.685649,2.378117
-21.974836,-4.952535,2.379489
-22.074685,-8.566624,2.378974
-21.535490,-12.305373,2.380816
-20.331643,-16.034793,2.382704
-18.383792,-19.616528,2.382300
-15.527981,-22.938598,2.384370
-12.030256,-25.305680,2.381470
-7.894254,-26.757465,2.377769
-3.547667,-27.250998,2.379408
0.668383,-26.991201,2.382521
4.973509,-26.189286,2.379256
8.961752,-24.826375,2.381197
12.898427,-22.902631,2.388562
16.611194,-20.595792,2.390270
20.046351,-17.656798,2.385012
22.932365,-14.348138,2.383000
25.243497,-10.302237,2.383772
26.536543,-5.950372,2.385290
26.991079,-1.286885,2.389740
26.300198,3.164904,2.383291
24.864004,7.486951,2.377948
22.802865,11.325855,2.380057
19.876329,14.408501,2.381606
15.679509,16.235234,-0.618365
12.267426,17.796283,-0.610778
8.694316,18.745704,-0.612685
5.294769,19.188325,-0.621524
2.030476,19.386190,-0.616489
-1.051262,18.990938,-0.615826
-3.980990,18.276958,-0.614398
-6.415305,16.622492,-0.613120
-8.601733,15.150338,-0.613795
-11.113382,14.221741,-0.613071
-13.018671,12.539154,-0.611831
-14.691340,10.646042,-0.613316
-16.579007,8.747079,-0.610608
-18.239145,6.478019,-0.611270
-19.539482,4.123741,-0.616527
-20.676026,1.391455,-0.617091
-21.406185,-1.650861,-0.610956
-22.053903,-5.006846,-0.613300
-22.206148,-8.569582,-0.619155
-21.650348,-12.400094,-0.615323
-20.369837,-16.047391,-0.610427
-18.217150,-19.615286,-0.613310
-15.338210,-22.629527,-0.610934
-11.816393,-24.853986,-0.611494
-7.865849,-26.184583,-0.610050
-3.579068,-26.663917,-0.610389
0.576853,-26.411139,-0.618982
4.813843,-25.598607,-0.614191
8.761787,-24.296173,-0.611465
12.686182,-22.494871,-0.612998
16.375678,-20.269316,-0.609545
19.644948,-17.468008,-0.608562
22.617815,-14.111271,-0.611597
24.883411,-10.126615,-0.616802
26.062287,-5.803457,-0.617910
26.412031,-1.344634,-0.612328
25.580627,3.162782,-0.616634
24.097820,7.247403,-0.620029
22.006791,10.991618,-0.618237
19.086410,13.973077,-0.619551
14.796638,15.288647,-3.619357
11.600732,16.988904,-3.619497
8.375301,18.139978,-3.618623
5.128716,18.773492,-3.619710
1.984210,19.047675,-3.620833
-0.997201,18.728230,-3.618557
-3.825359,18.057231,-3.612630
-6.343473,16.466101,-3.609161
-8.584094,14.955058,-3.611857
-10.942362,13.918104,-3.616556
-12.758830,12.272547,-3.619405
-14.542729,10.407898,-3.616935
-16.309369,8.524208,-3.608457
-17.813458,6.432486,-3.611985
-19.221042,3.925198,-3.615137
-20.337293,1.290654,-3.611806
-21.139480,-1.617011,-3.611892
-21.773514,-4.854029,-3.610337
-21.906599,-8.437277,-3.617087
-21.299306,-12.121126,-3.617755
-19.934120,-15.593707,-3.611216
-17.691196,-18.930284,-3.609749
-14.891769,-21.612974,-3.614372
-11.448687,-23.688063,-3.619555
-7.496388,-24.990716,-3.620794
-3.504833,-25.472503,-3.619523
0.509056,-25.302236,-3.617474
4.455562,-24.560279,-3.610363
8.301939,-23.404114,-3.611378
12.149356,-21.814184,-3.615782
15.741015,-19.715290,-3.613173
18.993228,-16.908033,-3.616873
21.841130,-13.647266,-3.618659
23.976019,-9.776601,-3.614130
24.994011,-5.572788,-3.609466
25.172384,-1.261506,-3.611363
24.285470,2.927045,-3.617700
22.748443,6.826020,-3.618181
20.638554,10.385900,-3.614349
17.907420,13.126961,-3.616164
13.421742,14.134485,-6.605985
10.641760,15.863030,-6.615541
7.837790,17.203941,-6.620988
4.839365,18.073692,-6.614392
1.874507,18.407991,-6.608651
-1.089655,18.150194,-6.616595
-3.868914,17.455905,-6.615875
-6.236092,16.175056,-6.612951
-8.399761,14.771070,-6.612754
-10.616181,13.477582,-6.609669
-12.437830,11.846615,-6.610494
-14.221525,10.183041,-6.612970
-15.809829,8.334325,-6.612888
-17.277635,6.216634,-6.619091
-18.615847,3.860244,-6.620186
-19.747240,1.249679,-6.617459
-20.616039,-1.603842,-6.618239
-21.185539,-4.806687,-6.608628
-21.184398,-8.196636,-6.609005
-20.492385,-11.518261,-6.612045
-18.972417,-14.847906,-6.613488
-16.754114,-17.764557,-6.616808
-14.003004,-20.182482,-6.618888
-10.696387,-22.051146,-6.614372
-7.216603,-23.183969,-6.613431
-3.454797,-23.726558,-6.615607
0.341188,-23.688071,-6.612335
4.072691,-23.022710,-6.612354
7.751126,-22.062529,-6.614155
11.445153,-20.728889,-6.613643
14.969369,-18.693473,-6.612683
18.034674,-16.026859,-6.618284
20.658357,-12.893743,-6.620749
22.515681,-9.294396,-6.617615
23.367513,-5.162693,-6.612892
23.307109,-1.089378,-6.611064
22.386254,2.721610,-6.617448
20.821512,6.348092,-6.618329
18.765806,9.524262,-6.609485
16.174325,12.098739,-6.604134
11.862652,12.686112,-9.614299
9.437348,14.475535,-9.614821
7.112802,15.973283,-9.615668
4.468848,17.121458,-9.613959
1.606432,17.505117,-9.614654
-1.153843,17.323917,-9.612053
-3.699796,16.665997,-9.617962
-6.139330,15.655186,-9.618436
-8.306473,14.397247,-9.612449
-10.167201,12.905237,-9.616090
-11.964949,11.339833,-9.621156
-13.811862,9.829694,-9.618613
-15.253937,7.940594,-9.619728
-16.572448,5.945730,-9.612611
-17.872258,3.661829,-9.606478
-18.923921,1.240941,-9.608804
-19.809576,-1.503826,-9.612907
-20.248642,-4.485323,-9.617380
-20.078152,-7.619510,-9.616160
-19.213831,-10.770272,-9.618477
-17.676465,-13.647148,-9.616038
-15.479970,-16.233347,-9.609920
-12.949217,-18.296180,-9.618089
-9.961112,-19.896468,-9.617169
-6.614844,-20.962985,-9.617596
-3.265303,-21.516888,-9.619900
0.121928,-21.608201,-9.613207
3.584164,-21.056469,-9.610676
7.033514,-20.323477,-9.612769
10.497355,-19.250584,-9.612344
13.777773,-17.385423,-9.609598
16.654193,-14.950576,-9.616213
18.999009,-11.999278,-9.619214
20.624732,-8.461025,-9.614714
21.236247,-4.739399,-9.610400
20.926533,-0.986451,-9.610212
19.985686,2.537398,-9.608723
18.494865,5.716752,-9.612126
16.505617,8.462757,-9.618906
14.200687,10.771464,-9.617702
10.115522,11.131173,-12.613746
8.145219,12.832187,-12.616415
6.228695,14.467788,-12.617796
3.949281,15.944179,-12.614188
1.363694,16.354642,-12.611432
-1.158029,16.256200,-12.609626
-3.662089,15.592702,-12.608068
-5.984298,14.904450,-12.614458
-8.070022,13.858511,-12.616661
-9.721409,12.092546,-12.611301
-11.374017,10.703716,-12.618173
-13.226920,9.375646,-12.616330
-14.494205,7.503106,-12.614844
-15.712847,5.569871,-12.616341
-16.884769,3.500381,-12.611067
-17.879412,1.195724,-12.608439
-18.717977,-1.398512,-12.616763
-18.987223,-4.233382,-12.619793
-18.573574,-7.047567,-12.620026
-17.600802,-9.727748,-12.619273
-16.037292,-12.232667,-12.616830
-13.998005,-14.384082,-12.615795
-11.642592,-16.174609,-12.617505
-8.995192,-17.493559,-12.611931
-6.063550,-18.406783,-12.610745
-3.151720,-18.963272,-12.614054
-0.087389,-19.156039,-12.613836
2.948844,-18.751487,-12.615612
6.111602,-18.238644,-12.618937
9.276182,-17.396738,-12.620800
12.267179,-15.724619,-12.619848
14.953112,-13.590577,-12.618749
17.031307,-10.770857,-12.620517
18.270144,-7.554946,-12.617838
18.692852,-4.174091,-12.611114
18.141688,-0.813555,-12.614728
17.235547,2.267448,-12.617654
15.893518,5.004947,-12.616953
13.956557,7.405272,-12.615310
12.038901,9.362192,-12.613794
8.286711,9.562928,-15.619753
6.724779,11.106098,-15.618123
5.201548,12.741195,-15.612736
3.395929,14.474896,-15.615704
1.137603,14.932504,-15.617871
-1.219348,14.906547,-15.612585
-3.520026,14.306764,-15.615801
-5.637271,13.865694,-15.619076
-7.677553,13.057450,-15.618905
-9.108737,11.157832,-15.618088
-10.674125,9.894996,-15.607959
-12.454219,8.744121,-15.610439
-13.534682,6.946613,-15.611787
-14.640580,5.132517,-15.620610
-15.708159,3.204943,-15.617124
-16.607434,1.061574,-15.612556
-17.302590,-1.248893,-15.615082
-17.385208,-3.769115,-15.608802
-16.765576,-6.207820,-15.617868
-15.714621,-8.504790,-15.621051
-14.263980,-10.552435,-15.620496
-12.373218,-12.373770,-15.619587
-10.318938,-13.827883,-15.613462
-7.941428,-14.921241,-15.612021
-5.535158,-15.660007,-15.611050
-2.970833,-16.212618,-15.610908
-0.366952,-16.459995,-15.612737
2.332642,-16.210763,-15.611040
5.054333,-15.888720,-15.614386
7.861377,-15.207706,-15.615725
10.525008,-13.750587,-15.609597
12.987262,-11.944209,-15.615150
14.667725,-9.501265,-15.613343
15.574155,-6.558101,-15.610596
15.837594,-3.560788,-15.616390
15.138545,-0.639443,-15.610951
14.300749,1.985110,-15.614325
13.163283,4.304769,-15.617491
11.428230,6.284908,-15.611140
9.820712,7.973749,-15.614141
6.510393,7.991490,-18.617410
5.298588,9.314268,-18.615435
4.032925,10.854586,-18.610738
2.717595,12.676896,-18.609850
0.669158,13.209461,-18.611112
-1.364514,13.227781,-18.615024
-3.333692,12.753594,-18.615076
-5.252442,12.435670,-18.611444
-7.150576,11.804238,-18.614666
-8.348011,10.021802,-18.621225
-9.761144,8.894683,-18.616322
-11.382866,7.903444,-18.612512
-12.306974,6.266165,-18.608745
-13.294393,4.637342,-18.609266
-14.227840,2.901123,-18.615501
-14.993051,0.970310,-18.617596
-15.512228,-1.118282,-18.612119
-15.394690,-3.271840,-18.610162
-14.643114,-5.291783,-18.615494
-13.613667,-7.191961,-18.611043
-12.281234,-8.876034,-18.610645
-10.723640,-10.246891,-18.614236
-8.910826,-11.409439,-18.611503
-6.928565,-12.253526,-18.608517
-4.948385,-12.849357,-18.615527
-2.843640,-13.326184,-18.619147
-0.622693,-13.599559,-18.610922
1.611544,-13.521199,-18.608317
3.951145,-13.304653,-18.612719
6.258621,-12.713878,-18.617822
8.473114,-11.530866,-18.617727
10.689732,-10.096031,-18.614289
12.074425,-7.929551,-18.616390
12.620627,-5.405737,-18.620919
12.782350,-2.921543,-18.619391
12.055010,-0.470933,-18.612348
11.318288,1.686394,-18.614372
10.447300,3.620376,-18.619350
9.053922,5.159833,-18.617000
7.692612,6.626416,-18.616581
4.677612,6.314595,-21.608544
3.742217,7.419713,-21.610891
2.765243,8.592113,-21.616156
1.835194,10.427885,-21.611279
0.239413,11.050537,-21.609966
-1.493194,11.118885,-21.610608
-3.152336,10.793528,-21.608714
-4.766861,10.525930,-21.612123
-6.379214,10.043374,-21.619663
-7.394331,8.557196,-21.615433
-8.583615,7.602652,-21.613308
-9.975249,6.693453,-21.620357
-10.750987,5.299562,-21.610825
-11.563573,4.002241,-21.616456
-12.341670,2.535735,-21.612933
-12.929158,0.898220,-21.609077
-13.216258,-0.817489,-21.611592
-12.951078,-2.597074,-21.614006
-12.179365,-4.157126,-21.621090
-11.269890,-5.637495,-21.621348
-10.145797,-6.956574,-21.616272
-8.840231,-7.995956,-21.614963
-7.377577,-8.794256,-21.619137
-5.821830,-9.390575,-21.621015
-4.293047,-9.852721,-21.613908
-2.667524,-10.215447,-21.612580
-1.017327,-10.444156,-21.619026
0.783503,-10.538639,-21.618246
2.664811,-10.380524,-21.616669
4.438906,-9.840034,-21.617866
6.171615,-8.948534,-21.618155
8.009005,-7.955480,-21.612718
9.119404,-6.205860,-21.610372
9.365293,-4.180979,-21.612550
9.466694,-2.233548,-21.613273
8.823511,-0.300428,-21.615123
8.205024,1.355285,-21.616435
7.688893,2.851267,-21.615877
6.609557,4.107649,-21.613345
5.547956,5.234230,-21.610167
2.474629,4.359351,-24.607846
1.887568,5.122226,-24.610125
1.172006,5.910623,-24.615969
0.612912,7.242179,-24.617085
-0.369105,8.138826,-24.614221
-1.651442,8.245232,-24.613076
-2.866903,8.121829,-24.611398
-4.068411,7.854500,-24.613775
-5.267593,7.469690,-24.618518
-6.074746,6.469742,-24.618465
-6.966179,5.729124,-24.617982
-7.879747,5.019716,-24.614836
-8.523346,4.049897,-24.613935
-9.204649,3.051210,-24.612797
-9.788169,1.935273,-24.613492
-10.079877,0.716075,-24.614225
-10.117217,-0.507187,-24.616576
-9.731801,-1.735994,-24.619489
-9.061939,-2.812881,-24.618646
-8.417469,-3.776152,-24.616205
-7.579887,-4.652070,-24.617248
-6.586762,-5.248383,-24.617054
-5.555247,-5.675742,-24.614241
-4.550588,-6.023906,-24.612788
-3.522759,-6.302326,-24.615388
-2.478933,-6.497751,-24.616001
-1.383557,-6.717930,-24.616059
-0.146242,-6.956188,-24.618253
1.046386,-6.800979,-24.617294
2.169997,-6.342884,-24.615574
3.346136,-5.785265,-24.615567
4.694252,-5.258393,-24.614335
5.522238,-4.128919,-24.612275
5.499788,-2.628804,-24.611862
5.523070,-1.339920,-24.612510
5.128329,-0.104618,-24.611033
4.603543,0.952077,-24.612067
4.364772,2.003372,-24.618424
3.833753,2.882419,-24.616842
3.087649,3.606712,-24.610002
-2.814637,1.363798,-27.615019
