14.959180,32.309854,36.195202
9.793439,35.697665,36.195201
4.016250,38.388236,36.195198
-2.376963,40.044990,36.195196
-8.945600,39.916347,36.195197
-15.235087,37.318922,36.195198
-20.141201,32.935562,36.195199
-23.942970,27.552213,36.195199
-26.667865,22.235090,36.195199
-28.704840,16.828317,36.195200
-30.034543,11.615042,36.195199
-30.731419,6.482331,36.195198
-30.810864,1.303074,36.195198
-30.334505,-3.454785,36.195197
-29.349905,-8.134103,36.195198
-27.842305,-12.671945,36.195198
-25.863224,-16.805775,36.195197
-23.170572,-20.758156,36.195199
-19.772763,-24.127565,36.195201
-15.895272,-26.573576,36.195203
-11.384461,-28.169993,36.195203
-7.034874,-28.729280,36.195203
-2.463898,-28.381677,36.195201
1.569843,-27.267615,36.195197
5.355597,-25.488027,36.195197
8.702507,-23.326544,36.195198
11.507373,-21.093848,36.195199
14.128537,-18.647947,36.195199
16.444832,-16.178545,36.195199
18.612437,-13.577598,36.195199
20.747924,-10.698131,36.195199
22.818263,-7.530680,36.195199
24.757860,-4.051089,36.195198
26.525397,-0.041345,36.195197
27.875246,4.548505,36.195196
28.411058,9.502636,36.195197
27.808395,14.653173,36.195199
25.929138,19.703122,36.195201
23.038629,24.313636,36.195202
20.384448,30.007960,32.395389
15.464101,33.726760,32.400770
10.122598,36.820067,32.391500
4.126568,39.003753,32.390122
-2.431454,39.743449,32.398312
-8.713560,38.625143,32.404096
-14.534738,35.515187,32.401039
-19.188498,31.145666,32.391663
-22.758250,26.101678,32.389787
-25.303441,20.938932,32.398628
-27.152521,15.704065,32.405367
-28.488948,10.931038,32.394826
-29.069315,5.857015,32.392321
-29.145052,1.309228,32.400872
-29.135370,-3.429298,32.400867
-27.854295,-7.743510,32.394554
-26.817008,-12.142492,32.395542
-25.978475,-16.989122,32.401061
-23.773171,-21.200713,32.399891
-20.528504,-24.937525,32.402947
-16.441919,-27.684434,32.395040
-12.006528,-29.385249,32.394760
-7.354155,-30.173877,32.400140
-2.613973,-30.133645,32.396769
1.862133,-29.465673,32.399354
5.845949,-27.818836,32.398858
9.692262,-25.838954,32.392168
13.173815,-24.065866,32.389341
16.707733,-21.975683,32.392892
20.112971,-19.292665,32.393336
22.722981,-16.135305,32.390551
24.674671,-12.277522,32.394852
27.062451,-8.681230,32.392768
29.292470,-4.500074,32.397442
30.610990,0.240963,32.397808
31.455060,5.338004,32.396098
31.717795,10.861553,32.397969
30.432005,16.280563,32.394081
27.969611,21.294126,32.389703
24.507752,25.950000,32.389022
20.964830,31.032217,28.588725
15.935915,34.505698,28.592045
10.334899,37.444809,28.596234
4.055935,39.272655,28.602544
-2.283026,39.397347,28.596832
-8.563903,37.588661,28.586538
-13.893917,34.165330,28.593077
-18.438486,29.755607,28.599420
-21.870054,24.948685,28.594052
-24.230613,20.009226,28.593593
-25.924495,15.024643,28.604077
-27.463690,10.384398,28.592257
-27.983321,5.634477,28.583769
-28.023466,1.174850,28.591649
-28.474846,-3.258148,28.599245
-26.972367,-7.599244,28.596355
-26.157862,-11.864571,28.596901
-26.196174,-17.128132,28.601179
-24.111417,-21.561167,28.596105
-21.096399,-25.382270,28.595572
-17.025182,-28.335455,28.589432
-12.327055,-30.288537,28.585836
-7.595071,-31.252005,28.595783
-2.738459,-31.428313,28.601767
1.880597,-31.027556,28.588186
6.252727,-29.515040,28.599950
10.366940,-27.868892,28.600999
14.501916,-26.288748,28.589827
18.661665,-24.270132,28.594481
22.475894,-21.588962,28.600564
25.583579,-17.903911,28.588860
27.457638,-13.654769,28.595605
30.134143,-9.373360,28.599243
32.368587,-4.796434,28.603275
32.988782,0.391801,28.594124
33.209541,5.676782,28.590612
33.539518,11.537937,28.602117
32.055486,17.053115,28.596075
29.224821,22.292151,28.589186
25.506773,26.919439,28.587181
21.293895,31.618809,24.794391
16.072144,34.986010,24.792091
10.270821,37.757402,24.794667
4.012145,39.224124,24.799891
-2.220072,38.994669,24.794887
-8.286623,36.884609,24.788675
-13.520032,33.140546,24.799166
-17.802751,28.927393,24.802399
-21.232603,24.266094,24.799356
-23.536310,19.440141,24.793664
-25.175973,14.574429,24.786684
-26.938668,10.138141,24.786408
-27.507609,5.566848,24.791864
-27.527546,1.026331,24.793853
-28.299623,-3.237230,24.788278
-26.661852,-7.581023,24.789970
-25.922604,-11.866382,24.795046
-26.412662,-17.206664,24.797021
-24.323833,-21.747259,24.794267
-21.354716,-25.706615,24.787932
-17.292593,-28.795021,24.794852
-12.561721,-30.892167,24.795366
-7.785543,-32.016876,24.791191
-2.858723,-32.352343,24.793156
1.845733,-32.086155,24.787102
6.572819,-30.732260,24.790110
11.068064,-29.309868,24.794116
15.529833,-27.796014,24.792494
19.973762,-25.691622,24.788051
24.038735,-22.868631,24.788229
27.333178,-18.953097,24.795277
29.366080,-14.458502,24.798398
32.090240,-9.862964,24.789051
34.274732,-4.915417,24.787082
34.419764,0.378170,24.796108
34.213993,5.944107,24.802957
34.568457,11.911046,24.799572
32.913301,17.698414,24.794286
29.906384,22.960028,24.793486
26.018689,27.570625,24.795092
21.427118,31.859664,20.992232
16.083126,35.128607,20.995622
10.353934,37.669436,20.995576
4.003394,38.917717,20.988905
-2.277585,38.491781,20.990064
-8.327319,36.216434,20.994849
-13.354961,32.465261,20.990175
-17.549411,28.402674,20.995919
-20.967472,23.944079,21.001692
-23.340175,19.106227,20.999624
-24.984063,14.425821,20.993520
-26.897346,10.233734,20.988169
-27.619318,5.676557,20.987321
-27.639709,1.090619,20.988983
-28.584798,-3.397605,20.988590
-26.905903,-7.524126,20.991563
-26.041370,-11.815083,20.992231
-26.588411,-17.197170,20.993089
-24.447094,-21.758912,21.000433
-21.360119,-25.947867,20.998758
-17.487012,-28.997544,20.989384
-12.770881,-31.227611,20.983906
-7.988735,-32.498710,20.990748
-3.034291,-32.956812,21.002036
1.926144,-32.740853,21.004281
6.743611,-31.565119,21.004398
11.336344,-30.337332,20.997210
16.027163,-28.728528,20.992083
20.455563,-26.482147,20.997010
24.676819,-23.457798,20.996526
28.050998,-19.540855,20.990477
30.397616,-14.917105,21.002006
33.053707,-10.232983,20.992106
35.202816,-4.983783,20.994202
35.172871,0.349190,21.000819
34.752019,5.941423,21.001307
35.062315,12.180462,20.998064
33.426592,17.798325,20.988574
30.245520,23.270184,20.984627
26.262366,27.866034,20.987443
21.396096,31.811755,17.194155
15.986427,34.986527,17.191783
10.183072,37.374737,17.185167
4.008186,38.396418,17.195394
-2.279234,37.907148,17.200904
-8.165280,35.801119,17.193982
-13.134279,32.328136,17.193696
-17.474709,28.410127,17.198671
-21.052595,24.071121,17.202548
-23.591067,19.311384,17.200136
-25.378159,14.677263,17.194768
-27.461488,10.321610,17.197196
-28.251251,5.770397,17.197151
-28.363222,1.169440,17.195251
-29.235865,-3.340266,17.199715
-27.461334,-7.649902,17.196968
-26.473489,-11.960369,17.193106
-26.639118,-17.351915,17.192806
-24.345635,-21.844813,17.193548
-21.388015,-25.862732,17.196681
-17.388474,-29.111400,17.190227
-12.908185,-31.337376,17.191498
-7.939382,-32.774401,17.192413
-2.987169,-33.301247,17.188420
1.979290,-33.097667,17.202137
6.834776,-32.058747,17.192434
11.665717,-30.849712,17.185241
16.283833,-29.050326,17.194902
20.590825,-26.548101,17.195156
24.692950,-23.374274,17.188867
28.093020,-19.460340,17.194355
30.729822,-14.991821,17.191460
33.334746,-10.269845,17.199473
35.334342,-5.188175,17.189947
35.393129,0.361642,17.194401
34.970298,5.968714,17.204134
35.177602,12.217286,17.189780
33.426606,18.033513,17.185952
30.312694,23.297456,17.187883
26.286612,27.870683,17.191263
21.220585,31.515932,13.393319
15.980431,34.506761,13.400729
10.155479,36.784652,13.389091
3.988097,37.678828,13.384514
-2.275089,37.208382,13.388977
-8.020093,35.428264,13.393725
-13.197209,32.320042,13.397011
-17.744651,28.679986,13.398073
-21.520763,24.541339,13.399083
-24.318541,19.950149,13.399216
-26.398959,15.221728,13.397690
-28.373082,10.855265,13.397659
-29.317366,6.096794,13.392561
-29.581809,1.302422,13.388404
-30.123478,-3.437549,13.393790
-28.213080,-7.931393,13.391941
-27.073287,-12.250962,13.393859
-26.603491,-17.373299,13.394068
-24.308882,-21.574259,13.386540
-21.209439,-25.732005,13.401450
-17.434475,-28.898324,13.403104
-12.832466,-31.306992,13.399612
-7.902945,-32.824505,13.403975
-2.976941,-33.403709,13.402428
1.972048,-33.201999,13.393098
6.827900,-32.256117,13.398931
11.636828,-31.011165,13.398301
16.121819,-28.964650,13.401470
20.234321,-26.173544,13.397688
24.008427,-22.980028,13.387656
27.457098,-19.125654,13.395905
30.423340,-14.895041,13.401983
32.991905,-10.174703,13.393131
34.937980,-5.101360,13.398461
35.198245,0.425821,13.401405
34.929643,6.037782,13.391819
34.996210,12.046284,13.389502
33.257293,17.838751,13.400969
30.162080,23.081773,13.399481
26.128585,27.625940,13.390715
20.913003,31.001328,9.595239
15.670842,33.909255,9.592129
9.835578,36.045436,9.589731
3.902332,36.786120,9.592273
-2.104129,36.408113,9.594775
-7.916627,34.999000,9.592526
-13.343293,32.444766,9.589043
-17.974045,29.344074,9.593504
-22.169272,25.372604,9.598314
-25.322131,21.048925,9.596656
-27.768855,16.292004,9.592831
-29.681246,11.272312,9.596354
-30.658302,6.273484,9.597951
-31.083629,1.323251,9.594599
-31.091339,-3.401079,9.592164
-29.153972,-8.105731,9.591347
-27.665735,-12.567730,9.589136
-26.458482,-17.312529,9.592626
-24.055765,-21.389716,9.601703
-20.920596,-25.470807,9.594204
-17.183243,-28.649304,9.586399
-12.656142,-31.109872,9.589485
-7.982887,-32.637963,9.595060
-2.885302,-33.291590,9.596148
2.031680,-33.068267,9.597343
6.864040,-32.163286,9.595297
11.605013,-30.778125,9.601219
15.886354,-28.406105,9.593382
19.576128,-25.450876,9.592281
23.147307,-22.082436,9.600389
26.471214,-18.444130,9.592958
29.742949,-14.491805,9.594879
32.176871,-9.979879,9.596449
34.109884,-4.947619,9.598653
34.692229,0.528061,9.602469
34.655366,5.909647,9.600210
34.544443,11.875604,9.590760
32.783840,17.618983,9.587535
29.700442,22.814868,9.590189
25.656745,27.305788,9.594354
20.483039,30.286915,5.797003
15.255965,33.116166,5.794208
9.634371,35.065759,5.801937
3.740534,35.720355,5.795712
-2.211156,35.421318,5.795549
-7.851541,34.445300,5.801922
-13.288673,32.625252,5.796743
-18.335790,29.898169,5.796973
-22.794293,26.306279,5.797162
-26.561256,21.969077,5.796081
-29.358390,17.204625,5.798121
-30.983416,11.947815,5.793980
-32.016257,6.726671,5.791558
-32.535827,1.449363,5.792580
-31.890364,-3.615027,5.792086
-30.011805,-8.336854,5.793855
-28.187486,-12.643913,5.797639
-26.234611,-17.103118,5.797683
-23.613965,-21.228152,5.790686
-20.565308,-25.045641,5.786618
-16.874679,-28.229667,5.790068
-12.625439,-30.648764,5.793352
-7.810221,-32.305796,5.791298
-2.973189,-32.968535,5.788309
1.903542,-32.747467,5.788166
6.700679,-31.866685,5.787862
11.337079,-30.291416,5.790287
15.399772,-27.630604,5.791388
18.819976,-24.428492,5.792023
22.022157,-21.044457,5.794803
25.225221,-17.640744,5.799085
28.626027,-14.147190,5.802065
31.039097,-9.675521,5.794156
32.921217,-4.907314,5.796897
33.948385,0.469105,5.797914
34.174906,5.801952,5.790372
33.883485,11.505780,5.789054
32.132730,17.194471,5.800890
29.212560,22.168621,5.807026
25.205095,26.633645,5.804664
19.940064,29.379780,1.990550
14.752460,32.127547,1.989784
9.366354,33.893952,1.988951
3.535524,34.479169,1.987789
-2.131911,34.295737,1.986257
-7.761507,33.711149,1.990905
-13.293842,32.500204,2.002276
-18.486559,30.238017,2.000651
-23.302410,26.889814,1.997498
-27.480730,22.725822,2.001483
-30.593793,17.981228,2.002852
-32.109759,12.356762,1.992578
-33.173812,6.944777,1.985600
-33.633738,1.575348,1.988566
-32.464267,-3.558555,1.993494
-30.658215,-8.501883,1.991279
-28.462760,-12.772488,1.995386
-25.878972,-16.853301,2.004890
-23.164075,-20.834680,2.005302
-20.221047,-24.387707,1.995661
-16.432825,-27.698893,1.997604
-12.271563,-30.138154,2.000116
-7.725858,-31.759854,2.000595
-2.955643,-32.458072,2.004457
1.861547,-32.222506,1.995946
6.600523,-31.325933,1.987193
11.080545,-29.520742,1.996144
14.747854,-26.745857,2.000465
17.913916,-23.377991,1.992183
20.770144,-20.032695,1.991453
23.816226,-16.851261,1.999050
27.387803,-13.620700,1.995114
29.660836,-9.382545,1.998104
31.568399,-4.698827,1.999298
32.988690,0.324946,1.991597
33.495733,5.765854,1.988234
32.995757,11.192410,1.995096
31.302811,16.599540,1.998035
28.435841,21.510545,1.996452
24.458413,25.914295,1.992912
19.297006,28.285677,-1.808415
14.378290,30.859828,-1.814419
9.077223,32.537302,-1.807321
3.558842,33.067117,-1.801624
-1.999443,32.997819,-1.800190
-7.548638,32.744686,-1.804050
-13.056076,32.017258,-1.811515
-18.468304,30.055246,-1.808362
-23.360931,27.018322,-1.807283
-27.817477,23.007405,-1.809728
-31.160759,18.298867,-1.806839
-32.742012,12.609069,-1.810828
-33.795255,7.269415,-1.809666
-34.116468,1.622381,-1.803091
-32.599461,-3.537204,-1.801687
-30.963421,-8.467967,-1.799848
-28.392535,-12.834768,-1.795580
-25.384009,-16.525963,-1.798870
-22.595346,-20.339569,-1.808871
-19.634973,-23.758972,-1.803318
-16.083764,-26.890473,-1.805304
-12.055642,-29.363829,-1.805511
-7.618292,-31.022059,-1.806635
-2.741605,-31.758857,-1.813568
1.982541,-31.489187,-1.795893
6.425940,-30.597681,-1.794074
10.702093,-28.587278,-1.801707
14.157261,-25.665271,-1.807585
17.117497,-22.242577,-1.805679
19.663238,-19.009394,-1.807239
22.513379,-16.045085,-1.811615
26.120194,-13.001195,-1.797038
28.195715,-8.989683,-1.801830
30.034577,-4.612526,-1.809992
31.862511,0.201530,-1.806751
32.617759,5.468429,-1.797998
31.913317,10.795332,-1.800035
30.201341,16.075357,-1.813379
27.366965,20.869916,-1.813464
23.732576,24.881288,-1.806758
18.388674,27.108137,-5.609011
13.767507,29.473623,-5.612139
8.596298,31.026574,-5.596699
3.429524,31.470286,-5.602614
-1.966532,31.487870,-5.604592
-7.163689,31.476529,-5.596017
-12.741862,31.044526,-5.598141
-18.067757,29.352603,-5.601032
-23.094289,26.460833,-5.598852
-27.384833,22.835422,-5.601181
-30.894963,18.203817,-5.612533
-32.662431,12.749728,-5.608489
-33.783672,7.158341,-5.602142
-33.889210,1.673629,-5.598530
-32.220612,-3.481302,-5.595715
-30.753836,-8.336620,-5.607861
-28.060288,-12.627163,-5.608441
-24.704811,-16.125455,-5.599578
-21.894968,-19.752414,-5.600114
-18.947641,-23.006373,-5.596999
-15.495186,-26.048855,-5.600815
-11.615984,-28.496002,-5.610410
-7.315614,-30.139737,-5.612235
-2.783181,-30.865054,-5.601933
1.803570,-30.605441,-5.595682
6.310076,-29.641905,-5.610031
10.336299,-27.467592,-5.600005
13.615885,-24.522634,-5.606858
16.335106,-21.338221,-5.608088
18.753714,-18.152544,-5.597218
21.510293,-15.262841,-5.608056
24.821669,-12.398070,-5.613114
26.676518,-8.638704,-5.612804
28.496270,-4.411514,-5.612910
30.629363,0.151215,-5.607789
31.532706,5.182173,-5.599839
30.630114,10.357391,-5.598970
28.999109,15.276860,-5.603983
26.257314,19.929190,-5.603134
22.716512,23.823489,-5.601517
17.557799,25.627996,-9.407701
12.932645,27.955476,-9.398922
8.120890,29.300595,-9.410391
3.150446,29.681641,-9.407297
-1.839214,29.760209,-9.405098
-6.833028,29.888139,-9.409128
-12.203040,29.647791,-9.405843
-17.367630,28.180516,-9.398997
-22.277559,25.537397,-9.400174
-26.617416,22.020011,-9.404596
-30.061588,17.626763,-9.401508
-31.937118,12.441090,-9.402479
-33.039465,7.072518,-9.405532
-33.025134,1.605111,-9.410056
-31.309815,-3.509145,-9.413232
-30.005851,-8.223511,-9.403310
-27.251417,-12.412030,-9.398974
-23.838063,-15.609178,-9.401284
-21.062396,-19.034544,-9.398129
-18.170260,-22.102668,-9.399591
-14.848918,-25.024950,-9.406385
-11.158619,-27.429970,-9.403998
-7.041219,-29.051100,-9.403923
-2.690056,-29.772377,-9.413707
1.715322,-29.517528,-9.398945
6.045568,-28.550711,-9.403097
9.815216,-26.317008,-9.400096
12.996030,-23.504350,-9.402085
15.713766,-20.545841,-9.412385
18.053275,-17.496086,-9.411347
20.641398,-14.659616,-9.403462
23.514944,-11.855056,-9.403515
25.206106,-8.195234,-9.402051
26.887951,-4.325379,-9.402564
29.304817,0.132669,-9.402710
30.212099,5.077907,-9.409509
29.193361,9.667232,-9.413136
27.528955,14.553315,-9.401951
24.976674,18.842103,-9.405741
21.564734,22.582715,-9.414329
16.470132,24.041466,-13.205806
12.220551,26.136261,-13.211858
7.638813,27.373986,-13.200283
2.913640,27.695369,-13.196082
-1.642730,27.804355,-13.201924
-6.383885,28.014619,-13.206973
-11.488440,27.883171,-13.204163
-16.427764,26.606209,-13.203819
-21.150373,24.206255,-13.203626
-25.334302,20.943672,-13.200289
-28.683352,16.829171,-13.197925
-30.633388,11.770128,-13.203730
-31.695809,6.673261,-13.205670
-31.637153,1.474305,-13.206703
-30.007041,-3.376498,-13.213120
-28.792975,-8.067063,-13.204661
-26.167543,-12.003539,-13.199020
-22.682159,-15.067566,-13.204594
-20.112282,-18.141179,-13.208582
-17.190711,-21.137676,-13.204926
-14.025426,-23.905237,-13.198262
-10.541022,-26.217596,-13.203949
-6.634407,-27.776176,-13.215729
-2.504293,-28.477118,-13.213118
1.678727,-28.217633,-13.206218
5.789968,-27.254713,-13.212148
9.286776,-25.015279,-13.206100
12.388156,-22.433368,-13.198079
15.149615,-19.803138,-13.205987
17.440313,-16.960115,-13.208199
19.789790,-14.167258,-13.202348
22.226982,-11.230824,-13.212844
23.717091,-7.699071,-13.205500
25.326184,-4.036906,-13.208303
27.764550,-0.050474,-13.212863
28.679420,4.739154,-13.210660
27.510967,9.086817,-13.209977
25.945043,13.529936,-13.211093
23.525005,17.606311,-13.204674
20.287053,21.167194,-13.198973
15.286562,22.224343,-17.004295
11.282125,24.147999,-17.014972
7.134909,25.204261,-17.012873
2.701236,25.474826,-17.001071
-1.569467,25.607578,-17.006184
-6.013367,25.851809,-17.011638
-10.629093,25.770764,-16.998249
-15.286149,24.663748,-17.005638
-19.753356,22.500806,-17.013960
-23.723166,19.495713,-17.011524
-26.912272,15.675646,-17.010304
-28.749494,10.939829,-17.003340
-29.757273,6.159483,-17.006552
-29.765352,1.282700,-17.011927
-28.275268,-3.272905,-17.000509
-27.192277,-7.697988,-16.997277
-24.808515,-11.415659,-16.998683
-21.473192,-14.225833,-17.003014
-18.912120,-17.206085,-17.010108
-16.132324,-19.972623,-17.001461
-13.282933,-22.445918,-16.994185
-9.910280,-24.760350,-17.002259
-6.261377,-26.258794,-17.009250
-2.393724,-26.953356,-17.000063
1.525756,-26.717906,-16.997947
5.388156,-25.806735,-17.004182
8.753270,-23.539258,-17.002626
11.618509,-21.352287,-16.998019
14.425556,-19.136020,-16.997549
16.788493,-16.424838,-17.001840
18.866365,-13.707509,-17.009405
20.813569,-10.697527,-17.011504
22.106622,-7.346528,-17.000062
23.597834,-3.908534,-16.999469
26.155832,-0.094713,-17.002089
26.907610,4.333074,-17.001095
25.617242,8.387870,-17.003487
24.098093,12.522046,-17.008373
21.901794,16.190917,-17.003744
18.869929,19.537005,-16.998068
13.996566,20.144955,-20.803358
10.440206,21.841052,-20.802871
6.448741,22.799272,-20.812042
2.512777,22.990639,-20.811988
-1.425609,23.139296,-20.806510
-5.364058,23.377144,-20.804436
-9.621699,23.297802,-20.806097
-13.944848,22.365770,-20.800453
-18.091659,20.455494,-20.803283
-21.793083,17.715047,-20.813042
-24.767416,14.215601,-20.811390
-26.300723,9.970946,-20.801787
-27.234292,5.551249,-20.796026
-27.442068,1.062092,-20.797094
-26.117961,-3.150012,-20.799959
-25.143150,-7.248034,-20.804431
-23.047502,-10.730459,-20.802448
-19.843408,-13.423023,-20.798810
-17.470039,-16.163939,-20.804271
-14.986099,-18.568291,-20.805917
-12.215157,-20.928235,-20.802818
-9.262360,-23.015278,-20.802744
-5.768908,-24.498306,-20.809224
-2.203092,-25.158816,-20.810804
1.568182,-24.931644,-20.797855
4.978630,-24.113267,-20.796482
8.058769,-21.985948,-20.802787
10.905743,-20.007831,-20.803273
13.666034,-18.196990,-20.807877
15.950423,-15.783728,-20.806340
17.937054,-12.944073,-20.799114
19.313170,-10.105108,-20.810695
20.382555,-6.971114,-20.796876
21.720537,-3.784189,-20.805278
24.326200,-0.197756,-20.801257
24.858339,3.825783,-20.802559
23.480000,7.533478,-20.813665
22.038311,11.318761,-20.812880
19.989121,14.692474,-20.811724
17.297559,17.661633,-20.809544
12.582228,17.752387,-24.600406
9.227939,19.304168,-24.604802
5.753491,20.071424,-24.609043
2.202631,20.206635,-24.604852
-1.206375,20.345560,-24.606010
-4.755823,20.548280,-24.605573
-8.593923,20.441938,-24.597767
-12.370585,19.685650,-24.601872
-16.127127,18.040013,-24.605465
-19.404953,15.702713,-24.601620
-22.152699,12.587346,-24.600560
-23.330336,8.573928,-24.610031
-24.098384,4.712690,-24.608611
-24.612978,0.835649,-24.599269
-23.469955,-3.114826,-24.607385
-22.624268,-6.679186,-24.611669
-20.870490,-9.898983,-24.608479
-18.111413,-12.252004,-24.605690
-15.864879,-14.826759,-24.607093
-13.510433,-17.072720,-24.602832
-11.090734,-19.074683,-24.602402
-8.331631,-21.065488,-24.605160
-5.332358,-22.389195,-24.601170
-1.983934,-23.056269,-24.601971
1.413472,-22.860032,-24.610733
4.626320,-22.079858,-24.606718
7.391115,-20.132546,-24.604687
10.014371,-18.464014,-24.600163
12.738538,-16.939771,-24.600073
14.859658,-14.817974,-24.606879
16.578576,-12.212727,-24.604139
17.708737,-9.292373,-24.603447
18.515711,-6.419795,-24.607397
19.714484,-3.538866,-24.606195
22.205568,-0.369460,-24.613087
22.429540,3.345023,-24.604528
21.028707,6.642833,-24.597150
19.736731,9.895739,-24.603613
17.874499,12.936156,-24.604317
15.447165,15.611180,-24.601422
10.787321,15.076538,-28.405613
7.953344,16.329413,-28.408700
4.915244,16.930845,-28.411732
1.943971,17.002017,-28.412375
-1.025812,17.139952,-28.407666
-4.114959,17.280507,-28.403954
-7.210348,17.135805,-28.406481
-10.522393,16.554748,-28.410700
-13.805616,15.205968,-28.407711
-16.610936,13.277503,-28.402300
-19.073613,10.596456,-28.402811
-19.758351,7.052009,-28.400770
-20.311811,3.684419,-28.399440
-21.170349,0.494237,-28.403493
-20.373095,-2.838288,-28.409643
-19.575280,-5.945388,-28.405000
-18.222150,-8.858393,-28.399273
-15.896076,-10.972333,-28.405363
-13.940174,-13.226737,-28.412116
-11.905107,-15.188756,-28.405873
-9.663305,-16.966950,-28.400375
-7.377730,-18.655134,-28.403368
-4.676978,-19.906234,-28.401011
-1.766493,-20.531095,-28.403006
1.192052,-20.406447,-28.407351
4.113432,-19.709503,-28.409207
6.548394,-18.043493,-28.407277
8.845126,-16.628799,-28.407821
11.406308,-15.379268,-28.404531
13.379832,-13.488394,-28.404405
14.908350,-11.086977,-28.408778
15.802860,-8.513624,-28.399376
16.352594,-5.846655,-28.404438
17.398690,-3.330382,-28.404996
19.830974,-0.432999,-28.403685
19.587746,2.650430,-28.398737
18.221788,5.464915,-28.401912
17.056643,8.275321,-28.409913
15.416073,10.922814,-28.409244
13.298943,13.245271,-28.405552
8.736157,11.824406,-32.208178
6.381234,12.796795,-32.205496
3.978078,13.194456,-32.201095
1.537126,13.215830,-32.205912
-0.799694,13.333833,-32.209719
-3.230017,13.382384,-32.208419
-5.669596,13.213886,-32.206078
-8.406658,12.813662,-32.210084
-11.006890,11.816801,-32.210133
-13.360816,10.251547,-32.207120
-15.327315,8.226987,-32.208331
-15.499073,5.207990,-32.205134
-15.675464,2.477841,-32.200515
-16.910470,0.002359,-32.200536
-16.557733,-2.626454,-32.205314
-15.780403,-5.174778,-32.205110
-14.889223,-7.483145,-32.203128
-13.079144,-9.415510,-32.208536
-11.562222,-11.222558,-32.210784
-9.867839,-12.939852,-32.206273
-7.974603,-14.332441,-32.204329
-6.014728,-15.779005,-32.208337
-3.820449,-16.846653,-32.202120
-1.439506,-17.399249,-32.209246
1.091880,-17.349986,-32.203067
3.490133,-16.797592,-32.198282
5.532219,-15.490139,-32.206631
7.504707,-14.285190,-32.206376
9.642868,-13.321278,-32.199355
11.408498,-11.645444,-32.198790
12.698457,-9.678140,-32.201145
13.470764,-7.495117,-32.206179
13.704754,-5.163326,-32.202997
14.710807,-3.026853,-32.198176
16.807376,-0.643575,-32.200569
16.038489,1.832308,-32.206116
14.809086,4.170495,-32.206607
13.812334,6.465375,-32.203325
12.492984,8.548561,-32.200702
10.819670,10.363292,-32.202056
5.998368,7.645256,-36.007851
4.407226,8.183246,-36.007209
2.674588,8.341150,-36.002801
1.070094,8.361117,-36.002104
-0.528720,8.454689,-36.006488
-2.117531,8.392053,-36.007052
-3.796768,8.242561,-36.004658
-5.626427,8.091552,-36.004031
-7.424325,7.498473,-36.003483
-9.027046,6.485477,-36.003584
-10.511703,5.121472,-36.005330
-10.347795,2.947419,-36.003080
-9.841420,0.930454,-36.000411
-11.068696,-0.532991,-36.002936
-11.544549,-2.353081,-36.002247
-10.924284,-4.045575,-36.000867
-10.236237,-5.727668,-36.003212
-9.301694,-7.166269,-36.001927
-8.291591,-8.528150,-36.004097
-7.191518,-9.870489,-36.009116
-5.752084,-10.857594,-36.002635
-4.362183,-11.797837,-36.003071
-2.770118,-12.667728,-36.007166
-1.017511,-13.168026,-36.007815
0.795825,-13.239967,-36.004102
2.587564,-12.885248,-36.003751
4.182411,-12.026399,-36.006617
5.640612,-11.087315,-36.005784
7.227812,-10.329542,-36.003562
8.490620,-9.056318,-36.004238
9.583233,-7.727822,-36.005691
10.191545,-6.020485,-36.004030
10.120789,-4.244479,-36.003999
11.202662,-2.735212,-36.000023
12.481315,-0.912152,-36.008587
11.198848,0.793533,-36.009378
10.417524,2.427494,-36.007622
9.690220,4.017202,-36.003470
8.777149,5.444074,-36.000269
7.496369,6.739138,-36.002515
1.698089,-3.539014,-39.804802
7.213469,19.847895,36.195197
4.128251,23.245259,36.195197
0.143495,25.754228,36.195198
-4.510049,27.087704,36.195198
-9.344317,27.209588,36.195198
-14.057787,26.126807,36.195198
-18.404112,23.713807,36.195198
-21.653828,20.138986,36.195198
-23.542965,15.548366,36.195198
-24.259614,10.763226,36.195198
-24.276674,6.431610,36.195198
-23.951984,2.607499,36.195198
-23.381756,-0.936547,36.195198
-22.572172,-4.179521,36.195199
-21.485332,-7.077062,36.195199
-19.941565,-9.764344,36.195198
-17.904248,-11.924337,36.195198
-15.461114,-13.392616,36.195197
-12.737683,-14.226583,36.195197
-10.153235,-14.507543,36.195197
-7.679589,-14.413926,36.195197
-5.600006,-14.094017,36.195197
-3.798095,-13.646714,36.195197
-2.154070,-13.099449,36.195198
-0.667244,-12.484496,36.195198
0.774470,-11.770130,36.195198
2.058952,-11.024398,36.195198
3.292416,-10.196947,36.195198
4.467598,-9.288473,36.195198
5.576229,-8.299704,36.195198
6.772874,-7.045985,36.195198
7.848589,-5.686533,36.195198
8.847493,-4.120617,36.195198
9.771862,-2.228861,36.195198
10.547575,-0.006980,36.195198
11.082660,2.410727,36.195198
11.360850,5.245295,36.195198
11.267069,8.475650,36.195198
10.669468,12.040928,36.195198
11.338112,18.974532,32.796374
8.009095,21.595254,32.797125
4.180476,23.696822,32.792621
-0.015416,24.890133,32.788847
-4.394270,24.966351,32.791690
-8.651098,23.856239,32.795974
-12.275142,21.287827,32.799967
-15.071061,18.194275,32.800933
-17.297881,14.777075,32.798525
-18.160986,10.786774,32.796589
-18.517125,7.202653,32.799889
-18.707805,4.044153,32.797120
-18.521749,1.138691,32.790732
-18.133684,-1.476844,32.799259
-18.304568,-3.892130,32.799444
-17.656226,-6.204564,32.793541
-16.380842,-8.267120,32.794122
-15.328568,-10.403441,32.799524
-13.760906,-12.002878,32.800111
-11.682797,-13.167174,32.796112
-10.032236,-14.489169,32.793176
-8.007778,-15.098453,32.789834
-5.913524,-15.425633,32.801428
-3.949249,-15.685958,32.792639
-1.982952,-15.953576,32.797911
0.218494,-16.412517,32.803710
2.692865,-16.799741,32.797068
5.477846,-16.885717,32.794292
8.645069,-16.727628,32.797266
11.811118,-15.774318,32.797869
14.689944,-14.134391,32.798963
17.523329,-11.739614,32.799439
19.905559,-8.905582,32.797500
21.865202,-5.327083,32.797843
22.978866,-1.397131,32.793650
22.290067,2.505618,32.790317
20.063981,6.020772,32.793221
18.513013,9.531091,32.794860
16.669880,13.020585,32.795343
14.205949,16.162147,32.795614
12.641099,20.984867,29.400390
8.568902,22.964950,29.402624
4.337591,24.129967,29.395496
-0.041118,24.352651,29.394244
-4.352297,23.478987,29.402968
-8.061925,21.611996,29.400028
-11.110588,18.363442,29.396555
-13.345128,15.164299,29.395048
-15.173209,12.269385,29.393411
-15.607807,8.520032,29.399317
-15.614409,5.317916,29.399791
-15.766654,2.728439,29.398461
-15.657624,0.400114,29.400169
-15.278571,-1.766107,29.391605
-15.426762,-3.702136,29.393276
-15.160446,-5.638371,29.398825
-14.154935,-7.457237,29.394728
-13.800242,-9.508283,29.394531
-12.918122,-11.334344,29.395395
-11.304646,-12.612707,29.392796
-10.252389,-14.697548,29.395746
-8.389160,-15.822638,29.391079
-6.321785,-16.600885,29.394132
-4.142939,-17.401576,29.393363
-1.812990,-18.217816,29.395009
0.782678,-19.101817,29.396972
3.976132,-19.859958,29.397180
7.267462,-20.028787,29.401248
10.946573,-19.604051,29.399667
14.555935,-18.301639,29.400901
17.896090,-16.145481,29.396897
20.879841,-13.299365,29.388987
23.452065,-9.746160,29.388818
25.140801,-5.727425,29.389862
26.344885,-1.269959,29.390183
26.144018,3.407860,29.395005
24.220998,7.563534,29.400521
22.149617,11.600003,29.393616
19.578217,15.284935,29.389674
16.294375,18.454288,29.394056
13.511501,22.326803,26.001405
8.993446,23.975230,25.997493
4.509296,24.571206,25.996769
-0.128134,24.089200,25.995178
-4.249502,22.578435,25.991032
-7.774416,20.169839,25.994231
-10.469867,16.781307,25.998398
-12.423152,13.619251,26.001877
-14.038499,10.790887,26.003236
-14.392800,7.339823,25.992050
-14.328442,4.473264,25.991456
-14.424660,2.081660,25.998306
-14.334343,0.106214,25.997489
-14.025652,-1.848224,25.999443
-13.956737,-3.689499,25.998360
-13.722733,-5.341447,25.992604
-13.053940,-7.041977,25.991252
-13.092580,-9.046541,25.994451
-12.654902,-11.086293,25.994899
-11.255057,-12.493457,26.001245
-10.514867,-15.079289,25.996584
-8.669929,-16.578057,25.998701
-6.527769,-17.705696,25.997483
-4.265831,-18.839220,25.999603
-1.686292,-20.002463,25.996074
1.227008,-21.075490,25.992992
4.673216,-21.844898,25.994811
8.486892,-21.953152,25.989656
12.376919,-21.225606,25.994454
16.148779,-19.619388,25.996412
19.612017,-17.180633,25.992099
22.656775,-14.020927,25.987670
25.156548,-10.252034,25.988013
26.897397,-5.794513,25.993066
27.959562,-1.202927,25.998062
27.871619,3.824618,25.999608
26.273760,8.386912,25.996666
24.040129,12.808008,25.992247
21.166136,16.652248,25.993530
17.547115,19.889396,25.998994
14.064516,23.178238,22.590665
9.378444,24.666884,22.589694
4.620945,24.970180,22.591272
-0.063888,24.078409,22.593615
-4.255731,22.117863,22.594108
-7.659829,19.414222,22.591535
-10.224622,16.134682,22.594259
-12.065474,13.003815,22.595867
-13.443816,10.134922,22.592823
-13.957237,7.031291,22.596458
-14.053976,4.270028,22.594175
-14.130372,1.966841,22.587246
-14.036156,-0.050955,22.590333
-13.796391,-1.911687,22.601896
-13.572773,-3.628170,22.597747
-13.221047,-5.326646,22.587999
-12.833826,-6.996738,22.593170
-13.028305,-9.033045,22.591583
-12.740528,-11.147342,22.602384
-11.436581,-12.700443,22.590341
-10.764448,-15.655283,22.590578
-8.953961,-17.297020,22.588763
-6.850080,-18.603535,22.599280
-4.351467,-20.015763,22.596990
-1.614256,-21.334856,22.596370
1.647449,-22.484405,22.596825
5.205363,-23.105110,22.589583
9.102806,-23.044151,22.595297
13.042748,-22.133764,22.596031
16.840640,-20.367797,22.595101
20.438923,-17.704973,22.597298
23.461093,-14.401417,22.599100
25.909448,-10.482182,22.596471
27.724118,-5.923245,22.595615
28.665294,-1.093351,22.600399
28.497887,3.947124,22.600463
27.194273,8.688978,22.593138
25.040331,13.261727,22.597012
22.033339,17.351021,22.599558
18.341621,20.677121,22.595453
14.363464,23.636972,19.197799
9.597098,25.096015,19.199676
4.621567,25.276123,19.201771
-0.090810,24.186474,19.202330
-4.262183,22.044955,19.201318
-7.651845,19.253721,19.198544
-10.216072,16.237081,19.199011
-12.073138,13.089574,19.199798
-13.289135,9.951476,19.196395
-14.062727,7.124828,19.191771
-14.460902,4.525973,19.193114
-14.548500,2.185780,19.196745
-14.481253,0.139370,19.193400
-14.275418,-1.898382,19.187695
-13.980986,-3.625785,19.189773
-13.576568,-5.339969,19.196343
-13.284440,-7.059678,19.199697
-13.426153,-9.267134,19.200035
-13.064127,-11.405651,19.195316
-11.750669,-13.166379,19.202302
-11.114848,-16.032237,19.196289
-9.286033,-17.893050,19.199188
-6.966035,-19.468071,19.193462
-4.440781,-20.913806,19.198756
-1.515306,-22.278367,19.200461
1.822537,-23.344560,19.195180
5.457212,-23.785467,19.198104
9.399098,-23.518583,19.198937
13.362830,-22.471852,19.193945
17.156864,-20.578004,19.198632
20.641633,-17.894101,19.202054
23.644848,-14.502308,19.194124
26.043077,-10.480081,19.187185
27.921506,-6.010972,19.191615
28.732107,-1.130358,19.198054
28.429168,3.860949,19.195912
27.317845,8.854416,19.190546
25.264159,13.541214,19.197999
22.361916,17.636484,19.202824
18.676191,21.077287,19.200438
14.454606,23.774419,15.799230
9.666901,25.279972,15.798627
4.655549,25.474482,15.799017
-0.090183,24.378071,15.800288
-4.174819,22.320836,15.800748
-7.661674,19.622657,15.800435
-10.465816,16.744280,15.799791
-12.412319,13.485497,15.798756
-13.504816,10.116313,15.795074
-14.644024,7.542958,15.788697
-15.338865,5.167786,15.794271
-15.455881,2.649013,15.802245
-15.428585,0.293011,15.791937
-15.247099,-1.758894,15.792239
-14.944197,-3.648949,15.798422
-14.524575,-5.520681,15.795087
-14.190530,-7.397181,15.787020
-14.115615,-9.617072,15.792801
-13.477561,-11.864395,15.793511
-12.203525,-13.670355,15.787386
-11.393105,-16.508840,15.793755
-9.443534,-18.495820,15.786975
-7.141160,-20.119070,15.798449
-4.573992,-21.531873,15.801459
-1.580405,-22.799055,15.795744
1.819348,-23.749601,15.793458
5.493846,-24.010662,15.794549
9.296744,-23.539876,15.799185
13.270196,-22.413304,15.791147
17.049842,-20.442219,15.787421
20.408788,-17.773392,15.789115
23.383206,-14.326342,15.788657
25.668012,-10.370121,15.788917
27.669366,-5.895856,15.796580
28.318068,-1.143531,15.800513
27.867421,3.748535,15.796838
26.985659,8.665179,15.792087
25.153481,13.318075,15.791739
22.355086,17.542947,15.794384
18.740696,21.114925,15.797538
14.366018,23.633921,12.400646
9.600101,25.229299,12.397766
4.730635,25.535914,12.393062
-0.052177,24.585654,12.391429
-4.219195,22.684495,12.394175
-7.865698,20.202885,12.395677
-10.798226,17.634858,12.400176
-12.900474,14.315484,12.402198
-14.042560,10.792393,12.396016
-15.546224,8.407648,12.391864
-16.549206,5.856072,12.394434
-16.696569,3.160295,12.399537
-16.720720,0.656822,12.398691
-16.544603,-1.544401,12.394201
-16.275744,-3.745560,12.395588
-15.805928,-5.905066,12.400544
-15.330001,-7.910749,12.396988
-14.946122,-10.095407,12.392012
-14.031815,-12.264823,12.396761
-12.697701,-14.210313,12.387480
-11.611336,-16.954983,12.400416
-9.630824,-18.929242,12.399855
-7.339353,-20.571680,12.392455
-4.590075,-21.966674,12.396804
-1.522951,-23.056514,12.398371
1.934994,-23.815137,12.394078
5.472487,-23.850932,12.396069
9.099539,-23.157434,12.397289
12.917833,-21.995957,12.393082
16.541345,-20.043321,12.387990
19.877742,-17.322902,12.392800
22.637123,-14.078347,12.397844
24.907278,-10.102832,12.389404
26.910043,-5.927359,12.392044
27.495227,-1.193550,12.399502
26.962175,3.565591,12.400190
26.280752,8.369198,12.396792
24.602172,13.086871,12.399348
21.993457,17.278173,12.402262
18.469280,20.955305,12.402334
14.117310,23.245739,8.999018
9.410674,24.952567,8.990821
4.715410,25.417214,8.992697
0.056452,24.739194,8.997265
-4.214696,23.129826,8.997007
-7.937895,21.080027,9.000677
-11.185865,18.691693,9.003363
-13.558513,15.398090,8.999018
-14.930376,11.971349,8.992191
-16.765544,9.462155,8.993200
-17.913111,6.676437,8.992960
-18.133804,3.835747,8.994140
-18.203207,1.052300,8.998695
-18.011818,-1.435586,8.995484
-17.781977,-3.932966,8.999390
-17.260133,-6.215205,8.998278
-16.540068,-8.460607,8.993332
-15.756400,-10.674766,8.994272
-14.574784,-12.710869,8.993118
-13.164773,-14.772992,8.989699
-11.824805,-17.224432,8.990173
-9.836740,-19.178963,8.989719
-7.433049,-20.895337,8.989318
-4.634095,-22.168103,8.999625
-1.511401,-23.039087,8.996962
1.835531,-23.550791,8.994075
5.349583,-23.360022,9.001183
8.765816,-22.447986,8.990055
12.262028,-21.291131,8.990734
15.717336,-19.372742,8.999664
18.907406,-16.725376,8.999557
21.551433,-13.599515,8.991375
23.687623,-9.903601,8.988269
25.764912,-5.776329,8.989004
26.294650,-1.210697,8.989517
25.813929,3.244260,8.992919
25.300992,8.050696,9.000703
23.820047,12.663386,9.002630
21.420335,16.792407,9.003066
18.124109,20.457899,9.003093
13.723022,22.632308,5.601928
9.251763,24.419349,5.591430
4.623142,25.094100,5.589367
-0.020939,24.698358,5.592759
-4.231180,23.497115,5.594575
-8.129997,21.879755,5.599239
-11.635111,19.715135,5.601484
-14.306923,16.682911,5.602924
-16.160110,13.362998,5.601982
-18.052287,10.744216,5.592693
-19.277144,7.688137,5.589064
-19.639246,4.456884,5.591856
-19.731972,1.408879,5.593226
-19.526511,-1.350620,5.595320
-19.293905,-3.971767,5.598598
-18.675266,-6.506995,5.598280
-17.752059,-8.818045,5.592341
-16.519812,-11.124089,5.594782
-15.069626,-13.136273,5.602905
-13.567375,-15.286157,5.594660
-11.980644,-17.374752,5.603078
-9.861732,-19.372809,5.596816
-7.467557,-21.047873,5.591111
-4.635991,-22.184418,5.595319
-1.487625,-22.815664,5.600452
1.717457,-23.043348,5.599626
5.028928,-22.610258,5.594721
8.202542,-21.507788,5.592650
11.472428,-20.255598,5.598580
14.595311,-18.405936,5.600095
17.514361,-15.953571,5.599982
20.151616,-12.868565,5.599240
22.173847,-9.483295,5.595668
24.161379,-5.539377,5.599209
24.746634,-1.286374,5.597219
24.493184,2.989298,5.590236
24.141390,7.622373,5.587659
22.851817,12.098743,5.592419
20.588268,16.253897,5.599787
17.504358,19.852569,5.604516
13.190943,21.805607,2.196471
8.979504,23.657795,2.188452
4.457248,24.542504,2.191746
0.011344,24.471284,2.201758
-4.370313,23.649808,2.202277
-8.374674,22.487578,2.194004
-11.963027,20.663747,2.187768
-15.007556,18.041294,2.189575
-17.406954,14.986703,2.196627
-19.409670,11.819933,2.198634
-20.582220,8.447151,2.189184
-21.063978,5.016088,2.191902
-21.158309,1.863097,2.202387
-20.951421,-1.144788,2.192714
-20.611071,-4.000178,2.193414
-19.891057,-6.775727,2.193877
-18.743906,-9.257799,2.192152
-17.157920,-11.473553,2.190817
-15.508348,-13.462913,2.190942
-13.898478,-15.661586,2.200968
-12.017293,-17.437060,2.203799
-9.880737,-19.356286,2.197859
-7.382116,-21.049810,2.203142
-4.538460,-22.042395,2.198502
-1.543771,-22.417738,2.188196
1.621481,-22.328975,2.192932
4.554588,-21.668300,2.200640
7.451787,-20.393477,2.193632
10.410496,-18.924404,2.190435
13.165639,-17.110456,2.189217
15.789666,-14.864048,2.188464
18.264985,-12.076642,2.190088
20.282209,-8.928696,2.192742
21.904889,-5.396622,2.191069
22.803401,-1.492523,2.188621
23.087180,2.681950,2.194063
22.859423,7.121933,2.202109
21.737837,11.429049,2.192167
19.698109,15.445644,2.187872
16.741894,19.061633,2.194073
12.530167,20.779667,-1.198824
8.457582,22.719372,-1.205956
4.206052,23.739121,-1.206338
-0.148007,23.949995,-1.206068
-4.358171,23.550793,-1.208533
-8.387409,22.818605,-1.200257
-12.282151,21.250926,-1.197086
-15.624328,19.095628,-1.203895
-18.570916,16.285121,-1.210415
-20.460265,12.825842,-1.205264
-21.620304,9.185911,-1.196433
-22.216054,5.582585,-1.202225
-22.322934,2.201971,-1.211031
-22.092362,-1.027933,-1.200800
-21.566013,-4.076703,-1.202365
-20.797135,-6.940693,-1.209782
-19.471550,-9.572200,-1.202129
-17.610711,-11.696621,-1.201912
-15.818580,-13.677024,-1.211764
-14.106000,-15.895755,-1.197204
-11.888643,-17.404679,-1.201432
-9.755137,-19.241025,-1.195671
-7.400798,-20.787223,-1.208342
-4.587724,-21.701357,-1.210882
-1.636896,-21.890723,-1.200290
1.293820,-21.478154,-1.198116
4.224040,-20.479685,-1.201358
6.692446,-19.122095,-1.201991
9.113994,-17.427339,-1.208460
11.591298,-15.565074,-1.207173
13.904386,-13.518544,-1.203640
16.139417,-11.148963,-1.203879
18.047979,-8.374035,-1.203997
19.246187,-5.069865,-1.198902
20.555487,-1.626361,-1.203051
21.603669,2.425297,-1.205517
21.449521,6.534023,-1.198664
20.496728,10.654181,-1.203084
18.612690,14.618042,-1.204594
15.957984,17.994564,-1.200064
11.740900,19.554733,-4.600635
7.961125,21.508474,-4.601869
4.007714,22.635287,-4.608544
-0.212590,23.105467,-4.610871
-4.325166,23.047665,-4.605216
-8.289025,22.630183,-4.609408
-12.323304,21.411951,-4.608283
-15.935326,19.629039,-4.602485
-19.140925,17.096522,-4.603261
-21.074277,13.323223,-4.609220
-22.256219,9.487623,-4.602525
-22.884438,5.866525,-4.600478
-22.991391,2.295397,-4.605767
-22.747965,-0.983452,-4.602909
-22.077126,-4.053834,-4.603556
-21.240688,-7.111363,-4.602332
-19.830278,-9.746098,-4.604409
-17.789518,-11.802264,-4.608473
-15.913957,-13.794396,-4.607402
-14.212052,-15.913625,-4.602502
-11.758914,-17.157619,-4.596202
-9.645188,-18.898367,-4.603356
-7.209301,-20.426561,-4.613092
-4.442358,-21.240270,-4.599843
-1.568223,-21.211525,-4.599620
1.195607,-20.417215,-4.605238
3.691627,-19.262929,-4.605661
5.970308,-17.760265,-4.608213
7.934183,-15.844978,-4.600127
9.928666,-14.169328,-4.601839
11.935541,-12.327121,-4.606356
14.016327,-10.279330,-4.607917
15.799534,-7.732140,-4.605979
16.552329,-4.801350,-4.602741
18.294961,-1.689913,-4.603253
19.976351,1.971987,-4.608501
19.912928,5.880437,-4.609704
19.131897,9.788203,-4.600617
17.471052,13.539052,-4.595124
14.936583,16.862573,-4.597268
10.825207,18.133906,-8.003435
7.374350,20.054770,-7.999451
3.630315,21.264084,-8.002607
-0.262522,21.898177,-8.007023
-4.197863,22.092399,-8.006748
-8.138999,21.833118,-8.011156
-12.064451,20.855330,-8.006239
-15.726579,19.267761,-8.001477
-18.967882,16.843144,-8.004388
-20.916583,13.127729,-7.999346
-22.090728,9.461642,-8.004884
-22.784629,5.742392,-8.005704
-22.922029,2.320073,-8.003281
-22.713688,-0.956655,-8.012077
-22.050531,-4.163432,-8.003072
-21.249600,-7.097195,-8.004395
-19.796602,-9.713087,-8.006521
-17.699528,-11.730450,-7.998949
-15.792759,-13.723351,-7.995947
-14.027760,-15.793613,-7.999396
-11.565082,-16.755222,-8.000739
-9.499354,-18.371276,-8.009094
-7.150553,-19.809737,-8.011982
-4.489897,-20.588802,-7.999077
-1.617759,-20.397339,-7.999643
0.908119,-19.292148,-8.007698
3.212093,-18.000782,-8.007847
5.217578,-16.556474,-8.006151
6.833875,-14.644917,-8.005953
8.605958,-13.078470,-8.010832
10.405082,-11.371863,-8.008285
12.339860,-9.518210,-8.006465
13.831569,-7.269533,-8.010163
14.368080,-4.677273,-8.011190
16.249994,-1.855159,-8.010356
18.211494,1.618721,-8.009936
18.251154,5.254690,-8.009173
17.588572,9.014789,-8.004900
16.085378,12.493477,-8.003226
13.756657,15.587550,-8.004204
9.784688,16.519442,-11.398868
6.590515,18.404822,-11.400280
3.110828,19.635511,-11.398944
-0.399463,20.349275,-11.402482
-4.081232,20.703017,-11.410152
-7.911517,20.497843,-11.405202
-11.561819,19.466735,-11.403608
-14.958006,17.873749,-11.404189
-18.012801,15.612190,-11.399882
-19.823825,12.261458,-11.401499
-21.037551,8.722624,-11.408378
-21.798941,5.375835,-11.409532
-22.039920,2.048865,-11.405436
-21.936397,-1.031242,-11.404038
-21.603733,-4.094658,-11.396428
-20.847508,-6.963607,-11.401884
-19.365237,-9.515962,-11.403313
-17.334054,-11.504668,-11.402768
-15.443202,-13.459221,-11.407249
-13.768711,-15.387802,-11.399602
-11.179663,-16.246019,-11.411082
-9.216990,-17.734908,-11.408971
-6.871637,-19.086048,-11.397460
-4.357442,-19.789261,-11.407351
-1.689132,-19.435148,-11.409078
0.659786,-18.056619,-11.406041
2.664633,-16.843052,-11.404140
4.692416,-15.485156,-11.400915
6.202903,-13.843934,-11.403595
7.896718,-12.409151,-11.401341
9.559974,-10.776004,-11.402308
11.209636,-9.058346,-11.407137
12.510930,-6.874427,-11.409598
13.116348,-4.469996,-11.405605
14.774665,-1.875425,-11.400991
16.288207,1.174945,-11.404436
16.469272,4.560135,-11.408491
15.965763,7.983960,-11.399888
14.594745,11.270123,-11.393879
12.420742,14.180860,-11.395353
8.607700,14.692994,-14.800185
5.816211,16.453915,-14.799595
2.653865,17.690216,-14.796735
-0.663339,18.475421,-14.799114
-4.041161,18.898689,-14.806063
-7.469534,18.681228,-14.801448
-10.679394,17.376359,-14.800432
-13.641615,15.585460,-14.803130
-16.404284,13.625258,-14.801114
-17.990729,10.652330,-14.803610
-19.128970,7.511832,-14.809594
-20.021338,4.599329,-14.809032
-20.409399,1.670768,-14.803097
-20.448201,-1.275845,-14.805563
-20.673338,-4.014977,-14.808552
-20.062330,-6.729677,-14.808951
-18.534040,-9.173324,-14.802006
-16.682024,-11.141112,-14.801422
-14.917959,-12.925231,-14.807670
-13.189166,-14.827299,-14.802868
-10.773942,-15.527347,-14.812504
-8.845089,-16.921988,-14.800630
-6.657243,-18.105506,-14.809340
-4.227799,-18.795860,-14.806545
-1.811161,-18.337907,-14.800570
0.349525,-16.812476,-14.801121
2.304790,-15.718731,-14.803569
4.247142,-14.792546,-14.808572
5.963663,-13.474375,-14.812121
7.660491,-12.147069,-14.808661
9.179701,-10.622534,-14.804416
10.655618,-8.739979,-14.800792
11.768729,-6.770924,-14.798785
12.637993,-4.427022,-14.798281
13.460498,-1.950419,-14.798322
14.210261,0.788779,-14.799560
14.568432,3.831619,-14.800128
14.154585,6.991112,-14.797611
12.916836,9.926450,-14.796963
10.999224,12.514160,-14.798618
7.278108,12.629168,-18.201570
4.793594,14.289276,-18.203041
2.054213,15.445640,-18.202486
-0.828335,16.210779,-18.201864
-3.878458,16.649719,-18.203481
-7.005493,16.340087,-18.204560
-9.638217,14.691376,-18.207406
-11.907734,12.698304,-18.209293
-14.329120,11.119329,-18.206593
-15.723247,8.570008,-18.202904
-16.652052,6.003083,-18.199509
-17.655419,3.542267,-18.199023
-18.194363,1.026272,-18.203061
-18.336675,-1.434458,-18.203891
-19.216076,-3.930185,-18.197413
-18.811686,-6.532343,-18.204554
-17.309875,-8.652691,-18.212869
-15.734981,-10.615111,-18.211905
-14.053135,-12.307146,-18.211355
-12.450942,-13.996224,-18.205343
-10.162511,-14.644385,-18.206660
-8.389161,-15.873190,-18.205839
-6.384808,-16.896573,-18.198536
-4.186592,-17.558624,-18.207016
-1.842821,-16.993225,-18.203398
0.049825,-15.488586,-18.199218
1.873750,-14.674307,-18.205093
3.882301,-14.142303,-18.208283
5.705361,-13.198047,-18.208484
7.441366,-11.914653,-18.212210
8.881856,-10.432535,-18.210070
10.031927,-8.517577,-18.206218
11.157416,-6.617555,-18.207519
12.301736,-4.458904,-18.211645
11.920810,-2.045903,-18.207317
11.945268,0.298893,-18.204893
12.522206,3.032970,-18.205331
12.175977,5.800557,-18.202663
11.060409,8.366135,-18.200636
9.402547,10.628398,-18.200450
5.759053,10.270234,-21.606158
3.685557,11.761232,-21.601620
1.383606,12.827136,-21.599535
-1.066792,13.534470,-21.599356
-3.764963,13.912634,-21.598648
-6.349199,13.492815,-21.600708
-8.438901,11.715718,-21.603981
-10.082346,9.521928,-21.603899
-11.961543,8.346119,-21.601248
-13.278320,6.407716,-21.603989
-13.997542,4.282511,-21.607930
-14.912704,2.411617,-21.607587
-15.582252,0.428029,-21.605834
-15.779450,-1.668190,-21.606332
-17.118864,-3.855456,-21.610444
-17.132765,-6.150558,-21.609346
-15.623669,-8.017102,-21.604576
-14.461459,-9.893697,-21.601573
-12.952172,-11.379488,-21.600787
-11.501363,-12.857935,-21.604734
-9.407436,-13.495998,-21.605191
-7.811378,-14.544719,-21.601098
-5.923530,-15.423836,-21.604860
-3.988093,-16.041148,-21.606507
-1.957561,-15.411326,-21.610015
-0.289937,-14.055646,-21.610113
1.477854,-13.532283,-21.614088
3.323050,-13.310669,-21.606227
5.170528,-12.590305,-21.599139
6.788880,-11.400018,-21.613125
8.160028,-9.916585,-21.602515
8.997949,-8.050860,-21.602806
10.180229,-6.276729,-21.608280
11.436221,-4.338840,-21.601664
9.877830,-2.182898,-21.597631
9.661456,-0.209446,-21.597871
10.238651,2.100194,-21.600645
9.938000,4.451442,-21.605017
8.964428,6.610327,-21.607965
7.548702,8.532796,-21.608451
3.980627,7.506750,-25.005400
2.418538,8.729516,-25.006345
0.614977,9.679301,-25.007932
-1.425514,10.306191,-25.008203
-3.538628,10.539899,-25.007167
-5.586478,10.056213,-25.005944
-7.187937,8.477586,-25.005936
-8.168338,6.391017,-25.008633
-9.560184,5.362993,-25.011907
-10.775301,4.203752,-25.007871
-11.344845,2.589290,-25.001774
-12.091436,1.093862,-25.008306
-12.753769,-0.356012,-25.006582
-13.004611,-1.948280,-25.000673
-13.963162,-3.617726,-25.001753
-14.895799,-5.673758,-25.005160
-13.431775,-7.140350,-25.000944
-12.747891,-8.873187,-25.002909
-11.426859,-10.161677,-25.009553
-10.163019,-11.354704,-25.003973
-8.444172,-11.965949,-25.007570
-7.013128,-12.827105,-25.003963
-5.479901,-13.479883,-25.002954
-3.818959,-14.082761,-25.007682
-2.077669,-13.419007,-24.999535
-0.634852,-12.392724,-25.010628
0.911156,-12.155115,-25.004891
2.612745,-12.029529,-25.001305
4.215957,-11.411933,-25.007847
5.608587,-10.317156,-25.008692
6.709907,-8.957089,-25.002225
7.267805,-7.334809,-25.004451
8.393905,-5.865776,-25.006459
9.370041,-4.146691,-25.001955
7.260921,-2.376047,-24.998447
7.186505,-0.791039,-24.998849
7.565759,1.029614,-25.002636
7.312422,2.901805,-25.008133
6.522147,4.608187,-25.009268
5.363312,6.141812,-25.007192
1.746323,4.031391,-28.404821
0.758006,4.919559,-28.404214
-0.435099,5.696646,-28.403045
-1.791945,6.170151,-28.402006
-3.275845,6.228302,-28.403748
-4.625365,5.822923,-28.404747
-5.759359,4.839261,-28.402917
-6.277653,3.076131,-28.399706
-6.839320,2.087321,-28.401156
-7.827346,1.566272,-28.404988
-8.436480,0.708638,-28.401746
-8.802667,-0.304712,-28.401395
-9.343798,-1.258813,-28.408034
-9.736336,-2.287648,-28.406742
-9.917105,-3.385194,-28.407907
-12.008018,-5.023438,-28.404704
-10.444860,-6.019766,-28.401861
-10.199874,-7.372927,-28.407345
-9.307032,-8.392311,-28.407385
-8.251626,-9.197337,-28.403095
-7.065224,-9.772855,-28.409186
-5.939475,-10.346583,-28.401054
-4.763032,-10.831206,-28.402577
-3.517872,-11.316444,-28.403557
-2.238317,-10.721135,-28.407277
-1.117830,-10.309059,-28.408700
0.151595,-10.205316,-28.407266
1.473659,-10.077327,-28.402998
2.631455,-9.491037,-28.399702
3.632129,-8.570088,-28.398556
4.262449,-7.449613,-28.402212
4.707279,-6.192780,-28.408789
5.672829,-5.170930,-28.408116
5.131634,-3.722306,-28.407799
3.993246,-2.581962,-28.409130
4.071859,-1.453237,-28.407436
4.196311,-0.251756,-28.407254
4.013009,0.968987,-28.408113
3.466194,2.081074,-28.407573
2.666016,3.096634,-28.406133
-3.837380,-4.681563,-31.804802
