21.193036,16.659801,32.385326
18.772164,20.210829,32.385326
15.762224,23.282102,32.385326
12.230637,25.736653,32.385326
8.264183,27.400367,32.385326
3.859154,28.096483,32.385326
-0.270863,27.808448,32.385325
-4.433087,26.728830,32.385326
-8.097181,25.176280,32.385326
-11.537480,23.176095,32.385326
-14.592108,20.881831,32.385326
-17.356845,18.246305,32.385326
-19.697553,15.431310,32.385326
-21.784804,12.231831,32.385326
-23.412867,8.952805,32.385326
-24.685344,5.350886,32.385326
-25.495978,1.454454,32.385326
-25.711784,-2.520305,32.385326
-25.248753,-6.474932,32.385326
-23.956447,-10.409226,32.385326
-21.890910,-13.816271,32.385326
-18.976301,-16.755137,32.385326
-15.658926,-18.959988,32.385326
-12.033688,-20.602197,32.385326
-8.373798,-21.697793,32.385326
-4.610216,-22.351968,32.385326
-0.955931,-22.574537,32.385326
2.859221,-22.377189,32.385326
6.466855,-21.753251,32.385326
10.112040,-20.608207,32.385326
13.535988,-18.907952,32.385326
16.713267,-16.511605,32.385326
19.286264,-13.684784,32.385326
21.426359,-10.328593,32.385326
22.960931,-6.828987,32.385326
24.028734,-2.994780,32.385326
24.566458,0.946184,32.385326
24.575552,4.933804,32.385326
24.048724,8.899019,32.385326
23.569593,13.221495,28.986060
21.464276,16.940728,28.987281
18.849998,20.342485,28.981598
15.778940,23.312425,28.983008
12.228659,25.716581,28.990811
8.157568,27.501041,28.982609
3.959306,28.311034,28.976485
-0.348814,28.203013,28.986620
-4.385320,26.853872,28.987258
-8.185972,25.285960,28.979129
-12.001312,24.267830,28.985320
-15.443993,22.023989,28.987156
-18.249637,19.213593,28.981225
-20.684118,16.118354,28.984731
-22.785950,12.761916,28.987791
-24.387863,9.156592,28.979789
-25.233445,5.467387,28.985104
-25.820197,1.553239,28.982138
-25.958093,-2.550748,28.977472
-25.463347,-6.479329,28.982394
-24.251043,-10.410623,28.990044
-22.184158,-13.972575,28.988595
-19.418654,-17.025767,28.984073
-16.130592,-19.501333,28.979066
-12.475839,-21.396090,28.980774
-8.745936,-22.699577,28.990108
-4.877960,-23.507905,28.991888
-0.938157,-23.777106,28.984979
3.009211,-23.554948,28.980712
6.884369,-22.785262,28.985587
10.560518,-21.332943,28.990649
13.997844,-19.384988,28.983580
17.764133,-17.718276,28.984815
21.467095,-15.273147,28.985855
23.613251,-11.560285,28.982397
24.371958,-7.341120,28.985417
25.315467,-3.159321,28.978336
25.746774,0.909895,28.984222
25.533018,5.058034,28.993248
24.887225,9.161036,28.990618
23.915559,13.394389,25.577857
21.657841,16.927950,25.580781
18.843899,20.288462,25.585551
15.753394,23.121023,25.587229
12.092668,25.521101,25.583905
8.102494,27.302262,25.582531
4.000697,28.206026,25.590706
-0.389850,28.204615,25.586286
-4.417998,27.055088,25.579770
-8.397028,25.728521,25.582723
-12.349800,24.938973,25.584601
-15.937640,22.759409,25.581827
-18.796179,19.879890,25.583112
-21.334051,16.546404,25.580973
-23.396371,13.068910,25.582723
-24.865776,9.317714,25.590092
-25.538926,5.512389,25.580082
-26.002485,1.498326,25.582641
-26.062428,-2.525693,25.582311
-25.535035,-6.533950,25.581485
-24.325107,-10.554910,25.590330
-22.370317,-14.086412,25.584232
-19.674885,-17.316337,25.583303
-16.444303,-20.001860,25.591109
-12.807065,-22.109938,25.589248
-9.057416,-23.598845,25.578940
-5.135842,-24.550524,25.586194
-0.952790,-24.921401,25.585608
3.082284,-24.747943,25.583248
7.205612,-23.946816,25.582977
10.953080,-22.444195,25.578990
14.596069,-20.351736,25.583053
18.559867,-18.495483,25.588738
22.281893,-15.923387,25.590437
24.579693,-11.995277,25.589999
25.478812,-7.713085,25.589226
26.347961,-3.419495,25.584151
26.618762,0.914223,25.580859
26.236020,5.142818,25.579529
25.431850,9.313649,25.577940
23.965643,13.418427,22.183229
21.560622,16.907644,22.184841
18.717625,20.073992,22.189618
15.506885,22.838608,22.189150
11.907872,25.097443,22.184028
8.030563,26.824597,22.183906
3.897754,27.818213,22.183742
-0.342715,27.870084,22.180331
-4.535988,27.201342,22.182116
-8.517272,26.314376,22.185940
-12.578969,25.098716,22.184722
-16.063180,22.978030,22.191041
-19.101199,20.006128,22.193222
-21.542195,16.743756,22.191797
-23.547005,13.192164,22.189791
-24.934035,9.363057,22.184827
-25.586624,5.514197,22.179639
-25.997592,1.455030,22.182157
-26.012868,-2.443174,22.182029
-25.482336,-6.489909,22.180709
-24.299010,-10.563879,22.185032
-22.420382,-14.182271,22.183474
-19.825195,-17.546345,22.177515
-16.684953,-20.401635,22.182666
-13.108765,-22.691781,22.189820
-9.382997,-24.344675,22.186991
-5.291070,-25.479554,22.188658
-0.907741,-25.980984,22.181658
3.341681,-25.875369,22.181448
7.516392,-25.122670,22.190920
11.647511,-23.557251,22.191406
15.362955,-21.511657,22.179315
19.090436,-19.128780,22.183295
22.481026,-16.053235,22.191728
24.920444,-12.165142,22.187513
26.329892,-7.977683,22.181980
27.135935,-3.628401,22.180924
27.191238,0.937578,22.184878
26.655032,5.182654,22.187194
25.668398,9.355985,22.185333
23.740154,13.302822,18.789005
21.252601,16.759911,18.789025
18.429145,19.728516,18.784903
15.112262,22.399234,18.782872
11.596004,24.492520,18.781938
7.840853,26.116647,18.779539
3.698419,27.166868,18.786381
-0.369977,27.264126,18.781010
-4.492149,27.168670,18.780696
-8.672613,26.627042,18.788166
-12.375060,24.827418,18.782830
-15.838720,22.638454,18.784130
-18.856344,19.891540,18.785532
-21.330570,16.624422,18.788634
-23.284428,13.028398,18.786849
-24.626303,9.345445,18.781472
-25.374406,5.497743,18.791285
-25.790737,1.424543,18.783064
-25.784156,-2.492354,18.779797
-25.254984,-6.552832,18.785743
-24.147911,-10.490609,18.786829
-22.376136,-14.180287,18.792387
-19.902514,-17.654062,18.783202
-16.873075,-20.652568,18.777726
-13.387346,-23.107508,18.782127
-9.559514,-24.983941,18.784043
-5.324121,-26.295465,18.784954
-0.938675,-26.924539,18.782968
3.500648,-26.919821,18.779663
7.872659,-26.231679,18.777903
12.238621,-24.758065,18.777990
16.187562,-22.716576,18.777585
19.623521,-19.681662,18.777902
22.491842,-16.066613,18.782475
25.036200,-12.225554,18.786017
26.929214,-8.215057,18.783752
27.659342,-3.677359,18.786891
27.478774,0.929692,18.782377
26.795329,5.149349,18.778157
25.555588,9.442066,18.783107
23.265911,13.062467,15.383658
20.852269,16.356818,15.382002
17.848562,19.365630,15.386500
14.720474,21.717170,15.391941
11.166279,23.721335,15.391151
7.386061,25.263063,15.388409
3.587647,26.244769,15.391015
-0.288016,26.490466,15.387374
-4.425304,26.701394,15.379602
-8.551095,26.245329,15.380014
-12.053376,24.048971,15.387560
-15.298865,21.859836,15.387354
-18.282891,19.339311,15.381870
-20.788809,16.120936,15.385204
-22.636356,12.664345,15.393341
-24.071027,9.028991,15.391913
-24.919743,5.384538,15.384072
-25.370054,1.496766,15.378359
-25.387410,-2.413490,15.381397
-24.929271,-6.299508,15.388975
-23.900912,-10.250021,15.390523
-22.187385,-14.142610,15.383685
-19.946000,-17.556536,15.388349
-17.056431,-20.677769,15.393281
-13.552763,-23.378070,15.390087
-9.656460,-25.471721,15.386321
-5.477603,-26.922457,15.384471
-0.957155,-27.730625,15.382770
3.639148,-27.824771,15.386536
8.183211,-27.213721,15.393502
12.759671,-25.874275,15.392562
17.056665,-23.746620,15.380319
20.266692,-20.295229,15.375078
22.789561,-16.220772,15.384664
25.247062,-12.331930,15.390929
27.350106,-8.251230,15.381511
27.884108,-3.709179,15.379547
27.494399,0.896208,15.379082
26.615395,5.223735,15.379220
25.221987,9.266986,15.382139
22.586680,12.721580,11.979943
20.165802,15.961966,11.981116
17.251365,18.750900,11.982183
14.079025,20.978177,11.985170
10.659025,22.786344,11.985999
7.041030,24.164190,11.979437
3.452689,25.097431,11.983471
-0.369488,25.582002,11.986721
-4.279978,25.752889,11.988857
-8.046416,25.105502,11.990591
-11.526458,23.003587,11.986081
-14.547118,20.863515,11.982924
-17.555816,18.415252,11.980533
-19.871184,15.549250,11.983808
-21.655965,12.288188,11.989522
-23.235966,8.760302,11.987149
-24.245352,5.196708,11.979551
-24.752737,1.528033,11.987489
-24.816591,-2.342842,11.990074
-24.413782,-6.192377,11.981369
-23.460917,-10.118538,11.978505
-21.951727,-13.866665,11.982228
-19.767692,-17.464423,11.987587
-17.015105,-20.649127,11.986649
-13.652241,-23.451928,11.980964
-9.734994,-25.756694,11.980128
-5.495491,-27.394792,11.985136
-1.049542,-28.355240,11.982496
3.657193,-28.554020,11.983596
8.505629,-27.999242,11.991108
13.238922,-26.791038,11.990734
17.656925,-24.639681,11.985301
21.042161,-20.953921,11.989260
23.486699,-16.695339,11.989467
25.646052,-12.691100,11.985167
27.500086,-8.357708,11.987649
27.804566,-3.673772,11.985633
27.249645,0.865776,11.988501
26.212777,5.103673,11.990201
24.650978,9.026986,11.984785
21.765273,12.312719,8.585877
19.336474,15.463382,8.588381
16.530235,18.022725,8.581435
13.347000,20.121073,8.581470
10.086002,21.734411,8.590170
6.650969,22.940365,8.588562
3.126084,23.830739,8.588882
-0.464830,24.521717,8.587707
-4.082461,24.484950,8.584398
-7.605693,23.494979,8.582752
-10.874621,21.899394,8.582756
-13.845543,19.803795,8.581007
-16.654330,17.464212,8.585134
-18.854931,14.802294,8.590561
-20.673069,11.632195,8.587717
-22.197136,8.514416,8.580498
-23.361536,5.063882,8.584540
-23.960146,1.474020,8.590617
-24.083177,-2.166553,8.584957
-23.767451,-5.958065,8.580174
-22.926346,-9.840069,8.587830
-21.547397,-13.565448,8.585090
-19.513058,-17.168879,8.579331
-16.801741,-20.510594,8.585286
-13.585646,-23.371828,8.590063
-9.823779,-25.783018,8.582164
-5.571392,-27.621749,8.587111
-1.072183,-28.767652,8.589389
3.707636,-29.043986,8.582758
8.655926,-28.534568,8.577297
13.494614,-27.431900,8.578643
17.976599,-25.254236,8.577473
21.637311,-21.681202,8.588230
24.242846,-17.437921,8.587913
26.222549,-12.879753,8.579574
27.430019,-8.235267,8.588048
27.433645,-3.608902,8.586289
26.756763,0.822594,8.586861
25.584400,4.952528,8.588869
23.824566,8.889384,8.586584
20.863718,11.868464,5.190944
18.513674,14.759460,5.183339
15.719073,17.203968,5.183247
12.704546,19.104202,5.185693
9.478409,20.601920,5.186154
6.243841,21.637353,5.190441
2.954455,22.433214,5.192431
-0.395232,23.245908,5.191384
-3.863130,23.077479,5.186175
-7.115056,21.939593,5.179701
-10.298076,20.788356,5.178564
-13.137680,18.935744,5.185802
-15.663671,16.645741,5.192656
-17.817884,14.032072,5.186843
-19.608073,11.141490,5.177624
-21.129387,8.106176,5.179901
-22.321316,4.924484,5.184349
-23.014173,1.437396,5.183478
-23.206541,-2.118389,5.184306
-22.969781,-5.829472,5.184291
-22.271563,-9.483552,5.181648
-21.015395,-13.157013,5.188162
-19.126516,-16.733834,5.190926
-16.576810,-20.077490,5.192490
-13.402173,-23.079749,5.190607
-9.670251,-25.644027,5.181972
-5.580274,-27.585497,5.183371
-1.062189,-28.899651,5.189903
3.758189,-29.226948,5.186934
8.604395,-28.721797,5.179298
13.646444,-27.586292,5.183498
18.117518,-25.315200,5.191796
21.944345,-22.047389,5.190082
24.888902,-17.795503,5.185601
26.534970,-13.050733,5.185689
27.044039,-8.222056,5.186258
26.792460,-3.538427,5.188652
25.994521,0.920706,5.189226
24.714071,4.924859,5.190451
22.959518,8.578959,5.192870
19.887652,11.392094,1.778928
17.520877,14.111024,1.786933
14.878504,16.313913,1.786054
11.932683,18.106033,1.784337
8.922190,19.425977,1.787086
5.763683,20.338200,1.786216
2.718974,21.009379,1.787351
-0.376076,21.790152,1.783805
-3.703157,21.539153,1.777993
-6.691325,20.465072,1.781761
-9.862079,19.633871,1.790492
-12.557182,18.032562,1.784147
-14.858836,15.679892,1.782009
-16.825081,13.238344,1.782350
-18.576201,10.651774,1.781060
-20.024661,7.695798,1.783133
-21.227069,4.635651,1.786020
-21.955405,1.432298,1.780775
-22.219416,-2.004072,1.782523
-22.083548,-5.446228,1.785768
-21.482276,-9.154305,1.781489
-20.321286,-12.728763,1.786991
-18.558150,-16.226252,1.787162
-16.163225,-19.516225,1.788983
-13.161529,-22.497085,1.792015
-9.626615,-25.089177,1.787341
-5.451235,-27.236660,1.784994
-0.954584,-28.649626,1.781493
3.707470,-29.004438,1.786699
8.551351,-28.428194,1.791630
13.385388,-27.141987,1.782374
17.780594,-24.753878,1.784186
21.783213,-21.692476,1.788530
24.860655,-17.748809,1.785067
26.341274,-12.954457,1.777222
26.324343,-7.936633,1.777930
25.867167,-3.258569,1.790262
25.047563,0.883132,1.788614
23.738347,4.743025,1.779187
21.984766,8.256849,1.775521
18.849090,10.890332,-1.607646
16.507412,13.404032,-1.619293
13.945930,15.458375,-1.617035
11.119151,17.133696,-1.615917
8.363487,18.284339,-1.619772
5.332665,19.086272,-1.611204
2.553273,19.599075,-1.618401
-0.416080,20.199469,-1.616802
-3.466331,19.925506,-1.613310
-6.194446,19.067238,-1.617988
-9.267731,18.463187,-1.618431
-11.926506,17.075472,-1.617039
-13.933352,14.877107,-1.611065
-15.810105,12.541281,-1.607117
-17.569419,10.148958,-1.608656
-18.908673,7.303845,-1.610106
-20.027517,4.536010,-1.609037
-20.816988,1.504300,-1.615680
-21.149037,-1.763774,-1.617854
-21.086850,-5.199938,-1.610983
-20.628672,-8.600931,-1.609032
-19.520948,-12.165683,-1.616269
-17.889554,-15.527493,-1.611028
-15.569485,-18.820492,-1.614237
-12.740346,-21.696646,-1.620036
-9.279828,-24.298926,-1.610714
-5.320413,-26.395577,-1.619026
-1.047073,-27.750645,-1.621316
3.562366,-28.205460,-1.617689
8.299090,-27.556806,-1.614414
12.758628,-25.832091,-1.610965
16.706499,-23.421599,-1.613836
20.560685,-20.591871,-1.611748
23.781660,-17.025113,-1.606993
25.417810,-12.561432,-1.611032
25.208915,-7.620557,-1.620941
24.708485,-3.160468,-1.615669
23.891625,0.927537,-1.618286
22.614871,4.605266,-1.619024
20.908363,7.944526,-1.609812
17.743690,10.358361,-5.013525
15.499221,12.676850,-5.019887
13.076848,14.588455,-5.017001
10.419535,16.159382,-5.012731
7.825179,17.226266,-5.015013
4.967257,17.940108,-5.014331
2.190910,18.326165,-5.009264
-0.476507,18.483311,-5.011970
-3.118186,18.211451,-5.015950
-5.732567,17.687837,-5.013195
-8.490483,17.177124,-5.008034
-11.184266,15.946377,-5.008208
-13.097588,13.922464,-5.015028
-14.924443,11.771185,-5.015303
-16.611266,9.558800,-5.010756
-17.784447,6.996483,-5.013450
-18.885139,4.265629,-5.019751
-19.674725,1.428461,-5.014193
-20.034417,-1.634290,-5.012805
-20.017118,-4.865378,-5.014445
-19.611197,-8.203571,-5.012582
-18.579945,-11.556341,-5.020417
-17.002302,-14.848917,-5.012699
-14.927605,-17.846659,-5.012375
-12.183880,-20.658156,-5.022071
-8.915020,-23.083626,-5.018273
-5.166907,-25.014933,-5.009911
-0.994308,-26.143816,-5.015870
3.379980,-26.699949,-5.019418
7.906353,-26.142164,-5.016561
11.749585,-24.032813,-5.018360
15.457883,-21.484404,-5.011511
18.831057,-18.798338,-5.016768
21.942832,-15.640705,-5.018187
23.857663,-11.676396,-5.010264
23.679396,-7.010114,-5.014122
23.291306,-2.946212,-5.017461
22.591120,0.899430,-5.019005
21.407286,4.365091,-5.017158
19.720544,7.620873,-5.013029
16.671941,9.701082,-8.421425
14.504314,11.961314,-8.413386
12.261607,13.749649,-8.416615
9.799911,15.228695,-8.420942
7.276769,16.288208,-8.417374
4.621171,16.960084,-8.416087
2.009769,17.193040,-8.415478
-0.535780,16.648914,-8.412171
-2.846144,16.343653,-8.409390
-5.318552,16.285867,-8.412731
-7.700432,15.568617,-8.418632
-10.101190,14.528341,-8.412195
-12.183438,12.984222,-8.415755
-14.047669,11.133024,-8.413644
-15.595188,9.052703,-8.409270
-16.719386,6.690550,-8.417549
-17.734650,4.147707,-8.420362
-18.525598,1.388947,-8.417799
-18.892130,-1.453838,-8.418982
-18.884574,-4.458423,-8.420165
-18.507605,-7.563411,-8.416497
-17.537204,-10.813492,-8.415172
-16.087379,-13.881989,-8.409564
-14.093886,-16.786525,-8.408652
-11.530932,-19.385829,-8.411224
-8.323828,-21.637197,-8.409433
-4.872275,-23.215365,-8.412240
-0.934336,-23.959123,-8.418784
3.142702,-24.575544,-8.417996
7.324924,-24.384871,-8.411202
10.999761,-22.280783,-8.409582
14.329109,-19.951485,-8.409791
17.205522,-17.186715,-8.409782
19.921105,-14.074368,-8.410320
21.775022,-10.584072,-8.415456
21.833439,-6.371374,-8.421253
21.660231,-2.578576,-8.411878
21.134136,0.885194,-8.412497
20.019366,4.241714,-8.421354
18.507937,7.150643,-8.424732
15.460722,9.123829,-11.812014
13.484546,11.257851,-11.821338
11.434368,12.954076,-11.818469
9.167084,14.359498,-11.814211
6.847345,15.389075,-11.813859
4.402540,16.080274,-11.807375
1.948644,16.255359,-11.816236
-0.461484,15.033739,-11.817426
-2.582092,14.662664,-11.811727
-4.950730,14.935777,-11.813347
-6.869104,13.792059,-11.818302
-8.935579,12.777899,-11.817825
-11.255366,12.001060,-11.815727
-13.238071,10.504536,-11.816330
-14.590284,8.445940,-11.817423
-15.711136,6.313026,-11.818367
-16.632466,3.943627,-11.820957
-17.358460,1.377600,-11.813708
-17.722835,-1.257200,-11.807583
-17.677396,-4.165036,-11.806173
-17.241507,-7.037523,-11.808430
-16.386111,-9.941559,-11.817454
-15.052871,-12.793048,-11.814612
-13.126849,-15.587991,-11.810288
-10.713967,-17.964261,-11.811400
-7.761160,-19.875815,-11.810965
-4.477620,-21.147337,-11.810569
-0.886490,-21.572928,-11.814633
2.734127,-22.069506,-11.814954
6.670686,-22.348519,-11.810071
10.381492,-21.122752,-11.811554
13.700890,-19.076255,-11.819667
16.261919,-16.057955,-11.812017
18.073222,-12.728942,-11.811272
19.301019,-9.330229,-11.819345
19.787125,-5.725693,-11.815184
19.887880,-2.332707,-11.819250
19.514184,0.910571,-11.817326
18.546544,4.037993,-11.809850
17.156379,6.742067,-11.807585
14.175560,8.508020,-15.211867
12.493761,10.464838,-15.210692
10.559296,12.155984,-15.219168
8.482014,13.489457,-15.218012
6.365050,14.500067,-15.207715
4.128679,15.216691,-15.216078
1.740602,15.392846,-15.222415
-0.519252,14.042665,-15.212772
-2.451575,13.722122,-15.207958
-4.692358,13.984677,-15.216433
-6.292584,12.620457,-15.219684
-8.030294,11.579632,-15.209984
-10.398660,11.145683,-15.216136
-12.302993,9.839216,-15.219316
-13.445227,7.947265,-15.214805
-14.646268,5.953527,-15.219310
-15.481646,3.754549,-15.222637
-16.130723,1.373690,-15.217575
-16.478575,-1.062943,-15.216666
-16.370343,-3.745149,-15.213944
-15.879561,-6.276087,-15.208615
-15.083997,-9.076033,-15.218696
-13.844399,-11.706641,-15.214078
-12.101700,-14.185418,-15.216414
-9.839055,-16.350220,-15.219138
-7.143568,-17.960956,-15.206860
-4.053089,-18.971700,-15.209182
-0.937126,-19.284211,-15.212069
2.404302,-19.544608,-15.215521
5.978106,-19.949316,-15.216750
9.664295,-19.715412,-15.209697
12.956189,-18.005858,-15.209415
15.170318,-15.034191,-15.214069
16.134517,-11.339195,-15.211305
16.728301,-7.932504,-15.210805
17.638805,-5.047868,-15.220246
18.016002,-1.938857,-15.213806
17.761756,0.970968,-15.209947
16.967296,3.764606,-15.212332
15.711142,6.274702,-15.213074
12.793935,7.853571,-18.611575
11.358909,9.668165,-18.617251
9.682978,11.244376,-18.618378
7.770592,12.542070,-18.612029
5.808712,13.547106,-18.608182
3.731108,14.289518,-18.616530
1.623358,14.559470,-18.618598
-0.505483,13.993676,-18.611961
-2.475892,13.734868,-18.614663
-4.538551,13.635976,-18.620004
-6.240598,12.513366,-18.612423
-7.891573,11.372123,-18.618112
-9.731987,10.501051,-18.619565
-11.186720,9.079521,-18.620211
-12.302494,7.251192,-18.617132
-13.497534,5.533892,-18.609943
-14.236458,3.558379,-18.617109
-14.814823,1.321486,-18.620114
-15.133497,-0.967964,-18.620134
-14.946848,-3.257294,-18.621073
-14.352074,-5.597109,-18.621585
-13.707430,-8.020292,-18.620703
-12.557998,-10.465210,-18.614425
-10.970962,-12.673328,-18.615177
-8.921852,-14.588049,-18.617478
-6.464354,-15.956675,-18.614293
-3.769528,-16.750948,-18.619017
-0.880459,-17.119240,-18.621972
2.020257,-17.141912,-18.619003
5.041735,-17.104113,-18.614872
8.238528,-16.882652,-18.613105
11.066907,-15.368374,-18.610629
13.045819,-12.792406,-18.615418
13.763131,-9.555876,-18.617107
14.282530,-6.630096,-18.611115
15.504171,-4.313486,-18.609390
16.054408,-1.671312,-18.614506
15.905606,0.956124,-18.611796
15.228781,3.561436,-18.605314
14.129936,5.819929,-18.606384
11.289979,7.141978,-22.012669
10.101946,8.789245,-22.009043
8.617881,10.283846,-22.008802
6.967432,11.460649,-22.016400
5.190177,12.432584,-22.020904
3.389014,13.146280,-22.009969
1.420584,13.575620,-22.008966
-0.495869,14.034853,-22.010809
-2.541485,13.945811,-22.017806
-4.384647,13.249457,-22.020765
-6.279466,12.557341,-22.010124
-7.903184,11.344466,-22.015132
-9.053999,9.786816,-22.014786
-9.927832,8.150885,-22.017004
-10.962063,6.625620,-22.020209
-12.155328,5.107983,-22.015674
-12.846518,3.295248,-22.015502
-13.336950,1.329900,-22.019339
-13.622366,-0.686526,-22.018217
-13.362781,-2.763431,-22.017168
-12.711424,-4.782261,-22.020977
-12.167666,-7.005075,-22.019832
-11.188507,-9.065105,-22.010833
-9.774014,-10.992309,-22.008395
-7.966253,-12.661122,-22.013138
-5.707334,-13.854625,-22.013328
-3.333213,-14.506005,-22.009592
-0.887681,-14.945566,-22.011653
1.715187,-14.783383,-22.010161
4.100372,-14.064937,-22.010754
6.364866,-13.107180,-22.018950
8.400941,-11.592490,-22.011129
10.160839,-9.920669,-22.014176
11.264037,-7.677320,-22.020820
11.981084,-5.418361,-22.017284
13.317151,-3.549382,-22.014164
13.973404,-1.280061,-22.014840
13.903783,1.036230,-22.017287
13.365490,3.243429,-22.018212
12.449987,5.244933,-22.016330
9.656675,6.280130,-25.415927
8.628561,7.806134,-25.412767
7.433755,9.088587,-25.412829
6.037182,10.160697,-25.416858
4.517084,11.044538,-25.415712
2.890018,11.713629,-25.407858
1.229893,12.234027,-25.416950
-0.495141,13.353649,-25.416297
-2.469893,13.382138,-25.414444
-4.148651,12.265035,-25.422942
-5.933889,11.855953,-25.420532
-7.391219,10.712961,-25.418190
-8.063718,8.775430,-25.419659
-8.616091,7.103314,-25.420896
-9.529763,5.871141,-25.419080
-10.603025,4.589147,-25.414923
-11.220308,3.020138,-25.412428
-11.643488,1.314892,-25.412220
-11.886247,-0.445495,-25.413666
-11.547716,-2.220364,-25.416401
-10.897023,-3.860745,-25.416971
-10.488772,-5.807048,-25.411880
-9.619001,-7.584193,-25.408185
-8.402518,-9.174729,-25.409177
-6.814672,-10.603728,-25.413319
-4.973238,-11.535748,-25.416822
-2.912823,-12.089896,-25.418757
-0.794393,-12.637743,-25.420118
1.314679,-12.339720,-25.418757
3.180921,-11.174440,-25.417103
4.805889,-9.920267,-25.415629
6.260959,-8.577510,-25.408621
7.731870,-7.432970,-25.412927
8.921247,-5.902447,-25.422503
9.741564,-4.252245,-25.420506
11.033870,-2.736937,-25.410316
11.712062,-0.881733,-25.415482
11.721413,1.052266,-25.418030
11.304904,2.907128,-25.415112
10.565125,4.668745,-25.415717
7.736956,5.317263,-28.816312
6.904064,6.570098,-28.815089
5.946037,7.643218,-28.812423
4.838536,8.565191,-28.813654
3.603186,9.305434,-28.819396
2.264346,9.839411,-28.820444
0.882332,10.375093,-28.810617
-0.529170,11.620518,-28.812061
-2.210047,11.721852,-28.816006
-3.619619,10.584693,-28.813710
-5.156819,10.275963,-28.820368
-6.378890,9.262968,-28.814013
-6.739219,7.433459,-28.812031
-7.125534,5.993252,-28.808589
-7.895828,4.989421,-28.810979
-8.757726,3.929222,-28.817548
-9.265307,2.643171,-28.809321
-9.601001,1.311644,-28.810903
-9.799657,-0.140859,-28.813544
-9.404982,-1.556126,-28.813921
-8.794485,-2.858625,-28.816048
-8.550412,-4.410038,-28.819168
-7.847606,-5.798683,-28.820850
-6.824899,-7.085581,-28.815798
-5.565486,-8.207572,-28.814403
-4.110603,-8.933242,-28.816996
-2.494496,-9.395871,-28.809427
-0.771103,-10.028600,-28.813049
0.942857,-9.632024,-28.818182
2.282596,-8.342965,-28.817964
3.495645,-7.190328,-28.819833
4.546706,-6.120653,-28.819821
5.648317,-5.271595,-28.819775
6.615332,-4.238776,-28.819612
7.392857,-3.020660,-28.815675
8.496093,-1.905629,-28.808547
9.158751,-0.496560,-28.816144
9.226624,1.080017,-28.818853
8.907460,2.612709,-28.813961
8.391686,4.028457,-28.814531
5.267073,4.149133,-32.220177
4.675703,4.962877,-32.213741
3.984998,5.711326,-32.208991
3.209112,6.427185,-32.213429
2.341982,6.953675,-32.219607
1.387607,7.297936,-32.216614
0.455571,7.658373,-32.212612
-0.577162,8.630602,-32.215391
-1.770392,8.825723,-32.214860
-2.768831,8.010685,-32.212012
-3.883970,7.751739,-32.218936
-4.765565,6.994101,-32.218224
-4.947620,5.603523,-32.214668
-5.224798,4.602534,-32.218695
-5.771215,3.893048,-32.218681
-6.334730,3.114662,-32.212280
-6.684074,2.206967,-32.211513
-6.938334,1.276771,-32.215069
-7.075589,0.242906,-32.218756
-6.675967,-0.657568,-32.217299
-6.197643,-1.526151,-32.213969
-6.131938,-2.683023,-32.214548
-5.593709,-3.639924,-32.215842
-4.872029,-4.488084,-32.217710
-4.052567,-5.222548,-32.217927
-3.000645,-5.762821,-32.216517
-1.916616,-6.117367,-32.216750
-0.774502,-6.731467,-32.216981
0.434533,-6.332017,-32.212010
1.304728,-5.095332,-32.210807
2.074226,-4.331424,-32.215005
2.735134,-3.625642,-32.214766
3.433280,-3.010371,-32.217229
4.061560,-2.340171,-32.220191
4.607088,-1.593187,-32.218398
5.460046,-0.893382,-32.214087
6.049329,0.035042,-32.216698
6.134194,1.133462,-32.218371
5.937694,2.137396,-32.217420
5.669912,3.177539,-32.219799
-0.778775,1.449433,-35.614674
12.462662,12.150141,32.385326
11.209832,14.216933,32.385326
9.720039,16.121676,32.385326
7.857218,17.963045,32.385326
5.658358,19.566468,32.385326
3.202977,20.738485,32.385326
0.455137,21.381291,32.385326
-2.367541,21.388719,32.385326
-5.122858,20.777128,32.385326
-7.778585,19.558360,32.385326
-10.072307,17.916200,32.385326
-12.011542,16.008217,32.385326
-13.682697,13.862286,32.385326
-15.083199,11.530692,32.385326
-16.200955,9.051077,32.385326
-17.032089,6.355757,32.385326
-17.467637,3.670584,32.385326
-17.459796,0.847869,32.385326
-16.863054,-1.910519,32.385326
-15.629414,-4.448195,32.385326
-13.909341,-6.559217,32.385326
-11.798866,-8.277494,32.385326
-9.502066,-9.538815,32.385326
-7.030412,-10.408085,32.385326
-4.654638,-10.860883,32.385326
-2.239081,-10.977683,32.385326
0.069824,-10.775580,32.385326
2.234944,-10.298967,32.385326
4.323579,-9.556748,32.385326
6.221957,-8.621561,32.385326
8.008061,-7.487225,32.385326
9.659273,-6.164129,32.385326
11.145446,-4.657313,32.385326
12.420504,-2.968038,32.385326
13.465814,-1.011497,32.385326
14.155471,1.096022,32.385326
14.479133,3.289903,32.385326
14.456594,5.507731,32.385326
14.092311,7.803298,32.385326
14.798203,10.679602,29.381298
12.911903,12.426147,29.388488
10.714162,13.739738,29.389906
9.096361,15.386220,29.379115
7.280808,16.810796,29.385159
5.128624,17.891465,29.386689
2.817305,18.673096,29.381570
0.441036,18.767785,29.382309
-1.865231,17.996575,29.384409
-4.114712,17.482466,29.390659
-6.618054,17.219238,29.384017
-8.822652,16.192809,29.379811
-10.185956,14.093072,29.385712
-11.482679,12.218349,29.389984
-13.128464,10.440043,29.388498
-14.246225,8.301574,29.385697
-15.164619,6.063888,29.381723
-16.093685,3.613155,29.379539
-16.105752,1.111722,29.389389
-16.310083,-1.665439,29.387923
-15.837703,-4.552939,29.384762
-14.190999,-6.817690,29.389187
-12.304375,-8.778547,29.386254
-10.072015,-10.332731,29.387204
-7.584154,-11.481079,29.391008
-5.060116,-12.157210,29.390653
-2.467070,-12.599213,29.387784
0.036892,-12.928635,29.389365
2.560801,-12.446272,29.390513
5.212594,-12.633381,29.389344
8.935880,-14.109834,29.387577
11.580322,-12.525524,29.388863
11.948243,-8.563209,29.392392
12.748343,-5.891791,29.385292
14.235894,-3.924851,29.380192
15.177649,-1.588379,29.384298
15.826967,0.752756,29.382274
15.988120,3.214205,29.381178
15.793316,5.684506,29.382245
15.536782,8.273346,29.381047
15.591551,11.034102,26.384686
13.374223,12.725728,26.388903
10.894022,13.874111,26.387041
9.084220,15.377357,26.380206
7.080582,16.607672,26.379990
4.980163,17.394316,26.379486
2.674115,17.957876,26.383617
0.453811,17.942466,26.389129
-1.776407,17.153899,26.382663
-3.859100,16.666076,26.381760
-6.198149,16.425077,26.382155
-8.279938,15.535256,26.391044
-9.636526,13.635756,26.385453
-10.911977,11.813911,26.381079
-12.515818,10.082957,26.389048
-13.572076,8.100463,26.389523
-14.496741,5.931457,26.384469
-15.412302,3.649789,26.380831
-15.521642,1.098124,26.385662
-15.968854,-1.591437,26.391129
-15.819574,-4.458684,26.387553
-14.349970,-6.908212,26.382251
-12.641071,-9.098992,26.387938
-10.458051,-10.969908,26.387862
-8.035279,-12.364544,26.387752
-5.432624,-13.308743,26.387760
-2.720226,-13.956665,26.384747
0.025530,-14.488901,26.384737
2.807017,-14.145953,26.382667
5.786092,-14.283767,26.383186
9.564074,-15.482154,26.391922
12.437876,-13.785262,26.391986
13.120601,-9.691647,26.384580
14.028612,-6.831496,26.388315
15.509534,-4.564901,26.389241
16.376605,-2.031040,26.382059
16.980535,0.589045,26.389912
17.036277,3.202314,26.389787
16.772093,5.847303,26.382717
16.455168,8.512706,26.381525
15.913300,11.243821,23.389929
13.776148,13.027540,23.388092
11.370158,14.350895,23.385025
9.455577,15.749600,23.386800
7.251882,16.885878,23.387416
4.991768,17.622290,23.379762
2.765406,18.071587,23.383469
0.398484,18.119435,23.391215
-1.834056,17.706005,23.383279
-4.040945,17.194455,23.387721
-6.220038,16.570015,23.385045
-8.305395,15.425395,23.378837
-9.853026,13.780519,23.387499
-11.263446,12.000683,23.391802
-12.612543,10.184189,23.386553
-13.637313,8.161723,23.385589
-14.483892,5.941299,23.386256
-15.169533,3.666212,23.390578
-15.381930,1.203041,23.382979
-15.743786,-1.503859,23.381187
-15.583271,-4.344929,23.382253
-14.363823,-6.923845,23.380961
-12.853940,-9.288583,23.388389
-10.842953,-11.385094,23.381962
-8.450060,-13.070890,23.383173
-5.813870,-14.289728,23.386393
-2.907921,-15.148032,23.379864
-0.032978,-15.723370,23.388462
2.963773,-15.534411,23.387903
6.081502,-15.367627,23.379690
9.528641,-15.382052,23.380097
12.343154,-13.667064,23.381774
13.803141,-10.443179,23.381464
15.053403,-7.578959,23.381033
16.466648,-5.037046,23.379790
17.277875,-2.343205,23.378174
17.790331,0.430798,23.381259
17.791781,3.190782,23.381583
17.448033,5.937348,23.381352
16.971899,8.658020,23.385522
15.907420,11.170114,20.390962
14.040875,13.295287,20.382223
11.942108,14.916947,20.379006
9.814672,16.271447,20.384163
7.518389,17.322907,20.382148
5.214642,18.063102,20.386460
2.843042,18.503682,20.391730
0.434406,18.734273,20.391479
-1.980389,18.742832,20.387335
-4.333767,18.181027,20.379846
-6.447989,17.013098,20.377587
-8.399189,15.590563,20.388775
-10.261282,14.210854,20.384637
-11.858711,12.427555,20.379201
-12.973414,10.392808,20.385409
-13.946972,8.305342,20.388915
-14.717180,6.015650,20.387236
-15.113615,3.632578,20.380865
-15.419557,1.125215,20.389969
-15.543616,-1.510976,20.387794
-15.188013,-4.227910,20.381703
-14.304771,-6.835734,20.384338
-12.920226,-9.459089,20.380076
-11.044254,-11.754781,20.386930
-8.761773,-13.657724,20.389360
-6.074551,-15.147945,20.383259
-3.161113,-16.145163,20.379948
-0.026174,-16.730654,20.382301
3.157847,-16.720346,20.385393
6.281711,-16.074918,20.388470
9.319332,-14.792830,20.388390
11.961557,-13.009361,20.382654
14.137105,-10.832985,20.387476
15.930955,-8.197501,20.388048
17.186010,-5.389536,20.384425
17.968182,-2.528085,20.389122
18.368720,0.306004,20.387544
18.311431,3.255740,20.386549
17.861684,5.987783,20.389726
17.105388,8.691078,20.392423
15.562595,10.979892,17.383729
14.149292,13.321545,17.391027
12.346214,15.258612,17.389833
9.947385,16.529054,17.381764
7.567505,17.512619,17.384572
5.213325,18.242607,17.384562
2.782587,18.644223,17.382828
0.460074,19.023271,17.380787
-2.093316,19.357314,17.381729
-4.490979,18.740400,17.390271
-6.499748,17.135193,17.389079
-8.344972,15.492635,17.379747
-10.434192,14.345398,17.384640
-12.108069,12.658123,17.384922
-13.059459,10.449272,17.381877
-14.010202,8.306356,17.387689
-14.752027,5.957761,17.381971
-14.927982,3.612749,17.379444
-15.338141,1.166959,17.382295
-15.234812,-1.370644,17.390331
-14.736178,-3.921074,17.388666
-14.159100,-6.764076,17.379758
-12.982209,-9.436410,17.386667
-11.258454,-11.928885,17.391532
-9.011698,-14.116197,17.386477
-6.263180,-15.866018,17.384071
-3.223753,-17.008521,17.387840
-0.029452,-17.550520,17.382581
3.285716,-17.659982,17.382608
6.469949,-16.533243,17.382030
9.092783,-14.342357,17.380704
11.517951,-12.542177,17.389163
14.329868,-11.038103,17.393460
16.608547,-8.722769,17.389503
17.724989,-5.707763,17.385185
18.486141,-2.668409,17.386116
18.786722,0.328718,17.386790
18.657945,3.258565,17.382768
18.043259,6.092073,17.377663
16.919589,8.630874,17.378485
15.031986,10.800919,14.393582
13.780999,13.114810,14.386549
12.121263,15.104049,14.382053
9.713869,16.137643,14.389339
7.284032,16.966671,14.392510
5.019206,17.551049,14.383334
2.690353,17.838946,14.383975
0.373050,18.171403,14.391510
-1.947089,18.493959,14.386793
-4.220636,17.877547,14.379419
-6.075015,16.278895,14.386112
-7.707255,14.742503,14.385789
-9.713139,13.699816,14.383102
-11.412077,12.071839,14.381435
-12.287998,10.080118,14.383483
-13.310685,7.980019,14.389231
-14.061373,5.880069,14.388481
-14.321601,3.665043,14.386668
-14.886451,1.247096,14.379735
-14.676324,-1.254383,14.384128
-14.257652,-3.688585,14.386913
-13.986133,-6.566408,14.383398
-12.931189,-9.403356,14.388131
-11.323666,-12.090883,14.385424
-9.147505,-14.478198,14.390189
-6.495558,-16.367237,14.389958
-3.407899,-17.646196,14.379119
-0.000805,-18.193007,14.381724
3.444731,-18.323133,14.386364
6.569494,-16.964733,14.385273
9.051412,-14.416821,14.381222
11.519368,-12.500020,14.380681
14.591140,-11.250497,14.383268
17.058996,-9.107744,14.388731
18.136265,-5.925109,14.390317
18.838761,-2.873477,14.384882
19.068944,0.209855,14.388526
18.844555,3.250515,14.392447
18.117526,6.040353,14.390328
16.596594,8.588336,14.392826
14.565767,10.493990,11.387778
13.072162,12.555227,11.389047
11.413090,14.328426,11.384533
8.949667,15.221637,11.379713
6.735273,15.757501,11.381054
4.505206,16.120960,11.379840
2.454147,16.227584,11.380774
0.401445,16.220588,11.383319
-1.647262,16.116709,11.381518
-3.511719,15.553551,11.385435
-5.238626,14.447977,11.382691
-6.771015,13.250999,11.384427
-8.285954,12.200662,11.386917
-9.662633,10.853796,11.390256
-10.744854,9.225331,11.389121
-11.833406,7.486900,11.385775
-12.734899,5.646445,11.390433
-13.410677,3.593513,11.383968
-14.086088,1.407279,11.384249
-13.980884,-0.933221,11.386729
-13.820006,-3.527852,11.382046
-13.722959,-6.426615,11.381397
-12.796363,-9.325978,11.391295
-11.342658,-12.105540,11.390103
-9.297209,-14.609152,11.390114
-6.550003,-16.747300,11.389709
-3.491072,-18.086647,11.386442
-0.081555,-18.628172,11.387542
3.461822,-18.756104,11.387172
6.699465,-17.368356,11.382926
9.264319,-14.918938,11.380117
11.841226,-12.962100,11.383100
14.853716,-11.577120,11.387235
17.349873,-9.277826,11.387188
18.402375,-6.100850,11.382257
19.075689,-2.914833,11.377825
19.237840,0.177567,11.380952
18.899832,3.215508,11.382658
18.007017,6.091748,11.378120
16.369624,8.439851,11.381708
14.063752,10.269630,8.381590
12.241484,11.898220,8.383214
10.320921,13.298735,8.387920
8.144451,13.992407,8.391742
5.968003,14.322522,8.385469
3.901152,14.412407,8.385664
2.126575,14.330279,8.391117
0.384486,14.040897,8.388013
-1.198828,13.258016,8.389357
-2.627992,12.623236,8.388254
-4.140140,12.254944,8.385918
-5.570306,11.610364,8.383156
-6.540315,10.393313,8.387891
-7.576150,9.263241,8.384616
-8.914598,8.252642,8.382407
-10.074102,6.919698,8.386764
-11.197560,5.420905,8.381020
-12.421489,3.613922,8.390963
-13.109781,1.534014,8.388905
-13.228644,-0.748896,8.390090
-13.412621,-3.346928,8.387234
-13.387302,-6.241000,8.384558
-12.620382,-9.071342,8.388898
-11.265788,-12.000414,8.388496
-9.265677,-14.654089,8.387116
-6.607751,-16.865516,8.382448
-3.498813,-18.299244,8.377849
-0.004206,-18.865740,8.380832
3.479422,-18.943816,8.381280
6.831569,-17.748372,8.381870
9.717139,-15.613142,8.385023
12.413011,-13.677158,8.387271
15.169827,-11.912597,8.384219
17.449999,-9.325680,8.382776
18.541306,-6.118403,8.387419
19.168443,-2.941889,8.391281
19.280263,0.155411,8.387119
18.818362,3.261735,8.381482
17.818311,5.995964,8.382642
16.049276,8.385077,8.382327
13.591602,10.015193,5.385775
11.397624,11.346136,5.382303
9.250312,12.255249,5.380748
7.186175,12.760939,5.388239
5.260111,12.949767,5.389527
3.441931,12.873572,5.386056
1.745381,12.583025,5.389211
0.333357,12.236514,5.382089
-0.862742,11.078247,5.377323
-1.894468,10.198102,5.385241
-3.062059,10.196875,5.383195
-4.502739,10.106248,5.384416
-5.071104,8.930609,5.390327
-5.847580,7.990315,5.386463
-7.361419,7.462231,5.387616
-8.572359,6.402855,5.390958
-9.966190,5.204986,5.384623
-11.475094,3.615261,5.380822
-12.123542,1.663146,5.388911
-12.561230,-0.525279,5.390989
-12.981101,-3.127018,5.385484
-12.973537,-5.957052,5.385782
-12.304981,-8.835066,5.389555
-11.082500,-11.733077,5.383430
-9.155054,-14.467213,5.383183
-6.543439,-16.746660,5.385647
-3.440752,-18.241191,5.385292
-0.042101,-18.847689,5.383405
3.522786,-18.860508,5.378055
6.958338,-18.035238,5.384473
10.067920,-16.508601,5.391556
12.989584,-14.495324,5.383911
15.490869,-12.104458,5.383162
17.331667,-9.320332,5.387285
18.492241,-6.168493,5.389952
19.106370,-2.977024,5.391313
19.161739,0.268700,5.388403
18.608062,3.265657,5.384945
17.437873,5.966085,5.385560
15.630300,8.291166,5.386575
13.001166,9.793601,2.378765
10.675862,10.886307,2.379752
8.367755,11.433856,2.383841
6.410556,11.733821,2.388051
4.637033,11.855690,2.385043
3.058236,11.732748,2.378138
1.628660,11.407935,2.387570
0.352260,11.048972,2.387233
-0.723300,10.149234,2.385588
-1.545863,9.108532,2.389099
-2.460576,8.972815,2.387014
-3.758317,9.176403,2.389550
-4.334844,8.187900,2.382858
-5.039341,7.414952,2.385438
-6.543138,7.000225,2.388404
-7.698654,6.093192,2.381336
-9.189342,5.082882,2.382377
-10.638174,3.555769,2.383591
-11.304083,1.754718,2.384662
-12.028190,-0.394120,2.388628
-12.486748,-2.811246,2.382347
-12.458346,-5.582076,2.380988
-11.897530,-8.393981,2.389887
-10.736663,-11.336381,2.390906
-8.909760,-14.040889,2.386939
-6.408309,-16.292275,2.384418
-3.412925,-17.823630,2.384971
-0.026871,-18.539107,2.385382
3.423999,-18.494193,2.383020
6.973119,-18.101660,2.381382
10.400740,-17.169122,2.383943
13.382245,-15.188064,2.387926
15.526323,-12.249268,2.384121
17.073859,-9.127639,2.383066
18.299247,-6.011561,2.387966
18.880876,-2.805456,2.389087
18.862749,0.274515,2.388744
18.214284,3.259839,2.387541
16.892291,5.917219,2.384433
15.116277,8.102571,2.380892
12.452220,9.533910,-0.616706
10.206640,10.505336,-0.616601
7.863590,10.872123,-0.609567
5.965055,11.074639,-0.609994
4.264722,11.198753,-0.615576
2.842456,11.112466,-0.618623
1.536753,10.884467,-0.619278
0.326659,10.600826,-0.619111
-0.697445,10.130247,-0.616370
-1.653624,9.501665,-0.615186
-2.653249,9.225492,-0.615441
-3.686347,9.036384,-0.612672
-4.538258,8.295647,-0.612289
-5.449148,7.654177,-0.608053
-6.528843,7.044611,-0.612728
-7.589857,6.098065,-0.618961
-8.803878,5.019766,-0.613968
-9.955600,3.546973,-0.609001
-10.699525,1.880888,-0.611153
-11.591955,-0.216661,-0.608880
-11.943871,-2.544617,-0.611149
-11.820358,-5.125246,-0.617530
-11.335288,-7.826591,-0.619721
-10.250826,-10.667820,-0.613728
-8.522219,-13.291337,-0.610359
-6.139640,-15.460536,-0.616072
-3.280709,-16.991454,-0.621598
-0.056222,-17.831855,-0.617315
3.345595,-17.778433,-0.617863
6.775366,-17.663898,-0.615596
10.442479,-17.253433,-0.611178
13.517680,-15.278871,-0.617918
15.336080,-11.979415,-0.620764
16.641621,-8.790988,-0.617295
17.881317,-5.826383,-0.611734
18.412448,-2.737174,-0.608474
18.316400,0.319733,-0.615126
17.564003,3.244707,-0.616339
16.217179,5.769904,-0.608432
14.487039,7.896502,-0.610625
11.908572,9.200586,-3.612626
9.678914,10.161569,-3.610208
7.416198,10.494981,-3.609453
5.697061,10.767257,-3.609216
4.159826,10.943933,-3.616244
2.789124,10.968978,-3.620118
1.512022,10.930817,-3.610820
0.328952,10.781601,-3.616869
-0.842774,10.831611,-3.620352
-2.047377,10.853442,-3.614023
-3.121032,10.221342,-3.612213
-4.005161,9.424102,-3.617312
-5.278064,9.136004,-3.613855
-6.417211,8.374707,-3.611085
-7.193206,7.328706,-3.615769
-8.054755,6.271464,-3.618440
-8.760200,4.994826,-3.614412
-9.348260,3.558634,-3.607578
-10.182644,1.931226,-3.608273
-11.114645,-0.067362,-3.613086
-11.284056,-2.218305,-3.612368
-11.000919,-4.518169,-3.614753
-10.547830,-7.114600,-3.620934
-9.576027,-9.677702,-3.612387
-7.969412,-12.133889,-3.613332
-5.761224,-14.168359,-3.620877
-3.031580,-15.685548,-3.620445
-0.045293,-16.618909,-3.614164
3.219222,-16.664048,-3.609568
6.511047,-16.554485,-3.609520
10.061741,-16.458231,-3.612529
13.085685,-14.657786,-3.616689
14.718474,-11.424558,-3.616132
16.010347,-8.283491,-3.614933
17.232284,-5.445681,-3.616398
17.662779,-2.451243,-3.617596
17.451443,0.472562,-3.615436
16.610896,3.247101,-3.616157
15.280568,5.688080,-3.617647
13.754251,7.634900,-3.615832
10.868948,8.692152,-6.619402
8.783762,9.499321,-6.613332
6.939614,10.009146,-6.615728
5.435295,10.416568,-6.618068
4.073217,10.681705,-6.612977
2.794260,10.900818,-6.616682
1.479469,10.979280,-6.618031
0.316510,11.209730,-6.613642
-1.000054,11.876008,-6.611619
-2.442923,11.925209,-6.618728
-3.338199,10.649932,-6.617038
-4.187710,9.652269,-6.614410
-5.849239,9.662428,-6.613494
-7.135418,8.978829,-6.610314
-7.613793,7.561080,-6.614470
-8.262368,6.356834,-6.617176
-8.755654,4.974685,-6.609686
-8.703602,3.576452,-6.611043
-9.025924,2.088802,-6.612735
-9.969058,0.271156,-6.612210
-10.279100,-1.722811,-6.611857
-9.831392,-3.702254,-6.611578
-9.370866,-5.919086,-6.616463
-8.530211,-8.364377,-6.619283
-7.124543,-10.571494,-6.618644
-5.130859,-12.491594,-6.617486
-2.728212,-13.889694,-6.614163
-0.006324,-14.884863,-6.612900
2.995561,-15.155535,-6.614165
5.938772,-14.916299,-6.614855
9.319148,-14.856800,-6.610753
12.177709,-13.337329,-6.608420
13.795764,-10.396089,-6.614449
15.136278,-7.661458,-6.614168
16.292052,-4.967393,-6.614451
16.616148,-2.109103,-6.615635
16.278634,0.724728,-6.610558
15.397939,3.258767,-6.611296
14.131493,5.505798,-6.615658
12.657372,7.304853,-6.619426
9.080540,7.790480,-9.617094
7.435741,8.575372,-9.615951
6.020004,9.124542,-9.614091
4.797768,9.532601,-9.613226
3.529516,9.804883,-9.612283
2.481019,9.994536,-9.611712
1.463673,10.446821,-9.612948
0.299432,11.027374,-9.615344
-0.900207,11.135478,-9.615678
-1.930599,10.395288,-9.611184
-2.590109,9.145762,-9.610562
-3.396965,8.556412,-9.618039
-4.699824,8.499756,-9.618015
-6.123577,8.189661,-9.609171
-6.500107,6.967477,-9.610478
-6.827754,5.830709,-9.613816
-7.274361,4.722129,-9.616464
-7.609071,3.547102,-9.617760
-7.496614,2.341141,-9.619263
-7.312455,1.067211,-9.618291
-7.695927,-0.477742,-9.611184
-7.993006,-2.349731,-9.610696
-7.541136,-4.187639,-9.617591
-6.908881,-6.155229,-9.618952
-5.958542,-8.294376,-9.615336
-4.359390,-10.232884,-9.613276
-2.326536,-11.684054,-9.610609
0.058305,-12.707900,-9.611749
2.661878,-13.265535,-9.619252
5.380081,-13.083380,-9.617800
8.251797,-12.759896,-9.619836
10.871068,-11.541417,-9.610733
12.589377,-9.245898,-9.611562
14.080487,-6.852977,-9.612564
15.094627,-4.328631,-9.619216
15.335323,-1.679473,-9.614222
14.884037,0.945251,-9.610709
13.789747,3.283506,-9.611091
12.262024,5.182137,-9.607310
10.620218,6.682591,-9.609402
7.276403,6.951933,-12.613633
5.786737,7.385576,-12.610186
4.494615,7.588258,-12.610396
3.147844,7.381651,-12.612876
2.212674,7.184805,-12.616373
1.450733,7.071425,-12.618182
0.862356,7.011606,-12.617486
0.273213,6.943121,-12.616025
-0.256178,6.839993,-12.615498
-0.778370,6.669453,-12.616631
-1.262967,6.419158,-12.618363
-1.631793,6.123270,-12.619082
-1.951810,5.705752,-12.617774
-2.179369,5.286137,-12.615335
-2.398015,4.856988,-12.612890
-2.650532,4.452892,-12.611580
-3.037826,4.003007,-12.612137
-3.528267,3.482695,-12.613694
-3.975246,2.854415,-12.613254
-4.357657,2.043579,-12.611282
-4.690023,1.024757,-12.611774
-5.025643,-0.299178,-12.613479
-5.214500,-1.895850,-12.614766
-4.901571,-3.404152,-12.616627
-4.285419,-5.197528,-12.614783
-3.454198,-7.527863,-12.615599
-1.917989,-9.268318,-12.619491
0.061987,-10.468119,-12.610975
2.395082,-11.158967,-12.616411
4.828826,-11.209213,-12.613424
7.187286,-10.608739,-12.613617
9.411013,-9.473002,-12.617738
11.332576,-7.883953,-12.616537
12.805479,-5.943323,-12.614910
13.713587,-3.621973,-12.615000
13.902199,-1.190255,-12.614171
13.000297,1.280852,-12.609144
11.514260,3.311127,-12.610860
10.560952,4.956029,-12.614334
8.924425,6.146861,-12.614406
5.031333,5.820493,-15.617680
2.439404,4.987590,-15.615551
2.013761,5.160028,-15.616373
1.634343,5.309279,-15.616956
1.291968,5.410496,-15.617288
0.931722,5.461820,-15.617396
0.549811,5.444232,-15.617239
0.275440,5.387312,-15.616981
-0.036773,5.271959,-15.616552
-0.268835,5.137925,-15.616121
-0.495826,4.933255,-15.615553
-0.647431,4.682616,-15.614969
-0.711034,4.442447,-15.614494
-0.730770,4.181514,-15.614044
-0.724719,3.963027,-15.613709
-0.712314,3.796086,-15.613476
-0.696646,3.628370,-15.613261
-0.680847,3.461554,-15.613066
-0.668050,3.297312,-15.612895
-0.662732,3.190075,-15.612795
-0.663988,2.983254,-15.612631
-0.687284,2.789943,-15.612521
-2.886926,0.388817,-15.612352
-3.998809,-2.221299,-15.617433
-3.592415,-3.807427,-15.612365
-2.673878,-5.130115,-15.617887
-1.635742,-7.503806,-15.620074
0.110855,-8.773489,-15.609691
2.110956,-9.535012,-15.614963
4.166124,-9.192543,-15.615642
6.239410,-8.683658,-15.617113
7.959381,-7.437015,-15.612153
10.037728,-6.553165,-15.616378
11.391823,-4.847768,-15.615820
12.180006,-2.813045,-15.617150
12.516459,-0.701396,-15.614329
11.677199,1.510276,-15.610166
10.972022,3.322120,-15.616487
9.513631,4.818839,-15.611628
7.631641,5.770227,-15.612410
6.548909,6.554465,-18.613666
5.158290,6.922681,-18.616645
3.742773,6.868962,-18.615119
2.614525,6.627578,-18.609888
1.862256,6.524831,-18.609491
1.295178,6.526666,-18.612469
0.772316,6.554364,-18.616302
0.294178,6.551709,-18.618757
-0.186424,6.478820,-18.618536
-0.653653,6.314074,-18.615613
-1.072721,6.060945,-18.611923
-1.379004,5.761681,-18.609642
-1.617746,5.357864,-18.609756
-1.770834,4.954337,-18.611628
-1.893951,4.586860,-18.613710
-2.036420,4.231255,-18.615323
-2.254099,3.867240,-18.615643
-2.558233,3.501321,-18.614473
-3.031507,2.959171,-18.612918
-3.419983,2.302393,-18.615204
-3.702687,1.486933,-18.618928
-3.903952,0.508396,-18.618442
-4.147664,-0.809541,-18.616303
-4.039214,-2.266409,-18.618541
-3.475163,-3.639771,-18.613643
-2.676234,-5.213208,-18.612980
-1.465390,-6.545407,-18.614573
0.104711,-7.423454,-18.612181
1.900737,-8.009499,-18.616403
3.627793,-7.353668,-18.616774
5.320515,-6.790719,-18.612501
6.595318,-5.504904,-18.616979
8.645031,-5.180340,-18.612759
9.801437,-3.654952,-18.614351
10.456051,-1.935103,-18.613950
11.073680,-0.194259,-18.608970
10.793515,1.642176,-18.607819
10.209053,3.313268,-18.614600
9.292635,4.790134,-18.616569
8.007170,5.864697,-18.615938
6.763184,6.698368,-21.617506
5.774853,7.386304,-21.616056
4.777663,7.880531,-21.615763
3.749011,8.161429,-21.614616
2.870213,8.441651,-21.614348
2.057027,8.901575,-21.616197
1.212925,9.265635,-21.616717
0.325194,9.277216,-21.613927
-0.551933,8.942333,-21.612544
-1.284378,8.374418,-21.614799
-1.925628,7.845671,-21.614630
-2.585386,7.415605,-21.613132
-3.321647,7.066846,-21.614111
-4.031171,6.643344,-21.616085
-4.465359,5.922557,-21.614448
-4.659495,5.125417,-21.610908
-4.843214,4.300300,-21.608354
-5.026576,3.495756,-21.609394
-5.164335,2.667718,-21.614474
-5.148405,1.792607,-21.617159
-4.916144,0.896644,-21.613220
-4.670742,-0.045091,-21.613655
-4.549859,-1.201558,-21.620172
-4.198655,-2.466462,-21.619499
-3.380407,-3.444124,-21.619408
-2.439500,-4.401794,-21.616333
-1.232564,-5.175390,-21.611475
0.111691,-5.691845,-21.615286
1.601158,-5.767509,-21.615626
3.034405,-5.447558,-21.613866
4.237094,-4.618494,-21.614746
5.158605,-3.535315,-21.618261
7.090695,-3.561451,-21.612400
7.921633,-2.287176,-21.620045
8.468395,-0.873997,-21.610653
8.815968,0.527854,-21.613025
8.913197,1.990934,-21.621085
8.663885,3.369914,-21.618506
8.268960,4.624284,-21.614609
7.668866,5.765431,-21.615461
5.270195,5.924978,-24.616343
4.861483,6.751508,-24.613828
4.261006,7.359927,-24.611596
3.541179,7.879206,-24.616888
2.764152,8.309787,-24.618404
1.949873,8.571966,-24.617511
1.145600,8.821928,-24.616424
0.317015,9.506583,-24.613037
-0.746563,10.200630,-24.613062
-1.819035,10.092263,-24.618021
-2.445360,8.908154,-24.616173
-3.086419,8.157205,-24.618707
-4.257741,8.066475,-24.615753
-5.297184,7.571715,-24.612710
-5.301586,6.376357,-24.619365
-5.393340,5.344078,-24.620076
-5.480958,4.416402,-24.615634
-5.288806,3.519457,-24.611021
-4.885119,2.718137,-24.609867
-4.672744,1.907304,-24.612649
-4.764496,0.966864,-24.614975
-4.489812,0.101464,-24.612433
-3.875345,-0.557938,-24.611752
-3.260673,-1.261078,-24.616072
-2.566289,-1.867490,-24.613832
-1.732238,-2.367032,-24.617440
-0.819076,-2.697757,-24.615550
0.157866,-2.857452,-24.610626
1.160561,-2.924281,-24.615451
2.234929,-2.930577,-24.614019
2.839672,-1.848469,-24.617271
3.514280,-1.205219,-24.619254
5.006491,-1.447901,-24.613959
5.552212,-0.523622,-24.609968
5.857561,0.491479,-24.617601
6.068618,1.477330,-24.614104
5.990234,2.482057,-24.616899
5.813290,3.401004,-24.619946
5.655797,4.233847,-24.619002
5.476981,5.101194,-24.616827
-0.761355,4.369640,-27.614674
