15.918196,23.456967,36.195079
11.944154,25.104253,36.195080
7.755604,26.094250,36.195080
3.472096,26.493604,36.195080
-0.641757,26.380758,36.195080
-4.719986,25.830058,36.195081
-8.722585,24.874713,36.195080
-12.613332,23.534375,36.195078
-16.515416,21.721030,36.195077
-20.332315,19.357416,36.195077
-23.772763,16.469652,36.195078
-26.754061,12.858462,36.195081
-28.814612,8.657812,36.195082
-29.854794,3.902161,36.195080
-29.879528,-0.779634,36.195077
-29.110539,-5.394477,36.195076
-27.609601,-10.021714,36.195076
-25.680095,-14.076702,36.195076
-23.174919,-18.026818,36.195077
-20.201013,-21.637434,36.195078
-16.634662,-24.945860,36.195079
-12.603828,-27.674172,36.195080
-8.161812,-29.658176,36.195080
-3.432253,-30.813395,36.195080
1.421414,-31.158887,36.195080
6.269543,-30.744369,36.195080
11.182405,-29.563004,36.195080
15.862526,-27.659062,36.195079
20.195379,-25.060205,36.195077
24.042843,-21.784205,36.195076
27.227844,-17.856590,36.195076
29.534671,-13.362514,36.195078
30.857498,-8.482870,36.195083
31.252036,-3.445535,36.195084
30.839492,1.401748,36.195083
29.768629,5.955878,36.195081
28.077472,10.313740,36.195078
25.775844,14.394108,36.195075
22.996027,17.955034,36.195076
21.443849,23.080714,32.400536
17.396017,25.837107,32.392847
13.089345,27.797247,32.385788
8.493831,28.768447,32.387158
3.779333,28.537510,32.396051
-0.710114,28.115253,32.399338
-5.225232,28.159155,32.393360
-9.328312,26.881029,32.400240
-13.598205,25.343121,32.400998
-17.876601,23.424652,32.398985
-21.733653,20.697905,32.398813
-25.137433,17.441732,32.394587
-28.099094,13.518185,32.393807
-30.256446,8.915346,32.393329
-31.792285,4.210630,32.391672
-32.315159,-0.841145,32.392869
-30.729603,-5.726557,32.397546
-27.431942,-9.865836,32.396350
-24.397132,-13.481847,32.397659
-21.278485,-16.729265,32.400321
-18.094269,-19.637380,32.397528
-15.470290,-23.056181,32.389828
-12.632343,-27.404998,32.393221
-8.573268,-30.628857,32.402177
-3.599138,-31.967531,32.400080
1.404246,-32.776274,32.388855
6.844076,-33.668229,32.386855
11.341893,-29.963274,32.392573
14.511507,-25.331627,32.393043
18.884771,-23.443041,32.391460
22.735473,-20.761208,32.397480
26.820426,-17.571632,32.398602
29.878528,-13.409640,32.394178
31.064650,-8.555355,32.395160
31.550508,-3.490114,32.399648
31.283712,1.405855,32.393089
30.427085,6.045465,32.389482
29.013129,10.731750,32.391625
27.175101,15.095541,32.395823
24.681156,19.400596,32.400505
22.759155,24.424706,28.600728
18.722996,27.770186,28.597569
14.219728,30.133984,28.595943
9.114254,31.354176,28.591424
4.064701,30.970023,28.589787
-0.727856,30.259361,28.595120
-5.589675,30.326269,28.597009
-10.095586,28.619018,28.601995
-14.386553,26.729337,28.597833
-18.631009,24.445252,28.594978
-22.404177,21.360810,28.599693
-25.800693,17.896753,28.600957
-28.820406,13.829172,28.596665
-30.967113,9.279184,28.594240
-32.652486,4.234363,28.597866
-33.097666,-0.959311,28.599138
-31.161924,-5.896331,28.592546
-27.585199,-10.014076,28.592110
-24.440398,-13.478000,28.591009
-20.891016,-16.416485,28.594325
-17.290106,-18.692371,28.599383
-14.481687,-21.612513,28.595305
-12.056391,-26.410037,28.589767
-8.408927,-30.157711,28.590316
-3.662348,-31.576352,28.591704
1.427925,-32.673862,28.590331
7.087745,-34.077235,28.596391
11.069351,-29.358883,28.598358
13.742338,-24.090041,28.593762
18.296237,-22.715835,28.594104
22.214445,-20.238794,28.597112
26.410648,-17.272260,28.593620
29.659077,-13.334890,28.595949
30.970239,-8.553057,28.602801
31.560142,-3.547497,28.600327
31.410079,1.298273,28.601939
30.684873,6.111354,28.600558
29.298142,10.951482,28.597469
27.646348,15.337324,28.597709
25.621566,20.061916,28.599958
23.470684,25.159414,24.801828
19.755206,29.102481,24.800465
15.151727,32.001943,24.801292
9.757737,33.664442,24.800522
4.355702,33.562623,24.795503
-0.800887,32.659592,24.794684
-6.005262,32.172960,24.798729
-10.557336,30.120056,24.798173
-14.961772,27.635841,24.800656
-18.963816,24.985960,24.799360
-22.732622,21.650529,24.794696
-26.172618,17.990840,24.797234
-29.153601,13.936355,24.801162
-31.364740,9.233068,24.798593
-32.926381,4.392510,24.794033
-33.297742,-0.967795,24.795257
-31.342124,-5.859658,24.799240
-27.923423,-10.066519,24.791841
-24.734570,-13.721103,24.790317
-21.261387,-16.685789,24.796303
-17.303651,-18.751623,24.800040
-13.830680,-20.811648,24.796746
-11.163001,-24.327242,24.792908
-7.770573,-27.609655,24.795092
-3.300802,-29.008186,24.799058
1.355195,-30.085793,24.796044
6.478279,-31.412702,24.792872
10.606174,-27.809968,24.796276
13.616311,-23.540983,24.801352
17.997973,-22.451049,24.801471
22.022179,-19.840502,24.796322
25.983641,-16.951711,24.793548
29.176444,-13.247141,24.795077
30.697793,-8.362265,24.794941
31.357807,-3.599769,24.792967
31.285347,1.416406,24.800438
30.653508,6.211132,24.799305
29.364072,10.837286,24.791192
27.722453,15.398582,24.788523
25.948820,20.375537,24.795049
23.621845,25.317172,21.000416
20.130739,29.824143,20.991865
15.554555,33.213206,20.995107
10.225148,35.327137,20.998214
4.581427,35.767189,20.997100
-0.864771,34.819449,20.997537
-6.192050,33.451835,20.991603
-10.877524,30.993999,20.992601
-15.121935,28.128112,20.991914
-19.170553,25.024155,20.991620
-22.799952,21.716503,20.995346
-26.124331,18.099078,20.999120
-29.158848,13.979328,20.999506
-31.344868,9.391491,20.993906
-32.911758,4.260146,20.992097
-33.138294,-0.990594,20.991900
-31.190282,-5.965444,20.987214
-28.194026,-10.101469,20.992903
-25.152263,-13.972328,20.994855
-21.925823,-17.108822,20.992041
-18.007346,-19.391262,20.991867
-13.992978,-20.990037,20.996273
-10.313098,-22.359094,20.998725
-6.661511,-23.820190,20.996675
-2.788563,-25.221021,20.993290
1.242382,-26.092972,20.994777
5.592159,-26.387246,20.998319
9.755906,-25.447399,20.997049
13.641078,-23.956991,20.990541
18.057318,-22.336034,20.987547
21.668967,-19.661184,21.000002
25.429625,-16.713062,21.001408
28.649075,-12.868127,20.996433
30.223384,-8.355619,20.993067
30.996721,-3.513929,20.986930
30.992704,1.392272,20.999403
30.450165,6.089029,20.992951
29.173115,10.813334,20.986637
27.515091,15.454259,20.995955
25.874316,20.322294,21.002003
23.311302,24.975060,17.198213
19.962123,29.573882,17.194816
15.555214,33.170331,17.194625
10.372301,35.547724,17.196115
4.757076,36.426839,17.194712
-0.882911,35.636038,17.191800
-6.178627,33.560625,17.190918
-10.978100,30.890987,17.193180
-15.157184,27.978374,17.196381
-19.000642,24.930288,17.194695
-22.629841,21.643363,17.189684
-25.928138,18.013638,17.191294
-28.951663,13.899472,17.201947
-31.140193,9.319413,17.198120
-32.610248,4.179137,17.186903
-32.748531,-0.879408,17.188125
-30.959436,-5.892442,17.199241
-28.265995,-10.220180,17.197969
-25.592020,-14.105960,17.199575
-22.493529,-17.615271,17.196952
-18.852720,-20.318182,17.189445
-14.741346,-22.217626,17.193472
-10.255442,-22.626227,17.197026
-6.434704,-23.269837,17.194546
-2.707432,-24.608550,17.191438
1.195438,-25.142359,17.193244
5.015273,-24.159688,17.193533
9.245447,-24.150987,17.190453
14.036710,-24.653441,17.191010
18.019284,-22.353987,17.198252
21.451153,-19.404152,17.197903
24.993426,-16.309949,17.190259
27.904082,-12.645517,17.190263
29.687688,-8.048311,17.196660
30.498713,-3.415541,17.193658
30.551296,1.286094,17.190789
30.071165,5.979653,17.195904
28.836317,10.705469,17.198272
27.231290,15.144466,17.195570
25.548466,19.979973,17.196889
22.652213,24.265438,13.402872
19.218971,28.462895,13.392732
14.828629,31.651982,13.396307
9.828861,33.739980,13.398421
4.468654,34.711423,13.392811
-0.906110,34.176689,13.394817
-5.897169,32.041172,13.398933
-10.484679,29.951002,13.395606
-14.837055,27.447046,13.399282
-18.743173,24.572905,13.396154
-22.354813,21.361011,13.385011
-25.604842,17.770104,13.386256
-28.577550,13.700474,13.398602
-30.737082,9.170947,13.395229
-32.059912,4.272646,13.387169
-32.132712,-0.925373,13.389495
-30.596623,-5.741522,13.395724
-28.270079,-10.205935,13.395212
-25.877514,-14.197312,13.395524
-22.977314,-18.048297,13.398940
-19.724946,-21.119897,13.399630
-15.758790,-23.596306,13.394287
-11.219508,-24.413776,13.392330
-7.030311,-25.102046,13.391802
-2.915118,-26.302206,13.389207
1.166087,-26.548597,13.388475
5.196911,-25.044922,13.396952
9.539316,-24.877633,13.401407
14.402961,-25.126678,13.393237
18.019442,-22.303672,13.388004
21.216900,-19.169086,13.396474
24.330618,-16.024279,13.399370
27.113655,-12.296286,13.394550
28.953957,-8.022414,13.394719
29.882311,-3.270226,13.403008
29.969458,1.372871,13.405446
29.524184,6.009233,13.401487
28.383199,10.495445,13.397661
26.781576,14.876036,13.398705
24.994992,19.612807,13.403303
21.752144,23.306991,9.587901
18.229150,26.754229,9.596911
13.719905,29.152521,9.600740
9.032611,30.656844,9.595140
4.178246,31.603209,9.591913
-0.896405,31.312938,9.592265
-5.522199,29.600714,9.589882
-9.894868,28.357520,9.592403
-14.286824,26.620025,9.590558
-18.297376,24.087305,9.589470
-21.884028,21.005836,9.589586
-25.193494,17.358671,9.587195
-28.076817,13.364882,9.594118
-30.174613,8.921071,9.597675
-31.368933,4.118131,9.594998
-31.380691,-0.788870,9.594128
-30.021943,-5.729843,9.596003
-28.145394,-10.075556,9.589499
-25.949025,-14.270495,9.594921
-23.369483,-18.227327,9.599072
-20.259140,-21.811953,9.592069
-16.517041,-24.746334,9.593792
-12.069611,-26.258530,9.597982
-7.622753,-27.267823,9.593226
-3.182836,-28.271658,9.590062
1.377656,-28.266034,9.600751
5.636125,-26.664579,9.594739
9.950690,-26.078741,9.592477
14.481125,-25.409543,9.600387
17.883856,-22.251598,9.603069
20.962058,-18.877836,9.603069
23.739186,-15.562178,9.597472
26.309673,-11.793217,9.596486
28.206889,-7.672746,9.598919
29.138820,-3.219715,9.593514
29.268840,1.320212,9.597046
28.873631,5.856852,9.596192
27.807684,10.254762,9.598908
26.155252,14.715985,9.603120
24.293153,19.111265,9.594397
20.716724,22.215915,5.793151
17.011926,24.982588,5.799203
12.509772,26.655482,5.795739
8.195769,27.682852,5.790450
3.818600,28.470460,5.795404
-0.783624,28.367764,5.801185
-4.907191,27.317799,5.795039
-9.288616,26.650649,5.790498
-13.774558,25.532001,5.801107
-17.857200,23.373683,5.796495
-21.411263,20.413734,5.789139
-24.529453,17.004511,5.800551
-27.339628,13.104610,5.788755
-29.399492,8.764814,5.788750
-30.493497,4.073188,5.794910
-30.442041,-0.910528,5.796203
-29.352168,-5.597242,5.796802
-27.808975,-9.952959,5.795341
-25.790768,-14.311355,5.801154
-23.462264,-18.299902,5.802306
-20.572591,-22.144679,5.795505
-17.036598,-25.417569,5.797709
-12.598764,-27.659051,5.797825
-8.154195,-28.981651,5.798230
-3.417740,-29.812357,5.801478
1.396588,-29.664756,5.801525
5.942455,-28.191580,5.796823
10.270869,-26.998810,5.797177
14.472970,-25.327090,5.797892
17.738698,-21.986735,5.792216
20.596920,-18.577097,5.792649
23.030699,-15.120761,5.794303
25.382877,-11.339767,5.793557
27.337690,-7.373231,5.792319
28.280814,-3.220426,5.795554
28.457463,1.210283,5.803568
28.108561,5.640891,5.791368
27.072136,10.122234,5.787674
25.496729,14.302170,5.799250
23.554876,18.359426,5.797151
19.615214,21.065003,2.003350
15.717346,23.314603,1.995211
11.549523,24.473072,1.999527
7.493196,25.298994,1.995677
3.401693,25.962335,1.987451
-0.556310,25.939612,1.994781
-4.650041,25.309635,1.998670
-8.776732,25.027908,1.989230
-13.069737,24.400914,1.996872
-17.185131,22.620142,1.998532
-20.726418,19.814277,1.994402
-23.779455,16.508621,2.001373
-26.509987,12.704326,1.987412
-28.510996,8.464787,1.986611
-29.479183,3.884257,1.993045
-29.399258,-0.802421,1.997003
-28.550086,-5.408164,2.001322
-27.295257,-9.733403,2.000406
-25.505477,-14.055087,1.993224
-23.287642,-18.183682,1.994396
-20.534071,-22.189459,2.001799
-17.130031,-25.667534,1.992913
-13.055921,-28.334354,1.989261
-8.315689,-30.051405,1.989334
-3.486984,-30.712373,1.989948
1.373493,-30.465950,1.993932
6.059549,-29.220393,1.989570
10.414733,-27.414891,1.991952
14.321153,-24.887093,2.001365
17.437957,-21.619693,2.001527
20.129442,-18.226333,1.990980
22.318430,-14.517324,1.991155
24.355988,-10.901122,1.990708
26.294098,-7.252802,1.986304
27.335145,-3.050812,1.997540
27.528704,1.266406,2.005441
27.207108,5.584016,2.003049
26.290529,9.788724,1.997726
24.731081,13.856467,1.997692
22.609006,17.714246,2.002594
18.494785,19.899568,-1.805890
14.723201,21.722543,-1.805026
10.640929,22.687220,-1.801495
6.876713,23.446489,-1.805936
3.258043,24.016090,-1.813085
-0.585230,24.003727,-1.811110
-4.234467,23.663332,-1.804841
-8.242595,23.552178,-1.796773
-12.440611,23.199548,-1.805983
-16.509962,21.695495,-1.811466
-20.005247,19.044756,-1.804177
-22.969984,15.844834,-1.800376
-25.516105,12.299126,-1.799813
-27.462054,8.184618,-1.798234
-28.311611,3.736944,-1.807353
-28.207882,-0.814768,-1.808585
-27.606968,-5.135762,-1.795242
-26.538790,-9.549731,-1.808524
-24.919778,-13.785525,-1.812993
-22.851528,-17.835706,-1.805451
-20.272072,-21.776362,-1.801300
-16.969238,-25.378594,-1.799787
-13.082152,-28.389381,-1.801061
-8.427271,-30.321584,-1.808654
-3.549467,-30.890589,-1.812277
1.327594,-30.592022,-1.803875
6.126895,-29.528127,-1.808597
10.410836,-27.243319,-1.815185
13.873099,-24.267873,-1.811400
17.046643,-21.028566,-1.803542
19.608405,-17.701883,-1.802558
21.475561,-13.958715,-1.796035
23.292430,-10.381221,-1.797745
25.239633,-6.876161,-1.811056
26.262940,-2.985029,-1.814275
26.485827,1.200381,-1.811674
26.205051,5.386465,-1.798209
25.380756,9.482240,-1.797604
23.843680,13.411675,-1.810162
21.664519,16.879540,-1.810487
17.543256,18.675566,-5.606930
13.851986,20.299118,-5.597424
10.081249,21.144014,-5.602628
6.463126,21.900198,-5.604278
2.985437,22.435237,-5.598527
-0.547260,22.413866,-5.598877
-4.066104,22.218788,-5.599294
-7.755812,22.171465,-5.602536
-11.805798,21.979128,-5.605488
-15.766363,20.680004,-5.609834
-19.046061,18.294441,-5.608000
-21.918259,15.235268,-5.598807
-24.469754,11.691916,-5.599971
-26.258527,7.874921,-5.605771
-26.996351,3.590597,-5.613219
-26.889612,-0.792846,-5.610534
-26.473388,-4.966256,-5.601623
-25.576347,-9.241911,-5.611426
-24.091780,-13.344286,-5.612773
-22.137514,-17.259696,-5.610688
-19.574781,-21.195129,-5.613215
-16.441560,-24.696679,-5.605625
-12.710342,-27.890766,-5.597712
-8.302973,-29.867542,-5.596784
-3.428119,-30.373499,-5.604220
1.423261,-30.028230,-5.612125
6.103630,-29.113466,-5.603849
10.150785,-26.590902,-5.606783
13.361028,-23.308833,-5.613854
16.372920,-20.395767,-5.604194
18.949548,-17.067435,-5.595277
20.538360,-13.364728,-5.595703
22.127387,-9.862269,-5.600664
24.064228,-6.519142,-5.606718
25.098688,-2.790134,-5.613945
25.329438,1.235945,-5.613281
25.090792,5.093193,-5.612534
24.374108,9.056730,-5.610076
22.912612,12.828845,-5.606535
20.541051,16.175183,-5.608385
16.464644,17.574456,-9.394472
12.893329,19.001574,-9.406845
9.301449,19.795418,-9.405016
6.016430,20.523983,-9.397522
2.861712,20.990670,-9.401804
-0.505886,20.964744,-9.407051
-3.702199,20.870928,-9.401885
-7.218077,20.824778,-9.404974
-11.079946,20.734458,-9.399608
-14.888488,19.615722,-9.401527
-18.044013,17.384216,-9.408460
-20.784350,14.472049,-9.406597
-23.147986,11.245152,-9.406949
-24.928330,7.464314,-9.406557
-25.542567,3.373295,-9.399361
-25.443275,-0.645549,-9.398598
-25.162025,-4.790702,-9.406169
-24.414118,-8.723125,-9.399046
-23.049491,-12.651111,-9.397566
-21.127166,-16.530361,-9.398423
-18.762583,-20.139688,-9.395263
-15.698574,-23.616763,-9.398703
-12.246717,-26.790473,-9.399301
-7.960825,-28.831668,-9.396753
-3.305780,-29.281645,-9.399460
1.310372,-28.933256,-9.409533
5.822174,-28.155858,-9.413626
9.682910,-25.574652,-9.416847
12.680776,-22.151017,-9.410465
15.634162,-19.462550,-9.396060
18.123996,-16.313517,-9.404575
19.498706,-12.725384,-9.409918
20.861320,-9.335687,-9.408378
22.755572,-6.171368,-9.412304
23.806689,-2.638450,-9.414278
24.057983,1.036250,-9.402436
23.852119,4.870234,-9.396472
23.229043,8.664821,-9.406324
21.852535,12.252513,-9.412485
19.464764,15.334968,-9.401283
15.365940,16.455560,-13.200870
12.114089,17.693123,-13.202694
8.739537,18.470113,-13.205461
5.647490,19.186328,-13.210496
2.673972,19.606271,-13.206770
-0.349586,19.580950,-13.197812
-3.513613,19.540509,-13.202660
-6.676883,19.467824,-13.197977
-10.315232,19.429330,-13.199587
-13.928499,18.455278,-13.206221
-16.919960,16.379904,-13.207180
-19.504982,13.635553,-13.203514
-21.838685,10.485207,-13.203643
-23.427300,7.044139,-13.210268
-23.922617,3.179748,-13.207752
-23.833648,-0.608725,-13.205315
-23.683912,-4.369625,-13.212407
-22.976272,-8.227782,-13.213680
-21.699040,-11.936436,-13.209524
-19.881919,-15.586961,-13.208229
-17.617327,-18.965508,-13.207120
-14.843690,-22.139996,-13.196203
-11.555229,-25.323274,-13.192865
-7.557406,-27.310854,-13.204845
-3.164178,-27.729479,-13.215051
1.333736,-27.381046,-13.209364
5.617442,-26.695284,-13.209467
9.151049,-24.181617,-13.210832
11.950358,-20.725772,-13.208216
14.807349,-18.271180,-13.206633
17.117001,-15.459107,-13.207761
18.386321,-11.907325,-13.206478
19.558343,-8.678431,-13.209351
21.366637,-5.703965,-13.211913
22.403244,-2.388508,-13.198782
22.643793,1.073837,-13.209225
22.474800,4.535796,-13.214568
21.968471,8.131679,-13.210944
20.663052,11.656260,-13.211757
18.424115,14.359185,-13.206211
14.225932,15.297281,-17.007461
11.179416,16.404540,-17.014382
8.190265,17.138833,-17.014888
5.319159,17.841064,-17.014474
2.552154,18.215176,-17.009641
-0.401654,18.187379,-16.997848
-3.205094,18.187279,-16.994506
-6.147180,18.058506,-16.996542
-9.528826,18.038643,-17.010288
-12.906899,17.178782,-17.005559
-15.792382,15.157791,-16.998313
-18.086779,12.689586,-17.006943
-20.289293,9.782183,-17.008001
-21.756567,6.573788,-17.004686
-22.132450,2.970040,-17.010487
-22.060555,-0.554914,-17.007899
-21.997307,-4.054649,-16.995225
-21.313845,-7.639603,-17.001709
-20.114161,-11.090149,-17.008555
-18.480244,-14.354480,-17.008918
-16.256017,-17.588991,-17.009336
-13.663368,-20.532814,-17.011701
-10.756343,-23.453374,-17.001066
-7.085438,-25.384553,-16.997760
-2.856410,-25.792675,-17.007151
1.183571,-25.466161,-17.008199
5.199227,-24.882839,-17.009913
8.546241,-22.452219,-17.013323
11.052886,-19.155635,-17.014333
13.778108,-16.948994,-17.011053
15.994350,-14.382118,-17.004042
17.134507,-11.064901,-17.009402
18.112717,-8.025130,-17.013812
19.808748,-5.263092,-17.005255
20.828431,-2.196727,-17.006103
21.084523,1.022698,-17.001203
20.950579,4.242472,-16.998885
20.545628,7.603516,-17.003531
19.403955,10.897267,-17.006585
17.168534,13.449093,-17.005899
13.140214,14.017581,-20.807572
10.220058,15.066538,-20.804823
7.502205,15.795146,-20.801672
4.879904,16.467280,-20.807929
2.343528,16.769663,-20.803064
-0.230925,16.738330,-20.794588
-2.924448,16.746042,-20.814286
-5.613636,16.551316,-20.815832
-8.705181,16.548394,-20.802180
-11.802518,15.770326,-20.794979
-14.418338,13.891712,-20.805605
-16.511605,11.624282,-20.812815
-18.567440,8.994870,-20.801437
-19.882145,6.046182,-20.804757
-20.147531,2.738762,-20.805646
-20.101488,-0.486353,-20.799586
-20.073729,-3.686978,-20.799119
-19.388305,-6.956506,-20.807243
-18.282865,-10.115670,-20.800252
-16.771660,-13.089735,-20.797137
-14.758524,-15.912247,-20.807732
-12.377836,-18.598886,-20.812709
-9.744597,-21.298763,-20.808163
-6.403284,-23.097053,-20.808287
-2.533543,-23.479402,-20.809871
1.162374,-23.180092,-20.799485
4.729109,-22.702263,-20.799787
7.864287,-20.408641,-20.810858
10.091699,-17.342320,-20.812465
12.543711,-15.476870,-20.802397
14.729522,-13.092458,-20.800147
15.737140,-10.181458,-20.796823
16.577943,-7.247043,-20.799052
18.050726,-4.821801,-20.811317
19.066457,-2.043594,-20.802847
19.344667,0.897455,-20.796758
19.236344,3.972253,-20.797801
18.932232,7.061112,-20.800953
17.966768,10.092259,-20.805956
15.789876,12.461722,-20.808148
11.819645,12.696350,-24.598048
9.305559,13.584775,-24.611526
6.787188,14.336379,-24.606578
4.448596,14.970587,-24.598204
2.061003,15.200281,-24.600539
-0.241652,15.169735,-24.606715
-2.649345,15.176292,-24.612116
-5.048579,14.919156,-24.603660
-7.810546,14.910648,-24.600116
-10.579466,14.183646,-24.605172
-12.880354,12.458502,-24.609226
-14.753450,10.428114,-24.604926
-16.627975,8.105085,-24.598394
-17.761586,5.449056,-24.605711
-17.915259,2.482217,-24.609602
-17.899800,-0.402183,-24.604449
-17.878624,-3.260526,-24.598692
-17.177565,-6.168132,-24.600287
-16.211946,-8.882935,-24.605452
-14.854703,-11.535416,-24.603675
-13.018306,-14.037298,-24.597184
-10.877047,-16.430978,-24.599555
-8.613885,-18.772122,-24.605815
-5.642968,-20.419192,-24.609389
-2.299921,-20.786714,-24.610207
1.001626,-20.520757,-24.610281
4.322069,-20.104083,-24.599532
7.033570,-18.139136,-24.597112
8.963590,-15.346425,-24.605444
11.190785,-13.728414,-24.602643
13.166949,-11.767601,-24.596176
14.171063,-9.083828,-24.601713
14.790019,-6.532364,-24.611102
16.127394,-4.247659,-24.607957
17.088637,-1.780831,-24.611345
17.372995,0.845243,-24.608899
17.297820,3.595636,-24.603276
17.098431,6.367438,-24.607395
16.308100,9.213405,-24.613178
14.349055,11.298564,-24.603091
10.423403,11.160225,-28.411774
8.149428,11.969468,-28.414649
6.094403,12.662564,-28.405850
3.985275,13.262550,-28.401625
1.917714,13.424420,-28.403496
-0.170483,13.404245,-28.407894
-2.248121,13.394204,-28.412954
-4.409058,13.076427,-28.399993
-6.792585,13.062279,-28.402160
-9.179588,12.380994,-28.402613
-11.106274,10.823048,-28.409460
-12.731366,9.072340,-28.409543
-14.391201,7.100710,-28.397870
-15.331225,4.684273,-28.405963
-15.366383,2.212274,-28.411621
-15.384143,-0.280651,-28.409013
-15.308722,-2.837867,-28.402498
-14.606369,-5.228283,-28.397783
-13.771338,-7.574915,-28.397431
-12.572044,-9.845903,-28.401980
-10.986172,-11.888827,-28.407749
-9.190374,-13.872239,-28.408735
-7.244747,-15.900876,-28.401445
-4.680854,-17.335027,-28.396204
-1.894095,-17.659426,-28.401747
0.956422,-17.425320,-28.410985
3.733525,-17.094417,-28.405679
6.054523,-15.539759,-28.396782
7.670424,-13.085620,-28.400520
9.684778,-11.654663,-28.409511
11.395237,-10.104714,-28.410486
12.358427,-7.825598,-28.410596
12.837328,-5.598654,-28.410395
13.927460,-3.596449,-28.399157
14.814284,-1.484616,-28.404030
15.106387,0.776230,-28.410032
15.056687,3.153388,-28.409040
14.950984,5.653436,-28.409554
14.407557,8.145892,-28.410960
12.660298,9.992897,-28.410769
8.729736,9.372651,-32.207831
6.872131,10.042202,-32.198357
5.152605,10.695630,-32.200867
3.444638,11.198200,-32.203833
1.679766,11.291301,-32.201078
-0.097548,11.295011,-32.200767
-1.858522,11.238252,-32.197934
-3.599718,10.903503,-32.197997
-5.617025,10.872166,-32.210595
-7.529815,10.209466,-32.212116
-8.960539,8.914979,-32.207439
-10.373505,7.469425,-32.205581
-11.734223,5.881665,-32.207581
-12.393969,3.881022,-32.209742
-12.344644,1.788835,-32.210717
-12.408104,-0.160209,-32.207650
-12.222778,-2.213577,-32.201758
-11.540811,-4.043148,-32.200329
-10.877774,-5.953784,-32.207457
-9.929347,-7.715600,-32.210467
-8.604510,-9.352772,-32.205499
-7.194475,-10.899838,-32.200876
-5.658966,-12.471678,-32.205994
-3.649887,-13.624081,-32.207874
-1.398159,-13.946013,-32.202760
0.836027,-13.777926,-32.204604
3.013065,-13.523134,-32.208843
4.918116,-12.412146,-32.210346
6.199709,-10.398623,-32.206071
7.751813,-9.278449,-32.200969
9.291821,-8.074453,-32.204653
10.170944,-6.349445,-32.210751
10.535963,-4.527666,-32.208702
11.289445,-2.846121,-32.209091
12.067992,-1.149159,-32.202557
12.392285,0.668609,-32.203315
12.365018,2.603766,-32.211672
12.345965,4.628769,-32.206876
12.112177,6.790122,-32.206960
10.668619,8.415774,-32.209943
6.563674,7.016528,-36.004813
5.168385,7.495516,-36.002558
3.933062,8.030315,-36.005214
2.627803,8.413985,-36.006351
1.267507,8.410821,-36.004118
0.017644,8.457048,-36.007808
-1.263037,8.320708,-36.008360
-2.535597,8.084978,-36.004540
-4.017865,8.033918,-36.003100
-5.300139,7.425122,-35.999867
-6.262980,6.384577,-36.005022
-7.402419,5.443612,-36.005577
-8.296515,4.283620,-36.003257
-8.562031,2.770549,-36.004913
-8.483565,1.353138,-36.008857
-8.545080,-0.079261,-36.009346
-8.113780,-1.390814,-36.010393
-7.562207,-2.588838,-36.007040
-7.205674,-3.903078,-35.999552
-6.527288,-5.066706,-36.004638
-5.625701,-6.105831,-36.008937
-4.678325,-7.155061,-36.004308
-3.627845,-8.201458,-36.005448
-2.365093,-8.951968,-36.008350
-0.855025,-9.254501,-36.008786
0.656956,-9.176993,-36.009527
2.125916,-9.007401,-36.006542
3.491186,-8.437118,-36.001752
4.355333,-7.087895,-36.003103
5.326727,-6.171679,-36.008629
6.451853,-5.482847,-36.008909
7.248437,-4.437968,-36.001372
7.599926,-3.125302,-36.005406
7.918886,-1.924598,-36.009141
8.432546,-0.719052,-36.007296
8.811524,0.583445,-36.008133
8.841359,1.945384,-36.008678
8.852364,3.356283,-36.006228
8.943835,5.090791,-36.006915
8.028562,6.347305,-36.006947
0.944999,1.742846,-39.804920
10.542307,15.504499,36.195080
8.407288,16.660032,36.195080
6.072351,17.320615,36.195080
3.651165,17.503083,36.195080
1.340880,17.330628,36.195080
-0.936566,16.905781,36.195080
-3.170690,16.293592,36.195079
-5.361315,15.540338,36.195078
-7.508409,14.670694,36.195078
-9.893157,13.519653,36.195078
-12.259232,12.103548,36.195078
-14.599618,10.255569,36.195079
-16.609045,7.900143,36.195078
-17.867222,5.076777,36.195077
-18.276829,1.896715,36.195076
-17.929225,-1.178135,36.195076
-16.996275,-4.240337,36.195078
-15.657226,-7.025732,36.195078
-13.889383,-9.694122,36.195079
-11.853796,-12.019286,36.195081
-9.422494,-14.101624,36.195081
-6.671446,-15.745401,36.195080
-3.753818,-16.765418,36.195080
-0.571722,-17.150557,36.195080
2.510271,-16.897024,36.195080
5.495398,-16.092685,36.195081
8.208254,-14.856704,36.195080
10.698859,-13.219948,36.195079
12.834385,-11.302955,36.195078
14.590922,-9.174130,36.195077
15.993318,-6.797162,36.195077
16.946331,-4.325552,36.195077
17.466482,-1.840508,36.195076
17.624434,0.692829,36.195078
17.447144,3.224260,36.195079
16.982256,5.607143,36.195079
16.240125,7.917554,36.195078
15.222281,10.121524,36.195075
13.918720,12.182000,36.195077
13.180871,14.911310,32.789182
11.690420,17.324342,32.792484
8.973934,18.030638,32.795403
6.194962,18.050033,32.791236
3.820298,19.029733,32.787329
1.234408,19.436675,32.793318
-1.152282,18.204121,32.801452
-3.744755,17.914367,32.797193
-5.985361,16.843142,32.796542
-8.193944,15.427932,32.793619
-10.377278,14.011209,32.794738
-12.554457,12.374178,32.795171
-14.793063,10.424090,32.791016
-17.190557,8.111058,32.797756
-18.837781,5.127862,32.800777
-19.396749,1.899723,32.797711
-18.701776,-1.304016,32.796410
-16.645522,-4.077178,32.799203
-14.958926,-6.662176,32.796277
-13.452954,-9.358424,32.791901
-12.251547,-12.452713,32.791057
-11.293094,-16.763609,32.793597
-8.503922,-19.625697,32.790787
-4.764246,-20.430604,32.792198
-0.877102,-19.675171,32.795386
2.549339,-18.294858,32.791042
5.445513,-15.735644,32.795824
7.592779,-13.154559,32.794396
9.489251,-11.205116,32.787922
11.399133,-9.613660,32.792002
13.227948,-7.910227,32.796979
14.656918,-6.032531,32.798758
16.019067,-3.938177,32.798685
17.553057,-1.802775,32.796933
17.838361,0.735058,32.798343
17.470842,3.243949,32.793954
16.968122,5.671790,32.791318
16.063333,7.862794,32.796456
14.771178,9.849207,32.797450
13.950679,12.132265,32.793338
13.771539,15.403854,29.393788
12.554775,18.662733,29.390319
9.608675,19.284916,29.393329
6.518208,19.047754,29.397469
3.986798,20.395462,29.396830
1.184359,21.224525,29.393186
-1.396267,19.439220,29.391625
-4.115347,19.079871,29.395196
-6.460913,17.715553,29.395765
-8.610295,15.975579,29.394173
-10.668383,14.383041,29.396092
-12.841446,12.521585,29.395970
-15.029950,10.484053,29.391591
-17.501125,8.187392,29.396076
-19.274136,5.247015,29.392985
-20.015720,1.840732,29.393313
-19.254913,-1.464376,29.399091
-16.697733,-4.054899,29.394844
-14.954052,-6.619038,29.395232
-13.432349,-9.228738,29.395282
-12.147318,-12.422810,29.393661
-11.826358,-17.586120,29.398166
-9.074464,-20.686362,29.399722
-4.971667,-21.377641,29.395176
-0.979513,-20.162658,29.393125
2.550611,-18.254800,29.400446
5.289324,-14.832275,29.397857
7.046437,-11.718667,29.391108
8.734796,-9.742676,29.390599
10.652220,-8.612669,29.395702
12.673219,-7.345154,29.399711
14.290194,-5.643878,29.397789
15.735063,-3.757131,29.394890
17.455739,-1.757087,29.397623
17.788928,0.766915,29.391283
17.420912,3.161135,29.389491
16.907285,5.579731,29.393485
15.983515,7.759862,29.394220
14.639211,9.704382,29.393356
13.991492,12.199475,29.393758
13.996766,15.715914,25.991995
13.087482,19.358738,25.994961
10.055241,20.339995,25.998177
6.839059,20.265517,25.995361
4.199823,21.588765,25.995829
1.150782,22.515773,25.995944
-1.692302,20.470871,25.992586
-4.434517,19.733672,25.999390
-6.771242,18.149973,25.991864
-8.828454,16.339655,25.993538
-10.895189,14.587817,25.996222
-12.987931,12.666450,25.995940
-15.118185,10.599932,25.998811
-17.642570,8.212868,25.993150
-19.489842,5.211708,25.989563
-20.349003,1.834169,25.991680
-19.669461,-1.562648,25.995215
-17.008817,-4.199887,25.996548
-15.419628,-6.992181,25.996742
-13.472467,-9.399166,25.996312
-11.603641,-11.748111,25.994907
-10.956443,-16.358292,25.991651
-8.214429,-19.065404,25.990978
-4.560569,-19.550045,25.994747
-0.725790,-18.456310,25.996089
2.559104,-16.658715,25.989553
4.967413,-13.330391,25.998241
6.720381,-10.561387,25.997560
8.436095,-9.148550,25.990459
10.526692,-8.412720,25.994436
12.632325,-7.363992,25.997872
14.254589,-5.667966,25.997843
15.632392,-3.759484,25.997519
17.273905,-1.719912,25.991957
17.637342,0.790435,25.993977
17.293800,3.163633,26.001553
16.778457,5.566888,25.998185
15.856350,7.729755,25.989795
14.517283,9.656713,26.000715
13.942657,12.117830,26.001979
13.916045,15.582393,22.595998
13.111137,19.337977,22.595198
10.396430,21.035922,22.592633
7.178249,21.535269,22.592114
4.240588,22.558192,22.596242
1.159689,23.012393,22.599832
-1.824009,21.172489,22.599580
-4.485805,19.941156,22.598223
-6.879804,18.253224,22.595589
-8.942927,16.493517,22.597769
-11.064808,14.639542,22.598361
-13.112909,12.703523,22.596410
-15.201900,10.633047,22.598075
-17.634860,8.226987,22.602118
-19.472779,5.283616,22.598695
-20.465463,1.871481,22.593718
-19.957323,-1.614515,22.591859
-17.549605,-4.386767,22.591015
-16.203146,-7.387299,22.595675
-13.743319,-9.521362,22.597837
-10.817003,-10.863018,22.594247
-8.887148,-13.254948,22.592335
-6.308840,-14.889804,22.597149
-3.249864,-15.239050,22.595949
-0.219250,-14.714348,22.590763
2.427083,-13.674947,22.594928
4.606211,-11.480601,22.596132
6.504993,-10.057258,22.596519
8.733685,-9.630806,22.599225
10.992720,-8.936327,22.598412
12.947627,-7.632437,22.592927
14.431670,-5.812796,22.589128
15.644600,-3.792808,22.590680
17.020557,-1.721889,22.592016
17.416675,0.789741,22.588898
17.117987,3.156559,22.589092
16.608546,5.565447,22.593046
15.693344,7.731393,22.596395
14.378452,9.674102,22.599632
13.836396,12.051865,22.599318
13.605862,15.246718,19.197839
12.592174,18.568876,19.192509
10.352246,21.063908,19.193011
7.417500,22.360089,19.195217
4.303903,22.737690,19.195518
1.109952,22.422509,19.196505
-1.780458,21.247024,19.197341
-4.365614,19.735998,19.194265
-6.770423,18.151398,19.190817
-8.964349,16.470661,19.196117
-11.062236,14.667467,19.193241
-13.155871,12.694815,19.190148
-15.274203,10.572685,19.199868
-17.504480,8.229584,19.197637
-19.361304,5.225365,19.189336
-20.419366,1.821617,19.189592
-20.110073,-1.654480,19.196636
-18.140982,-4.657457,19.198570
-16.922168,-7.703612,19.197776
-14.701889,-10.347262,19.195207
-10.860648,-11.037655,19.193254
-6.811863,-10.136324,19.195225
-4.070074,-10.158570,19.196939
-1.882085,-10.466213,19.196998
0.185148,-10.544060,19.195343
2.258387,-10.295105,19.193070
4.387211,-10.548795,19.194629
6.881633,-11.194949,19.196759
9.409902,-11.047509,19.192818
11.610441,-9.798817,19.189317
13.343898,-8.067424,19.194802
14.693330,-5.944576,19.197802
15.729912,-3.749321,19.192704
16.795825,-1.569894,19.194053
17.136698,0.807695,19.197848
16.887871,3.229869,19.203156
16.424442,5.489164,19.199107
15.575332,7.627415,19.189439
14.309925,9.553964,19.196214
13.722736,11.939685,19.200797
13.112748,14.761184,15.799660
11.721178,17.408810,15.791549
9.975990,20.119748,15.796094
7.410684,22.012467,15.798009
4.232320,21.891579,15.790885
1.213031,21.000182,15.792450
-1.658578,20.513972,15.797528
-4.137023,19.191641,15.789570
-6.594869,17.832359,15.789815
-8.833110,16.356272,15.796469
-11.010396,14.582780,15.799287
-13.071187,12.686121,15.798552
-15.130623,10.612449,15.798284
-17.308386,8.164668,15.795810
-19.118744,5.184236,15.798795
-20.193405,1.911876,15.798071
-20.119502,-1.674047,15.791439
-18.687236,-4.887905,15.792141
-17.476741,-8.023909,15.797018
-15.838659,-11.118962,15.798282
-12.833835,-13.115033,15.794327
-8.482002,-12.615426,15.792084
-5.307475,-12.644426,15.794630
-2.653054,-13.110765,15.796842
-0.090770,-13.251632,15.796500
2.361770,-12.948734,15.793992
4.968102,-13.596729,15.791800
7.867946,-13.937837,15.794470
10.268981,-12.538405,15.799380
12.261265,-10.558685,15.799714
13.749927,-8.473038,15.798649
14.886832,-6.166389,15.793577
15.753312,-3.744477,15.788867
16.488187,-1.524585,15.794705
16.803994,0.788680,15.796935
16.627916,3.235188,15.793451
16.201159,5.422600,15.787320
15.382215,7.603179,15.787259
14.203064,9.486035,15.802039
13.564995,11.839383,15.807426
12.481215,14.155271,12.400155
10.873966,16.003842,12.398187
9.232988,18.490567,12.394045
6.898308,20.541614,12.396109
3.940412,20.144565,12.393591
1.204789,19.221085,12.390459
-1.413415,19.314258,12.394203
-3.868744,18.422776,12.391417
-6.384683,17.370167,12.391499
-8.651091,16.102965,12.389629
-10.831573,14.465058,12.389617
-12.954779,12.581248,12.393100
-15.034352,10.475566,12.394036
-16.994138,8.101320,12.390148
-18.753448,5.155747,12.388145
-19.851433,1.884744,12.393942
-19.980439,-1.657969,12.400790
-19.086365,-4.979418,12.398068
-17.861643,-8.290293,12.394234
-16.509111,-11.665727,12.395205
-14.270970,-14.611255,12.395790
-10.761970,-16.096163,12.390581
-7.559234,-17.417537,12.394983
-4.168248,-18.398019,12.399859
-0.724855,-18.359884,12.397845
2.618784,-17.601284,12.394909
5.670660,-17.011724,12.395567
8.567525,-15.791557,12.394807
10.921481,-13.573355,12.391268
12.700122,-11.207830,12.391723
14.078143,-8.728012,12.398428
15.067550,-6.189692,12.402915
15.705413,-3.787459,12.397559
16.151855,-1.464194,12.387647
16.429364,0.892319,12.392918
16.343738,3.129481,12.393352
15.916048,5.471281,12.387094
15.164299,7.578746,12.387580
14.079042,9.414855,12.385690
13.318927,11.695209,12.391608
11.832969,13.431443,8.994023
10.025159,14.731216,8.990142
8.329288,16.661876,8.994193
6.267136,18.365091,8.998029
3.764569,18.101839,8.994254
1.322517,17.503956,8.990019
-1.148328,17.964514,8.989782
-3.603962,17.560160,8.997949
-5.993156,16.875896,8.992907
-8.451621,15.730265,8.988765
-10.600135,14.260848,8.994673
-12.674513,12.503479,8.998718
-14.749057,10.401447,8.994668
-16.620208,7.965142,8.996710
-18.290869,5.098512,8.998327
-19.389228,1.859064,8.997648
-19.682549,-1.567785,8.995777
-19.234208,-4.971746,8.993311
-18.065278,-8.426774,8.995576
-16.728413,-11.881339,8.994093
-14.874489,-15.264482,8.989525
-11.877466,-17.777689,8.993569
-8.581849,-19.714242,8.998302
-4.868977,-20.803173,8.998490
-1.064711,-20.728263,8.994523
2.607448,-19.830062,8.992664
5.930006,-18.546063,8.999923
8.892869,-16.628136,8.996596
11.173039,-14.210721,8.988076
12.955821,-11.561532,8.997560
14.225295,-8.897120,9.002260
15.089889,-6.314229,8.995458
15.602676,-3.767161,8.990786
15.792393,-1.294311,8.998551
16.013543,0.945726,8.989394
15.995935,3.178278,8.991403
15.621563,5.406647,9.003974
14.983365,7.425006,9.000651
13.905465,9.397456,8.995869
13.020394,11.407858,8.994792
11.174693,12.748036,5.600414
9.184905,13.665341,5.598977
7.520480,14.875960,5.592871
5.682448,16.074743,5.587448
3.464581,16.108937,5.592533
1.313147,16.049103,5.598751
-0.940847,16.675409,5.589839
-3.260433,16.703829,5.590336
-5.769942,16.253077,5.591160
-8.037791,15.373820,5.590779
-10.309149,13.982147,5.594529
-12.383357,12.303838,5.593342
-14.406058,10.235537,5.588051
-16.157136,7.786793,5.599179
-17.707243,5.054873,5.594157
-18.793430,1.897266,5.586315
-19.215362,-1.456738,5.592595
-19.090300,-4.937171,5.599856
-18.027588,-8.341851,5.598536
-16.601049,-11.794704,5.591311
-14.846016,-15.297442,5.589059
-12.180974,-18.210238,5.596261
-8.854568,-20.373462,5.595266
-5.079582,-21.436816,5.592413
-1.119863,-21.349341,5.590968
2.705305,-20.402489,5.586474
6.067132,-18.830293,5.589522
8.964000,-16.707415,5.593753
11.258916,-14.247440,5.594855
12.987089,-11.635916,5.595583
14.209044,-8.889492,5.594530
15.021489,-6.219163,5.595783
15.417150,-3.705272,5.594984
15.379189,-1.157348,5.587469
15.563484,1.036427,5.599600
15.616988,3.110564,5.597409
15.292126,5.299036,5.590227
14.698255,7.408245,5.601648
13.756995,9.270729,5.586982
12.657519,11.131622,5.588405
10.637592,12.053394,2.203038
8.616718,12.727480,2.197738
6.821671,13.367624,2.190516
5.152925,14.044646,2.189653
3.287719,14.458850,2.187524
1.421277,14.842099,2.192123
-0.620540,15.485997,2.202703
-2.947925,15.872561,2.191342
-5.410749,15.632922,2.192182
-7.764704,14.861165,2.192518
-9.922837,13.660669,2.198603
-12.060565,12.002471,2.199827
-13.995954,9.971452,2.187952
-15.556291,7.634555,2.187550
-17.033873,4.965951,2.199829
-18.086788,1.908167,2.200953
-18.581042,-1.340680,2.191090
-18.661028,-4.832011,2.194558
-17.675679,-8.144288,2.201139
-16.179157,-11.446888,2.196521
-14.446729,-14.844777,2.190288
-12.012003,-17.946863,2.200947
-8.744962,-20.164093,2.200412
-4.943436,-21.178265,2.197357
-1.103453,-21.090373,2.196059
2.619661,-20.200135,2.188435
6.023645,-18.471675,2.189032
8.793834,-16.341589,2.188960
11.054708,-13.992139,2.186163
12.832835,-11.388236,2.189145
14.008804,-8.721593,2.192421
14.807584,-6.009536,2.197083
15.131737,-3.562566,2.198493
14.926867,-1.095356,2.191165
15.057512,1.029322,2.195852
15.178532,3.156905,2.198153
14.923956,5.171216,2.196238
14.427702,7.245369,2.199825
13.545752,9.191459,2.190972
12.277179,10.827451,2.194886
10.058376,11.471180,-1.204391
8.153573,11.989001,-1.207887
6.211628,12.149148,-1.215198
4.625802,12.466840,-1.208643
3.148327,13.163523,-1.199654
1.467560,13.890348,-1.204913
-0.513180,14.484374,-1.214453
-2.696691,15.094388,-1.212802
-4.975432,15.001322,-1.204211
-7.283641,14.371731,-1.206539
-9.504567,13.254051,-1.203340
-11.593461,11.687865,-1.197856
-13.367313,9.791593,-1.203633
-14.877156,7.412341,-1.211270
-16.265888,4.821082,-1.205117
-17.237426,1.973070,-1.196913
-17.769613,-1.151657,-1.199692
-17.959243,-4.514114,-1.209836
-17.007126,-7.817249,-1.209015
-15.472534,-10.957999,-1.199500
-13.797509,-14.115975,-1.196702
-11.605836,-17.224806,-1.207838
-8.402697,-19.449162,-1.208945
-4.712419,-20.387424,-1.206327
-0.904873,-20.298664,-1.209382
2.587941,-19.489927,-1.210861
5.833168,-17.769116,-1.199110
8.485748,-15.681640,-1.199121
10.775003,-13.375708,-1.213205
12.472439,-10.983850,-1.214430
13.669584,-8.325371,-1.200460
14.415491,-5.812972,-1.199079
14.730388,-3.344920,-1.212056
14.427924,-0.974626,-1.208518
14.511043,1.068123,-1.197887
14.691732,3.121074,-1.200359
14.485315,5.171534,-1.205127
14.097197,7.085024,-1.195197
13.349128,9.007651,-1.203742
11.849564,10.552779,-1.206725
9.543769,10.955088,-4.602742
7.673058,11.405451,-4.599734
5.834942,11.219381,-4.599911
4.312378,11.320673,-4.598501
3.016058,12.224675,-4.595960
1.446911,13.129944,-4.599927
-0.276099,13.595752,-4.609178
-2.405955,14.365721,-4.608073
-4.590617,14.345002,-4.598938
-6.914605,13.781959,-4.596832
-9.062207,12.763612,-4.605515
-10.986261,11.341723,-4.610013
-12.715604,9.419354,-4.608572
-14.059424,7.203646,-4.612193
-15.354517,4.711390,-4.605785
-16.260770,1.979835,-4.597682
-16.784119,-1.005928,-4.596963
-16.970243,-4.215538,-4.602564
-16.078498,-7.276795,-4.610301
-14.604441,-10.157575,-4.608969
-12.921565,-13.255452,-4.601136
-10.925703,-16.295660,-4.602267
-7.957258,-18.353925,-4.608632
-4.407765,-19.220864,-4.613768
-0.771400,-19.154406,-4.615151
2.579885,-18.422632,-4.612700
5.651308,-16.735703,-4.603917
8.172224,-14.712981,-4.598924
10.326414,-12.624010,-4.600663
11.998936,-10.372535,-4.603364
13.173425,-7.846877,-4.607232
13.903978,-5.447956,-4.611808
14.220307,-3.089579,-4.613456
13.861842,-0.727676,-4.608105
13.926319,1.220298,-4.609640
14.140186,3.080114,-4.613103
14.012222,5.041956,-4.605639
13.689752,6.988781,-4.595798
13.064812,8.865792,-4.611466
11.491362,10.240347,-4.613018
9.071419,10.491431,-7.992996
7.364260,10.881628,-8.010978
5.483179,10.494921,-8.009760
4.061685,10.510204,-8.005737
2.932276,11.512516,-8.001100
1.450956,12.461436,-7.998388
-0.192934,12.881775,-8.008210
-2.170795,13.682993,-8.005804
-4.242520,13.672184,-8.001843
-6.351263,13.203371,-8.001068
-8.494571,12.250633,-8.000133
-10.377402,10.835362,-7.997850
-11.894505,9.042433,-7.998495
-13.137649,6.932345,-8.005088
-14.280530,4.648674,-8.011396
-15.110800,2.055029,-8.009626
-15.590657,-0.766939,-8.004097
-15.723345,-3.702425,-8.003274
-14.885334,-6.602733,-8.001032
-13.483944,-9.313839,-7.997131
-11.938692,-12.159148,-7.999513
-10.127184,-15.081642,-8.010838
-7.318747,-17.003113,-8.008445
-4.040998,-17.764000,-8.007590
-0.607318,-17.722816,-8.011400
2.572945,-17.079979,-8.006123
5.369604,-15.512282,-8.008834
7.742299,-13.580726,-8.015996
9.816300,-11.648900,-8.012651
11.442740,-9.555499,-7.997189
12.547347,-7.275708,-8.002051
13.264692,-5.016687,-8.008454
13.604152,-2.791167,-8.000167
13.248267,-0.562418,-8.003855
13.268236,1.274715,-8.002099
13.526970,3.128154,-7.995680
13.466036,4.981795,-7.999055
13.226710,6.832235,-8.007910
12.703731,8.734112,-8.001815
11.108287,9.948006,-7.990823
8.705756,10.022646,-11.407655
7.083283,10.388854,-11.414888
5.196177,9.907262,-11.403887
3.885247,9.887829,-11.407103
2.838468,10.978480,-11.416211
1.487200,11.833690,-11.401396
-0.051820,12.205777,-11.398271
-1.965577,13.005450,-11.415405
-3.903204,12.969212,-11.410424
-5.864606,12.538667,-11.398675
-7.870646,11.661613,-11.399514
-9.588346,10.305301,-11.401187
-10.945189,8.583182,-11.403413
-12.086433,6.608417,-11.410732
-13.109163,4.463370,-11.402957
-13.801917,2.113094,-11.404191
-14.187150,-0.429805,-11.412008
-14.232795,-3.164569,-11.408099
-13.435318,-5.869887,-11.401765
-12.192481,-8.315267,-11.396832
-10.824307,-10.906783,-11.396658
-9.193859,-13.666245,-11.403440
-6.559781,-15.410471,-11.405579
-3.484413,-16.059904,-11.409820
-0.471694,-16.039610,-11.413639
2.508902,-15.509689,-11.407646
5.103378,-14.048239,-11.407163
7.307941,-12.234033,-11.405071
9.208331,-10.536516,-11.399888
10.713059,-8.695009,-11.403067
11.797803,-6.597757,-11.400950
12.501531,-4.507669,-11.399101
12.869465,-2.438609,-11.403887
12.562534,-0.361410,-11.397628
12.540187,1.349181,-11.399327
12.821247,3.072185,-11.408139
12.846605,4.799749,-11.410767
12.690112,6.618223,-11.412572
12.333580,8.443439,-11.415057
10.762240,9.614628,-11.410186
8.216251,9.565220,-14.807216
6.718032,9.908752,-14.812081
5.016291,9.434986,-14.811924
3.745616,9.373550,-14.812434
2.775695,10.491214,-14.812278
1.536181,11.213573,-14.798292
0.123588,11.529046,-14.799253
-1.705075,12.289839,-14.810159
-3.482363,12.229201,-14.795353
-5.351736,11.800505,-14.801259
-7.114900,11.023159,-14.806126
-8.634222,9.730492,-14.807965
-9.822973,8.105330,-14.810649
-10.864832,6.298874,-14.810110
-11.748056,4.313282,-14.802655
-12.319990,2.138770,-14.801190
-12.597821,-0.194371,-14.805971
-12.514360,-2.611389,-14.807964
-11.825119,-4.933447,-14.804416
-10.733714,-7.184230,-14.809059
-9.526765,-9.590733,-14.812723
-8.113111,-12.064738,-14.803112
-5.750586,-13.562550,-14.810575
-2.915238,-14.114932,-14.808318
-0.161170,-14.117051,-14.798522
2.415842,-13.714023,-14.810197
4.790681,-12.394090,-14.807287
6.738554,-10.774438,-14.796915
8.451975,-9.317079,-14.798253
9.930022,-7.608940,-14.804948
10.931311,-5.786259,-14.802806
11.611424,-3.889167,-14.799670
12.000877,-2.084863,-14.807165
11.792604,-0.180482,-14.808638
11.729300,1.469477,-14.807952
12.016605,3.041743,-14.806057
12.125939,4.703303,-14.798240
12.056270,6.366785,-14.799569
11.815119,8.234397,-14.804760
10.250965,9.282720,-14.806057
7.763095,9.052681,-18.213837
6.332995,9.391010,-18.212800
4.754096,8.947173,-18.215133
3.616339,8.909918,-18.211965
2.722426,9.997708,-18.205588
1.586911,10.559340,-18.198895
0.256742,10.853681,-18.203896
-1.391568,11.500127,-18.211563
-2.981126,11.411565,-18.201495
-4.719335,10.991462,-18.204390
-6.289632,10.271021,-18.208291
-7.560596,9.030920,-18.202586
-8.569481,7.532049,-18.198317
-9.494336,5.917136,-18.202210
-10.204919,4.108933,-18.205859
-10.620655,2.212697,-18.209201
-10.768828,0.198353,-18.204894
-10.588562,-1.884177,-18.199992
-10.008149,-3.895863,-18.210546
-9.111778,-5.935983,-18.206097
-8.135035,-8.064584,-18.193805
-6.879498,-10.278441,-18.197190
-4.791516,-11.510224,-18.196036
-2.314234,-11.934710,-18.194888
0.071079,-11.947051,-18.202212
2.390507,-11.655387,-18.211948
4.447997,-10.531317,-18.203403
6.121042,-9.109628,-18.199317
7.679422,-7.836689,-18.212740
8.952924,-6.468720,-18.211924
9.916332,-4.874967,-18.201771
10.567395,-3.199797,-18.196158
10.981271,-1.597543,-18.198394
10.893462,0.107717,-18.203483
10.810922,1.588197,-18.204919
11.076236,2.989330,-18.201276
11.268314,4.470836,-18.198283
11.285080,6.099342,-18.209589
11.205567,7.884248,-18.205122
9.790664,8.866507,-18.206173
7.280629,8.462305,-21.595014
5.957100,8.773328,-21.608964
4.529658,8.459159,-21.601059
3.479345,8.433849,-21.600995
2.668127,9.431617,-21.600600
1.575589,9.814369,-21.598526
0.383614,10.120417,-21.600437
-1.068284,10.596878,-21.605759
-2.499870,10.458160,-21.608085
-3.934397,10.082491,-21.598834
-5.378148,9.349472,-21.597942
-6.323519,8.142196,-21.603621
-7.155992,6.819254,-21.605287
-7.906032,5.477509,-21.603715
-8.402678,3.938471,-21.605517
-8.671220,2.279180,-21.611072
-8.655728,0.607592,-21.610317
-8.401514,-1.055331,-21.604180
-7.958127,-2.808010,-21.600380
-7.331667,-4.482954,-21.598871
-6.554227,-6.364503,-21.604240
-5.500362,-8.215418,-21.613460
-3.652559,-9.191610,-21.605952
-1.625717,-9.474524,-21.600337
0.366978,-9.500378,-21.604912
2.260084,-9.348998,-21.608109
3.999849,-8.478772,-21.606296
5.431731,-7.227028,-21.601122
6.757859,-6.200853,-21.598456
7.899494,-5.065859,-21.604994
8.745926,-3.768213,-21.613326
9.329356,-2.404780,-21.612423
9.753755,-1.038000,-21.601385
9.828358,0.367590,-21.598645
9.747282,1.718698,-21.603321
9.951650,2.927281,-21.599512
10.225080,4.325172,-21.601962
10.334310,5.782860,-21.606418
10.417819,7.423659,-21.601411
9.145895,8.382695,-21.591580
6.589128,7.736935,-24.990748
5.439188,7.997879,-25.006176
4.266561,7.853154,-25.004526
3.302947,7.852910,-25.010046
2.596904,8.694262,-25.006528
1.594470,8.890550,-25.000839
0.544770,9.226631,-25.002204
-0.623592,9.487268,-25.007830
-1.828220,9.321251,-25.008703
-3.105334,8.945133,-25.001050
-4.147775,8.266035,-24.999723
-4.769426,7.103636,-25.007373
-5.465799,6.042961,-25.007283
-6.005310,4.921836,-25.006006
-6.265777,3.671773,-25.005285
-6.354842,2.360886,-25.001812
-6.155231,1.123165,-25.002704
-5.876210,-0.168774,-25.006717
-5.641683,-1.512629,-25.010032
-5.263153,-2.916063,-25.010359
-4.760192,-4.404582,-25.006842
-3.887323,-5.891916,-25.002372
-2.419822,-6.524658,-25.003685
-0.803333,-6.675457,-25.002748
0.711290,-6.705386,-25.000661
2.161820,-6.663833,-25.006103
3.556535,-6.060723,-25.011206
4.660550,-5.046413,-25.008737
5.710916,-4.247735,-25.003180
6.614504,-3.455249,-25.003063
7.337677,-2.480227,-25.005445
7.871850,-1.396505,-25.000843
8.254145,-0.300096,-25.004191
8.448968,0.783254,-25.009794
8.460086,1.834871,-25.004789
8.568781,2.878309,-25.005948
8.865210,4.058059,-25.006855
9.089658,5.323776,-25.007209
9.325701,6.835812,-25.011191
8.327978,7.760112,-24.997970
5.638432,6.716918,-28.407910
4.661208,6.880718,-28.403297
3.810761,6.893200,-28.404505
3.079307,6.941793,-28.412151
2.430150,7.579568,-28.400467
1.678867,7.601522,-28.410818
0.832558,7.921032,-28.409127
-0.108919,7.969069,-28.403518
-0.987493,7.790478,-28.400904
-1.911395,7.454396,-28.403050
-2.403473,6.634206,-28.408078
-2.808058,5.777678,-28.407534
-3.314541,5.044179,-28.405485
-3.450481,4.182097,-28.408055
-3.469547,3.300359,-28.405399
-3.248903,2.477671,-28.402282
-2.948176,1.745193,-28.403239
-2.892578,0.923807,-28.406215
-2.935407,0.014461,-28.407477
-2.846271,-0.989485,-28.404556
-2.581992,-2.065288,-28.401491
-1.977088,-2.994365,-28.401041
-0.955444,-3.309416,-28.402775
0.140698,-3.327423,-28.402961
1.109356,-3.334657,-28.401568
2.040993,-3.371122,-28.401863
2.992610,-3.140400,-28.401430
3.709484,-2.471962,-28.399115
4.359264,-1.870651,-28.401895
5.018226,-1.374994,-28.406525
5.551057,-0.794954,-28.404177
5.964437,-0.114352,-28.401388
6.272389,0.613664,-28.403333
6.482867,1.335686,-28.404562
6.651712,2.070038,-28.403501
6.772505,2.851203,-28.402681
6.879865,3.633300,-28.404364
7.257024,4.649089,-28.403950
7.606941,5.871182,-28.403759
7.242144,6.885753,-28.407201
2.552552,4.281297,-31.804920
