12.683239,38.754905,40.481289
6.440097,39.616081,40.481289
0.154697,39.073772,40.481289
-5.682256,37.398058,40.481289
-11.174306,34.812615,40.481289
-15.879872,31.770998,40.481289
-20.031895,28.366609,40.481289
-23.811032,24.552959,40.481289
-27.052949,20.570074,40.481289
-30.019911,16.095784,40.481289
-32.413455,11.551946,40.481289
-34.394970,6.561623,40.481289
-35.775006,1.372021,40.481289
-36.471093,-4.188485,40.481289
-36.218492,-10.023048,40.481289
-34.725268,-15.672091,40.481289
-31.768483,-20.715500,40.481289
-27.521468,-24.716743,40.481289
-22.674876,-27.553349,40.481289
-17.467223,-29.616334,40.481289
-12.279654,-31.000614,40.481289
-6.982797,-31.877070,40.481289
-1.860818,-32.256184,40.481289
3.273607,-32.141113,40.481289
8.364228,-31.458630,40.481289
13.334175,-30.159131,40.481289
18.521066,-28.040700,40.481289
23.194993,-25.395532,40.481289
27.895995,-21.935788,40.481289
32.298638,-17.757068,40.481289
36.068252,-12.997352,40.481289
39.159729,-7.226637,40.481289
40.829175,-0.909271,40.481289
40.846705,5.872626,40.481289
39.426707,12.256964,40.481289
36.883447,18.282482,40.481289
33.428388,23.827029,40.481289
29.175758,28.816004,40.481289
24.201482,33.126286,40.481289
18.298775,35.933012,36.231759
12.529548,38.059832,36.232777
6.233054,39.052740,36.239123
0.093915,38.867360,36.240699
-5.955528,37.763758,36.234059
-11.522122,35.802778,36.231909
-16.375983,32.878629,36.239329
-20.881254,29.428376,36.238025
-24.837971,25.706530,36.226501
-28.236723,21.474935,36.225205
-31.010653,16.797453,36.239017
-33.182330,11.813328,36.237751
-34.346449,6.522348,36.224423
-35.189738,1.374089,36.225491
-35.543526,-4.020450,36.228566
-34.790261,-9.658267,36.225738
-33.300582,-14.884722,36.238650
-30.531245,-19.827047,36.229729
-26.670690,-23.991243,36.221352
-22.276474,-27.187189,36.220970
-17.459931,-29.702544,36.222442
-12.401403,-31.679807,36.234505
-7.384631,-33.055428,36.241046
-2.016525,-33.796985,36.234865
3.424524,-34.095078,36.225401
9.081840,-33.943110,36.222181
14.545270,-32.454167,36.220181
19.789361,-30.248717,36.232864
25.113337,-27.213919,36.237053
29.918473,-23.379777,36.225614
34.110485,-18.891016,36.229382
37.829706,-13.418412,36.238346
40.455058,-7.343914,36.229888
41.724483,-0.848252,36.220786
41.525545,5.768231,36.227297
39.864457,12.417394,36.234749
37.098892,18.429488,36.234462
33.388034,23.899770,36.233387
29.044233,28.589575,36.233410
23.856519,32.751542,36.232519
17.960862,35.258454,31.978410
12.141032,37.356033,31.979371
6.054041,38.403189,31.977131
0.111739,38.504153,31.974947
-5.802657,37.850040,31.980678
-11.522794,36.245405,31.989905
-16.712066,33.357135,31.986760
-21.318508,29.979713,31.980405
-25.359781,26.294717,31.976720
-28.898706,21.832769,31.977853
-31.539505,17.033224,31.983775
-33.490867,11.919813,31.989651
-34.231279,6.522952,31.990525
-34.742803,1.293551,31.981687
-34.787636,-3.903036,31.980246
-33.739866,-9.290412,31.985913
-32.196636,-14.287147,31.975992
-29.614449,-19.098408,31.986981
-26.147329,-23.340158,31.983903
-22.022052,-26.922406,31.979536
-17.412211,-29.866092,31.989069
-12.727374,-32.187053,31.977265
-7.565036,-34.012901,31.984659
-1.971586,-35.034630,31.980794
3.496849,-35.524165,31.973635
9.428829,-35.595093,31.989688
15.156655,-34.061085,31.978002
20.871409,-31.628500,31.977404
26.194499,-28.525384,31.986087
31.118388,-24.393584,31.983149
35.318846,-19.539980,31.976273
38.785488,-13.853831,31.975204
41.110614,-7.615031,31.982486
42.149877,-0.793912,31.987638
41.767416,5.854145,31.986329
40.042173,12.287159,31.986158
37.023135,18.488413,31.982576
33.266930,23.689999,31.984036
28.573710,28.427181,31.985960
23.612900,32.163953,31.982060
17.577762,34.513622,27.731914
11.978872,36.516253,27.726298
5.912714,37.667315,27.728815
-0.022156,37.971813,27.735866
-5.716263,37.562240,27.733391
-11.483752,36.134900,27.725130
-16.765778,33.419997,27.738627
-21.424556,30.121208,27.732248
-25.493967,26.464276,27.729515
-29.033609,22.006912,27.736530
-31.600984,17.168214,27.730529
-33.436694,12.012528,27.724155
-34.072220,6.603798,27.732662
-34.368414,1.358882,27.738907
-34.162665,-3.836360,27.740627
-32.990839,-8.948774,27.738159
-31.348323,-13.911883,27.724523
-28.805358,-18.743216,27.728050
-25.675653,-22.943037,27.737406
-21.981000,-26.636076,27.739652
-17.600244,-29.909581,27.736336
-12.865196,-32.638460,27.735019
-7.565211,-34.770572,27.737650
-2.001751,-35.939602,27.733733
3.699056,-36.505159,27.725386
9.865125,-36.522091,27.721829
15.589251,-34.965874,27.722130
21.507525,-32.410516,27.735122
26.792161,-29.242731,27.740270
31.819831,-24.868412,27.732246
35.889253,-19.905135,27.730239
39.159572,-14.105756,27.725192
41.327104,-7.561487,27.733661
42.140467,-0.950690,27.734895
41.618105,5.923733,27.724113
39.790607,12.326880,27.730158
36.772355,18.261571,27.723739
32.752204,23.562045,27.726693
28.109135,28.007249,27.736451
23.066745,31.625335,27.737049
17.145710,33.691481,23.475215
11.580442,35.663812,23.476719
5.801830,36.839650,23.477871
0.150602,37.277798,23.481352
-5.742737,36.962363,23.486682
-11.259799,35.665367,23.487570
-16.598920,33.152758,23.489136
-21.274380,29.952920,23.491145
-25.496607,26.164043,23.484473
-28.864516,21.919711,23.482553
-31.482679,16.884128,23.486887
-33.153204,11.963168,23.473718
-33.874799,6.595680,23.477677
-34.051548,1.387929,23.487999
-33.640992,-3.771352,23.485022
-32.415735,-8.827048,23.474123
-30.694946,-13.725440,23.474397
-28.318878,-18.338637,23.479889
-25.369809,-22.620252,23.482343
-21.723875,-26.637139,23.478585
-17.536022,-30.096187,23.476107
-12.937715,-32.982352,23.483011
-7.727717,-35.227071,23.482556
-1.987742,-36.532814,23.480599
3.910954,-37.063846,23.486501
9.802614,-36.906213,23.490880
15.946351,-35.240620,23.478124
21.587842,-32.772334,23.477539
27.005269,-29.439380,23.476707
31.946276,-25.037839,23.472758
36.038623,-19.845324,23.483753
39.118823,-13.994093,23.476513
41.041681,-7.667467,23.474725
41.744132,-0.853750,23.480105
41.151575,5.731859,23.479928
39.295425,12.079423,23.479815
36.239062,17.943314,23.480751
32.167985,23.147993,23.482969
27.666823,27.334409,23.482547
22.620468,30.870348,23.478289
16.665415,32.792930,19.225051
11.171684,34.736855,19.229802
5.709070,35.922626,19.235530
0.136657,36.439709,19.231680
-5.678546,36.137939,19.223686
-11.127067,34.863215,19.227945
-16.264902,32.645922,19.238673
-20.930325,29.570180,19.235709
-25.109331,25.838252,19.227140
-28.464552,21.669463,19.226839
-31.064891,16.710869,19.230818
-32.764090,11.627397,19.227165
-33.623368,6.573773,19.221124
-33.746646,1.213991,19.230820
-33.166871,-3.878639,19.235141
-32.027305,-8.638241,19.223259
-30.278353,-13.457001,19.221796
-27.973756,-18.034517,19.229123
-25.180224,-22.336006,19.229318
-21.734414,-26.438130,19.229254
-17.744876,-30.020117,19.235751
-13.087462,-33.118287,19.232413
-7.754390,-35.474156,19.227820
-2.087692,-36.802707,19.229823
3.733622,-37.227433,19.232946
9.775170,-36.799263,19.232080
15.843398,-35.146246,19.234099
21.597760,-32.579364,19.227896
26.899372,-29.197765,19.228819
31.732111,-24.808052,19.236365
35.696936,-19.622096,19.230210
38.626067,-13.788291,19.228890
40.407318,-7.508013,19.230156
40.991970,-0.771899,19.233638
40.317270,5.720865,19.234038
38.409341,11.964317,19.224290
35.442565,17.516642,19.223412
31.377321,22.618244,19.232640
26.892773,26.706307,19.236530
21.877729,30.147869,19.230021
16.138689,31.820316,14.989024
10.968375,33.674499,14.985866
5.394047,34.953184,14.980969
-0.075124,35.483679,14.979100
-5.554336,35.164526,14.979442
-10.908305,33.928342,14.977960
-16.014578,31.893624,14.975900
-20.629009,28.930476,14.976420
-24.561178,25.416067,14.980651
-28.021984,21.158202,14.981144
-30.510000,16.517665,14.974770
-32.218019,11.541406,14.974910
-33.329474,6.384410,14.986782
-33.443882,1.370356,14.985975
-32.802036,-3.638461,14.979459
-31.705149,-8.544182,14.979525
-29.958314,-13.266215,14.977019
-27.725791,-17.779141,14.986658
-24.930842,-22.237419,14.991004
-21.630038,-26.336708,14.986694
-17.621096,-30.091823,14.984808
-13.064456,-33.162069,14.984579
-7.824219,-35.458963,14.986529
-2.023033,-36.805097,14.985587
3.690805,-37.067688,14.981137
9.822372,-36.283146,14.978417
15.556099,-34.684658,14.981219
21.180341,-32.133969,14.985685
26.353916,-28.745973,14.987492
31.080700,-24.421171,14.984131
34.934867,-19.297659,14.979054
37.747966,-13.537493,14.982006
39.426650,-7.351167,14.980869
39.929018,-0.730971,14.983707
39.199075,5.637223,14.989542
37.351879,11.537013,14.982840
34.294205,17.170554,14.987342
30.410298,21.973268,14.989404
25.989984,25.970226,14.987469
21.251813,29.216343,14.988573
15.563749,30.768792,10.734309
10.519623,32.605339,10.727100
5.300617,33.866026,10.723858
-0.038624,34.423675,10.731455
-5.396579,34.117632,10.738031
-10.645184,32.981861,10.730131
-15.686913,31.123302,10.722005
-20.058437,28.424399,10.731322
-24.064019,24.838587,10.741078
-27.459575,20.678807,10.740074
-29.966567,16.189681,10.736026
-31.686510,11.343947,10.732437
-32.946652,6.333235,10.738371
-33.075227,1.226177,10.737190
-32.409326,-3.676203,10.733024
-31.395112,-8.478887,10.734002
-29.682373,-13.093508,10.732284
-27.418890,-17.716059,10.732996
-24.717457,-22.090358,10.731581
-21.536615,-26.136458,10.729364
-17.501203,-30.007624,10.730376
-13.039771,-33.000837,10.731242
-7.688972,-35.269883,10.729659
-1.992989,-36.530854,10.725008
3.806929,-36.602647,10.721805
9.534423,-35.539573,10.723647
15.134096,-33.945250,10.726730
20.600537,-31.409855,10.729937
25.617369,-28.022222,10.735419
30.213595,-23.774438,10.736078
33.937975,-18.733188,10.724959
36.624854,-13.072223,10.723047
38.193957,-7.006158,10.727858
38.604704,-0.753693,10.727940
37.838342,5.465164,10.728399
35.986852,11.217124,10.737690
33.083720,16.515687,10.731730
29.447330,21.052876,10.725294
25.157658,24.992621,10.727790
20.547346,28.196695,10.733313
14.946596,29.648034,6.478914
10.050780,31.478152,6.478413
4.977676,32.752076,6.486379
0.001331,33.291519,6.491339
-5.223710,33.058590,6.490279
-10.366582,32.123917,6.488039
-15.310620,30.414732,6.477950
-19.788626,27.719709,6.483817
-23.645745,24.192421,6.489084
-26.812367,20.298612,6.486457
-29.474178,15.809548,6.485482
-31.211704,11.111893,6.484090
-32.481085,6.241992,6.486682
-32.644354,1.271205,6.489669
-31.998657,-3.724185,6.484127
-31.033636,-8.404749,6.475004
-29.299276,-13.106499,6.477744
-27.210390,-17.422270,6.487104
-24.480501,-21.874690,6.483722
-21.252676,-25.991183,6.475662
-17.496192,-29.626382,6.476522
-12.766666,-32.749109,6.475306
-7.726975,-34.795314,6.476293
-2.161770,-35.987026,6.477654
3.691717,-35.918063,6.480162
9.217666,-34.618074,6.481540
14.860980,-32.935587,6.473402
19.944151,-30.481041,6.483234
24.774861,-27.093742,6.485814
29.205062,-22.911937,6.472615
32.672800,-18.155632,6.477634
35.261142,-12.629550,6.484482
36.738121,-6.710249,6.482887
37.078503,-0.835436,6.480877
36.294623,5.215044,6.484455
34.450312,10.802274,6.486296
31.727882,15.770868,6.482901
28.218625,20.214349,6.485288
24.068889,24.079355,6.488659
19.592521,27.217690,6.484344
14.292051,28.465977,2.221806
9.564525,30.299525,2.237954
4.859153,31.533424,2.232169
-0.171744,32.103777,2.230409
-5.037215,31.986983,2.240136
-10.060325,31.305871,2.229768
-14.876776,29.717027,2.223045
-19.274610,27.171858,2.236033
-23.007173,23.756491,2.237429
-26.209070,19.803669,2.231611
-28.916348,15.528752,2.234681
-30.683032,11.000516,2.223873
-31.866454,6.268407,2.226325
-32.079188,1.226538,2.229141
-31.527472,-3.621145,2.225156
-30.544493,-8.370894,2.224357
-28.894628,-12.944045,2.228036
-26.787489,-17.325958,2.228005
-24.238836,-21.459453,2.233220
-20.970320,-25.614565,2.233686
-17.155614,-29.268282,2.228471
-12.717970,-32.145315,2.239255
-7.612704,-34.151988,2.230049
-1.981658,-35.262654,2.220087
3.477914,-35.068043,2.224613
9.001316,-33.578423,2.228307
14.254574,-31.940077,2.226319
19.331605,-29.387059,2.224936
23.946017,-25.996253,2.230074
28.032198,-22.024687,2.236805
31.354126,-17.380257,2.237043
33.809603,-11.993575,2.237260
35.133470,-6.441385,2.241282
35.398053,-0.739172,2.234455
34.606253,4.913842,2.223980
32.793187,10.325638,2.236534
30.151314,15.144573,2.240501
26.762830,19.468344,2.230702
22.915780,23.098151,2.218859
18.773571,26.057550,2.214543
13.610100,27.240402,-2.009903
9.256935,29.003026,-2.023537
4.527877,30.308127,-2.016031
-0.123768,30.876485,-2.014016
-5.035220,30.877141,-2.027450
-9.908204,30.406397,-2.023982
-14.560972,28.873145,-2.021982
-18.835506,26.435386,-2.016099
-22.425243,23.131126,-2.009669
-25.514450,19.302308,-2.011175
-28.239060,15.241104,-2.016519
-30.092132,10.700798,-2.015662
-31.108294,6.107652,-2.022185
-31.342778,1.219776,-2.024955
-30.910779,-3.463551,-2.015897
-29.960071,-8.059643,-2.012236
-28.357565,-12.691295,-2.026281
-26.343426,-16.935925,-2.017988
-23.751549,-21.091421,-2.021037
-20.559195,-25.080697,-2.023322
-16.853048,-28.590767,-2.010639
-12.368841,-31.443561,-2.024388
-7.411903,-33.326431,-2.030459
-1.958213,-34.327484,-2.022236
3.318654,-34.082458,-2.017884
8.643203,-32.600432,-2.020669
13.693406,-30.932986,-2.012720
18.562165,-28.388922,-2.019814
22.951595,-25.022799,-2.028708
26.819484,-21.100590,-2.025337
29.977394,-16.576629,-2.022737
32.228177,-11.538968,-2.019906
33.448541,-6.160690,-2.023606
33.622894,-0.646123,-2.026206
32.785050,4.805444,-2.020275
31.056771,9.827887,-2.015615
28.617259,14.313505,-2.018692
25.399169,18.537091,-2.019304
21.886296,21.959975,-2.013241
17.919129,24.867408,-2.006865
12.897976,25.965550,-6.270413
8.743924,27.739936,-6.261711
4.404735,29.003264,-6.260540
-0.255127,29.636589,-6.260935
-4.780895,29.748858,-6.258940
-9.478501,29.434795,-6.266127
-14.137086,27.904894,-6.277766
-18.260835,25.574014,-6.275573
-21.720082,22.412512,-6.274229
-24.697758,18.735979,-6.275389
-27.378344,14.869805,-6.272935
-29.223476,10.527975,-6.275613
-30.128925,5.904912,-6.264095
-30.387785,1.193519,-6.258383
-30.066387,-3.305898,-6.267652
-29.092713,-7.919561,-6.276884
-27.677574,-12.207722,-6.274045
-25.681579,-16.476588,-6.271995
-23.171307,-20.463590,-6.268682
-20.075035,-24.276447,-6.265643
-16.336270,-27.752383,-6.270107
-12.012145,-30.475142,-6.276872
-7.238483,-32.277195,-6.265871
-1.994732,-33.183471,-6.258150
3.285182,-32.930757,-6.265814
8.423638,-31.586432,-6.272470
13.238645,-29.872840,-6.267712
17.878134,-27.328237,-6.262040
22.020523,-24.005455,-6.268522
25.626969,-20.119518,-6.273225
28.594120,-15.723864,-6.261596
30.619886,-11.033331,-6.269430
31.710059,-5.843540,-6.278786
31.770824,-0.538828,-6.272993
30.925280,4.498000,-6.261577
29.243141,9.319799,-6.259764
26.901443,13.633844,-6.269002
24.094289,17.422156,-6.272656
20.635134,20.905538,-6.271545
17.010452,23.622936,-6.272784
12.166441,24.662844,-10.520162
8.235788,26.436790,-10.522857
4.112995,27.701273,-10.525026
-0.139215,28.370142,-10.526354
-4.642682,28.562060,-10.526371
-9.126736,28.249955,-10.519554
-13.570210,26.777397,-10.517122
-17.505455,24.556601,-10.527313
-20.977936,21.442207,-10.521657
-23.833585,17.948077,-10.511831
-26.350567,14.225369,-10.520037
-28.099670,10.074188,-10.522470
-28.875475,5.650785,-10.518532
-29.159822,1.148759,-10.523638
-28.932449,-3.143552,-10.527037
-28.015843,-7.554705,-10.519725
-26.655229,-11.840950,-10.518304
-24.752849,-15.916035,-10.525853
-22.338915,-19.713047,-10.519772
-19.354611,-23.327091,-10.512334
-15.755660,-26.613624,-10.517519
-11.633396,-29.219659,-10.512897
-6.897638,-31.008254,-10.508864
-1.892764,-31.798521,-10.518662
3.163311,-31.587416,-10.527926
8.102569,-30.470645,-10.521935
12.656504,-28.731155,-10.517744
17.052986,-26.218801,-10.512889
20.940133,-22.983176,-10.517624
24.270973,-19.165677,-10.525612
27.046397,-14.933722,-10.516327
28.980845,-10.254010,-10.509887
29.866788,-5.460000,-10.517193
29.812353,-0.583505,-10.524563
28.932299,4.211284,-10.523339
27.384589,8.635399,-10.521793
25.187799,12.773500,-10.511446
22.553684,16.422313,-10.517639
19.441241,19.670563,-10.529980
16.040814,22.340478,-10.526473
11.562496,23.231070,-14.768651
7.734782,25.089067,-14.768340
3.863171,26.356178,-14.769002
-0.320431,27.114705,-14.774020
-4.571995,27.306908,-14.777812
-8.797098,26.830226,-14.773470
-12.825650,25.470442,-14.763611
-16.687556,23.282692,-14.768858
-20.019534,20.375924,-14.776170
-22.727779,17.089716,-14.769107
-24.999149,13.494657,-14.759507
-26.609005,9.553469,-14.763507
-27.328642,5.371702,-14.759931
-27.647961,1.117384,-14.766081
-27.466621,-3.115517,-14.775953
-26.654172,-7.118036,-14.774480
-25.412737,-11.183742,-14.768750
-23.638334,-15.046424,-14.765463
-21.258816,-18.784999,-14.770577
-18.410619,-22.177768,-14.769315
-14.976881,-25.250352,-14.762628
-11.077934,-27.708793,-14.773124
-6.602748,-29.417201,-14.767149
-1.878316,-30.132987,-14.762273
2.916395,-29.997590,-14.766921
7.617525,-29.125193,-14.766908
12.047231,-27.327460,-14.765876
16.168830,-24.867119,-14.769133
19.775437,-21.746761,-14.768882
22.813660,-18.036907,-14.764888
25.369777,-13.994044,-14.768223
27.062147,-9.707605,-14.772589
27.845954,-4.984466,-14.766418
27.682820,-0.379421,-14.761010
26.797930,3.963378,-14.767181
25.312733,8.137288,-14.775815
23.328157,11.896836,-14.779749
20.879770,15.375501,-14.770423
18.130255,18.384416,-14.760705
14.998231,21.009958,-14.763229
10.727929,21.784470,-19.021804
7.207693,23.622192,-19.021214
3.625840,24.888009,-19.013844
-0.262705,25.728949,-19.014825
-4.383686,25.910060,-19.026983
-8.296381,25.208925,-19.023607
-12.201569,23.842436,-19.013213
-15.639307,21.868030,-19.014530
-18.816115,19.207817,-19.021250
-21.437547,16.021094,-19.018258
-23.377675,12.550324,-19.013025
-24.794014,8.841153,-19.021411
-25.483341,4.940579,-19.022864
-25.825777,1.140573,-19.022482
-25.722128,-2.813290,-19.017893
-24.978832,-6.720274,-19.014485
-23.830729,-10.517834,-19.021518
-22.178016,-14.124668,-19.011581
-19.962647,-17.618875,-19.013936
-17.285800,-20.767760,-19.016529
-14.047822,-23.599830,-19.011500
-10.409267,-25.893642,-19.026648
-6.235266,-27.502883,-19.020347
-1.829635,-28.150830,-19.009896
2.654247,-28.069257,-19.014901
7.060025,-27.381087,-19.022153
11.315457,-25.573580,-19.015890
15.131992,-23.209952,-19.022003
18.435930,-20.240111,-19.026087
21.175828,-16.695671,-19.022497
23.410127,-13.023155,-19.026655
24.966627,-8.838796,-19.016389
25.585525,-4.578478,-19.015506
25.390854,-0.448400,-19.023686
24.539933,3.599481,-19.024084
23.163225,7.498247,-19.017709
21.331433,11.018296,-19.014898
19.167589,14.145676,-19.020580
16.662031,17.011962,-19.026597
13.839450,19.580522,-19.025043
9.794932,20.174302,-23.260403
6.619370,21.963071,-23.261528
3.222507,23.251031,-23.265235
-0.334603,24.140743,-23.273218
-4.098655,24.296665,-23.275733
-7.781745,23.330515,-23.263199
-11.352122,22.028599,-23.261827
-14.483339,20.201071,-23.272992
-17.444528,17.786955,-23.275180
-19.816759,14.858513,-23.273293
-21.400048,11.561099,-23.274647
-22.630364,8.133952,-23.263450
-23.326955,4.565562,-23.267201
-23.690505,1.085181,-23.271687
-23.634444,-2.547079,-23.268439
-23.008633,-6.141323,-23.267604
-21.966166,-9.630135,-23.274196
-20.455228,-12.942353,-23.271779
-18.445400,-16.166294,-23.261895
-15.986355,-19.049603,-23.265233
-12.987913,-21.621369,-23.274941
-9.658988,-23.741841,-23.262923
-5.831323,-25.224432,-23.264784
-1.787467,-25.808559,-23.267930
2.330170,-25.757446,-23.265024
6.524500,-25.133794,-23.267999
10.267562,-23.481428,-23.273798
13.756307,-21.282429,-23.276807
16.774009,-18.545297,-23.279379
19.241778,-15.255158,-23.276291
21.210488,-11.835642,-23.263751
22.496428,-8.108291,-23.266050
23.044650,-4.192745,-23.263342
22.866309,-0.253550,-23.261612
22.107570,3.311541,-23.269882
20.898470,6.747819,-23.267178
19.239722,9.990129,-23.270080
17.281407,12.876974,-23.271669
15.040660,15.560198,-23.267299
12.552354,18.027282,-23.262819
8.706855,18.300146,-27.520804
6.039576,19.942909,-27.512436
2.915724,21.251287,-27.510530
-0.390103,22.207716,-27.519839
-3.876662,22.331486,-27.522475
-7.100391,21.181153,-27.515150
-10.287101,19.965065,-27.520469
-13.201206,18.258769,-27.514738
-15.865899,16.086577,-27.512972
-17.917921,13.420768,-27.521517
-19.188364,10.242432,-27.525544
-20.153564,7.269531,-27.524825
-20.849154,4.082908,-27.520631
-21.213069,0.971048,-27.517744
-21.183283,-2.290422,-27.518839
-20.703391,-5.385310,-27.520477
-19.784327,-8.518536,-27.517641
-18.446111,-11.495830,-27.513681
-16.665190,-14.398395,-27.515995
-14.475474,-16.996313,-27.520332
-11.794215,-19.309774,-27.519198
-8.688128,-21.272384,-27.515752
-5.378190,-22.540500,-27.521652
-1.753615,-23.068829,-27.529491
1.937821,-23.024186,-27.523733
5.697360,-22.458953,-27.509678
9.048678,-20.966407,-27.515983
12.164155,-18.981879,-27.514561
14.887622,-16.538696,-27.507978
17.079894,-13.578629,-27.511527
18.692990,-10.429491,-27.522177
19.729693,-7.048621,-27.528363
20.186790,-3.673475,-27.519011
20.096297,-0.274417,-27.516828
19.444596,3.065321,-27.528053
18.412029,6.019742,-27.515473
16.938349,8.934371,-27.516426
15.280749,11.423001,-27.518106
13.322207,13.870278,-27.514345
11.186840,16.175287,-27.518560
7.492251,15.977632,-31.772020
5.142499,17.550002,-31.764565
2.483434,18.769243,-31.762030
-0.471074,19.735415,-31.771041
-3.583556,19.846364,-31.775112
-6.412735,18.610892,-31.762254
-9.148342,17.505639,-31.767271
-11.656138,16.013217,-31.767538
-13.926452,14.086783,-31.770962
-15.671927,11.619438,-31.775366
-16.596072,8.929367,-31.769888
-17.396789,6.224767,-31.767581
-18.019993,3.591473,-31.766380
-18.339188,0.905077,-31.768165
-18.328616,-1.921727,-31.769294
-17.966685,-4.602419,-31.766875
-17.163626,-7.311491,-31.765559
-16.003233,-9.886381,-31.771212
-14.468508,-12.397899,-31.777334
-12.594526,-14.665150,-31.773699
-10.296777,-16.688402,-31.768242
-7.695425,-18.302096,-31.775398
-4.715719,-19.420950,-31.777105
-1.577457,-19.871262,-31.773386
1.612378,-19.795953,-31.768766
4.735626,-19.237607,-31.765611
7.639741,-17.950972,-31.765673
10.320604,-16.231787,-31.761657
12.713346,-14.137841,-31.761385
14.552872,-11.693743,-31.767651
15.823287,-8.778926,-31.772112
16.586008,-5.933569,-31.775556
16.972778,-3.020397,-31.775620
16.971718,-0.192107,-31.770110
16.553530,2.600370,-31.763226
15.627135,5.267675,-31.763766
14.410355,7.689562,-31.766387
12.927545,9.947730,-31.771036
11.329992,11.991787,-31.775756
9.551724,14.047634,-31.776261
5.917047,13.119741,-36.019636
4.058107,14.468875,-36.015174
1.854107,15.579615,-36.020155
-0.521800,16.447486,-36.024819
-3.135696,16.619965,-36.019569
-5.485944,15.498923,-36.018610
-7.684951,14.544505,-36.021981
-9.799297,13.270752,-36.023782
-11.626516,11.556081,-36.020481
-12.887479,9.547056,-36.015626
-13.624503,7.264093,-36.015629
-14.221507,5.052018,-36.018084
-14.754501,2.917904,-36.012016
-14.963413,0.735673,-36.015412
-14.943665,-1.469331,-36.020054
-14.690269,-3.646976,-36.017171
-14.029735,-5.846704,-36.015116
-13.132613,-7.854107,-36.021538
-11.895168,-9.895373,-36.024846
-10.417631,-11.778241,-36.018985
-8.604639,-13.474225,-36.012017
-6.389729,-14.804066,-36.015151
-4.044582,-15.634586,-36.023273
-1.490790,-16.003256,-36.022383
1.090374,-15.889210,-36.017455
3.606628,-15.313867,-36.019213
5.888786,-14.323826,-36.021109
8.058410,-12.942235,-36.016059
10.006571,-11.362904,-36.013739
11.618490,-9.372327,-36.016336
12.432893,-7.019566,-36.015403
12.972368,-4.680162,-36.021329
13.291458,-2.323809,-36.026711
13.356886,-0.022946,-36.026204
13.156176,2.164214,-36.022277
12.426755,4.335609,-36.014824
11.439084,6.306648,-36.012072
10.304964,8.070381,-36.017930
8.961295,9.814877,-36.025940
7.544791,11.506142,-36.025362
3.846888,9.263187,-40.262618
2.528897,10.295593,-40.270008
1.033092,11.160210,-40.275069
-0.718969,11.894242,-40.269964
-2.549597,12.107520,-40.264272
-4.269309,11.340549,-40.265934
-5.839628,10.584738,-40.266599
-7.370435,9.622820,-40.268661
-8.491125,8.305951,-40.267399
-9.279255,6.745791,-40.265363
-9.838944,5.176554,-40.267243
-10.207927,3.682410,-40.267420
-10.592542,2.190775,-40.264716
-10.658248,0.662173,-40.261776
-10.632652,-0.882462,-40.266906
-10.486910,-2.405675,-40.267459
-10.045051,-3.883797,-40.263075
-9.392493,-5.349542,-40.272565
-8.560778,-6.717285,-40.267893
-7.553183,-8.146120,-40.261965
-6.326757,-9.362389,-40.265123
-4.791581,-10.195529,-40.267936
-3.135713,-10.727153,-40.266096
-1.339915,-10.962833,-40.270288
0.447226,-10.772411,-40.269534
2.112072,-10.247539,-40.264744
3.722654,-9.583992,-40.272656
5.176886,-8.668976,-40.268387
6.589175,-7.695850,-40.267777
7.820782,-6.436699,-40.274399
8.214794,-4.666285,-40.266638
8.503747,-3.067041,-40.267435
8.734195,-1.496906,-40.270725
8.837305,0.046176,-40.269365
8.863054,1.652323,-40.268707
8.398360,3.106764,-40.272504
7.683047,4.483203,-40.274596
6.873080,5.782686,-40.271849
5.979879,6.953859,-40.266966
4.980879,8.127952,-40.262694
-1.375783,0.870644,-44.518711
7.514773,28.966067,40.481289
3.462635,29.840742,40.481289
-0.674822,29.646348,40.481289
-4.619756,28.373533,40.481289
-8.063585,26.359153,40.481289
-11.050480,23.955484,40.481289
-13.549319,21.466972,40.481289
-15.742251,18.903455,40.481289
-17.762408,16.202222,40.481289
-19.540720,13.518037,40.481289
-21.172539,10.742371,40.481289
-22.712281,7.741047,40.481289
-24.161471,4.358244,40.481289
-25.393551,0.566428,40.481289
-26.130037,-3.512186,40.481289
-25.949494,-7.960957,40.481289
-24.452798,-11.997311,40.481289
-21.734631,-15.328828,40.481289
-18.031462,-17.809616,40.481289
-14.000105,-19.298986,40.481289
-9.917897,-20.001443,40.481289
-5.930307,-20.069396,40.481289
-2.122931,-19.609880,40.481289
1.443013,-18.697681,40.481289
4.726236,-17.407213,40.481289
7.708711,-15.829107,40.481288
10.511561,-13.950922,40.481288
13.112075,-11.801645,40.481288
15.485789,-9.404180,40.481288
17.603569,-6.777719,40.481288
19.504194,-3.805819,40.481288
21.087289,-0.482665,40.481288
22.186580,3.031505,40.481288
22.716643,6.829905,40.481289
22.525187,10.661771,40.481289
21.561373,14.533214,40.481289
19.848161,18.301859,40.481289
17.611348,21.614707,40.481289
14.745375,24.646714,40.481289
10.994331,26.432433,36.734811
7.207909,28.150087,36.728192
3.250880,28.891045,36.728403
-0.787895,28.804570,36.730305
-4.606538,27.626512,36.727422
-7.921005,25.609863,36.728911
-11.065162,23.904746,36.728330
-13.874816,21.718457,36.723741
-16.221499,19.212123,36.723889
-18.222624,16.621153,36.732558
-19.926617,13.829529,36.739128
-21.391389,10.736015,36.731977
-22.423668,7.586774,36.728709
-22.045609,4.216768,36.729723
-21.977727,0.981631,36.734077
-22.452255,-2.398134,36.734221
-21.622364,-5.897002,36.725734
-20.426456,-9.284971,36.729571
-18.425163,-12.383314,36.731392
-15.874095,-14.924473,36.732290
-12.872488,-17.113584,36.733810
-9.473362,-18.645582,36.725966
-5.902079,-19.569938,36.722659
-2.124093,-20.242708,36.727126
1.527487,-19.427503,36.729641
4.709224,-17.476183,36.726221
8.448305,-17.379668,36.728261
11.980360,-16.094177,36.732089
14.888135,-13.611992,36.729303
17.527472,-11.035537,36.727120
19.790495,-7.889088,36.736607
21.428458,-4.540838,36.736152
22.539832,-0.836396,36.727365
23.067672,3.002009,36.726359
23.016476,6.871479,36.735688
22.334692,10.681626,36.738510
21.028420,14.336181,36.737025
19.058278,17.646425,36.729824
16.677952,20.736151,36.724931
14.037117,23.842316,36.730471
10.302254,25.168232,32.979318
6.630152,26.575072,32.980871
2.858104,27.068952,32.985132
-0.816013,26.943463,32.988654
-4.304111,25.942297,32.984739
-7.477723,24.117165,32.977947
-10.568785,22.786886,32.987966
-13.235900,21.019158,32.981109
-15.645962,18.655796,32.976661
-17.649127,16.143861,32.980553
-19.271245,13.374618,32.977461
-20.446385,10.541240,32.975909
-21.164155,7.359705,32.980639
-20.274648,4.293319,32.985979
-19.857103,1.327798,32.985580
-20.089420,-1.730529,32.982226
-19.186472,-4.686941,32.982786
-18.189935,-7.757113,32.986984
-16.687805,-10.569164,32.987832
-14.618531,-13.245569,32.983290
-12.084753,-15.870369,32.978207
-9.204210,-17.884810,32.979623
-5.801546,-19.467014,32.985522
-2.225634,-20.819336,32.989636
1.642882,-20.477776,32.989246
5.089628,-18.517076,32.988045
9.188782,-18.965373,32.989900
13.243341,-17.811490,32.977985
16.389844,-15.197536,32.977937
19.264801,-12.353637,32.986511
21.540304,-8.942363,32.975603
23.054851,-5.133214,32.984014
23.812618,-1.113915,32.988538
23.901984,2.981534,32.981660
23.400826,6.894395,32.977423
22.303422,10.683716,32.975435
20.709796,14.147113,32.983349
18.405769,17.322224,32.989276
15.929335,20.050628,32.986981
13.280652,22.856780,32.982374
9.395084,23.509799,29.230077
5.957358,24.409742,29.236017
2.394370,24.559191,29.233451
-0.871815,24.217017,29.233016
-4.018647,23.335436,29.234244
-6.853917,21.993091,29.225881
-9.565467,20.724062,29.230209
-12.057239,19.079508,29.232375
-14.164507,17.154714,29.234847
-16.005981,14.979891,29.238984
-17.569200,12.434246,29.234946
-18.667054,9.802892,29.226493
-19.308339,7.003935,29.233412
-18.850287,4.210257,29.228725
-18.626992,1.528903,29.226864
-18.673945,-1.303359,29.235364
-17.872027,-4.054361,29.236195
-17.001668,-6.924344,29.231294
-15.670839,-9.742890,29.235366
-13.957675,-12.383223,29.239277
-11.760521,-15.182716,29.236064
-9.115724,-17.577546,29.236140
-5.896571,-19.607084,29.231180
-2.193400,-21.454601,29.231394
1.755069,-21.683401,29.232218
5.532057,-20.271399,29.226032
9.974861,-20.535071,29.229281
14.196916,-19.252282,29.229159
17.653959,-16.529485,29.227513
20.728072,-13.417276,29.228042
23.061244,-9.655686,29.225860
24.424230,-5.597277,29.226621
24.924087,-1.209954,29.235063
24.673244,2.918908,29.237204
23.806372,6.957635,29.228180
22.384438,10.684151,29.225665
20.500263,14.049624,29.230961
18.052509,16.993038,29.233779
15.308385,19.522410,29.231198
12.488013,21.774677,29.228781
8.433447,21.775093,25.481279
5.107255,22.132740,25.480270
1.902962,21.920973,25.479515
-0.948195,21.285525,25.483051
-3.632429,20.509489,25.486295
-6.152889,19.703033,25.483661
-8.368657,18.262266,25.488111
-10.375567,16.744373,25.478576
-12.280936,15.119465,25.478729
-13.988031,13.276142,25.483749
-15.357978,11.344874,25.480135
-16.507499,9.113332,25.481173
-17.421086,6.624273,25.475768
-17.858745,4.160660,25.472697
-18.055508,1.507281,25.475202
-17.916362,-1.125526,25.475953
-17.273800,-3.844768,25.474272
-16.495957,-6.525170,25.483586
-15.285059,-9.334444,25.485973
-13.683296,-12.119291,25.486117
-11.675464,-14.966284,25.488603
-9.073744,-17.690817,25.480572
-5.962247,-20.017479,25.483975
-2.231114,-22.058728,25.481082
1.928586,-22.880961,25.477027
6.107844,-22.314712,25.485872
10.719545,-21.949791,25.479930
14.965901,-20.352474,25.475075
18.610398,-17.677902,25.479090
21.888606,-14.277944,25.484109
24.247106,-10.318759,25.481560
25.561279,-5.904636,25.476559
25.859673,-1.450585,25.481949
25.365051,2.846614,25.484294
24.200919,7.008945,25.479490
22.524467,10.688829,25.486278
20.303405,14.070940,25.481427
17.752875,16.833374,25.480355
14.874146,19.056856,25.485164
11.640213,20.769564,25.484105
7.641713,20.360126,21.738194
4.443336,20.316824,21.729762
1.557454,19.894756,21.725314
-1.076884,19.039730,21.725244
-3.332494,18.328644,21.729272
-5.635524,17.825781,21.735497
-7.405469,16.291893,21.729461
-9.101889,14.839203,21.723361
-10.724718,13.545010,21.729556
-12.326679,12.003420,21.730554
-13.671525,10.416194,21.724413
-14.959914,8.440146,21.729654
-16.106536,6.383176,21.724893
-17.316278,4.164116,21.728582
-17.881863,1.638618,21.733822
-17.651721,-1.021135,21.735313
-17.191464,-3.750153,21.739175
-16.384284,-6.549146,21.735146
-15.220631,-9.373904,21.734942
-13.721266,-12.191247,21.732896
-11.782181,-15.068147,21.728590
-9.211266,-17.982641,21.735075
-5.994161,-20.636040,21.727937
-2.212430,-22.668276,21.728945
2.060835,-23.960559,21.736367
6.765313,-24.259446,21.731386
11.198085,-23.124626,21.733717
15.514959,-21.160959,21.735675
19.405471,-18.513796,21.734512
22.749711,-14.973743,21.733515
25.140720,-10.900128,21.734871
26.448406,-6.219908,21.738447
26.627282,-1.636969,21.730030
25.925505,2.890645,21.722906
24.522615,7.106349,21.731197
22.602630,10.803231,21.738092
20.200880,14.026951,21.731766
17.545533,16.691010,21.732259
14.433435,18.756513,21.740574
10.994151,19.917133,21.742541
7.199044,19.562151,17.986960
4.114453,19.385405,17.981215
1.354369,18.923753,17.986528
-1.033465,18.135204,17.985922
-3.298787,17.389785,17.975999
-5.336477,16.889003,17.974920
-7.041374,15.460205,17.975301
-8.674620,14.127774,17.976174
-10.225958,12.937534,17.978417
-11.681539,11.623524,17.978197
-13.114676,10.089815,17.975606
-14.443032,8.288274,17.978019
-15.639098,6.403623,17.984352
-17.212548,4.190221,17.985615
-17.938851,1.593776,17.976893
-17.700242,-1.114342,17.975860
-17.386562,-3.880247,17.987613
-16.567783,-6.699178,17.983222
-15.428669,-9.569198,17.985345
-13.979946,-12.437327,17.983811
-11.955738,-15.463188,17.975690
-9.403678,-18.435138,17.988157
-6.209478,-21.198106,17.981502
-2.277718,-23.226890,17.972470
2.168465,-24.769250,17.976389
7.084103,-25.673996,17.978124
11.615677,-23.910007,17.974288
15.915394,-21.707260,17.979161
19.981769,-19.068683,17.987252
23.345555,-15.465514,17.984382
25.817861,-11.233548,17.974762
27.101802,-6.504769,17.983138
27.209652,-1.738552,17.983183
26.344099,2.941800,17.977195
24.835542,7.013488,17.979363
22.700125,10.794403,17.978640
20.141284,13.933071,17.972660
17.369050,16.537385,17.978765
14.161388,18.482165,17.991273
10.621831,19.374927,17.992543
7.053743,19.286913,14.231228
4.074195,19.167562,14.237807
1.416428,18.793485,14.235404
-1.041509,18.137309,14.234755
-3.195964,17.435423,14.239413
-5.333680,16.695944,14.235209
-7.117999,15.553163,14.232787
-8.744132,14.416955,14.231484
-10.436637,13.141526,14.236451
-11.910710,11.818697,14.237565
-13.457679,10.164721,14.232183
-14.727038,8.465582,14.233261
-15.956904,6.407392,14.229438
-17.470811,4.122841,14.228654
-18.127066,1.473256,14.235065
-17.943553,-1.122191,14.236801
-17.739889,-4.070773,14.227829
-16.914058,-6.919018,14.223581
-15.790982,-9.836283,14.225380
-14.301243,-12.875372,14.230294
-12.235336,-15.923461,14.232776
-9.557028,-19.027705,14.229876
-6.307408,-21.806770,14.233353
-2.284769,-23.730547,14.231379
2.244583,-25.230558,14.227773
7.314234,-26.275742,14.234617
11.816527,-24.313517,14.233437
16.140986,-22.022176,14.235279
20.263800,-19.389028,14.234445
23.673356,-15.751144,14.230948
26.191801,-11.485310,14.234185
27.509737,-6.710633,14.230376
27.584431,-1.751266,14.236322
26.650225,2.825009,14.234798
24.966548,7.031150,14.224258
22.687212,10.782261,14.236741
19.992898,13.863432,14.233969
17.108381,16.404006,14.228680
13.945347,18.229398,14.229052
10.363660,19.097431,14.228496
7.047992,19.260787,10.488880
4.044597,19.276084,10.488349
1.355862,19.010758,10.479431
-1.032391,18.566320,10.471676
-3.343548,17.852374,10.476374
-5.421215,16.908717,10.484580
-7.392538,16.077842,10.481208
-9.241923,15.011407,10.481105
-10.952386,13.721950,10.485741
-12.533993,12.287307,10.481907
-14.071958,10.598732,10.472481
-15.489474,8.635259,10.476236
-16.597886,6.486117,10.480152
-17.787982,4.173912,10.485828
-18.348252,1.585702,10.487346
-18.244623,-1.157737,10.483284
-18.139863,-4.140761,10.481123
-17.304658,-7.155079,10.480943
-16.149589,-10.241535,10.476425
-14.665950,-13.309948,10.477932
-12.471951,-16.480672,10.485608
-9.730351,-19.572184,10.480086
-6.389229,-22.292354,10.481960
-2.260416,-24.082655,10.482533
2.216329,-25.327906,10.476507
7.235738,-26.183126,10.474493
11.836089,-24.347734,10.481142
16.202695,-22.077737,10.487230
20.343717,-19.387005,10.481957
23.787092,-15.733888,10.474180
26.337961,-11.442885,10.479735
27.655246,-6.773173,10.481866
27.731123,-1.775999,10.479926
26.726728,2.824060,10.479085
24.858212,7.146149,10.482946
22.520785,10.732193,10.487042
19.723127,13.767682,10.476771
16.863853,16.152371,10.478430
13.652520,17.971325,10.489874
10.209549,18.923383,10.490865
7.057531,19.268384,6.726708
4.199951,19.452009,6.728121
1.498245,19.334821,6.725148
-1.074697,19.058942,6.732002
-3.391839,18.387105,6.738867
-5.404222,17.297254,6.726602
-7.613128,16.711672,6.732264
-9.672390,15.749848,6.731727
-11.515339,14.375578,6.735612
-13.295627,12.735965,6.738713
-14.803701,11.012601,6.732302
-16.195400,9.023500,6.734781
-17.250400,6.684172,6.734725
-18.085959,4.236416,6.728607
-18.485000,1.431269,6.731135
-18.493529,-1.298585,6.736549
-18.429436,-4.291747,6.731398
-17.641150,-7.325518,6.737027
-16.524976,-10.433237,6.733214
-14.926570,-13.768579,6.729048
-12.698147,-16.926709,6.733651
-9.895860,-19.975291,6.726666
-6.451942,-22.564340,6.734920
-2.229902,-24.204108,6.738165
2.301283,-25.140500,6.731359
7.115373,-25.533652,6.730910
11.710739,-24.011584,6.728625
15.978618,-21.902690,6.730189
20.109548,-19.142827,6.727596
23.490639,-15.630017,6.724247
26.106731,-11.365711,6.733561
27.496198,-6.705415,6.737145
27.608789,-1.843777,6.736123
26.528694,2.896432,6.732284
24.612026,7.050293,6.726255
22.175682,10.578084,6.723899
19.321433,13.578888,6.730147
16.404284,15.884906,6.731344
13.287175,17.623259,6.727067
10.168776,18.690789,6.725730
6.970582,19.114320,2.975989
4.154472,19.449037,2.983177
1.473073,19.454495,2.978455
-0.956451,19.347967,2.975891
-3.404867,18.729594,2.983921
-5.488287,17.512799,2.984140
-7.859482,17.101996,2.985734
-10.067171,16.183455,2.979862
-11.911387,14.831138,2.983461
-13.781664,13.113838,2.986712
-15.348149,11.277981,2.977579
-16.767252,9.160327,2.975397
-17.722087,6.794472,2.973911
-18.212685,4.147919,2.975133
-18.427834,1.465571,2.981255
-18.575261,-1.367549,2.985211
-18.502338,-4.339391,2.981658
-17.764298,-7.508280,2.983003
-16.714014,-10.605756,2.987246
-15.141153,-13.922822,2.986336
-12.850661,-17.172311,2.979437
-10.015633,-20.147262,2.976418
-6.369780,-22.613700,2.975149
-2.228023,-24.039231,2.983427
2.146372,-24.616726,2.986569
6.815404,-24.528612,2.973013
11.344467,-23.368989,2.972132
15.593692,-21.392268,2.976589
19.549122,-18.647712,2.984061
22.923498,-15.202484,2.987040
25.493633,-11.122846,2.976829
26.961346,-6.526106,2.976265
27.119520,-1.707814,2.984656
26.048592,2.850761,2.984803
24.053546,6.925986,2.975042
21.447684,10.460968,2.974478
18.781170,13.211868,2.982958
15.734912,15.512232,2.984667
12.743738,17.149376,2.978239
9.847283,18.341008,2.974182
6.672223,18.596153,-0.765167
3.946687,19.029588,-0.761949
1.470046,19.109314,-0.762491
-1.037959,19.073231,-0.770257
-3.432140,18.516777,-0.771901
-5.494361,17.388467,-0.760606
-7.810221,17.006715,-0.770303
-9.977296,16.147671,-0.769955
-11.908348,14.780122,-0.771221
-13.747412,13.122263,-0.776955
-15.358209,11.225891,-0.774427
-16.719346,9.146859,-0.770715
-17.680958,6.697719,-0.766700
-17.905133,4.231989,-0.764960
-18.058078,1.611624,-0.763790
-18.354351,-1.270604,-0.761245
-18.221033,-4.169323,-0.760736
-17.648704,-7.292677,-0.768263
-16.632495,-10.594387,-0.772440
-15.042126,-13.961619,-0.772475
-12.838971,-17.146153,-0.771939
-9.923937,-20.094157,-0.766905
-6.391930,-22.256016,-0.764058
-2.296561,-23.552343,-0.761563
2.103201,-23.855081,-0.765283
6.497098,-23.329101,-0.773053
10.828915,-22.407832,-0.763825
15.085898,-20.475856,-0.763741
18.776728,-17.768776,-0.768634
22.047018,-14.407313,-0.768093
24.490387,-10.555029,-0.768743
25.974624,-6.091494,-0.765815
26.166547,-1.535223,-0.762111
25.092934,2.900575,-0.763355
23.036180,6.816189,-0.767085
20.484863,10.076383,-0.766315
17.770525,12.845483,-0.770779
14.990896,14.864217,-0.774338
12.055577,16.434130,-0.772971
9.284487,17.721987,-0.769234
6.126030,17.650153,-4.515624
3.675350,18.098232,-4.515986
1.314453,18.195925,-4.520833
-1.057538,18.122933,-4.519621
-3.243939,17.727911,-4.516455
-5.314551,16.885864,-4.525179
-7.467714,16.289561,-4.518483
-9.488469,15.359272,-4.515845
-11.333248,14.088553,-4.515272
-13.010629,12.619010,-4.519026
-14.555933,10.831389,-4.523764
-15.852065,8.853275,-4.514397
-16.865683,6.559504,-4.512048
-17.084320,4.089381,-4.515403
-17.364076,1.607324,-4.519295
-17.758935,-1.106028,-4.520085
-17.503798,-3.863269,-4.515988
-17.109702,-6.995805,-4.512783
-16.213056,-10.277306,-4.517402
-14.733909,-13.513533,-4.520704
-12.666730,-16.711040,-4.515853
-9.776396,-19.588606,-4.513617
-6.247810,-21.606219,-4.521912
-2.182526,-22.796787,-4.517145
1.992033,-22.864165,-4.511011
6.121419,-22.009465,-4.521706
10.244288,-21.127229,-4.521697
14.259726,-19.251064,-4.523268
17.706823,-16.572291,-4.523000
20.680634,-13.431224,-4.515813
23.036515,-9.631898,-4.512186
24.389355,-5.505670,-4.519729
24.585016,-1.168895,-4.524176
23.571452,2.914043,-4.519143
21.531296,6.596680,-4.511916
19.042865,9.646979,-4.512272
16.550611,12.189834,-4.519821
13.783603,14.153618,-4.524288
11.082218,15.542002,-4.522166
8.583100,16.749581,-4.518371
5.544490,16.409600,-8.266237
3.273374,16.865665,-8.266744
1.071157,16.963632,-8.271129
-1.116671,16.782332,-8.276808
-3.180621,16.501659,-8.275896
-5.099914,16.141188,-8.268578
-6.944186,15.193529,-8.266163
-8.623642,14.180451,-8.261597
-10.334521,13.011117,-8.268357
-11.821050,11.732646,-8.270294
-13.266155,10.082669,-8.263368
-14.397497,8.335832,-8.269577
-15.497632,6.278647,-8.262150
-15.877279,4.132060,-8.262544
-16.381599,1.722945,-8.264320
-16.835130,-0.763317,-8.264347
-16.471913,-3.448695,-8.269140
-16.250504,-6.381015,-8.263672
-15.489677,-9.564305,-8.265347
-14.137564,-12.737863,-8.271359
-12.220171,-15.992646,-8.271358
-9.521771,-18.667000,-8.270598
-6.013790,-20.646848,-8.266549
-2.215245,-21.732793,-8.267681
1.781289,-21.657274,-8.274322
5.680023,-20.558656,-8.276186
9.602191,-19.568769,-8.269504
13.174754,-17.766721,-8.269245
16.306557,-15.174284,-8.267827
18.983441,-12.169136,-8.266098
21.068895,-8.569504,-8.274444
22.225180,-4.827411,-8.266988
22.409123,-0.787072,-8.265057
21.451595,3.002011,-8.270508
19.492901,6.398541,-8.268012
17.246870,9.136685,-8.263723
14.927652,11.501460,-8.267186
12.448782,13.256131,-8.271267
10.041405,14.483710,-8.270746
7.712837,15.599577,-8.268167
4.801021,15.148815,-12.015737
2.726562,15.590611,-12.020161
0.822345,15.704820,-12.026580
-1.168917,15.456205,-12.020564
-2.959359,15.282300,-12.011987
-4.857644,15.356153,-12.022611
-6.364400,14.065021,-12.017952
-7.765419,12.916803,-12.014844
-9.215093,11.884243,-12.017822
-10.564977,10.697274,-12.023136
-11.724364,9.343583,-12.022280
-12.752175,7.739482,-12.015117
-13.844867,6.040954,-12.022749
-14.492373,4.038032,-12.017661
-15.194245,1.879713,-12.011552
-15.641071,-0.482209,-12.018530
-15.291300,-2.831309,-12.025804
-15.120237,-5.629382,-12.020889
-14.472140,-8.549980,-12.015452
-13.317364,-11.616498,-12.012355
-11.614739,-14.868701,-12.012505
-8.983872,-17.475056,-12.020224
-5.794237,-19.336436,-12.017225
-2.218496,-20.388479,-12.016792
1.653693,-20.193557,-12.020856
5.156389,-18.969256,-12.018615
8.678297,-17.831521,-12.014930
11.978047,-15.991828,-12.015981
14.746474,-13.514049,-12.017049
17.063619,-10.647223,-12.014780
18.766041,-7.366801,-12.013923
19.666658,-3.902959,-12.016513
19.768010,-0.306910,-12.017888
18.887795,3.149645,-12.014311
17.200241,6.063914,-12.013777
15.188807,8.608032,-12.024312
13.232649,10.614304,-12.020508
11.087676,12.213447,-12.017352
8.821143,13.447251,-12.020792
6.791949,14.415330,-12.017954
4.130710,14.021423,-15.776219
2.372876,14.483707,-15.775592
0.560073,14.700882,-15.772081
-1.141387,14.507715,-15.774597
-2.861555,14.371207,-15.776758
-4.740070,14.689073,-15.765308
-5.986748,13.129288,-15.767665
-7.145167,11.963358,-15.769278
-8.394455,10.954004,-15.766654
-9.488825,9.893385,-15.768888
-10.471511,8.618751,-15.775662
-11.295831,7.224735,-15.774380
-12.333681,5.729015,-15.762430
-13.118150,3.990073,-15.761340
-13.868695,2.079460,-15.766281
-14.247272,-0.064489,-15.766368
-13.971668,-2.190782,-15.763360
-13.782411,-4.713992,-15.765659
-13.208403,-7.359827,-15.766334
-12.276735,-10.277904,-15.763020
-10.839624,-13.369542,-15.761908
-8.423840,-15.831555,-15.768008
-5.519581,-17.688429,-15.773922
-2.117827,-18.740994,-15.777016
1.383875,-18.483729,-15.773539
4.679414,-17.147509,-15.767676
7.754231,-15.842918,-15.771064
10.648753,-14.014579,-15.767253
13.051034,-11.683418,-15.766016
14.985061,-8.966611,-15.770933
16.297404,-6.006211,-15.767638
16.929730,-2.838765,-15.764333
16.928327,0.213426,-15.768119
16.194185,3.139260,-15.769318
14.705338,5.791733,-15.762266
13.102219,8.005131,-15.763411
11.334743,9.802324,-15.764566
9.506290,11.242867,-15.761991
7.727728,12.400281,-15.762052
5.925206,13.327610,-15.769524
3.710337,13.159687,-19.511488
2.105197,13.776138,-19.511676
0.518036,14.163072,-19.517952
-1.186910,14.127945,-19.519779
-2.824126,14.051936,-19.512360
-4.606021,14.358341,-19.521759
-5.833357,12.850845,-19.526196
-6.945384,11.623798,-19.524889
-7.969027,10.621673,-19.524926
-8.951464,9.429810,-19.517051
-9.710602,8.206252,-19.514228
-10.339721,6.902818,-19.524029
-11.143840,5.489321,-19.519308
-11.856521,4.030748,-19.512002
-12.498077,2.230768,-19.515310
-12.683626,0.359959,-19.518546
-12.477160,-1.536984,-19.516427
-12.271784,-3.696220,-19.524201
-11.780965,-6.073448,-19.528391
-11.085284,-8.722856,-19.520598
-9.854231,-11.600710,-19.512363
-7.728955,-13.840050,-19.517952
-5.146568,-15.701734,-19.516460
-2.054075,-16.723986,-19.522307
1.088824,-16.439451,-19.523767
4.070671,-15.101491,-19.510325
6.778569,-13.646105,-19.514277
9.200419,-11.911771,-19.524709
11.264162,-9.753943,-19.523824
12.807758,-7.305065,-19.515947
13.790087,-4.677280,-19.518700
14.198927,-1.911659,-19.524174
14.124314,0.727501,-19.526445
13.471467,3.248427,-19.525551
12.254574,5.474093,-19.521947
11.041096,7.394783,-19.516412
9.523830,8.918321,-19.518754
8.017137,10.226190,-19.518919
6.695426,11.453124,-19.512746
5.266339,12.402944,-19.510960
3.431280,12.604230,-23.274148
2.055029,13.455035,-23.265560
0.509741,14.131866,-23.258202
-1.152286,14.346153,-23.263950
-2.852273,14.336474,-23.278219
-4.616840,14.376454,-23.276656
-6.009479,13.197466,-23.276340
-7.136383,12.020858,-23.273765
-8.142106,10.788160,-23.264036
-8.917506,9.467115,-23.262784
-9.541971,8.077292,-23.270829
-9.973407,6.697872,-23.269301
-10.314259,5.376644,-23.261722
-10.830863,3.938077,-23.267918
-11.053231,2.438213,-23.273351
-10.974734,0.906382,-23.275632
-10.820698,-0.769985,-23.274563
-10.647444,-2.608694,-23.265395
-10.285909,-4.657971,-23.267152
-9.753305,-7.031846,-23.272999
-8.700157,-9.516459,-23.268821
-6.911647,-11.491681,-23.261891
-4.636248,-13.312083,-23.270811
-1.986249,-14.225430,-23.275864
0.813237,-13.930634,-23.271798
3.356140,-12.706121,-23.266116
5.604238,-11.303284,-23.260585
7.698406,-9.677249,-23.268255
9.363807,-7.829295,-23.273298
10.592197,-5.658643,-23.269670
11.344804,-3.282968,-23.272202
11.598775,-0.973226,-23.272499
11.470031,1.288105,-23.264864
10.880845,3.360291,-23.261713
9.924375,5.125597,-23.270137
9.065323,6.787815,-23.266669
7.773370,8.071757,-23.258804
6.551538,9.210961,-23.262760
5.784034,10.537867,-23.274997
4.692654,11.704281,-23.278724
3.064512,11.979109,-27.010657
1.869509,13.089006,-27.019450
0.507891,14.053432,-27.018429
-1.148500,14.610254,-27.009205
-2.898081,14.651006,-27.015089
-4.610088,14.305424,-27.022267
-6.120611,13.573974,-27.026904
-7.420506,12.407803,-27.020126
-8.344317,11.005085,-27.024616
-8.962234,9.451608,-27.021693
-9.387890,8.037684,-27.018719
-9.582477,6.595824,-27.025539
-9.460407,5.201899,-27.014859
-9.634927,3.948776,-27.019444
-9.362991,2.671225,-27.017735
-9.051544,1.446712,-27.011500
-8.950058,0.121457,-27.012114
-8.838468,-1.339832,-27.020712
-8.610342,-3.067032,-27.026588
-8.202243,-5.071181,-27.021461
-7.327650,-7.023954,-27.014367
-5.899613,-8.671641,-27.016632
-4.099924,-10.257383,-27.021351
-1.878887,-11.041341,-27.024487
0.362207,-10.801096,-27.019811
2.509123,-9.771579,-27.013136
4.291308,-8.543771,-27.020897
5.974792,-7.172053,-27.019160
7.297856,-5.645458,-27.014832
8.239811,-3.766105,-27.020310
8.738251,-1.872835,-27.025993
8.900928,0.004288,-27.017510
8.757605,1.754085,-27.012615
8.241042,3.418082,-27.019904
7.474978,4.825560,-27.025214
6.955109,6.155049,-27.026029
5.983928,7.215515,-27.019903
4.933729,8.074104,-27.012285
4.688281,9.541952,-27.011260
4.083246,10.872768,-27.009825
2.215326,10.419103,-30.766974
1.338625,11.506599,-30.765871
0.235910,12.859736,-30.762508
-1.178156,13.900572,-30.767531
-2.805300,13.953793,-30.774200
-4.235723,13.136245,-30.768792
-5.674209,12.600355,-30.772313
-6.912239,11.631804,-30.774347
-7.669229,10.283317,-30.773266
-8.053174,8.757378,-30.768546
-8.295599,7.390443,-30.768168
-8.217807,6.113878,-30.768178
-7.784524,4.866184,-30.763263
-7.629350,3.845521,-30.767377
-6.975500,2.967057,-30.767679
-6.690397,2.143848,-30.767587
-6.639886,1.262484,-30.767783
-6.639615,0.173588,-30.767112
-6.538592,-1.080179,-30.766246
-6.213814,-2.472358,-30.770393
-5.556818,-3.781069,-30.770527
-4.582707,-4.977962,-30.766390
-3.305848,-6.113264,-30.770150
-1.759542,-6.606282,-30.768585
-0.159576,-6.453242,-30.765810
1.304307,-5.845179,-30.767288
2.607139,-4.945461,-30.766390
3.746437,-3.993081,-30.763026
4.690820,-2.868665,-30.766485
5.302174,-1.518218,-30.773566
5.605925,-0.183962,-30.766012
5.691076,1.125455,-30.764975
5.557414,2.378296,-30.770581
5.176754,3.521560,-30.770348
4.641151,4.472251,-30.766187
4.342257,5.371501,-30.763414
3.896853,6.214620,-30.765072
2.959528,6.734711,-30.770302
2.932426,7.841950,-30.767939
2.876811,9.311909,-30.765593
-1.761119,4.417052,-34.518711
