-11.375089,31.643769,40.005237
-15.760088,29.469256,40.005237
-19.854244,26.432114,40.005237
-23.167745,22.827821,40.005237
-25.680053,18.628011,40.005237
-27.180965,14.182944,40.005237
-27.856801,9.541768,40.005237
-27.862809,5.057147,40.005237
-27.390545,0.802702,40.005237
-26.519365,-3.387519,40.005237
-25.358778,-7.294844,40.005237
-23.893665,-11.098553,40.005237
-22.036175,-14.954235,40.005236
-19.755315,-18.814372,40.005236
-17.157068,-22.468604,40.005236
-13.859490,-26.353928,40.005236
-9.975148,-30.240485,40.005236
-5.161881,-34.062528,40.005236
0.393543,-36.564029,40.005237
6.529989,-36.856696,40.005237
12.437352,-35.234216,40.005237
17.728205,-32.162149,40.005237
22.253385,-28.042266,40.005236
25.856771,-23.354265,40.005237
28.620152,-18.359419,40.005237
30.607366,-13.226508,40.005237
31.862848,-8.077373,40.005237
32.424886,-2.806738,40.005237
32.224277,2.490199,40.005237
31.248292,7.492923,40.005237
29.493563,12.277736,40.005237
27.158681,16.577893,40.005237
24.140383,20.683738,40.005237
20.751923,24.212646,40.005237
16.942414,27.282703,40.005236
12.765666,29.830799,40.005236
8.282657,31.782432,40.005236
3.533512,33.035213,40.005236
-1.377593,33.496571,40.005237
-6.321219,31.812161,35.804003
-10.927207,30.741378,35.808598
-15.499318,28.847676,35.802115
-19.718940,26.287879,35.804642
-23.669622,23.300902,35.811242
-27.278216,19.929059,35.803608
-30.151281,15.642552,35.801728
-32.026294,10.832454,35.798409
-32.917965,5.740227,35.796961
-32.655155,0.596516,35.799839
-31.311092,-4.167569,35.803373
-29.405546,-8.728230,35.808553
-27.195615,-12.909763,35.802827
-24.525856,-16.805004,35.798230
-21.527364,-20.463905,35.801838
-18.276296,-24.184191,35.804793
-14.570401,-27.770837,35.807759
-10.220525,-31.268222,35.813554
-5.277403,-34.353415,35.807709
0.402224,-36.284441,35.796282
6.440773,-36.242406,35.800053
12.239457,-34.605293,35.798259
17.485691,-31.638003,35.802989
21.897690,-27.560995,35.810342
25.593772,-23.361602,35.807306
29.448875,-19.030279,35.799049
32.645295,-14.196100,35.804852
35.275589,-8.999651,35.801145
36.951265,-3.248517,35.794401
37.334191,2.571609,35.801078
36.505647,8.525552,35.814029
34.195047,13.846674,35.814354
31.012339,18.714476,35.810337
27.165962,23.055025,35.805416
22.972642,26.414206,35.800398
18.248370,28.981475,35.799062
13.158046,30.716863,35.804537
8.284395,31.464666,35.806163
3.334953,31.866242,35.803860
-1.404290,32.100643,35.801963
-5.976445,30.886233,31.611838
-10.629489,29.961401,31.608375
-15.085085,28.321163,31.598203
-19.483394,26.039341,31.598375
-23.716556,23.442186,31.608080
-27.884375,20.379084,31.610449
-31.416790,16.301043,31.603642
-33.967440,11.303930,31.597299
-35.283390,6.058037,31.603074
-35.293011,0.673329,31.607968
-33.886983,-4.763783,31.598103
-31.845045,-9.519404,31.598063
-29.288348,-14.025107,31.605060
-26.125884,-18.110130,31.603750
-22.728725,-21.730581,31.597357
-19.122664,-25.439414,31.600395
-15.025043,-28.942026,31.606907
-10.580933,-31.988858,31.604891
-5.378006,-34.640843,31.599548
0.458217,-36.138280,31.601222
6.505512,-35.860331,31.606595
12.108956,-34.259534,31.605031
17.418205,-31.354095,31.598517
21.692876,-27.423730,31.598133
25.421052,-22.935522,31.601616
28.923431,-18.564037,31.602258
31.830503,-13.775055,31.609478
34.211615,-8.682626,31.613285
35.769884,-3.089988,31.606269
36.169481,2.522531,31.599254
35.419854,8.293874,31.602183
33.245798,13.696041,31.602896
30.258050,18.450772,31.598390
26.712517,22.514627,31.604272
22.490524,25.865510,31.610960
17.684933,28.320070,31.605528
12.729902,29.832722,31.608492
7.818943,30.448871,31.600973
3.284679,30.771899,31.597230
-1.465887,31.046891,31.605003
-5.871572,30.182253,27.412973
-10.541194,29.265636,27.409887
-14.825390,27.738403,27.402026
-19.122077,25.695428,27.399670
-23.446476,23.253540,27.404282
-27.807364,20.109438,27.408229
-31.425568,16.124846,27.412293
-34.046001,11.421096,27.405262
-35.560518,6.039275,27.406037
-35.776896,0.661597,27.414497
-34.766791,-4.835457,27.408369
-32.865233,-9.865033,27.397384
-30.297168,-14.598710,27.407098
-27.055401,-18.876918,27.409500
-23.504452,-22.643748,27.402417
-19.656495,-26.396259,27.408409
-15.446586,-29.742378,27.400961
-10.682887,-32.654390,27.406283
-5.342273,-34.925984,27.413600
0.537877,-36.070593,27.403881
6.329063,-35.706061,27.395288
12.110353,-34.089807,27.407889
17.414895,-31.272570,27.415568
21.745917,-27.431140,27.408791
25.141712,-22.729870,27.399331
27.599848,-17.714328,27.399584
29.190764,-12.572226,27.407008
29.823162,-7.448101,27.401433
29.788182,-2.471522,27.401326
29.123596,2.436667,27.407720
28.036489,6.857909,27.405447
26.993436,11.290516,27.407542
25.196804,15.686858,27.408808
22.633857,19.455810,27.410966
19.468373,22.726909,27.408917
15.826479,25.455877,27.398953
11.786958,27.553248,27.397677
7.492974,29.055537,27.402476
3.032625,30.005148,27.408067
-1.313644,30.385452,27.411788
-5.785715,29.671618,23.203195
-10.336891,28.706353,23.199885
-14.505441,27.187038,23.210186
-18.727459,25.223822,23.206281
-22.923365,22.800646,23.198654
-26.862189,19.631878,23.213556
-30.312167,15.666564,23.199598
-32.909347,11.086363,23.196525
-34.389092,6.054404,23.204978
-34.825358,0.599363,23.205470
-34.353356,-4.833946,23.198069
-32.845896,-9.866878,23.195606
-30.458795,-14.782223,23.209573
-27.521961,-19.133324,23.210543
-23.948363,-23.260540,23.203300
-20.156716,-26.896396,23.211938
-15.665148,-30.338894,23.201155
-10.740768,-33.125575,23.202129
-5.427173,-35.093672,23.211642
0.357336,-36.025233,23.207070
6.413253,-35.626909,23.196590
12.072858,-34.083230,23.211577
17.295422,-31.426658,23.207246
21.824744,-27.676338,23.195378
25.207625,-22.903818,23.199979
27.166682,-17.366302,23.209159
28.020251,-11.968696,23.210196
27.846971,-6.730067,23.203411
27.215736,-2.112319,23.202128
26.233051,2.214667,23.205442
24.971417,6.267204,23.205424
23.938985,10.384107,23.204675
22.474765,14.147893,23.204262
20.343230,17.584989,23.201736
17.626310,20.849060,23.200031
14.556497,23.776113,23.202513
11.108128,26.245980,23.202221
7.377594,28.299781,23.202896
2.966690,29.692304,23.204948
-1.290266,30.033063,23.205653
-5.708887,29.282837,19.007059
-10.055681,28.235072,19.000384
-14.206501,26.618867,19.009630
-18.424514,24.578984,19.008610
-22.332615,22.052788,18.997643
-25.680474,18.784345,19.001696
-28.688780,14.950915,19.007832
-31.155556,10.503952,19.007142
-32.591335,5.653171,19.003739
-33.207154,0.596008,19.005731
-33.281332,-4.473950,19.011274
-32.202679,-9.640378,19.007766
-30.181207,-14.522180,18.999977
-27.559788,-19.107846,18.995091
-24.251692,-23.472226,18.997023
-20.303616,-27.279327,19.004895
-15.930712,-30.588458,19.011237
-10.946331,-33.320338,19.010495
-5.362825,-35.199841,19.003737
0.474516,-35.984321,18.999488
6.354822,-35.622240,19.001297
12.056775,-34.135446,19.001257
17.338986,-31.537663,19.008026
22.002353,-27.920018,19.009367
25.716349,-23.359738,19.007410
28.151644,-18.213225,19.011821
29.630119,-12.721179,19.000642
30.186251,-7.474238,19.005171
30.057277,-2.398011,19.003597
29.363938,2.424245,18.999560
28.149772,6.933371,19.011937
26.376917,11.253251,19.013872
24.174739,15.139465,19.013270
21.637471,18.565416,19.003530
18.561222,21.805017,18.998732
15.099545,24.626048,19.010292
11.473510,26.865383,19.001770
7.393049,28.708983,19.006036
3.061143,29.724265,19.015469
-1.426564,29.820363,19.014391
-5.628975,28.928282,14.807933
-9.969849,27.712597,14.803119
-13.916005,26.031475,14.808702
-17.918419,23.921006,14.807916
-21.517877,21.249906,14.799527
-24.465337,17.826540,14.801815
-27.059251,14.143765,14.811437
-29.288032,9.990154,14.801133
-30.734022,5.519709,14.800235
-31.585388,0.666927,14.809597
-31.980714,-4.227495,14.801042
-31.307430,-9.304202,14.806927
-29.564381,-14.332965,14.802644
-27.312077,-18.944134,14.805087
-24.239972,-23.523404,14.811693
-20.451742,-27.275495,14.797054
-15.884175,-30.747127,14.801178
-10.826272,-33.445212,14.807729
-5.355024,-35.163056,14.809766
0.544385,-35.886020,14.807338
6.272470,-35.599050,14.800911
12.039945,-34.171010,14.805781
17.402977,-31.617946,14.809500
22.193291,-28.100520,14.812689
26.250326,-23.761669,14.810352
29.296292,-18.900531,14.798330
31.409874,-13.573463,14.799553
32.710293,-8.188343,14.799410
33.099855,-2.893713,14.797004
32.658241,2.429642,14.800376
31.413965,7.600508,14.809428
29.071006,12.148465,14.812308
26.276276,16.201310,14.801800
23.253059,19.807172,14.802200
19.811488,23.023058,14.808603
15.945092,25.712967,14.800531
11.915335,27.727365,14.799595
7.624719,29.111431,14.808752
3.166297,29.739508,14.815741
-1.353315,29.614784,14.813995
-5.537577,28.540256,10.600270
-9.629240,27.253845,10.606750
-13.524672,25.477446,10.611115
-17.228252,23.290608,10.612166
-20.646624,20.401566,10.613739
-23.299897,17.022395,10.613466
-25.657024,13.441076,10.608221
-27.732517,9.458773,10.605850
-29.252516,5.235036,10.607896
-30.283526,0.649429,10.610449
-30.763600,-4.020981,10.610834
-30.341929,-9.112231,10.610999
-28.997179,-13.816207,10.615423
-26.894136,-18.710054,10.608785
-24.124294,-23.219291,10.602152
-20.284898,-27.187790,10.613949
-15.919756,-30.561450,10.601087
-10.883705,-33.266357,10.604018
-5.423990,-34.955826,10.613025
0.460397,-35.678247,10.609070
6.376798,-35.455093,10.607314
12.134917,-34.065331,10.604990
17.504610,-31.563864,10.600372
22.337358,-28.138856,10.601237
26.379330,-24.091083,10.606066
29.748200,-19.219870,10.606550
32.074444,-14.001180,10.606129
33.643185,-8.490379,10.605047
34.236560,-3.026739,10.606314
33.901130,2.496023,10.607833
32.642403,7.856555,10.603920
30.169235,12.550310,10.597634
27.209336,16.720076,10.596935
23.999972,20.418329,10.605455
20.326241,23.660229,10.616298
16.355988,26.171362,10.614608
12.042480,28.032583,10.598836
7.481856,29.139163,10.603397
2.995810,29.515535,10.609410
-1.303592,29.300243,10.603860
-5.629159,28.047581,6.406761
-9.613787,26.634257,6.400950
-13.229997,24.855600,6.399774
-16.728935,22.481576,6.405445
-19.635256,19.695254,6.404619
-22.226234,16.351667,6.396785
-24.409184,12.966662,6.406647
-26.342607,9.211706,6.411500
-28.010257,5.100326,6.412393
-29.171142,0.832977,6.412406
-29.625322,-3.780106,6.404955
-29.414547,-8.615272,6.403777
-28.278160,-13.505465,6.406547
-26.429477,-18.208724,6.406896
-23.689361,-22.887136,6.404601
-19.985388,-26.878945,6.401608
-15.711297,-30.244882,6.397326
-10.748840,-32.924924,6.409989
-5.365221,-34.587095,6.408403
0.437723,-35.315772,6.397716
6.274262,-35.165520,6.414050
11.967532,-33.858579,6.408849
17.298224,-31.466696,6.399797
22.280948,-28.045315,6.403601
26.425114,-23.929139,6.407793
29.705395,-19.094640,6.400283
31.956941,-13.926284,6.398568
33.411844,-8.471748,6.410740
33.972414,-2.869635,6.407380
33.628424,2.567032,6.399360
32.441905,7.664719,6.410352
30.114929,12.576026,6.405811
27.331638,16.776370,6.406275
24.062896,20.604236,6.408534
20.410715,23.767891,6.405369
16.264757,26.255797,6.403718
11.943393,27.930574,6.407925
7.407496,28.831008,6.403027
2.966255,29.103588,6.400265
-1.278091,28.882713,6.404829
-5.510250,27.540221,2.202580
-9.374358,26.075150,2.200031
-12.879634,24.252812,2.202210
-16.139666,21.734896,2.207734
-18.835445,18.850785,2.207778
-21.293120,15.777878,2.205303
-23.433095,12.471047,2.213490
-25.291492,8.784814,2.207579
-26.963528,4.986856,2.198858
-28.219114,0.862130,2.197315
-28.564951,-3.663679,2.195954
-28.445951,-8.394539,2.203127
-27.498049,-13.211201,2.200204
-25.750379,-17.830358,2.202352
-23.188707,-22.253992,2.210653
-19.674832,-26.250637,2.206281
-15.381412,-29.713717,2.210486
-10.534212,-32.347918,2.204224
-5.277206,-33.997741,2.200055
0.392694,-34.740432,2.202703
6.101203,-34.617633,2.199039
11.868967,-33.332990,2.207375
17.092682,-31.024441,2.204337
21.992962,-27.710585,2.200085
26.027764,-23.673728,2.207748
29.124850,-18.869794,2.212297
31.264954,-13.573058,2.200515
32.453735,-8.190785,2.197001
32.851761,-2.885186,2.198657
32.482347,2.416155,2.195785
31.270586,7.594205,2.196998
29.457050,12.171945,2.210433
26.868248,16.587242,2.209107
23.745691,20.397890,2.200399
20.191013,23.510540,2.201193
16.128528,25.930346,2.210035
11.690359,27.563636,2.213732
7.238837,28.348563,2.206942
2.887636,28.580226,2.201645
-1.268147,28.374914,2.202210
-5.381831,26.962801,-1.990659
-9.117043,25.499041,-1.994924
-12.652127,23.555936,-1.991939
-15.529125,21.071795,-1.988135
-18.051609,18.180990,-1.992179
-20.517381,15.263822,-2.001115
-22.623727,12.071254,-2.004370
-24.417375,8.486779,-1.998881
-26.099887,4.819399,-1.989623
-27.346681,0.832994,-1.984291
-27.580241,-3.573674,-1.988515
-27.503348,-7.975476,-1.998024
-26.723086,-12.682320,-1.998439
-25.056665,-17.170199,-1.995174
-22.431253,-21.616381,-1.998517
-19.086494,-25.550771,-2.003260
-15.097652,-28.830946,-1.999909
-10.237474,-31.508453,-1.991558
-5.143574,-33.151696,-1.988544
0.357134,-33.887954,-1.995967
6.090392,-33.690411,-2.003599
11.508111,-32.488795,-1.991576
16.754486,-30.180178,-1.986960
21.358188,-27.062943,-1.993905
25.367427,-22.972187,-1.998785
28.234455,-18.216747,-1.994250
30.170905,-13.015517,-1.987098
31.122744,-7.754481,-1.998815
31.372388,-2.587578,-2.000676
30.977258,2.359317,-1.991466
29.873608,7.209519,-1.993271
28.307705,11.929769,-1.991051
26.085844,16.157522,-2.000494
23.147035,19.936276,-1.995492
19.739091,23.008297,-1.987548
15.813878,25.390980,-2.000408
11.506590,26.984189,-2.003666
7.186208,27.758859,-2.003407
2.768616,28.000457,-1.999427
-1.268532,27.794185,-1.992896
-5.241044,26.295201,-6.199085
-8.839849,24.879929,-6.201449
-12.222351,22.962022,-6.189046
-15.066323,20.370577,-6.192621
-17.474483,17.567321,-6.199490
-19.916592,14.811780,-6.186178
-21.978257,11.755621,-6.190953
-23.710057,8.301180,-6.193043
-25.293173,4.750738,-6.188696
-26.451016,0.891138,-6.185414
-26.661775,-3.354514,-6.185580
-26.573823,-7.594965,-6.192739
-25.870735,-12.147735,-6.201489
-24.164748,-16.619963,-6.196407
-21.647877,-20.708721,-6.187879
-18.475688,-24.540224,-6.194284
-14.496561,-27.826702,-6.192901
-9.970713,-30.312640,-6.197062
-4.894752,-31.996857,-6.197355
0.402229,-32.695893,-6.193497
5.742148,-32.400167,-6.197991
11.143295,-31.191189,-6.190938
16.018209,-29.019615,-6.190226
20.566470,-25.846020,-6.191898
24.233312,-21.969279,-6.191246
26.928050,-17.345356,-6.194484
28.728985,-12.308244,-6.196633
29.558363,-7.409267,-6.201627
29.760871,-2.427508,-6.197057
29.370245,2.339349,-6.192544
28.356491,7.025167,-6.202492
27.051559,11.445533,-6.199871
25.047253,15.589600,-6.189687
22.295548,19.292261,-6.193951
19.063899,22.313615,-6.196134
15.328197,24.685411,-6.185676
11.201062,26.284075,-6.199358
6.864616,27.124396,-6.198016
2.796606,27.367212,-6.190956
-1.277013,27.130814,-6.192856
-5.084065,25.520501,-10.387515
-8.690671,24.111623,-10.383667
-11.891681,22.243382,-10.396588
-14.646480,19.796292,-10.400950
-17.019598,17.186950,-10.391987
-19.475907,14.428870,-10.389558
-21.460440,11.520734,-10.395801
-23.145282,8.230896,-10.401697
-24.557280,4.620272,-10.398974
-25.489931,0.866664,-10.391858
-25.810647,-3.172405,-10.389457
-25.653202,-7.392736,-10.389855
-24.897102,-11.739887,-10.392922
-23.258419,-15.806808,-10.392477
-20.760953,-19.661347,-10.388232
-17.724197,-23.313849,-10.387900
-13.907473,-26.432505,-10.392086
-9.571849,-28.782546,-10.397312
-4.727037,-30.416964,-10.397751
0.326820,-31.089552,-10.391406
5.423699,-30.711936,-10.388480
10.408179,-29.575136,-10.400656
15.208309,-27.391230,-10.396820
19.318887,-24.343498,-10.391748
22.723876,-20.542851,-10.395287
25.282282,-16.120630,-10.392862
26.959149,-11.482335,-10.392991
27.801824,-6.808076,-10.386829
28.005997,-2.230127,-10.391446
27.651990,2.328193,-10.400396
26.805366,6.648173,-10.393528
25.609335,10.885146,-10.391122
23.752640,14.872164,-10.397537
21.307292,18.323014,-10.403756
18.172226,21.413696,-10.398474
14.666453,23.774185,-10.389392
10.768111,25.408908,-10.400080
6.646975,26.328460,-10.404080
2.593533,26.609710,-10.399715
-1.292478,26.345590,-10.394330
-4.901257,24.595950,-14.602555
-8.325746,23.297498,-14.598331
-11.494517,21.463795,-14.596109
-14.217179,19.275431,-14.598470
-16.708777,16.821407,-14.598225
-19.013237,14.197107,-14.594637
-20.990625,11.319296,-14.600254
-22.706328,8.070572,-14.591592
-23.777023,4.588674,-14.588141
-24.404264,0.968786,-14.596347
-24.957417,-2.981989,-14.595421
-24.713249,-6.960602,-14.596110
-23.847765,-11.054106,-14.601835
-22.142236,-15.002408,-14.596287
-19.667887,-18.574769,-14.585103
-16.707606,-21.949672,-14.588124
-13.169949,-24.720520,-14.586565
-9.040880,-26.881220,-14.589162
-4.451967,-28.408556,-14.596931
0.322423,-29.039602,-14.603097
4.973054,-28.657591,-14.601896
9.840700,-27.517706,-14.587894
14.188489,-25.429905,-14.596351
17.928530,-22.373994,-14.600556
20.896375,-18.775414,-14.595405
23.263641,-14.762267,-14.602753
24.886769,-10.571378,-14.598581
25.818863,-6.175416,-14.599852
26.086862,-1.856333,-14.593482
25.815106,2.294450,-14.586764
25.087437,6.390629,-14.592850
23.975871,10.227885,-14.587404
22.229559,14.002791,-14.597506
19.972293,17.300294,-14.603959
17.080572,20.293580,-14.598927
13.838893,22.628332,-14.595934
10.214273,24.309969,-14.588325
6.349556,25.319143,-14.591438
2.529383,25.654267,-14.599236
-1.308577,25.386324,-14.603224
-4.684434,23.487022,-18.788694
-7.896186,22.309747,-18.801111
-11.008346,20.563497,-18.804861
-13.666097,18.664167,-18.801265
-16.246352,16.424251,-18.795387
-18.516482,13.868875,-18.791350
-20.448076,11.056620,-18.796409
-22.157919,7.882443,-18.789338
-22.927639,4.435257,-18.792351
-23.275216,0.863322,-18.804099
-23.971258,-2.795552,-18.799300
-23.582453,-6.646769,-18.799485
-22.546453,-10.423910,-18.797088
-20.809191,-14.039006,-18.799644
-18.379834,-17.289598,-18.802014
-15.598285,-20.214721,-18.789618
-12.081084,-22.775388,-18.785121
-8.309376,-24.610173,-18.794808
-4.159907,-25.948344,-18.795055
0.137463,-26.574288,-18.786741
4.637549,-26.255498,-18.793104
8.870966,-25.234113,-18.794229
12.920334,-23.240776,-18.787895
16.264099,-20.237856,-18.791023
18.794814,-16.875336,-18.797239
21.001938,-13.311931,-18.793839
22.636721,-9.450576,-18.799092
23.645696,-5.532319,-18.796410
24.003128,-1.670776,-18.793976
23.822374,2.214737,-18.792232
23.217398,6.049388,-18.787330
22.101346,9.607373,-18.796738
20.508549,12.981896,-18.799444
18.352501,16.211027,-18.798828
15.816596,18.948664,-18.798920
12.866002,21.229415,-18.796787
9.546561,22.931411,-18.799188
5.976526,24.015889,-18.799147
2.423064,24.426819,-18.793342
-1.164010,24.228065,-18.786646
-4.418626,22.121410,-22.994436
-7.515866,21.026802,-22.990715
-10.400978,19.472393,-22.994352
-13.047699,17.772936,-22.993264
-15.633804,15.756935,-22.985707
-17.847862,13.331221,-22.986464
-19.695692,10.626528,-22.996560
-21.263403,7.697362,-23.002261
-21.898603,4.383011,-22.999927
-22.068138,0.946988,-22.995882
-22.700484,-2.561716,-22.997427
-22.173663,-6.075695,-23.002922
-20.939821,-9.609100,-22.999599
-19.269132,-12.739036,-22.995461
-16.952450,-15.652691,-22.994233
-14.135356,-18.280078,-22.991667
-11.035088,-20.321074,-22.999704
-7.525651,-21.912381,-23.003962
-3.839857,-23.047989,-22.995905
0.103152,-23.692937,-22.987093
4.100796,-23.583592,-22.991870
7.982131,-22.631620,-22.998518
11.553965,-20.794329,-22.994943
14.415224,-18.036666,-22.995180
16.712232,-14.745959,-22.999345
18.717883,-11.629699,-22.994101
20.218769,-8.395221,-22.993191
21.310816,-4.839472,-22.993733
21.757184,-1.309198,-22.988877
21.668094,2.123876,-22.988373
21.149883,5.650954,-22.997135
20.055466,8.896322,-22.994769
18.546205,11.975500,-22.999155
16.666625,14.836601,-23.003605
14.396222,17.404319,-22.999209
11.751677,19.581987,-22.995793
8.762784,21.258019,-23.002217
5.522315,22.374667,-22.996299
2.128478,22.865397,-22.990198
-1.171842,22.748923,-22.992903
-4.087290,20.419797,-27.197203
-7.000710,19.423623,-27.197206
-9.617609,18.073811,-27.199002
-12.178398,16.596927,-27.193716
-14.677201,14.815563,-27.190723
-16.690005,12.652527,-27.199535
-18.506791,10.014659,-27.197717
-19.898363,7.249943,-27.191207
-20.605603,4.149709,-27.189340
-20.829193,0.933627,-27.188762
-20.969337,-2.262931,-27.187506
-20.286407,-5.390153,-27.198318
-18.974997,-8.468041,-27.194489
-17.254291,-11.320613,-27.189378
-15.084893,-13.852080,-27.190795
-12.592532,-15.871547,-27.186764
-9.717630,-17.561037,-27.195475
-6.638544,-18.842136,-27.199327
-3.311371,-19.779876,-27.195676
-0.028975,-20.409803,-27.192651
3.552267,-20.653303,-27.193218
7.033067,-19.808139,-27.200999
10.118759,-18.161084,-27.192970
12.627311,-15.640131,-27.186844
14.558103,-12.744413,-27.194520
16.332683,-10.079940,-27.198418
17.759108,-7.212584,-27.199038
18.810926,-4.175399,-27.200215
19.329732,-1.021941,-27.200771
19.321973,2.064714,-27.199200
18.864896,5.234344,-27.194858
17.828469,8.131334,-27.189036
16.438575,10.880963,-27.192988
14.758323,13.457190,-27.190895
12.834945,15.693937,-27.188251
10.497758,17.697162,-27.198026
7.857535,19.281578,-27.199815
4.976437,20.360575,-27.195457
1.937337,20.900595,-27.193336
-1.161026,20.905163,-27.195332
-3.662974,18.246174,-31.400324
-6.205984,17.417316,-31.391564
-8.594468,16.227460,-31.390361
-10.968712,14.977095,-31.390618
-13.177620,13.500720,-31.388396
-15.061476,11.436184,-31.388308
-16.644818,9.140305,-31.389837
-17.784154,6.617898,-31.394589
-18.692523,3.951933,-31.395177
-19.101897,1.008982,-31.394851
-18.537880,-1.849397,-31.402049
-17.744777,-4.527346,-31.403333
-16.457571,-7.101343,-31.393594
-14.887500,-9.422429,-31.388585
-12.961676,-11.568259,-31.389365
-10.673054,-13.164252,-31.386699
-8.198146,-14.442092,-31.394537
-5.597666,-15.441555,-31.392155
-2.905979,-16.122897,-31.389697
-0.071526,-16.769935,-31.397339
2.977735,-17.411253,-31.399399
5.891297,-16.754143,-31.395837
8.572326,-15.280166,-31.401051
10.727361,-13.082951,-31.397575
12.338417,-10.655116,-31.385361
13.908587,-8.360386,-31.388267
15.178912,-5.885223,-31.400722
16.104723,-3.371934,-31.406423
16.656575,-0.647945,-31.396039
16.715973,2.029883,-31.386964
16.308227,4.671173,-31.392213
15.343323,7.282104,-31.389422
14.170470,9.562097,-31.392625
12.716037,11.803207,-31.401184
10.991250,13.845653,-31.398118
8.982465,15.610136,-31.386611
6.704529,17.012217,-31.393114
4.211334,17.968331,-31.395622
1.576231,18.493275,-31.397087
-1.115267,18.591090,-31.401364
-3.187911,15.351420,-35.590477
-5.260643,14.666439,-35.593148
-7.202404,13.682314,-35.601319
-9.162331,12.695571,-35.596761
-11.037605,11.454696,-35.590526
-12.529589,9.721563,-35.600063
-13.837268,7.853513,-35.599838
-14.741322,5.704897,-35.594529
-15.689453,3.559393,-35.593462
-16.185764,1.097591,-35.596352
-15.218402,-1.218844,-35.598692
-14.431084,-3.364326,-35.601953
-13.274447,-5.389841,-35.595208
-11.957165,-7.159296,-35.593692
-10.423598,-8.813053,-35.600732
-8.485275,-10.011449,-35.600202
-6.510170,-10.940603,-35.596968
-4.462439,-11.691977,-35.592125
-2.337258,-12.171159,-35.594009
-0.222386,-12.724514,-35.598590
2.239015,-13.688887,-35.592894
4.691573,-13.189785,-35.597940
6.815381,-12.011794,-35.599703
8.529337,-10.320299,-35.594955
9.852619,-8.340620,-35.593241
11.152732,-6.481020,-35.597930
12.181641,-4.559841,-35.600238
13.008403,-2.440320,-35.590437
13.514717,-0.319151,-35.593867
13.622735,1.951543,-35.601447
13.261625,4.104279,-35.588482
12.458495,6.229252,-35.592912
11.455056,8.167275,-35.590161
10.317089,9.920211,-35.593360
8.914755,11.590741,-35.600389
7.283023,13.039491,-35.597137
5.437094,14.204959,-35.602363
3.412657,15.007331,-35.599312
1.177047,15.490001,-35.592606
-1.018318,15.617106,-35.590344
-2.421254,11.261451,-39.798719
-3.871005,10.767301,-39.793978
-5.217085,10.047780,-39.793532
-6.589966,9.343563,-39.792087
-7.877326,8.442619,-39.790923
-8.851417,7.244059,-39.794464
-9.786334,5.944281,-39.797370
-10.401345,4.435550,-39.794757
-11.172724,2.950253,-39.796174
-11.585508,1.248022,-39.798749
-10.637659,-0.349767,-39.793545
-10.022878,-1.765134,-39.795603
-9.139950,-3.133886,-39.795590
-8.209142,-4.293765,-39.794164
-7.172567,-5.399909,-39.795103
-5.892951,-6.127215,-39.795482
-4.548793,-6.722365,-39.792678
-3.173716,-7.225235,-39.795859
-1.800303,-7.531128,-39.798981
-0.333806,-7.956978,-39.795667
1.366004,-9.010977,-39.794846
3.069920,-8.771290,-39.797438
4.595550,-7.959730,-39.798821
5.834667,-6.824697,-39.798091
6.791054,-5.452086,-39.794480
7.722894,-4.160498,-39.789662
8.476216,-2.757097,-39.792261
9.047417,-1.268880,-39.791406
9.470397,0.274046,-39.792329
9.592080,1.857550,-39.795637
9.275853,3.424982,-39.794755
8.738457,4.858556,-39.798295
8.021875,6.281970,-39.791337
7.187369,7.565596,-39.791610
6.196531,8.731661,-39.799692
5.050245,9.747123,-39.799487
3.703616,10.602654,-39.795865
2.215858,11.171418,-39.795828
0.704049,11.455186,-39.798417
-0.900452,11.490060,-39.800418
-0.397874,1.601913,-43.994763
-6.444747,14.159183,40.005237
-8.757047,13.188562,40.005237
-11.070105,11.928771,40.005237
-13.229698,10.421401,40.005237
-15.188702,8.660519,40.005237
-16.952758,6.537616,40.005237
-18.365051,4.021270,40.005237
-19.185023,1.251521,40.005237
-19.273361,-1.631242,40.005237
-18.694382,-4.332590,40.005237
-17.595281,-7.000342,40.005237
-16.263722,-9.416653,40.005237
-14.763154,-11.731796,40.005237
-13.157685,-13.974393,40.005236
-11.423721,-16.281506,40.005236
-9.427466,-18.856146,40.005236
-7.081552,-21.621604,40.005237
-4.051605,-24.354004,40.005237
-0.313647,-25.634078,40.005237
3.447023,-25.007130,40.005237
6.875242,-23.169719,40.005236
9.788241,-20.989591,40.005236
12.517869,-18.587052,40.005236
14.887413,-16.167622,40.005236
17.099733,-13.440160,40.005236
18.883049,-10.558648,40.005237
20.211150,-7.305319,40.005236
20.875626,-3.983041,40.005236
20.898439,-0.468191,40.005237
20.319641,2.870643,40.005236
19.151652,6.052863,40.005236
17.369013,8.934368,40.005237
15.103247,11.283529,40.005237
12.411260,13.128534,40.005237
9.555043,14.425617,40.005237
6.780025,15.217263,40.005237
3.925499,15.632863,40.005237
1.165749,15.685779,40.005237
-1.461394,15.433214,40.005237
-3.917588,14.342958,36.205019
-6.190134,13.679856,36.209499
-8.524005,12.834824,36.207923
-10.977653,11.924095,36.202496
-13.582069,10.769449,36.205523
-15.695018,9.018071,36.208148
-17.548030,6.834985,36.210961
-19.329781,4.313035,36.206296
-21.057888,1.487282,36.203894
-21.476849,-1.604574,36.207969
-20.198961,-4.657040,36.208676
-18.694032,-7.360344,36.204739
-17.450533,-10.081536,36.208848
-15.628810,-12.270981,36.211560
-13.867120,-14.662447,36.208207
-12.142421,-17.408746,36.206610
-9.764382,-19.607082,36.209293
-6.925085,-21.151167,36.204894
-3.833334,-22.475682,36.210862
-0.436784,-23.295599,36.207931
3.140985,-22.947498,36.199659
6.295679,-21.448464,36.211250
9.185930,-19.726473,36.201720
11.988389,-17.892820,36.203316
14.713258,-15.920259,36.208977
17.320446,-13.614937,36.200046
19.358433,-10.787350,36.209136
20.637094,-7.398155,36.212438
20.905240,-3.936923,36.208348
20.419469,-0.476682,36.207928
19.609476,2.786292,36.205286
18.224274,5.697283,36.197350
16.344764,8.341631,36.203091
14.218268,10.605835,36.212167
11.861915,12.440872,36.204705
9.234958,13.860993,36.207926
6.527001,14.780519,36.204228
3.827907,15.248917,36.202186
1.094527,15.292167,36.208324
-1.489370,14.929318,36.206795
-3.828284,13.969812,32.398389
-6.153615,13.420479,32.402679
-8.548486,12.677914,32.405997
-11.094395,11.951005,32.401652
-13.792325,10.981646,32.400294
-16.095940,9.215186,32.408204
-18.279317,7.131080,32.411473
-20.346042,4.634802,32.402956
-22.343566,1.644022,32.397056
-22.958020,-1.708452,32.403073
-21.815409,-4.977064,32.406416
-20.172503,-7.930432,32.399569
-18.590352,-10.649871,32.401936
-16.439647,-12.934108,32.405534
-14.518671,-15.383820,32.402998
-12.676336,-18.105643,32.401867
-10.102754,-20.123319,32.406928
-6.872570,-21.148539,32.405321
-3.672194,-21.813515,32.402780
-0.424337,-22.290816,32.402218
2.937817,-22.051644,32.403474
5.985887,-20.853603,32.405351
8.942422,-19.449103,32.404774
11.944299,-17.893924,32.404096
14.889137,-16.193235,32.407293
17.825624,-14.041407,32.411585
20.046014,-11.146595,32.406190
21.229032,-7.679712,32.403863
21.215911,-3.922816,32.404039
20.404685,-0.488077,32.401473
19.382340,2.747276,32.401213
17.833024,5.622548,32.405164
15.668381,8.064682,32.405781
13.370665,10.025159,32.406036
11.164511,11.688434,32.412030
8.607452,13.023601,32.412887
6.121507,13.923701,32.402035
3.544168,14.467095,32.398674
1.032535,14.583418,32.406036
-1.471719,14.379090,32.402904
-3.789446,13.810548,28.605048
-6.180811,13.396549,28.601548
-8.517654,12.757250,28.600159
-11.118905,12.058635,28.602808
-13.863661,11.079377,28.604412
-16.258308,9.357517,28.603780
-18.814662,7.438009,28.598635
-21.134395,4.903990,28.602895
-22.870629,1.750738,28.601060
-23.596157,-1.736941,28.603328
-23.124912,-5.169492,28.609979
-21.638680,-8.425053,28.600374
-19.517481,-11.142094,28.602546
-17.197784,-13.527638,28.602323
-15.149918,-15.960088,28.603025
-13.011919,-18.519048,28.602727
-10.213468,-20.530913,28.597171
-7.025559,-21.453060,28.602624
-3.733393,-21.955513,28.609621
-0.419289,-22.201807,28.606558
2.881459,-21.903048,28.598848
6.059603,-20.929371,28.598960
9.162967,-19.738303,28.599585
12.310386,-18.349692,28.598053
15.503472,-16.714881,28.598140
18.644504,-14.524741,28.602611
20.921820,-11.431575,28.606577
21.941610,-7.852529,28.611286
21.730736,-4.029103,28.607663
20.712278,-0.459839,28.598094
19.505189,2.767696,28.599970
17.849278,5.668289,28.606182
15.473456,7.951873,28.611497
12.910622,9.662306,28.612142
10.568101,11.210886,28.608454
8.128520,12.308871,28.606483
5.709234,13.155347,28.609695
3.356488,13.716328,28.609277
0.935817,13.942438,28.603762
-1.368457,13.976996,28.603810
-3.805795,13.915171,24.801518
-6.254850,13.581208,24.797354
-8.643006,12.955580,24.801137
-11.138415,12.188026,24.803687
-13.881213,11.030786,24.799227
-16.229480,9.382733,24.804978
-19.026864,7.479660,24.804366
-21.388228,4.865884,24.801131
-22.602769,1.727575,24.807007
-23.322429,-1.736031,24.810064
-23.561526,-5.358329,24.806707
-22.415408,-8.697054,24.810126
-20.059101,-11.469083,24.807720
-17.804584,-13.998171,24.804351
-15.544746,-16.505564,24.805031
-13.158150,-18.729326,24.807785
-10.284149,-20.741875,24.808384
-7.119184,-21.934126,24.806189
-3.787229,-22.587564,24.805181
-0.414674,-22.679358,24.808469
2.946452,-22.247759,24.811280
6.246484,-21.508831,24.806852
9.597702,-20.454935,24.801354
12.856351,-19.155168,24.802799
16.252055,-17.484990,24.803751
19.528088,-15.133652,24.798787
21.747981,-11.907952,24.806184
22.666830,-8.102720,24.810398
22.330115,-4.076847,24.810348
21.238710,-0.461424,24.810120
19.888787,2.777839,24.804537
18.166035,5.717015,24.797143
15.754471,8.044641,24.804061
13.099175,9.724108,24.810567
10.643956,11.192886,24.800468
8.121158,12.227300,24.806847
5.618446,12.959388,24.810899
3.331621,13.446077,24.808574
0.878749,13.769684,24.807482
-1.463801,13.942590,24.805205
-3.881822,14.350496,20.998175
-6.364768,13.961418,20.999411
-8.779080,13.285392,21.003160
-11.228707,12.287403,21.001387
-13.661816,10.959388,20.997369
-16.031479,9.275404,20.998992
-18.493426,7.280124,21.000840
-20.578268,4.693326,21.009179
-21.611152,1.585865,21.006943
-22.292380,-1.667971,21.001446
-22.804907,-5.179772,21.003122
-21.994316,-8.536050,21.000233
-20.106341,-11.557809,20.997129
-18.183761,-14.261116,21.007822
-15.823401,-16.724394,21.008228
-13.080117,-18.815521,20.997228
-10.387391,-20.720849,20.998004
-7.232958,-22.386303,21.005316
-3.919959,-23.347453,21.012187
-0.368543,-23.417166,21.007558
3.039815,-22.912347,20.997224
6.563514,-22.368931,20.997636
10.137366,-21.423361,21.003192
13.598315,-20.117057,21.009730
17.148797,-18.334268,21.012410
20.469295,-15.715536,21.007277
22.556264,-12.327941,21.003110
23.345228,-8.304625,21.010638
22.957524,-4.214269,21.009344
21.844238,-0.409537,20.998580
20.327207,2.965379,21.004842
18.511432,5.882109,21.000948
16.372483,8.403075,20.999484
13.959304,10.457351,21.007995
11.364469,12.040773,21.012927
8.822549,13.175573,21.007137
6.124767,13.770162,20.999021
3.496611,14.094258,21.001010
1.008961,14.411707,21.007845
-1.369251,14.500916,21.004445
-4.026758,15.161601,17.202770
-6.508071,14.561258,17.205362
-9.040197,13.665860,17.208004
-11.346773,12.312000,17.211599
-13.490948,10.689808,17.210440
-15.728581,8.986087,17.202554
-17.560851,6.849631,17.207372
-19.255629,4.251729,17.212383
-20.312214,1.378139,17.205185
-21.000143,-1.653230,17.204946
-21.364607,-4.833915,17.212305
-20.842533,-8.156486,17.206962
-19.772286,-11.333479,17.210355
-18.170399,-14.299855,17.211563
-15.840630,-16.678524,17.205679
-13.074338,-18.602168,17.202153
-10.249538,-20.641843,17.206568
-7.359553,-22.597382,17.209444
-3.980557,-23.934030,17.213806
-0.378343,-24.150066,17.207733
3.228717,-23.715612,17.198926
6.964116,-23.338104,17.207663
10.622203,-22.504607,17.209046
14.408299,-21.123929,17.207436
18.084518,-19.165794,17.205037
21.293758,-16.307491,17.201075
23.271115,-12.631912,17.206778
23.904888,-8.386900,17.200722
23.485646,-4.233908,17.198964
22.467442,-0.480456,17.209537
20.831439,3.053387,17.210194
18.928926,5.966489,17.205278
17.141648,8.830672,17.201348
15.210338,11.362817,17.205318
12.544522,13.194157,17.212341
9.786724,14.639178,17.201472
6.802866,15.251945,17.203378
3.841674,15.496207,17.207845
1.179316,15.742983,17.201965
-1.497497,15.594625,17.200677
-4.249688,16.353551,13.410510
-6.897509,15.305494,13.408459
-9.208671,14.117041,13.400565
-11.361388,12.281448,13.399614
-13.117323,10.386330,13.405289
-15.195119,8.643382,13.402337
-16.649010,6.350293,13.401029
-17.955147,3.956770,13.400491
-19.138243,1.222716,13.404193
-19.820847,-1.555095,13.411347
-20.016850,-4.668117,13.410680
-19.709220,-7.780339,13.400687
-19.093277,-10.984354,13.407208
-17.733784,-13.954659,13.411897
-15.435190,-16.442638,13.405944
-12.797218,-18.375256,13.402184
-10.173952,-20.305894,13.406634
-7.254377,-22.530028,13.405547
-3.931802,-24.089471,13.400612
-0.306305,-24.623401,13.397921
3.368772,-24.525142,13.399356
7.299506,-24.283097,13.402058
11.153610,-23.493450,13.401049
15.126444,-22.066207,13.403254
18.896187,-19.896065,13.405872
21.951341,-16.791262,13.405118
23.786910,-12.834735,13.412328
24.267043,-8.519582,13.410647
23.860101,-4.309014,13.405614
22.872999,-0.361555,13.403500
21.244736,3.079715,13.398707
19.257973,6.162399,13.402909
17.718956,9.053145,13.404277
15.955531,11.910916,13.399575
13.242873,13.989876,13.397986
10.397062,15.607253,13.400106
7.458215,16.618114,13.405986
4.369446,17.156846,13.405617
1.387518,17.316565,13.401181
-1.465614,17.037695,13.405270
-4.428694,17.257881,9.603603
-7.030861,15.826882,9.605330
-9.283384,14.243181,9.603676
-11.169482,12.136418,9.603392
-12.648278,10.020025,9.603179
-14.523345,8.239432,9.599186
-15.808569,5.998735,9.605449
-16.963151,3.679731,9.607600
-18.170924,1.086364,9.607098
-18.841743,-1.542070,9.609243
-18.954465,-4.404373,9.608017
-18.757336,-7.390757,9.602000
-18.221751,-10.479159,9.607719
-16.943791,-13.330987,9.607326
-14.993259,-15.789770,9.603823
-12.532963,-17.934385,9.604453
-9.918330,-19.891667,9.607021
-7.122634,-22.065462,9.608057
-4.002360,-23.714833,9.603264
-0.321527,-24.743048,9.598827
3.465289,-25.162375,9.603784
7.546777,-25.023341,9.613010
11.555016,-24.258197,9.603015
15.666322,-22.790092,9.596962
19.474853,-20.409759,9.599616
22.332605,-17.107259,9.597201
24.003792,-12.924532,9.603925
24.353958,-8.591755,9.609271
23.967177,-4.369908,9.603315
23.051591,-0.401853,9.598105
21.425384,3.045921,9.607585
19.531160,6.196165,9.603051
17.850933,9.162657,9.598633
15.929718,11.952696,9.600439
13.275385,14.098212,9.597797
10.434674,15.699499,9.598082
7.701339,17.274864,9.604525
4.651316,18.288050,9.605841
1.472948,18.348538,9.600712
-1.559032,18.048218,9.600819
-4.324212,16.666175,5.805864
-6.827916,15.189085,5.802695
-8.952293,13.540787,5.808917
-10.720149,11.573826,5.809063
-12.196770,9.516375,5.803544
-13.808982,7.742622,5.813153
-15.098436,5.565120,5.812938
-16.154610,3.412849,5.804832
-17.302146,0.996861,5.806567
-17.967676,-1.562230,5.807641
-18.054484,-4.239406,5.803965
-17.895125,-7.029064,5.809750
-17.242445,-9.890497,5.811961
-15.911643,-12.642553,5.812805
-14.265782,-15.085955,5.804656
-12.188832,-17.318093,5.797958
-9.645451,-19.267260,5.802701
-6.975509,-21.263609,5.798221
-3.856908,-23.026960,5.802872
-0.389067,-24.460297,5.805522
3.606939,-25.439238,5.803026
7.610522,-25.376960,5.812258
11.810456,-24.610053,5.801714
15.950309,-23.107387,5.802022
19.599225,-20.652607,5.813125
22.371985,-17.053395,5.809178
23.802659,-12.883027,5.808622
24.057332,-8.501660,5.805246
23.659423,-4.236264,5.802521
22.814904,-0.477619,5.805380
21.194876,3.028440,5.809523
19.450670,6.184211,5.811947
17.527915,9.054637,5.812078
15.312163,11.552584,5.808954
12.836603,13.575510,5.805005
10.042786,15.110950,5.806765
7.389819,16.707178,5.806458
4.568553,17.728751,5.807766
1.447979,17.767646,5.811641
-1.527290,17.462669,5.810244
-3.959142,14.690463,2.005576
-6.227292,13.551845,2.007923
-8.204958,12.166964,2.007355
-10.057590,10.618733,2.009599
-11.666276,8.998116,2.009979
-13.067296,7.189981,2.000320
-14.342982,5.291589,2.006445
-15.441260,3.149218,2.009675
-16.464275,0.948325,2.002297
-17.119270,-1.481698,2.002455
-17.231760,-4.165451,2.009859
-17.034504,-6.817691,2.003804
-16.196850,-9.353459,1.997542
-14.881908,-11.817156,2.004624
-13.480284,-14.249107,2.010199
-11.623121,-16.636189,2.011180
-9.319238,-18.456087,2.010586
-6.708700,-20.268156,1.999066
-3.765495,-22.001131,2.001970
-0.362661,-23.779813,2.008438
3.458879,-25.081900,2.001828
7.534616,-25.088247,1.998649
11.678048,-24.369138,2.004519
15.732527,-22.872594,2.009433
19.332695,-20.259195,2.006468
21.803864,-16.698726,2.001223
23.051000,-12.554221,2.002344
23.237354,-8.243347,2.005676
22.826179,-4.183646,2.010861
21.961745,-0.481951,2.010520
20.467630,2.879845,1.998565
18.881760,5.948786,2.004322
16.776455,8.612138,2.011200
14.360516,10.703651,2.004278
11.973470,12.594954,1.997943
9.303709,14.054246,2.007705
6.686515,15.067469,2.009412
3.965250,15.650136,2.004711
1.160447,15.708534,2.004114
-1.512032,15.388970,2.004364
-3.582916,12.559055,-1.800007
-5.587929,11.801020,-1.793753
-7.434154,10.760564,-1.796544
-9.280475,9.666709,-1.799464
-11.100224,8.397622,-1.793229
-12.331320,6.636722,-1.801433
-13.622435,4.938639,-1.799646
-14.694258,2.972347,-1.798346
-15.660707,0.792868,-1.793694
-16.256313,-1.477770,-1.792483
-16.394575,-3.980361,-1.794536
-16.172925,-6.448036,-1.789049
-15.198664,-8.867356,-1.788221
-13.958117,-11.025230,-1.799374
-12.636271,-13.412917,-1.799808
-10.993197,-15.711849,-1.790732
-8.796219,-17.536221,-1.792938
-6.305228,-19.136590,-1.800451
-3.571808,-20.777655,-1.794315
-0.451267,-22.525487,-1.786263
3.217373,-23.807115,-1.793288
7.135300,-23.873237,-1.802077
11.125577,-23.240843,-1.792583
14.896695,-21.822561,-1.788413
18.202484,-19.310571,-1.793736
20.478646,-15.829561,-1.793565
21.559885,-11.823036,-1.793561
21.705274,-7.794473,-1.794824
21.255781,-4.025842,-1.794758
20.329869,-0.476804,-1.796195
19.011830,2.688855,-1.801899
17.538019,5.560373,-1.797393
15.438832,7.918861,-1.794557
13.034326,9.679861,-1.799214
10.749443,11.365013,-1.800594
8.447111,12.613388,-1.794807
5.805056,13.195082,-1.793202
3.310508,13.364745,-1.793070
0.949880,13.456176,-1.791296
-1.394506,13.156383,-1.796741
-3.231025,11.014981,-5.599191
-5.106423,10.466802,-5.591684
-6.854700,9.662405,-5.588711
-8.618057,8.812536,-5.595487
-10.374480,7.834860,-5.599277
-11.576033,6.152743,-5.597921
-12.873179,4.566603,-5.599919
-13.940639,2.705171,-5.601435
-14.766286,0.702309,-5.598814
-15.321623,-1.480125,-5.591619
-15.487212,-3.748321,-5.587046
-15.229457,-6.099692,-5.590605
-14.342703,-8.300788,-5.594896
-13.093610,-10.443856,-5.594551
-11.783995,-12.546764,-5.588729
-10.229120,-14.615139,-5.591356
-8.300380,-16.339401,-5.601350
-5.909842,-17.799370,-5.595939
-3.411363,-19.295208,-5.589528
-0.412144,-20.761281,-5.588619
2.828570,-21.586497,-5.589908
6.384461,-21.733856,-5.589319
10.022069,-21.247141,-5.588461
13.456725,-19.949305,-5.596041
16.428331,-17.615666,-5.600291
18.435290,-14.406989,-5.589855
19.347948,-10.747024,-5.586419
19.478565,-7.070940,-5.594843
18.983083,-3.665958,-5.603390
18.055899,-0.565082,-5.600867
16.994237,2.257000,-5.589625
15.615620,4.835522,-5.587426
13.741397,6.897243,-5.588685
11.475228,8.560026,-5.589880
9.434230,9.961370,-5.595318
7.314893,11.060425,-5.594757
5.008433,11.501619,-5.593411
2.733723,11.592330,-5.592891
0.694057,11.695245,-5.592791
-1.329423,11.467213,-5.597340
-3.086310,9.851271,-9.398048
-4.771986,9.431580,-9.390985
-6.363627,8.793089,-9.389626
-8.038186,8.034982,-9.396674
-9.688410,7.114769,-9.399309
-10.819812,5.666266,-9.388242
-12.056574,4.197750,-9.386710
-13.098512,2.477798,-9.398763
-13.798447,0.586069,-9.403945
-14.298030,-1.467365,-9.394686
-14.484426,-3.567079,-9.389723
-14.186960,-5.756909,-9.395832
-13.451451,-7.838428,-9.391759
-12.299748,-9.834495,-9.391681
-10.930277,-11.559063,-9.398128
-9.419128,-13.311456,-9.397585
-7.636685,-15.036802,-9.388298
-5.477972,-16.289124,-9.389365
-3.121467,-17.625405,-9.394962
-0.516650,-18.486492,-9.396389
2.274963,-18.789628,-9.394845
5.428322,-19.022175,-9.397099
8.577804,-18.701986,-9.400202
11.653729,-17.566670,-9.394602
14.212223,-15.539632,-9.392154
15.957778,-12.655882,-9.400821
16.726542,-9.488791,-9.395967
16.902994,-6.399491,-9.388847
16.441373,-3.385320,-9.392446
15.507521,-0.653681,-9.398466
14.680758,1.808734,-9.390739
13.401049,4.045118,-9.394694
11.781531,5.832181,-9.398350
9.949083,7.375633,-9.393138
8.105644,8.587665,-9.395330
6.289220,9.476765,-9.394964
4.255072,10.004690,-9.390731
2.341168,10.216580,-9.392740
0.523923,10.331572,-9.402161
-1.286332,10.192501,-9.403738
-2.905988,8.944663,-13.187561
-4.469168,8.575251,-13.196407
-5.966005,8.015860,-13.198308
-7.419671,7.324678,-13.195490
-8.913792,6.390183,-13.200845
-10.052732,5.138624,-13.188404
-11.186235,3.777894,-13.195564
-12.184642,2.207449,-13.195992
-12.745628,0.448173,-13.193016
-13.185123,-1.455446,-13.192952
-13.373798,-3.368843,-13.190313
-13.048139,-5.379438,-13.190549
-12.482420,-7.321752,-13.200277
-11.441096,-9.163744,-13.191698
-9.980524,-10.557133,-13.185290
-8.463376,-12.029889,-13.192636
-6.921388,-13.564086,-13.202813
-4.997144,-14.629361,-13.202191
-2.927271,-15.662238,-13.199516
-0.566353,-16.036386,-13.198239
1.818135,-15.991723,-13.198862
4.417867,-16.254600,-13.199631
7.194304,-16.034087,-13.195451
9.741577,-15.095166,-13.190529
11.932314,-13.372086,-13.190241
13.418142,-11.004423,-13.193816
14.150812,-8.237552,-13.193621
14.378647,-5.601544,-13.195188
13.992031,-3.044650,-13.198998
13.106400,-0.661987,-13.200649
12.463884,1.451317,-13.198239
11.344885,3.297318,-13.192775
9.926866,4.892347,-13.194938
8.585422,6.285220,-13.200836
6.969970,7.361079,-13.192920
5.271220,8.113379,-13.190711
3.682696,8.688081,-13.189002
1.970873,9.132442,-13.187810
0.370462,9.251512,-13.194405
-1.317590,9.173660,-13.191416
-2.756818,8.126182,-16.989959
-4.190131,7.775913,-16.990535
-5.584475,7.266807,-16.997896
-6.884442,6.567368,-17.002607
-8.117181,5.615213,-17.000430
-9.257373,4.561397,-16.991908
-10.272267,3.289607,-16.995713
-11.173245,1.918913,-16.989393
-11.597009,0.290520,-16.991861
-11.968781,-1.388589,-16.993324
-12.145838,-3.199796,-16.990179
-11.797709,-4.960197,-16.990394
-11.313326,-6.743142,-16.990361
-10.435787,-8.302615,-16.997535
-8.927573,-9.481909,-16.997575
-7.572968,-10.624773,-16.999059
-6.200648,-11.961423,-17.001871
-4.493335,-12.867991,-16.996143
-2.604342,-13.564937,-16.997817
-0.634535,-13.745759,-17.000008
1.371551,-13.750908,-16.995066
3.583169,-13.935503,-16.987930
5.870280,-13.728157,-16.993633
8.106173,-12.914058,-16.993751
9.987197,-11.471693,-16.992796
11.310583,-9.496582,-16.997931
12.029940,-7.242360,-16.989995
12.295507,-5.017667,-16.988035
12.041964,-2.755781,-16.994325
11.369853,-0.709654,-16.996166
10.762512,1.132921,-16.991127
9.753081,2.737179,-16.988701
8.594106,4.105341,-16.988604
7.463147,5.470490,-16.989247
6.127792,6.401205,-16.996163
4.547870,7.050160,-16.994734
3.118351,7.663486,-16.987810
1.753961,8.218094,-16.989977
0.202027,8.352989,-17.002015
-1.290209,8.302530,-16.999378
-2.548375,7.295927,-20.805027
-3.853840,6.953889,-20.799125
-5.143829,6.488275,-20.792877
-6.291858,5.789325,-20.789066
-7.270760,4.837502,-20.789636
-8.388822,3.959439,-20.798249
-9.245117,2.822109,-20.787794
-10.070347,1.566936,-20.798378
-10.362627,0.128247,-20.792148
-10.675894,-1.343250,-20.795965
-10.815165,-2.924867,-20.797724
-10.444647,-4.452898,-20.788612
-9.939629,-5.989643,-20.795350
-9.167845,-7.348016,-20.792412
-7.897416,-8.331984,-20.800292
-6.614189,-9.320118,-20.795185
-5.418060,-10.315438,-20.788897
-3.901300,-11.048703,-20.800712
-2.319273,-11.386665,-20.802378
-0.672737,-11.750133,-20.799229
1.044245,-12.051854,-20.797269
2.925788,-12.066018,-20.797171
4.852848,-11.809997,-20.796248
6.753643,-11.142991,-20.790359
8.378498,-9.968658,-20.789514
9.567469,-8.340341,-20.797499
10.308494,-6.466337,-20.797395
10.567749,-4.483802,-20.791077
10.506008,-2.596686,-20.789720
10.210963,-0.743221,-20.793296
9.525920,0.862301,-20.788672
8.572424,2.332899,-20.794881
7.603759,3.630141,-20.803212
6.636770,4.763074,-20.796613
5.387996,5.689784,-20.788708
4.017108,6.272568,-20.789830
2.761363,6.797301,-20.794904
1.464106,7.371188,-20.798370
0.109881,7.504750,-20.801987
-1.265528,7.456476,-20.805082
-2.408203,6.337905,-24.587586
-3.514654,6.025327,-24.588697
-4.668967,5.597293,-24.589240
-5.657067,4.929560,-24.587956
-6.406214,4.039338,-24.592956
-7.450097,3.316329,-24.594225
-8.145966,2.318527,-24.590578
-8.838851,1.240088,-24.598136
-9.063690,-0.048793,-24.590374
-9.319909,-1.306083,-24.586818
-9.378895,-2.661628,-24.589840
-8.989163,-3.946451,-24.589486
-8.467618,-5.162326,-24.592161
-7.797459,-6.307525,-24.601773
-6.857738,-7.246771,-24.604718
-5.686702,-7.972646,-24.596496
-4.585121,-8.631750,-24.591562
-3.386313,-9.160981,-24.591410
-2.061772,-9.303872,-24.587118
-0.738413,-9.859018,-24.589424
0.708856,-10.325695,-24.595034
2.277338,-10.212880,-24.597184
3.857766,-9.942703,-24.596445
5.424757,-9.394402,-24.589586
6.781786,-8.447435,-24.588028
7.807759,-7.135261,-24.595088
8.514121,-5.620139,-24.593182
8.769556,-3.947877,-24.588493
8.824148,-2.380618,-24.588065
8.830559,-0.828459,-24.592014
8.142780,0.646438,-24.599506
7.352037,1.875757,-24.598859
6.613570,3.033089,-24.592137
5.672645,4.046021,-24.588094
4.614257,4.853742,-24.586141
3.486743,5.430231,-24.588467
2.309128,5.917850,-24.592997
1.177729,6.357758,-24.594492
-0.026218,6.509078,-24.594144
-1.199900,6.489803,-24.591005
-2.169047,5.169581,-28.401230
-3.148510,4.905612,-28.400125
-4.072848,4.553374,-28.394735
-4.906878,3.995142,-28.399159
-5.530840,3.185727,-28.400064
-6.388613,2.629102,-28.388315
-6.970381,1.732889,-28.400200
-7.508514,0.810418,-28.392046
-7.684063,-0.235648,-28.385791
-7.854505,-1.295107,-28.392932
-7.814319,-2.351459,-28.394394
-7.453313,-3.364515,-28.392852
-6.917759,-4.325687,-28.390933
-6.425334,-5.239423,-28.387967
-5.846938,-6.209423,-28.395246
-4.723756,-6.498501,-28.396740
-3.762043,-6.879394,-28.392464
-2.826205,-7.221923,-28.393771
-1.801384,-7.287677,-28.402253
-0.804796,-7.882811,-28.405197
0.342025,-8.252053,-28.398656
1.479461,-8.110622,-28.393513
2.701239,-7.878727,-28.398273
3.905381,-7.428965,-28.403066
4.931183,-6.720452,-28.399139
5.771918,-5.738884,-28.391006
6.370058,-4.585016,-28.393620
6.614919,-3.336701,-28.398577
6.711657,-2.080830,-28.398901
6.816033,-0.872193,-28.397550
6.354916,0.285998,-28.400501
5.724306,1.287538,-28.399336
5.156044,2.285747,-28.392896
4.399428,3.096887,-28.391697
3.553443,3.753360,-28.386535
2.697322,4.310817,-28.389623
1.784970,4.770202,-28.400555
0.802456,5.052575,-28.391764
-0.162229,5.208512,-28.387409
-1.188926,5.258269,-28.393577
-1.866893,3.581432,-32.197471
-2.594303,3.438921,-32.198702
-3.317915,3.157088,-32.189779
-3.963954,2.747985,-32.189515
-4.409921,2.154316,-32.196983
-5.068763,1.696959,-32.194647
-5.463003,1.026894,-32.198888
-5.806477,0.337116,-32.187807
-5.972760,-0.450127,-32.188277
-6.000699,-1.222128,-32.196433
-5.906272,-1.991842,-32.190048
-5.550588,-2.710247,-32.191436
-5.102466,-3.331409,-32.195645
-4.884475,-4.080056,-32.196463
-4.474686,-4.769109,-32.191913
-3.432918,-4.622040,-32.188533
-2.813751,-4.911369,-32.196934
-2.142254,-4.988559,-32.191784
-1.527235,-5.138896,-32.187099
-0.875440,-5.576721,-32.192053
-0.126194,-5.665034,-32.190453
0.601030,-5.551533,-32.192853
1.352995,-5.398167,-32.201183
2.091672,-5.087295,-32.195707
2.750920,-4.619341,-32.190957
3.295771,-4.026792,-32.194278
3.703737,-3.327635,-32.190564
3.928461,-2.531022,-32.188673
4.018488,-1.727742,-32.192689
4.098389,-0.944136,-32.194109
3.915306,-0.157184,-32.198280
3.521885,0.524428,-32.201760
3.171878,1.181565,-32.197538
2.725643,1.767748,-32.195410
2.156569,2.248048,-32.193490
1.589814,2.675834,-32.188332
1.024068,3.176156,-32.191049
0.299639,3.357699,-32.193039
-0.418913,3.422814,-32.190299
-1.116483,3.561432,-32.190548
-1.732281,-0.489801,-35.994763
