20.616175,30.302803,36.194760
14.783208,32.171571,36.194760
9.109919,32.785890,36.194760
3.421083,32.383005,36.194760
-1.920814,31.108191,36.194760
-6.629671,29.233592,36.194760
-10.888212,26.898053,36.194760
-14.694111,24.234375,36.194760
-18.047301,21.333263,36.194760
-21.078220,18.096726,36.194760
-23.600461,14.708666,36.194760
-25.759297,10.835152,36.194760
-27.261027,6.887345,36.194760
-28.177518,2.764095,36.194760
-28.504899,-1.447101,36.194760
-28.230440,-5.873021,36.194760
-27.408821,-10.016041,36.194760
-25.993662,-14.218892,36.194760
-24.048787,-18.204186,36.194760
-21.480209,-22.074844,36.194760
-18.404376,-25.557004,36.194760
-14.691077,-28.689425,36.194760
-10.337211,-31.284202,36.194760
-5.602951,-33.096725,36.194760
-0.633973,-34.101333,36.194760
4.853139,-34.312627,36.194760
10.097080,-33.693859,36.194760
15.588814,-32.161612,36.194760
20.596160,-29.906108,36.194760
25.576762,-26.718960,36.194760
30.028042,-22.825619,36.194760
33.927381,-18.097190,36.194760
36.933062,-12.520028,36.194760
38.704843,-6.433973,36.194760
39.224396,-0.116256,36.194760
38.573757,6.189007,36.194760
36.840755,12.277362,36.194760
34.057277,18.008170,36.194760
30.410937,23.004378,36.194760
26.828019,28.170927,32.399604
21.551371,31.666702,32.402794
15.558568,33.608357,32.392140
9.505241,34.503559,32.391726
3.639935,34.693122,32.398708
-1.972713,33.905086,32.394835
-7.130477,32.126581,32.397803
-11.745562,29.269207,32.398491
-15.682330,26.147786,32.400213
-19.213995,22.927528,32.402363
-22.337546,19.294556,32.399102
-25.075711,15.615511,32.401830
-27.064584,11.523930,32.399232
-28.365715,7.347545,32.394098
-29.398017,2.905186,32.393917
-29.993542,-1.627047,32.395049
-30.221716,-6.235207,32.395012
-28.989168,-10.567783,32.393135
-26.739500,-14.607211,32.390517
-24.248816,-18.421297,32.390824
-21.218119,-21.849777,32.393491
-17.808940,-24.894429,32.387663
-14.198396,-27.707806,32.383028
-10.070124,-30.127718,32.392993
-5.567548,-31.764940,32.404653
-0.478258,-32.963516,32.397614
4.684515,-33.853890,32.391625
10.080074,-33.444302,32.393851
15.416305,-32.210215,32.399705
20.933478,-30.233456,32.399023
25.964088,-27.176460,32.391283
30.551230,-23.168220,32.391894
34.661266,-18.322663,32.396823
37.192894,-12.590406,32.401005
38.413900,-6.376193,32.400112
39.708720,-0.178515,32.394327
41.085902,6.514992,32.391575
38.960661,12.933873,32.397010
35.164020,18.526342,32.400396
31.213738,23.734825,32.398941
27.271850,28.637545,28.595295
22.093342,32.365709,28.594445
15.897878,34.480412,28.592968
9.828210,35.597061,28.591790
3.951488,36.159614,28.596368
-1.951748,35.604266,28.601281
-7.396028,33.851070,28.590726
-12.181446,30.795165,28.588575
-16.407433,27.267919,28.588801
-20.038448,23.791017,28.591188
-23.088662,20.051170,28.602472
-25.818226,16.319128,28.597311
-27.819929,11.967516,28.593462
-29.068296,7.507880,28.596372
-30.083325,3.033727,28.597443
-30.776756,-1.512856,28.597235
-31.225805,-6.397028,28.597298
-29.671574,-10.818868,28.598913
-27.003122,-14.680362,28.601593
-24.284360,-18.361035,28.599765
-20.979787,-21.575779,28.593148
-17.541327,-24.295643,28.599375
-13.815654,-27.010157,28.602306
-9.786845,-29.219556,28.593636
-5.420367,-30.695681,28.590829
-0.517996,-31.880072,28.599736
4.446979,-32.827160,28.587969
9.675802,-32.559813,28.597598
15.034043,-31.285958,28.598424
20.373855,-29.310792,28.590295
25.323653,-26.482940,28.598657
29.881658,-22.715958,28.589559
34.041271,-18.126064,28.593404
36.599401,-12.385250,28.599648
37.801917,-6.332370,28.600262
39.369773,-0.154532,28.599050
41.066348,6.515165,28.588069
39.185309,13.063535,28.595857
35.513413,18.784206,28.604223
31.743546,23.899070,28.600860
27.274077,28.636393,24.790211
22.079191,32.568941,24.797807
16.024974,34.803373,24.796867
10.069414,36.104120,24.795178
4.078421,36.880107,24.795057
-1.972892,36.409733,24.790100
-7.551806,34.617301,24.788808
-12.470965,31.498787,24.800241
-16.621638,27.997121,24.800653
-20.311207,24.360217,24.792362
-23.413863,20.467071,24.796874
-26.265342,16.369939,24.793711
-28.185648,12.040504,24.795886
-29.388804,7.635492,24.796412
-30.355778,2.990181,24.792089
-31.000897,-1.502792,24.796967
-31.334629,-6.336157,24.795797
-29.574200,-10.839001,24.791199
-26.856586,-14.589990,24.789693
-24.136896,-18.194216,24.794542
-20.806858,-21.295424,24.802235
-17.194888,-24.052515,24.793898
-13.610290,-26.487304,24.789101
-9.549589,-28.502673,24.796018
-5.204516,-29.858504,24.799484
-0.557175,-30.881847,24.792092
4.172401,-31.441066,24.796647
9.357743,-31.086639,24.794234
14.123834,-29.678814,24.790613
18.875071,-27.552934,24.793950
23.821043,-24.889066,24.797708
28.336268,-21.537351,24.795652
32.493863,-17.373737,24.796013
35.338878,-12.084652,24.799746
36.959838,-6.214214,24.797388
38.466218,-0.119698,24.788786
39.573612,6.309802,24.790233
38.242731,12.812956,24.795321
35.380001,18.502937,24.794785
31.691486,23.858616,24.790156
26.891940,28.230426,20.988868
21.892896,32.171495,20.987890
16.079952,34.601867,20.986536
10.099486,36.116418,20.990818
4.045331,36.974875,20.999579
-1.867917,36.529161,21.001866
-7.507013,34.694664,20.995979
-12.562154,31.626842,20.995119
-16.794663,28.102341,20.996505
-20.483219,24.326312,20.992821
-23.481758,20.497272,20.990049
-26.160551,16.432228,20.999727
-28.187745,12.020974,21.003891
-29.454005,7.538536,21.001718
-30.288695,2.968150,20.997318
-30.795211,-1.439099,20.988274
-30.667817,-6.128629,20.988105
-28.914824,-10.597967,20.992057
-26.486333,-14.366914,20.998894
-23.759442,-18.111154,21.001482
-20.558651,-21.195789,20.990085
-17.226379,-23.799225,20.990156
-13.466712,-26.167893,20.993715
-9.403968,-27.934308,20.993719
-5.125089,-29.156793,20.995999
-0.554343,-29.986707,21.002352
3.879895,-29.998280,20.998429
8.738957,-29.461743,20.989276
13.307966,-27.904767,20.991802
17.464350,-25.770711,21.000425
22.128523,-23.302238,21.000102
26.479624,-20.301385,20.992701
30.633620,-16.364254,20.990734
33.784322,-11.624256,20.992787
35.968642,-6.098871,20.991884
37.259669,-0.111594,20.987861
37.467869,6.015196,20.988044
36.745393,12.126510,20.993881
34.591805,18.276457,20.996635
31.122562,23.634876,20.992882
26.194460,27.493148,17.196476
21.370024,31.392246,17.201457
15.809241,34.021511,17.195193
9.833489,35.732384,17.191711
3.919485,36.550050,17.198299
-2.044466,36.035982,17.203569
-7.505313,34.157792,17.202871
-12.352202,31.400459,17.195628
-16.691220,27.921340,17.190215
-20.256102,24.193664,17.190382
-23.302499,20.295552,17.191030
-25.794951,16.267307,17.191045
-27.884144,11.994660,17.187094
-29.274097,7.483846,17.192849
-30.001314,2.987828,17.202460
-30.336984,-1.538834,17.192733
-29.374555,-5.947169,17.186628
-27.850204,-10.247055,17.192865
-26.034776,-14.160615,17.194180
-23.474893,-17.912776,17.188650
-20.540760,-21.095890,17.193673
-17.174517,-23.820379,17.196157
-13.411531,-25.966417,17.198410
-9.168631,-27.552239,17.200859
-4.959505,-28.612545,17.202177
-0.673161,-29.180419,17.203227
3.838650,-28.768181,17.201763
8.123911,-28.057650,17.197233
12.650528,-26.710206,17.192392
16.787043,-24.822203,17.193652
21.111995,-22.426785,17.198023
25.270851,-19.379174,17.194069
29.040031,-15.569594,17.195770
32.359813,-11.098514,17.191563
34.937781,-5.913222,17.191304
36.053797,-0.255087,17.201677
35.567358,5.698934,17.195692
35.084692,11.693567,17.196448
33.575193,17.600896,17.198793
30.332144,22.941882,17.196216
25.253546,26.499996,13.398690
20.572189,30.324028,13.394375
15.256547,33.154753,13.396171
9.688016,34.937704,13.392029
3.897825,35.701775,13.387988
-1.916907,35.178652,13.395028
-7.409058,33.226973,13.392736
-12.232933,30.676928,13.390632
-16.374744,27.518816,13.394051
-19.979574,23.706809,13.394037
-22.956389,19.907850,13.387812
-25.280181,15.920404,13.393662
-27.430142,11.788209,13.392619
-28.933527,7.463990,13.386599
-29.600787,3.046778,13.388767
-29.750760,-1.589576,13.396065
-27.976253,-5.831942,13.402497
-26.850893,-9.902365,13.403043
-25.637637,-14.115557,13.399655
-23.330252,-17.700373,13.395035
-20.547168,-21.134318,13.390995
-17.132921,-23.954391,13.394963
-13.363647,-25.866194,13.401741
-9.151486,-27.226093,13.400757
-5.017719,-28.130278,13.398040
-0.608943,-28.473594,13.403794
3.568329,-27.854779,13.400999
7.895616,-26.908403,13.390190
12.209181,-25.895838,13.389452
16.551890,-24.329570,13.393289
20.537581,-21.960982,13.389720
24.440735,-18.785760,13.390811
27.795044,-15.045722,13.389058
31.095113,-10.726260,13.390197
33.862015,-5.794979,13.396752
34.978560,-0.280282,13.400023
34.219392,5.298225,13.396515
33.617037,11.128815,13.399725
32.203888,16.926253,13.404152
29.229467,22.025979,13.403068
24.147800,25.334041,9.599464
19.595043,29.060672,9.590138
14.706591,31.988540,9.585944
9.358887,33.885340,9.594661
3.686653,34.552320,9.600241
-1.969401,33.974769,9.593211
-7.120204,32.100932,9.598783
-11.915179,29.774966,9.599084
-16.027620,26.824971,9.601575
-19.558692,23.111229,9.600727
-22.485280,19.429527,9.587792
-24.682408,15.506368,9.599038
-26.867515,11.524443,9.602346
-28.524573,7.387166,9.596412
-29.224985,2.881854,9.595721
-29.215264,-1.447722,9.593465
-27.356965,-5.543496,9.597954
-26.430018,-9.713717,9.590785
-25.609013,-13.904561,9.588921
-23.329184,-17.628200,9.597076
-20.590822,-21.202309,9.589097
-17.280902,-23.980331,9.596285
-13.185048,-25.855210,9.598903
-9.020348,-27.015266,9.594380
-4.970557,-27.760428,9.593438
-0.657065,-27.860790,9.594389
3.399271,-27.154132,9.591216
7.583341,-26.099617,9.592469
11.805150,-25.164366,9.597774
16.071507,-23.766514,9.598890
19.925123,-21.391910,9.595564
23.660983,-18.215278,9.598482
26.879513,-14.523943,9.601637
29.973395,-10.469718,9.597127
32.748229,-5.704639,9.595065
33.973008,-0.165142,9.603355
33.210573,5.275032,9.603147
32.282998,10.708168,9.595084
30.656721,16.135080,9.592783
27.792235,21.123975,9.598257
22.958119,24.081414,5.801510
18.683462,27.584347,5.790253
14.052688,30.673525,5.789464
8.926969,32.639589,5.795702
3.569110,33.186648,5.798738
-1.926563,32.598816,5.796335
-6.934042,30.771797,5.787382
-11.491737,28.722022,5.790912
-15.579167,25.991459,5.792213
-18.946658,22.572788,5.788826
-21.973082,18.889939,5.797276
-24.101415,15.065604,5.799375
-26.278647,11.232973,5.796121
-28.080835,7.266954,5.790485
-28.848909,2.917558,5.785779
-28.705271,-1.475527,5.787947
-27.356507,-5.646871,5.795763
-26.630006,-9.778104,5.793869
-25.654924,-14.005611,5.794315
-23.345878,-17.787634,5.801669
-20.629624,-21.225432,5.796364
-17.248021,-24.043018,5.791016
-13.228482,-25.759188,5.790600
-9.139742,-26.794185,5.795272
-4.813487,-27.462571,5.801017
-0.612909,-27.336282,5.802240
3.331420,-26.628265,5.801958
7.383378,-25.544868,5.803704
11.446819,-24.457733,5.803160
15.543170,-22.929987,5.795072
19.270930,-20.592326,5.787656
22.802828,-17.677360,5.794778
26.032903,-14.172236,5.800295
29.128875,-10.054685,5.792994
31.647665,-5.538552,5.789079
32.982560,-0.179502,5.800288
32.441117,5.143017,5.803928
31.050292,10.308896,5.791846
29.061661,15.294916,5.787918
26.382503,19.980425,5.797504
21.627474,22.950248,1.992231
17.745966,26.111322,1.999014
13.499045,29.196959,2.000120
8.591142,31.241038,1.993899
3.355565,31.710407,1.994871
-1.806492,31.154635,2.002830
-6.706206,29.449553,1.988246
-11.166750,27.525211,1.988635
-15.069454,25.076094,2.000927
-18.463505,21.874287,1.999644
-21.369339,18.496375,1.986526
-23.623654,14.661970,1.999881
-25.753546,10.954399,1.996112
-27.628739,7.115776,1.987385
-28.505534,2.747867,1.998274
-28.262966,-1.520127,2.001018
-27.750715,-5.759624,1.994562
-27.094549,-9.991216,1.987952
-25.756667,-14.030477,1.994476
-23.419220,-17.838980,2.000746
-20.659739,-21.097183,1.986695
-17.209563,-23.948726,1.993241
-13.122618,-25.650500,2.003796
-8.941034,-26.658870,1.999279
-4.909166,-27.187816,1.993904
-0.638816,-26.913684,2.000763
3.393369,-26.250913,2.000473
7.156361,-25.245090,1.997205
11.019434,-23.900964,1.993438
14.897490,-22.123739,1.994254
18.527482,-19.867974,1.999649
22.050624,-17.138588,1.998961
25.326436,-13.846678,1.995729
28.278794,-9.797581,1.994058
30.563854,-5.322141,1.997216
31.936910,-0.305268,2.000238
31.732710,4.909294,1.993703
29.959377,9.772377,1.989733
27.552968,14.456536,1.988557
25.002809,18.826848,1.988472
20.505684,21.768450,-1.808476
16.709177,24.836336,-1.805305
12.773446,27.824282,-1.806533
8.191344,29.808265,-1.804783
3.079861,30.222503,-1.801847
-1.772335,29.703852,-1.805809
-6.437306,28.262823,-1.805780
-10.761347,26.371221,-1.810025
-14.633638,24.046959,-1.808225
-17.982111,21.266696,-1.800770
-20.912778,18.057601,-1.801068
-23.296249,14.426536,-1.799664
-25.334033,10.804356,-1.801617
-27.229160,6.861484,-1.805518
-28.158509,2.828638,-1.806638
-27.904380,-1.514267,-1.806714
-28.151803,-5.692866,-1.804275
-27.476628,-10.102730,-1.807942
-25.667419,-14.114468,-1.808052
-23.374291,-17.778132,-1.804421
-20.426421,-20.977966,-1.809109
-17.025617,-23.715200,-1.803909
-13.065951,-25.421834,-1.810718
-8.993696,-26.446415,-1.807910
-4.883010,-26.937759,-1.795108
-0.723810,-26.597461,-1.800784
3.227977,-26.091506,-1.805310
7.091512,-25.131397,-1.800471
10.912949,-23.482800,-1.800823
14.391342,-21.537004,-1.801930
17.924846,-19.338204,-1.797633
21.411499,-16.746429,-1.803914
24.797180,-13.466051,-1.802557
27.453054,-9.587699,-1.798909
29.465842,-5.130380,-1.803139
30.816511,-0.228652,-1.811336
30.860923,4.869062,-1.811375
28.836530,9.451299,-1.803633
26.233505,13.706135,-1.801027
23.670475,17.912911,-1.805603
19.523338,20.738424,-5.609541
15.955227,23.622353,-5.602653
12.109019,26.525624,-5.608335
7.614586,28.435920,-5.609937
2.812674,28.811445,-5.605744
-1.756630,28.386142,-5.610206
-6.231117,27.299958,-5.609303
-10.361160,25.327200,-5.605933
-14.037404,23.174216,-5.604102
-17.683023,20.708242,-5.607653
-20.646905,17.667673,-5.614419
-23.261513,14.308013,-5.607386
-25.150643,10.745738,-5.603892
-26.798337,6.785569,-5.603482
-27.819868,2.714509,-5.603384
-27.619331,-1.530784,-5.612374
-28.271390,-5.776371,-5.611236
-27.459129,-10.137317,-5.604444
-25.383847,-13.961674,-5.608004
-23.133421,-17.507421,-5.613129
-20.170855,-20.553789,-5.605682
-16.685159,-23.294747,-5.610840
-12.869460,-25.088371,-5.608721
-8.929178,-26.203593,-5.606903
-4.737475,-26.674477,-5.611253
-0.676278,-26.365311,-5.608607
3.200793,-26.067282,-5.603321
7.171510,-25.200461,-5.607844
10.863262,-23.510229,-5.606328
14.343674,-21.401278,-5.601350
17.747667,-19.186015,-5.604943
21.067171,-16.546498,-5.606042
24.240863,-13.214866,-5.606450
26.659396,-9.311928,-5.600865
28.340511,-5.042665,-5.599574
29.524469,-0.399955,-5.608586
29.785963,4.577210,-5.609972
27.725377,9.179262,-5.601494
25.154480,13.124547,-5.600376
22.555178,17.158577,-5.607543
18.685986,19.864707,-9.400004
15.204720,22.688494,-9.398302
11.519426,25.301486,-9.400386
7.241137,27.058940,-9.402504
2.756166,27.500180,-9.405786
-1.721598,27.233764,-9.410594
-6.187768,26.550319,-9.407405
-10.144359,24.548574,-9.399521
-13.770426,22.485615,-9.402825
-17.393732,20.541445,-9.414724
-20.530889,17.571417,-9.413609
-23.363594,14.483828,-9.398107
-25.173335,10.662347,-9.404024
-26.419910,6.645665,-9.413423
-27.431485,2.677273,-9.407783
-27.346224,-1.469022,-9.412116
-28.017581,-5.805123,-9.413437
-27.010052,-9.985856,-9.408439
-24.827048,-13.644430,-9.399870
-22.607735,-17.089978,-9.400289
-19.532286,-20.129559,-9.413938
-16.238188,-22.651930,-9.400841
-12.596426,-24.601423,-9.394594
-8.812987,-25.855478,-9.398394
-4.713444,-26.344748,-9.402351
-0.744240,-26.162263,-9.407137
3.225466,-26.061966,-9.406628
7.292229,-25.306758,-9.400517
10.961768,-23.787339,-9.401021
14.555161,-21.722360,-9.408966
17.935890,-19.334138,-9.411808
20.941431,-16.482407,-9.404439
23.684798,-12.932642,-9.398331
25.751405,-9.135495,-9.398081
27.205210,-4.909498,-9.403692
28.122716,-0.316975,-9.408820
28.414354,4.356026,-9.405274
26.696769,8.797291,-9.410369
24.267440,12.694909,-9.412698
21.734088,16.420605,-9.406896
17.899812,19.046314,-13.206549
14.658502,21.714189,-13.204805
10.964257,24.061151,-13.204912
6.890857,25.631019,-13.199947
2.563549,26.200108,-13.198302
-1.806547,26.131730,-13.209087
-6.033422,25.949976,-13.209792
-10.081632,24.497541,-13.211853
-13.897028,22.625478,-13.211498
-17.582803,20.695576,-13.204520
-20.688706,17.863511,-13.200647
-23.565454,14.707389,-13.204475
-25.133710,10.574002,-13.209964
-25.969875,6.570314,-13.208678
-26.926199,2.518005,-13.200693
-26.992914,-1.515491,-13.197045
-27.382987,-5.600553,-13.209716
-26.201813,-9.643049,-13.210488
-24.022243,-13.144208,-13.200845
-21.837459,-16.493379,-13.195666
-18.960956,-19.328625,-13.195184
-15.736130,-21.749299,-13.211796
-12.304461,-23.874782,-13.210240
-8.553426,-25.334583,-13.208395
-4.719604,-25.844290,-13.213311
-0.688338,-25.819883,-13.206226
3.177359,-25.774472,-13.207992
7.137974,-25.070016,-13.202420
10.921385,-23.656029,-13.205047
14.468906,-21.743449,-13.213666
17.827112,-19.221095,-13.209276
20.668139,-16.125087,-13.202224
22.923370,-12.590038,-13.205780
24.769157,-8.797159,-13.202833
25.986697,-4.632040,-13.199194
26.521256,-0.446736,-13.204705
26.789233,4.089926,-13.204904
25.551381,8.414939,-13.201594
23.415075,12.298566,-13.201585
20.867291,15.862031,-13.204853
17.077012,18.187786,-16.999845
13.956304,20.790354,-17.009453
10.253154,22.788326,-17.007164
6.394528,24.109900,-17.008038
2.407479,24.802735,-17.011644
-1.651324,24.953450,-17.005422
-5.866388,25.216753,-17.009237
-10.233971,24.864594,-17.003063
-14.228042,23.482411,-17.000777
-17.937887,21.140984,-17.006975
-21.160452,18.170329,-17.000552
-23.663922,14.718595,-17.002973
-24.808560,10.545351,-17.009091
-25.404234,6.339828,-17.003467
-26.186899,2.535126,-16.997764
-26.443070,-1.513142,-17.012033
-26.384470,-5.455547,-17.013836
-25.008332,-9.192229,-17.006435
-22.923883,-12.540888,-17.004479
-20.772481,-15.768502,-17.008257
-17.993287,-18.508256,-17.009702
-14.988833,-20.718878,-17.009637
-11.920033,-22.878499,-17.001859
-8.405235,-24.485627,-16.999211
-4.531473,-25.078084,-17.003193
-0.803011,-25.183503,-17.001568
3.090064,-24.988835,-17.006789
6.902437,-24.199284,-17.009872
10.558739,-22.839347,-17.006995
13.983714,-20.984250,-17.005135
17.072518,-18.604036,-17.006452
19.780835,-15.575895,-17.004849
21.852473,-12.097118,-17.006568
23.569796,-8.388789,-17.000714
24.536185,-4.482520,-17.000502
24.750130,-0.410852,-17.007505
24.920293,3.805771,-16.999497
24.223010,7.802937,-17.006885
22.494718,11.659528,-17.010944
20.020329,15.098923,-17.002468
16.106970,17.166916,-20.811831
13.160088,19.675706,-20.801100
9.523122,21.284474,-20.803484
5.798679,22.401869,-20.804855
2.047796,23.230865,-20.804983
-1.647234,23.535368,-20.810708
-5.623345,23.911814,-20.801725
-10.007265,24.392854,-20.804634
-14.215328,23.380688,-20.814223
-17.626562,20.829758,-20.809478
-20.802683,17.908984,-20.799439
-22.989185,14.190759,-20.803930
-24.000076,10.137107,-20.811197
-24.526914,6.163082,-20.805909
-25.143447,2.351608,-20.796979
-25.578646,-1.483804,-20.802353
-25.005716,-5.142245,-20.801195
-23.412776,-8.659780,-20.796334
-21.507956,-11.839618,-20.799344
-19.515102,-14.773671,-20.807387
-17.030980,-17.313938,-20.810083
-14.047287,-19.496596,-20.809647
-11.214685,-21.677943,-20.805368
-7.943594,-23.297941,-20.806511
-4.406337,-23.896829,-20.810401
-0.717081,-24.086306,-20.805020
2.809230,-23.687120,-20.799885
6.410948,-22.809275,-20.805971
9.728259,-21.549556,-20.803262
12.970316,-19.760010,-20.802595
15.899890,-17.488973,-20.812519
18.497422,-14.632159,-20.802750
20.384553,-11.459957,-20.805664
22.014748,-7.924274,-20.804478
22.802842,-4.192425,-20.804170
22.749149,-0.469490,-20.808400
22.793849,3.383721,-20.797546
22.460805,7.247583,-20.796688
21.125397,10.976056,-20.805711
18.813497,14.280543,-20.813657
14.872914,15.849784,-24.598614
12.182699,18.173541,-24.609312
8.638985,19.450069,-24.605795
5.193668,20.350403,-24.607758
1.795579,21.284817,-24.611067
-1.717496,21.693637,-24.599676
-5.237848,21.717375,-24.597574
-9.117161,21.839207,-24.605554
-12.842561,20.910620,-24.610780
-16.002763,18.634430,-24.608347
-18.975755,16.027211,-24.605592
-20.973230,12.809052,-24.603699
-22.399405,9.372527,-24.608744
-23.225792,5.687968,-24.611041
-23.620096,2.156393,-24.604596
-24.219048,-1.349669,-24.602283
-23.083826,-4.916382,-24.603772
-21.431051,-7.945245,-24.609278
-19.794725,-10.890017,-24.609325
-17.947793,-13.574879,-24.604436
-15.729052,-15.954475,-24.608618
-13.002695,-17.957320,-24.610130
-10.441771,-20.005006,-24.604093
-7.498525,-21.566473,-24.603291
-4.118885,-22.197118,-24.605910
-0.747117,-22.407837,-24.602173
2.453646,-21.849536,-24.606508
5.729198,-20.935679,-24.602812
8.880328,-19.692772,-24.606143
11.707876,-18.085673,-24.612589
14.389339,-16.003858,-24.609339
16.789884,-13.407895,-24.604363
18.549561,-10.520510,-24.597503
19.988690,-7.410898,-24.606726
20.668741,-3.985609,-24.610185
20.480131,-0.578085,-24.598565
20.355187,2.949007,-24.603026
20.224757,6.502925,-24.601299
19.262484,9.976529,-24.594969
17.288917,13.104164,-24.592798
13.164270,14.015094,-28.408682
10.718348,16.152054,-28.401168
7.556986,17.091549,-28.400721
4.519468,17.794707,-28.403606
1.562674,18.741222,-28.403200
-1.636549,19.145150,-28.400965
-4.688223,18.635452,-28.401968
-7.681979,17.777506,-28.404032
-10.680895,16.625775,-28.403589
-13.395539,15.108845,-28.401164
-15.831760,13.181190,-28.400320
-17.843466,10.698564,-28.401677
-19.889346,8.103459,-28.408234
-21.183925,5.158477,-28.412425
-21.406782,1.882875,-28.409072
-22.092755,-1.321209,-28.407689
-20.626163,-4.439985,-28.402181
-18.966864,-7.149774,-28.398754
-17.639010,-9.781051,-28.400807
-15.988272,-12.123099,-28.407626
-14.022208,-14.358235,-28.412148
-11.749078,-16.062051,-28.399277
-9.377922,-17.903422,-28.406124
-6.788888,-19.264710,-28.409016
-3.834878,-19.875523,-28.396016
-0.879495,-20.095373,-28.401390
2.141509,-19.413461,-28.410822
4.869764,-18.555605,-28.405782
7.628635,-17.452128,-28.398763
10.208291,-15.968019,-28.402457
12.545447,-14.120644,-28.409807
14.583693,-11.950483,-28.409780
16.173908,-9.445278,-28.410443
17.493650,-6.609266,-28.403965
18.057533,-3.594474,-28.397611
17.813056,-0.608563,-28.400318
17.518338,2.348993,-28.404324
17.450126,5.586539,-28.402886
16.771814,8.676195,-28.404198
15.191630,11.512794,-28.408930
10.649389,11.466375,-32.205889
8.607768,13.196358,-32.209514
5.974437,13.926538,-32.205017
3.478125,14.518355,-32.201370
1.032015,15.324477,-32.203952
-1.513576,15.590317,-32.205748
-4.026085,14.736296,-32.200372
-6.213898,13.352467,-32.207638
-8.284679,12.273365,-32.209089
-10.547683,11.307347,-32.201949
-12.449078,9.907499,-32.210501
-14.252183,8.116872,-32.203128
-16.422401,6.402232,-32.202781
-18.012240,4.149209,-32.209630
-18.185926,1.400077,-32.202702
-18.795577,-1.269548,-32.207519
-17.304863,-3.855038,-32.208331
-15.897395,-6.063993,-32.206536
-14.923452,-8.296768,-32.205274
-13.488892,-10.310531,-32.205721
-12.021448,-12.155964,-32.210134
-10.106030,-13.670830,-32.202034
-8.081752,-15.104112,-32.204653
-5.815219,-16.216541,-32.209726
-3.389554,-16.765613,-32.204211
-0.851485,-16.970040,-32.203279
1.522790,-16.338354,-32.205740
3.851994,-15.529647,-32.201934
6.120563,-14.594692,-32.202368
8.247624,-13.363467,-32.202674
10.172269,-11.832197,-32.202474
11.860057,-10.045535,-32.209315
13.216873,-7.998508,-32.202060
14.267747,-5.654148,-32.206632
14.745247,-3.145123,-32.208014
14.529203,-0.587972,-32.200010
14.068373,1.823574,-32.206499
13.979785,4.283532,-32.211107
13.485822,6.969476,-32.209730
12.329250,9.280008,-32.206151
7.062324,7.670034,-36.001378
5.586843,8.857644,-36.006595
3.803160,9.456163,-36.004928
2.053523,9.946192,-36.004864
0.365083,10.448131,-36.009067
-1.448615,10.537041,-36.009807
-3.119774,9.680535,-36.002312
-4.466995,8.384875,-36.005161
-5.771199,7.531464,-36.009381
-7.224947,7.028327,-36.007396
-8.563772,6.149360,-36.009411
-9.827524,5.067536,-36.006443
-11.607429,4.060368,-36.001353
-13.175282,2.694105,-36.003250
-13.355968,0.748324,-36.006543
-13.739831,-1.193289,-36.006727
-12.695546,-3.002264,-36.004634
-11.715704,-4.561209,-36.006262
-11.157398,-6.278675,-36.009679
-10.126938,-7.702735,-36.007663
-9.147302,-9.154539,-36.001540
-7.791973,-10.340752,-36.004884
-6.195045,-11.243438,-36.007297
-4.519247,-11.914537,-36.005590
-2.820553,-12.368742,-36.003060
-0.949913,-12.570139,-36.000140
0.799217,-12.070421,-36.006472
2.442425,-11.466831,-36.005421
4.049649,-10.792800,-36.008476
5.559774,-9.917425,-36.007233
6.977282,-8.777685,-36.002229
8.168537,-7.501483,-36.009206
9.165337,-5.977774,-36.010538
9.841707,-4.298704,-36.004659
10.246971,-2.501399,-36.004288
10.098181,-0.714418,-36.005963
9.531583,0.942696,-36.003015
9.350434,2.750575,-36.005974
8.987368,4.533144,-36.005394
8.192971,6.193290,-36.001385
-1.263619,-1.490530,-39.805240
13.636499,20.196138,36.194760
9.961084,21.517553,36.194760
6.111738,22.178931,36.194760
2.507098,22.185834,36.194760
-1.056465,21.642582,36.194760
-4.370576,20.669518,36.194760
-7.401561,19.355734,36.194760
-10.247015,17.676613,36.194760
-12.724833,15.725555,36.194760
-14.879542,13.421541,36.194760
-16.617424,10.790029,36.194760
-17.838639,8.045242,36.194760
-18.629664,5.147884,36.194760
-18.995511,2.318334,36.194760
-19.001134,-0.684447,36.194760
-18.673994,-3.518115,36.194760
-18.049275,-6.301172,36.194760
-17.150154,-9.008109,36.194760
-15.929288,-11.751022,36.194760
-14.365973,-14.488607,36.194760
-12.441038,-17.172186,36.194760
-10.137894,-19.744417,36.194760
-7.326985,-22.232019,36.194760
-3.962728,-24.493533,36.194760
-0.143793,-26.254862,36.194760
4.249762,-27.261116,36.194760
8.603900,-27.086156,36.194760
12.906842,-25.743469,36.194760
16.921855,-23.380753,36.194760
20.300889,-20.399945,36.194760
23.104578,-16.872813,36.194760
25.292119,-12.763163,36.194760
26.670732,-8.473463,36.194760
27.302737,-4.163838,36.194760
27.227814,0.341175,36.194760
26.446126,4.625757,36.194760
25.029189,8.583148,36.194760
22.863617,12.386953,36.194760
20.255038,15.535740,36.194760
19.147474,20.296954,32.790891
15.097774,22.413210,32.794812
10.806067,23.410629,32.798947
6.573138,23.826088,32.801588
2.634830,23.754279,32.799586
-1.103330,23.090983,32.794070
-4.578703,21.986929,32.792947
-7.813489,20.322696,32.792436
-10.609474,18.228458,32.789720
-12.883542,15.996102,32.786654
-14.854762,13.489673,32.786129
-16.343297,10.670355,32.790046
-17.166812,7.749128,32.794406
-17.486312,4.883823,32.794895
-17.692510,2.166539,32.793308
-18.053392,-0.580030,32.796815
-17.507632,-3.339981,32.798510
-16.582022,-5.774062,32.794478
-15.853355,-8.396900,32.794005
-14.701730,-10.876486,32.801179
-13.359687,-13.432511,32.794681
-11.563752,-15.866294,32.794465
-9.399852,-18.216368,32.798820
-6.783594,-20.513799,32.793957
-3.703879,-22.465838,32.792291
-0.246025,-24.023547,32.801575
3.736522,-24.991697,32.789064
7.986618,-25.013533,32.788331
12.122074,-24.025049,32.793703
15.933156,-22.141526,32.791273
19.494963,-19.570369,32.788326
23.025592,-16.689241,32.795049
26.553017,-13.484089,32.800291
28.333975,-9.092047,32.798105
29.093197,-4.387401,32.798367
29.779794,0.276163,32.798822
29.367154,5.113977,32.791356
26.979753,9.300702,32.792008
24.493973,13.244353,32.792661
22.181860,17.033716,32.790906
19.946542,21.146245,29.393680
15.809210,23.361694,29.390404
11.246862,24.402903,29.395206
6.888178,24.830651,29.395713
2.825127,24.791142,29.391641
-1.189201,24.088963,29.390143
-4.781476,22.917240,29.387746
-8.050232,21.054744,29.392681
-10.783129,18.671255,29.401639
-13.048371,16.045596,29.401449
-14.817359,13.417253,29.389448
-16.094505,10.513877,29.389001
-16.648387,7.552194,29.397129
-16.685305,4.535487,29.401029
-16.794608,1.980847,29.400930
-17.283896,-0.600405,29.395917
-16.715857,-3.131406,29.396874
-15.627812,-5.489945,29.400028
-15.007259,-7.969754,29.396930
-13.891129,-10.280956,29.394825
-12.669756,-12.713103,29.393556
-10.949249,-14.982702,29.399003
-8.845160,-17.161351,29.397724
-6.441743,-19.206029,29.395999
-3.454163,-20.979228,29.402369
-0.261130,-22.329196,29.400364
3.405073,-23.211119,29.396354
7.324487,-23.338258,29.397134
11.331518,-22.600603,29.397603
15.086629,-21.023259,29.392165
18.658781,-18.790532,29.390160
22.408566,-16.244462,29.400464
26.380936,-13.357098,29.402202
28.320445,-9.115114,29.393952
29.242618,-4.445184,29.388578
30.213741,0.282351,29.394067
29.965339,5.255245,29.401550
27.677255,9.635537,29.391581
25.341560,13.640340,29.387050
22.996583,17.738106,29.391411
19.955083,21.148586,25.994959
15.843916,23.488465,25.996852
11.440653,24.718868,25.997052
7.047262,25.304582,25.994418
2.926622,25.341107,25.993941
-1.155215,24.698531,25.998067
-4.953006,23.466798,25.999540
-8.220568,21.480383,25.997699
-10.881745,18.914607,25.996711
-13.033615,16.106419,25.999735
-14.696712,13.320715,26.002926
-15.864933,10.286654,25.994537
-16.270889,7.370805,25.988552
-16.195337,4.421268,25.991986
-16.273460,1.922439,25.990512
-16.725097,-0.603257,25.988420
-16.172012,-3.086449,25.989536
-15.181556,-5.262092,25.991121
-14.590887,-7.691704,25.991290
-13.480906,-9.940884,25.991709
-12.260004,-12.306901,25.987902
-10.536078,-14.492300,25.989352
-8.523574,-16.460351,25.991713
-6.107120,-18.378264,25.996639
-3.389227,-19.873643,26.000364
-0.230815,-21.103622,25.991608
3.226123,-21.861861,25.990358
6.910835,-21.990817,26.000403
10.698565,-21.388280,25.995269
14.294595,-20.056900,25.990888
17.873432,-18.009658,25.998519
21.382307,-15.556353,25.998324
24.891864,-12.571669,25.997975
26.978316,-8.581864,25.991662
28.252851,-4.295590,25.992323
29.275179,0.301494,25.996943
29.169530,5.026418,25.991238
27.569110,9.599486,25.993035
25.528085,13.791828,25.995324
23.151680,17.750063,25.994929
19.456811,20.612684,22.593325
15.560542,23.027927,22.600070
11.392704,24.546033,22.595273
7.162633,25.341203,22.589264
2.874176,25.472874,22.587954
-1.101015,24.931312,22.588698
-4.938339,23.724888,22.592185
-8.214098,21.692301,22.596168
-10.927047,18.920913,22.600586
-12.986573,15.994641,22.600739
-14.551854,13.097683,22.591107
-15.613443,10.124250,22.588083
-16.016884,7.150466,22.595380
-16.000072,4.429065,22.598691
-16.120791,1.860015,22.589839
-16.387599,-0.590504,22.594931
-15.970079,-2.936828,22.597532
-15.137804,-5.244808,22.593943
-14.486498,-7.728965,22.598613
-13.381179,-9.900304,22.600461
-12.105777,-12.146770,22.593084
-10.388765,-14.240896,22.594416
-8.378936,-16.088022,22.599690
-5.947460,-17.844289,22.597156
-3.263040,-19.205644,22.590679
-0.290908,-20.245776,22.590500
3.085521,-20.883735,22.599141
6.521506,-20.955615,22.601055
10.062058,-20.417268,22.594711
13.713217,-19.156120,22.594669
17.095937,-17.270350,22.596852
20.178504,-14.711271,22.589651
22.655661,-11.562774,22.593589
24.888099,-8.049152,22.594322
26.677682,-3.996797,22.592169
27.556349,0.358938,22.593038
27.593644,4.799751,22.593314
26.898356,9.331538,22.589604
25.258046,13.630518,22.586656
22.678492,17.491224,22.587669
18.673953,19.777067,19.188595
14.983527,22.262478,19.190148
11.064228,24.065555,19.199236
7.003162,25.056611,19.196332
2.828713,25.264628,19.186676
-1.183370,24.794326,19.187711
-4.919687,23.635043,19.191894
-8.209756,21.561155,19.197235
-10.813130,18.830891,19.201485
-12.836555,15.830029,19.200307
-14.347555,12.849890,19.194192
-15.361593,9.954517,19.199109
-15.868524,7.079316,19.199171
-16.051983,4.439322,19.190831
-16.261261,1.942621,19.194582
-16.262452,-0.564002,19.195730
-15.923303,-3.043781,19.197508
-15.425850,-5.362007,19.196428
-14.728149,-7.764576,19.189454
-13.588067,-9.997185,19.193384
-12.136614,-12.210739,19.196515
-10.414288,-14.216188,19.190104
-8.303025,-16.032122,19.186574
-5.840395,-17.608598,19.190247
-3.190858,-18.844070,19.193500
-0.259529,-19.733713,19.193591
2.908556,-20.201166,19.190811
6.250684,-20.183190,19.200180
9.682898,-19.598397,19.194429
13.100642,-18.416723,19.186968
16.383912,-16.551814,19.190541
19.031504,-13.893716,19.188618
20.735854,-10.699517,19.190414
23.092639,-7.411535,19.190978
25.015251,-3.753408,19.191091
25.687928,0.262905,19.193611
25.899936,4.428955,19.197663
25.914252,8.912657,19.200624
24.584007,13.222844,19.198423
21.876902,16.879570,19.192785
17.687406,18.923503,15.795958
14.390789,21.303900,15.799451
10.824601,23.285748,15.796176
6.798097,24.500127,15.792864
2.855416,24.781768,15.791738
-1.202157,24.382982,15.792362
-4.850738,23.260347,15.800165
-8.065963,21.237220,15.796480
-10.696710,18.471241,15.786392
-12.649018,15.526528,15.788463
-14.090410,12.600739,15.798440
-15.106275,9.786918,15.798833
-15.808554,7.025206,15.796227
-16.295432,4.486669,15.796884
-16.621892,1.919218,15.794961
-16.328848,-0.635806,15.798888
-16.137004,-3.076007,15.794634
-15.955190,-5.504701,15.787975
-15.143988,-7.966529,15.795118
-13.965947,-10.263910,15.802015
-12.314514,-12.416676,15.790031
-10.485039,-14.437733,15.786308
-8.373720,-16.130873,15.794466
-5.883548,-17.542488,15.795941
-3.139747,-18.718743,15.788809
-0.241188,-19.458652,15.787933
2.869012,-19.768804,15.791278
6.127556,-19.615762,15.800086
9.323808,-18.965096,15.801725
12.637781,-17.745392,15.800640
15.688100,-15.933784,15.800928
18.108314,-13.364757,15.798736
19.758253,-10.085284,15.799941
21.930514,-7.122114,15.799281
23.766097,-3.685440,15.798281
24.412086,0.238925,15.797673
24.678801,4.302817,15.794518
24.822365,8.547845,15.789875
23.516119,12.711902,15.788434
20.855096,16.109626,15.791182
16.865602,18.036407,12.389486
13.674655,20.421469,12.395243
10.372331,22.437860,12.397987
6.610420,23.727624,12.398550
2.749464,24.082909,12.399490
-1.096156,23.761603,12.400813
-4.793304,22.623234,12.400438
-7.942623,20.636426,12.401927
-10.451513,18.050100,12.399378
-12.389344,15.183223,12.393559
-13.808120,12.322143,12.398417
-14.865219,9.589983,12.401368
-15.774384,7.094248,12.396751
-16.646145,4.575023,12.391760
-17.077581,2.070501,12.396358
-16.630124,-0.548963,12.397414
-16.538090,-3.057631,12.394792
-16.552254,-5.821380,12.393625
-15.663597,-8.221839,12.393097
-14.379622,-10.699837,12.392241
-12.612440,-12.678905,12.399822
-10.676748,-14.716407,12.402315
-8.459397,-16.378899,12.403070
-5.947582,-17.640261,12.397956
-3.231137,-18.712448,12.386412
-0.234030,-19.346964,12.388362
2.822643,-19.505408,12.400466
5.871903,-19.232744,12.396572
9.104586,-18.446110,12.397851
12.181662,-17.183494,12.395827
15.121819,-15.342393,12.388252
17.532436,-12.865916,12.393369
19.293368,-9.887839,12.397917
21.306810,-6.904969,12.397518
23.030549,-3.468670,12.398101
23.763096,0.195208,12.398851
23.915820,4.188357,12.395480
23.715699,8.196864,12.392740
22.339290,12.015256,12.389637
19.879930,15.253309,12.387548
16.201659,17.317277,8.992437
13.146302,19.555716,8.991060
9.897661,21.531979,8.993141
6.348255,22.810644,8.993639
2.563482,23.227226,8.994140
-1.084682,22.941067,8.997047
-4.585700,21.854582,8.993354
-7.698722,19.932018,8.989144
-10.126100,17.543186,8.993055
-12.094764,14.773512,8.997633
-13.474308,12.104973,8.988166
-14.613746,9.461223,8.994980
-15.762477,7.119714,8.999976
-17.003521,4.670349,8.989958
-17.519039,2.095057,8.994750
-17.093283,-0.620932,8.997086
-17.123764,-3.217543,8.997244
-17.143627,-6.042946,9.000382
-16.171357,-8.515720,9.000704
-14.848440,-11.060152,8.995142
-12.926646,-13.004594,8.995815
-10.884395,-15.055591,8.996471
-8.554201,-16.686471,8.994861
-6.034401,-17.824211,8.992608
-3.211272,-18.827771,8.992876
-0.243372,-19.323994,8.994694
2.762077,-19.345659,8.989460
5.869607,-18.921622,8.990040
8.882314,-18.047721,8.993534
11.846359,-16.675656,8.994546
14.575739,-14.874966,8.992967
17.071271,-12.570458,8.992599
19.118447,-9.857925,8.994848
20.907863,-6.818967,8.990041
22.441173,-3.484393,8.992827
23.352522,0.181678,8.998655
23.334305,3.981959,8.993011
22.602415,7.836882,8.991133
21.140375,11.346480,8.992136
18.902979,14.621356,8.993069
15.640929,16.711633,5.597438
12.575837,18.836783,5.596741
9.428694,20.601766,5.591606
6.054488,21.807933,5.588180
2.475098,22.267579,5.590028
-1.112007,21.990220,5.595672
-4.420862,20.937098,5.601133
-7.392965,19.147846,5.598357
-9.842456,16.869961,5.594198
-11.714399,14.420122,5.596897
-13.210723,11.728477,5.599468
-14.399367,9.302732,5.596773
-15.745617,7.117139,5.596908
-17.269549,4.745076,5.599354
-17.852118,2.101396,5.591347
-17.643607,-0.593614,5.598613
-17.733973,-3.291049,5.600128
-17.628558,-6.189265,5.590593
-16.611241,-8.730989,5.591248
-15.253829,-11.346015,5.598840
-13.238695,-13.310377,5.595187
-11.184162,-15.280621,5.588639
-8.767698,-16.921091,5.592568
-6.022564,-18.069083,5.594148
-3.212805,-18.947904,5.592981
-0.278989,-19.321173,5.599457
2.801196,-19.217808,5.589116
5.709385,-18.701570,5.586322
8.640504,-17.744441,5.592891
11.499930,-16.286007,5.599852
14.136301,-14.457915,5.598987
16.703765,-12.316426,5.593262
19.079066,-9.778670,5.595305
20.626946,-6.699459,5.599754
21.923797,-3.320385,5.594795
22.821791,0.148218,5.591524
22.676672,3.879844,5.598767
21.546600,7.421146,5.596319
20.039479,10.751337,5.593982
18.125006,13.987201,5.595387
15.101664,16.133616,2.189457
12.154444,18.087212,2.189857
8.992168,19.671746,2.191181
5.781105,20.771250,2.196343
2.283259,21.261661,2.202586
-1.108982,20.975892,2.201777
-4.224158,19.957255,2.194394
-7.057572,18.310441,2.194707
-9.448683,16.256837,2.196094
-11.389673,13.938734,2.191746
-12.902612,11.471398,2.197676
-14.201728,9.166151,2.196403
-15.757091,7.019413,2.192905
-17.365141,4.781753,2.195974
-18.008614,2.079823,2.194905
-18.097962,-0.569006,2.196519
-18.226045,-3.349295,2.199664
-17.905819,-6.313853,2.201983
-16.864466,-8.912864,2.200971
-15.541710,-11.483873,2.197850
-13.421607,-13.623175,2.202239
-11.269758,-15.588376,2.190066
-8.849382,-17.134098,2.193974
-6.143406,-18.214964,2.201457
-3.235452,-19.008779,2.194107
-0.222212,-19.278116,2.193370
2.668011,-19.088218,2.190121
5.626468,-18.472520,2.199844
8.473316,-17.453252,2.196186
11.234817,-15.942097,2.189041
13.778301,-14.096777,2.189782
16.347938,-12.052580,2.189031
18.840777,-9.714939,2.191931
20.256421,-6.531745,2.189087
21.267385,-3.252695,2.190389
22.058156,0.175359,2.195252
21.818252,3.821936,2.196039
20.550276,7.103917,2.196479
19.106971,10.263970,2.194805
17.432987,13.409186,2.191573
14.525897,15.520024,-1.203885
11.640791,17.415664,-1.203961
8.605812,18.771471,-1.205240
5.441554,19.770826,-1.201438
2.157647,20.238696,-1.201564
-1.029916,19.947952,-1.211602
-4.065141,18.943539,-1.210795
-6.747792,17.441793,-1.211661
-9.154985,15.529776,-1.209635
-11.075874,13.455742,-1.198874
-12.614197,11.234256,-1.199332
-14.010110,9.067266,-1.206513
-15.602137,7.021567,-1.208050
-17.247779,4.745820,-1.200298
-17.927722,2.126934,-1.197856
-18.318391,-0.559003,-1.202822
-18.457745,-3.506291,-1.207336
-17.962195,-6.276386,-1.210149
-16.922406,-8.917341,-1.212071
-15.578138,-11.538870,-1.207794
-13.615446,-13.731779,-1.205886
-11.386561,-15.680985,-1.210578
-8.884478,-17.218465,-1.206869
-6.128349,-18.292028,-1.205318
-3.258866,-18.954946,-1.207608
-0.313607,-19.131747,-1.199221
2.623291,-18.865207,-1.200414
5.611649,-18.157031,-1.201045
8.364076,-17.094545,-1.200505
10.925705,-15.633379,-1.200625
13.378840,-13.794914,-1.203606
15.871731,-11.782076,-1.206542
18.411926,-9.438319,-1.200583
19.672282,-6.415935,-1.200480
20.489486,-3.163674,-1.205609
21.098652,0.216978,-1.208135
20.831296,3.644360,-1.205296
19.649532,6.737218,-1.202483
18.281293,9.838656,-1.201972
16.693940,12.928410,-1.203109
13.862671,14.814240,-4.609676
11.123469,16.728991,-4.610301
8.158116,17.966299,-4.613114
5.175570,18.822752,-4.606660
1.995621,19.246978,-4.599285
-1.088017,18.914747,-4.604908
-3.909150,17.962553,-4.606382
-6.532615,16.553745,-4.604108
-8.747080,14.942605,-4.604682
-10.725918,13.049813,-4.607569
-12.365205,11.008133,-4.604399
-13.835245,8.992553,-4.605080
-15.437989,6.906520,-4.606475
-16.901396,4.609260,-4.599667
-17.595736,2.085314,-4.596192
-18.216417,-0.598209,-4.610394
-18.339487,-3.431058,-4.605883
-17.706171,-6.230325,-4.598838
-16.670360,-8.890543,-4.612399
-15.365047,-11.431153,-4.610473
-13.629532,-13.702822,-4.602538
-11.369683,-15.635716,-4.600420
-8.802287,-17.147551,-4.599199
-6.137915,-18.172231,-4.605377
-3.215152,-18.737498,-4.609118
-0.240902,-18.823364,-4.599241
2.596277,-18.489971,-4.608188
5.475494,-17.740946,-4.604620
8.123743,-16.666707,-4.606429
10.686201,-15.154335,-4.608613
13.032793,-13.333914,-4.607100
15.304696,-11.399495,-4.607609
17.607103,-9.140138,-4.603975
18.856188,-6.215351,-4.609026
19.556208,-3.047618,-4.612154
19.971212,0.134118,-4.612806
19.736814,3.337467,-4.612021
18.683646,6.494924,-4.599988
17.459749,9.394626,-4.597231
15.955067,12.261502,-4.603762
13.099240,13.996938,-8.005593
10.694319,15.939079,-8.005630
7.763357,17.198829,-8.010058
4.871079,17.950964,-8.013243
1.926421,18.277550,-8.012492
-1.030061,17.924935,-8.011250
-3.740938,17.019144,-8.014388
-6.191093,15.782711,-8.005876
-8.475363,14.265328,-8.000664
-10.390370,12.635646,-8.010731
-12.115336,10.807303,-8.004261
-13.701067,8.858368,-8.000102
-15.137694,6.790067,-8.007383
-16.307984,4.440702,-8.009516
-17.008067,2.030203,-7.997583
-17.769367,-0.627183,-8.001164
-17.857341,-3.329405,-8.006823
-17.183394,-6.018654,-8.001706
-16.223432,-8.575905,-7.996001
-14.925773,-11.123105,-7.996711
-13.384125,-13.541795,-8.002780
-11.222453,-15.376716,-8.010544
-8.722089,-16.802080,-8.007073
-5.957515,-17.852710,-8.000789
-3.128623,-18.296767,-8.004909
-0.273225,-18.305152,-8.010646
2.556497,-17.911885,-8.010408
5.197332,-17.173492,-8.006921
7.831019,-16.062951,-8.004278
10.177369,-14.645120,-8.000303
12.417208,-12.875139,-8.000614
14.612172,-10.865957,-8.006519
16.579963,-8.634638,-8.002066
17.818551,-5.821459,-7.997927
18.447776,-2.903092,-8.001770
18.713096,0.169012,-8.002487
18.492235,3.130817,-7.998541
17.681065,6.107010,-8.005184
16.547531,8.876998,-8.009221
15.034013,11.581744,-8.008061
12.160680,13.142186,-11.402538
10.038557,15.158619,-11.406885
7.392957,16.376865,-11.411566
4.623981,17.040362,-11.412006
1.715680,17.262445,-11.409949
-0.975753,16.888635,-11.408322
-3.554388,16.046097,-11.403869
-5.906803,14.929855,-11.398028
-8.039666,13.636691,-11.399963
-10.032503,12.136144,-11.412221
-11.877395,10.460681,-11.415652
-13.470052,8.671817,-11.404225
-14.735024,6.532590,-11.400395
-15.500255,4.267377,-11.410183
-16.210815,1.881033,-11.399228
-17.008872,-0.623983,-11.396142
-17.060162,-3.177977,-11.405523
-16.390706,-5.730686,-11.407805
-15.523042,-8.169278,-11.399662
-14.294232,-10.587724,-11.398436
-12.945952,-13.087706,-11.404070
-10.838555,-14.900448,-11.407738
-8.435865,-16.229061,-11.404896
-5.814083,-17.207931,-11.406213
-3.008196,-17.576803,-11.411100
-0.299597,-17.528561,-11.404991
2.379545,-17.110135,-11.398640
4.975935,-16.331351,-11.405169
7.360841,-15.282742,-11.406711
9.656442,-13.846862,-11.406734
11.767037,-12.139734,-11.403458
13.690084,-10.230549,-11.399597
15.285545,-8.036448,-11.410430
16.477851,-5.478488,-11.412486
17.132603,-2.735680,-11.407314
17.310630,0.079883,-11.403646
17.105036,2.893932,-11.404802
16.520727,5.655019,-11.408783
15.428627,8.356982,-11.407840
13.969715,10.782851,-11.403773
11.184866,12.060125,-14.811681
9.413276,14.141373,-14.811227
6.912559,15.432316,-14.803999
4.305911,16.007485,-14.803469
1.584687,16.113284,-14.805569
-0.922405,15.723016,-14.801698
-3.336091,14.951199,-14.802535
-5.557193,13.961492,-14.802552
-7.680863,12.777429,-14.800218
-9.530460,11.533465,-14.801983
-11.438859,10.035817,-14.809779
-13.067798,8.335271,-14.805083
-14.097937,6.272020,-14.800373
-14.524802,3.971041,-14.810333
-15.176900,1.740096,-14.811673
-15.948404,-0.597740,-14.806645
-15.966917,-2.979981,-14.807212
-15.337358,-5.363952,-14.808870
-14.583489,-7.660862,-14.802237
-13.433135,-9.917546,-14.796954
-12.261717,-12.304917,-14.802586
-10.269267,-14.105491,-14.799599
-8.012900,-15.338013,-14.805054
-5.458815,-16.250369,-14.808946
-2.931265,-16.535973,-14.800757
-0.301304,-16.443245,-14.802871
2.193654,-16.005474,-14.808159
4.512940,-15.277627,-14.807478
6.822680,-14.231384,-14.804091
8.943116,-12.857662,-14.807112
10.832820,-11.311986,-14.806453
12.549120,-9.462572,-14.800712
13.828020,-7.271906,-14.804940
14.934257,-4.988267,-14.802868
15.608772,-2.552004,-14.801372
15.759516,0.079060,-14.801756
15.565877,2.609831,-14.800796
15.116061,5.207771,-14.800326
14.135538,7.610516,-14.803090
12.733777,9.855522,-14.807808
10.023497,10.893080,-18.201802
8.531419,12.999115,-18.201553
6.369034,14.207702,-18.207893
3.882809,14.718531,-18.208318
1.397748,14.719927,-18.206100
-0.973057,14.298513,-18.207708
-3.091662,13.632022,-18.201547
-5.137625,12.773528,-18.200724
-7.111275,11.756663,-18.202720
-8.929452,10.652240,-18.198360
-10.742572,9.387587,-18.207078
-12.298691,7.881655,-18.207202
-13.223384,5.806128,-18.197163
-13.352346,3.575541,-18.198591
-13.923325,1.536301,-18.206336
-14.582515,-0.519025,-18.208586
-14.558514,-2.788328,-18.209009
-14.015014,-4.871412,-18.212315
-13.368492,-7.079417,-18.210010
-12.312853,-9.136789,-18.199575
-11.238216,-11.311021,-18.209205
-9.530810,-12.945287,-18.206143
-7.399319,-14.131083,-18.207863
-5.054363,-14.930459,-18.209198
-2.744107,-15.156701,-18.201746
-0.344664,-15.035222,-18.208690
1.927612,-14.606815,-18.209599
4.123346,-13.884720,-18.201861
6.133511,-12.936218,-18.206660
7.978621,-11.717154,-18.207218
9.780224,-10.239267,-18.207201
11.182371,-8.544406,-18.213450
12.140237,-6.431093,-18.209980
13.151095,-4.454296,-18.201366
13.874846,-2.258402,-18.204052
14.022717,0.045129,-18.203360
13.823134,2.359153,-18.199927
13.448678,4.639509,-18.209016
12.539693,6.816000,-18.211776
11.319021,8.795882,-18.207243
8.685175,9.484330,-21.601269
7.512686,11.428821,-21.604109
5.571060,12.586640,-21.609749
3.372548,13.005725,-21.612614
1.185085,12.941795,-21.610872
-0.896712,12.546337,-21.606087
-2.841806,11.942801,-21.600539
-4.653755,11.214078,-21.599588
-6.340752,10.399591,-21.602195
-8.044443,9.441252,-21.603084
-9.678940,8.391357,-21.601871
-11.157713,7.046380,-21.601801
-11.967126,5.224097,-21.603706
-11.912863,3.172652,-21.604786
-12.360460,1.370879,-21.603230
-12.909807,-0.531238,-21.598916
-12.827280,-2.459527,-21.601842
-12.366147,-4.288041,-21.607488
-11.898587,-6.263683,-21.600885
-10.971726,-8.072761,-21.598441
-9.954763,-9.946503,-21.609711
-8.433388,-11.497265,-21.609733
-6.583114,-12.569641,-21.605357
-4.580900,-13.218293,-21.606960
-2.465232,-13.398009,-21.607311
-0.354041,-13.266161,-21.603085
1.641690,-12.865594,-21.597677
3.489848,-12.232959,-21.597263
5.253862,-11.384218,-21.601026
6.933261,-10.253938,-21.599772
8.464336,-8.994498,-21.604749
9.569337,-7.425581,-21.608228
10.212736,-5.483750,-21.600230
11.113335,-3.843206,-21.607031
11.864745,-2.025820,-21.610563
12.035949,-0.014453,-21.609082
11.828277,1.946039,-21.608083
11.482857,3.945899,-21.607659
10.721348,5.791948,-21.605301
9.703702,7.567997,-21.602344
7.042939,7.781672,-25.008062
6.115370,9.404285,-25.006449
4.510428,10.367903,-25.007532
2.692563,10.695580,-25.007502
0.820143,10.594822,-25.005159
-0.892267,10.238075,-25.004217
-2.431835,9.753341,-25.007966
-3.933090,9.165595,-25.010213
-5.339781,8.523008,-25.006863
-6.767403,7.768241,-25.001836
-8.130081,6.927414,-25.005085
-9.389406,5.861536,-25.006205
-10.195309,4.341431,-25.002655
-10.118077,2.584800,-25.009860
-10.432479,1.085312,-25.010590
-10.798627,-0.492254,-25.004419
-10.647632,-2.032193,-25.002807
-10.268607,-3.600461,-25.006104
-10.000685,-5.260480,-25.001868
-9.260623,-6.761613,-25.005996
-8.296863,-8.230036,-25.002202
-7.126596,-9.520823,-25.000174
-5.597268,-10.505288,-25.000226
-3.928865,-11.019108,-25.002820
-2.183741,-11.150179,-25.010404
-0.441159,-11.026332,-25.011759
1.204109,-10.684873,-25.009204
2.790463,-10.131687,-25.000169
4.238607,-9.413886,-25.000487
5.557841,-8.507991,-25.006345
6.835192,-7.457094,-25.010036
7.574036,-6.011536,-25.005360
7.924206,-4.435101,-25.000579
8.763512,-3.122622,-25.005649
9.530528,-1.682140,-25.008895
9.674353,-0.037608,-25.005868
9.446612,1.517239,-25.004143
9.085487,3.145852,-25.007129
8.503118,4.625124,-25.009158
7.768533,6.143636,-25.009483
4.875736,5.508634,-28.405513
4.135290,6.614567,-28.406660
2.997821,7.245531,-28.403592
1.703524,7.455929,-28.403051
0.412699,7.354919,-28.406563
-0.804843,7.079088,-28.409062
-1.903273,6.729536,-28.405121
-2.931651,6.330230,-28.403341
-3.938273,5.877056,-28.406318
-4.925503,5.378143,-28.402838
-5.906937,4.788696,-28.402469
-6.854413,4.031263,-28.406774
-7.545998,3.095509,-28.406606
-7.671751,1.875399,-28.409958
-7.834675,0.725326,-28.406483
-8.042178,-0.387250,-28.399621
-7.745986,-1.513778,-28.401533
-7.429957,-2.625515,-28.403013
-7.365088,-3.825373,-28.408859
-6.924091,-5.029226,-28.408037
-6.096004,-5.909073,-28.406407
-5.235363,-6.813306,-28.404328
-4.252682,-7.633719,-28.401847
-2.998983,-8.006278,-28.402152
-1.757778,-8.099081,-28.403200
-0.512781,-8.001674,-28.409658
0.706638,-7.740257,-28.408717
1.790502,-7.348119,-28.404688
2.855568,-6.795862,-28.408784
3.799324,-6.147739,-28.408499
4.661170,-5.392796,-28.402978
4.834481,-4.060334,-28.400732
5.120052,-3.081376,-28.404401
5.912030,-2.231492,-28.408800
6.582393,-1.262068,-28.409926
6.593510,-0.118086,-28.406609
6.316197,0.973543,-28.402712
5.984706,2.060450,-28.400448
5.679374,3.110629,-28.400516
5.328892,4.263043,-28.402396
-0.889917,-1.406230,-31.805240
