-16.438135,-30.562853,30.956389
-11.355891,-33.436613,30.956388
-5.906690,-35.539445,30.956388
-0.204762,-36.805974,30.956389
5.823561,-37.121088,30.956389
11.796877,-36.225149,30.956388
17.527930,-33.758896,30.956389
22.084709,-29.811156,30.956388
25.336888,-24.710652,30.956388
27.407206,-19.250903,30.956388
28.570924,-13.926495,30.956389
29.051000,-8.888456,30.956388
28.966122,-4.217550,30.956388
28.327046,0.409579,30.956389
27.224370,4.547318,30.956389
25.714170,8.345693,30.956389
23.786253,11.949764,30.956388
21.605840,15.174515,30.956388
19.122664,18.172812,30.956388
16.340740,20.896437,30.956389
13.091851,23.377899,30.956388
9.692040,25.277653,30.956388
5.838329,26.652882,30.956388
1.796818,27.267141,30.956388
-2.292511,27.132852,30.956388
-6.308409,26.361012,30.956388
-10.181137,25.049930,30.956388
-14.028536,23.167310,30.956388
-17.601657,20.804033,30.956388
-20.827473,17.985362,30.956389
-23.627595,14.743037,30.956388
-26.143244,10.804649,30.956388
-27.993711,6.726127,30.956389
-29.358917,2.053742,30.956388
-30.032832,-2.767311,30.956388
-29.978802,-7.830242,30.956389
-29.096905,-13.012963,30.956388
-27.253528,-18.148181,30.956388
-24.454387,-22.868476,30.956388
-21.220964,-27.595101,27.697532
-16.832147,-31.196132,27.704304
-11.657067,-33.915421,27.707977
-6.096841,-35.786133,27.706635
-0.186562,-37.071062,27.708132
5.866583,-37.206417,27.710233
11.812417,-36.090518,27.703526
17.405611,-33.710519,27.699803
22.023250,-29.836162,27.704384
25.220981,-24.672827,27.711143
27.295471,-19.197309,27.713478
28.514545,-13.859293,27.706449
28.454704,-8.607279,27.711817
28.213350,-3.911102,27.706341
27.545692,0.308505,27.704511
26.192554,4.397852,27.708157
24.721778,8.008781,27.706455
22.917112,11.470605,27.711630
20.742949,14.717317,27.708545
18.192189,17.403220,27.706703
15.403892,19.845098,27.710212
12.587132,22.276754,27.711944
9.421923,24.560975,27.705787
5.720728,25.747368,27.699632
1.829225,26.310118,27.702523
-2.252118,26.516971,27.709391
-6.341671,26.175849,27.709736
-10.340032,25.251622,27.705807
-14.329746,23.694076,27.705960
-18.292463,21.520603,27.704840
-21.764162,18.689471,27.699269
-24.350624,15.042356,27.700102
-27.178016,11.229061,27.697897
-29.405953,7.000435,27.702578
-30.274394,2.146920,27.713627
-31.190679,-2.858057,27.704271
-31.051763,-8.089869,27.707013
-29.785071,-13.240168,27.710244
-27.762950,-18.313145,27.700484
-24.879995,-23.226952,27.695593
-21.440847,-27.950682,24.455112
-17.061698,-31.577513,24.461029
-11.626825,-34.179389,24.461068
-5.977754,-35.795296,24.456416
-0.262675,-37.040535,24.456647
5.788617,-36.998809,24.450350
11.697661,-35.701805,24.449933
17.292673,-33.316969,24.454559
21.921021,-29.472341,24.457489
24.995905,-24.458442,24.458990
27.092430,-18.991779,24.457485
28.305819,-13.844793,24.449689
27.960619,-8.420283,24.459796
27.634744,-3.920949,24.455301
26.844561,0.461815,24.447477
25.402906,4.319305,24.453968
23.914474,7.919918,24.462277
22.230643,11.224839,24.462565
20.195925,14.331636,24.459607
17.724109,16.817356,24.457745
14.856550,19.165778,24.462157
12.279263,21.586575,24.462139
9.219385,24.301062,24.451174
5.487667,25.327983,24.459939
1.762760,25.825034,24.465202
-2.290426,26.236976,24.460680
-6.394850,26.113176,24.457922
-10.431871,25.371623,24.460023
-14.479113,23.984940,24.455559
-18.536604,21.973501,24.449611
-22.226800,19.107528,24.452645
-24.831302,15.240647,24.457005
-27.776610,11.495694,24.451059
-30.209211,7.003903,24.452292
-30.868816,2.089331,24.463666
-31.833288,-3.103382,24.453532
-31.581688,-8.321982,24.448187
-30.141398,-13.436134,24.450415
-27.935065,-18.640772,24.451805
-25.162701,-23.389068,24.452527
-21.616986,-27.919467,21.210707
-17.111423,-31.666582,21.203196
-11.633220,-34.065144,21.204060
-5.949406,-35.449858,21.210269
-0.075499,-36.715005,21.204186
5.743530,-36.470274,21.208689
11.583892,-35.003970,21.203150
16.961276,-32.692522,21.201745
21.481807,-29.072538,21.204193
24.709487,-23.964586,21.204830
26.771184,-18.725375,21.211483
27.979493,-13.605243,21.203982
27.565587,-8.411345,21.200756
27.158501,-3.746435,21.206858
26.348427,0.410737,21.212612
24.864584,4.228892,21.209575
23.457442,7.631213,21.201828
21.836779,10.944651,21.199922
19.865259,14.068216,21.204290
17.439319,16.573443,21.209574
14.581752,18.904183,21.206257
12.081346,21.387041,21.201878
9.220356,24.274658,21.206127
5.510191,25.238795,21.202538
1.785577,25.711704,21.199842
-2.229373,26.208235,21.200296
-6.314746,26.145750,21.200651
-10.524296,25.394836,21.201728
-14.560996,24.037310,21.199271
-18.600622,22.058878,21.201602
-22.298625,19.237285,21.211075
-25.002612,15.472252,21.209304
-28.032842,11.580994,21.204923
-30.423915,7.075404,21.207490
-31.121269,2.202588,21.212411
-31.975697,-2.982607,21.208605
-31.680928,-8.370420,21.200754
-30.161344,-13.624448,21.198840
-27.998824,-18.608535,21.204041
-25.158677,-23.508555,21.209784
-21.450649,-27.754257,17.964343
-16.960482,-31.426572,17.957804
-11.480888,-33.628569,17.953057
-5.815028,-34.807822,17.955806
-0.188249,-35.996991,17.959218
5.743867,-35.595044,17.955166
11.299120,-34.047817,17.958307
16.595668,-31.730956,17.959044
20.969252,-28.328770,17.959415
24.199832,-23.536231,17.959356
26.328037,-18.391276,17.952118
27.520325,-13.330820,17.962192
27.180114,-8.184951,17.952315
26.770859,-3.767614,17.950115
25.968665,0.350092,17.954595
24.535907,4.134082,17.955182
23.073377,7.678353,17.956703
21.593138,10.800621,17.958844
19.691517,13.916087,17.957900
17.398132,16.498080,17.956544
14.654023,18.892911,17.959519
12.072689,21.514555,17.961756
9.288229,24.415057,17.958223
5.638784,25.405356,17.960517
1.757338,25.896814,17.960136
-2.214404,26.359893,17.959084
-6.252945,26.224781,17.961409
-10.395055,25.384576,17.958213
-14.549311,23.899328,17.958695
-18.480142,21.855710,17.958793
-22.119474,19.034627,17.952706
-25.031371,15.483284,17.950731
-27.914831,11.583548,17.953183
-30.183202,7.000806,17.952002
-31.121255,2.058964,17.949267
-31.755679,-3.090182,17.957349
-31.419624,-8.248692,17.957040
-29.997730,-13.443773,17.955943
-27.852628,-18.379656,17.961730
-25.061206,-23.238905,17.965415
-21.058431,-27.289821,14.711438
-16.590326,-30.831831,14.712225
-11.152105,-32.868977,14.707909
-5.738443,-33.844392,14.700669
-0.180767,-34.902086,14.700860
5.457387,-34.444956,14.708364
10.892128,-32.821819,14.705545
15.908383,-30.590566,14.706950
20.431824,-27.219280,14.707823
23.566805,-22.942206,14.699666
25.781561,-17.934756,14.702912
26.935851,-12.961170,14.712374
26.815617,-8.069852,14.701900
26.425156,-3.731132,14.703845
25.603453,0.516135,14.706911
24.351268,4.084988,14.700425
22.923200,7.577453,14.701884
21.421168,10.833651,14.711961
19.579899,13.910814,14.710324
17.467350,16.578054,14.710445
14.924063,19.088285,14.709768
12.251493,21.797289,14.708012
9.438047,24.587930,14.711366
5.698323,25.723676,14.707336
1.706276,26.264845,14.703123
-2.213416,26.614898,14.701056
-6.362674,26.292097,14.700372
-10.384483,25.255281,14.705918
-14.414551,23.621721,14.709022
-18.167003,21.449752,14.705657
-21.710566,18.617837,14.700756
-24.873213,15.363516,14.701597
-27.506336,11.458989,14.705348
-29.514306,6.963350,14.708786
-30.795507,2.228547,14.711347
-31.196718,-2.850837,14.712550
-30.822257,-8.139512,14.705222
-29.537959,-13.247732,14.701897
-27.408287,-18.107703,14.707331
-24.638170,-22.880681,14.710432
-20.431739,-26.517465,11.460038
-15.990367,-29.872596,11.461106
-10.814704,-31.762719,11.461239
-5.509333,-32.642886,11.459375
-0.031118,-33.437218,11.455045
5.301699,-32.946398,11.456811
10.412776,-31.336386,11.452301
15.289385,-29.092527,11.456206
19.520993,-26.140288,11.459331
22.836624,-22.156916,11.453251
25.078554,-17.494530,11.456711
26.211812,-12.636355,11.450545
26.419433,-8.024906,11.450290
26.079727,-3.604441,11.455016
25.366909,0.396378,11.457534
24.244917,4.105329,11.457483
22.862019,7.532480,11.458827
21.422098,10.731395,11.461932
19.559762,13.917644,11.459119
17.544685,16.800796,11.452638
15.107924,19.551346,11.448438
12.478539,22.183347,11.451862
9.415065,24.846256,11.458650
5.764292,26.061688,11.452599
1.701311,26.682124,11.448624
-2.335832,26.885497,11.454501
-6.370076,26.338104,11.462025
-10.235076,25.090716,11.462820
-14.098520,23.289347,11.462114
-17.636306,20.975546,11.461520
-21.056712,18.137386,11.460912
-24.447882,15.211522,11.462338
-26.860777,11.177860,11.456141
-28.556172,6.800949,11.452165
-30.239331,2.142690,11.458089
-30.373153,-2.830574,11.458551
-29.976666,-7.848663,11.455597
-28.871304,-12.853153,11.453419
-26.679510,-17.779769,11.453993
-23.999310,-22.264679,11.456824
-19.577591,-25.450887,8.207673
-15.327185,-28.481330,8.204583
-10.284956,-30.371321,8.206782
-5.129297,-31.221332,8.210271
0.066439,-31.622219,8.205230
5.087727,-31.172190,8.204087
10.036893,-29.566277,8.203878
14.425120,-27.461315,8.205493
18.641632,-24.722001,8.205717
21.998120,-21.205526,8.204715
24.265574,-16.908360,8.208116
25.375678,-12.187520,8.203843
25.953897,-7.715605,8.201975
25.701501,-3.429053,8.210956
25.076685,0.492453,8.210940
24.170925,4.142931,8.204767
22.848994,7.494515,8.206674
21.386611,10.777556,8.210113
19.592811,13.889422,8.212441
17.687131,16.948978,8.211403
15.367502,19.905242,8.210906
12.642619,22.547311,8.211225
9.486265,24.929410,8.210245
5.794456,26.310043,8.213058
1.695227,27.030956,8.207211
-2.249346,27.097769,8.201064
-6.318139,26.322626,8.203139
-10.164505,24.813256,8.200352
-13.821907,22.843725,8.206085
-17.114870,20.387095,8.210806
-20.229726,17.648464,8.207032
-23.880834,14.873778,8.212252
-25.974523,10.909853,8.207538
-27.432563,6.549281,8.198060
-29.391242,2.154006,8.200223
-29.340652,-2.673371,8.208133
-28.913103,-7.579122,8.204502
-27.953236,-12.455038,8.201000
-25.861281,-17.083909,8.206526
-23.055441,-21.556502,8.208998
-18.523351,-24.134479,4.955471
-14.311581,-26.890003,4.950845
-9.764585,-28.695243,4.954785
-4.810342,-29.595530,4.959785
0.064308,-29.551691,4.952219
4.765266,-29.184501,4.950596
9.385680,-27.732494,4.952707
13.603873,-25.621387,4.951538
17.620815,-23.191104,4.951223
20.992727,-20.168671,4.953833
23.358123,-16.103866,4.952722
24.415106,-11.712690,4.953095
25.373062,-7.616971,4.954556
25.298231,-3.495207,4.958035
24.756346,0.500623,4.961646
24.097841,4.071248,4.956393
22.803635,7.501933,4.950136
21.318805,10.837655,4.958699
19.596375,13.857598,4.955169
17.771616,17.031791,4.957604
15.642725,19.986465,4.957080
12.709089,22.726771,4.947937
9.519206,24.844434,4.948304
5.819230,26.365682,4.955131
1.713822,27.192704,4.959456
-2.286560,27.148543,4.957334
-6.350249,26.158847,4.954954
-9.993833,24.510204,4.960167
-13.436059,22.432612,4.959838
-16.629407,19.782397,4.955812
-19.566607,17.042893,4.957692
-23.141149,14.384403,4.962349
-24.974564,10.493130,4.956176
-26.199158,6.395640,4.950103
-28.294816,2.042109,4.953827
-28.128956,-2.625025,4.952772
-27.708766,-7.204294,4.949337
-26.860873,-11.933437,4.952763
-24.804549,-16.403039,4.960983
-22.048300,-20.505899,4.960949
-17.450252,-22.539135,1.707019
-13.309671,-25.019896,1.707554
-9.121035,-26.824012,1.704243
-4.587041,-27.833283,1.704218
0.079560,-27.361102,1.712305
4.604557,-27.023363,1.706885
8.888202,-25.731212,1.707206
12.768571,-23.712239,1.708263
16.536745,-21.552892,1.703730
19.849747,-18.996529,1.700874
22.246986,-15.359614,1.702326
23.349936,-11.162866,1.710814
24.670580,-7.329574,1.709698
24.768465,-3.404700,1.710019
24.337532,0.460900,1.705383
23.884110,4.082794,1.702066
22.654992,7.568633,1.709065
21.226760,10.773082,1.709974
19.509999,13.833107,1.710618
17.791891,16.902868,1.708918
15.564843,20.028290,1.707174
12.689160,22.593726,1.706445
9.401117,24.592113,1.705395
5.713005,26.185820,1.709413
1.790616,27.055776,1.705239
-2.225431,26.971917,1.701640
-6.266548,25.874592,1.708865
-9.872423,24.115589,1.709109
-13.241356,21.907416,1.703530
-16.114804,19.379629,1.699464
-18.968198,16.540662,1.700100
-22.065754,13.876459,1.702321
-23.887151,10.103038,1.702606
-25.090087,6.188857,1.700984
-26.872248,2.068501,1.699570
-26.836388,-2.415498,1.700005
-26.439198,-6.805957,1.700699
-25.602130,-11.363552,1.700595
-23.614424,-15.642507,1.701016
-20.909210,-19.336786,1.703830
-16.143633,-20.949578,-1.544923
-12.210281,-23.047991,-1.541300
-8.393463,-24.831584,-1.540832
-4.148661,-25.992162,-1.549929
0.256688,-25.119202,-1.547567
4.257349,-24.814442,-1.542168
8.231084,-23.779156,-1.537839
11.788808,-21.899088,-1.541916
15.398044,-19.864926,-1.544667
18.686799,-17.592615,-1.540121
21.036248,-14.356546,-1.543729
22.184963,-10.539996,-1.541429
23.782017,-7.006392,-1.544515
24.058507,-3.135470,-1.542902
23.767568,0.416305,-1.543931
23.496966,4.050792,-1.545912
22.445124,7.419816,-1.543998
21.027053,10.631115,-1.547996
19.343107,13.711620,-1.540156
17.567255,16.746883,-1.535324
15.367422,19.686882,-1.543201
12.478570,22.205567,-1.550348
9.157337,24.124354,-1.542520
5.641673,25.665504,-1.538788
1.751313,26.560232,-1.543000
-2.245204,26.469723,-1.549138
-6.107624,25.433426,-1.548872
-9.703814,23.696000,-1.539605
-12.890225,21.561338,-1.535270
-15.802546,19.071923,-1.538941
-18.439721,16.289079,-1.542823
-20.881161,13.124288,-1.539297
-22.799642,9.631682,-1.541595
-24.226003,5.891365,-1.547517
-25.186635,2.018118,-1.547785
-25.487722,-2.122148,-1.544762
-25.178117,-6.427904,-1.548130
-24.193541,-10.793152,-1.545914
-22.409693,-14.721926,-1.536169
-19.570783,-18.227508,-1.538960
-14.793083,-19.327164,-4.792036
-11.203138,-21.012739,-4.790573
-7.603884,-22.795798,-4.791374
-3.803299,-24.110987,-4.799504
0.322243,-22.978705,-4.800102
3.967725,-22.615304,-4.794307
7.653716,-21.827713,-4.791716
11.050722,-20.065541,-4.791111
14.184365,-18.212363,-4.793038
17.231442,-16.193844,-4.798569
19.641568,-13.249708,-4.797495
20.936149,-9.843770,-4.795558
22.670157,-6.585603,-4.796020
23.166354,-3.071873,-4.798275
23.008261,0.474461,-4.793686
22.870003,3.949674,-4.786156
21.997847,7.345144,-4.788122
20.668380,10.414617,-4.794605
19.033607,13.507186,-4.793762
17.132388,16.438708,-4.798814
14.919050,19.160141,-4.799830
12.180604,21.557894,-4.791650
8.999392,23.358584,-4.787436
5.498131,24.860577,-4.791498
1.794655,25.693775,-4.798616
-2.167922,25.663061,-4.799288
-5.879489,24.819748,-4.792848
-9.494573,23.202667,-4.790564
-12.656685,21.126687,-4.792620
-15.565125,18.854055,-4.791491
-18.202159,15.939636,-4.786444
-19.600333,12.409398,-4.789058
-21.654109,9.323323,-4.795353
-23.423493,5.811259,-4.798261
-23.429167,1.933807,-4.795426
-24.088794,-1.997729,-4.795380
-23.885201,-6.010292,-4.799108
-22.695841,-10.021537,-4.796762
-21.016285,-13.894970,-4.788273
-18.282752,-16.959629,-4.788639
-13.568632,-17.659860,-8.041867
-10.190316,-19.060377,-8.037302
-6.929241,-20.705814,-8.038077
-3.415750,-22.217146,-8.042808
0.299255,-21.024130,-8.041251
3.737297,-20.512932,-8.039854
7.147673,-19.952383,-8.037747
10.272497,-18.446984,-8.040151
13.032005,-16.601484,-8.046709
15.811670,-14.531981,-8.046269
18.026265,-12.057414,-8.039492
19.658556,-9.008354,-8.041132
21.248346,-6.070047,-8.042652
21.974572,-2.873526,-8.045518
22.023468,0.472136,-8.042996
21.929215,3.788241,-8.042590
21.358501,7.050746,-8.046417
20.105689,10.129404,-8.038993
18.603091,13.096575,-8.043789
16.556615,15.873010,-8.041137
14.349064,18.377301,-8.038732
11.677053,20.771964,-8.041036
8.637487,22.455761,-8.038407
5.281285,23.804358,-8.036946
1.756136,24.517458,-8.036243
-2.010098,24.572650,-8.042323
-5.713496,23.970771,-8.050436
-9.079464,22.643614,-8.043107
-12.258933,20.721058,-8.040754
-15.406852,18.517370,-8.044236
-17.892315,15.770171,-8.043124
-18.616202,11.911642,-8.041038
-20.783033,8.979202,-8.045120
-22.690732,5.700817,-8.049029
-21.927377,1.859802,-8.044547
-22.727712,-1.853076,-8.040029
-22.406258,-5.706183,-8.037887
-21.074905,-9.196038,-8.041513
-19.590656,-12.896340,-8.048500
-16.931717,-15.683154,-8.047421
-12.340893,-16.067803,-11.300161
-9.084267,-17.270068,-11.297805
-6.155836,-18.752402,-11.291221
-3.048286,-20.326786,-11.287934
0.400095,-19.178759,-11.295355
3.471937,-18.540515,-11.290223
6.583008,-18.198334,-11.289828
9.578814,-16.976599,-11.296979
12.024786,-15.020841,-11.295478
14.211269,-12.806666,-11.292587
16.246034,-10.625310,-11.298006
18.261968,-8.234362,-11.294400
19.400700,-5.503648,-11.297219
20.441332,-2.524261,-11.300727
20.788682,0.517556,-11.295822
20.646187,3.664739,-11.291962
20.389231,6.875659,-11.295086
19.295585,9.813960,-11.294026
17.853881,12.741826,-11.287415
15.821372,15.075269,-11.285292
13.577095,17.458992,-11.289085
11.127273,19.764365,-11.290011
8.257978,21.331915,-11.288512
5.060004,22.479301,-11.298414
1.597439,23.047046,-11.294402
-1.806489,23.206017,-11.286475
-5.315686,22.958607,-11.288834
-8.785674,21.776995,-11.288365
-11.857615,20.108765,-11.288610
-15.020281,18.098750,-11.293054
-17.526387,15.494307,-11.298548
-18.341476,11.781709,-11.298686
-20.376284,8.802541,-11.296476
-21.948011,5.492337,-11.296005
-21.014023,1.784597,-11.298171
-21.435393,-1.634190,-11.299144
-20.748498,-5.182996,-11.296902
-19.316071,-8.372464,-11.294098
-18.091229,-11.781476,-11.293982
-15.497206,-14.427900,-11.297597
-11.110868,-14.538200,-14.552001
-8.134052,-15.538528,-14.544704
-5.502657,-16.790217,-14.540896
-2.759325,-18.399886,-14.546754
0.425890,-17.459787,-14.539943
3.265555,-16.642777,-14.544137
6.182817,-16.454341,-14.546055
8.928751,-15.585048,-14.541751
11.007264,-13.529498,-14.544981
12.508861,-11.041642,-14.547634
14.321078,-9.093309,-14.543606
16.781222,-7.426084,-14.549687
17.241623,-4.638214,-14.540866
18.600755,-2.182239,-14.534697
19.261487,0.677661,-14.543039
19.074595,3.529828,-14.543622
19.204300,6.509408,-14.538026
18.318769,9.316702,-14.543214
17.000751,12.065713,-14.542141
14.821370,14.136617,-14.547406
12.702424,16.321001,-14.547064
10.500909,18.558600,-14.544525
7.688542,20.049778,-14.545911
4.775643,20.921813,-14.539229
1.650251,21.290860,-14.541377
-1.645198,21.578643,-14.542615
-5.041249,21.661063,-14.538830
-8.193441,20.729917,-14.548044
-11.283451,19.257125,-14.544527
-14.331620,17.416868,-14.538557
-16.920526,15.018135,-14.544030
-18.572599,11.914843,-14.541620
-20.143077,8.784149,-14.542609
-21.004456,5.345485,-14.542907
-20.502518,1.789654,-14.539756
-20.149387,-1.520337,-14.547802
-18.872115,-4.603416,-14.545583
-17.457287,-7.464692,-14.540715
-16.395866,-10.697510,-14.548414
-14.100886,-13.077942,-14.553560
-9.979759,-12.960888,-17.800778
-7.260338,-13.816367,-17.796384
-4.770653,-14.888686,-17.787618
-2.332938,-16.434262,-17.790355
0.517640,-15.728336,-17.789051
3.032575,-14.779909,-17.787937
5.628509,-14.711583,-17.793351
8.260608,-14.184961,-17.794561
9.998009,-12.088742,-17.790521
10.827756,-9.235794,-17.794168
12.300590,-7.526751,-17.791655
15.173224,-6.597744,-17.799011
14.757700,-3.731924,-17.790072
16.549998,-1.822351,-17.793776
17.428922,0.640416,-17.799714
17.235073,3.206699,-17.795345
17.779563,6.063945,-17.787516
17.126340,8.762146,-17.787441
15.869220,11.311415,-17.799025
13.607485,13.000086,-17.797966
11.676606,15.052674,-17.796635
9.782578,17.157590,-17.795911
7.239808,18.468200,-17.794535
4.351183,19.105371,-17.798665
1.523307,19.294361,-17.792090
-1.417452,19.712546,-17.788020
-4.562530,20.096061,-17.794739
-7.536279,19.334067,-17.797137
-10.489373,18.005250,-17.794858
-13.236026,16.249577,-17.789724
-15.820970,14.138318,-17.788539
-18.490045,11.821007,-17.797741
-19.430770,8.510766,-17.796001
-19.452372,5.071453,-17.791354
-19.701251,1.795482,-17.794231
-18.670564,-1.326733,-17.789958
-16.825238,-4.012326,-17.788614
-15.444146,-6.587187,-17.790155
-14.609732,-9.435848,-17.790039
-12.657453,-11.650378,-17.795780
-8.761650,-11.343110,-21.043247
-6.310407,-12.087316,-21.047592
-4.052393,-12.912070,-21.048985
-1.984636,-14.298271,-21.046308
0.542088,-13.978103,-21.048048
2.745689,-12.911012,-21.044424
5.110638,-12.857930,-21.046060
7.568527,-12.687243,-21.047692
8.998076,-10.594990,-21.038330
9.164176,-7.497278,-21.050105
10.268904,-5.983375,-21.048508
13.482923,-5.653330,-21.043658
12.106317,-2.809545,-21.040262
14.772035,-1.411689,-21.047102
15.209915,0.758615,-21.041707
15.220647,2.963525,-21.037084
16.123438,5.551978,-21.040321
15.704125,8.120097,-21.046212
14.514042,10.330926,-21.049187
12.116476,11.684276,-21.042423
10.547399,13.603844,-21.043851
8.920346,15.560582,-21.047818
6.516371,16.681569,-21.046997
4.007707,16.994805,-21.043298
1.473957,17.062998,-21.039083
-1.111323,17.584814,-21.037517
-3.990826,18.188479,-21.041804
-6.779665,17.543987,-21.049336
-9.239033,16.223777,-21.049589
-11.468111,14.348893,-21.045578
-13.735478,12.557559,-21.043086
-17.105642,11.115562,-21.040628
-17.383121,7.753811,-21.042595
-16.905236,4.540134,-21.045103
-18.001270,1.763119,-21.046330
-16.813740,-1.146631,-21.049605
-14.711440,-3.393811,-21.046982
-13.333796,-5.555154,-21.040416
-12.626768,-8.116203,-21.037004
-11.095181,-10.123366,-21.038679
-7.373207,-9.615898,-24.301372
-5.332391,-10.256001,-24.300560
-3.311852,-10.846061,-24.289574
-1.494899,-12.005620,-24.294602
0.620533,-12.061857,-24.292306
2.508106,-10.986174,-24.287441
4.476762,-10.773024,-24.291073
6.763367,-11.048112,-24.294898
7.940212,-9.008183,-24.300151
7.573221,-5.811639,-24.293362
8.349727,-4.526744,-24.289693
11.621922,-4.664865,-24.287802
9.531295,-1.876761,-24.294195
12.988689,-1.109565,-24.290198
12.675006,0.792050,-24.296061
13.087278,2.730664,-24.295402
14.248465,5.021720,-24.290713
14.028250,7.295466,-24.292521
12.760519,9.147989,-24.296488
10.443335,10.116840,-24.293323
9.304591,11.962100,-24.288322
7.891099,13.708682,-24.292559
5.744564,14.523686,-24.300381
3.531407,14.547715,-24.299398
1.415524,14.575430,-24.292321
-0.783711,15.172662,-24.292236
-3.296680,15.869369,-24.294689
-5.692580,15.420899,-24.287983
-7.605914,13.711135,-24.294271
-8.889435,11.610216,-24.297881
-10.480068,10.086501,-24.291422
-14.159317,9.481332,-24.290821
-13.895562,6.480881,-24.294246
-13.159371,3.880859,-24.295201
-15.250254,1.664952,-24.297073
-14.640902,-0.793229,-24.292814
-12.539069,-2.759428,-24.290635
-11.044929,-4.531347,-24.291465
-10.426375,-6.643571,-24.289482
-9.317974,-8.459599,-24.293599
-5.861045,-7.609150,-27.546689
-4.200214,-8.229159,-27.546129
-2.530950,-8.579639,-27.548880
-1.037136,-9.318134,-27.546185
0.634291,-9.818619,-27.541562
2.286901,-8.919815,-27.545889
3.712415,-8.305073,-27.548823
5.844707,-9.086284,-27.543036
6.754073,-7.262401,-27.541705
6.054970,-4.189935,-27.542932
6.586678,-3.192891,-27.541870
9.316457,-3.399339,-27.541814
7.490585,-1.166525,-27.538680
10.917381,-0.703060,-27.539664
9.792357,0.908061,-27.548306
10.951806,2.449270,-27.544751
12.112031,4.407393,-27.539820
11.917723,6.325414,-27.539489
10.365375,7.586427,-27.541549
8.595309,8.298263,-27.542513
7.879740,10.063484,-27.542251
6.606298,11.473139,-27.546386
4.847036,11.856894,-27.544947
2.979114,11.664950,-27.540489
1.308873,11.758496,-27.542515
-0.456313,12.416855,-27.542393
-2.455168,13.022210,-27.541915
-4.487230,12.665680,-27.545819
-5.367008,10.514996,-27.549198
-5.613390,8.159395,-27.545543
-6.461837,6.887623,-27.540934
-9.085462,6.707484,-27.540874
-9.638959,4.960073,-27.549306
-8.456423,2.948494,-27.545783
-11.233116,1.534153,-27.538626
-11.726750,-0.422182,-27.543267
-10.199523,-2.103646,-27.546226
-8.615786,-3.371378,-27.541398
-7.917259,-4.879075,-27.543090
-7.182610,-6.568417,-27.547242
-3.799501,-4.979084,-30.797343
-2.749857,-5.678700,-30.796259
-1.594423,-5.971895,-30.794464
-0.391538,-6.137070,-30.792576
0.768214,-6.693730,-30.789853
1.971747,-6.534861,-30.793428
2.959465,-5.545802,-30.794131
4.558569,-6.449116,-30.795262
5.287169,-5.123116,-30.789013
4.616634,-2.706896,-30.795404
5.080359,-2.002490,-30.800529
5.221072,-1.156655,-30.797899
6.376398,-0.747032,-30.799271
6.988543,0.043745,-30.790425
7.228939,0.994789,-30.792815
8.867251,2.159300,-30.798873
9.375196,3.604177,-30.796339
8.937510,4.937232,-30.791790
7.011508,5.275056,-30.792930
6.494396,6.361816,-30.792439
6.011533,7.725997,-30.790837
4.947189,8.427518,-30.790906
3.491283,8.184269,-30.793934
2.323148,8.098978,-30.795234
1.218948,8.398088,-30.796015
0.010827,8.942878,-30.797612
-1.427606,9.301866,-30.795426
-2.780958,9.109833,-30.789710
-2.333460,6.051088,-30.788181
-2.046800,4.424733,-30.792304
-2.276855,3.684941,-30.794821
-3.026378,3.387823,-30.795971
-5.751028,3.593402,-30.792426
-3.985652,2.108418,-30.794240
-3.993310,1.323621,-30.793589
-7.434248,0.131741,-30.794104
-7.319892,-1.227542,-30.798538
-6.137388,-2.176385,-30.795237
-4.945750,-2.887326,-30.791254
-4.471541,-3.926531,-30.794821
2.571345,-0.435461,-34.043612
-14.011014,-17.353185,30.956389
-10.920545,-20.031355,30.956389
-7.360063,-22.280680,30.956389
-3.129403,-24.014089,30.956389
1.368431,-24.847026,30.956388
6.058938,-24.618280,30.956388
10.547128,-23.234543,30.956388
14.559655,-20.804338,30.956388
17.889909,-17.474378,30.956388
20.162726,-13.368268,30.956388
20.811027,-8.584329,30.956388
19.749089,-3.884639,30.956388
17.415953,0.339827,30.956388
14.690561,3.548600,30.956388
11.965378,5.914126,30.956388
9.572931,7.529531,30.956388
7.455299,8.669611,30.956388
5.577082,9.476531,30.956388
3.983157,10.017807,30.956388
2.588699,10.388081,30.956388
1.292419,10.650030,30.956389
0.102934,10.824310,30.956389
-0.973902,10.929288,30.956389
-2.174582,10.988315,30.956389
-3.256512,10.989584,30.956388
-4.337355,10.941614,30.956389
-5.534284,10.830292,30.956389
-6.842340,10.636719,30.956389
-8.253923,10.339456,30.956388
-9.872107,9.876832,30.956389
-11.669157,9.190981,30.956389
-13.702576,8.150097,30.956389
-15.862915,6.623313,30.956389
-17.877154,4.553417,30.956389
-19.478594,1.867269,30.956389
-20.325943,-1.146228,30.956388
-20.402969,-4.513624,30.956388
-19.773583,-7.836477,30.956388
-18.506710,-11.116804,30.956389
-15.568849,-13.049121,28.199515
-13.469010,-16.363898,28.201042
-10.900579,-19.969655,28.204810
-7.434948,-22.665151,28.210508
-3.231276,-24.485099,28.212489
1.453700,-25.385704,28.207833
6.115413,-25.059572,28.203797
10.690413,-23.665779,28.208956
14.901726,-21.327610,28.210122
18.244195,-17.754076,28.209806
19.907994,-13.106225,28.211442
19.798588,-8.071049,28.203095
18.519457,-3.442301,28.206235
16.529195,0.494866,28.212430
14.260663,3.552601,28.210969
12.063930,5.866336,28.207562
10.033732,7.641902,28.206841
8.173917,9.049367,28.209383
6.530445,10.122482,28.211680
5.021328,10.934167,28.209011
3.607351,11.685846,28.202788
2.153731,12.323025,28.202279
0.718031,12.650593,28.209903
-0.591201,13.011712,28.203958
-2.044257,13.111147,28.204079
-3.516613,13.099080,28.210991
-4.981235,13.291635,28.209812
-6.691156,13.276252,28.206250
-8.378217,12.928814,28.204459
-10.290333,12.504064,28.204694
-11.983160,11.512625,28.204616
-13.726270,10.360401,28.206305
-15.637518,8.829015,28.205110
-17.361032,6.911451,28.203257
-18.839056,4.505782,28.205651
-19.773005,1.846021,28.207832
-20.129021,-1.081851,28.207176
-19.901262,-4.266756,28.210587
-18.926895,-7.281358,28.208914
-17.413809,-10.119467,28.203183
-15.117904,-12.487005,25.458905
-13.224399,-15.864945,25.450161
-10.898253,-19.875830,25.449925
-7.433897,-22.872413,25.451008
-3.163677,-24.783423,25.456772
1.488907,-25.617873,25.461361
6.223607,-25.139812,25.455786
10.723462,-23.663480,25.456905
14.936546,-21.350186,25.460623
18.138381,-17.750340,25.460145
19.418989,-12.734789,25.457937
18.936208,-7.632671,25.461529
17.598905,-3.070202,25.460729
15.931068,0.556759,25.460932
13.982245,3.612304,25.461680
12.213017,5.875443,25.457310
10.453411,7.817234,25.455519
8.849530,9.394952,25.455928
7.335216,10.697771,25.456976
5.811349,11.779107,25.460104
4.372503,12.792112,25.459745
2.842199,13.602808,25.454696
1.281205,14.068166,25.452126
-0.386565,14.624784,25.458775
-1.992517,14.686488,25.458336
-3.737782,14.737427,25.454317
-5.474255,15.017565,25.455057
-7.457481,14.961878,25.457774
-9.405270,14.474139,25.457983
-11.554948,13.843146,25.456382
-13.407341,12.566883,25.453363
-15.140921,11.130877,25.454140
-16.976444,9.261157,25.453500
-18.433848,7.081234,25.458431
-19.476868,4.535344,25.462184
-19.993713,1.840638,25.458056
-20.009412,-1.161560,25.455008
-19.589725,-4.131849,25.454963
-18.526424,-6.905855,25.458608
-16.937460,-9.620527,25.462159
-15.072297,-12.427479,22.703566
-13.201983,-15.705742,22.707715
-10.878870,-19.755950,22.705316
-7.448909,-22.851504,22.709984
-3.160676,-24.795287,22.708852
1.422141,-25.526040,22.702982
6.173741,-24.895845,22.707066
10.533247,-23.302630,22.707529
14.627716,-20.941783,22.707582
17.727117,-17.234167,22.705563
18.751935,-12.237281,22.701828
18.185693,-7.232244,22.706725
16.959117,-2.870943,22.708455
15.475351,0.733539,22.712110
13.914655,3.609200,22.712267
12.416457,5.936324,22.703375
10.921387,7.957760,22.708128
9.552948,9.603460,22.709470
8.072943,11.146666,22.700664
6.540418,12.444752,22.707068
5.043355,13.612340,22.709466
3.414568,14.532423,22.702996
1.624923,15.155785,22.701200
-0.168636,15.761357,22.710268
-1.915308,15.827287,22.711029
-3.801324,15.887524,22.703805
-5.807533,16.141203,22.700996
-7.927893,16.007788,22.704595
-9.991061,15.408153,22.704067
-12.230249,14.588327,22.701475
-14.188981,13.216175,22.702997
-16.042628,11.512883,22.710374
-17.688157,9.607802,22.707176
-19.052148,7.202896,22.701836
-19.852042,4.548819,22.707471
-20.120508,1.796908,22.711551
-19.946962,-1.094487,22.706327
-19.421955,-4.069181,22.710957
-18.350467,-6.872860,22.710243
-16.805954,-9.634082,22.704492
-15.297131,-12.691576,19.961532
-13.286461,-15.867074,19.959540
-10.800214,-19.638202,19.954504
-7.431205,-22.615162,19.959397
-3.167442,-24.516906,19.958075
1.427240,-25.101937,19.953688
6.009336,-24.332320,19.961794
10.276852,-22.553208,19.961195
14.120178,-20.074909,19.957521
16.943797,-16.475078,19.958207
17.957445,-11.637233,19.960819
17.539047,-6.890463,19.957435
16.480460,-2.636495,19.954088
15.303103,0.667458,19.953331
14.014155,3.521684,19.954597
12.715927,5.952590,19.957250
11.392560,8.078810,19.958256
10.070933,9.907076,19.956279
8.685465,11.524066,19.954121
7.137397,12.982887,19.956953
5.555342,14.225799,19.959762
3.816736,15.202482,19.955888
1.935662,15.912686,19.950767
0.018737,16.510349,19.957066
-1.974509,16.598446,19.958425
-3.980137,16.639989,19.954078
-5.986524,16.754081,19.953072
-8.217013,16.508303,19.955084
-10.365075,15.796272,19.954673
-12.540201,14.839543,19.955301
-14.499966,13.486726,19.956078
-16.327977,11.773133,19.962115
-17.982850,9.725045,19.955568
-19.252389,7.281645,19.950133
-19.950923,4.612585,19.953445
-20.131298,1.737992,19.955174
-19.908685,-1.010218,19.953735
-19.368044,-3.968063,19.951047
-18.383583,-6.938491,19.952991
-17.026758,-9.775532,19.958074
-15.659659,-13.110226,17.207899
-13.401185,-16.208396,17.201199
-10.702298,-19.426802,17.209822
-7.348491,-22.167908,17.213562
-3.137023,-23.953982,17.208772
1.304895,-24.354976,17.205307
5.676233,-23.493982,17.205631
9.804062,-21.547005,17.202516
13.311330,-18.948633,17.207143
15.935988,-15.396596,17.209205
17.078622,-10.936418,17.202766
16.960264,-6.486674,17.207881
16.200213,-2.607328,17.210237
15.211486,0.707821,17.207589
14.124802,3.598013,17.204121
12.999670,6.071627,17.203439
11.812133,8.237923,17.209679
10.588949,10.094971,17.209085
9.118614,11.924505,17.200936
7.625682,13.402222,17.206745
5.946451,14.665644,17.210405
4.101151,15.663995,17.209022
2.140714,16.424024,17.206309
0.109213,16.961790,17.201241
-1.983907,17.070465,17.205046
-3.961996,17.035062,17.203693
-6.062742,16.964190,17.203462
-8.250983,16.603335,17.208833
-10.343188,15.838304,17.207555
-12.443855,14.794760,17.202751
-14.488942,13.408386,17.201256
-16.304192,11.731995,17.204246
-17.891405,9.678991,17.205982
-19.108287,7.248041,17.205237
-19.803889,4.621092,17.203262
-20.016882,1.786372,17.202237
-19.834066,-1.048402,17.204366
-19.334061,-3.969628,17.207874
-18.540734,-6.970059,17.211928
-17.342667,-10.095745,17.213570
-15.943043,-13.605075,14.456409
-13.605309,-16.391762,14.451117
-10.625991,-19.043076,14.456085
-7.170913,-21.527181,14.458072
-3.135134,-23.097882,14.456245
1.121382,-23.317170,14.453914
5.374811,-22.367782,14.451843
9.224486,-20.329953,14.454770
12.422254,-17.535138,14.456010
14.785917,-14.166159,14.455738
16.167793,-10.283765,14.456027
16.472135,-6.298760,14.454950
16.012243,-2.575671,14.455870
15.225066,0.719970,14.455647
14.330595,3.607542,14.452415
13.353185,6.082380,14.450778
12.219970,8.356577,14.458130
11.002846,10.304673,14.461487
9.591741,12.119713,14.457503
7.973660,13.756933,14.461377
6.192281,14.999221,14.462166
4.245718,15.988609,14.461868
2.211118,16.756442,14.461282
0.196118,17.170494,14.455296
-1.978295,17.299081,14.458802
-4.028096,17.159019,14.455517
-6.065693,16.869875,14.455806
-8.182265,16.369099,14.458578
-10.202404,15.554978,14.451756
-12.109025,14.504285,14.450725
-14.115206,13.153525,14.450930
-15.933556,11.554634,14.458943
-17.461469,9.530171,14.454704
-18.658219,7.147093,14.454069
-19.426127,4.603538,14.457674
-19.761181,1.837954,14.453377
-19.701621,-1.062192,14.451481
-19.294728,-3.934898,14.455649
-18.664953,-7.045615,14.460310
-17.634657,-10.413325,14.461545
-16.106202,-13.757646,11.707218
-13.620826,-16.442322,11.710912
-10.486330,-18.532056,11.709647
-7.047851,-20.640576,11.708657
-3.073328,-22.000592,11.706687
0.971959,-22.040185,11.705722
4.980397,-21.069049,11.708989
8.558611,-19.001064,11.710568
11.443014,-16.060774,11.709697
13.608881,-12.953072,11.710544
15.297048,-9.586554,11.711887
16.030549,-6.000145,11.707109
15.877866,-2.468015,11.701723
15.310907,0.667799,11.700718
14.592537,3.523112,11.703375
13.696620,6.080812,11.706834
12.600394,8.432325,11.710930
11.313614,10.543078,11.707572
9.863626,12.404029,11.700258
8.277103,13.993093,11.703096
6.303317,15.259020,11.702645
4.374882,16.174119,11.703200
2.273228,16.921815,11.708183
0.171474,17.217300,11.709506
-1.952097,17.341064,11.712925
-4.048817,17.081818,11.705100
-5.990562,16.569924,11.702604
-7.896857,15.957148,11.710927
-9.842231,15.114862,11.710937
-11.659435,14.020234,11.702290
-13.504814,12.754440,11.706877
-15.320441,11.243851,11.709752
-16.791607,9.265770,11.711072
-17.934551,7.060179,11.710146
-18.855833,4.518758,11.705016
-19.355857,1.849422,11.701608
-19.473150,-0.973406,11.703556
-19.180880,-3.903497,11.705818
-18.671304,-7.077628,11.705780
-17.759677,-10.508082,11.704893
-15.878820,-13.409996,8.955207
-13.381190,-16.067771,8.957998
-10.209123,-17.881044,8.956250
-6.843491,-19.638698,8.953733
-3.033173,-20.698566,8.953967
0.772969,-20.609247,8.956916
4.536746,-19.659282,8.959896
7.867853,-17.638568,8.959126
10.434442,-14.737057,8.954628
12.590933,-11.773388,8.956057
14.516938,-8.945284,8.962114
15.627783,-5.811941,8.960743
15.785611,-2.394195,8.959018
15.401429,0.676694,8.960007
14.803419,3.582194,8.959972
13.961855,6.190912,8.956450
12.931886,8.486322,8.955675
11.639655,10.637399,8.956028
10.159358,12.528302,8.955483
8.438121,14.210270,8.955954
6.491273,15.375699,8.954745
4.386072,16.311810,8.957562
2.332253,16.972484,8.960252
0.167462,17.143711,8.954639
-1.896244,17.248263,8.959198
-4.018406,16.883139,8.956836
-5.835252,16.169798,8.950993
-7.721392,15.357783,8.955032
-9.471946,14.521123,8.962103
-11.190827,13.392472,8.960528
-12.854990,12.187527,8.959126
-14.548527,10.819043,8.952205
-15.956356,8.894305,8.954916
-17.050242,6.877113,8.953868
-18.062170,4.584958,8.952848
-18.779848,1.934057,8.957978
-19.089357,-0.787586,8.956038
-18.944293,-3.752945,8.957118
-18.454326,-6.935609,8.956583
-17.505981,-10.241445,8.954396
-15.202607,-12.647704,6.203975
-12.884447,-15.274327,6.205287
-9.943672,-17.018929,6.203130
-6.606940,-18.531045,6.202168
-3.079336,-19.272992,6.202878
0.581966,-19.105937,6.205086
4.206453,-18.165784,6.208902
7.228956,-16.321247,6.211307
9.677275,-13.493549,6.209988
11.730922,-10.906382,6.209193
13.820926,-8.488244,6.209647
15.257416,-5.616633,6.206431
15.690673,-2.460969,6.201689
15.481834,0.634552,6.200171
14.996020,3.565343,6.201449
14.207796,6.205033,6.202068
13.194569,8.532308,6.207699
11.835348,10.796541,6.213028
10.318360,12.692392,6.210076
8.545218,14.356728,6.202442
6.547594,15.492838,6.203362
4.391337,16.394843,6.209681
2.280708,16.968627,6.210692
0.073844,17.008231,6.203903
-1.920238,17.067762,6.200267
-3.946514,16.630047,6.203155
-5.721052,15.710950,6.204379
-7.350574,14.797237,6.201676
-9.007573,13.923691,6.200760
-10.539367,12.845002,6.202023
-12.097852,11.620374,6.205529
-13.722709,10.289184,6.204566
-14.945132,8.606009,6.206370
-16.049068,6.687599,6.207421
-17.155147,4.536800,6.208553
-18.018540,2.033526,6.210795
-18.502029,-0.678387,6.207223
-18.496301,-3.545295,6.201425
-17.941255,-6.576824,6.199068
-16.848995,-9.598153,6.200707
-14.385255,-11.509233,3.459666
-12.320450,-14.169102,3.458661
-9.510956,-16.085354,3.458540
-6.343051,-17.341166,3.453714
-2.998571,-17.825891,3.453457
0.401450,-17.616227,3.455149
3.792801,-16.759644,3.451429
6.757058,-15.085369,3.450105
9.104572,-12.646615,3.454250
11.230117,-10.284007,3.458909
13.369053,-8.075235,3.459123
14.922159,-5.405340,3.454828
15.540279,-2.404005,3.452528
15.493762,0.687048,3.453728
15.116162,3.519970,3.456562
14.385087,6.177341,3.458983
13.351949,8.621510,3.455993
12.052273,10.805775,3.450605
10.448695,12.784850,3.451755
8.635613,14.423652,3.461656
6.620623,15.571788,3.457802
4.435420,16.447820,3.456422
2.276507,16.923489,3.462742
0.048813,16.853373,3.458527
-1.975598,16.843221,3.457295
-3.908345,16.343838,3.455076
-5.626725,15.264864,3.455495
-7.097164,14.234830,3.457398
-8.647808,13.314449,3.454579
-10.083778,12.226330,3.455207
-11.347226,11.096570,3.461842
-12.771241,9.819971,3.454141
-13.958245,8.204712,3.458320
-15.011863,6.482063,3.461900
-16.144814,4.447245,3.454636
-17.040882,2.179665,3.453287
-17.638290,-0.405496,3.458458
-17.745495,-3.267912,3.454044
-17.122938,-6.032648,3.453684
-15.908336,-8.774234,3.457758
-13.509495,-10.434906,0.709517
-11.697424,-13.001230,0.703259
-9.208126,-14.960837,0.702113
-6.145514,-16.081473,0.705695
-3.000322,-16.420131,0.704487
0.251651,-16.205579,0.705343
3.333931,-15.511845,0.711530
6.323716,-14.190928,0.706602
8.791018,-12.243600,0.703889
11.003261,-10.117467,0.703867
13.092000,-7.895459,0.703228
14.592237,-5.224583,0.705965
15.309374,-2.254921,0.710476
15.409902,0.704806,0.709014
15.109175,3.539318,0.704092
14.434758,6.205649,0.706256
13.436953,8.660275,0.705727
12.150270,10.857656,0.704199
10.537048,12.829617,0.705706
8.695394,14.440178,0.707315
6.694522,15.650394,0.708393
4.504751,16.518155,0.706432
2.300998,16.878712,0.704728
0.064920,16.727491,0.707727
-1.975905,16.615250,0.704919
-3.829816,16.092416,0.700826
-5.513369,14.932363,0.700642
-6.914509,13.758719,0.705942
-8.275080,12.858157,0.711957
-9.645586,11.801779,0.710627
-10.747810,10.602926,0.703409
-11.901927,9.311326,0.704978
-12.998651,7.845404,0.704407
-13.984983,6.299222,0.700979
-15.007228,4.421038,0.702693
-15.836926,2.342482,0.708453
-16.419423,-0.036434,0.709050
-16.589630,-2.679572,0.702641
-16.041709,-5.239617,0.703825
-14.925358,-7.790714,0.709566
-12.771412,-9.364145,-2.040776
-11.053082,-11.872975,-2.046080
-8.728666,-13.838199,-2.041462
-5.954741,-14.787578,-2.045488
-2.910587,-15.079731,-2.045780
0.110239,-14.896693,-2.045716
3.006326,-14.369483,-2.048784
5.949288,-13.593421,-2.040161
8.743819,-12.199396,-2.038486
11.118469,-10.271825,-2.040514
13.063149,-7.818768,-2.039591
14.253108,-5.023845,-2.043299
14.941075,-2.154335,-2.043074
15.180986,0.769372,-2.044638
14.959265,3.507590,-2.048113
14.361145,6.186441,-2.043091
13.421343,8.658350,-2.042035
12.165547,10.879963,-2.042127
10.552976,12.851567,-2.038756
8.686358,14.433933,-2.038231
6.721074,15.745766,-2.041724
4.544230,16.613747,-2.045522
2.294177,16.832964,-2.046919
0.050693,16.630230,-2.045511
-1.994122,16.390540,-2.039332
-3.868922,15.808011,-2.036067
-5.462266,14.675931,-2.040197
-6.738947,13.458708,-2.044483
-8.086588,12.475658,-2.043713
-9.353672,11.553942,-2.042910
-10.314979,10.197204,-2.038750
-11.129450,8.854255,-2.042009
-12.153796,7.542979,-2.045041
-13.095615,6.056343,-2.039733
-13.809463,4.440033,-2.041448
-14.439168,2.484494,-2.045731
-14.858705,0.367603,-2.041884
-15.017028,-1.879641,-2.044335
-14.700793,-4.405654,-2.041848
-13.936847,-6.861470,-2.037486
-12.014351,-8.417260,-4.795133
-10.428371,-10.687856,-4.797497
-8.305673,-12.567143,-4.791172
-5.626711,-13.468677,-4.792723
-2.876233,-13.753847,-4.795631
-0.053403,-13.643921,-4.792462
2.765339,-13.311782,-4.788909
5.775021,-13.036374,-4.796071
8.819814,-12.260053,-4.796344
11.380828,-10.491834,-4.793507
13.031903,-7.818701,-4.796189
13.821728,-4.802648,-4.797483
14.432339,-1.927545,-4.792021
14.768479,0.783696,-4.790146
14.612935,3.527679,-4.794729
14.114908,6.130096,-4.795614
13.247582,8.628025,-4.798501
12.031031,10.881914,-4.797069
10.486574,12.792018,-4.791429
8.602801,14.361803,-4.794095
6.747906,15.715046,-4.797262
4.592910,16.599724,-4.792885
2.207942,16.704036,-4.787817
0.046127,16.484957,-4.792865
-1.997385,16.120979,-4.790410
-3.810169,15.539897,-4.785851
-5.375227,14.504975,-4.791998
-6.650138,13.230018,-4.798018
-7.916070,12.237535,-4.790382
-9.173702,11.394657,-4.790284
-9.958327,10.002491,-4.797457
-10.490140,8.569218,-4.798147
-11.484041,7.320759,-4.792884
-12.289898,5.941396,-4.794725
-12.744006,4.390118,-4.793847
-13.059227,2.721873,-4.789323
-13.260119,0.842031,-4.790931
-13.381329,-1.141609,-4.794830
-13.361905,-3.442552,-4.794330
-12.986618,-5.980021,-4.791911
-11.234673,-7.454576,-7.546404
-9.758679,-9.475875,-7.544424
-7.787937,-11.216275,-7.542516
-5.386190,-12.058439,-7.543295
-2.840169,-12.393358,-7.545135
-0.205051,-12.387640,-7.542001
2.428592,-12.265353,-7.537664
5.413815,-12.395314,-7.545271
8.777522,-12.192439,-7.550019
11.439789,-10.613667,-7.546334
12.821329,-7.658949,-7.542978
13.220561,-4.495002,-7.545193
13.720575,-1.727361,-7.542894
14.127113,0.970027,-7.543302
14.034572,3.523750,-7.548849
13.617467,6.133444,-7.549241
12.888207,8.477728,-7.548019
11.781415,10.683246,-7.548199
10.272756,12.622285,-7.546205
8.394554,14.195712,-7.538446
6.538222,15.573307,-7.541102
4.461548,16.381656,-7.544115
2.062367,16.407196,-7.541004
-0.019672,16.195652,-7.543043
-1.966321,15.757977,-7.545831
-3.713083,15.196016,-7.542330
-5.281319,14.301046,-7.539218
-6.611764,13.045439,-7.544009
-7.804182,12.058816,-7.548806
-9.073590,11.175889,-7.549295
-9.753840,9.790266,-7.546509
-10.137116,8.364721,-7.540930
-11.009210,7.217215,-7.537401
-11.699177,5.849770,-7.544287
-11.927901,4.306608,-7.545560
-11.986314,2.855285,-7.544821
-11.986537,1.217823,-7.546841
-12.053159,-0.516580,-7.543994
-12.199813,-2.656957,-7.543606
-12.105346,-5.117840,-7.545838
-10.402480,-6.424216,-10.294835
-9.052783,-8.162823,-10.298478
-7.305601,-9.685979,-10.291946
-5.138608,-10.544670,-10.294676
-2.746902,-10.957011,-10.294571
-0.417510,-11.068818,-10.295270
2.077059,-11.128256,-10.299464
4.968642,-11.452942,-10.296625
8.314161,-11.619995,-10.294736
11.034271,-10.161095,-10.293550
12.160198,-7.131306,-10.290536
12.353805,-4.023368,-10.290618
12.778321,-1.406196,-10.293149
13.195707,1.153534,-10.295593
13.160243,3.574073,-10.294658
12.856251,5.974098,-10.289783
12.220743,8.303821,-10.290771
11.228851,10.420992,-10.294773
9.783837,12.357664,-10.293534
8.093061,13.822885,-10.288471
6.221870,15.118757,-10.291293
4.139017,15.846497,-10.293655
1.870450,15.864993,-10.289814
-0.107928,15.686409,-10.289849
-2.027819,15.210715,-10.289447
-3.676703,14.674546,-10.294884
-5.233385,13.942664,-10.293561
-6.537073,12.942655,-10.287886
-7.706194,11.919632,-10.293231
-8.833516,10.979843,-10.287895
-9.598883,9.730059,-10.296990
-10.066227,8.330458,-10.298178
-10.858597,7.100897,-10.294095
-11.364690,5.737831,-10.295640
-11.459116,4.350754,-10.293407
-11.392305,2.888093,-10.289590
-11.267883,1.427170,-10.289044
-11.228373,-0.132556,-10.287820
-11.336285,-2.077429,-10.285198
-11.260903,-4.317610,-10.285434
-9.503590,-5.261946,-13.042597
-8.265153,-6.740531,-13.044573
-6.675936,-8.048801,-13.041395
-4.796565,-8.916332,-13.039938
-2.703015,-9.379978,-13.045953
-0.564225,-9.608621,-13.048364
1.719720,-9.827073,-13.045638
4.386449,-10.137053,-13.048387
7.363434,-10.181966,-13.044786
9.806816,-8.816894,-13.039988
10.897896,-6.155147,-13.039961
11.131049,-3.302074,-13.039255
11.523900,-0.888356,-13.043499
11.899411,1.387292,-13.045605
11.912257,3.613908,-13.042802
11.690676,5.828450,-13.042944
11.175277,7.992120,-13.045145
10.289165,10.035254,-13.043973
9.061560,11.796444,-13.041036
7.496561,13.261128,-13.045307
5.653191,14.386907,-13.044718
3.681833,14.959803,-13.044683
1.608759,15.021574,-13.050325
-0.295886,14.888768,-13.049498
-1.989557,14.479319,-13.049263
-3.576096,13.959906,-13.049079
-5.087360,13.460106,-13.043043
-6.443722,12.808588,-13.036691
-7.563070,11.791656,-13.043176
-8.530593,10.634180,-13.050447
-9.509272,9.589274,-13.041830
-10.204014,8.345383,-13.046761
-10.795108,7.125730,-13.042713
-11.180228,5.755286,-13.044029
-11.265793,4.325241,-13.048347
-11.176628,2.898785,-13.048985
-10.986858,1.563349,-13.046371
-10.783661,0.063285,-13.039977
-10.668957,-1.628563,-13.036586
-10.372862,-3.503980,-13.037638
-8.507768,-3.895592,-15.798242
-7.363659,-5.131024,-15.795861
-6.028470,-6.174568,-15.791500
-4.441110,-7.082567,-15.796867
-2.685862,-7.576975,-15.794518
-0.812295,-7.897623,-15.789693
1.277066,-8.231042,-15.789133
3.531597,-8.361859,-15.791453
5.732552,-7.725718,-15.792734
7.611303,-6.497384,-15.791717
9.009751,-4.684050,-15.791009
9.427545,-2.404129,-15.794056
9.783018,-0.304740,-15.796794
10.121237,1.694171,-15.798188
10.163221,3.666580,-15.798068
10.008088,5.630527,-15.795381
9.605532,7.559254,-15.791379
8.878493,9.387486,-15.790761
7.849432,10.985625,-15.795346
6.531579,12.367412,-15.798745
4.823765,13.328841,-15.795253
2.964425,13.756891,-15.790293
1.210515,13.863697,-15.790591
-0.479336,13.802916,-15.791427
-2.055266,13.467627,-15.788764
-3.462104,12.999395,-15.789104
-4.839396,12.725208,-15.792782
-6.289077,12.496469,-15.793630
-7.387770,11.491734,-15.795351
-8.076956,10.176802,-15.798858
-9.262715,9.451036,-15.793142
-10.236644,8.433940,-15.787872
-10.704499,7.033818,-15.795224
-10.955859,5.719971,-15.792924
-11.077220,4.321432,-15.794623
-11.024278,2.984333,-15.791906
-10.785091,1.601568,-15.790868
-10.398041,0.246709,-15.801000
-9.936269,-1.160427,-15.799911
-9.357536,-2.517529,-15.795645
-7.301356,-2.338129,-18.545808
-6.337082,-3.200840,-18.543292
-5.253212,-4.056663,-18.541940
-4.015730,-4.962723,-18.540994
-2.595200,-5.406260,-18.538979
-1.108393,-5.749825,-18.543045
0.646471,-6.086758,-18.549036
2.369381,-5.886629,-18.547251
3.420132,-4.405015,-18.541326
4.695391,-3.408612,-18.542081
6.437524,-2.722515,-18.546497
7.063749,-1.114630,-18.543664
7.410877,0.583524,-18.544861
7.677296,2.131967,-18.544841
7.735407,3.741002,-18.539745
7.620841,5.343597,-18.542086
7.331815,6.862283,-18.544554
6.798509,8.373710,-18.545125
6.001192,9.764095,-18.547949
5.015496,10.980614,-18.544014
3.677692,11.821575,-18.538809
2.093469,12.170472,-18.538886
0.616251,12.308618,-18.542425
-0.754122,12.324091,-18.547295
-2.093239,12.108588,-18.543790
-3.294974,11.721345,-18.539910
-4.520758,11.570984,-18.542985
-5.977625,11.804853,-18.541163
-6.998920,10.956663,-18.546284
-7.456389,9.499707,-18.548531
-8.802751,9.055196,-18.542201
-9.948483,8.260697,-18.546807
-10.251249,6.886439,-18.546029
-10.425149,5.585676,-18.542226
-10.582013,4.290270,-18.537622
-10.555617,2.983273,-18.544682
-10.315819,1.754059,-18.548775
-9.742105,0.591444,-18.543277
-8.886311,-0.393468,-18.544495
-8.045546,-1.331830,-18.546890
-5.726307,-0.351479,-21.295719
-5.023594,-0.808069,-21.294201
-4.335859,-1.561753,-21.295632
-3.516933,-2.177260,-21.297082
-2.529374,-2.459810,-21.296127
-1.452044,-2.791191,-21.295759
-0.326302,-2.877511,-21.294441
0.652792,-2.289066,-21.292530
0.807961,-0.552217,-21.293660
1.706109,-0.244268,-21.294637
3.148120,-0.158966,-21.295361
3.731645,0.744160,-21.296398
4.026112,1.764256,-21.297410
4.200588,2.825359,-21.296910
4.247847,3.880717,-21.294052
4.187771,4.892945,-21.291347
4.011320,5.932235,-21.290505
3.721068,6.901514,-21.291260
3.273067,7.854372,-21.290672
2.659208,8.773387,-21.291945
1.900599,9.503876,-21.293336
0.900196,9.967095,-21.290176
-0.138690,10.138958,-21.294221
-1.154755,10.205654,-21.298857
-2.154944,10.152468,-21.296834
-3.081836,9.866734,-21.293586
-3.999786,9.708667,-21.295311
-5.252459,10.249169,-21.294448
-6.188213,9.701565,-21.291500
-6.494433,8.475356,-21.290056
-7.622127,8.153008,-21.297329
-8.747967,7.561136,-21.294794
-8.910947,6.412845,-21.294344
-9.043026,5.318011,-21.290573
-9.187248,4.273096,-21.290299
-9.168373,3.180122,-21.289295
-8.910718,2.133584,-21.292857
-8.102928,1.340294,-21.295411
-7.017501,0.880721,-21.292062
-6.325346,0.285318,-21.293481
-3.464218,4.698673,-24.043612
