12.972583,20.805577,36.195172
9.934537,22.038233,36.195172
6.788792,22.963475,36.195172
3.772892,23.558451,36.195172
0.513423,23.912386,36.195172
-2.764470,23.984710,36.195172
-6.037105,23.781337,36.195172
-9.683923,23.226753,36.195172
-13.457462,22.267060,36.195172
-17.485893,20.752974,36.195172
-21.645355,18.534601,36.195172
-25.582467,15.582036,36.195172
-29.187193,11.655750,36.195172
-32.005623,6.888899,36.195172
-33.815080,1.439476,36.195172
-34.461746,-4.266299,36.195172
-33.866463,-10.388766,36.195172
-32.042154,-16.261972,36.195172
-29.212784,-21.725805,36.195172
-25.471108,-26.861587,36.195172
-20.860036,-31.527119,36.195172
-15.370226,-35.483374,36.195172
-9.243033,-38.351934,36.195172
-2.673264,-39.979453,36.195172
4.293791,-40.267315,36.195172
10.966592,-39.128914,36.195172
17.225469,-36.550149,36.195172
22.686843,-32.542575,36.195172
26.921797,-27.265842,36.195172
29.560774,-21.474968,36.195172
30.974449,-15.278029,36.195172
31.308778,-9.547495,36.195172
30.851202,-4.237336,36.195172
29.764953,0.560871,36.195172
28.122634,4.980213,36.195172
26.123562,8.792400,36.195172
23.917590,12.000055,36.195172
21.336794,14.923508,36.195172
18.724792,17.249771,36.195172
16.877439,20.265922,32.386716
13.544437,21.631081,32.388253
10.339959,22.763263,32.386234
7.079456,23.677293,32.389426
3.945319,24.232606,32.399524
0.596204,24.791948,32.395061
-2.788621,24.926535,32.390434
-6.599669,24.754401,32.389088
-10.421159,24.438375,32.393679
-14.507008,23.374138,32.403347
-18.171314,21.229954,32.398972
-22.375163,19.155041,32.390088
-26.515217,15.940529,32.394019
-29.847739,11.753265,32.396309
-32.681314,7.043856,32.390627
-34.606670,1.418191,32.395525
-35.275141,-4.482567,32.400700
-34.950802,-10.843064,32.395494
-33.331090,-16.798814,32.393712
-29.802627,-22.317550,32.392502
-25.246280,-26.781282,32.387819
-20.752434,-31.281990,32.397540
-15.388770,-35.446573,32.394509
-9.200084,-38.245896,32.386929
-2.547258,-39.538897,32.392253
4.239981,-40.004588,32.402166
11.252972,-40.053652,32.397771
17.800540,-37.678122,32.394172
23.257176,-33.569075,32.391832
27.822950,-28.537712,32.393629
31.196892,-22.900583,32.399454
32.936420,-16.555266,32.399262
33.476044,-10.420460,32.400402
33.272095,-4.910421,32.400438
32.408025,0.319684,32.399613
30.867697,5.173471,32.399075
28.828755,9.374969,32.395265
26.232577,12.986192,32.391117
23.235128,16.012013,32.388086
20.016693,18.477541,32.386481
16.735044,20.342452,28.600045
13.358767,21.636103,28.596188
10.126503,22.727419,28.600447
7.052190,23.567712,28.601288
3.908943,24.139933,28.590432
0.555812,24.748398,28.592072
-2.839441,24.964053,28.599041
-6.453397,24.913954,28.595914
-10.516690,24.717610,28.592607
-14.636406,23.737335,28.602983
-18.269761,21.512072,28.601874
-22.653859,19.267773,28.596682
-26.562592,16.087692,28.598323
-29.844187,11.827996,28.596733
-32.868120,6.962145,28.588941
-34.937663,1.363987,28.591878
-35.758326,-4.537786,28.602011
-35.680329,-10.945634,28.603108
-34.043915,-17.334056,28.595131
-30.505975,-22.906373,28.590092
-25.937484,-27.385111,28.589985
-20.919763,-31.668262,28.589134
-15.462183,-35.395232,28.598819
-9.157852,-37.969566,28.602490
-2.648414,-39.035459,28.596966
4.165006,-39.444704,28.593557
10.993936,-39.650607,28.593956
17.595736,-37.392285,28.598151
23.153747,-33.352351,28.599634
27.798812,-28.372304,28.600177
31.195725,-22.714195,28.601389
32.970337,-16.571865,28.596737
33.571666,-10.637072,28.590796
33.465947,-4.885573,28.596837
32.683340,0.374842,28.599797
31.211655,5.049586,28.592532
29.042667,9.445147,28.598319
26.392172,13.037096,28.595926
23.350980,16.044868,28.593052
20.098445,18.494267,28.597640
16.071633,19.572172,24.800090
13.013590,20.906062,24.799563
9.859638,22.012928,24.796030
6.850585,22.865311,24.793334
3.786243,23.506578,24.793945
0.701882,24.040990,24.788008
-2.828709,24.382857,24.786201
-6.370389,24.468365,24.789374
-10.347295,24.292175,24.795259
-14.410333,23.405754,24.802934
-18.293139,21.368302,24.802406
-22.321470,19.117303,24.790061
-26.244862,15.744484,24.793579
-29.363983,11.787796,24.798035
-32.421875,7.063674,24.792643
-34.819603,1.503855,24.801273
-35.969661,-4.645373,24.803732
-36.035194,-11.150754,24.803950
-34.394277,-17.583242,24.802253
-31.191421,-23.253476,24.801889
-26.792485,-28.263921,24.801242
-21.183842,-32.261559,24.789004
-15.476553,-35.338952,24.789032
-9.172170,-37.515208,24.789168
-2.564937,-38.484099,24.788831
4.121009,-38.637605,24.791967
10.789571,-38.140208,24.789075
17.037284,-35.849077,24.798636
22.448008,-32.206786,24.798219
26.893134,-27.265310,24.794987
29.766190,-21.674816,24.802656
31.596903,-15.681971,24.800562
32.194337,-9.882289,24.792715
32.105301,-4.434968,24.791442
31.319551,0.495292,24.796863
29.666763,5.012065,24.798146
27.515819,9.074423,24.790281
24.876667,12.561492,24.796618
22.061038,15.378932,24.804538
19.107677,17.733540,24.803230
14.999657,18.377407,20.997034
12.329768,19.820034,20.989889
9.514269,20.940194,20.988346
6.613995,21.834604,20.995944
3.675549,22.578902,21.000715
0.679834,23.041799,20.998002
-2.530476,23.455804,20.989997
-6.159068,23.677590,20.987920
-9.795785,23.466051,20.992855
-13.960852,22.646971,20.992675
-17.913470,21.087960,20.988952
-21.843692,18.601226,21.001081
-25.316375,15.503332,20.997363
-28.700643,11.486524,20.992151
-31.721698,6.929897,21.004512
-34.426671,1.504030,21.003114
-35.924534,-4.579924,20.989949
-36.079662,-11.083941,20.990409
-34.467843,-17.513547,20.993769
-31.443477,-23.524566,20.989910
-27.262948,-28.946034,20.987572
-21.496691,-32.706334,20.989818
-15.309983,-35.253251,20.997827
-8.877773,-36.983756,21.002191
-2.453592,-37.839425,21.000699
4.010947,-37.633103,20.999792
10.311123,-36.142580,20.999904
16.105710,-33.770731,20.989891
21.452466,-30.407632,20.995116
25.516435,-25.712213,20.999434
28.050868,-19.931534,20.991147
29.740471,-14.524493,21.001667
30.292587,-9.116902,21.000041
30.113723,-4.031394,21.000555
29.170909,0.703753,20.998808
27.304303,4.976871,20.990991
25.180379,8.657750,21.000498
22.837221,11.692457,20.995419
20.287345,14.303038,20.989202
17.663192,16.537012,20.994407
13.872256,17.142103,17.191650
11.583753,18.662165,17.202129
8.945465,19.902912,17.196065
6.345398,20.786122,17.188184
3.543978,21.636426,17.200676
0.643210,22.046167,17.195809
-2.450650,22.519125,17.194906
-5.757959,22.796291,17.199645
-9.262006,22.510398,17.200440
-13.114488,21.804737,17.199333
-17.458839,20.609552,17.199736
-20.940752,18.143878,17.195356
-24.446178,14.968700,17.198074
-27.858766,11.247765,17.199372
-30.833151,6.865047,17.192295
-33.790117,1.582772,17.191724
-35.674769,-4.593623,17.191986
-35.799780,-11.049412,17.191342
-34.173811,-17.495988,17.195146
-31.186822,-23.442755,17.195314
-27.076704,-28.671778,17.191995
-21.579620,-32.773666,17.202147
-15.125011,-34.984150,17.193452
-8.791473,-36.276337,17.193582
-2.374780,-37.045212,17.203465
4.034591,-36.458161,17.200960
9.893470,-34.257559,17.191667
15.397762,-31.707644,17.196309
20.327214,-28.505542,17.192937
24.182925,-24.115466,17.189049
26.733185,-18.808331,17.197061
28.309681,-13.564731,17.197373
28.769272,-8.511377,17.195563
28.302958,-3.436102,17.193132
27.118564,0.894507,17.195499
25.300945,4.795649,17.199325
23.254306,8.125296,17.192080
21.131019,10.935720,17.190532
18.691975,13.459014,17.190818
16.267849,15.428701,17.188414
13.036229,16.242969,13.391490
10.898520,17.824393,13.399066
8.591213,19.081173,13.395700
6.112198,20.044043,13.391146
3.432525,20.955245,13.400723
0.819560,21.359711,13.389359
-2.174773,21.819488,13.391685
-5.373880,22.082576,13.401123
-8.939806,21.696737,13.396938
-12.476533,21.015788,13.392486
-16.757379,20.123300,13.394777
-20.201984,17.572921,13.397659
-23.478226,14.639406,13.401435
-27.072097,11.074133,13.400593
-30.117728,6.716690,13.394174
-33.143301,1.482770,13.393393
-35.194857,-4.433558,13.393270
-35.256089,-10.828893,13.390591
-33.628203,-17.112943,13.387719
-30.479101,-22.869335,13.389882
-26.200266,-27.719393,13.394367
-21.276439,-32.184402,13.393355
-14.925660,-34.416315,13.399601
-8.533594,-35.512176,13.399244
-2.323635,-36.086095,13.398868
3.847672,-35.234005,13.399831
9.550545,-32.698827,13.387529
14.761433,-29.975504,13.395070
19.315109,-26.635777,13.395201
23.011081,-22.548250,13.389448
25.698772,-17.996764,13.392074
27.165607,-12.906608,13.391958
27.560399,-7.798026,13.387918
26.869442,-3.138879,13.392243
25.490997,1.000816,13.396094
23.751815,4.774874,13.390184
21.845863,7.814632,13.388729
19.824885,10.568649,13.398292
17.753008,12.747327,13.402441
15.367373,14.595254,13.395042
12.909864,15.860400,9.590886
10.678866,17.465760,9.585537
8.477910,18.758838,9.594144
6.141149,19.813740,9.601674
3.558079,20.730810,9.591331
0.697367,21.334551,9.598484
-2.205978,21.704348,9.592703
-5.314726,21.782834,9.590731
-8.572158,21.369841,9.600242
-12.147999,20.570739,9.595481
-16.247951,19.567465,9.590455
-19.502683,17.282769,9.597400
-22.871663,14.409217,9.594948
-26.571630,10.914525,9.584761
-29.574583,6.751624,9.590655
-32.395443,1.627134,9.603066
-34.544975,-4.427959,9.590000
-34.476247,-10.606079,9.586250
-32.626268,-16.599483,9.595877
-29.503901,-21.940118,9.596707
-25.199811,-26.702897,9.587383
-20.280433,-30.807236,9.590493
-14.451703,-33.407721,9.587155
-8.350812,-34.696181,9.595327
-2.128231,-34.963074,9.602509
3.799134,-33.897270,9.597253
9.277392,-31.363356,9.599207
14.183307,-28.481846,9.592390
18.348285,-24.967669,9.595711
21.786752,-21.120264,9.605043
24.561716,-16.848882,9.601435
25.885016,-12.087167,9.588464
26.280336,-7.316021,9.596169
25.579710,-2.833207,9.598978
24.212089,1.167209,9.598680
22.694925,4.687906,9.602559
20.890532,7.651660,9.589600
19.079096,10.188279,9.588720
17.158408,12.380353,9.594991
14.958648,14.304683,9.595102
13.070740,16.082031,5.795875
10.850466,17.528639,5.792042
8.553452,18.882304,5.796551
6.195166,20.087516,5.804350
3.506264,20.999508,5.802022
0.773643,21.775893,5.801886
-2.212821,22.039133,5.796939
-5.412696,21.879072,5.789461
-8.734695,21.402023,5.786676
-12.159100,20.467166,5.791302
-15.813385,19.103269,5.802484
-19.261315,16.947846,5.803997
-22.611138,14.312727,5.800718
-26.204929,10.892471,5.799758
-29.331251,6.603429,5.796923
-31.715627,1.646569,5.788444
-33.630826,-4.092255,5.788756
-33.508075,-10.090694,5.799534
-31.423688,-15.756344,5.797338
-28.344369,-20.975318,5.786334
-24.356873,-25.687141,5.789577
-19.119694,-29.007274,5.798607
-13.886194,-32.089391,5.790579
-8.180395,-33.763635,5.788832
-2.087145,-33.712192,5.795550
3.792594,-32.497568,5.793492
8.976114,-30.187197,5.787908
13.601069,-27.195155,5.795696
17.449088,-23.558388,5.794182
20.589772,-19.683586,5.790929
23.051639,-15.599141,5.793993
24.388974,-11.002204,5.788574
24.860526,-6.752434,5.790046
24.399879,-2.549237,5.800653
23.253168,1.380006,5.799515
21.960496,4.675055,5.788506
20.399574,7.456093,5.795823
18.581260,10.073989,5.798399
16.828417,12.314211,5.795946
15.049540,14.313345,5.796410
13.367453,16.459007,1.988166
11.019810,17.862761,1.998764
8.619937,19.258512,2.001265
6.208445,20.551568,1.996605
3.573734,21.403760,1.996039
0.618006,22.388694,1.989920
-2.279599,22.528469,1.994851
-5.561820,22.179572,2.000167
-8.797887,21.702452,1.994751
-12.244327,20.594876,1.987392
-15.412671,18.845033,1.986623
-19.048412,16.847997,1.993285
-22.625080,14.190452,1.990047
-25.930100,10.859511,1.991214
-29.028521,6.550585,2.004835
-30.950243,1.728422,2.001374
-32.536801,-3.940706,1.990894
-32.228155,-9.593278,1.993563
-30.147176,-15.087792,1.999469
-27.234445,-20.222578,1.995477
-23.514572,-24.705824,1.988001
-18.346375,-27.824297,1.991515
-13.451938,-30.821703,2.000711
-7.764853,-32.575956,2.002215
-1.844843,-32.361312,1.996843
3.696101,-31.103659,1.995824
8.805162,-29.007109,1.998456
13.170209,-25.926229,1.992446
16.775522,-22.205303,1.987766
19.557697,-18.260385,1.986498
21.560327,-14.247911,1.989669
22.883125,-10.144577,1.998323
23.522803,-6.049822,1.992920
23.393409,-2.263755,1.986499
22.676611,1.292023,1.990525
21.575563,4.559514,1.997991
20.104869,7.490205,1.994177
18.488450,9.922290,1.992108
16.790274,12.344850,1.990591
15.263317,14.489692,1.987090
13.519813,16.676799,-1.797773
11.106543,18.156932,-1.795063
8.769485,19.519442,-1.803826
6.265310,20.843676,-1.814291
3.542248,21.735225,-1.810808
0.662007,22.687377,-1.804538
-2.497089,22.847241,-1.804294
-5.686130,22.502812,-1.807055
-9.013170,21.994490,-1.803026
-12.329565,20.817545,-1.797240
-15.353526,18.694018,-1.808492
-18.944182,16.837957,-1.804681
-22.535976,14.165940,-1.806760
-25.639326,10.771665,-1.813836
-28.544473,6.524199,-1.811328
-30.068074,1.692312,-1.810199
-31.160682,-3.593970,-1.802873
-30.666536,-9.066257,-1.797803
-28.937678,-14.381452,-1.804262
-26.270070,-19.407081,-1.813084
-22.509677,-23.717500,-1.809863
-17.948923,-27.155199,-1.802515
-12.846606,-29.729973,-1.810351
-7.458558,-31.080483,-1.809344
-1.765955,-30.960878,-1.805341
3.649890,-29.684623,-1.812008
8.526502,-27.855094,-1.813435
12.700242,-24.777136,-1.809132
16.049956,-21.192414,-1.799491
18.580354,-17.259578,-1.801684
20.361001,-13.076264,-1.811108
21.705970,-9.277743,-1.805828
22.443086,-5.662064,-1.810491
22.648903,-1.963960,-1.806551
22.294945,1.370755,-1.800740
21.365827,4.602321,-1.806961
20.075096,7.525556,-1.809540
18.586058,9.944703,-1.809652
16.979520,12.338604,-1.807677
15.441040,14.602410,-1.803217
13.265179,16.447335,-5.609230
11.203627,18.049072,-5.602856
8.842870,19.492498,-5.601312
6.335421,20.677466,-5.603804
3.581292,21.684271,-5.601345
0.725934,22.350555,-5.599098
-2.352257,22.743117,-5.610546
-5.760558,22.679735,-5.607221
-9.161620,22.123489,-5.599348
-12.512526,20.894179,-5.614832
-15.427637,18.803703,-5.614921
-19.016963,16.838740,-5.607921
-22.357647,14.072029,-5.598159
-25.172522,10.607386,-5.599298
-27.703288,6.482480,-5.610696
-28.926259,1.722667,-5.609268
-29.463559,-3.313580,-5.601432
-28.893861,-8.465056,-5.607854
-27.566515,-13.571439,-5.603644
-25.060481,-18.433297,-5.599815
-21.406038,-22.441662,-5.612936
-17.329203,-26.210965,-5.606694
-12.267379,-28.334364,-5.603463
-6.925162,-29.438841,-5.604257
-1.609991,-29.470778,-5.601511
3.514983,-28.309258,-5.598302
8.270238,-26.600378,-5.602035
12.302855,-23.596194,-5.608741
15.554480,-20.108099,-5.614748
17.963869,-16.271271,-5.609143
19.544839,-12.500400,-5.603192
20.950587,-8.850301,-5.612974
21.785883,-5.371792,-5.609743
22.211584,-1.961513,-5.603624
22.117182,1.448885,-5.599543
21.362313,4.626430,-5.596068
20.251078,7.518935,-5.600852
18.853629,10.095797,-5.607620
17.145900,12.484698,-5.612059
15.300056,14.557151,-5.612677
12.933582,15.905046,-9.396692
11.043205,17.843892,-9.398647
8.731576,19.359299,-9.406885
6.202818,20.343743,-9.409962
3.599666,21.429095,-9.401659
0.789807,21.710603,-9.398453
-2.300165,22.356054,-9.397806
-5.698923,22.722613,-9.397070
-9.147598,22.111419,-9.395773
-12.547206,20.923918,-9.398138
-15.631695,19.032930,-9.409061
-18.942170,16.876811,-9.410108
-21.951816,13.925102,-9.408718
-24.325821,10.375387,-9.405088
-26.347013,6.287757,-9.400533
-27.446121,1.857314,-9.403714
-27.371201,-2.858340,-9.399297
-26.935695,-7.558079,-9.403798
-25.890995,-12.509511,-9.406223
-23.473892,-17.053008,-9.404914
-20.088957,-20.826115,-9.408494
-16.267796,-24.591239,-9.405245
-11.514781,-26.520052,-9.402778
-6.514680,-27.586641,-9.399534
-1.388834,-27.818935,-9.395765
3.427645,-26.850234,-9.397306
7.997558,-25.150171,-9.404019
11.823325,-22.410427,-9.406008
14.939913,-19.258085,-9.409024
17.433293,-15.653456,-9.405534
19.140597,-12.098805,-9.401478
20.572809,-8.605589,-9.410191
21.455691,-5.266279,-9.408005
21.994102,-1.836059,-9.408204
22.035460,1.459684,-9.408439
21.457152,4.557241,-9.402394
20.462687,7.536827,-9.406686
19.180300,10.265764,-9.408858
17.339091,12.564408,-9.404923
14.962460,14.366840,-9.399394
13.015777,16.035724,-13.198911
11.098938,18.001881,-13.211171
8.746544,19.500472,-13.206896
6.172238,20.472834,-13.195262
3.531971,21.536290,-13.200195
0.686134,21.785838,-13.205656
-2.414309,22.441514,-13.207089
-5.676331,22.786552,-13.206595
-9.104919,22.122606,-13.209281
-12.508415,20.924448,-13.212454
-15.832519,19.151390,-13.205933
-18.688491,16.713369,-13.203897
-21.204976,13.674427,-13.208607
-22.974780,10.061833,-13.206412
-24.278361,6.168799,-13.198423
-25.523094,2.004899,-13.200065
-24.858105,-2.294750,-13.201201
-24.599536,-6.678413,-13.204174
-23.683049,-11.350324,-13.204740
-21.379494,-15.282526,-13.200864
-18.298665,-18.986703,-13.201288
-14.849050,-22.146121,-13.210058
-10.507154,-24.175299,-13.206774
-5.963643,-25.385194,-13.201909
-1.184976,-25.824010,-13.206066
3.290512,-25.122259,-13.210127
7.624004,-23.381896,-13.206611
11.269292,-20.977941,-13.211083
14.378952,-18.124411,-13.211433
16.838722,-15.081785,-13.210373
18.842811,-11.715769,-13.207594
20.277425,-8.398142,-13.199021
21.198206,-5.063123,-13.206662
21.737893,-1.788069,-13.209259
21.824730,1.519033,-13.200693
21.350316,4.647880,-13.197482
20.515104,7.535568,-13.205014
19.305186,10.324590,-13.203468
17.480240,12.658722,-13.195505
15.210198,14.386630,-13.193327
13.677776,16.783186,-16.999543
11.407613,18.472977,-16.999317
8.959163,19.908926,-17.001339
6.385559,21.087248,-17.001188
3.690715,21.967561,-16.998775
0.650934,22.664451,-17.010647
-2.449388,22.941451,-17.006099
-5.715919,22.778043,-16.999582
-9.020539,22.042248,-17.002485
-12.321197,20.716097,-17.003529
-15.571908,18.957713,-17.007646
-17.911561,16.173404,-17.007679
-19.965862,13.008129,-17.005025
-20.988442,9.572808,-17.004396
-21.541964,5.901308,-17.007363
-22.903757,2.057010,-17.011241
-21.896755,-1.623085,-17.009626
-21.761914,-5.633245,-17.002732
-20.807354,-9.601392,-17.000680
-18.579750,-13.026526,-17.001851
-16.106256,-16.423308,-16.999596
-12.683134,-18.956088,-17.000771
-9.125260,-21.059037,-17.006965
-5.166937,-22.512256,-17.010402
-0.916236,-23.138293,-17.007055
3.146365,-22.756624,-17.002376
7.044584,-21.033763,-17.003137
10.497494,-19.055622,-17.007474
13.498330,-16.711086,-17.003613
16.114907,-14.093791,-17.005290
18.269205,-11.292815,-17.012785
19.753282,-8.071506,-17.006935
20.662992,-4.793266,-17.002295
21.165483,-1.568939,-17.003103
21.215462,1.542729,-17.006673
20.821742,4.495090,-17.009801
20.088238,7.530330,-17.009510
18.944998,10.111899,-17.003928
17.342487,12.639998,-16.998700
15.676634,14.775396,-16.998431
13.630321,16.816189,-20.805400
11.080176,18.015702,-20.807668
8.719569,19.276225,-20.804744
6.261068,20.705347,-20.801173
3.559648,21.392943,-20.807940
0.733450,22.565969,-20.809696
-2.300608,22.423474,-20.801144
-5.299709,21.676051,-20.801102
-8.302250,20.888910,-20.806967
-11.246370,19.419583,-20.804047
-13.967538,17.579211,-20.805460
-15.844683,14.805052,-20.802378
-17.294590,11.936622,-20.800228
-17.998391,8.692409,-20.800453
-18.182032,5.539063,-20.800936
-18.992373,2.376209,-20.802516
-18.485314,-0.831639,-20.802441
-17.988142,-4.130351,-20.802593
-16.550267,-7.217119,-20.803643
-14.731638,-9.871967,-20.803264
-12.704446,-12.668970,-20.802201
-9.739147,-14.364131,-20.804393
-7.025695,-16.443617,-20.806587
-3.910656,-17.940773,-20.808396
-0.509181,-18.667505,-20.806022
2.948482,-18.582300,-20.802445
6.210094,-17.196639,-20.804823
9.228709,-15.910244,-20.805666
12.045998,-14.302700,-20.802271
14.748648,-12.403584,-20.804092
17.088717,-10.159452,-20.806768
18.474371,-7.322721,-20.799423
19.313530,-4.283716,-20.804418
19.752694,-1.294322,-20.809125
19.697900,1.714188,-20.808354
19.229332,4.446111,-20.807149
18.628653,7.163120,-20.803201
17.450279,9.618421,-20.806852
16.259778,11.917145,-20.810822
15.204256,14.506744,-20.808507
11.067886,13.947467,-24.601498
9.328930,15.208538,-24.600670
7.398030,16.426758,-24.605834
5.446043,17.549671,-24.609151
3.220446,18.361881,-24.603313
0.865253,19.145748,-24.602362
-1.661965,19.157746,-24.606888
-4.074646,18.563040,-24.606153
-6.480897,17.665063,-24.600436
-8.563205,16.175576,-24.600220
-9.977355,13.926910,-24.603924
-11.590740,12.040704,-24.607647
-12.807139,9.972961,-24.606313
-13.780671,7.628578,-24.600486
-14.340463,5.135172,-24.600066
-13.761389,2.611856,-24.608991
-14.606877,-0.028058,-24.610289
-13.124522,-2.226889,-24.607474
-11.495768,-4.207648,-24.607801
-10.100213,-6.160310,-24.605329
-8.213439,-7.641672,-24.601228
-6.369020,-9.110600,-24.602666
-4.315523,-10.277396,-24.602115
-2.121159,-11.187123,-24.605583
0.185612,-11.646345,-24.607338
2.558568,-11.728228,-24.606129
5.017183,-11.628375,-24.604662
7.445170,-11.200625,-24.599936
9.894078,-10.492205,-24.602751
12.431147,-9.558734,-24.604078
14.657336,-8.007159,-24.600877
15.946035,-5.655512,-24.603337
16.801584,-3.116491,-24.604814
17.111388,-0.588054,-24.601065
16.865827,1.970849,-24.602343
16.287630,4.263692,-24.608501
15.497106,6.494736,-24.601678
14.580868,8.449504,-24.602612
13.555445,10.382647,-24.607398
12.491592,12.201686,-24.605692
8.213444,10.722018,-28.402589
7.248066,11.993434,-28.400449
6.020371,13.221315,-28.400897
4.502817,13.938247,-28.408734
2.923743,14.808696,-28.411889
1.105464,15.063673,-28.403230
-0.799367,15.240196,-28.396457
-2.751803,15.107975,-28.403574
-4.444417,14.209021,-28.411493
-5.926437,12.943116,-28.406025
-6.695963,11.077585,-28.411841
-7.816783,9.684964,-28.407382
-8.823050,8.179010,-28.399804
-9.755101,6.548263,-28.401221
-10.531774,4.756188,-28.404215
-9.640651,2.870678,-28.403511
-10.598927,0.853676,-28.402043
-9.011914,-0.690097,-28.402497
-7.913396,-2.090934,-28.405233
-6.828370,-3.491057,-28.405480
-5.370358,-4.480107,-28.405973
-4.120921,-5.634653,-28.407684
-2.564605,-6.187446,-28.402931
-0.920091,-6.734557,-28.410125
0.696889,-6.942798,-28.412184
2.338314,-7.128196,-28.406236
4.102886,-7.417929,-28.400610
5.896642,-7.287529,-28.399552
7.829202,-7.002150,-28.402085
9.819867,-6.373165,-28.403957
11.546716,-5.310449,-28.403390
12.991976,-3.789318,-28.402094
13.875667,-1.861844,-28.400664
13.873028,0.274793,-28.400870
13.484531,2.288594,-28.405001
13.054990,4.099867,-28.411305
12.105488,5.703013,-28.413343
11.442924,7.229658,-28.405744
10.667480,8.709504,-28.398106
9.416420,9.767658,-28.399791
6.302163,8.559708,-32.209340
5.637469,9.499781,-32.205158
4.887285,10.625051,-32.197837
3.750747,11.103366,-32.202221
2.587522,11.869656,-32.204780
1.293971,11.995095,-32.204699
-0.100675,12.082629,-32.205096
-1.615548,12.220101,-32.207916
-2.877335,11.483400,-32.209686
-3.980695,10.493925,-32.206042
-4.585164,9.162091,-32.205456
-5.299692,8.069764,-32.206665
-6.061400,6.955512,-32.207243
-6.613800,5.680494,-32.208646
-6.915510,4.380858,-32.210015
-6.694431,3.022732,-32.208083
-6.667793,1.699341,-32.208030
-5.991016,0.488041,-32.212202
-5.440350,-0.682491,-32.211360
-4.523511,-1.590617,-32.202509
-3.496361,-2.344566,-32.203796
-2.551255,-3.199504,-32.212406
-1.366601,-3.495779,-32.209071
-0.218288,-3.858121,-32.212476
0.970400,-3.956071,-32.211022
2.153973,-4.158239,-32.205824
3.473699,-4.449874,-32.205783
4.790533,-4.374797,-32.211739
6.220472,-4.183683,-32.212454
7.418085,-3.487391,-32.211239
8.667160,-2.694865,-32.206350
10.269224,-2.007823,-32.200244
11.027131,-0.589346,-32.210494
10.622093,1.156978,-32.207976
10.232823,2.633270,-32.198767
10.140203,3.986492,-32.200913
9.185537,5.100398,-32.209676
8.708307,6.202956,-32.206358
8.304695,7.330142,-32.200256
7.255467,8.014469,-32.205040
4.573655,6.644575,-36.008615
4.091657,7.110024,-36.009765
3.741573,8.005040,-36.003149
3.013844,8.344105,-35.998339
2.300811,8.813387,-36.006313
1.448091,9.043815,-36.005605
0.574574,9.006260,-35.998702
-0.486508,9.269497,-36.012805
-1.340458,8.800529,-36.012654
-2.075145,8.159179,-36.001442
-2.597579,7.404833,-36.007307
-2.985749,6.569789,-36.013691
-3.471954,5.783399,-36.010622
-3.580232,4.902887,-36.007217
-3.400940,4.015712,-36.005718
-3.884502,3.192968,-36.008258
-2.876909,2.504914,-36.005279
-3.300742,1.529551,-36.009821
-3.087535,0.669087,-36.009435
-2.315871,0.191031,-36.001997
-1.716703,-0.401663,-35.998770
-1.053808,-0.859747,-36.003758
-0.230611,-1.025602,-36.004647
0.510730,-1.228870,-36.000136
1.253998,-1.228606,-36.003862
2.040290,-1.441213,-36.003805
2.857531,-1.605988,-36.004545
3.695337,-1.548025,-36.006205
4.559680,-1.300000,-36.002898
5.028430,-0.522357,-36.005833
5.746987,-0.090986,-36.007003
7.345744,-0.109942,-36.002915
7.837518,0.805756,-36.008138
7.119163,2.069297,-36.004246
6.844970,2.971826,-35.996691
7.080716,3.812256,-35.997239
6.291704,4.492363,-36.009790
5.941800,5.115257,-36.010369
5.888520,5.919658,-36.003414
5.263016,6.361718,-36.004698
1.151823,3.585843,-39.804828
7.717286,9.818311,36.195172
6.375326,10.590524,36.195172
4.872776,11.294047,36.195172
3.313702,11.861341,36.195172
1.708574,12.281155,36.195172
-0.151237,12.558559,36.195172
-2.142797,12.590170,36.195172
-4.114720,12.314840,36.195172
-6.121355,11.686637,36.195172
-8.199722,10.648211,36.195172
-10.105357,9.319309,36.195172
-11.982849,7.602351,36.195172
-13.705033,5.581915,36.195172
-15.343028,3.084451,36.195172
-16.666219,0.283567,36.195172
-17.568044,-2.911760,36.195172
-17.820951,-6.445600,36.195172
-17.235868,-10.048604,36.195172
-15.863385,-13.435953,36.195172
-13.808953,-16.587958,36.195172
-11.142570,-19.397240,36.195172
-7.908004,-21.722157,36.195172
-4.272220,-23.355468,36.195172
-0.360909,-24.125614,36.195172
3.723577,-23.818730,36.195172
7.448888,-22.397791,36.195172
10.619578,-20.167672,36.195172
13.130042,-17.361577,36.195172
14.885757,-14.160422,36.195172
15.852296,-10.867530,36.195172
16.204098,-7.678487,36.195172
16.113456,-4.803923,36.195172
15.741560,-2.287021,36.195172
15.164410,-0.037198,36.195172
14.390071,2.034955,36.195172
13.549115,3.716968,36.195172
12.537801,5.301799,36.195172
11.430603,6.684536,36.195172
10.264711,7.870293,36.195172
8.495425,8.236896,32.801697
7.194954,9.003112,32.791629
5.938386,9.631046,32.797118
4.618193,10.080738,32.800516
3.149914,10.463735,32.796137
1.784907,10.800974,32.799822
0.309203,10.589323,32.791878
-1.178821,10.271939,32.792326
-2.895771,10.109574,32.797993
-4.703444,9.815773,32.790905
-6.517479,9.120006,32.793136
-8.294516,8.099345,32.799319
-10.319938,6.865642,32.795864
-12.754464,5.269932,32.789112
-15.188203,3.137919,32.795153
-17.425882,0.231352,32.795634
-18.702042,-3.245648,32.788302
-18.387964,-6.635530,32.796296
-17.274797,-10.059040,32.799110
-15.894712,-13.435750,32.792396
-13.811719,-16.591361,32.800891
-11.106389,-19.526183,32.797987
-7.990009,-22.017861,32.797694
-4.350484,-23.920446,32.795825
-0.349729,-24.800387,32.791732
3.736817,-24.341390,32.794945
7.408916,-22.470344,32.798074
10.182426,-19.201403,32.794532
12.398288,-16.118316,32.794421
14.122343,-13.273507,32.800780
15.062103,-10.054812,32.800935
15.315658,-7.045970,32.790797
15.207052,-4.352312,32.798302
14.904158,-2.000529,32.796663
14.415582,0.104013,32.794094
13.643996,1.998167,32.795710
12.707955,3.574548,32.791993
11.857806,5.080923,32.798710
10.889125,6.362390,32.806605
9.753416,7.369790,32.807986
8.096103,7.802565,29.395114
6.854089,8.457018,29.388351
5.669972,8.995572,29.394573
4.425346,9.328960,29.402939
3.140659,9.533151,29.401359
1.760362,9.803205,29.396584
0.487011,9.626543,29.396922
-0.902766,9.376171,29.397981
-2.302176,9.268433,29.394893
-4.015878,9.047562,29.389350
-5.784883,8.552657,29.390864
-7.686151,7.779328,29.389180
-10.054621,6.724043,29.391569
-12.837650,5.288491,29.400336
-15.716608,3.182434,29.402463
-18.342083,0.163988,29.402391
-19.723014,-3.408128,29.395727
-19.305542,-6.998669,29.394568
-18.071597,-10.508865,29.394208
-16.582890,-14.076785,29.393504
-14.361677,-17.280897,29.398928
-11.584320,-20.160247,29.395933
-8.260252,-22.566912,29.393041
-4.501828,-24.240541,29.393047
-0.450585,-24.917503,29.394675
3.726893,-24.299720,29.398296
7.357810,-22.348941,29.401573
10.225213,-19.137581,29.403040
12.316156,-15.961194,29.400745
13.833509,-12.870699,29.397509
14.651369,-9.726475,29.396957
14.950966,-6.824899,29.397182
14.855201,-4.235105,29.392754
14.561071,-1.876804,29.394126
14.098723,0.127572,29.392864
13.330197,1.910103,29.391056
12.323219,3.446031,29.397714
11.437262,4.935671,29.392393
10.497899,6.104582,29.390726
9.311084,7.058713,29.395238
7.849109,7.533052,26.002354
6.669645,8.125611,25.999989
5.453903,8.656415,25.992728
4.281937,8.928350,25.986950
3.072466,9.035176,25.988708
1.874011,9.207558,25.996553
0.557554,9.287686,25.991171
-0.765866,9.283754,25.989712
-2.300459,9.175451,25.995042
-3.927435,8.887488,25.993358
-5.758955,8.505510,26.001173
-7.995832,7.924956,26.002212
-10.592632,7.012739,25.997385
-13.647982,5.492409,25.992302
-16.669154,3.277715,25.989144
-19.284636,0.149061,25.998666
-20.645714,-3.603215,25.999830
-20.408646,-7.419466,25.995619
-19.268899,-11.249759,25.992371
-17.681192,-14.983695,25.993734
-15.351286,-18.333722,25.997338
-12.313939,-21.219544,25.993846
-8.593635,-23.358225,25.993516
-4.580137,-24.563493,25.999882
-0.400272,-24.840743,25.999877
3.709501,-24.049093,25.989454
7.342109,-22.202902,25.989119
10.385064,-19.638600,25.992625
12.607235,-16.370119,25.990358
13.863437,-12.952457,25.989761
14.574327,-9.726895,25.994530
14.945146,-6.888095,25.995123
14.874036,-4.249929,25.993057
14.576390,-1.955377,25.996716
14.083355,0.079687,25.994878
13.215360,1.979018,25.988107
12.210057,3.425793,25.991103
11.259802,4.780658,25.991321
10.230252,5.917681,25.993716
8.997035,6.856107,25.999438
7.721806,7.393138,22.589704
6.610414,7.959812,22.588492
5.467836,8.480093,22.588032
4.268330,8.795732,22.590761
3.017242,8.884494,22.592366
1.887552,9.000838,22.588496
0.562321,9.309650,22.595145
-0.896016,9.541214,22.599334
-2.481769,9.426216,22.596917
-4.037541,9.097507,22.600780
-6.054733,8.772329,22.602884
-8.628424,8.317885,22.592712
-11.549104,7.396388,22.587326
-14.682904,5.782340,22.595002
-17.813586,3.326681,22.599969
-20.261742,0.045101,22.598453
-21.451302,-3.750988,22.599989
-21.516131,-7.848710,22.599214
-20.620137,-11.955053,22.596653
-18.904365,-15.918683,22.596125
-16.374668,-19.556479,22.595316
-13.019816,-22.461317,22.591810
-8.985014,-24.288626,22.591645
-4.729537,-25.032305,22.595935
-0.406257,-24.902632,22.600702
3.682104,-23.952071,22.598356
7.375781,-22.219790,22.588775
10.606976,-20.220337,22.595136
12.974039,-17.124909,22.596297
14.147758,-13.267538,22.590920
14.788855,-9.933161,22.593241
15.167113,-7.004035,22.593540
15.114020,-4.394877,22.592694
14.788682,-2.029306,22.596412
14.191606,0.161668,22.600097
13.366811,1.907305,22.599117
12.259517,3.489085,22.596408
11.145388,4.778296,22.594393
9.981482,5.862969,22.592699
8.886294,6.681568,22.591191
7.688391,7.355040,19.197288
6.555110,7.968062,19.197137
5.389110,8.530487,19.196761
4.275442,8.878128,19.193230
3.108786,9.030589,19.189550
1.827032,9.177640,19.191957
0.470212,9.545698,19.193758
-1.028257,9.804291,19.193288
-2.555546,9.724401,19.190948
-4.407571,9.433248,19.189184
-6.497375,9.141470,19.196309
-9.154507,8.669997,19.199756
-12.169754,7.713440,19.199036
-15.507799,5.992230,19.196199
-18.722252,3.426220,19.190735
-21.096783,0.067783,19.190042
-22.159355,-4.002113,19.189393
-22.456951,-8.252586,19.192861
-21.780682,-12.620981,19.193795
-19.881165,-16.810533,19.192659
-17.210137,-20.519197,19.198820
-13.694806,-23.457947,19.200210
-9.481771,-25.251137,19.191808
-4.944800,-25.825634,19.195514
-0.491473,-25.444625,19.202080
3.697440,-24.338038,19.195081
7.404433,-22.599320,19.196839
10.796547,-20.626757,19.192311
13.267314,-17.604459,19.195054
14.570750,-13.768736,19.196308
15.239460,-10.329326,19.191744
15.481268,-7.172025,19.199995
15.418358,-4.474744,19.196011
15.063314,-2.037012,19.197310
14.417774,0.093795,19.195392
13.499884,1.997809,19.187103
12.428388,3.539549,19.189149
11.165127,4.758133,19.197322
9.888168,5.801026,19.200826
8.764999,6.651591,19.199182
7.723061,7.390929,15.789200
6.586944,8.063373,15.788367
5.522292,8.621706,15.796056
4.304628,9.130437,15.799185
3.148401,9.456654,15.794485
1.852330,9.709162,15.796557
0.430048,9.950992,15.794820
-1.123823,10.052710,15.797160
-2.807313,10.018774,15.803972
-4.725268,9.935363,15.801725
-6.982360,9.601414,15.791908
-9.544309,8.955895,15.794895
-12.598915,7.864706,15.796574
-16.023972,6.131128,15.794283
-19.353908,3.539687,15.798099
-21.840944,-0.008024,15.790657
-22.706132,-4.096470,15.796156
-23.053908,-8.461061,15.802647
-22.422309,-13.039299,15.798151
-20.424758,-17.189505,15.792382
-17.645283,-20.951170,15.794972
-14.083276,-23.998376,15.792030
-9.845329,-26.020980,15.789484
-5.106737,-26.771699,15.795750
-0.547871,-26.359261,15.797771
3.721073,-25.131148,15.788063
7.559874,-23.138877,15.787732
10.768312,-20.602363,15.797208
13.282310,-17.543788,15.798515
14.947963,-14.200595,15.798803
15.737206,-10.689552,15.800906
15.744322,-7.326355,15.793035
15.666855,-4.562511,15.801046
15.296279,-2.069979,15.796169
14.580681,0.094567,15.789550
13.693344,1.938587,15.792896
12.632500,3.545443,15.795286
11.182554,4.791921,15.796917
9.925349,5.732530,15.795810
8.792994,6.624419,15.792611
7.801994,7.475149,12.389674
6.688793,8.205710,12.388693
5.631576,8.795994,12.392805
4.473280,9.452636,12.396276
3.200208,10.151103,12.394619
1.706963,10.653241,12.395033
0.267895,10.854166,12.391277
-1.427426,10.886343,12.391999
-3.364256,10.930183,12.396192
-5.540361,10.976072,12.393094
-8.035411,10.477902,12.391547
-10.527551,9.535042,12.391939
-13.403980,8.254024,12.393721
-16.801845,6.401473,12.394625
-20.133890,3.567376,12.395504
-22.377018,-0.039435,12.400455
-23.072500,-4.198059,12.398867
-23.135026,-8.487719,12.395387
-22.173948,-12.927157,12.396755
-20.025401,-16.903709,12.398812
-17.266280,-20.575143,12.395553
-13.807210,-23.607634,12.394746
-9.768610,-25.848199,12.393421
-5.179977,-26.932636,12.395220
-0.577253,-26.678475,12.395321
3.720911,-25.388466,12.390540
7.518962,-23.209762,12.394559
10.492025,-19.892524,12.400735
12.892330,-16.986154,12.397089
14.876991,-14.103864,12.391872
15.794302,-10.705635,12.394906
15.791027,-7.436589,12.398529
15.732199,-4.648975,12.391603
15.364947,-2.136218,12.387664
14.627701,0.040786,12.390155
13.688876,2.014953,12.392558
12.714684,3.553868,12.391056
11.240998,4.790525,12.388194
9.869720,5.803109,12.388186
8.845803,6.653881,12.389509
7.902121,7.582847,8.992391
6.847748,8.349323,8.990399
5.720722,9.013795,8.989000
4.494470,9.933221,8.992676
3.260743,11.042371,8.998133
1.680938,11.866932,8.996814
-0.121278,12.474386,8.996769
-2.208574,12.889672,8.995821
-4.578269,13.097375,8.992685
-7.179233,12.970533,8.992246
-9.910889,12.165008,8.996687
-12.572795,10.858390,9.001536
-15.414433,9.144873,8.995351
-18.437145,6.840364,8.988628
-21.098859,3.662340,8.993898
-22.662632,-0.063329,8.993429
-23.198166,-4.187535,8.989516
-22.565054,-8.292120,8.989273
-20.866150,-12.077726,8.995188
-18.402710,-15.572388,9.001521
-15.625276,-18.653227,9.000619
-12.282953,-21.311205,8.996088
-8.669924,-23.335440,8.996547
-4.629339,-24.818095,8.995130
-0.409784,-25.132415,8.991366
3.705936,-23.886070,8.993973
7.265523,-21.716198,8.999782
9.960803,-18.445522,8.998645
12.163572,-15.622881,8.994643
13.905291,-12.969937,8.989947
14.912714,-9.913022,8.990364
15.425230,-7.115259,8.999181
15.463621,-4.508916,8.995454
15.082435,-2.043057,8.990931
14.386965,0.092935,8.993009
13.541646,1.929330,8.997310
12.562434,3.559339,8.998154
11.165390,4.826683,8.991665
9.956548,5.795969,8.989323
8.892392,6.739223,8.991297
8.000752,7.689591,5.591073
6.922232,8.532148,5.599333
5.758546,9.266152,5.594464
4.638026,10.217009,5.590435
3.342603,11.662747,5.601130
1.618650,12.786667,5.601362
-0.495988,13.922295,5.592228
-3.042777,14.935530,5.594200
-5.866573,15.318112,5.597048
-8.810518,14.885541,5.588595
-11.699295,13.812716,5.589467
-14.604032,12.220564,5.592598
-17.482354,9.984417,5.594957
-19.933877,7.247352,5.598049
-21.789124,3.735753,5.598439
-22.596206,-0.067838,5.592750
-22.971522,-4.103503,5.593505
-21.572352,-7.980284,5.595845
-19.195213,-11.141235,5.596723
-16.487589,-14.039406,5.593921
-13.524268,-16.375342,5.589700
-10.415481,-18.304521,5.594839
-7.083459,-19.744738,5.592410
-3.684366,-21.221192,5.592919
-0.082467,-21.997505,5.600035
3.474415,-20.957667,5.598514
6.696089,-18.997278,5.590526
9.200190,-16.513033,5.595765
11.107788,-13.790554,5.594955
12.372657,-10.991757,5.590175
13.387244,-8.566681,5.590440
14.460109,-6.546078,5.590535
14.657988,-4.185831,5.593575
14.331266,-1.892941,5.596303
13.772326,0.186121,5.599395
12.995650,1.970563,5.600251
12.140280,3.454084,5.595460
11.054039,4.772939,5.591710
10.013609,5.835297,5.588681
9.024834,6.782831,5.587183
8.074301,7.769988,2.194919
6.988699,8.655748,2.196885
5.840005,9.451380,2.201611
4.653175,10.376506,2.200474
3.286143,11.591856,2.193447
1.662452,12.651708,2.198026
-0.481344,13.886053,2.201780
-3.026256,15.090290,2.195597
-6.075866,15.650212,2.191749
-9.073756,15.192752,2.197800
-12.004206,14.119337,2.200172
-15.017252,12.436080,2.197255
-17.671343,10.095721,2.195032
-19.912353,7.160625,2.194340
-21.460272,3.757129,2.192452
-22.044364,-0.083413,2.189451
-22.233173,-4.022437,2.187995
-20.628066,-7.532910,2.192019
-18.081534,-10.568905,2.193451
-15.600314,-13.218471,2.191582
-12.649197,-15.398261,2.191731
-9.593963,-17.000696,2.189696
-6.323193,-18.051059,2.198811
-3.037962,-18.715812,2.197648
0.182966,-18.806753,2.188749
3.296233,-17.921455,2.193011
6.054539,-16.249202,2.199044
8.336737,-14.406769,2.199141
9.989624,-11.930555,2.200178
10.959366,-9.397274,2.201734
11.872330,-7.330996,2.198653
12.769348,-5.489540,2.192445
13.032027,-3.474596,2.189875
12.960985,-1.522817,2.189792
12.688458,0.282771,2.194639
12.079586,1.894831,2.197068
11.303799,3.310929,2.189381
10.791572,4.618163,2.190586
10.065686,5.912173,2.194288
9.083988,6.921190,2.194820
8.098512,7.797933,-1.201511
7.015699,8.689077,-1.205201
5.915930,9.544972,-1.208568
4.607079,10.270449,-1.208112
3.230957,10.863371,-1.204453
1.648964,11.717287,-1.203316
-0.149542,12.577604,-1.204709
-2.456478,13.569112,-1.209436
-5.260044,14.206504,-1.206773
-8.058681,13.940611,-1.198918
-10.920937,13.060506,-1.204305
-13.698442,11.649374,-1.200168
-16.046871,9.383726,-1.204075
-18.046014,6.721314,-1.206978
-19.946530,3.584611,-1.199873
-20.810019,0.082436,-1.205414
-20.858002,-3.648808,-1.208121
-19.525566,-7.149079,-1.209412
-17.544894,-10.196251,-1.208771
-15.304171,-12.990121,-1.205559
-12.475959,-15.219803,-1.201438
-9.308153,-16.690479,-1.196721
-5.971301,-17.457054,-1.207008
-2.626211,-17.168861,-1.206439
0.484136,-16.315444,-1.200694
3.215146,-15.395416,-1.207182
5.562975,-13.882108,-1.207161
7.559281,-12.330325,-1.207068
8.992300,-10.225203,-1.202713
10.023450,-8.132867,-1.199650
10.756951,-6.301597,-1.203835
10.928346,-4.204273,-1.208430
11.215252,-2.632025,-1.201671
11.458883,-1.055271,-1.198353
11.462796,0.349117,-1.204683
11.086420,1.798660,-1.211265
10.483004,3.066140,-1.205315
10.418866,4.461691,-1.199166
10.119073,5.857772,-1.197129
9.178548,6.925957,-1.198570
8.047021,7.745056,-4.602734
6.985459,8.605463,-4.602151
5.908380,9.479813,-4.606355
4.576543,9.979178,-4.604739
3.204152,10.106588,-4.597972
1.743824,10.626533,-4.602454
0.177827,11.114547,-4.603884
-1.677144,11.597185,-4.605315
-3.917963,11.987445,-4.610588
-6.379641,11.873176,-4.610331
-8.853880,11.244858,-4.603435
-11.340771,10.079795,-4.604460
-13.486616,8.264889,-4.609979
-15.491507,6.007369,-4.607084
-17.512226,3.306777,-4.598186
-18.660386,0.123839,-4.599843
-18.571436,-3.143948,-4.599270
-17.963719,-6.489107,-4.602268
-16.752277,-9.709923,-4.606028
-14.677420,-12.508201,-4.604520
-12.051868,-14.625008,-4.604147
-8.857224,-15.942802,-4.610314
-5.561974,-16.435545,-4.602780
-2.180023,-15.572713,-4.606372
0.656152,-14.254025,-4.607971
3.093330,-13.254757,-4.599167
5.138942,-11.887514,-4.609032
6.844771,-10.495212,-4.604839
8.211553,-8.822525,-4.605635
9.281468,-7.297900,-4.604452
10.021861,-5.585042,-4.598143
9.991970,-3.654526,-4.604771
10.343615,-2.241501,-4.610987
10.665564,-0.913639,-4.609130
10.792757,0.455111,-4.603633
10.632300,1.807583,-4.600564
10.252306,3.028262,-4.599569
10.228052,4.402592,-4.600002
9.937598,5.772801,-4.601443
9.069753,6.863530,-4.602696
7.902512,7.591906,-7.998973
6.828580,8.434085,-8.009082
5.762795,9.212273,-8.012492
4.497134,9.619940,-8.006363
3.110290,9.639411,-8.002442
1.767607,9.912363,-8.009106
0.329099,10.150763,-8.009670
-1.110191,10.036537,-8.005386
-2.707908,9.807236,-8.004861
-4.558909,9.686961,-8.008626
-6.505056,9.145924,-8.006424
-8.367904,8.193564,-8.007829
-10.693523,7.021514,-8.008284
-12.984721,5.328549,-8.006008
-14.442922,3.045931,-8.004730
-15.424323,0.310795,-8.000973
-15.271773,-2.487415,-8.005592
-15.500563,-5.592593,-8.007328
-15.007777,-8.733249,-8.005413
-12.889012,-11.069966,-8.004192
-10.198168,-12.675746,-8.002913
-7.355627,-13.582259,-8.007685
-4.449618,-13.843230,-8.009302
-1.608163,-13.311560,-8.008582
0.873526,-12.325047,-8.009922
2.979539,-11.311858,-8.010265
4.765259,-10.211028,-8.007689
6.260962,-8.983678,-8.010810
7.611344,-7.835480,-8.009262
8.772741,-6.706847,-8.005387
9.670935,-5.279727,-8.002612
10.169849,-3.742265,-7.999669
10.630186,-2.362876,-8.001016
10.905234,-0.942304,-8.005204
10.984148,0.428737,-8.009936
10.974845,1.801569,-8.010019
10.791487,3.162082,-8.003638
10.260992,4.418659,-8.004812
9.584442,5.537684,-8.004237
8.779680,6.660532,-7.998892
7.671474,7.342952,-11.399999
6.660988,8.095312,-11.408819
5.566904,8.756530,-11.403009
4.320168,9.191386,-11.398805
3.057487,9.326797,-11.404329
1.803520,9.457481,-11.400779
0.513739,9.562147,-11.400722
-0.753054,9.057415,-11.402439
-1.859130,8.452760,-11.405744
-3.326383,8.213306,-11.410589
-4.862818,7.706334,-11.403389
-6.412813,6.895548,-11.400644
-8.568341,6.093081,-11.403911
-10.566703,4.747444,-11.404649
-11.358126,2.722088,-11.404074
-11.718761,0.576344,-11.405804
-11.526423,-1.660461,-11.407842
-12.147292,-4.250153,-11.408069
-11.932770,-6.942843,-11.405935
-9.755262,-8.481076,-11.403443
-7.114671,-9.147976,-11.401144
-4.861962,-9.701673,-11.400650
-2.716113,-10.000139,-11.402781
-0.819542,-10.352062,-11.403604
1.084707,-10.300033,-11.400111
2.901306,-9.461192,-11.400517
4.449500,-8.798158,-11.409265
5.878379,-7.915003,-11.404405
7.259112,-7.197316,-11.406197
8.504916,-6.324646,-11.411121
9.594035,-5.205912,-11.408084
10.685900,-4.114350,-11.403917
11.312408,-2.635752,-11.406864
11.508686,-1.085296,-11.405544
11.481713,0.372964,-11.402496
11.431029,1.869131,-11.401881
11.292072,3.273877,-11.400846
10.213533,4.414375,-11.401991
9.210313,5.353298,-11.400238
8.463770,6.382714,-11.397300
7.367478,7.010217,-14.804404
6.386467,7.683465,-14.807867
5.312548,8.196477,-14.803488
4.213329,8.663664,-14.801748
3.027761,9.037475,-14.805815
1.839892,9.115088,-14.801735
0.577938,9.097187,-14.801736
-0.609611,8.765421,-14.807969
-1.766867,8.280560,-14.808699
-3.084093,7.909159,-14.801495
-4.481172,7.395169,-14.806901
-5.963135,6.651599,-14.808632
-7.528503,5.620281,-14.806861
-8.564267,4.205870,-14.803835
-8.752796,2.466765,-14.800039
-8.432442,0.710996,-14.806582
-8.155003,-0.920982,-14.808342
-8.027146,-2.686294,-14.803218
-7.299058,-4.240240,-14.802241
-5.640786,-5.150338,-14.807039
-3.923672,-5.606636,-14.806640
-2.541962,-6.154087,-14.805758
-1.269491,-6.654892,-14.805004
-0.005799,-7.357091,-14.807879
1.359900,-7.813662,-14.805284
2.750587,-7.707825,-14.799404
4.234372,-7.637859,-14.808363
5.623030,-7.338922,-14.811384
7.066292,-6.911346,-14.803302
8.400330,-6.180216,-14.798755
9.591602,-5.260039,-14.801912
10.925578,-4.262940,-14.802969
11.589064,-2.755267,-14.807033
11.798821,-1.190136,-14.800725
11.677767,0.386308,-14.802549
11.372498,1.861755,-14.809285
10.976560,3.233934,-14.799620
9.958777,4.287403,-14.801757
8.942850,5.239579,-14.805126
8.180724,6.157036,-14.804005
7.007335,6.609690,-18.205029
6.056107,7.196950,-18.212510
5.018623,7.602170,-18.205530
4.059550,8.060735,-18.201346
3.032573,8.604007,-18.209058
1.866259,8.717920,-18.208829
0.693928,8.634553,-18.208400
-0.581357,8.641025,-18.205577
-1.945736,8.524897,-18.202262
-3.188523,8.036673,-18.205268
-4.602553,7.447781,-18.209459
-6.081350,6.707186,-18.208976
-6.876275,5.385248,-18.207771
-7.012960,3.774250,-18.210034
-6.892548,2.266533,-18.209860
-6.150308,0.857616,-18.200778
-5.741182,-0.383633,-18.202038
-4.854017,-1.415574,-18.201018
-3.744783,-2.197818,-18.202373
-2.973326,-2.921119,-18.206570
-2.098453,-3.526337,-18.203972
-1.219387,-4.122793,-18.207633
-0.389695,-4.700407,-18.205355
0.551388,-5.187087,-18.203540
1.554362,-5.675344,-18.202764
2.717922,-6.311573,-18.202387
3.987688,-6.707434,-18.210511
5.470715,-6.881536,-18.200318
6.879257,-6.637111,-18.198124
8.232675,-6.010578,-18.200442
9.496605,-5.121631,-18.199091
10.556653,-4.003926,-18.203709
11.182369,-2.600643,-18.201530
11.483593,-1.127782,-18.206641
11.381778,0.397979,-18.210085
10.841264,1.792264,-18.204701
10.126470,3.034659,-18.203023
9.469881,4.128860,-18.204972
8.734092,5.100096,-18.204234
7.894986,5.918697,-18.202176
6.600706,6.150022,-21.610166
5.708011,6.648553,-21.601368
4.757072,7.005066,-21.599936
3.870913,7.398921,-21.600108
2.928619,7.897150,-21.600033
1.877644,8.099168,-21.608948
0.806284,8.093460,-21.610123
-0.401905,8.247406,-21.602758
-1.780461,8.322109,-21.600176
-3.001713,7.804803,-21.607104
-4.303862,7.180361,-21.605552
-5.644067,6.421348,-21.601206
-6.151786,5.030455,-21.606157
-5.935915,3.493949,-21.613563
-5.733740,2.127713,-21.610757
-4.991270,0.938576,-21.601537
-4.358089,-0.130214,-21.607027
-3.403046,-0.894384,-21.601710
-2.501121,-1.472662,-21.602307
-1.945741,-2.087749,-21.609711
-1.335231,-2.711827,-21.601971
-0.670616,-3.276974,-21.601842
0.009820,-3.832917,-21.604810
0.788936,-4.215860,-21.603394
1.654887,-4.640935,-21.604959
2.631977,-5.364899,-21.612369
3.835021,-5.890528,-21.605872
5.171865,-6.195383,-21.598826
6.544903,-6.002805,-21.608092
7.825605,-5.470354,-21.611052
8.938507,-4.641387,-21.603665
9.695884,-3.444033,-21.605420
10.286078,-2.216417,-21.602573
10.633080,-0.905994,-21.601742
10.603866,0.461870,-21.608527
10.089354,1.769158,-21.610378
9.357994,2.857521,-21.599659
8.955710,3.903730,-21.602731
8.371476,4.877446,-21.610729
7.500471,5.595300,-21.613849
6.037782,5.507403,-24.997441
5.218017,5.912590,-24.998725
4.453888,6.232298,-25.002433
3.620365,6.489834,-25.005352
2.821870,6.715324,-25.007071
1.968124,7.043537,-25.010918
0.999385,7.247817,-25.004331
-0.081950,7.371683,-25.002968
-1.235739,7.354710,-25.007130
-2.335721,6.963388,-25.000667
-3.364535,6.348121,-25.008345
-4.341425,5.593691,-25.005030
-4.892267,4.486543,-24.999152
-4.924404,3.205461,-25.000969
-4.782630,2.059441,-25.000462
-4.282836,0.965143,-24.999759
-3.548019,0.058468,-25.006812
-2.718174,-0.628916,-25.012500
-2.035370,-1.170240,-25.010471
-1.480034,-1.730838,-25.008255
-0.978788,-2.284693,-25.010231
-0.391725,-2.810102,-25.004246
0.226457,-3.302670,-25.001851
0.937593,-3.725868,-25.003172
1.724588,-4.102991,-25.005750
2.583772,-4.520158,-25.008723
3.634201,-4.910502,-25.008869
4.749383,-5.031865,-25.010537
5.900386,-4.880300,-25.004010
6.997747,-4.458604,-24.998385
7.875764,-3.715895,-25.001299
8.481084,-2.667113,-25.007737
9.028462,-1.636985,-25.011819
9.320325,-0.523858,-25.007260
9.355359,0.614201,-25.003752
9.110349,1.695846,-25.005886
8.581534,2.687632,-25.006867
8.192515,3.612271,-25.004380
7.620355,4.449857,-25.000766
6.857842,5.043732,-24.998323
5.000505,4.367895,-28.399196
4.408791,4.615095,-28.408489
3.844709,4.872935,-28.405474
3.246664,4.968051,-28.403447
2.637103,4.944824,-28.411543
2.058910,5.269984,-28.408911
1.342898,5.669993,-28.402031
0.566660,5.719255,-28.403282
-0.194319,5.569950,-28.405248
-1.062432,5.392544,-28.399969
-1.727085,4.901671,-28.406324
-2.179114,4.204786,-28.403618
-2.701426,3.516970,-28.403112
-3.204891,2.784059,-28.409803
-3.182313,1.879526,-28.403215
-2.962883,1.024874,-28.403280
-2.168769,0.355518,-28.403384
-1.576407,-0.174363,-28.400891
-1.181158,-0.682144,-28.399062
-0.731671,-1.141698,-28.400443
-0.345763,-1.616966,-28.406607
0.110334,-2.024420,-28.410553
0.633164,-2.399243,-28.410071
1.190504,-2.721666,-28.409503
1.848190,-2.962299,-28.404672
2.530670,-3.157527,-28.401824
3.272714,-3.327970,-28.409222
4.021866,-3.187053,-28.402334
4.856067,-3.099676,-28.403206
5.632329,-2.801375,-28.405704
6.246778,-2.224209,-28.406406
6.775476,-1.592632,-28.409625
7.211655,-0.849886,-28.405380
7.376148,-0.017276,-28.407535
7.427801,0.788344,-28.410667
7.362289,1.601954,-28.406299
7.039766,2.368248,-28.400836
6.664047,3.037521,-28.407419
6.191105,3.595770,-28.406848
5.601080,4.047623,-28.399230
2.184771,1.138424,-31.804828
