2.928478,20.647397,36.194704
0.091053,20.071274,36.194704
-2.503082,19.271796,36.194704
-4.849587,18.316836,36.194704
-6.953469,17.264411,36.194704
-8.976462,16.064015,36.194704
-10.910940,14.725682,36.194704
-12.749486,13.258246,36.194704
-14.484436,11.669572,36.194704
-16.346946,9.695159,36.194704
-18.154363,7.433206,36.194704
-19.851414,4.867219,36.194704
-21.520907,1.655585,36.194704
-22.844987,-1.907459,36.194704
-23.758717,-6.154813,36.194704
-23.993212,-10.855730,36.194704
-23.379381,-15.888358,36.194704
-21.732909,-21.067553,36.194704
-18.850148,-26.092359,36.194704
-14.762239,-30.455336,36.194704
-9.670647,-33.918467,36.194704
-3.788227,-36.291908,36.194704
2.653998,-37.276527,36.194704
9.148671,-36.682864,36.194704
15.339880,-34.632207,36.194704
20.824693,-31.454094,36.194704
25.718940,-27.148471,36.194704
29.557089,-22.102848,36.194704
32.247706,-16.363589,36.194704
33.534099,-10.339806,36.194704
33.436343,-4.364533,36.194704
32.179086,1.293433,36.194704
30.038194,6.286220,36.194704
27.126952,10.654920,36.194704
23.736480,14.177079,36.194704
20.108670,16.883464,36.194704
16.432600,18.834287,36.194704
12.835371,20.089456,36.194704
9.259429,20.765049,36.194704
5.541108,20.140448,32.397767
2.630516,19.897202,32.401361
-0.068449,19.435868,32.396454
-2.353301,18.800308,32.398686
-4.770535,17.963527,32.401243
-6.809979,17.166117,32.394830
-8.920650,16.087327,32.400737
-11.075248,15.071752,32.398252
-13.227500,13.729669,32.392108
-15.080814,11.949793,32.396705
-16.937866,9.940804,32.401779
-18.701039,7.615758,32.394103
-20.529055,4.879478,32.387622
-22.229895,1.653202,32.386152
-23.500964,-2.158670,32.389133
-24.230809,-6.294957,32.398418
-24.332804,-11.056620,32.389674
-23.179500,-15.819559,32.385899
-21.215095,-20.580386,32.394193
-18.407653,-25.458591,32.402609
-14.400883,-29.732435,32.402475
-9.541850,-33.616892,32.394431
-3.734376,-36.267979,32.388362
2.576863,-37.266974,32.388391
9.170514,-36.975202,32.389191
15.573124,-35.520952,32.390164
21.466801,-32.243710,32.400222
26.646894,-28.127409,32.397686
30.708408,-23.003962,32.396402
33.247965,-16.914000,32.399735
34.405332,-10.626948,32.392969
34.286584,-4.587753,32.387211
32.579915,1.360238,32.398744
30.201284,6.319270,32.397739
27.293220,10.732607,32.384771
23.838643,14.256063,32.387753
20.119169,16.900752,32.401968
16.358007,18.789887,32.394342
12.502828,19.867147,32.385755
8.852250,20.196695,32.390129
5.528760,20.123036,28.598023
2.780364,19.967813,28.595059
0.056465,19.585655,28.602472
-2.440434,18.985453,28.595907
-4.726082,18.296768,28.586351
-6.972469,17.496576,28.593625
-9.118095,16.461240,28.586697
-11.493475,15.453787,28.596252
-13.690738,14.172216,28.601639
-15.694404,12.258334,28.590147
-17.560601,10.239846,28.595083
-19.421379,7.741059,28.594518
-21.251735,4.984264,28.592060
-23.015763,1.565025,28.594883
-24.187801,-2.300547,28.595211
-24.796664,-6.664356,28.589557
-24.720264,-11.273208,28.599236
-23.314754,-15.792994,28.598970
-21.076044,-20.462709,28.597874
-18.277186,-25.167322,28.599544
-14.256275,-29.466637,28.589047
-9.545449,-33.292290,28.600456
-3.742285,-36.031282,28.595818
2.586720,-37.106785,28.593103
9.036170,-36.923695,28.598336
15.673864,-35.543159,28.588397
21.464469,-32.388317,28.591827
26.739111,-28.327085,28.595177
30.869890,-23.225187,28.599420
33.417168,-17.097301,28.601097
34.573173,-10.777672,28.593708
34.436505,-4.523646,28.590786
32.715425,1.260223,28.587320
30.208203,6.394277,28.591778
27.386568,10.677255,28.595397
23.925235,14.229012,28.591540
20.185262,16.884259,28.596365
16.401774,18.782624,28.598271
12.527121,19.846436,28.599116
8.858665,20.154912,28.600364
5.881744,20.621855,24.786227
2.758709,20.552483,24.784954
0.028172,20.208549,24.794874
-2.490707,19.685688,24.795944
-4.971364,19.007568,24.794526
-7.211783,18.181851,24.802069
-9.523199,17.061406,24.790855
-11.864957,15.978421,24.793572
-14.198833,14.548621,24.800185
-16.227132,12.665423,24.793497
-18.235669,10.523310,24.792794
-20.217265,7.880957,24.795466
-22.118792,4.947962,24.798974
-23.809208,1.486250,24.798834
-24.898986,-2.407724,24.795024
-25.376104,-6.791794,24.793575
-25.108580,-11.576987,24.794771
-23.601421,-16.079807,24.801335
-21.224372,-20.674198,24.800705
-18.236828,-25.282600,24.794625
-14.300325,-29.409144,24.800375
-9.440957,-33.042993,24.803579
-3.752048,-35.631266,24.803083
2.565687,-36.794992,24.801115
9.011983,-36.568402,24.799386
15.438095,-35.022459,24.798009
21.260151,-31.893860,24.794404
26.302410,-27.863185,24.791964
30.431026,-22.716466,24.792884
33.056347,-16.832212,24.793680
34.254412,-10.697697,24.790495
34.095489,-4.443735,24.788282
32.550331,1.217899,24.795853
30.120023,6.384230,24.793685
27.274922,10.663519,24.785375
23.830774,14.235951,24.789049
20.112601,16.930568,24.796930
16.518236,18.796461,24.793090
12.672478,19.996571,24.787762
9.023104,20.493381,24.787409
6.156139,21.411133,21.001787
3.035231,21.461950,20.994725
0.120544,21.147984,20.997200
-2.591314,20.656720,21.000133
-5.250485,19.959314,20.997048
-7.635046,19.000242,20.995040
-9.928482,17.845663,20.997000
-12.341373,16.515717,20.993628
-14.611369,14.968825,20.994478
-16.808412,13.015941,21.000172
-18.958836,10.757919,20.993819
-20.968979,8.139423,20.993606
-22.927170,5.031387,20.994824
-24.539483,1.534005,20.993290
-25.610854,-2.550533,20.994441
-25.960624,-7.126620,21.000689
-25.515893,-11.699004,20.999809
-24.029456,-16.418804,20.990576
-21.626144,-20.968656,20.989731
-18.390338,-25.423722,20.997922
-14.355787,-29.435774,20.994764
-9.293176,-32.756241,20.986868
-3.703733,-35.115990,20.991291
2.602950,-36.324965,20.999629
8.839274,-35.998639,21.003451
15.013992,-34.207879,21.003249
20.702473,-31.209624,20.991449
25.606304,-27.070615,20.991044
29.611333,-22.028584,20.999124
32.378811,-16.440160,20.999737
33.669213,-10.327726,20.996042
33.464208,-4.271857,21.001781
32.145106,1.267955,20.991294
29.918848,6.302589,20.989956
27.060732,10.576133,20.997140
23.664221,14.183644,20.995679
20.163895,16.857920,21.001193
16.468998,18.901485,20.999629
12.858838,20.249425,20.999369
9.450331,21.026305,21.002982
6.471266,22.305857,17.195516
3.175645,22.459879,17.189429
0.259912,22.190361,17.188969
-2.637620,21.711453,17.192609
-5.464904,20.963122,17.197356
-7.990826,19.873611,17.201996
-10.432681,18.608800,17.201374
-12.876544,16.998264,17.191168
-15.058744,15.323381,17.192378
-17.425977,13.303041,17.203195
-19.592393,11.064968,17.197270
-21.749330,8.332322,17.197946
-23.741140,5.040911,17.198705
-25.309810,1.326225,17.196707
-26.289788,-2.774000,17.198123
-26.503915,-7.352005,17.201229
-25.840808,-12.066009,17.198297
-24.437951,-16.827735,17.199137
-21.950611,-21.498666,17.202512
-18.535783,-25.596509,17.200251
-14.299250,-29.373694,17.193649
-9.232732,-32.317164,17.193103
-3.591274,-34.521397,17.197164
2.538423,-35.670685,17.200057
8.744617,-35.235582,17.201480
14.673161,-33.279619,17.202425
20.200878,-30.377196,17.199151
25.003691,-26.163465,17.200682
28.768483,-21.394481,17.200437
31.604026,-16.064555,17.195746
32.963386,-10.163446,17.195073
32.757564,-4.121944,17.201657
31.626385,1.274061,17.203160
29.494293,6.326085,17.197234
26.615888,10.584051,17.192503
23.529641,13.967478,17.193606
19.983936,16.869675,17.194035
16.533698,18.945109,17.190863
13.193440,20.483074,17.191312
9.707876,21.663377,17.195516
6.756481,23.098434,13.390582
3.478529,23.328912,13.393150
0.199945,23.087862,13.391029
-2.686006,22.613419,13.393340
-5.666220,21.767606,13.399921
-8.342052,20.589467,13.400108
-10.933921,19.232277,13.401873
-13.267983,17.491311,13.399943
-15.523344,15.627053,13.395677
-17.915389,13.655777,13.397200
-20.218274,11.309854,13.402712
-22.509502,8.462964,13.389507
-24.429875,5.150228,13.390398
-25.903562,1.406406,13.397791
-26.868308,-2.867821,13.397893
-26.980693,-7.434958,13.402390
-26.136385,-12.283162,13.390687
-24.785807,-17.057464,13.386570
-22.210693,-21.840932,13.395541
-18.547538,-25.712136,13.402588
-14.231333,-29.074850,13.401082
-9.070365,-31.806717,13.395827
-3.571205,-33.800590,13.399354
2.375634,-34.835151,13.395294
8.549793,-34.331311,13.390629
14.259596,-32.361450,13.401660
19.761510,-29.456732,13.397509
24.259748,-25.485453,13.395395
28.028602,-20.744771,13.395581
30.892864,-15.454062,13.394259
32.220504,-9.755343,13.393929
32.011398,-3.918608,13.392964
30.937774,1.473204,13.395178
28.993338,6.183065,13.395027
26.144121,10.441798,13.396686
23.126877,13.864780,13.399046
19.840330,16.766757,13.390390
16.504739,18.987589,13.397023
13.282078,20.760251,13.401256
10.090652,22.185176,13.395224
6.937828,23.573846,9.593724
3.509819,23.828871,9.596362
0.244350,23.665895,9.599786
-2.781311,23.129938,9.600961
-5.716922,22.195772,9.600812
-8.562267,21.019939,9.599597
-11.157089,19.717399,9.593941
-13.609226,17.873234,9.591108
-15.837803,16.013180,9.591300
-18.365398,13.961317,9.592029
-20.786772,11.514548,9.592352
-23.178017,8.550881,9.587205
-25.014832,5.230067,9.589789
-26.445439,1.306477,9.597978
-27.346252,-3.128750,9.599353
-27.330663,-7.661228,9.593806
-26.400620,-12.268139,9.593844
-24.865821,-17.327695,9.595574
-22.283422,-21.849351,9.595910
-18.492339,-25.535600,9.593794
-14.040814,-28.641807,9.591513
-9.012234,-31.135634,9.598230
-3.513343,-32.979168,9.593148
2.228353,-33.841188,9.590868
8.173065,-33.320066,9.598283
13.841871,-31.389451,9.597855
19.133511,-28.585502,9.594702
23.631730,-24.679347,9.599133
27.276036,-20.140459,9.599567
30.040114,-15.052016,9.595499
31.392314,-9.409188,9.597600
31.223062,-3.798964,9.600813
30.216012,1.376453,9.601421
28.228984,6.219961,9.593111
25.522992,10.305686,9.588752
22.715508,13.622343,9.593900
19.713756,16.515199,9.591580
16.534647,18.895396,9.594212
13.444890,20.854833,9.596670
10.198781,22.550949,9.594853
6.935540,23.531089,5.792173
3.560615,23.806153,5.801151
0.331075,23.759423,5.800528
-2.815177,23.201620,5.798489
-5.701790,22.237804,5.797685
-8.554348,21.208276,5.794593
-11.312004,19.931813,5.801444
-13.802556,18.210912,5.798143
-16.324573,16.211016,5.795926
-18.802231,14.172771,5.802360
-21.304955,11.624254,5.800546
-23.641151,8.685092,5.793758
-25.475700,5.224129,5.794141
-26.807791,1.326852,5.796252
-27.632186,-3.055596,5.796910
-27.540388,-7.701245,5.800697
-26.492461,-12.398836,5.793812
-24.841044,-17.145944,5.796414
-22.034887,-21.668085,5.797456
-18.205479,-25.190835,5.791855
-13.713632,-28.101150,5.795240
-8.866467,-30.378553,5.794696
-3.400066,-32.049371,5.794893
2.279914,-32.703262,5.801039
7.960666,-32.117640,5.800402
13.395735,-30.334985,5.788316
18.441657,-27.640873,5.790125
22.942190,-23.852028,5.793324
26.552183,-19.405440,5.798889
29.139426,-14.512625,5.800307
30.446413,-9.128562,5.793216
30.336864,-3.596130,5.799031
29.302676,1.491871,5.804135
27.393361,6.100216,5.797536
24.883600,10.012729,5.790585
22.071390,13.477007,5.793927
19.341427,16.303612,5.796933
16.330210,18.806521,5.795946
13.349971,20.839428,5.792051
10.321753,22.459819,5.789112
6.671283,22.794223,2.000814
3.377663,23.183891,1.990805
0.226462,23.276341,1.991887
-2.874974,22.847557,1.990511
-5.743013,22.051515,1.986264
-8.579050,21.179472,1.991167
-11.318321,20.029367,1.995384
-14.007279,18.407057,1.997319
-16.541255,16.539770,2.000789
-19.080258,14.408116,2.000490
-21.626952,11.767392,1.991904
-23.863210,8.853461,1.998372
-25.703622,5.292166,1.993480
-27.006586,1.296104,1.987121
-27.738228,-3.181731,1.994480
-27.551697,-7.724234,1.996002
-26.458352,-12.309288,1.992994
-24.524445,-17.006946,1.994023
-21.656470,-21.166882,1.991845
-17.883789,-24.565610,1.988380
-13.444854,-27.349612,1.994348
-8.667329,-29.504197,1.996916
-3.444283,-30.947130,1.991139
2.124235,-31.402735,1.985729
7.513635,-30.807798,1.988842
12.863130,-29.183908,1.993842
17.775993,-26.516357,1.988959
22.121112,-22.988979,1.993659
25.680323,-18.679398,2.000395
28.134935,-13.844228,1.998645
29.365795,-8.746131,1.991664
29.319746,-3.329562,1.985829
28.234364,1.625264,1.998047
26.405775,5.970253,1.996794
24.022395,9.838720,1.990488
21.450202,13.147885,1.997506
18.863999,15.988685,1.991201
16.027864,18.582859,1.992814
13.119741,20.527896,2.000484
9.899653,21.948038,2.004590
6.258748,21.680318,-1.798504
3.257279,22.269313,-1.800754
0.218526,22.528634,-1.799281
-2.665793,22.374949,-1.802458
-5.679874,21.872963,-1.806225
-8.631942,21.086496,-1.802687
-11.322148,20.042131,-1.807671
-14.176977,18.540072,-1.807047
-16.830641,16.707939,-1.809219
-19.387213,14.473066,-1.812190
-21.799921,11.849016,-1.799343
-23.962179,8.801717,-1.796492
-25.771005,5.153174,-1.806751
-26.988956,1.259732,-1.807602
-27.589823,-3.111369,-1.801942
-27.321125,-7.690688,-1.811771
-26.198626,-12.138664,-1.812669
-24.068784,-16.577477,-1.810587
-21.088041,-20.501471,-1.808087
-17.418005,-23.783753,-1.804222
-13.086097,-26.465954,-1.804175
-8.407928,-28.482954,-1.809109
-3.289497,-29.725283,-1.802403
1.961080,-29.968207,-1.796741
7.197429,-29.324470,-1.798964
12.407224,-27.800516,-1.801638
16.998722,-25.235677,-1.810366
21.157623,-21.978101,-1.807251
24.641140,-17.829544,-1.802542
26.889881,-13.243479,-1.804133
28.123180,-8.125519,-1.803402
28.159172,-3.195040,-1.800951
27.054536,1.598707,-1.805954
25.192614,5.979610,-1.812346
23.051695,9.642138,-1.813521
20.719568,12.773336,-1.813272
18.136788,15.694684,-1.813839
15.689615,18.078913,-1.803281
12.706939,19.945323,-1.793496
9.297994,21.030094,-1.794451
5.958469,20.880056,-5.604557
3.106095,21.651504,-5.609230
0.192636,22.025072,-5.600829
-2.767452,22.051002,-5.603759
-5.700334,21.792216,-5.613547
-8.569604,21.098253,-5.605766
-11.334045,20.071397,-5.604941
-14.289299,18.645807,-5.608918
-17.010419,16.828776,-5.612749
-19.438686,14.618914,-5.613164
-21.785167,11.883001,-5.608018
-23.784882,8.691060,-5.605529
-25.505442,5.145515,-5.606362
-26.709625,1.236389,-5.611978
-27.153148,-3.007352,-5.610578
-26.831794,-7.421985,-5.597088
-25.652046,-11.865377,-5.606331
-23.386962,-16.032318,-5.603843
-20.469690,-19.593329,-5.600342
-16.807354,-22.864237,-5.607251
-12.758452,-25.360657,-5.607438
-8.055376,-27.288744,-5.607892
-3.238117,-28.288907,-5.605773
1.836157,-28.372215,-5.603222
6.881669,-27.670566,-5.601362
11.591850,-26.274726,-5.601408
16.003980,-23.770315,-5.610055
20.049281,-20.654919,-5.612690
23.315234,-16.792068,-5.609914
25.444709,-12.341373,-5.606199
26.612619,-7.563921,-5.604520
26.730830,-2.801552,-5.610022
25.607938,1.803199,-5.604503
23.962810,5.748329,-5.598923
22.026479,9.353717,-5.600928
19.836423,12.422365,-5.606400
17.440889,15.109101,-5.611615
14.932932,17.501431,-5.606343
12.018850,19.228448,-5.599618
8.872940,20.178074,-5.599802
5.835841,20.565364,-9.399652
2.988950,21.467702,-9.400489
0.204746,21.878365,-9.401295
-2.785916,21.997598,-9.404669
-5.600093,21.840344,-9.407716
-8.508270,21.167400,-9.405778
-11.446552,20.066350,-9.402394
-14.286507,18.717286,-9.403019
-17.024195,16.896618,-9.406476
-19.420241,14.620963,-9.406844
-21.644557,11.779588,-9.403763
-23.361648,8.610018,-9.407485
-24.975637,5.190870,-9.405076
-26.147558,1.301988,-9.400320
-26.425658,-2.783230,-9.404132
-26.014906,-7.157681,-9.411052
-24.809376,-11.395023,-9.407044
-22.597746,-15.176099,-9.397760
-19.619849,-18.642923,-9.403346
-16.228078,-21.666071,-9.410958
-12.204640,-24.120277,-9.399346
-7.806324,-25.812806,-9.405648
-3.168822,-26.624349,-9.410065
1.697774,-26.601744,-9.412442
6.355244,-25.866914,-9.409250
10.821058,-24.377783,-9.398387
15.009421,-21.910499,-9.407214
18.722336,-18.984402,-9.402794
21.719603,-15.374136,-9.405649
23.695821,-11.259643,-9.410245
24.828559,-6.848513,-9.399577
25.037621,-2.445206,-9.405059
24.040542,1.816058,-9.400931
22.549515,5.632042,-9.404977
20.913117,9.018347,-9.413848
18.887687,12.008732,-9.408567
16.544578,14.542324,-9.402424
14.043481,16.701465,-9.399705
11.397513,18.360166,-9.399043
8.516819,19.608356,-9.399112
5.803003,20.503246,-13.209585
2.979350,21.467854,-13.212452
0.182192,21.894854,-13.202678
-2.653478,22.028957,-13.195374
-5.625444,21.849872,-13.199967
-8.526939,21.150922,-13.206128
-11.440640,20.008929,-13.206274
-14.252481,18.619804,-13.211359
-16.946247,16.762073,-13.210059
-19.274793,14.440242,-13.205017
-21.302694,11.675903,-13.211206
-22.919974,8.489542,-13.207212
-24.346109,5.192736,-13.207809
-25.342105,1.312137,-13.205474
-25.441010,-2.576196,-13.201953
-24.939038,-6.569176,-13.212265
-23.667765,-10.712940,-13.210805
-21.488202,-14.254897,-13.203232
-18.621033,-17.517777,-13.200085
-15.382742,-20.367085,-13.203234
-11.516377,-22.627407,-13.205399
-7.441137,-24.091849,-13.200458
-3.021262,-24.719266,-13.207707
1.465387,-24.641587,-13.206784
5.858932,-23.851590,-13.196985
9.876931,-22.237983,-13.199779
13.707030,-19.927109,-13.198739
17.035087,-17.160938,-13.202895
19.777502,-13.817313,-13.204398
21.677731,-10.099020,-13.200444
22.795005,-6.071408,-13.202800
23.077371,-1.895167,-13.212578
22.259058,2.030154,-13.201690
21.049397,5.570323,-13.204078
19.706886,8.720142,-13.212061
17.862322,11.613937,-13.204695
15.597382,13.989074,-13.207839
13.120381,15.899108,-13.204445
10.667220,17.607459,-13.200684
8.297796,19.172562,-13.203744
5.784970,20.495539,-17.000124
3.003400,21.465755,-17.009037
0.219663,21.890482,-17.015721
-2.724851,21.988754,-17.006238
-5.659674,21.706567,-16.999092
-8.513002,20.960242,-17.014051
-11.232474,19.825532,-17.014836
-13.966834,18.379336,-17.009511
-16.579713,16.490731,-17.000768
-18.825876,14.165410,-16.998808
-20.792218,11.429438,-17.010275
-22.394239,8.464740,-17.001867
-23.637851,5.030906,-17.002531
-24.245496,1.431402,-17.011031
-24.195509,-2.219504,-17.011480
-23.515627,-6.092738,-17.005943
-22.289538,-9.690284,-16.997974
-20.134492,-13.125324,-17.003690
-17.524981,-16.090106,-17.010417
-14.468005,-18.762594,-17.004914
-10.788789,-20.825553,-16.999588
-6.919289,-22.114419,-17.008625
-2.887116,-22.576443,-17.006525
1.206349,-22.454867,-17.002961
5.306896,-21.595637,-17.008652
8.993177,-19.838420,-17.012086
12.335430,-17.761542,-17.009586
15.263313,-15.152170,-17.005449
17.727901,-12.073586,-17.004696
19.539657,-8.751734,-17.007410
20.626445,-5.113445,-17.008104
20.957274,-1.471117,-17.003634
20.439690,2.132384,-17.005481
19.567752,5.396551,-17.008897
18.461027,8.426074,-17.004175
16.831312,11.216616,-16.996879
14.732695,13.487790,-17.004359
12.374637,15.251070,-17.007324
10.164110,16.999758,-17.003457
8.062612,18.900944,-16.999271
5.709037,20.351946,-20.813749
2.993269,21.278340,-20.810121
0.135860,21.704281,-20.809794
-2.729748,21.705127,-20.805041
-5.579276,21.289185,-20.796490
-8.343810,20.505783,-20.798612
-10.962774,19.324619,-20.811060
-13.558619,17.803755,-20.808458
-15.929009,15.959504,-20.803428
-18.066072,13.665580,-20.808677
-19.893947,11.117204,-20.810580
-21.533854,8.279980,-20.805435
-22.477155,5.036588,-20.803411
-22.776130,1.632455,-20.800898
-22.604804,-1.881194,-20.797885
-21.813962,-5.323252,-20.803369
-20.519022,-8.611083,-20.808604
-18.566884,-11.693707,-20.809235
-16.168695,-14.473554,-20.807685
-13.302390,-16.937854,-20.808892
-9.965052,-18.744998,-20.809960
-6.474847,-19.864377,-20.802971
-2.716215,-20.235014,-20.807507
1.088188,-20.004455,-20.814450
4.620548,-19.129060,-20.810258
7.897723,-17.481271,-20.802894
10.990763,-15.516645,-20.805627
13.521203,-13.078277,-20.812191
15.627748,-10.394508,-20.809877
17.342235,-7.469969,-20.801185
18.386779,-4.232695,-20.797841
18.736426,-0.984356,-20.800748
18.605383,2.280641,-20.801519
18.107455,5.244367,-20.802185
17.211728,8.113323,-20.803417
15.854920,10.796181,-20.802214
14.079885,13.062667,-20.800132
11.918619,14.945803,-20.801310
9.957479,16.702849,-20.805901
7.988971,18.666412,-20.811617
5.493045,19.857550,-24.609925
2.882060,20.697030,-24.605783
0.154044,21.105185,-24.604766
-2.578284,21.001460,-24.603204
-5.277330,20.453957,-24.603500
-7.903383,19.658925,-24.610284
-10.377244,18.470132,-24.608030
-12.776145,16.899421,-24.605950
-14.874213,15.127513,-24.603297
-16.807151,13.015338,-24.602342
-18.540072,10.585196,-24.608211
-20.035372,7.850965,-24.602011
-20.714248,4.844639,-24.606483
-20.824109,1.840180,-24.610477
-20.572910,-1.363346,-24.606862
-19.761205,-4.363530,-24.608544
-18.434574,-7.302799,-24.603968
-16.638898,-10.120967,-24.602009
-14.553501,-12.582315,-24.604439
-12.015329,-14.757019,-24.603945
-9.092301,-16.384114,-24.602230
-5.894962,-17.365676,-24.610800
-2.444416,-17.683881,-24.608822
0.760520,-17.327835,-24.604797
3.958839,-16.356906,-24.607025
6.877301,-14.984199,-24.605030
9.500524,-13.313127,-24.597267
11.679105,-11.118760,-24.606523
13.584875,-8.655322,-24.611967
15.140272,-6.111108,-24.604479
16.094232,-3.281625,-24.600769
16.432300,-0.438856,-24.604934
16.713213,2.302274,-24.610562
16.580136,5.148025,-24.611498
15.864910,7.810448,-24.608455
14.830983,10.352267,-24.606017
13.468193,12.739476,-24.604178
11.802879,14.758050,-24.602287
9.927961,16.633482,-24.603607
7.827069,18.445286,-24.608200
5.022591,18.715447,-28.410755
2.593605,19.438332,-28.404221
0.078937,19.802820,-28.410314
-2.538787,19.576441,-28.407880
-4.894350,18.950784,-28.401334
-7.297869,18.156390,-28.409909
-9.549015,16.992832,-28.400606
-11.504061,15.551502,-28.407137
-13.364179,13.830082,-28.411774
-15.063095,11.950597,-28.403958
-16.584023,9.792938,-28.408861
-17.688913,7.391015,-28.408852
-18.228743,4.705499,-28.408475
-18.310315,2.059026,-28.407241
-18.026363,-0.668516,-28.404008
-17.231866,-3.298701,-28.405686
-15.938616,-5.836364,-28.411361
-14.479133,-8.169065,-28.402947
-12.664971,-10.355276,-28.401348
-10.486795,-12.210002,-28.412053
-7.951978,-13.725642,-28.408678
-5.225622,-14.545599,-28.398548
-2.257713,-14.823000,-28.404004
0.516959,-14.295938,-28.412466
3.201675,-13.296364,-28.408389
5.760933,-12.315154,-28.400777
7.980538,-10.878062,-28.404528
9.862407,-8.883968,-28.405622
11.410444,-6.873433,-28.404626
12.764408,-4.730537,-28.408689
13.612100,-2.342182,-28.412894
13.963661,0.165979,-28.404079
14.555184,2.533690,-28.396744
14.704875,4.923331,-28.403884
14.133911,7.418863,-28.411636
13.414558,9.731339,-28.407608
12.515422,12.099404,-28.411587
11.276624,14.317508,-28.405888
9.494373,16.253439,-28.402003
7.370363,17.670237,-28.408160
4.157016,16.563358,-32.206007
2.045181,17.145204,-32.200320
-0.126137,17.433869,-32.199063
-2.289626,17.173599,-32.202742
-4.300789,16.541685,-32.205074
-6.268457,15.812589,-32.204281
-8.111076,14.802706,-32.206160
-9.748225,13.487066,-32.200466
-11.227483,11.997892,-32.201176
-12.625750,10.424705,-32.208916
-13.831348,8.703901,-32.206467
-14.558965,6.647308,-32.207545
-14.985100,4.490909,-32.206906
-15.112412,2.313596,-32.204605
-14.809227,0.053410,-32.202060
-14.128007,-2.026227,-32.199837
-13.108914,-3.958020,-32.206459
-11.927878,-5.915261,-32.209138
-10.429970,-7.719639,-32.205408
-8.683594,-9.204008,-32.205331
-6.723349,-10.513619,-32.209609
-4.471081,-11.191261,-32.206066
-2.075558,-11.446964,-32.203026
0.239601,-10.818156,-32.206196
2.327383,-9.887551,-32.209568
4.432478,-9.297981,-32.206598
6.272438,-8.108142,-32.200859
7.741548,-6.481954,-32.202450
9.018469,-4.815521,-32.203865
10.108428,-3.120745,-32.206147
10.807610,-1.232808,-32.210472
11.139016,0.752946,-32.204715
11.796708,2.666324,-32.199656
12.078930,4.707365,-32.205303
11.686785,6.802001,-32.207659
11.202324,8.836381,-32.200977
10.644668,10.947615,-32.210283
9.828188,13.008856,-32.213257
8.332454,14.761187,-32.210345
6.308517,15.841478,-32.208998
2.722251,12.966229,-36.000226
1.205731,13.339072,-36.005343
-0.397153,13.512142,-36.006701
-1.946872,13.334354,-36.007243
-3.426929,12.851186,-36.005975
-4.778638,12.213474,-35.999938
-6.018438,11.491361,-36.001222
-7.147352,10.517816,-36.000799
-8.116347,9.464589,-36.002076
-9.121332,8.349241,-36.005646
-9.982283,7.125336,-36.003636
-10.315475,5.680055,-36.006989
-10.651423,4.211895,-36.006570
-10.862097,2.685817,-36.001670
-10.606343,1.138410,-36.002759
-10.093270,-0.329781,-36.010110
-9.437812,-1.668453,-36.006872
-8.646579,-3.095531,-36.002108
-7.601176,-4.304420,-36.001378
-6.397888,-5.316599,-36.000980
-5.044356,-6.404963,-36.002053
-3.446331,-6.877872,-36.009533
-1.779685,-7.082930,-36.006467
-0.153303,-6.461813,-36.001957
1.267892,-5.714191,-36.002208
2.815853,-5.502224,-36.001656
4.110995,-4.633945,-36.006444
5.095542,-3.496275,-36.007728
6.003948,-2.316213,-36.005273
6.780964,-1.110515,-36.002252
7.291056,0.227447,-36.002049
7.574616,1.567661,-36.005662
8.075552,2.916895,-36.003156
8.312926,4.367617,-35.999358
8.100788,5.866877,-36.003704
7.818036,7.327432,-36.009697
7.514621,8.910918,-36.002426
7.014683,10.624420,-36.004272
5.903918,11.925381,-36.007025
4.325396,12.572726,-36.002141
-1.075693,3.441653,-39.805296
-1.937794,9.799761,36.194704
-2.533064,9.567225,36.194704
-3.004882,9.370264,36.194704
-3.472586,9.163752,36.194704
-3.936018,8.947817,36.194704
-4.280679,8.779758,36.194704
-4.736208,8.547623,36.194704
-5.186983,8.306377,36.194704
-5.632815,8.056118,36.194704
-6.291893,7.664013,36.194704
-6.938793,7.252062,36.194704
-7.781124,6.672314,36.194704
-8.997731,5.738130,36.194704
-10.521304,4.373535,36.194704
-12.476276,2.176711,36.194704
-14.436393,-0.976515,36.194704
-15.721929,-4.995663,36.194704
-15.890353,-9.344498,36.194704
-14.888389,-13.974582,36.194704
-12.760190,-18.488276,36.194704
-9.462005,-22.730512,36.194704
-4.953984,-26.323844,36.194704
0.337161,-28.583574,36.194704
6.186763,-29.320050,36.194704
12.011885,-28.456582,36.194704
17.449079,-25.874572,36.194704
21.718914,-21.809742,36.194704
24.478950,-16.459109,36.194704
25.329900,-10.500764,36.194704
24.374442,-4.557088,36.194704
22.187901,0.631604,36.194704
19.245087,4.817520,36.194704
15.860021,7.946361,36.194704
12.189086,10.030254,36.194704
8.365853,11.087208,36.194704
5.172604,11.259943,36.194704
2.627024,11.015603,36.194704
0.871461,10.665302,36.194704
-0.363279,10.331352,36.194704
-1.934186,8.492170,32.790895
-2.212759,8.977802,32.789202
-2.612778,8.882556,32.789486
-3.037863,8.669685,32.791909
-3.346501,8.543980,32.791589
-3.632502,8.349028,32.788384
-3.689091,7.676130,32.798658
-3.789637,7.518102,32.800131
-4.106140,7.373390,32.796215
-4.290023,7.249157,32.794218
-4.688928,7.063163,32.799513
-5.202558,6.842539,32.797766
-5.760559,6.486194,32.794901
-6.379085,6.001649,32.801448
-7.110225,5.180233,32.796125
-7.378856,4.328745,32.790954
-8.277054,2.845135,32.788324
-12.353619,-2.049902,32.795351
-13.738019,-6.786400,32.793636
-13.924626,-12.337616,32.795616
-12.316655,-17.437007,32.794520
-9.147903,-21.300880,32.794471
-4.885654,-24.368764,32.797242
0.170508,-26.098131,32.797345
5.266965,-25.866239,32.793180
10.083524,-23.787283,32.790183
14.221482,-20.752132,32.791328
17.250262,-16.677019,32.791265
19.242341,-12.152817,32.791706
20.089817,-7.375390,32.791840
19.486814,-2.612901,32.792612
18.195575,1.530214,32.799618
16.063324,5.041124,32.797688
13.237257,7.726953,32.799313
9.909373,9.523088,32.797387
6.423035,10.255661,32.787212
3.416619,10.200737,32.789829
1.497548,10.049742,32.792583
-1.093443,8.303049,32.793625
-1.699088,8.190413,32.792295
-2.136741,7.907032,29.392196
-2.245896,8.575173,29.392337
-2.682919,8.503750,29.401588
-2.989602,8.362202,29.398795
-3.269939,8.231875,29.391592
-3.500556,8.007136,29.389991
-3.390704,7.236323,29.397509
-3.482702,7.107893,29.401640
-3.683859,7.025904,29.401048
-3.852370,6.903157,29.390139
-4.041231,6.823316,29.388145
-4.447618,6.703581,29.395672
-4.902537,6.455842,29.398805
-5.394699,6.062212,29.398933
-5.896242,5.532911,29.395197
-6.199583,4.868738,29.396814
-6.969193,3.661319,29.400230
-11.567436,-1.360239,29.393531
-13.204934,-6.149804,29.396314
-13.535286,-11.674104,29.396513
-11.971330,-16.667775,29.398300
-8.841358,-20.305592,29.395910
-4.745297,-23.069353,29.397310
-0.032591,-24.447717,29.392635
4.842125,-23.920010,29.391059
9.136315,-21.722375,29.401193
12.843047,-18.646250,29.392947
15.609119,-14.745391,29.396072
17.379213,-10.580422,29.397945
18.112631,-6.175659,29.389618
17.622924,-1.907105,29.388349
16.481550,1.898009,29.397150
14.571495,5.134673,29.394798
12.003560,7.595823,29.394760
8.864557,9.259375,29.397395
5.572311,9.887480,29.396155
2.745718,9.762703,29.400223
0.990205,9.579389,29.400464
-1.605397,7.694066,29.396947
-2.018741,7.608918,29.394505
-2.074318,8.128397,25.999379
-2.244331,8.528394,25.996395
-2.669640,8.475084,25.999931
-2.964661,8.325944,26.000269
-3.233791,8.200466,25.997613
-3.495837,7.891198,25.992940
-3.460895,7.344365,25.985226
-3.545851,7.206401,25.991788
-3.740020,7.131667,26.000223
-3.995386,6.968193,25.987871
-4.175265,6.878734,25.988180
-4.549741,6.719687,25.998261
-4.984997,6.466615,25.997671
-5.536966,6.022527,25.988608
-6.133121,5.477100,25.993856
-7.414295,4.332719,25.999485
-9.558732,2.053208,26.000028
-12.121221,-1.847691,26.001021
-13.641520,-6.655076,25.994950
-13.479810,-11.528321,25.988065
-11.773530,-15.969543,25.990374
-8.722356,-19.474641,25.994181
-4.738329,-22.112889,25.991712
-0.152572,-23.359170,25.988603
4.564014,-22.781963,25.992986
8.712108,-20.644417,25.999012
12.262994,-17.630116,25.993114
14.941117,-13.965339,25.989775
16.712079,-9.972708,25.996375
17.468275,-5.807347,25.997897
17.098755,-1.669087,25.991950
15.980253,2.009307,26.001084
14.135399,5.149110,25.996054
11.599329,7.619053,25.996362
8.759484,9.180537,25.999737
5.593788,9.872172,25.994332
2.757278,9.782352,25.995542
0.936369,9.574966,25.994091
-1.417178,7.917767,26.002626
-1.874817,7.847870,26.002217
-1.826482,8.817369,22.600507
-2.228656,8.824314,22.600019
-2.604924,8.700010,22.591367
-2.972761,8.526265,22.590067
-3.325307,8.338809,22.593470
-3.543283,8.129252,22.588521
-3.763417,7.785613,22.589660
-3.996004,7.610662,22.595916
-4.272991,7.481414,22.599562
-4.525912,7.319276,22.598938
-4.860132,7.096993,22.599493
-5.193484,6.873146,22.594361
-5.684203,6.524259,22.588609
-6.389923,5.960869,22.594527
-7.308120,5.180975,22.590176
-9.709341,3.355738,22.590858
-11.678032,0.720201,22.594074
-13.477786,-3.037715,22.596618
-14.327958,-7.535442,22.593033
-13.557213,-11.708602,22.587456
-11.558805,-15.539351,22.589989
-8.553185,-18.916954,22.586863
-4.684751,-21.464532,22.594767
-0.210802,-22.636300,22.599026
4.383405,-22.122585,22.598300
8.471453,-20.169190,22.602113
11.978261,-17.312574,22.590467
14.775348,-13.766360,22.597653
16.625617,-9.966020,22.595949
17.523310,-5.847742,22.588968
17.311397,-1.730436,22.598720
16.212627,1.926880,22.592741
14.345862,5.143343,22.590111
11.965711,7.593798,22.586700
9.119851,9.300839,22.591381
6.115978,10.120719,22.600720
3.404863,10.166425,22.589898
1.318251,9.856977,22.591040
-0.381168,9.166439,22.595098
-1.231775,8.861728,22.597599
-1.382858,9.842639,19.192035
-2.129048,9.304350,19.188872
-2.586236,9.080691,19.194525
-3.060892,8.890983,19.198392
-3.413062,8.681803,19.197526
-3.756081,8.467035,19.198265
-4.162729,8.417899,19.202683
-4.542864,8.288678,19.194755
-4.889448,8.063360,19.188917
-5.327189,7.804914,19.199168
-5.727975,7.489849,19.192111
-6.184137,7.080446,19.193929
-6.810306,6.558731,19.202940
-7.683981,5.855922,19.198658
-9.002300,4.726204,19.190705
-11.584830,2.559275,19.189610
-13.281348,-0.320357,19.198609
-14.516775,-3.939367,19.198031
-14.770801,-8.077922,19.189649
-13.594036,-11.793742,19.189448
-11.432671,-15.137269,19.195123
-8.432900,-18.485392,19.194036
-4.597524,-21.012170,19.197232
-0.240697,-22.142065,19.199139
4.238189,-21.756305,19.196808
8.469126,-19.951289,19.198998
12.027963,-17.211797,19.202808
14.890589,-13.880087,19.194727
16.923804,-10.107833,19.195694
17.961564,-6.153189,19.197008
17.955002,-2.069120,19.187283
16.818065,1.852866,19.199490
14.942706,5.135756,19.200778
12.595739,7.693292,19.196268
9.886351,9.516868,19.191510
7.095219,10.513331,19.189556
4.343786,10.752642,19.195902
1.931434,10.429470,19.189322
0.577494,10.309458,19.190439
-0.456016,10.199056,19.193758
-0.933664,10.959197,15.794370
-1.983249,9.932318,15.799022
-2.535638,9.642459,15.799477
-3.114676,9.408031,15.796728
-3.486211,9.209086,15.795545
-3.960830,8.997630,15.798204
-4.585559,9.130294,15.798584
-5.153634,9.007520,15.792474
-5.591537,8.683311,15.790637
-6.216183,8.317524,15.795451
-6.694295,7.912751,15.790967
-7.284609,7.318811,15.796718
-8.058871,6.623816,15.803242
-9.104619,5.759008,15.799373
-10.631289,4.334691,15.799593
-12.637564,2.068694,15.789433
-14.079810,-0.820525,15.797559
-14.908206,-4.289096,15.796138
-14.793799,-8.040151,15.787848
-13.527015,-11.581016,15.792937
-11.286400,-14.857731,15.800897
-8.355702,-18.126503,15.798431
-4.619554,-20.607299,15.799685
-0.276271,-21.778620,15.794723
4.212151,-21.524545,15.788477
8.427578,-19.969260,15.793594
12.092378,-17.380134,15.787616
15.117218,-14.193872,15.791467
17.334674,-10.542638,15.795202
18.613376,-6.445195,15.790493
18.772132,-2.378001,15.789528
17.666053,1.649175,15.798344
15.799928,5.039000,15.800695
13.497527,7.737412,15.795584
10.937769,9.720038,15.790530
8.180345,10.974445,15.792252
5.386827,11.411041,15.799579
2.914088,11.258127,15.796300
1.381983,11.301824,15.793025
0.179524,11.337994,15.792339
-0.573547,11.872591,12.391059
-1.794042,10.669935,12.401078
-2.548607,10.283016,12.396613
-3.139164,10.042224,12.390211
-3.620824,9.807438,12.388414
-4.228495,9.613839,12.394953
-4.973332,9.799290,12.402295
-5.731736,9.604338,12.397795
-6.264448,9.201323,12.394067
-6.986504,8.766481,12.395957
-7.637157,8.213690,12.393102
-8.318352,7.536412,12.394911
-9.173314,6.740663,12.395246
-10.467219,5.621678,12.394004
-11.980484,3.985543,12.402052
-13.183441,1.848038,12.401542
-14.420279,-0.997665,12.400353
-14.959902,-4.339773,12.395036
-14.579127,-7.863980,12.391580
-13.322059,-11.358159,12.396181
-11.193343,-14.557697,12.400791
-8.272176,-17.815474,12.397969
-4.635617,-20.231477,12.391733
-0.324511,-21.459009,12.390167
4.159880,-21.355035,12.390910
8.433508,-20.018039,12.388534
12.191963,-17.593369,12.390020
15.365979,-14.570798,12.392618
17.811816,-10.966652,12.396682
19.273916,-6.943762,12.396153
19.611542,-2.697468,12.388725
18.545167,1.430582,12.389183
16.635245,5.012573,12.393216
14.359589,7.824739,12.397313
11.852125,9.983465,12.397833
9.232398,11.411406,12.397226
6.417466,12.046348,12.401537
3.891401,12.105740,12.396158
2.218077,12.228036,12.389716
0.760865,12.305825,12.386637
-0.291199,12.437828,8.996063
-1.575085,11.446908,8.995121
-2.444264,11.022035,8.998880
-3.146419,10.740187,8.997429
-3.839480,10.435830,8.992689
-4.468799,10.279580,8.994111
-5.347372,10.341387,9.000465
-6.110305,10.035059,8.995127
-6.726877,9.561499,8.989517
-7.451979,9.103508,8.990524
-8.222450,8.510627,8.989133
-9.108264,7.716912,8.993884
-10.130598,6.761242,8.994381
-11.482617,5.497475,8.989935
-12.806437,3.813695,8.992847
-13.594811,1.681893,8.992584
-14.631873,-1.179053,8.990796
-14.927362,-4.256091,8.988766
-14.373824,-7.599593,8.993391
-13.150036,-11.039979,8.998491
-11.051166,-14.323285,8.989539
-8.216285,-17.448040,8.987158
-4.514927,-19.879595,8.992456
-0.366970,-21.102764,8.994045
4.074687,-21.138861,8.994076
8.461825,-19.980818,8.999196
12.276194,-17.735405,8.999743
15.632083,-14.819872,9.001637
18.265331,-11.276429,8.994470
19.878000,-7.245568,8.989382
20.303381,-2.947889,8.997623
19.270302,1.250021,8.992321
17.379934,4.907561,8.988863
15.064809,7.886802,8.996754
12.601308,10.167536,8.998675
10.028491,11.753728,8.992686
7.221232,12.562404,8.999036
4.663324,12.839266,8.997399
2.769467,12.966670,8.995755
1.207207,12.930473,8.996400
-0.218477,12.618851,5.589478
-1.421997,12.124317,5.600328
-2.435361,11.742074,5.602877
-3.238482,11.410328,5.600126
-4.048296,11.108449,5.594228
-4.791594,10.949526,5.587553
-5.531944,10.762234,5.586118
-6.288585,10.354278,5.590015
-6.988293,9.834002,5.592012
-7.793970,9.285980,5.589616
-8.684094,8.667180,5.589731
-9.705783,7.860446,5.587883
-10.810966,6.826152,5.594293
-12.087880,5.477747,5.602216
-13.290963,3.693210,5.597444
-13.950074,1.508092,5.595703
-14.743745,-1.214549,5.591850
-14.864020,-4.211963,5.593967
-14.219271,-7.323640,5.596100
-12.949884,-10.769326,5.593560
-10.943470,-13.998369,5.594775
-8.126374,-17.011815,5.590902
-4.479363,-19.369593,5.592359
-0.329526,-20.629118,5.591720
4.020617,-20.752596,5.591612
8.358540,-19.775383,5.601069
12.286113,-17.695276,5.600935
15.772958,-14.912392,5.592853
18.491100,-11.541925,5.588119
20.242661,-7.437910,5.587338
20.665640,-3.118084,5.587756
19.624740,1.207727,5.594484
17.741891,4.885253,5.594667
15.435851,7.892019,5.596270
12.907348,10.281747,5.599049
10.359280,11.926852,5.596071
7.696594,12.853147,5.593240
5.241381,13.318815,5.601093
3.072291,13.360802,5.597794
1.239344,13.069549,5.588207
-0.204924,12.645476,2.191834
-1.283329,12.699223,2.191544
-2.324616,12.483653,2.187153
-3.321335,12.053557,2.191422
-4.140880,11.795454,2.198469
-5.081366,11.573643,2.196284
-5.772938,11.069636,2.194770
-6.469164,10.555129,2.193268
-7.274074,10.022261,2.195965
-8.058684,9.455115,2.201915
-9.056305,8.820152,2.200929
-10.194039,8.006393,2.199613
-11.366227,6.902299,2.196163
-12.588116,5.391815,2.194093
-13.586657,3.616488,2.196150
-14.276519,1.350663,2.190761
-14.834422,-1.288825,2.186903
-14.780812,-4.175345,2.193790
-14.045733,-7.221881,2.201316
-12.771680,-10.415758,2.201731
-10.795279,-13.621573,2.200929
-7.985275,-16.439999,2.195217
-4.511710,-18.614847,2.192645
-0.410191,-19.898591,2.192835
3.791231,-20.068475,2.194110
8.116174,-19.199147,2.197208
12.125308,-17.358202,2.197734
15.592893,-14.806051,2.200664
18.468866,-11.445822,2.198290
20.197309,-7.395060,2.194865
20.432929,-2.976570,2.198008
19.415866,1.208829,2.195531
17.505093,4.945918,2.199519
15.185726,7.910687,2.199763
12.720996,10.163138,2.195416
10.093700,11.838619,2.195751
7.608568,12.854654,2.199481
5.400830,13.439808,2.196062
3.075288,13.304218,2.191681
1.076375,12.785104,2.191218
-0.183074,12.685632,-1.204934
-1.244381,13.179055,-1.204886
-2.355261,13.070190,-1.211379
-3.352802,12.654708,-1.207254
-4.374105,12.391622,-1.198648
-5.283929,12.140486,-1.203350
-5.970366,11.353577,-1.208273
-6.711026,10.777722,-1.210343
-7.540616,10.311633,-1.205816
-8.387813,9.690300,-1.197415
-9.549043,8.969947,-1.201077
-10.753731,8.122659,-1.205968
-11.950429,6.940251,-1.201978
-13.007446,5.371461,-1.199340
-13.849047,3.556754,-1.207030
-14.597750,1.257800,-1.212523
-14.915145,-1.351101,-1.207639
-14.705469,-4.081495,-1.201247
-13.908572,-7.019316,-1.199162
-12.584660,-10.007414,-1.200487
-10.618593,-13.116037,-1.202891
-7.823656,-15.662697,-1.206480
-4.457268,-17.644958,-1.205689
-0.545282,-18.859345,-1.207273
3.555854,-18.981689,-1.207464
7.683245,-18.145937,-1.201547
11.632174,-16.668059,-1.209812
15.150905,-14.218252,-1.206277
17.949522,-11.005914,-1.202602
19.569438,-7.062232,-1.204642
19.481272,-2.610315,-1.202039
18.457499,1.475345,-1.205291
16.698834,4.936346,-1.208195
14.403617,7.826385,-1.200286
11.845174,10.006123,-1.201578
9.414753,11.474314,-1.212348
7.150786,12.579962,-1.204668
5.132527,13.239488,-1.199766
2.807054,13.013333,-1.201608
0.918423,12.551247,-1.204696
-0.089384,12.897502,-4.608372
-1.145954,13.525924,-4.600880
-2.309423,13.515131,-4.605341
-3.394912,13.159036,-4.610873
-4.478275,12.902013,-4.608932
-5.434713,12.573542,-4.605380
-6.161356,11.736413,-4.605727
-7.066840,11.133136,-4.606201
-7.994152,10.708146,-4.602784
-8.989087,10.016097,-4.600996
-10.168103,9.236659,-4.609869
-11.449328,8.252430,-4.601485
-12.616284,6.987021,-4.600106
-13.550770,5.319529,-4.603870
-14.257815,3.418476,-4.599619
-14.975281,1.105059,-4.603045
-15.028244,-1.410658,-4.603150
-14.641637,-4.026900,-4.608481
-13.764444,-6.801479,-4.610919
-12.342334,-9.609148,-4.602533
-10.342281,-12.518114,-4.599545
-7.589103,-14.725205,-4.606578
-4.373426,-16.459864,-4.608047
-0.694606,-17.546703,-4.602294
3.238235,-17.549284,-4.602775
6.986519,-16.688505,-4.610884
10.857314,-15.458236,-4.607412
14.188003,-13.088275,-4.607038
16.746715,-9.981884,-4.610422
18.184764,-6.285965,-4.609227
17.913725,-2.005771,-4.602465
16.957567,1.821965,-4.599264
15.341042,5.064415,-4.604814
13.183592,7.757598,-4.610647
10.746274,9.707779,-4.608210
8.390602,11.086068,-4.603071
6.558624,12.152523,-4.604229
4.659197,12.852179,-4.606434
2.702935,12.839524,-4.610533
1.054699,12.653377,-4.612381
0.007920,13.371824,-8.003531
-1.073580,13.766809,-7.999398
-2.294872,13.781773,-8.006674
-3.433244,13.569425,-8.011333
-4.543184,13.303358,-8.007481
-5.585272,12.826425,-8.004883
-6.494860,12.125158,-8.001834
-7.527052,11.659962,-7.999646
-8.684373,11.204832,-8.005221
-9.806784,10.476505,-8.011107
-10.938269,9.602276,-8.001158
-12.207385,8.447615,-7.997468
-13.354184,7.036694,-8.006689
-14.221496,5.242887,-8.007234
-14.807782,3.316211,-7.996665
-15.378992,0.905600,-7.999245
-15.173515,-1.459322,-8.003101
-14.574886,-3.986811,-8.002877
-13.540225,-6.631210,-8.002031
-12.020568,-9.188485,-8.004277
-10.011204,-11.727287,-8.005501
-7.368726,-13.595762,-8.000220
-4.267950,-15.110429,-8.006378
-0.761870,-16.020381,-8.014231
2.760292,-15.894145,-8.008611
6.264343,-14.937618,-8.000124
9.772940,-13.643832,-8.005534
12.629084,-11.329277,-8.009515
14.771067,-8.330927,-8.008941
15.991742,-4.960076,-8.004903
15.939998,-1.214965,-8.001448
15.133245,2.225023,-8.009223
13.753217,5.153805,-8.011192
11.893101,7.590393,-8.011052
9.588850,9.427560,-8.003396
7.465459,10.713631,-7.998835
5.884304,11.783370,-8.009486
4.203118,12.441575,-8.003029
2.603831,12.760993,-7.999281
1.198528,13.019249,-8.003454
0.251222,13.921912,-11.412357
-1.004001,13.984964,-11.410318
-2.263388,13.984217,-11.403909
-3.436706,13.950066,-11.406748
-4.646252,13.643360,-11.411272
-5.670587,13.076590,-11.403658
-6.754978,12.645914,-11.408366
-7.960207,12.282944,-11.412171
-9.299978,11.764972,-11.406287
-10.597391,10.960499,-11.400661
-11.723440,9.928533,-11.404712
-12.920942,8.590112,-11.410776
-13.999207,7.038001,-11.407902
-14.796057,5.239039,-11.402706
-15.343976,3.142884,-11.400791
-15.652046,0.829593,-11.399236
-15.210534,-1.545249,-11.408054
-14.429719,-3.858463,-11.408577
-13.261896,-6.269032,-11.404389
-11.661752,-8.562475,-11.404628
-9.638731,-10.724632,-11.402028
-7.067141,-12.361006,-11.398441
-4.181929,-13.643272,-11.399900
-0.941570,-14.359473,-11.400652
2.372314,-14.118951,-11.400190
5.451034,-13.112369,-11.403041
8.437092,-11.630339,-11.400686
10.853168,-9.367303,-11.399325
12.554686,-6.498405,-11.405085
13.549414,-3.511220,-11.409361
13.849632,-0.382798,-11.405436
13.268354,2.616046,-11.403248
12.148744,5.269755,-11.402689
10.616249,7.489095,-11.402210
8.754410,9.172455,-11.401460
6.917237,10.468008,-11.403602
5.539500,11.480493,-11.408052
3.994028,12.175551,-11.405907
2.679573,12.794164,-11.405537
1.492869,13.471658,-11.409413
0.500982,14.487485,-14.807401
-1.011513,14.237005,-14.803020
-2.281224,14.256617,-14.803825
-3.483770,14.351170,-14.807155
-4.709129,14.041814,-14.806868
-5.810309,13.393044,-14.802141
-7.054785,13.152250,-14.805774
-8.457380,12.808701,-14.811116
-9.859217,12.170274,-14.806288
-11.204947,11.293985,-14.802217
-12.297200,10.099012,-14.811820
-13.305599,8.728988,-14.806986
-14.316727,7.056295,-14.803753
-15.110652,5.179804,-14.802673
-15.587687,3.103343,-14.797142
-15.638622,0.807965,-14.800388
-15.055771,-1.407890,-14.808902
-14.099031,-3.595836,-14.812277
-12.844801,-5.711520,-14.805971
-11.177042,-7.756365,-14.799229
-9.145372,-9.564525,-14.803933
-6.740991,-11.004931,-14.809264
-4.059288,-12.106446,-14.806824
-1.050316,-12.629042,-14.801837
1.916682,-12.329618,-14.803665
4.718335,-11.322531,-14.810985
7.236506,-9.737498,-14.812529
9.343246,-7.618740,-14.802472
10.764334,-5.023220,-14.800764
11.556603,-2.313647,-14.806749
11.909519,0.377017,-14.803762
11.538898,2.985565,-14.798366
10.698666,5.402263,-14.802632
9.566660,7.391236,-14.809018
8.258029,9.071311,-14.809757
6.874217,10.450339,-14.804796
5.404375,11.466576,-14.800072
4.001373,12.243206,-14.804270
2.868198,13.085924,-14.808871
1.836024,13.954137,-14.809980
0.707333,14.967013,-18.210788
-0.861752,14.644434,-18.200610
-2.206952,14.687128,-18.199076
-3.576463,14.840886,-18.206047
-4.880668,14.504520,-18.211529
-6.004011,13.889333,-18.207539
-7.421034,13.657352,-18.202393
-8.759987,13.183863,-18.209914
-10.068282,12.373995,-18.208423
-11.335258,11.421642,-18.197433
-12.335846,10.170845,-18.205866
-13.275061,8.682806,-18.200696
-14.139181,7.065756,-18.196131
-14.906687,5.215654,-18.201484
-15.336984,3.107024,-18.204116
-15.183051,1.030561,-18.200654
-14.527830,-1.110416,-18.208504
-13.493199,-3.091367,-18.205932
-12.197179,-4.919291,-18.204268
-10.555878,-6.660935,-18.208120
-8.586576,-8.165115,-18.201757
-6.392067,-9.477523,-18.208568
-3.927513,-10.424094,-18.211158
-1.238709,-10.764864,-18.205576
1.393872,-10.465638,-18.201246
3.945736,-9.541851,-18.201060
6.114115,-7.916904,-18.202559
7.982324,-6.018685,-18.201043
9.234357,-3.735981,-18.199854
9.826168,-1.224779,-18.201376
10.051657,1.154915,-18.202294
9.846200,3.382426,-18.201326
9.305918,5.475769,-18.204594
8.553742,7.314368,-18.205288
7.847203,8.942911,-18.205278
6.978855,10.453612,-18.204663
5.477076,11.517462,-18.197577
4.272545,12.419250,-18.206066
3.194286,13.478297,-18.215960
2.115339,14.448579,-18.217338
0.824434,15.250091,-21.609311
-0.713368,15.245395,-21.608394
-2.171483,15.368643,-21.602779
-3.638827,15.457780,-21.597327
-4.994465,15.165564,-21.598205
-6.342716,14.587977,-21.603347
-7.744218,14.123946,-21.602311
-8.899778,13.268695,-21.603269
-9.862276,12.238221,-21.604213
-10.908280,11.119930,-21.601278
-11.764672,9.929638,-21.600219
-12.562207,8.528474,-21.606399
-13.296105,7.016663,-21.605187
-13.992261,5.311264,-21.600680
-14.364185,3.381771,-21.603785
-14.115896,1.486729,-21.606024
-13.543041,-0.414992,-21.603416
-12.542903,-2.191735,-21.607705
-11.246183,-3.796189,-21.608874
-9.708573,-5.249945,-21.601073
-7.891642,-6.490348,-21.598511
-5.963328,-7.695854,-21.601501
-3.758815,-8.483201,-21.610149
-1.423790,-8.657439,-21.607664
0.918567,-8.362678,-21.601236
3.120090,-7.576959,-21.608944
4.941504,-6.000997,-21.612394
6.524895,-4.330959,-21.606975
7.574879,-2.361123,-21.601433
7.977433,-0.174951,-21.601366
8.109649,1.939644,-21.606996
8.028781,3.842510,-21.612523
7.729699,5.576191,-21.602624
7.318008,7.202463,-21.600399
7.020804,8.729275,-21.607106
6.588511,10.264661,-21.608677
5.428776,11.487866,-21.604944
4.458738,12.581443,-21.603489
3.429620,13.774110,-21.604896
2.246011,14.725319,-21.607371
0.761193,15.085182,-25.005328
-0.658674,15.714336,-24.999893
-2.113477,15.969216,-25.002699
-3.667055,15.891268,-25.007862
-5.133458,15.651303,-25.006416
-6.616693,15.203429,-25.001933
-7.826469,14.326940,-25.004760
-8.632044,13.014342,-25.000634
-9.164136,11.615173,-25.002328
-9.735809,10.463602,-25.007067
-10.462935,9.395722,-25.001592
-11.105416,8.202017,-25.007784
-11.686477,6.909273,-25.006367
-12.273996,5.463396,-25.000166
-12.588443,3.829132,-25.005312
-12.349811,2.226715,-25.010525
-11.916984,0.593462,-25.008240
-11.076033,-0.913786,-25.002111
-9.913573,-2.233517,-25.002371
-8.593942,-3.359833,-25.009450
-7.072931,-4.339689,-25.011766
-5.469408,-5.438144,-25.003789
-3.649045,-6.065728,-25.006347
-1.644986,-6.111774,-25.009522
0.291288,-5.852560,-25.007749
2.123655,-5.252689,-25.009464
3.565709,-3.878991,-25.004860
4.796241,-2.427958,-25.003787
5.613632,-0.710394,-25.001014
5.861162,1.101360,-25.001063
5.940088,2.773814,-25.008431
5.952378,4.323438,-25.010051
5.801653,5.734708,-25.005964
5.635705,7.079578,-25.006477
5.545320,8.369702,-25.007473
5.395881,9.779233,-25.002125
4.969605,11.132412,-24.998148
4.315716,12.481807,-25.002281
3.318067,13.627941,-25.008089
2.064587,14.434529,-25.008850
0.178035,13.731985,-28.406048
-0.813930,14.935973,-28.402267
-2.175336,15.306160,-28.399147
-3.581050,15.077554,-28.402542
-4.956828,14.924605,-28.407952
-6.373623,14.748799,-28.406961
-7.296353,13.441425,-28.400942
-7.613753,11.843984,-28.405191
-7.610606,10.305030,-28.404062
-7.794200,9.268275,-28.401166
-8.294480,8.491829,-28.405177
-8.729129,7.679582,-28.402078
-9.131681,6.745321,-28.399811
-9.561507,5.698018,-28.401436
-9.819442,4.511401,-28.404017
-9.674202,3.342341,-28.409571
-9.427809,2.130990,-28.408813
-8.842186,1.016245,-28.408965
-7.961105,0.073041,-28.410837
-6.968110,-0.719363,-28.409006
-5.903123,-1.424354,-28.404106
-4.753701,-2.290192,-28.400839
-3.407681,-2.717022,-28.403800
-1.970231,-2.664436,-28.408596
-0.594934,-2.469938,-28.409907
0.773095,-2.082735,-28.408765
1.813265,-1.038556,-28.408537
2.627048,0.102974,-28.404162
3.097424,1.374559,-28.406127
3.216535,2.709840,-28.408116
3.272476,3.879865,-28.403652
3.326825,4.899715,-28.402939
3.276460,5.868033,-28.401499
3.246027,6.836460,-28.405200
3.219916,7.807929,-28.407574
3.223435,8.876857,-28.403284
3.438753,10.187901,-28.403310
3.180371,11.502657,-28.401401
2.336783,12.423916,-28.401160
1.241213,12.999907,-28.404316
-2.777368,6.179543,-31.805296
