-27.940807,-27.311668,45.243424
-21.910594,-29.477562,45.243424
-15.830919,-30.582527,45.243424
-10.110603,-30.672128,45.243424
-5.125574,-29.966293,45.243423
-0.737226,-28.665151,45.243424
3.214450,-26.852815,45.243424
6.502785,-24.775667,45.243424
9.346728,-22.471003,45.243424
11.636786,-20.232127,45.243423
13.623678,-18.019821,45.243423
15.354545,-15.889622,45.243423
16.998507,-13.691664,45.243424
18.565810,-11.438423,45.243424
20.184263,-8.944067,45.243424
21.721275,-6.398935,45.243423
23.512060,-3.206170,45.243423
25.448735,0.421567,45.243423
27.591980,4.988254,45.243423
28.933272,10.318012,45.243424
28.201834,15.758907,45.243424
25.952535,20.534240,45.243424
22.534268,25.124709,45.243423
18.427579,29.105694,45.243423
13.466655,32.395554,45.243423
7.778536,34.806024,45.243424
1.587098,36.451046,45.243424
-4.958479,37.542517,45.243424
-12.024343,38.120854,45.243423
-19.800923,37.865295,45.243423
-27.877473,36.177887,45.243423
-35.184352,32.369930,45.243423
-41.183969,26.380925,45.243424
-45.229104,19.191018,45.243424
-47.528310,11.275735,45.243424
-48.119537,3.055003,45.243424
-47.047985,-4.887776,45.243424
-44.134350,-12.376811,45.243424
-39.738059,-18.636626,45.243424
-33.754583,-23.421948,40.495540
-27.618161,-26.828918,40.499344
-20.850368,-28.514276,40.501670
-15.454824,-30.229700,40.500263
-10.468302,-31.418434,40.492494
-5.271726,-30.789696,40.487856
-0.716507,-29.473291,40.500580
3.169197,-27.687747,40.497367
6.603536,-25.500593,40.500742
9.485004,-22.978577,40.501398
11.700995,-20.418749,40.486389
13.555218,-18.149031,40.489904
15.374414,-15.840607,40.487423
16.748900,-13.518734,40.485819
17.939517,-11.085866,40.495090
19.337686,-8.767776,40.503075
20.802414,-6.226797,40.495326
22.336441,-3.213297,40.491713
23.913034,0.038152,40.492830
25.795449,4.375391,40.490389
27.039576,9.417454,40.498491
26.875224,14.685511,40.486654
24.272052,19.048535,40.487296
21.159368,22.985689,40.496699
17.704181,27.682075,40.501887
13.195629,31.112725,40.502881
7.684994,33.726566,40.488496
1.639771,35.541197,40.486067
-4.787542,36.765583,40.497242
-11.972043,37.534065,40.504137
-19.639035,37.440431,40.498748
-27.565068,35.705481,40.491797
-35.236734,32.249419,40.494043
-41.314220,26.620445,40.495661
-45.311278,19.224040,40.494079
-47.595535,11.200096,40.494652
-48.155425,3.085251,40.491899
-46.783822,-4.914416,40.495829
-43.659202,-12.213934,40.498848
-39.152060,-18.517449,40.496399
-32.918281,-23.012641,35.737005
-27.157076,-26.509681,35.737499
-20.779853,-28.550397,35.745012
-15.670192,-30.332216,35.748982
-10.724603,-31.546841,35.751510
-5.340382,-30.964327,35.752021
-0.799007,-29.717275,35.741363
3.274081,-27.881041,35.744099
6.692552,-25.716323,35.746348
9.530659,-23.189517,35.738817
11.665919,-20.591918,35.734105
13.611313,-18.136485,35.740293
15.418696,-15.836731,35.739471
16.673498,-13.478742,35.741367
17.679885,-10.983456,35.747053
19.031905,-8.659137,35.743580
20.480856,-6.131577,35.741583
21.839132,-3.309516,35.738941
23.290754,-0.026583,35.741003
24.928010,4.131503,35.749886
25.983541,8.716937,35.745998
26.045419,14.162174,35.740898
23.939982,18.509201,35.742028
21.003367,22.818617,35.748679
17.796596,27.639905,35.749541
13.167962,31.567725,35.736087
7.777494,34.324108,35.735993
1.795077,36.205777,35.737623
-4.815716,37.396360,35.743036
-11.971814,37.969627,35.750754
-19.798930,37.627370,35.745687
-27.371396,35.650444,35.738674
-34.988371,32.182745,35.741139
-41.183224,26.472220,35.743568
-45.054409,19.062924,35.742851
-47.186112,11.059805,35.745771
-47.554306,2.988712,35.744963
-45.889969,-4.890683,35.736653
-42.560380,-12.040191,35.731858
-38.187262,-18.073777,35.734400
-31.737709,-22.388313,30.993463
-26.490731,-26.182260,30.993996
-21.113470,-28.896368,30.997855
-15.771796,-30.550940,30.996285
-10.449623,-31.090009,30.996163
-5.337066,-30.553488,31.001240
-0.791201,-29.396650,30.994231
3.303772,-27.635034,30.986400
6.737100,-25.529220,30.987678
9.441755,-23.206404,30.992578
11.762909,-20.490455,30.995682
13.732058,-18.069036,31.000603
15.423856,-15.975547,31.005082
16.803487,-13.445727,30.996917
17.820818,-10.965311,30.986448
19.180544,-8.656685,30.989678
20.628204,-6.140637,30.984865
21.945413,-3.311799,30.992665
23.290462,-0.000316,31.002184
24.701025,3.993908,30.996464
25.636851,8.588065,31.002972
25.703691,13.739444,30.999585
24.271631,18.874840,30.998007
21.677926,23.846977,31.000036
18.172833,28.739528,31.000357
13.567215,32.973499,31.000035
8.093102,35.993991,30.989965
1.694773,37.993598,30.985004
-5.150117,38.957534,30.989998
-12.303426,39.072961,30.994734
-20.059945,38.189370,30.992930
-27.470395,35.753793,30.992611
-34.829741,31.875502,30.995998
-40.680629,26.132197,30.993325
-44.439255,18.718778,30.989748
-46.299078,10.902955,30.995061
-46.364979,2.854047,30.996455
-44.388677,-4.923782,30.988807
-40.957309,-11.732514,30.985228
-36.539002,-17.679525,30.989659
-30.190746,-21.542838,26.240872
-25.638779,-25.447724,26.249824
-21.058992,-28.748076,26.248454
-15.595943,-30.248764,26.242455
-9.946571,-30.055558,26.238201
-5.084677,-29.609395,26.235937
-0.740559,-28.623370,26.238213
3.198684,-27.074572,26.242715
6.680305,-25.080668,26.248480
9.462996,-22.859121,26.246130
11.769132,-20.441230,26.234397
13.670949,-18.262308,26.232430
15.548346,-16.046364,26.249085
17.056090,-13.591747,26.247513
18.222004,-11.183755,26.233288
19.610840,-8.900996,26.241968
21.160697,-6.195092,26.238759
22.454324,-3.361012,26.235309
23.789915,0.182215,26.238344
24.974115,4.012229,26.241435
25.780011,8.621115,26.245792
25.741207,13.731118,26.240761
24.947667,19.511977,26.244513
22.639640,25.238489,26.252971
18.978377,30.068773,26.249145
14.226506,34.753300,26.242669
8.276539,38.256932,26.252348
1.656109,40.259150,26.246429
-5.435398,40.928248,26.243089
-13.000992,40.439483,26.251938
-20.407743,38.875498,26.248754
-27.611680,35.904913,26.244855
-34.362645,31.533590,26.241246
-39.925921,25.471247,26.248521
-43.449748,18.247442,26.249695
-44.992536,10.370793,26.234555
-44.632790,2.572087,26.240149
-42.396101,-4.888619,26.246484
-38.883705,-11.374915,26.243663
-34.688073,-16.901988,26.238740
-28.284687,-20.489432,21.485024
-23.952424,-24.235080,21.492837
-19.803690,-27.317069,21.498454
-14.615696,-28.729630,21.491259
-9.227859,-28.532851,21.486855
-4.614397,-28.278486,21.492506
-0.495357,-27.473957,21.486692
3.262457,-26.159469,21.486779
6.402537,-24.541980,21.494438
9.308401,-22.527252,21.502408
11.642827,-20.499537,21.503579
13.801253,-18.287689,21.496833
15.728616,-16.153746,21.488694
17.425605,-13.845585,21.493385
18.817915,-11.587340,21.503905
20.362836,-9.167979,21.501190
21.978891,-6.276421,21.489947
23.327354,-3.249987,21.484794
24.573904,0.290521,21.485319
25.642884,4.352236,21.485873
26.279382,8.948418,21.487328
26.102168,14.010559,21.492602
25.499979,20.222125,21.488347
23.493089,26.215429,21.484385
19.565027,31.632888,21.486212
14.748600,36.484368,21.483203
8.558174,40.350862,21.494279
1.563036,42.408611,21.497923
-5.951318,42.776676,21.498457
-13.386740,41.726983,21.493710
-20.765928,39.405130,21.482822
-27.683951,35.930430,21.500541
-33.836061,30.913186,21.499317
-38.703967,24.860880,21.496921
-42.089123,17.681781,21.499408
-43.263224,10.019437,21.490133
-42.472823,2.317696,21.495381
-40.007801,-4.770465,21.501725
-36.495473,-10.935413,21.497219
-32.430886,-16.210919,21.487538
-26.076969,-19.275382,16.746250
-21.758089,-22.558218,16.746026
-17.577201,-24.906738,16.749026
-12.808400,-26.302585,16.742878
-8.251618,-26.743169,16.734530
-4.132199,-26.734981,16.739196
-0.267213,-26.158626,16.749447
3.282368,-25.129841,16.750658
6.250636,-23.803015,16.744194
9.074835,-22.173282,16.741125
11.590600,-20.469788,16.744343
13.865957,-18.457628,16.739751
15.842429,-16.440764,16.744268
17.878239,-14.185800,16.749629
19.642524,-11.983242,16.744001
21.445448,-9.271779,16.738928
22.971582,-6.396204,16.747434
24.359119,-3.209670,16.745604
25.584209,0.496549,16.734817
26.473234,4.529479,16.734084
26.978797,9.279873,16.742366
26.648662,14.467872,16.742078
25.901939,20.535652,16.744319
23.885916,26.902844,16.745593
20.114202,32.525661,16.740505
15.064288,37.603609,16.740665
8.661863,41.731163,16.741733
1.579902,43.762150,16.745959
-6.051735,43.906586,16.750159
-13.490018,42.423680,16.753601
-20.743402,39.484730,16.752476
-27.513070,35.537720,16.735678
-32.892590,30.229510,16.740258
-37.418489,23.780503,16.746709
-40.436864,16.846562,16.738354
-41.189221,9.256635,16.736138
-39.959219,1.968580,16.749198
-37.293989,-4.674802,16.740381
-33.837100,-10.479111,16.733007
-30.083644,-15.294665,16.740126
-23.639523,-17.954375,11.986060
-19.426535,-20.787188,11.984194
-15.150915,-22.584266,11.985991
-11.150794,-23.981259,11.993277
-7.474843,-24.920562,12.001332
-3.673219,-25.154659,12.000507
-0.096737,-24.825579,11.990413
3.212600,-24.115141,11.997449
6.185144,-23.034996,12.005028
9.072712,-21.715324,11.997021
11.702452,-20.367006,11.988105
14.060822,-18.583915,11.999536
16.226617,-16.565471,11.995112
18.407505,-14.566090,11.988434
20.643239,-12.327479,11.995702
22.435196,-9.708708,11.997924
23.978453,-6.700933,11.990202
25.470227,-3.199879,11.990515
26.659399,0.627760,11.988576
27.439152,5.002651,11.984274
27.755155,9.851156,12.002184
27.254801,14.890117,11.993617
26.103345,20.925708,11.996145
23.884172,27.073625,11.998915
20.129238,32.709876,11.988352
14.940170,37.687424,11.996942
8.661271,41.637127,11.996916
1.547469,43.577437,11.999089
-6.100803,43.529890,11.992197
-13.274951,41.811254,11.985107
-20.196248,38.627157,11.995871
-26.646621,34.551242,11.995469
-31.790350,29.011898,11.990512
-35.821149,22.734870,11.989467
-38.503708,15.882310,11.994292
-38.867053,8.678521,11.996645
-37.171866,1.474531,11.986967
-34.380538,-4.682587,11.996075
-31.118303,-9.888742,12.001711
-27.506680,-14.333342,11.994073
-21.191534,-16.643577,7.238257
-17.430002,-19.077729,7.250357
-13.472188,-20.655761,7.251798
-9.889943,-22.117641,7.252129
-6.644578,-23.273870,7.249645
-3.205857,-23.703018,7.242462
0.046274,-23.627369,7.242614
3.072925,-23.226036,7.238532
6.014145,-22.441222,7.241070
8.906227,-21.457508,7.247858
11.759697,-20.389223,7.243945
14.171248,-18.878069,7.241444
16.513268,-16.917082,7.247883
18.909955,-15.029022,7.247763
21.550490,-12.816911,7.243236
23.527359,-9.969966,7.253380
25.052125,-6.865972,7.242517
26.531373,-3.294832,7.234628
27.725243,0.796460,7.235311
28.345729,5.234415,7.232005
28.488769,10.111819,7.234977
27.772911,15.347040,7.243852
26.207448,20.825653,7.239120
23.600257,26.572661,7.240508
19.800780,31.847323,7.248633
14.586835,36.402967,7.237050
8.570011,39.848746,7.248785
1.479679,41.590639,7.251362
-5.668287,41.435607,7.243234
-12.566953,39.736553,7.242009
-19.216738,36.653137,7.243910
-25.213731,32.793588,7.236839
-30.286248,27.552195,7.239873
-34.100409,21.491366,7.245391
-36.322367,14.960644,7.247665
-36.359108,7.824507,7.251992
-34.398277,1.191272,7.251895
-31.489965,-4.634454,7.243134
-28.196549,-9.535344,7.233917
-24.851774,-13.387059,7.231488
-18.980602,-15.467031,2.499579
-15.569220,-17.706290,2.495945
-12.027799,-19.283620,2.487011
-9.035242,-20.683282,2.488612
-5.999835,-21.955243,2.494633
-2.944012,-22.549491,2.490001
0.157710,-22.709311,2.481979
3.068075,-22.555902,2.494765
5.932193,-22.057771,2.499078
8.765073,-21.367601,2.492290
11.754853,-20.532885,2.499510
14.349682,-19.210288,2.495488
16.843099,-17.353969,2.488621
19.535618,-15.438983,2.485325
22.451696,-13.212292,2.484269
24.460070,-10.335003,2.484893
26.123971,-6.823399,2.485125
27.550464,-3.210264,2.482718
28.649107,0.908796,2.489979
29.118629,5.551596,2.504122
29.039916,10.403427,2.498941
28.110726,15.567713,2.490040
26.003897,20.778568,2.484272
22.966749,25.770375,2.484251
19.072734,30.344369,2.488838
13.950654,34.208160,2.494440
8.150296,36.955497,2.499999
1.688635,38.277359,2.498464
-4.923271,38.101235,2.494257
-11.546958,36.588447,2.489977
-17.805444,33.933599,2.486915
-23.417723,30.456800,2.493631
-28.458752,25.882543,2.491482
-32.181101,20.199209,2.488617
-34.025029,13.837876,2.493332
-33.806376,7.040901,2.494441
-31.644677,0.802944,2.485489
-28.804502,-4.514914,2.490751
-25.671840,-8.955006,2.498673
-22.381402,-12.543813,2.500579
-17.228886,-14.536911,-2.250965
-14.214574,-16.681885,-2.256423
-11.141761,-18.376192,-2.258577
-8.362521,-19.854039,-2.251535
-5.674217,-21.076257,-2.254510
-2.629194,-21.871117,-2.266247
0.308458,-22.221111,-2.249207
3.083127,-22.262734,-2.243454
6.026322,-21.986680,-2.250003
8.941667,-21.471570,-2.254928
11.814296,-20.766765,-2.256120
14.713873,-19.541586,-2.260088
17.321737,-17.798291,-2.261531
20.236550,-15.815423,-2.259934
23.165555,-13.596761,-2.259579
25.274675,-10.539202,-2.261638
26.910285,-7.012831,-2.261857
28.331027,-3.200176,-2.253909
29.343646,1.114984,-2.246794
29.624846,5.734159,-2.252797
29.287214,10.529705,-2.262528
28.109456,15.586758,-2.255186
25.615385,20.309432,-2.252230
22.249255,24.516409,-2.253706
18.095948,28.453936,-2.250868
13.233929,31.502827,-2.251826
7.672677,33.533655,-2.258585
1.818732,34.445033,-2.258150
-4.274782,34.240092,-2.256697
-10.270763,33.043134,-2.255368
-16.179896,30.907889,-2.252829
-21.442635,27.839667,-2.264774
-26.466280,23.971488,-2.256602
-30.082577,18.902108,-2.245781
-31.676338,12.752177,-2.253489
-31.332703,6.296663,-2.262949
-29.132389,0.405914,-2.255046
-26.417962,-4.446345,-2.256148
-23.358920,-8.615794,-2.255979
-20.309988,-11.857236,-2.251365
-16.150328,-13.960250,-6.999535
-13.395083,-16.170393,-7.000995
-10.767615,-17.956780,-7.008450
-8.191269,-19.502859,-7.003145
-5.491149,-20.811054,-6.998822
-2.631479,-21.730763,-7.009824
0.148683,-22.239936,-7.009448
3.142799,-22.448953,-6.999376
6.147208,-22.355684,-6.996388
9.111663,-21.909572,-7.004741
12.008662,-21.113329,-7.012569
15.009471,-20.035064,-7.011532
17.871258,-18.321651,-7.013653
20.778278,-16.276392,-7.012953
23.753877,-13.815938,-7.002828
25.820720,-10.718703,-6.999024
27.500107,-7.015835,-7.006534
28.807448,-3.169788,-7.014041
29.652703,1.162904,-7.010874
29.731493,5.755397,-7.004832
29.080843,10.480577,-7.011201
27.655861,15.235856,-7.014019
24.921076,19.535530,-7.013863
21.295885,23.190409,-7.007501
17.099870,26.417024,-7.004520
12.401914,28.874251,-7.013018
7.305487,30.320621,-7.003421
1.855937,30.954754,-6.999711
-3.602405,30.732212,-7.007337
-9.182817,29.737882,-7.008650
-14.568070,28.046405,-7.002701
-19.507949,25.330427,-7.012505
-24.351943,21.970983,-7.016242
-27.930676,17.254789,-7.016019
-29.378863,11.527755,-7.012825
-29.072232,5.715431,-7.004461
-27.101697,0.228809,-7.007947
-24.492018,-4.392875,-7.010806
-21.686220,-8.246200,-7.007919
-18.855364,-11.412376,-7.002833
-15.681477,-13.700197,-11.749582
-13.192930,-15.993528,-11.755500
-10.825097,-17.911863,-11.750671
-8.290136,-19.598622,-11.754598
-5.576011,-20.984677,-11.761979
-2.718860,-22.041856,-11.759978
0.084833,-22.693599,-11.764509
3.108842,-23.023824,-11.761525
6.167505,-23.068828,-11.761783
9.334188,-22.605531,-11.762701
12.385490,-21.570031,-11.749248
15.439185,-20.533246,-11.743807
18.516185,-18.804825,-11.760519
21.349394,-16.616709,-11.763317
24.007878,-14.032263,-11.745946
26.113127,-10.748785,-11.746828
27.682827,-7.183447,-11.749358
28.889843,-3.129510,-11.755004
29.503904,1.061166,-11.753883
29.358307,5.625290,-11.745299
28.393344,10.094808,-11.747221
26.703825,14.540187,-11.751090
23.837795,18.497415,-11.758313
20.291080,21.671448,-11.760385
16.232095,24.425805,-11.755319
11.783499,26.504595,-11.751043
6.851049,27.699918,-11.746953
1.955124,28.162815,-11.755320
-3.106752,27.947000,-11.758309
-8.125019,27.093036,-11.749054
-13.142777,25.576017,-11.749128
-17.894713,22.997945,-11.762856
-22.212012,19.942875,-11.759873
-25.567199,15.743294,-11.756551
-27.126593,10.514784,-11.756076
-26.943754,5.096800,-11.750486
-25.326466,-0.076311,-11.761364
-23.002173,-4.398385,-11.753947
-20.519254,-8.039849,-11.743960
-18.097883,-11.094901,-11.743746
-15.539746,-13.607179,-16.514514
-13.319174,-15.965639,-16.504658
-10.943442,-18.174912,-16.504325
-8.435628,-19.951209,-16.499710
-5.706001,-21.384372,-16.500260
-2.853056,-22.538366,-16.511176
0.122820,-23.332454,-16.501017
3.168521,-23.741362,-16.499910
6.424681,-23.846704,-16.510159
9.609737,-23.365451,-16.512791
12.650321,-22.220526,-16.503260
15.832933,-21.003269,-16.498284
18.931600,-19.260213,-16.495959
21.636639,-16.923967,-16.496949
24.027078,-14.065918,-16.497646
26.045336,-10.740500,-16.495708
27.537793,-7.147472,-16.510339
28.505492,-3.215384,-16.511949
28.881838,0.988498,-16.510987
28.487507,5.339390,-16.513089
27.227918,9.533806,-16.497929
25.358955,13.502607,-16.504712
22.563989,17.056982,-16.505171
19.118979,20.031987,-16.505040
15.314200,22.498571,-16.507564
11.000646,24.366906,-16.499711
6.578254,25.376524,-16.511405
1.892153,25.795682,-16.512961
-2.635272,25.604121,-16.506531
-7.428713,24.757040,-16.508060
-11.899420,23.313728,-16.513309
-16.165928,20.984221,-16.509561
-20.101803,17.857510,-16.501714
-23.168382,14.056371,-16.501583
-24.891394,9.358606,-16.504944
-24.851159,4.472335,-16.507084
-23.700298,-0.254795,-16.515036
-21.861285,-4.396391,-16.503697
-19.811836,-7.900820,-16.501384
-17.685682,-10.967842,-16.511991
-15.452256,-13.538238,-21.248684
-13.389834,-16.036264,-21.253966
-11.137844,-18.373906,-21.253080
-8.672910,-20.218410,-21.249799
-5.952291,-21.690116,-21.252459
-2.977569,-22.971527,-21.259603
-0.017157,-23.849637,-21.259589
3.181242,-24.349684,-21.259988
6.431383,-24.465027,-21.265138
9.783620,-23.997373,-21.263030
12.972805,-22.814251,-21.249427
16.031326,-21.346070,-21.252417
19.085653,-19.504831,-21.260776
21.723767,-16.941512,-21.265969
23.776328,-13.836078,-21.265773
25.595445,-10.614151,-21.260889
26.951444,-7.001099,-21.262049
27.646774,-3.206775,-21.263374
27.751067,0.814022,-21.255105
27.156371,4.775481,-21.248013
25.675589,8.675317,-21.258498
23.627875,12.312297,-21.263279
20.959378,15.500753,-21.256045
17.817888,18.254897,-21.248702
14.331812,20.529236,-21.250775
10.342020,22.197751,-21.257232
6.286240,23.158373,-21.255575
1.983329,23.563601,-21.253183
-2.335385,23.380709,-21.260045
-6.581791,22.585631,-21.266918
-10.804503,21.093341,-21.263153
-14.698039,18.864960,-21.263323
-17.936269,15.813566,-21.261394
-20.685656,12.405435,-21.258498
-22.591689,8.255741,-21.258779
-22.700045,3.739060,-21.257211
-21.959084,-0.517921,-21.247846
-20.805471,-4.359334,-21.249480
-19.222055,-7.876672,-21.251131
-17.369419,-10.913466,-21.248256
-15.168571,-13.361906,-26.003407
-13.267572,-15.930969,-26.014884
-11.144659,-18.329790,-26.016928
-8.634925,-20.294883,-26.007617
-5.958434,-21.778475,-25.999494
-3.043067,-23.085744,-26.000997
0.007641,-24.045497,-26.004185
3.160541,-24.577074,-25.997653
6.504400,-24.668701,-26.002292
9.818627,-24.216138,-26.009354
13.110866,-23.057567,-25.998211
16.116667,-21.305215,-26.005593
19.022466,-19.311575,-26.004806
21.390428,-16.627056,-26.007265
23.046485,-13.522253,-26.015006
24.715074,-10.301260,-26.006969
25.812804,-6.837923,-26.004224
26.236995,-3.226286,-25.999847
26.075347,0.554660,-26.001318
25.263755,4.241141,-26.005301
23.792960,7.567866,-25.999422
21.776378,10.766579,-26.008426
19.354990,13.663750,-26.004103
16.464110,16.326347,-25.994059
13.315969,18.408925,-26.000978
9.687913,19.914185,-26.012814
6.020404,20.835153,-26.008107
2.120142,21.234194,-26.010719
-1.954098,21.079056,-26.007528
-5.796812,20.325495,-25.999037
-9.600463,18.858681,-26.004438
-13.108634,16.762341,-26.004590
-15.817800,13.776953,-26.008188
-18.289532,10.653741,-26.015741
-20.177255,7.133547,-26.013001
-20.436481,3.170178,-26.004289
-20.003700,-0.729214,-26.014440
-19.402398,-4.312640,-26.006992
-18.386636,-7.641110,-25.995664
-16.896928,-10.646960,-25.995388
-14.380349,-13.064374,-30.749142
-12.697625,-15.483061,-30.755151
-10.710706,-17.848556,-30.748584
-8.344351,-19.805983,-30.757420
-5.668131,-21.352597,-30.763981
-2.996499,-22.593102,-30.748075
0.060415,-23.591974,-30.749995
3.232994,-24.138407,-30.753616
6.443589,-24.176757,-30.755846
9.640524,-23.733990,-30.753478
12.949277,-22.651930,-30.747411
15.752048,-20.836259,-30.761578
18.385593,-18.701762,-30.754578
20.377018,-16.071198,-30.751554
21.787998,-13.002799,-30.762899
23.210553,-9.973816,-30.756775
24.036046,-6.593783,-30.758256
24.196455,-3.238929,-30.755988
23.840337,0.091337,-30.749619
22.940967,3.319139,-30.748736
21.490996,6.341072,-30.751559
19.636462,9.129927,-30.750325
17.543288,11.747759,-30.756992
15.055214,14.187556,-30.762141
12.156658,16.118688,-30.755062
9.064949,17.416323,-30.747535
5.561763,18.331412,-30.748328
2.100504,18.687649,-30.756580
-1.391372,18.558531,-30.757771
-4.926328,17.842395,-30.755196
-8.282091,16.466782,-30.762438
-11.374157,14.549322,-30.766641
-13.639926,11.778348,-30.763352
-15.803366,8.988574,-30.757204
-17.610034,5.935290,-30.750215
-17.955757,2.422099,-30.750858
-17.745973,-1.054804,-30.765488
-17.494726,-4.256938,-30.756186
-16.906919,-7.421287,-30.742643
-15.843493,-10.333346,-30.742099
-12.956987,-12.249962,-35.513145
-11.411896,-14.508455,-35.498731
-9.572444,-16.701667,-35.507091
-7.517009,-18.497594,-35.515996
-5.088144,-20.012798,-35.508917
-2.510617,-21.239400,-35.501322
0.203754,-22.126858,-35.508707
3.140404,-22.642229,-35.509409
6.104663,-22.639313,-35.502843
9.186887,-22.218341,-35.500447
12.164715,-21.394331,-35.504984
14.829130,-19.614331,-35.509700
17.033684,-17.401922,-35.508656
18.679580,-14.813480,-35.504023
19.891140,-12.079294,-35.503320
21.065995,-9.219658,-35.508921
21.502276,-6.284045,-35.509175
21.453034,-3.293737,-35.503654
20.966271,-0.368505,-35.508128
20.045902,2.341835,-35.513643
18.782716,4.903495,-35.500262
17.179791,7.262751,-35.499004
15.439018,9.683854,-35.513189
13.421857,11.859449,-35.510245
10.933116,13.501256,-35.500563
8.187072,14.648287,-35.512338
5.200108,15.466618,-35.499709
2.248423,15.792899,-35.504153
-0.855427,15.683432,-35.507058
-3.987002,15.025678,-35.498430
-6.836703,13.795102,-35.505058
-9.458823,12.114141,-35.507225
-11.373620,9.577597,-35.512397
-13.183361,7.175248,-35.511165
-14.776315,4.589203,-35.501626
-15.169159,1.479904,-35.499405
-15.121901,-1.373911,-35.509670
-15.063548,-4.221636,-35.512027
-14.799202,-6.962630,-35.514060
-14.129534,-9.642080,-35.518484
-10.545732,-10.888853,-40.254543
-9.181476,-12.825466,-40.256485
-7.608333,-14.600137,-40.252737
-5.851662,-16.185928,-40.248776
-3.886490,-17.510074,-40.252059
-1.752220,-18.538296,-40.260692
0.593341,-19.300616,-40.264306
3.030633,-19.729393,-40.262577
5.582989,-19.689087,-40.257454
8.143889,-19.365333,-40.253596
10.840265,-18.792731,-40.254611
13.044704,-17.296057,-40.255681
14.717898,-15.201929,-40.251771
15.962224,-12.967093,-40.252460
17.066761,-10.642152,-40.257770
17.912664,-8.324037,-40.256878
18.060085,-5.873456,-40.255544
17.893214,-3.392870,-40.253190
17.445934,-1.082157,-40.254464
16.617615,1.145859,-40.259569
15.637585,3.192944,-40.259310
14.306266,5.145950,-40.252491
13.077964,7.183810,-40.246774
11.547065,9.084662,-40.250730
9.448861,10.421383,-40.260382
7.180723,11.384532,-40.260587
4.807113,12.063725,-40.249549
2.262073,12.354818,-40.254466
-0.311295,12.244631,-40.264245
-2.803754,11.685189,-40.264744
-5.151451,10.627436,-40.261327
-7.295295,9.190881,-40.254077
-8.769397,7.122689,-40.259022
-10.226558,5.104255,-40.266089
-11.487015,3.028781,-40.261855
-11.884828,0.566079,-40.252030
-11.950935,-1.800125,-40.251962
-11.998343,-4.160600,-40.251212
-11.887397,-6.449835,-40.250377
-11.421776,-8.799602,-40.251812
-6.744352,-8.917400,-45.001872
-5.771388,-10.206098,-45.007465
-4.535122,-11.345253,-45.001848
-3.270917,-12.458927,-44.998744
-1.925327,-13.459665,-45.005994
-0.405816,-14.190279,-45.010180
1.193100,-14.711759,-45.001457
2.924953,-15.008256,-45.007852
4.737785,-14.946363,-45.011649
6.559666,-14.761446,-45.003753
8.502673,-14.518220,-45.002348
10.090473,-13.476022,-45.002903
11.134031,-11.805981,-45.005420
11.944346,-10.181160,-45.005916
12.813158,-8.652506,-45.005255
13.369139,-6.984819,-45.006867
13.310230,-5.175687,-45.001815
13.137231,-3.558975,-45.001653
12.829917,-1.919500,-45.004086
12.263574,-0.402615,-45.003604
11.646049,1.087725,-45.005460
10.741187,2.418747,-45.000793
10.026491,3.949887,-45.004764
9.047579,5.512013,-45.010015
7.583229,6.409799,-45.004365
5.915851,7.132743,-45.003856
4.165112,7.636460,-45.010003
2.426654,7.845801,-45.008438
0.528642,7.775265,-45.002243
-1.236011,7.354445,-45.001939
-2.877676,6.549337,-45.007352
-4.376535,5.496274,-45.012526
-5.479153,3.979268,-45.010445
-6.483969,2.525255,-45.005845
-7.316667,1.009006,-45.005446
-7.638566,-0.728680,-45.008482
-7.763268,-2.404192,-45.009701
-7.822953,-4.011238,-45.011497
-7.742001,-5.707570,-45.008369
-7.429753,-7.306527,-45.002230
2.623653,-3.523657,-49.756577
-4.338509,-16.003591,45.243424
-1.800239,-15.525733,45.243423
-0.029139,-15.009165,45.243423
1.240474,-14.542223,45.243423
2.144967,-14.155384,45.243423
2.811761,-13.839670,45.243423
3.467756,-13.502198,45.243424
3.898639,-13.265093,45.243424
4.429496,-12.955084,45.243424
4.743652,-12.761800,45.243424
5.157167,-12.495582,45.243423
5.564244,-12.219621,45.243423
5.964525,-11.933891,45.243423
6.454741,-11.562944,45.243423
6.932951,-11.176626,45.243423
7.580643,-10.609813,45.243423
8.287313,-9.925546,45.243423
9.117539,-9.018302,45.243423
10.175962,-7.659816,45.243423
11.349876,-5.781946,45.243423
12.619780,-2.979274,45.243423
13.577927,0.588548,45.243423
13.893958,5.132303,45.243423
13.085432,10.128108,45.243423
10.787409,14.897176,45.243423
7.215255,18.483595,45.243423
2.600132,20.811141,45.243423
-2.455208,21.929073,45.243423
-7.988937,22.030256,45.243423
-13.442088,21.033968,45.243423
-18.606507,18.670106,45.243423
-22.602563,14.667219,45.243423
-24.959607,9.498662,45.243423
-25.650565,3.870655,45.243423
-24.896433,-1.619588,45.243423
-22.848131,-6.639144,45.243424
-19.812697,-10.670122,45.243424
-16.003095,-13.620317,45.243423
-11.742546,-15.413335,45.243424
-6.337487,-15.335730,41.046869
-4.184133,-15.882617,41.045084
-1.851332,-15.551492,41.056622
0.013267,-14.936551,41.051666
1.254278,-14.434434,41.048933
2.173058,-13.966181,41.051347
2.919366,-13.425053,41.051662
3.448646,-12.934378,41.050498
3.811928,-12.565504,41.049924
4.099562,-12.268168,41.050089
4.386519,-11.971948,41.050860
4.600361,-11.749320,41.051605
4.812170,-11.525181,41.052295
5.090092,-11.222242,41.052824
5.294211,-10.990758,41.052722
5.494137,-10.755281,41.052215
5.753754,-10.435298,41.051139
6.066271,-10.026040,41.049598
6.422402,-9.521984,41.048197
6.865937,-8.828687,41.047502
7.373922,-7.928978,41.048405
8.003913,-6.517885,41.050488
8.455951,-4.739437,41.046553
8.768001,-2.213129,41.043309
7.997786,-0.380567,41.045602
6.688861,0.937064,41.047630
5.424886,5.260601,41.051537
2.884293,8.949064,41.045136
-0.855794,13.033447,41.051386
-5.644004,15.397901,41.050448
-10.828235,16.166668,41.045992
-16.001283,15.222448,41.055131
-20.228625,12.390487,41.051787
-23.063859,8.207629,41.055014
-23.552421,2.837176,41.048618
-23.489322,-2.073441,41.056052
-21.488461,-6.784143,41.043174
-19.829509,-10.706932,41.038089
-12.073344,-12.901938,41.048376
-8.533417,-14.289891,41.054529
-6.584432,-15.490456,36.862137
-2.970515,-14.942866,36.860688
-0.480776,-14.123408,36.862744
1.197589,-13.204473,36.862068
2.283112,-12.303285,36.862204
2.860413,-11.733233,36.861807
3.211077,-11.366655,36.861131
3.418890,-11.144961,36.860521
3.556393,-10.996553,36.860044
3.624809,-10.922138,36.859791
3.760928,-10.772838,36.859263
3.828616,-10.697936,36.858993
3.896046,-10.622853,36.858720
3.963210,-10.547581,36.858449
4.096706,-10.396429,36.857913
4.163022,-10.320531,36.857654
4.229041,-10.244407,36.857403
4.360151,-10.091442,36.856931
4.554380,-9.860065,36.856333
4.745495,-9.626151,36.855912
5.117536,-9.149754,36.855801
5.761574,-8.245975,36.857961
6.844478,-6.425614,36.864208
8.257199,-2.969979,36.859004
8.843541,1.318425,36.852570
7.994619,5.398803,36.855175
5.904896,8.771483,36.852301
2.792138,12.142483,36.857461
-1.124367,14.424138,36.854048
-5.681241,15.694764,36.862184
-10.709086,15.887715,36.853862
-15.603628,14.710380,36.858677
-19.769511,11.923994,36.859018
-22.685235,7.925580,36.852529
-24.144414,3.058626,36.860248
-23.561853,-2.064702,36.858771
-22.594408,-6.607774,36.847580
-17.183648,-10.582366,36.848593
-12.939927,-13.072379,36.860162
-9.647654,-14.676791,36.854733
-22.630750,-4.806620,32.656451
-21.187478,-7.036693,32.656539
-19.380930,-8.979381,32.666381
-17.306392,-10.638670,32.672428
-15.029754,-12.001738,32.665461
-12.570978,-13.002694,32.657647
-9.987660,-13.610870,32.664255
-7.340844,-13.844832,32.665998
-4.592267,-13.627472,32.660028
-2.022191,-12.943715,32.655324
0.367224,-11.789569,32.655686
2.432032,-10.123503,32.660926
4.230515,-8.164489,32.662529
5.717248,-6.098608,32.657267
6.940513,-3.862454,32.657502
7.923918,-1.397427,32.669486
8.573870,1.065711,32.660903
8.909021,3.594493,32.663271
8.869008,6.242966,32.666432
8.473116,8.872551,32.656154
7.721716,11.530892,32.664102
6.252300,13.855017,32.658568
4.338653,15.872531,32.657139
2.156419,17.548012,32.666873
-0.321549,18.772906,32.671584
-2.859771,19.548592,32.668015
-5.486118,19.935805,32.662214
-8.138818,19.905419,32.664607
-10.657066,19.498622,32.664892
-13.179356,18.679676,32.663202
-15.455408,17.532603,32.668244
-17.612787,16.176334,32.659502
-19.594475,14.578190,32.657924
-21.454066,12.681587,32.662740
-23.027226,10.546069,32.664502
-24.196309,8.158610,32.661704
-24.862159,5.480504,32.657095
-24.844047,2.829914,32.659420
-24.421044,0.189831,32.661176
-23.697566,-2.375181,32.659375
-23.129339,-2.014579,28.478332
-22.228483,-4.806059,28.472654
-20.584733,-7.149897,28.477095
-18.416303,-8.961649,28.481741
-16.003903,-10.607548,28.477129
-13.204103,-11.776416,28.471338
-10.306061,-11.652706,28.465018
-7.501257,-11.722449,28.470680
-4.601784,-11.595136,28.471037
-1.903149,-10.796824,28.466464
0.583945,-9.509155,28.466594
2.786748,-7.774984,28.463764
4.667846,-5.695759,28.464794
6.159752,-3.456854,28.471731
7.338211,-1.037868,28.476532
8.166386,1.404249,28.472536
8.723296,4.032329,28.472596
9.022740,6.601656,28.475593
8.949076,9.279947,28.473407
8.617659,12.065870,28.467107
8.467745,15.073047,28.470573
6.903083,17.501812,28.470850
4.912511,19.593873,28.465279
2.661384,21.565921,28.463503
0.082930,22.947395,28.468651
-2.573531,23.835906,28.467896
-5.443803,24.347494,28.473481
-8.354302,24.319135,28.471481
-11.117871,23.817543,28.474554
-13.732426,22.827724,28.475405
-16.157864,21.416639,28.467917
-18.347677,19.857061,28.472426
-20.329591,18.037290,28.479306
-22.076740,16.001435,28.470127
-23.647164,13.767321,28.461801
-24.738182,11.204286,28.464707
-25.029702,8.532644,28.474417
-25.301226,5.838910,28.478314
-24.976273,3.127467,28.480168
-24.023529,0.472073,28.481215
-23.175244,0.545812,24.273903
-22.456103,-2.267973,24.281697
-20.897423,-4.867842,24.280448
-18.625998,-6.861438,24.275903
-16.183512,-8.594903,24.273518
-13.434704,-9.824844,24.268002
-10.362268,-9.668137,24.281771
-7.485078,-9.647297,24.275907
-4.503521,-9.548618,24.276661
-1.741307,-8.733214,24.283783
0.910527,-7.347049,24.275880
3.242203,-5.661050,24.282459
5.125671,-3.647802,24.281438
6.680516,-1.222741,24.276724
7.802449,1.298223,24.277320
8.562490,3.951965,24.276735
8.984092,6.559902,24.274623
9.209738,9.202352,24.279488
9.097939,11.949219,24.284690
8.812565,14.699684,24.281351
8.595934,17.770694,24.281651
7.083002,20.217692,24.281508
5.154784,22.422167,24.282296
2.850031,24.463413,24.277373
0.341989,25.886742,24.276388
-2.463230,26.919387,24.283360
-5.387428,27.544513,24.270674
-8.374144,27.618475,24.269485
-11.226637,27.219806,24.278115
-14.057392,26.273882,24.281115
-16.587856,24.901610,24.281909
-18.901035,23.195132,24.284368
-20.829446,21.217914,24.277918
-22.454546,18.857513,24.282523
-23.844759,16.427947,24.282638
-24.757309,13.847599,24.277451
-24.952114,11.100380,24.276523
-25.345060,8.340319,24.272506
-25.149279,5.686586,24.268444
-24.135683,3.095264,24.268813
-22.861780,2.290619,20.084867
-21.780252,-0.226711,20.090627
-20.048596,-2.604113,20.089447
-17.912129,-4.513730,20.081645
-15.544872,-6.093486,20.081338
-12.829615,-7.284829,20.090169
-10.041626,-7.866267,20.081349
-7.082939,-8.055478,20.072674
-4.123442,-7.835720,20.083634
-1.386488,-7.072986,20.093310
1.253819,-5.717953,20.083265
3.653630,-4.168518,20.083987
5.744764,-2.083757,20.088580
7.275890,0.332220,20.085924
8.375786,2.958333,20.083886
9.044859,5.610841,20.091839
9.397114,8.322257,20.090722
9.532482,11.054968,20.088463
9.436255,13.672034,20.086837
9.044222,16.380239,20.083844
8.285259,19.126319,20.087574
6.997067,21.668007,20.093661
5.104523,23.946584,20.081692
2.909252,25.768350,20.080622
0.452199,27.207231,20.085161
-2.311954,28.279951,20.084917
-5.088707,28.919109,20.094376
-8.044577,29.119006,20.080437
-10.884120,28.865593,20.084357
-13.754676,28.129747,20.093302
-16.350538,26.952052,20.082003
-18.783230,25.258487,20.078855
-20.794035,23.240152,20.091491
-22.436981,20.906331,20.084287
-23.584787,18.302490,20.078556
-24.236905,15.529391,20.093014
-24.654475,12.832132,20.092004
-25.062788,10.103822,20.088656
-24.919393,7.430318,20.086178
-23.998317,4.850102,20.083444
-22.403040,3.034998,15.885684
-20.629968,0.859138,15.888739
-18.901124,-1.210267,15.889959
-16.906180,-3.016557,15.887310
-14.597187,-4.402072,15.888328
-12.163448,-5.566944,15.894850
-9.492375,-6.786094,15.895890
-6.636671,-7.166183,15.889263
-3.809857,-6.879657,15.891465
-0.992661,-6.185399,15.898175
1.650564,-4.940016,15.889101
4.177184,-3.458540,15.888391
6.312592,-1.486073,15.898670
7.872571,0.861525,15.896145
9.019586,3.543173,15.881531
9.702894,6.265808,15.882205
10.026100,8.941915,15.884970
10.089522,11.629166,15.887481
9.959195,14.334692,15.887366
9.351142,17.054604,15.886563
8.131128,19.460205,15.891858
6.882308,21.980025,15.897699
5.125663,24.012985,15.893391
2.918513,25.775403,15.892071
0.519672,27.214189,15.889503
-2.087137,28.265757,15.883158
-4.702659,28.915200,15.885219
-7.495059,29.196871,15.889459
-10.411503,29.058049,15.892329
-13.165232,28.509985,15.894011
-15.898431,27.481766,15.893082
-18.380188,25.933893,15.885617
-20.494273,23.947195,15.890267
-22.266639,21.722587,15.897724
-23.488359,19.089802,15.895675
-23.698076,16.177293,15.896929
-24.275980,13.542905,15.893150
-24.591955,10.765362,15.891039
-24.359881,8.054471,15.889592
-23.651595,5.418239,15.886547
-21.886525,2.495795,11.691067
-19.902079,0.538707,11.706751
-18.233764,-1.405691,11.697092
-16.277544,-3.211327,11.688229
-13.986043,-4.589942,11.693996
-11.575062,-5.746221,11.698741
-8.994605,-6.815061,11.690902
-6.146728,-7.156943,11.702280
-3.355489,-6.883880,11.704014
-0.643803,-6.298573,11.689265
2.063544,-5.275549,11.697437
4.593290,-3.865046,11.706194
6.788259,-1.981861,11.696126
8.517148,0.340329,11.692111
9.720813,2.850298,11.699688
10.543523,5.624322,11.696151
10.933149,8.380922,11.696296
10.938305,11.155291,11.704901
10.647544,13.940458,11.703182
9.871779,16.474737,11.698030
8.393591,18.838832,11.706247
6.953245,21.091196,11.695037
5.171328,23.075919,11.689442
3.091684,24.762849,11.687849
0.821013,26.163566,11.692173
-1.734816,27.265933,11.700066
-4.317666,27.948394,11.693611
-7.081402,28.271320,11.693362
-9.863359,28.206925,11.701868
-12.608295,27.749273,11.705000
-15.351313,26.823923,11.697127
-17.870293,25.392965,11.698862
-20.057389,23.511172,11.703247
-21.915242,21.273433,11.699539
-23.297364,18.721360,11.692865
-23.712715,15.866132,11.691290
-23.984037,13.094451,11.699874
-23.906026,10.339742,11.704889
-23.618194,7.615153,11.698810
-23.111221,4.916318,11.688496
-21.303695,1.174831,7.505709
-19.414847,-0.845522,7.514042
-17.707674,-2.742811,7.511959
-15.757816,-4.526108,7.513134
-13.501861,-5.947146,7.513464
-10.969410,-7.049558,7.506122
-8.381836,-7.650057,7.505430
-5.616833,-7.865721,7.497893
-2.978890,-7.650945,7.500805
-0.254712,-7.133447,7.513710
2.422131,-6.440582,7.510608
4.916035,-5.021622,7.505011
7.158726,-3.195836,7.510653
9.048500,-1.039617,7.511399
10.470393,1.467276,7.508384
11.441277,4.175920,7.510866
11.943226,7.011965,7.498486
11.877478,9.880883,7.506426
11.374410,12.617047,7.507986
10.340597,15.167209,7.497954
8.759834,17.445917,7.503318
7.143957,19.551168,7.511851
5.415508,21.417563,7.516201
3.373796,23.115751,7.512087
1.120214,24.522432,7.504354
-1.301917,25.611711,7.502469
-3.860640,26.323546,7.506639
-6.495616,26.662420,7.511474
-9.262097,26.636139,7.509957
-11.996755,26.215080,7.504985
-14.733318,25.320768,7.509488
-17.255884,23.943539,7.508076
-19.500296,22.126057,7.504823
-21.336139,19.924834,7.502334
-22.730510,17.409713,7.498114
-23.805676,14.704272,7.508599
-23.493172,11.766386,7.514680
-23.060069,8.931204,7.515698
-22.834953,6.337968,7.511856
-22.404760,3.646371,7.505602
-20.390807,-0.365262,3.314152
-18.757658,-2.544931,3.309891
-16.975385,-4.478904,3.317988
-15.009170,-6.190413,3.316743
-12.798805,-7.632086,3.309276
-10.269730,-8.621233,3.312328
-7.652732,-8.766068,3.307220
-5.021125,-8.919343,3.312023
-2.433786,-8.770362,3.313202
0.166072,-8.331558,3.304989
2.944128,-7.816740,3.304948
5.243363,-6.353477,3.319454
7.490686,-4.577280,3.321357
9.490449,-2.584555,3.318779
11.051162,-0.204546,3.318057
12.155584,2.411910,3.311908
12.763895,5.300310,3.308934
12.634461,8.132802,3.315245
11.892879,10.881157,3.321434
10.718091,13.341618,3.319059
9.186178,15.601966,3.313695
7.527584,17.630195,3.315936
5.784566,19.439121,3.319720
3.773226,21.115449,3.316277
1.651070,22.460466,3.310423
-0.724111,23.568101,3.315778
-3.244135,24.283127,3.317572
-5.843384,24.627878,3.311048
-8.572889,24.615197,3.305080
-11.269434,24.190456,3.307161
-13.859239,23.325179,3.313189
-16.363974,21.992781,3.320946
-18.593082,20.213741,3.311984
-20.364700,18.028776,3.303165
-21.855078,15.577780,3.312904
-23.174707,12.998633,3.321503
-22.897084,10.026111,3.305635
-22.370179,7.235804,3.301589
-21.985791,4.624007,3.307757
-21.402891,2.033551,3.313498
-18.759781,-1.705017,-0.872166
-17.501843,-3.901533,-0.877906
-15.855039,-5.808042,-0.885699
-13.901882,-7.406217,-0.889243
-11.697703,-8.872825,-0.887998
-9.356013,-9.797341,-0.886873
-6.728523,-9.744187,-0.885978
-4.199542,-9.942292,-0.890315
-1.707202,-9.896009,-0.884279
0.806607,-9.471701,-0.876026
3.363851,-8.930450,-0.881324
5.617910,-7.380474,-0.876502
7.688452,-5.723428,-0.884747
9.672745,-3.857135,-0.883013
11.275311,-1.633480,-0.872522
12.440053,0.845210,-0.875258
13.110123,3.611325,-0.876738
12.967821,6.344473,-0.885326
12.056962,9.036670,-0.888002
10.855282,11.381826,-0.884729
9.503585,13.636381,-0.885343
7.922650,15.604907,-0.882866
6.202139,17.314210,-0.879406
4.243251,18.905093,-0.876615
2.196751,20.198380,-0.875253
-0.094726,21.262407,-0.875986
-2.527071,21.935387,-0.872363
-5.031157,22.282575,-0.880870
-7.660731,22.282100,-0.886174
-10.255566,21.848935,-0.881176
-12.749864,21.007224,-0.880117
-15.164595,19.719828,-0.875649
-17.260594,17.960402,-0.877316
-18.991890,15.838754,-0.877486
-20.367284,13.475448,-0.878231
-21.381684,10.929019,-0.879448
-21.927102,8.238607,-0.874430
-21.642854,5.532283,-0.872781
-20.846969,3.004633,-0.872695
-19.855878,0.569637,-0.871278
-16.010094,-2.199832,-5.081204
-15.131370,-4.268647,-5.072462
-13.728519,-6.080314,-5.078807
-11.861661,-7.513765,-5.076782
-9.929842,-8.811230,-5.066635
-7.798085,-9.754540,-5.081696
-5.496699,-10.085631,-5.076605
-3.189754,-10.462194,-5.065336
-0.783288,-10.605726,-5.072801
1.614878,-10.144244,-5.081701
3.860901,-9.230076,-5.066254
5.912042,-7.764674,-5.064765
7.736662,-6.156917,-5.064450
9.434048,-4.424222,-5.068995
10.933637,-2.395859,-5.081732
12.081274,-0.037039,-5.083606
12.734417,2.406972,-5.072436
12.658652,4.930773,-5.077862
11.786146,7.400457,-5.082064
10.649484,9.549925,-5.072293
9.492040,11.682749,-5.068334
8.083663,13.533060,-5.077312
6.466399,15.081743,-5.078114
4.613443,16.490828,-5.070625
2.705791,17.650725,-5.079341
0.580650,18.606591,-5.075218
-1.574564,19.180175,-5.073413
-3.875556,19.563863,-5.078613
-6.297588,19.621582,-5.074890
-8.702238,19.282482,-5.068117
-11.117079,18.540499,-5.072944
-13.327765,17.332837,-5.075341
-15.247429,15.686639,-5.065576
-16.866302,13.738903,-5.072924
-17.807264,11.428884,-5.078290
-18.617385,9.105005,-5.077275
-19.593170,6.752486,-5.075587
-19.687566,4.186754,-5.077911
-18.705351,1.829251,-5.082914
-17.252633,-0.239526,-5.085365
-11.814655,-1.728533,-9.266234
-11.137538,-3.513633,-9.272568
-9.895022,-4.840815,-9.262826
-8.445794,-5.987337,-9.258685
-6.945575,-7.008015,-9.262907
-5.313010,-8.004389,-9.265273
-3.574762,-9.300643,-9.263602
-1.482356,-10.252689,-9.264220
0.701893,-10.514524,-9.260829
2.910225,-9.953607,-9.262088
4.703697,-8.570131,-9.274392
6.357186,-7.155905,-9.265561
7.803062,-5.574313,-9.260022
9.025254,-3.882940,-9.266774
10.136976,-2.134201,-9.271270
10.956138,-0.227921,-9.267583
11.530672,1.860616,-9.263100
11.602185,3.934311,-9.263662
11.031670,6.016496,-9.267911
10.127681,7.796030,-9.271996
9.167744,9.544632,-9.274202
7.984302,11.145528,-9.268514
6.580553,12.442456,-9.267878
5.017510,13.541235,-9.270015
3.381296,14.525252,-9.261209
1.637919,15.305842,-9.270820
-0.185885,15.868550,-9.269084
-2.204874,16.362914,-9.263716
-4.265490,16.569861,-9.271128
-6.427444,16.471895,-9.270743
-8.535753,16.005525,-9.266140
-10.525605,14.979119,-9.272979
-12.244959,13.531910,-9.272771
-13.703248,11.809055,-9.271784
-14.154518,9.474953,-9.267004
-14.630706,7.432924,-9.260578
-15.288536,5.381335,-9.259129
-15.136939,3.316115,-9.269012
-14.005116,1.375933,-9.270827
-12.645425,-0.215891,-9.264366
-6.580406,-1.254993,-13.456397
-5.904050,-2.303286,-13.460173
-5.142850,-3.216573,-13.465037
-4.304903,-4.147233,-13.464075
-3.414833,-5.028992,-13.462580
-2.370601,-6.126275,-13.463891
-1.232421,-8.006843,-13.463520
0.449749,-9.595894,-13.462904
2.421708,-10.044499,-13.462209
4.269252,-9.394427,-13.459771
5.656664,-7.904305,-13.459935
6.841571,-6.455139,-13.465916
7.750906,-4.871379,-13.468407
8.406483,-3.345238,-13.462286
8.992426,-1.878275,-13.456888
9.375879,-0.415977,-13.466181
9.687109,1.073426,-13.461260
9.835714,2.574353,-13.456449
9.688085,4.088247,-13.464822
9.275004,5.552271,-13.457459
8.444396,6.811542,-13.465870
7.426701,7.937985,-13.460508
6.318126,8.869345,-13.460127
5.200147,9.688740,-13.455540
4.028380,10.419559,-13.456479
2.755468,11.116063,-13.463819
1.424865,11.842013,-13.457049
-0.107069,12.442347,-13.452419
-1.768270,12.865829,-13.456665
-3.667094,13.116126,-13.460948
-5.570338,12.946538,-13.460179
-7.302215,12.124077,-13.463843
-8.737844,10.779091,-13.455338
-9.797236,9.219418,-13.460965
-9.939122,7.182641,-13.463062
-9.270597,5.148660,-13.456377
-8.801785,3.509448,-13.457097
-8.368818,2.129229,-13.458218
-7.758329,0.890314,-13.457841
-7.140413,-0.205862,-13.456881
-3.955512,-2.636012,-17.654714
-3.467919,-3.374204,-17.654652
-2.907645,-4.009362,-17.654501
-2.178208,-4.512583,-17.655092
-1.307364,-4.754276,-17.657167
-0.551658,-5.124983,-17.657258
0.127593,-6.408117,-17.652153
1.154650,-7.830408,-17.648430
2.735252,-9.470554,-17.652422
4.402589,-9.663518,-17.655242
5.781903,-8.815098,-17.645162
6.604351,-7.326656,-17.654309
7.032275,-5.728811,-17.659948
7.100559,-4.178321,-17.659334
7.305919,-2.963906,-17.655884
7.383666,-1.885183,-17.654480
7.640636,-0.816123,-17.657825
7.832149,0.183118,-17.655051
7.546565,1.265682,-17.659213
7.054388,2.204223,-17.654162
6.515312,3.065831,-17.653395
5.929767,3.796786,-17.653454
5.257313,4.568963,-17.654260
4.647307,5.350051,-17.655967
3.925710,6.244025,-17.657821
3.049989,7.016899,-17.657516
1.996842,7.547600,-17.654349
0.789305,8.050041,-17.652813
-0.589677,8.639699,-17.656202
-2.161982,8.944557,-17.658288
-3.706977,8.682722,-17.655937
-4.991301,7.830060,-17.652836
-5.903999,6.600658,-17.651674
-6.438600,5.177494,-17.652827
-6.431006,3.608614,-17.653848
-6.183511,2.178220,-17.654524
-6.202374,1.009062,-17.656256
-6.048460,-0.111845,-17.657449
-5.195860,-1.087084,-17.655965
-4.464148,-1.865274,-17.654844
-4.405910,-6.575680,-21.849179
-3.796846,-7.426874,-21.847911
-3.142224,-8.180360,-21.846732
-2.412087,-8.886163,-21.848060
-1.523611,-9.402360,-21.854401
-0.547501,-9.718808,-21.859036
0.448050,-9.952908,-21.852286
1.499335,-10.162301,-21.833595
2.522416,-9.930372,-21.842169
3.293004,-9.070668,-21.843560
4.805546,-9.934287,-21.841010
5.933193,-9.493989,-21.840249
6.279104,-8.174592,-21.843681
7.213273,-7.550579,-21.844621
7.657240,-6.520962,-21.839983
7.827750,-5.407081,-21.839618
7.863960,-4.375932,-21.848960
7.734581,-3.351342,-21.850153
7.424278,-2.365928,-21.843250
6.983382,-1.490973,-21.838634
6.489297,-0.690459,-21.837984
6.004643,0.071260,-21.840634
5.469855,0.852766,-21.845464
4.835405,1.595558,-21.850472
4.046615,2.235210,-21.853248
3.205869,2.752031,-21.853436
2.225223,3.335681,-21.852029
1.132959,3.997378,-21.849847
-0.120947,4.505177,-21.848098
-1.517614,4.583233,-21.848032
-2.830553,4.158306,-21.849119
-3.788252,3.233383,-21.850303
-4.427864,1.987283,-21.850517
-4.836667,0.785590,-21.849147
-5.017679,-0.427448,-21.846563
-4.831207,-1.629956,-21.843418
-4.384594,-2.720477,-21.840988
-4.090235,-3.620391,-21.840539
-4.112540,-4.473231,-21.842429
-4.524409,-5.544270,-21.847352
0.257446,-11.777109,-26.024171
0.999708,-11.903047,-26.021793
1.540815,-12.029331,-26.026583
1.956770,-12.161438,-26.035319
2.326173,-12.259820,-26.044916
2.723486,-12.245658,-26.052731
3.110471,-12.093909,-26.050972
3.391477,-12.026044,-26.040382
3.695004,-11.892572,-26.033215
3.874349,-11.522879,-26.034371
3.928369,-11.160773,-26.038736
3.971076,-10.889212,-26.043221
5.147777,-11.790739,-26.059215
5.229667,-11.378552,-26.054298
5.196646,-10.967921,-26.046498
6.223136,-10.937375,-26.035749
6.374187,-10.482321,-26.045575
6.723374,-10.008590,-26.026010
6.956685,-9.432439,-26.043305
7.141809,-8.750394,-26.047119
7.330261,-7.944608,-26.030573
7.457633,-6.956655,-26.046301
7.386501,-5.885774,-26.043375
7.054998,-4.721561,-26.029974
6.456645,-3.630249,-26.044161
5.539709,-2.739515,-26.043285
4.486157,-1.800601,-26.039985
3.125669,-0.466625,-26.045042
1.378322,0.657073,-26.035114
-0.517964,0.950568,-26.037581
-2.198705,0.227837,-26.043117
-3.159364,-1.549254,-26.035404
-3.494286,-3.569899,-26.040715
-3.333706,-5.461972,-26.049520
-3.224600,-6.946278,-26.048393
-3.317241,-8.104450,-26.041156
-3.187418,-9.212292,-26.036282
-2.688172,-10.228388,-26.036804
-1.849556,-11.052963,-26.040354
-0.818996,-11.550898,-26.035672
-0.189518,-11.999562,-30.229622
0.735876,-12.085011,-30.212303
1.426889,-12.117672,-30.204056
1.896104,-12.230535,-30.206404
2.253933,-12.443114,-30.217097
2.573890,-12.750347,-30.234018
2.994557,-12.801946,-30.230757
3.423861,-12.747577,-30.229102
3.813606,-12.640517,-30.227503
4.300758,-12.776544,-30.243261
4.587800,-12.364572,-30.233942
5.110087,-12.375187,-30.230149
6.563186,-13.148654,-30.233822
6.961031,-12.588291,-30.227553
6.944937,-11.789856,-30.226555
6.131614,-10.911740,-30.242643
6.129520,-10.461616,-30.239419
6.354803,-10.022197,-30.231540
6.549357,-9.514377,-30.228495
6.676492,-8.909544,-30.234701
6.738955,-8.269801,-30.243098
6.680949,-7.544033,-30.237927
6.506001,-6.808634,-30.227683
6.213926,-5.977439,-30.234614
5.541237,-5.532105,-30.237724
4.758763,-5.438695,-30.227700
4.076079,-4.675296,-30.224964
3.205898,-3.113917,-30.230029
1.936510,-2.382109,-30.229619
0.586785,-2.219849,-30.236311
-0.671953,-2.659542,-30.239555
-1.486327,-3.756007,-30.230248
-1.719833,-5.236791,-30.232963
-1.939360,-6.448360,-30.235722
-2.376202,-7.329747,-30.227243
-2.410256,-8.371718,-30.219433
-1.973327,-9.388114,-30.222091
-1.745808,-10.198018,-30.230046
-1.521820,-10.968153,-30.237939
-0.984879,-11.618146,-30.238826
0.523148,-11.608330,-34.425683
1.107428,-11.817865,-34.435212
1.692254,-11.834225,-34.442488
2.191521,-11.813209,-34.446191
2.541544,-11.822112,-34.445913
2.809105,-11.922434,-34.439755
3.024617,-12.648996,-34.432101
3.423090,-12.622831,-34.424653
4.014925,-13.677411,-34.438692
4.510602,-13.326462,-34.428220
4.861515,-12.869413,-34.428401
5.989016,-13.533535,-34.426644
6.777630,-13.351682,-34.419971
7.437446,-12.892689,-34.432405
7.261182,-11.950430,-34.426357
5.412673,-10.712665,-34.420152
5.518830,-10.385996,-34.417316
5.692486,-10.024566,-34.425567
5.802536,-9.637779,-34.432289
5.790920,-9.240177,-34.428795
5.714365,-8.808070,-34.426118
5.596112,-8.372138,-34.425825
5.439046,-7.901571,-34.422278
5.106663,-7.545095,-34.417297
4.397924,-7.910271,-34.423326
4.078041,-7.702245,-34.429464
3.814495,-6.745267,-34.433296
3.258965,-5.887249,-34.427480
2.540780,-5.567359,-34.421749
1.742134,-5.464173,-34.423064
0.986581,-5.663920,-34.425837
0.421559,-6.228288,-34.425188
0.232873,-7.094410,-34.424680
0.082211,-7.817899,-34.424312
-0.571622,-8.210726,-34.421290
-1.173717,-8.733640,-34.417513
-0.483006,-9.568081,-34.418593
-0.072203,-10.168981,-34.418600
0.053170,-10.685782,-34.417657
0.180505,-11.214953,-34.419156
3.964120,-10.891281,-38.618357
