21.695969,34.574751,28.574733
16.307666,37.670720,28.574733
10.761608,39.944508,28.574733
4.696969,41.309875,28.574734
-1.517035,41.442489,28.574734
-7.631103,40.312938,28.574734
-13.437389,38.090252,28.574734
-18.801639,34.947908,28.574734
-23.395159,31.095099,28.574734
-27.159194,26.422355,28.574734
-29.685638,21.229996,28.574733
-30.994022,15.602278,28.574732
-31.146467,10.050616,28.574733
-30.339122,4.557636,28.574733
-28.946360,-0.125030,28.574732
-27.002919,-4.606727,28.574732
-24.816823,-8.472452,28.574732
-22.275561,-12.113849,28.574732
-19.563704,-15.345341,28.574732
-16.588446,-18.336109,28.574732
-13.372187,-21.065741,28.574732
-9.744082,-23.627209,28.574732
-5.880723,-25.817240,28.574732
-1.586727,-27.636979,28.574732
3.140110,-28.895198,28.574732
8.232954,-29.304427,28.574732
13.306261,-28.661519,28.574732
18.351335,-26.938918,28.574732
23.033578,-24.387195,28.574732
27.482660,-21.067931,28.574732
31.478776,-17.214756,28.574732
35.126603,-12.741177,28.574732
38.379402,-7.442724,28.574733
40.704178,-1.675003,28.574733
41.778978,4.678706,28.574733
41.131446,11.080578,28.574733
38.769450,17.078818,28.574733
35.344853,22.267359,28.574733
31.206526,26.916806,28.574733
27.058109,31.565569,25.560404
22.113154,35.224004,25.575659
16.553743,38.306449,25.575251
10.796285,40.440126,25.566491
4.765558,41.627383,25.582773
-1.586353,41.570897,25.581245
-7.615238,40.352201,25.575279
-13.531882,38.032909,25.588605
-18.572849,34.914505,25.580432
-23.161539,30.832633,25.561252
-26.723416,26.096362,25.578321
-29.102960,20.903267,25.571567
-30.344775,15.340605,25.582799
-30.585591,9.853164,25.586578
-29.881012,4.640701,25.572154
-28.351962,-0.176134,25.565798
-26.452385,-4.379833,25.574453
-24.101227,-8.337122,25.589694
-21.592815,-11.668553,25.592603
-18.795262,-14.759149,25.571579
-15.751387,-17.607160,25.561131
-12.664790,-20.070752,25.576382
-9.209937,-22.398048,25.586761
-5.565595,-24.429799,25.580325
-1.328191,-26.253984,25.565221
3.117306,-27.401957,25.571459
7.934627,-27.952463,25.584308
12.985763,-27.819755,25.574807
17.986099,-26.246197,25.569719
22.427627,-23.776866,25.574462
26.820661,-20.512741,25.577062
30.708197,-16.642944,25.568845
34.100251,-12.325438,25.567594
37.079524,-7.218806,25.578086
39.669362,-1.638546,25.578882
41.727507,4.614023,25.568786
41.623023,11.205200,25.582366
38.563489,17.016752,25.575407
35.445909,22.314803,25.584768
31.568576,27.336652,25.574462
27.146959,31.805782,22.574051
22.307308,35.490224,22.574990
16.794613,38.492043,22.576437
10.855142,40.534170,22.585040
4.662203,41.634445,22.584233
-1.605401,41.437410,22.585045
-7.770776,40.159652,22.573677
-13.392498,37.904447,22.564212
-18.488912,34.603917,22.581604
-22.927743,30.460268,22.584695
-26.302472,25.686791,22.561368
-28.522700,20.507743,22.570061
-30.154891,15.113996,22.565734
-30.491651,9.693605,22.562641
-29.659324,4.549752,22.566580
-28.080733,-0.187670,22.569882
-26.169050,-4.321907,22.569943
-23.759901,-8.177511,22.581423
-21.180981,-11.392247,22.589438
-18.328697,-14.362079,22.575123
-15.412714,-16.954106,22.565772
-12.134661,-19.446370,22.571666
-8.860843,-21.556894,22.575230
-5.240914,-23.533309,22.572731
-1.253605,-25.269251,22.567088
3.133755,-26.348055,22.561622
7.678420,-26.859032,22.563456
12.683069,-27.124680,22.578221
17.630854,-25.755536,22.587723
22.006643,-23.216987,22.579279
26.157875,-20.107881,22.563117
29.944226,-16.241018,22.567489
33.193415,-11.893079,22.574228
35.915687,-6.971249,22.575358
38.403552,-1.435149,22.576358
40.826162,4.585382,22.578466
41.446497,11.145725,22.577901
38.332446,16.717732,22.562472
35.080383,22.103613,22.581239
31.627945,27.331661,22.588748
26.968847,31.608921,19.580541
22.084348,35.457268,19.564669
16.621104,38.378763,19.583943
10.719948,40.273333,19.569365
4.596011,41.299447,19.579726
-1.585415,41.037563,19.572614
-7.682883,39.827159,19.579989
-13.226926,37.593951,19.573170
-18.204027,34.264897,19.556797
-22.573068,30.138645,19.570582
-25.769527,25.361732,19.588407
-27.980786,20.019628,19.580962
-30.228711,15.193190,19.557950
-30.579317,9.803276,19.573111
-29.747624,4.684018,19.585308
-28.201776,-0.190346,19.584868
-26.216229,-4.459532,19.580844
-23.765115,-8.223366,19.581373
-21.002290,-11.493655,19.578452
-18.110921,-14.348909,19.568200
-15.174348,-16.841549,19.571165
-12.069821,-19.119106,19.585702
-8.629210,-21.265912,19.590184
-5.225319,-23.082039,19.583385
-1.282119,-24.797099,19.574805
3.052922,-25.800810,19.576078
7.543668,-26.219247,19.581160
12.484498,-26.668944,19.572769
17.354764,-25.405381,19.578736
21.644810,-22.790508,19.580744
25.699829,-19.666574,19.564116
29.348226,-15.772168,19.575402
32.294291,-11.554101,19.586477
34.852102,-6.625539,19.585513
37.106439,-1.308232,19.586093
39.489203,4.404857,19.587742
40.446773,10.845927,19.572435
37.647622,16.438992,19.578091
34.331879,21.671273,19.582640
31.215771,27.029822,19.579609
26.501268,30.930622,16.582555
21.786278,34.851060,16.574444
16.413223,37.760384,16.577357
10.580881,39.587347,16.563412
4.541855,40.609245,16.581143
-1.553184,40.350986,16.572694
-7.380652,39.297081,16.572411
-13.060518,37.064800,16.585924
-17.940064,33.743259,16.583487
-22.255453,29.667609,16.565843
-25.285774,24.881370,16.571257
-27.359885,19.778096,16.592313
-30.259516,15.191505,16.554503
-30.766670,9.856587,16.573025
-30.109891,4.718699,16.586055
-28.812093,-0.117554,16.581461
-26.838115,-4.547669,16.577775
-24.299034,-8.441432,16.572501
-21.549530,-11.642758,16.566999
-18.511264,-14.568843,16.564992
-15.419817,-17.124708,16.566312
-12.159594,-19.455988,16.570132
-8.740834,-21.528707,16.575751
-5.170949,-23.374979,16.581455
-1.253026,-25.004286,16.584365
3.045037,-25.864330,16.578414
7.486547,-26.152043,16.570721
12.567467,-26.549580,16.576813
17.318150,-25.098115,16.579926
21.482663,-22.392562,16.581229
25.393974,-19.211613,16.584816
28.723609,-15.407758,16.581707
31.457300,-11.134092,16.583461
33.734128,-6.385720,16.577770
35.782252,-1.297458,16.562215
38.021390,4.396457,16.573640
38.813278,10.519107,16.587370
36.313307,15.977538,16.573424
33.243371,21.011894,16.563516
30.356443,26.409068,16.574053
25.576840,29.873524,13.580741
21.204303,33.736295,13.566488
15.950029,36.688227,13.579295
10.407934,38.460997,13.583655
4.461438,39.529728,13.569960
-1.549674,39.329331,13.566196
-7.317596,38.399725,13.566903
-12.752663,36.351419,13.573569
-17.583955,33.100244,13.584201
-21.725452,29.265105,13.581388
-24.894864,24.413399,13.567315
-26.920479,19.357445,13.562029
-29.910650,15.149263,13.566935
-30.985717,9.868286,13.566469
-30.692919,4.697511,13.566174
-29.854595,-0.172643,13.568015
-28.052512,-4.797650,13.567885
-25.501005,-8.871167,13.575318
-22.540463,-12.359000,13.584016
-19.382528,-15.375406,13.576083
-16.155731,-18.008148,13.572895
-12.756036,-20.406942,13.579619
-9.189332,-22.530697,13.576157
-5.455294,-24.394499,13.567821
-1.355282,-25.959588,13.565852
3.123455,-26.652508,13.562132
7.732641,-26.788733,13.566117
12.521083,-26.764441,13.585197
17.140001,-25.002829,13.577577
21.167577,-22.265019,13.563872
24.917163,-19.002001,13.567515
28.054105,-15.116753,13.582490
30.541914,-10.782741,13.584903
32.648974,-6.036393,13.576671
34.534585,-1.187692,13.573192
36.382221,4.354323,13.582645
36.627785,9.972598,13.579532
34.367150,15.300527,13.567334
31.768603,20.276354,13.575386
29.192766,25.270844,13.586419
24.195886,28.384882,10.566290
20.151714,32.186909,10.566320
15.200950,35.114644,10.580838
9.947919,36.879896,10.572836
4.295555,38.027007,10.576115
-1.434295,37.939107,10.570068
-6.957921,37.194238,10.576906
-12.386869,35.364390,10.576360
-17.054563,32.351328,10.568909
-21.198386,28.632454,10.577058
-24.467690,24.176387,10.584215
-26.545592,19.233967,10.584527
-29.154972,14.816451,10.579958
-31.048646,9.964815,10.572525
-31.250424,4.644195,10.570018
-31.137038,-0.317756,10.575137
-29.913232,-5.212611,10.580921
-27.487016,-9.550817,10.579563
-24.432296,-13.428249,10.569859
-21.069875,-16.739862,10.564880
-17.563175,-19.603126,10.570574
-13.860693,-22.198807,10.580100
-10.140751,-24.376544,10.574991
-6.039852,-26.304567,10.570847
-1.535918,-27.762522,10.582363
3.145959,-28.261455,10.577686
7.899419,-28.050699,10.569227
12.721703,-27.095626,10.569876
17.161549,-24.934666,10.568421
21.181248,-22.034366,10.579136
24.679796,-18.567798,10.581872
27.406498,-14.701142,10.570068
29.606295,-10.287482,10.577593
31.551607,-5.758363,10.579158
33.303734,-0.922120,10.573481
34.356188,4.117384,10.572443
33.852384,9.426760,10.568392
32.114270,14.264696,10.579040
29.979229,19.161119,10.582334
27.496313,23.902398,10.573381
22.504791,26.262014,7.568173
18.774797,30.024568,7.578037
14.311624,32.885023,7.574815
9.356968,34.746431,7.570737
4.184920,35.993001,7.573926
-1.286047,36.092752,7.577285
-6.584616,35.492577,7.576810
-11.863951,34.045294,7.569952
-16.442006,31.341121,7.565321
-20.636430,27.768498,7.573091
-24.036945,23.699409,7.581917
-26.388013,18.978745,7.574981
-28.435904,14.512016,7.573253
-30.814423,9.825954,7.587460
-31.502653,4.739699,7.579903
-32.127312,-0.467456,7.575871
-32.142942,-5.701792,7.578622
-30.110056,-10.759429,7.580031
-27.125630,-14.959320,7.579233
-23.517941,-18.813293,7.575489
-19.770868,-21.969783,7.571086
-15.597000,-24.897533,7.572069
-11.328509,-27.291514,7.577016
-6.622346,-29.244306,7.579628
-1.670094,-30.484952,7.576389
3.240309,-30.712834,7.572965
8.345729,-29.414301,7.576310
12.857820,-27.427065,7.576282
17.154448,-25.108236,7.573236
20.967526,-22.044840,7.579901
24.199205,-18.347304,7.573119
26.680753,-14.148228,7.572824
28.618145,-9.862733,7.583865
30.511148,-5.548008,7.576421
31.727963,-0.831820,7.566599
31.663007,3.860958,7.566452
30.686572,8.658735,7.566736
29.557498,13.212683,7.565204
27.755395,17.751742,7.575047
25.423396,22.077392,7.575086
20.229861,23.741792,4.576968
17.032387,27.135462,4.573743
13.077699,29.988110,4.580186
8.633053,31.949650,4.583251
3.933740,33.336314,4.584013
-1.083492,33.687998,4.579635
-6.164047,33.158940,4.569718
-11.131099,32.229398,4.570329
-15.686707,29.967981,4.581774
-19.713570,26.879806,4.577424
-23.241688,23.215519,4.570664
-26.115424,18.823444,4.571939
-28.163519,14.400715,4.576676
-30.248492,9.735448,4.575116
-31.532693,4.689632,4.575790
-32.305452,-0.414443,4.578580
-33.606007,-6.110457,4.572664
-33.179445,-11.946779,4.569328
-30.264915,-16.920878,4.575177
-26.637143,-21.284419,4.578054
-22.409713,-25.074843,4.570945
-17.732980,-28.306173,4.576272
-12.875112,-30.860088,4.581374
-7.544328,-32.742120,4.577187
-2.098673,-33.817434,4.573921
3.475466,-33.358458,4.575307
8.548050,-30.325531,4.574090
13.057339,-27.908612,4.571860
17.358914,-25.299557,4.572067
20.866711,-21.875451,4.574648
23.737444,-17.941762,4.574853
25.825118,-13.562153,4.569998
27.841546,-9.461653,4.568763
29.367249,-5.281744,4.572222
29.166732,-0.675706,4.577685
28.155779,3.695168,4.581376
27.569598,7.919200,4.578685
26.829487,12.098589,4.575095
24.965700,16.163480,4.577997
22.753436,20.072706,4.579171
17.478882,20.544258,1.577574
14.792731,23.524329,1.581115
11.521594,26.193207,1.573038
7.649397,28.280839,1.572809
3.673864,29.774621,1.579569
-0.839638,30.550832,1.581411
-5.447982,30.118148,1.579683
-10.051178,29.570188,1.576198
-14.585223,28.041612,1.574027
-18.669312,25.439359,1.576238
-22.270287,22.248292,1.577657
-25.368736,18.556244,1.573033
-27.967958,14.269732,1.573279
-29.999107,9.664077,1.579277
-31.522344,4.670832,1.584092
-32.202829,-0.477888,1.574274
-33.624213,-6.080101,1.568825
-35.176193,-12.742743,1.576711
-33.141633,-18.626340,1.581684
-29.349378,-23.669121,1.574215
-24.892681,-27.965076,1.568829
-19.762798,-31.489958,1.577739
-14.171353,-34.243363,1.572920
-8.452222,-35.956081,1.572025
-2.369805,-36.966137,1.579937
3.594803,-35.014617,1.579797
8.591051,-31.025665,1.575094
13.441972,-28.614628,1.571176
17.523801,-25.393057,1.575897
20.697602,-21.716786,1.581335
23.129074,-17.400239,1.575062
25.211784,-13.145653,1.567387
26.971652,-9.206257,1.568306
26.681557,-4.613225,1.568782
25.241865,-0.364586,1.576023
24.789085,3.407827,1.582597
24.700790,7.239327,1.579964
23.536776,10.809479,1.576384
21.627508,14.172136,1.574679
19.656980,17.442910,1.574747
14.005171,16.772757,-1.426876
11.911034,19.082834,-1.420433
9.465120,21.323239,-1.422884
6.581859,23.284251,-1.428259
3.243658,24.912308,-1.427574
-0.468998,26.158683,-1.421304
-4.498809,26.252301,-1.423082
-8.394977,25.689208,-1.426781
-12.815558,25.003349,-1.423457
-16.936799,23.298983,-1.427842
-20.669493,20.780424,-1.425399
-24.107345,17.636885,-1.420958
-27.190212,13.868239,-1.429786
-29.882176,9.558086,-1.433840
-31.686548,4.843347,-1.430078
-32.484672,-0.354353,-1.423690
-33.138232,-5.958735,-1.421457
-35.477539,-12.844390,-1.426581
-34.962776,-19.770822,-1.423458
-31.176496,-25.154830,-1.420739
-26.589602,-29.852554,-1.423048
-21.158673,-33.640940,-1.424232
-15.171807,-36.479351,-1.426276
-9.023902,-38.143693,-1.430541
-2.525998,-39.037734,-1.424320
3.667931,-35.606000,-1.423021
8.838871,-31.928668,-1.422178
13.614963,-29.389568,-1.418332
17.566755,-25.579465,-1.425700
20.594727,-21.327964,-1.430343
22.743174,-16.930772,-1.421306
24.468724,-12.885236,-1.423702
23.848166,-7.881843,-1.424330
22.216440,-3.417162,-1.420343
22.016776,0.072044,-1.423194
22.117078,3.199300,-1.427811
21.037268,6.453664,-1.424920
19.354092,9.154479,-1.422314
17.656149,11.783182,-1.426076
15.903860,14.329261,-1.429912
9.999460,12.071461,-4.426745
8.419793,13.627179,-4.427799
6.790398,15.126851,-4.428431
4.780992,16.731704,-4.428717
2.617017,18.121783,-4.428543
-0.031645,19.466755,-4.427226
-3.188705,20.535439,-4.425040
-6.456507,20.721692,-4.425398
-9.948540,20.193181,-4.427895
-13.587480,19.480092,-4.429186
-17.573698,18.140533,-4.427967
-21.412008,15.908580,-4.424834
-25.026211,13.046885,-4.421973
-28.463792,9.233327,-4.421612
-31.860046,4.839960,-4.422918
-33.321478,-0.416761,-4.423311
-33.470346,-6.035492,-4.427782
-34.875864,-12.583771,-4.427826
-35.851367,-20.322010,-4.419091
-32.120172,-25.986214,-4.422749
-27.486602,-30.910287,-4.420162
-21.919181,-34.850618,-4.421625
-15.736066,-37.732288,-4.427108
-9.170757,-39.386643,-4.421580
-2.684260,-40.067106,-4.424689
3.733022,-35.999370,-4.422549
9.102199,-33.068293,-4.420207
13.864114,-29.987257,-4.423188
17.719128,-25.753935,-4.420647
20.476569,-21.403588,-4.423626
21.960851,-16.292762,-4.426113
20.832671,-10.513765,-4.427417
19.683961,-6.032420,-4.424485
19.771058,-2.875844,-4.421401
19.205823,0.294588,-4.423073
17.482028,2.990572,-4.428002
15.816591,5.250157,-4.428987
14.360992,7.140542,-4.427818
12.858310,8.970814,-4.426350
11.525156,10.474655,-4.425971
5.908386,7.340221,-7.426558
4.916481,8.075000,-7.426342
4.055711,8.689181,-7.425584
3.035820,9.383021,-7.424556
1.844966,10.139850,-7.423919
0.467432,10.934699,-7.424619
-1.112195,11.725119,-7.426452
-3.244164,12.561475,-7.428437
-5.631985,13.182303,-7.428512
-8.617339,13.573547,-7.427849
-12.332278,13.502636,-7.428015
-16.081908,12.619070,-7.426585
-19.959473,10.818420,-7.424877
-24.355437,8.237738,-7.425856
-28.927974,4.603575,-7.422493
-34.196932,-0.494674,-7.433806
-34.615087,-6.307798,-7.429357
-34.801231,-12.543070,-7.428165
-35.930340,-20.423036,-7.428895
-32.363256,-26.176553,-7.429749
-27.735406,-31.208324,-7.428507
-22.147855,-35.222329,-7.423671
-15.908545,-38.117704,-7.424907
-9.259500,-39.737847,-7.427508
-2.573689,-40.195477,-7.430551
3.706563,-36.628919,-7.432283
9.361457,-34.158111,-7.420386
14.123869,-30.612889,-7.425942
17.925955,-26.138595,-7.430270
18.331189,-18.629701,-7.419260
18.743626,-13.421614,-7.426067
18.286312,-8.856702,-7.428853
17.641074,-5.238852,-7.420495
15.291644,-1.662008,-7.427177
13.229668,0.772676,-7.425873
11.528629,2.548673,-7.423056
10.129256,3.876739,-7.421846
8.941814,4.921821,-7.422544
7.856949,5.821902,-7.424206
6.889344,6.589436,-7.425699
3.962998,5.019853,-10.423756
3.336670,5.359220,-10.423375
2.701380,5.684625,-10.423092
2.219237,5.919826,-10.422928
1.569086,6.222037,-10.422751
0.745156,6.582221,-10.422563
-0.090641,6.923812,-10.422360
-1.108128,7.307316,-10.422060
-2.485934,7.749268,-10.421701
-4.058729,8.105213,-10.421642
-6.180674,8.255256,-10.422709
-8.857730,8.080657,-10.425574
-15.112907,8.785630,-10.428082
-19.876796,7.152517,-10.428945
-24.541719,4.161906,-10.424922
-34.030241,-0.625306,-10.423587
-35.452248,-6.510311,-10.424302
-36.178899,-13.142119,-10.426942
-35.333380,-19.986730,-10.422737
-31.927818,-25.867483,-10.429333
-27.327609,-30.860802,-10.428749
-21.836253,-34.859193,-10.426312
-15.667740,-37.720006,-10.424350
-9.252013,-39.270405,-10.419000
-2.650791,-39.657392,-10.429259
3.709994,-37.242835,-10.428097
9.541360,-34.930053,-10.425657
14.388024,-31.336202,-10.425507
18.104297,-26.581189,-10.421718
18.147035,-18.557214,-10.427788
19.162717,-13.869429,-10.426411
16.659747,-7.882823,-10.421847
14.709827,-3.904744,-10.422669
12.090883,-0.952997,-10.426896
9.715750,1.054022,-10.428998
8.127203,2.267544,-10.428511
6.819183,3.214880,-10.427037
5.935373,3.816987,-10.425852
5.187601,4.297362,-10.424907
4.580022,4.666008,-10.424261
5.250334,6.502257,-13.420836
4.325054,6.999515,-13.420099
3.535993,7.383628,-13.419866
2.569288,7.809576,-13.419949
1.748557,8.136425,-13.420246
0.578781,8.552883,-13.420880
-0.440721,8.871080,-13.421510
-1.818481,9.222220,-13.422297
-3.384343,9.484522,-13.422851
-5.304772,9.556931,-13.422602
-7.395497,9.339375,-13.421204
-10.375860,9.025205,-13.420757
-15.969194,9.136644,-13.429949
-19.920351,7.169731,-13.428496
-24.723785,4.139289,-13.428046
-33.888375,-0.588255,-13.426128
-35.143472,-6.328701,-13.424651
-35.925092,-13.058027,-13.424328
-34.192236,-19.190874,-13.428718
-30.893201,-24.986363,-13.422164
-26.459556,-29.761299,-13.431161
-21.107082,-33.737026,-13.428587
-15.218637,-36.499400,-13.425284
-8.907109,-38.047605,-13.426384
-2.415543,-38.393434,-13.422807
3.828561,-37.371067,-13.429046
9.597863,-35.130229,-13.427025
14.595208,-31.617066,-13.423804
18.449763,-26.944006,-13.425350
20.381110,-21.383737,-13.424048
22.326134,-16.500476,-13.425489
20.664473,-10.418181,-13.425859
16.968981,-4.960766,-13.421379
15.359873,-1.704450,-13.424443
13.081385,0.755398,-13.428808
10.867581,2.554330,-13.430350
9.307866,3.736510,-13.428885
8.032686,4.683063,-13.426260
7.028351,5.389627,-13.423952
6.150470,5.964298,-13.422161
8.067459,9.934085,-16.429347
6.738606,10.741579,-16.429776
5.195278,11.527138,-16.430567
3.755210,12.130805,-16.430882
2.109066,12.683671,-16.430004
0.425570,13.108024,-16.427709
-1.455889,13.418164,-16.424978
-3.526615,13.558586,-16.423785
-5.773178,13.483364,-16.425577
-8.354290,13.165636,-16.428463
-11.242131,12.583949,-16.428320
-14.370672,11.591758,-16.424361
-17.804611,9.945664,-16.421382
-21.630763,7.586018,-16.428938
-26.259693,4.266969,-16.422267
-31.583640,-0.379585,-16.424274
-29.127823,-5.113650,-16.426348
-31.237305,-11.106346,-16.422546
-32.391210,-18.204588,-16.427313
-29.137360,-23.552998,-16.426389
-24.947644,-28.123918,-16.423915
-19.952805,-31.848504,-16.431031
-14.342038,-34.524124,-16.428159
-8.472745,-36.015909,-16.429841
-2.261265,-36.356088,-16.419033
3.781115,-36.423457,-16.426455
9.453885,-34.250094,-16.427353
14.356018,-30.872055,-16.423508
18.508072,-27.098343,-16.429300
20.067421,-20.893788,-16.423553
21.896681,-16.278923,-16.422635
23.763213,-12.417916,-16.422965
21.960741,-7.067781,-16.423507
19.083631,-2.585098,-16.424612
18.270977,0.242721,-16.425845
16.580876,2.920436,-16.427823
14.506732,4.973490,-16.429471
12.624781,6.494932,-16.430148
10.990346,7.781679,-16.429966
9.480996,8.942075,-16.429500
11.355473,13.537739,-19.426187
9.346663,14.874269,-19.424938
7.196585,16.001613,-19.424747
4.937348,16.871669,-19.424410
2.434475,17.487040,-19.422732
0.030090,17.827685,-19.421039
-2.607159,18.008303,-19.420699
-5.362407,17.772426,-19.421314
-7.890627,16.776014,-19.421066
-10.295190,15.360433,-19.420088
-12.956246,14.084166,-19.419718
-16.075695,12.645179,-19.422477
-19.279681,10.592598,-19.428233
-22.853382,7.793190,-19.429243
-25.855313,4.260181,-19.429835
-25.685594,0.020434,-19.422368
-23.955930,-3.877809,-19.425896
-28.080053,-9.865766,-19.425320
-29.865456,-16.778913,-19.420030
-26.751036,-21.536348,-19.420984
-22.922413,-25.692775,-19.422939
-18.370327,-29.144580,-19.427825
-13.103100,-31.719101,-19.424247
-7.752606,-33.134879,-19.420892
-2.069538,-33.422324,-19.420733
3.466424,-33.677434,-19.425725
8.789696,-31.674628,-19.425929
13.478720,-28.780683,-19.423509
17.344185,-25.298480,-19.422095
20.355244,-21.112799,-19.426774
21.398893,-15.772124,-19.433341
21.921478,-11.136215,-19.439315
22.918096,-7.553517,-19.431292
23.800272,-3.831209,-19.418994
21.272401,0.063830,-19.433047
20.498490,3.221888,-19.422751
19.085754,6.022400,-19.420234
17.243413,8.346174,-19.422960
15.235608,10.320697,-19.426388
13.255313,12.042651,-19.427412
14.018072,16.736809,-22.427302
11.496699,18.476311,-22.430440
8.791203,19.868410,-22.426889
5.953889,20.796722,-22.424432
2.817881,21.326209,-22.426185
-0.295430,21.638361,-22.424155
-3.375118,21.168645,-22.421355
-5.925741,19.310092,-22.424765
-8.230069,17.555434,-22.427349
-11.012382,16.375061,-22.426011
-13.842615,14.952029,-22.428007
-16.606403,12.976350,-22.429139
-19.390138,10.597310,-22.424882
-22.012715,7.697681,-22.427242
-24.831504,4.083864,-22.430253
-18.386021,0.521809,-22.423290
-20.205199,-2.971482,-22.431816
-25.521738,-8.870051,-22.427587
-26.450833,-14.688296,-22.424818
-23.538734,-18.850878,-22.430877
-20.157333,-22.497534,-22.428182
-16.158001,-25.571711,-22.425177
-11.518091,-27.906952,-22.428279
-6.666600,-29.226617,-22.423087
-1.647897,-29.605714,-22.421673
3.149777,-28.823797,-22.425733
7.664769,-27.013727,-22.428793
11.699501,-24.614401,-22.424277
15.225099,-21.762839,-22.423185
18.129824,-18.542498,-22.426020
20.602972,-15.042737,-22.427778
21.756061,-11.027416,-22.424618
21.212389,-6.694945,-22.419699
20.822896,-3.024019,-22.422850
21.901398,-0.066784,-22.429471
23.686919,3.448470,-22.429169
21.876096,6.575075,-22.427181
19.966621,9.518655,-22.424136
18.251735,12.147947,-22.421740
16.303652,14.624409,-22.422329
15.356797,18.239518,-25.424513
12.624533,20.228641,-25.426369
9.586932,21.716930,-25.426747
6.375606,22.518682,-25.426343
2.965263,22.957552,-25.425767
-0.344965,22.746834,-25.425955
-3.168230,20.466774,-25.427823
-5.677696,18.692738,-25.424811
-8.386334,17.638039,-25.420823
-10.866688,16.140617,-25.423522
-13.176627,14.320792,-25.423869
-15.474763,12.259117,-25.425078
-17.479470,9.728817,-25.427632
-18.843802,6.918914,-25.425194
-13.203813,3.155319,-25.424615
-14.214400,0.838522,-25.424460
-16.850812,-2.241185,-25.424584
-22.694150,-7.728655,-25.426935
-21.819978,-11.861034,-25.427653
-19.384028,-15.203681,-25.425484
-16.489710,-18.280648,-25.425189
-13.089627,-20.883713,-25.427592
-9.432261,-22.804401,-25.426044
-5.366311,-23.976906,-25.421376
-1.168851,-24.583073,-25.422495
2.741351,-22.747933,-25.427908
6.177179,-20.087635,-25.429304
9.299548,-18.509605,-25.425745
12.011358,-16.494287,-25.421712
14.555402,-14.111320,-25.422184
16.629811,-11.657725,-25.422702
19.183455,-9.418277,-25.421526
20.740743,-6.504598,-25.421641
18.651741,-2.514579,-25.424914
17.970310,0.403258,-25.421861
19.721726,3.156358,-25.419732
22.816690,6.838871,-25.428321
21.323015,9.949021,-25.426036
19.537816,12.919130,-25.423771
17.726988,15.653911,-25.423215
13.686551,16.337944,-28.424453
11.308501,18.131590,-28.424006
8.550304,19.309487,-28.423273
5.609818,19.772699,-28.422830
2.715058,19.912196,-28.422205
-0.015036,18.816760,-28.426591
-2.513806,17.613455,-28.429638
-4.797008,16.591804,-28.425411
-6.877459,15.161319,-28.423178
-8.693331,13.627246,-28.427551
-10.393929,11.805266,-28.425665
-11.306015,9.668762,-28.423333
-11.416436,7.187834,-28.421820
-7.716741,4.068555,-28.425004
-8.666717,2.666797,-28.426082
-10.409444,1.033360,-28.426538
-15.136690,-1.896970,-28.424668
-16.737939,-5.275729,-28.424869
-15.172240,-7.963959,-28.425894
-13.424795,-10.247961,-28.423293
-11.336765,-12.365311,-28.426938
-8.964259,-14.192024,-28.426855
-6.338266,-15.649667,-28.425535
-3.546801,-16.585433,-28.425366
-0.631276,-17.140765,-28.423328
2.355872,-16.766461,-28.422852
4.319141,-12.224352,-28.421992
6.023710,-10.436300,-28.423807
7.856976,-9.508122,-28.425160
9.566709,-8.196134,-28.423811
11.112348,-6.856512,-28.421694
12.434683,-5.225483,-28.422609
14.202566,-3.785319,-28.424375
17.119027,-2.155071,-28.425979
15.715132,0.552806,-28.432599
13.990247,2.749647,-28.428417
14.977072,4.991269,-28.418042
18.242883,8.786316,-28.426698
17.063194,11.407615,-28.427846
15.542562,13.978433,-28.426312
4.056263,6.481977,-31.425268
11.176249,18.268169,28.574733
8.204914,19.845590,28.574733
4.927719,20.955135,28.574733
1.598901,21.439477,28.574733
-1.853619,21.213210,28.574733
-5.056822,20.184370,28.574733
-7.856707,18.318065,28.574733
-9.946222,15.805357,28.574733
-11.313220,12.939306,28.574733
-12.099251,10.063029,28.574733
-12.455111,7.392677,28.574733
-12.505687,4.985356,28.574733
-12.315329,2.786022,28.574733
-11.925992,0.803747,28.574733
-11.377040,-0.965775,28.574733
-10.604401,-2.525209,28.574733
-9.474221,-3.820778,28.574733
-8.017054,-4.789382,28.574733
-6.575593,-5.388030,28.574733
-5.182270,-5.769346,28.574733
-4.057552,-6.019939,28.574733
-2.935812,-6.283244,28.574733
-2.006082,-6.528164,28.574733
-0.982868,-6.798675,28.574733
0.141807,-7.060045,28.574733
1.279680,-7.259246,28.574733
2.523672,-7.397097,28.574733
3.967156,-7.448029,28.574733
5.601137,-7.354831,28.574733
7.497986,-7.024154,28.574733
9.515150,-6.378616,28.574733
11.666352,-5.300958,28.574733
13.844068,-3.716489,28.574733
15.877764,-1.669865,28.574733
17.800631,1.091401,28.574733
19.088899,4.302309,28.574733
19.294182,7.748445,28.574733
18.261991,10.948740,28.574733
16.337709,13.823325,28.574733
14.400993,16.729314,25.961274
11.823173,19.203645,25.980426
8.736869,21.048835,25.976533
5.313090,22.420204,25.980414
1.644109,22.758885,25.973268
-1.893679,21.722062,25.963004
-4.943039,19.819831,25.969653
-7.454813,17.367456,25.980880
-9.049229,14.280806,25.962534
-10.066771,11.435607,25.968219
-10.814581,8.934625,25.983303
-11.159782,6.623026,25.990234
-11.271573,4.455515,25.985259
-11.076364,2.527696,25.977996
-10.445990,0.720323,25.977608
-9.727168,-0.786603,25.979224
-9.123968,-2.162854,25.977227
-8.558702,-3.436739,25.973201
-7.826740,-4.677429,25.969989
-6.915686,-5.619494,25.971038
-5.779540,-6.348177,25.975679
-4.617112,-6.918741,25.979785
-3.442363,-7.468875,25.980430
-2.288213,-8.010917,25.977084
-1.125783,-8.482811,25.972152
0.266278,-8.856258,25.967773
1.620265,-9.011136,25.966816
3.191818,-8.998977,25.969859
4.842632,-8.814833,25.977442
6.554363,-8.458355,25.983089
8.413397,-7.890800,25.976157
10.479468,-7.031392,25.965273
12.678033,-5.783998,25.971375
14.834860,-3.963428,25.976407
16.458212,-1.668637,25.973728
17.960781,1.064435,25.965239
19.197351,4.334402,25.961621
19.292558,7.726802,25.963591
18.404646,11.104984,25.970277
16.548268,13.947643,25.969262
14.517206,16.937686,23.382450
12.102201,19.788357,23.381825
9.054538,21.831064,23.386095
5.560223,23.446651,23.373269
1.751717,23.222858,23.383192
-1.825328,21.287326,23.384126
-4.742235,19.057768,23.367776
-6.947951,16.159446,23.378601
-8.412551,13.227315,23.382338
-9.525150,10.705263,23.370614
-10.157464,8.404023,23.367251
-10.563587,6.211537,23.368476
-10.595479,4.136379,23.370992
-10.065496,2.262947,23.372391
-9.398986,0.587275,23.373817
-9.029093,-0.785874,23.376252
-8.794715,-2.096138,23.379090
-8.529416,-3.480075,23.381487
-8.075567,-4.854611,23.381779
-7.290876,-6.039437,23.378300
-6.270589,-6.974620,23.373112
-5.091777,-7.796789,23.369426
-3.956741,-8.502239,23.370136
-2.643080,-9.240335,23.375502
-1.201982,-9.863162,23.381810
0.318916,-10.236038,23.383588
2.008574,-10.349954,23.379882
3.713726,-10.230331,23.373899
5.478637,-9.908502,23.368572
7.286297,-9.385915,23.365457
9.312623,-8.583286,23.365451
11.354720,-7.560346,23.365062
13.608239,-6.114065,23.364277
15.600995,-4.176585,23.378216
17.083412,-1.721871,23.372650
18.315024,1.104845,23.376582
19.385361,4.308395,23.377973
19.310634,7.750696,23.367528
18.456871,11.117800,23.366780
16.623899,14.052898,23.374041
14.466745,16.823760,20.782764
12.163878,19.874065,20.767958
9.174509,22.127444,20.764715
5.698326,23.920389,20.769873
1.686373,22.712222,20.769265
-1.751834,20.643120,20.774862
-4.414390,17.552824,20.755256
-6.955885,16.066469,20.796285
-8.111377,12.818349,20.766831
-9.155717,10.311933,20.760169
-9.954167,8.186057,20.769307
-10.369163,6.059981,20.776774
-10.250311,4.012819,20.780492
-9.686223,2.178625,20.780356
-9.243785,0.614673,20.779087
-9.055280,-0.817737,20.778075
-8.963045,-2.167584,20.777371
-8.832915,-3.596483,20.776932
-8.516611,-5.044637,20.776904
-7.816343,-6.432191,20.777431
-6.822683,-7.574544,20.777879
-5.625971,-8.590120,20.777267
-4.346109,-9.503635,20.774671
-2.939593,-10.344868,20.770353
-1.374919,-11.016151,20.766414
0.385741,-11.398882,20.765602
2.219006,-11.456181,20.768048
4.054637,-11.255441,20.771819
6.033699,-10.799183,20.775928
7.941985,-10.136444,20.780210
9.963068,-9.210320,20.784341
12.083061,-8.017709,20.778884
14.308599,-6.434255,20.763822
16.228166,-4.349572,20.773498
17.641929,-1.783714,20.783918
18.735151,1.163602,20.784711
19.603257,4.395742,20.773979
19.376643,7.789563,20.772721
18.380522,11.092618,20.786618
16.635050,14.037244,20.774114
14.223293,16.562023,18.165072
11.984953,19.426193,18.174986
9.021492,21.877249,18.181541
5.611310,23.717897,18.183557
1.572394,21.728801,18.184440
-1.673447,19.673673,18.173423
-4.595218,18.271795,18.197070
-6.546548,15.231881,18.177343
-8.018384,12.598336,18.167192
-9.136605,10.304460,18.179521
-9.921692,8.191626,18.186800
-10.418649,6.113333,18.181776
-10.429757,4.111268,18.174202
-9.979694,2.191787,18.168542
-9.618655,0.666547,18.166483
-9.455813,-0.804114,18.166763
-9.386497,-2.293599,18.168406
-9.295500,-3.764673,18.170480
-9.017165,-5.375594,18.172179
-8.394677,-6.859621,18.171908
-7.406387,-8.192168,18.170040
-6.169785,-9.377338,18.168589
-4.716686,-10.478844,18.169655
-3.178800,-11.386245,18.172848
-1.451827,-12.067789,18.175378
0.482036,-12.412270,18.174179
2.475625,-12.405579,18.171164
4.453260,-12.120513,18.170476
6.466510,-11.581144,18.173256
8.498761,-10.790215,18.175335
10.538345,-9.757732,18.173383
12.753910,-8.386962,18.171539
14.874739,-6.711641,18.173704
16.746267,-4.480471,18.176886
18.125853,-1.799002,18.178019
19.102826,1.168931,18.177750
19.766204,4.436483,18.182171
19.403039,7.812938,18.173194
18.238636,10.942123,18.178232
16.535671,13.897382,18.173221
13.869756,16.084551,15.582261
11.414995,18.548659,15.577390
8.594563,20.919671,15.568825
5.383322,22.789373,15.584960
1.445172,20.513241,15.576961
-1.608581,18.562532,15.570761
-4.276999,16.870028,15.569824
-6.420554,14.913756,15.582159
-7.951254,12.419581,15.585448
-9.116271,10.331862,15.587343
-10.047025,8.222001,15.581820
-10.674030,6.298701,15.573116
-10.975962,4.367179,15.567941
-10.822614,2.478455,15.570793
-10.455327,0.723074,15.577695
-10.196863,-0.852048,15.582602
-10.052892,-2.455248,15.584704
-9.910469,-4.049766,15.584718
-9.625737,-5.697820,15.583347
-8.967983,-7.430495,15.581289
-7.962433,-8.910025,15.579832
-6.682804,-10.222138,15.579530
-5.146379,-11.413197,15.581066
-3.389022,-12.407054,15.583196
-1.508696,-13.066383,15.582384
0.576597,-13.353065,15.576269
2.597046,-13.285773,15.569895
4.795648,-12.905245,15.568768
6.915638,-12.260784,15.574100
8.948041,-11.389904,15.580628
11.071305,-10.220683,15.584827
13.263848,-8.747798,15.584315
15.406795,-6.878765,15.576866
17.144770,-4.623083,15.565146
18.478875,-1.870605,15.561430
19.370479,1.166743,15.571745
19.823745,4.408055,15.585387
19.323795,7.717763,15.573073
17.988451,10.827040,15.576081
16.241236,13.688797,15.582984
13.245587,15.427621,12.976053
10.527963,17.148777,12.981595
7.873288,19.208871,12.976626
4.945344,21.037331,12.970294
1.341885,19.343425,12.975037
-1.588325,17.202850,12.972009
-3.898983,15.309720,12.980537
-6.337157,14.597657,12.962472
-7.785140,12.329195,12.967771
-9.086515,10.229090,12.974888
-10.133492,8.352052,12.981790
-10.968176,6.424063,12.985019
-11.540650,4.577225,12.985073
-11.833167,2.646466,12.983441
-11.753290,0.857738,12.981024
-11.459870,-0.905008,12.978865
-11.133205,-2.676554,12.978123
-10.826854,-4.347544,12.978976
-10.374475,-6.186492,12.981159
-9.684603,-7.931775,12.983981
-8.615454,-9.620444,12.986438
-7.248051,-11.110894,12.985996
-5.564864,-12.422138,12.979939
-3.694627,-13.418382,12.971196
-1.583640,-14.064523,12.967300
0.618132,-14.276717,12.972649
2.839790,-14.122602,12.979805
5.014550,-13.678294,12.981103
7.308842,-12.908315,12.978322
9.402907,-11.928237,12.978192
11.571033,-10.632353,12.981687
13.778729,-9.010384,12.984694
15.818386,-7.037478,12.978898
17.518475,-4.630234,12.967533
18.711539,-1.936165,12.974370
19.484928,1.127119,12.973543
19.713622,4.382394,12.969235
19.013287,7.656232,12.983421
17.642940,10.628062,12.984632
15.809391,13.298868,12.978415
12.307001,14.350043,10.383625
9.318908,15.224978,10.370586
6.893863,16.812679,10.373090
4.207578,18.149490,10.377843
1.264949,18.091361,10.363319
-1.472540,15.580598,10.368490
-3.728040,14.249183,10.379905
-5.521457,12.573265,10.373423
-7.801271,12.225899,10.369485
-8.960384,10.127373,10.372504
-10.017729,8.271047,10.376894
-11.084541,6.512865,10.381761
-11.971945,4.731532,10.381460
-12.598446,2.882360,10.376662
-12.991753,0.980835,10.373078
-13.109301,-1.035568,10.374966
-12.879692,-3.095068,10.380897
-12.343372,-4.971073,10.384113
-11.496266,-6.857180,10.382802
-10.455336,-8.670801,10.380209
-9.291912,-10.411867,10.379211
-7.809381,-12.140827,10.378003
-6.017091,-13.540324,10.373516
-3.944214,-14.534714,10.368595
-1.716911,-15.096427,10.370539
0.668942,-15.234275,10.379609
3.049100,-14.989303,10.383044
5.370767,-14.431360,10.374122
7.604256,-13.596033,10.365590
9.906792,-12.410825,10.369669
12.073682,-10.987367,10.376878
14.166280,-9.289663,10.375972
16.087587,-7.253762,10.376255
17.730717,-4.738528,10.377255
18.815456,-1.937634,10.367642
19.410706,1.121208,10.372466
19.343089,4.324598,10.378575
18.532941,7.429298,10.376236
17.128576,10.325940,10.371531
15.132318,12.815839,10.368486
10.492678,12.236911,7.771809
7.798952,12.848705,7.767231
5.706904,13.937311,7.776239
3.341616,14.607907,7.769770
1.013158,14.950552,7.773776
-1.327066,14.484079,7.785150
-3.311124,12.773313,7.779868
-5.155687,11.658648,7.773831
-6.661044,10.405182,7.773575
-8.485219,9.506472,7.778890
-9.976168,8.178754,7.776408
-10.979347,6.525612,7.769870
-11.992435,4.782755,7.766512
-12.996132,3.013425,7.766860
-13.844681,0.995509,7.767520
-14.388933,-1.181636,7.767703
-14.713872,-3.423393,7.769787
-14.691651,-5.992807,7.775072
-13.557683,-8.104939,7.780297
-11.647905,-9.564184,7.782527
-9.963559,-11.268322,7.781910
-8.532338,-13.146020,7.779173
-6.621339,-14.787145,7.775314
-4.319488,-15.759406,7.772832
-1.752668,-16.249290,7.774085
0.710910,-16.293629,7.778715
3.247314,-15.944390,7.784243
5.719464,-15.239325,7.786433
8.083589,-14.226217,7.780351
10.310632,-12.949246,7.770273
12.469382,-11.383177,7.771247
14.521230,-9.520518,7.781235
16.396471,-7.327415,7.778157
17.861554,-4.748080,7.771747
18.717996,-1.892167,7.774218
19.048948,1.175271,7.772202
18.620582,4.209495,7.777732
17.874588,7.106407,7.771063
16.404267,9.796834,7.772185
14.327670,12.068381,7.772827
7.573539,8.961125,5.167954
6.056009,10.069461,5.169269
4.329839,10.783008,5.180685
2.486808,11.119467,5.167477
0.612808,11.179814,5.174126
-1.150562,11.059927,5.181828
-2.889005,10.715466,5.179133
-4.565450,10.156819,5.175015
-6.023923,9.349159,5.172693
-7.481958,8.346724,5.173170
-8.850497,7.225880,5.176602
-10.230611,5.954349,5.180666
-11.535637,4.610023,5.181781
-12.916927,2.923902,5.176587
-14.133631,1.086711,5.170153
-15.263511,-1.161792,5.167709
-16.032228,-3.737660,5.169211
-16.468999,-6.651745,5.172688
-16.570157,-9.853233,5.175933
-13.747052,-11.397598,5.176454
-10.876720,-12.217339,5.177562
-9.294890,-14.380228,5.180788
-7.242484,-16.332330,5.181931
-4.631569,-17.221011,5.180352
-1.897819,-17.582395,5.178962
0.794196,-17.542780,5.178076
3.451811,-17.064785,5.176935
6.029043,-16.190707,5.176235
8.465159,-14.989691,5.177027
10.730656,-13.509786,5.179315
12.890549,-11.719601,5.182237
14.874199,-9.704629,5.182093
16.586839,-7.457249,5.177505
17.758817,-4.697538,5.173194
18.311108,-1.807324,5.177752
18.221137,1.081732,5.182990
17.602533,3.945593,5.179788
16.975240,6.812261,5.178324
15.206119,9.095718,5.177801
13.215067,11.159124,5.182548
5.333413,6.372624,2.579407
4.197036,7.149912,2.577105
2.965389,7.559227,2.571857
1.681365,7.776815,2.569876
0.384255,7.856453,2.570532
-0.911660,7.779238,2.571476
-2.115169,7.589450,2.573099
-3.395996,7.326360,2.575805
-4.742607,7.048003,2.579040
-6.023380,6.519439,2.578715
-7.222262,5.755156,2.574965
-9.449873,5.475012,2.577965
-10.700506,4.256828,2.574945
-12.223447,2.765443,2.578852
-13.767390,0.986600,2.580374
-15.394311,-1.193906,2.578220
-17.023146,-4.020674,2.576503
-18.045134,-7.270848,2.578228
-18.343711,-10.993374,2.567838
-17.818633,-14.790226,2.575572
-12.163627,-13.684706,2.578351
-10.267553,-16.010418,2.569323
-8.055145,-18.121698,2.567329
-5.091288,-18.956013,2.572876
-2.042367,-19.256188,2.576427
0.969257,-19.076706,2.576557
3.820359,-18.372436,2.574121
6.539797,-17.236623,2.569533
8.972341,-15.803126,2.567196
11.186555,-14.078877,2.572819
13.311586,-12.047838,2.579481
15.216811,-9.907866,2.575527
16.569553,-7.465054,2.570174
17.218229,-4.587008,2.573349
17.348394,-1.778247,2.576694
16.779875,0.968796,2.571228
16.488814,3.645695,2.565152
15.545256,6.193512,2.569060
13.442719,8.077354,2.572703
11.649668,9.913321,2.569598
3.282712,4.070190,-0.022388
2.553708,4.454519,-0.022180
1.688658,4.723463,-0.021883
0.911031,4.863203,-0.023171
0.121068,4.951566,-0.026400
-0.674024,4.991961,-0.029534
-1.579785,4.977583,-0.029963
-2.366836,4.911795,-0.026929
-3.377980,4.756838,-0.021736
-4.282454,4.555917,-0.019316
-5.401739,4.247251,-0.020161
-6.753475,3.836532,-0.022426
-8.416318,3.220511,-0.022022
-11.204753,2.520552,-0.022562
-13.224484,0.924510,-0.027910
-15.078183,-1.194338,-0.025414
-17.519989,-4.143432,-0.030858
-19.319957,-7.847129,-0.020825
-20.012735,-11.998487,-0.018810
-19.798956,-16.371254,-0.022369
-13.891595,-15.714615,-0.027147
-11.500621,-17.842128,-0.026446
-8.939751,-20.191538,-0.020945
-5.605046,-21.011041,-0.019039
-2.210897,-21.294288,-0.029972
1.044499,-20.917854,-0.031156
4.195190,-19.899307,-0.027791
7.025623,-18.435015,-0.030418
9.471308,-16.631796,-0.029545
11.639046,-14.625480,-0.026534
13.749267,-12.456656,-0.029876
15.256687,-9.960930,-0.030834
15.850722,-7.049273,-0.021288
15.979614,-4.241255,-0.019819
15.457806,-1.579110,-0.029026
15.365487,0.928003,-0.028840
14.885967,3.302289,-0.022951
12.875259,5.114039,-0.020481
5.333439,3.227245,-0.020296
4.082300,3.529677,-0.021640
1.771326,2.228547,-2.626688
1.238231,2.448894,-2.625791
0.803184,2.579806,-2.624868
0.361829,2.678699,-2.624126
-0.084624,2.753241,-2.623901
-0.534973,2.810665,-2.624490
-1.101679,2.862056,-2.626150
-1.556743,2.886673,-2.627753
-2.239640,2.895680,-2.629716
-2.919685,2.870644,-2.630010
-3.819630,2.784263,-2.627204
-4.827953,2.616882,-2.622392
-6.176313,2.284086,-2.619254
-7.928877,1.720744,-2.623452
-10.564813,0.706666,-2.630655
-14.370822,-1.153249,-2.627046
-17.094878,-3.991380,-2.626121
-20.652941,-8.386549,-2.621518
-21.326820,-12.716426,-2.625924
-20.920996,-17.426441,-2.632831
-16.865310,-19.096511,-2.630270
-12.814658,-19.976626,-2.631865
-9.943610,-22.515694,-2.629052
-6.158804,-23.402312,-2.625519
-2.431826,-23.643417,-2.627318
1.154842,-23.006900,-2.631187
4.537646,-21.616609,-2.627411
7.429977,-19.664724,-2.621055
9.977633,-17.384733,-2.619307
12.169467,-15.248941,-2.623342
13.615323,-12.374707,-2.629341
14.153835,-9.321675,-2.628277
14.010932,-6.322889,-2.627009
13.794718,-3.761248,-2.629085
13.879584,-1.483349,-2.630303
12.852930,0.708705,-2.627125
11.020021,2.409807,-2.622059
6.133615,2.403335,-2.626015
2.697372,1.670460,-2.626132
2.187843,1.998581,-2.626803
0.731416,1.047346,-5.227337
0.420755,1.155212,-5.227065
0.210960,1.217751,-5.226790
-0.000700,1.273476,-5.226453
-0.213979,1.322976,-5.226068
-0.428634,1.366837,-5.225646
-0.752660,1.423342,-5.224971
-1.078405,1.470461,-5.224282
-1.405188,1.509675,-5.223618
-1.841972,1.549985,-5.222826
-2.388803,1.581152,-5.222090
-3.153785,1.588973,-5.221787
-4.347827,1.517196,-5.223766
-6.070762,1.235405,-5.229382
-8.432127,0.552219,-5.230267
-12.355558,-1.012855,-5.226876
-16.938476,-3.976792,-5.228742
-20.954595,-8.468373,-5.217770
-22.334922,-13.284628,-5.228725
-21.555879,-17.849819,-5.227800
-19.675863,-22.306739,-5.231056
-14.199901,-22.169039,-5.221682
-10.925995,-24.977342,-5.224885
-6.887701,-26.029601,-5.230356
-2.653109,-26.248516,-5.225562
1.399630,-25.259221,-5.226690
4.907306,-23.303559,-5.227817
7.940831,-20.756503,-5.221845
10.372967,-18.173302,-5.226960
11.636082,-14.471464,-5.221558
11.901334,-10.927409,-5.221627
11.853348,-7.796912,-5.226975
11.905251,-5.447292,-5.229859
10.302432,-2.847699,-5.224877
9.092247,-1.026583,-5.229737
5.223985,0.189228,-5.221860
2.012524,0.374044,-5.225896
1.627696,0.607637,-5.226782
1.236398,0.825187,-5.227312
0.935480,0.965207,-5.227406
0.214166,0.533578,-7.828170
0.115193,0.565421,-7.828217
0.016039,0.596555,-7.828248
-0.182827,0.656570,-7.828262
-0.282547,0.685390,-7.828246
-0.382462,0.713376,-7.828215
-0.582896,0.766723,-7.828115
-0.784160,0.816362,-7.827964
-0.986282,0.862045,-7.827769
-1.291141,0.922603,-7.827404
-1.700796,0.987488,-7.826808
-2.320667,1.052296,-7.825770
-3.360612,1.084564,-7.824023
-5.013563,0.981911,-7.822578
-7.675609,0.448060,-7.822908
-11.799169,-0.981430,-7.821299
-16.258674,-3.823482,-7.822341
-20.443004,-8.269490,-7.819510
-22.839212,-13.667026,-7.822594
-21.557671,-17.904789,-7.826859
-19.959720,-22.663427,-7.824519
-15.542111,-24.449315,-7.825196
-11.958682,-27.267146,-7.820351
-7.516776,-28.758602,-7.822070
-2.970682,-29.027298,-7.821299
1.464577,-27.614943,-7.827818
5.242266,-24.850224,-7.826347
8.036040,-21.146266,-7.823149
9.275961,-16.343422,-7.826983
9.420534,-11.859863,-7.826824
8.163432,-7.617350,-7.824580
6.822824,-4.706592,-7.822377
5.271162,-2.601060,-7.821512
3.832067,-1.240328,-7.819843
2.616814,-0.454205,-7.821941
1.773687,-0.052388,-7.824846
1.194726,0.182922,-7.826635
0.902224,0.293444,-7.827314
0.608324,0.399741,-7.827799
0.411585,0.467891,-7.828022
0.464964,0.741352,-10.425644
0.269393,0.805998,-10.425280
0.074421,0.868644,-10.424915
-0.120241,0.928929,-10.424555
-0.217545,0.958074,-10.424379
-0.412279,1.014141,-10.424038
-0.705233,1.092014,-10.423570
-0.901523,1.139251,-10.423295
-1.198159,1.202189,-10.422956
-1.598711,1.270118,-10.422660
-2.106202,1.330646,-10.422506
-2.824716,1.374848,-10.422565
-3.956911,1.365632,-10.422880
-5.783524,1.183216,-10.423042
-8.417225,0.531308,-10.424075
-12.654636,-1.047941,-10.427424
-17.013229,-4.000772,-10.427882
-20.164827,-8.163762,-10.424906
-22.313472,-13.287963,-10.422147
-20.785311,-17.311112,-10.422420
-19.067007,-21.693851,-10.429062
-16.808998,-26.314714,-10.425857
-12.695398,-29.071170,-10.426980
-8.132151,-31.134295,-10.427349
-3.168078,-31.589501,-10.423984
1.634516,-29.398658,-10.426762
5.219497,-24.460833,-10.428290
6.446171,-17.111220,-10.423472
5.173547,-9.435732,-10.426252
4.443933,-5.984850,-10.429308
4.414973,-4.391554,-10.429737
4.355032,-3.187437,-10.429768
4.174132,-2.083151,-10.429572
3.836654,-1.210473,-10.429232
3.271598,-0.503901,-10.428769
2.444251,0.012517,-10.428172
1.763098,0.291943,-10.427556
1.258922,0.469933,-10.426950
0.958393,0.573350,-10.426502
0.661420,0.675066,-10.425999
1.284313,1.737685,-13.025089
0.896450,1.873373,-13.024542
0.607209,1.969680,-13.024075
0.221868,2.088737,-13.023443
-0.165283,2.194737,-13.022875
-0.556610,2.285096,-13.022454
-0.953786,2.357954,-13.022241
-1.457201,2.425613,-13.022228
-1.965874,2.469659,-13.022424
-2.579510,2.494977,-13.022822
-3.395767,2.489240,-13.023406
-4.507665,2.413992,-13.023988
-5.918484,2.190797,-13.024232
-7.831108,1.665187,-13.023676
-10.785432,0.737219,-13.023444
-13.615849,-1.123298,-13.025851
-17.324343,-4.102759,-13.026978
-19.925096,-8.069096,-13.026334
-20.493497,-12.213009,-13.024731
-19.066540,-15.806524,-13.026521
-17.386889,-19.743955,-13.022049
-16.972584,-26.654416,-13.023032
-12.850685,-29.595155,-13.025537
-8.396885,-32.033974,-13.024550
-3.195699,-32.243377,-13.023972
1.570731,-28.099557,-13.028588
4.826968,-22.830936,-13.023500
3.833424,-10.638611,-13.026480
3.955978,-7.401499,-13.026807
4.265716,-5.765574,-13.026248
4.518287,-4.499833,-13.025668
4.702828,-3.390409,-13.025128
4.800499,-2.342424,-13.024653
4.778979,-1.469486,-13.024344
4.594429,-0.597296,-13.024202
4.199675,0.151286,-13.024346
3.629553,0.701621,-13.024782
2.856328,1.133372,-13.025400
2.273993,1.374918,-13.025627
1.776010,1.560007,-13.025533
2.769366,3.462370,-15.621666
2.130044,3.704985,-15.621735
1.410748,3.956641,-15.622751
0.686087,4.162588,-15.624084
0.035730,4.292731,-15.625007
-0.723550,4.386385,-15.625575
-1.395310,4.426462,-15.625572
-2.259591,4.429544,-15.624797
-3.119009,4.380867,-15.623427
-4.066071,4.262671,-15.621908
-5.188808,4.028406,-15.621114
-6.479984,3.668484,-15.621943
-8.206140,3.171955,-15.624966
-10.209040,2.292743,-15.626807
-11.724891,0.852130,-15.622085
-15.258316,-1.186585,-15.624238
-16.546322,-3.923579,-15.629394
-18.426618,-7.452805,-15.624411
-17.445018,-10.428842,-15.624007
-16.249855,-13.434120,-15.625635
-14.888017,-16.889759,-15.627467
-15.566785,-24.480071,-15.624354
-11.945283,-27.350686,-15.624014
-7.721908,-29.315185,-15.626905
-2.851660,-28.112883,-15.622467
1.325752,-24.388431,-15.628158
4.291181,-20.512915,-15.626218
5.168551,-13.953101,-15.623673
4.016669,-7.534524,-15.625670
4.288208,-5.818534,-15.626442
4.610515,-4.503600,-15.627362
4.876246,-3.521374,-15.628110
5.132845,-2.556242,-15.628817
5.353580,-1.620519,-15.629397
5.511717,-0.726523,-15.629769
5.581492,0.202885,-15.629835
5.487096,1.128006,-15.629354
5.123964,1.995413,-15.627994
4.428000,2.686550,-15.625573
3.599666,3.127760,-15.623080
4.914603,5.853397,-18.223825
3.711413,6.357293,-18.222901
2.612715,6.750270,-18.222438
1.475495,7.006882,-18.224527
0.300316,7.121149,-18.227164
-0.877503,7.114876,-18.227351
-2.044555,6.996530,-18.226560
-3.194998,6.774582,-18.226878
-4.331802,6.474630,-18.227752
-5.617850,6.067825,-18.227806
-6.930776,5.508277,-18.226099
-8.131036,4.724046,-18.222784
-9.607938,3.760920,-18.221316
-11.707232,2.697948,-18.228650
-12.623757,0.924227,-18.225158
-13.651268,-1.131917,-18.222775
-14.565550,-3.441644,-18.225950
-13.969512,-5.649087,-18.221635
-13.190209,-7.856292,-18.223051
-12.152735,-10.079842,-18.224993
-11.503559,-12.966125,-18.222790
-12.211585,-19.114037,-18.223064
-9.480720,-21.565421,-18.225845
-5.932166,-22.462926,-18.223167
-2.219155,-21.027696,-18.223037
0.868213,-17.841331,-18.223080
3.427634,-16.705475,-18.223280
5.284051,-14.200542,-18.224364
5.391032,-9.848941,-18.223006
5.830761,-7.573016,-18.225917
5.004389,-4.840940,-18.223365
4.908203,-3.462613,-18.221328
5.046001,-2.450761,-18.220636
5.243440,-1.600313,-18.220422
5.488771,-0.741475,-18.220470
5.785447,0.209134,-18.220765
6.125569,1.324018,-18.221359
6.421441,2.555833,-18.222224
6.497913,3.894379,-18.223252
5.963175,5.152607,-18.223978
7.285019,8.557512,-20.827883
5.715960,9.528596,-20.824775
4.037885,10.125575,-20.826194
2.251520,10.328113,-20.826186
0.591382,10.217172,-20.826918
-1.033059,9.852646,-20.826741
-2.533163,9.300131,-20.825189
-3.936297,8.645472,-20.827217
-5.153558,7.825601,-20.827509
-6.193587,6.773978,-20.824426
-7.042802,5.663980,-20.826281
-7.707741,4.419711,-20.825047
-8.444129,3.275329,-20.823001
-9.031058,1.998744,-20.822897
-8.801141,0.536278,-20.827337
-8.407885,-0.762011,-20.824998
-8.030233,-1.975755,-20.823378
-7.567647,-3.106982,-20.825605
-7.075452,-4.231907,-20.826682
-6.713200,-5.507271,-20.827139
-6.640839,-7.351719,-20.828068
-6.415621,-9.860495,-20.826205
-5.207555,-11.463145,-20.823975
-3.250559,-11.777104,-20.823786
-1.356900,-11.197041,-20.824910
0.303807,-10.101997,-20.824820
1.626696,-8.844703,-20.826256
2.512064,-7.344092,-20.826753
3.463330,-6.620159,-20.825438
5.405679,-7.062941,-20.824153
6.281266,-5.952874,-20.826373
6.946233,-4.811196,-20.826070
6.904918,-3.278914,-20.824115
6.226678,-1.832503,-20.824396
6.520809,-0.829154,-20.824198
6.452447,0.259724,-20.823630
6.080524,1.289269,-20.823756
5.919188,2.365212,-20.824639
6.206911,3.753660,-20.826155
7.119155,6.088173,-20.828486
5.181335,8.547809,-23.425268
