31.812277,-4.971721,35.718883
31.299603,0.067752,35.718883
29.944097,4.738577,35.718883
27.957375,8.953250,35.718883
25.523885,12.686384,35.718883
22.789434,15.944311,35.718883
19.711664,18.879548,35.718883
16.504665,21.353762,35.718883
13.063880,23.490571,35.718883
9.607228,25.181315,35.718883
5.801756,26.568683,35.718883
1.861428,27.506938,35.718883
-2.365162,27.979857,35.718883
-6.618224,27.929010,35.718883
-11.033439,27.327732,35.718883
-15.721839,26.044130,35.718883
-20.183966,24.113592,35.718883
-24.472527,21.417331,35.718883
-28.376312,17.878708,35.718883
-31.598788,13.454759,35.718883
-33.710435,8.405185,35.718883
-34.536709,2.994782,35.718883
-34.218321,-2.468321,35.718883
-32.978796,-7.796986,35.718883
-30.984904,-12.890573,35.718883
-28.326494,-17.670482,35.718883
-25.060887,-22.058444,35.718883
-21.247035,-25.979604,35.718883
-16.941731,-29.354111,35.718883
-12.020696,-32.176371,35.718883
-6.716853,-34.192396,35.718883
-1.149542,-35.289279,35.718883
4.728820,-35.342874,35.718883
10.492824,-34.191101,35.718883
15.690488,-31.905344,35.718883
20.301219,-28.596160,35.718883
24.246882,-24.524371,35.718883
27.404030,-20.040450,35.718883
29.771962,-15.284008,35.718883
30.807750,-9.988185,31.963317
31.327154,-4.933663,31.970853
30.992600,-0.074686,31.976869
29.841460,4.658001,31.968637
28.031514,8.960977,31.960089
25.795269,12.825118,31.974764
23.238616,16.233332,31.966114
20.298696,19.318185,31.964796
17.005667,22.022196,31.974787
13.567902,24.178498,31.967116
9.885016,25.883066,31.967789
5.834138,27.203943,31.972854
1.858061,28.013566,31.969566
-2.386923,28.386348,31.971448
-6.847099,28.253244,31.974815
-11.271071,27.645798,31.970471
-15.998706,26.481256,31.972884
-20.496392,24.611496,31.974000
-24.939842,21.757021,31.968274
-28.718229,18.078662,31.960658
-31.791104,13.530148,31.965179
-33.846705,8.451175,31.978330
-34.658950,3.031499,31.971683
-34.443558,-2.452839,31.972372
-33.289207,-7.803782,31.973055
-31.223455,-13.102256,31.971346
-28.583924,-17.902781,31.977055
-25.336574,-22.316232,31.971398
-21.507162,-26.239188,31.974454
-16.953328,-29.637676,31.974328
-12.076463,-32.141385,31.963922
-6.666061,-33.882282,31.972008
-1.046666,-34.742696,31.969558
4.637385,-34.653018,31.966044
10.207851,-33.516886,31.969695
15.441906,-31.293499,31.966404
20.124859,-28.070701,31.966720
24.005669,-24.200877,31.972022
27.166590,-19.713262,31.973496
29.431337,-14.905868,31.966989
30.452756,-9.817619,28.228023
30.977543,-4.760071,28.216505
30.719461,0.103616,28.217410
29.747462,4.670167,28.228258
28.093478,9.036917,28.226469
26.014488,12.989393,28.225069
23.597297,16.499405,28.213301
20.769773,19.689991,28.216299
17.544708,22.477174,28.224857
13.943991,24.758222,28.216430
10.043694,26.478072,28.218636
5.957872,27.692149,28.210171
1.759809,28.424479,28.222033
-2.494567,28.691712,28.221778
-6.751166,28.505905,28.210781
-11.375244,27.857186,28.215726
-16.113566,26.730651,28.217144
-20.813526,24.812526,28.214561
-25.061647,22.028696,28.216059
-28.912668,18.131747,28.215313
-31.800052,13.702231,28.216874
-33.895125,8.419832,28.224660
-34.704401,2.998558,28.213902
-34.539318,-2.490488,28.214544
-33.423312,-7.849116,28.220317
-31.362724,-13.153261,28.218881
-28.729040,-17.958594,28.218624
-25.478903,-22.371846,28.224385
-21.628081,-26.277809,28.217423
-17.023926,-29.610331,28.210749
-11.889766,-32.055861,28.220484
-6.614835,-33.549212,28.226038
-0.971717,-34.253121,28.226074
4.507803,-34.073691,28.223435
10.074010,-32.911896,28.218607
15.143475,-30.818666,28.215041
19.895435,-27.696041,28.223521
23.707713,-24.041257,28.225451
26.901456,-19.579241,28.222453
29.124554,-14.756769,28.227130
30.196571,-9.689941,24.462581
30.725647,-4.844829,24.469211
30.548799,0.009524,24.475400
29.698155,4.590810,24.472436
28.199270,9.001940,24.464630
26.253191,13.010649,24.459984
23.832885,16.751091,24.469267
21.088410,20.001812,24.468286
17.753473,22.956647,24.464243
14.151621,25.219580,24.475235
10.237457,26.885278,24.474343
6.139778,28.025522,24.465892
1.938118,28.680594,24.470561
-2.512999,28.876607,24.470499
-6.959336,28.606549,24.461240
-11.364691,27.937879,24.462691
-16.084743,26.779647,24.473357
-20.783432,24.881605,24.471556
-25.158423,21.953269,24.468763
-28.827612,18.168591,24.467047
-31.797479,13.570958,24.464288
-33.783188,8.473834,24.466656
-34.637410,3.071042,24.474552
-34.511681,-2.405168,24.475346
-33.367818,-7.954175,24.472799
-31.388739,-13.058967,24.471181
-28.754815,-17.851148,24.469772
-25.361313,-22.395198,24.475845
-21.472299,-26.246475,24.476460
-17.003449,-29.399937,24.471542
-11.850696,-31.776722,24.469936
-6.564698,-33.184461,24.472628
-0.923592,-33.799487,24.471092
4.540809,-33.550837,24.471825
9.891912,-32.411115,24.476985
14.965043,-30.360780,24.476019
19.592458,-27.440837,24.465393
23.601832,-23.715938,24.464265
26.689921,-19.443940,24.469086
28.892944,-14.629092,24.465339
30.005910,-9.590885,20.720587
30.547101,-4.771745,20.725423
30.396160,0.055043,20.719129
29.610935,4.623947,20.711151
28.231581,9.046972,20.718390
26.371621,13.069388,20.716602
24.031480,16.833495,20.718482
21.219235,20.259229,20.718392
17.916895,23.215420,20.714581
14.333471,25.465083,20.719201
10.239809,27.164415,20.726830
6.147746,28.238112,20.714027
1.957897,28.817330,20.712779
-2.471589,28.929921,20.718476
-6.890765,28.596722,20.719867
-11.458038,27.826941,20.721364
-15.932331,26.624949,20.720940
-20.599583,24.715873,20.721801
-24.923800,21.775182,20.718647
-28.581651,18.008305,20.717796
-31.566292,13.464015,20.716111
-33.539432,8.390485,20.711320
-34.440992,3.023345,20.723505
-34.320932,-2.418827,20.728353
-33.172770,-7.940606,20.720080
-31.205380,-13.015829,20.714267
-28.550512,-17.763464,20.720179
-25.258107,-22.093947,20.727035
-21.210744,-26.027938,20.723295
-16.734650,-29.120180,20.715037
-11.784456,-31.382031,20.715222
-6.525357,-32.776467,20.723435
-0.911973,-33.361519,20.716650
4.521297,-33.078792,20.708998
9.838319,-31.923169,20.712832
14.887800,-29.894871,20.716520
19.356545,-27.155680,20.713216
23.399457,-23.511650,20.712267
26.504952,-19.287982,20.715514
28.705608,-14.505150,20.717604
29.839464,-9.503080,16.979320
30.394647,-4.729153,16.968042
30.250820,0.051253,16.965393
29.505799,4.585221,16.968089
28.229389,8.994051,16.960644
26.341010,13.177062,16.971244
24.039117,16.918091,16.972879
21.266723,20.322954,16.965831
17.999820,23.258068,16.960065
14.275103,25.583987,16.962585
10.399334,27.182324,16.973813
6.146937,28.277496,16.965319
1.789640,28.814843,16.969868
-2.400453,28.842225,16.977074
-6.774146,28.441006,16.975315
-11.281843,27.587810,16.970344
-15.678679,26.268720,16.963979
-20.278820,24.316530,16.970304
-24.378741,21.494585,16.969079
-28.043703,17.794504,16.964378
-31.080331,13.352790,16.969348
-33.090126,8.344821,16.974658
-34.073597,3.040800,16.966740
-33.972127,-2.346314,16.970136
-32.832905,-7.822690,16.972965
-30.892847,-12.851499,16.964503
-28.225295,-17.535460,16.960469
-24.913350,-21.788144,16.969508
-21.017226,-25.515165,16.968069
-16.413634,-28.686054,16.965141
-11.517140,-30.942653,16.973201
-6.312234,-32.346745,16.973187
-0.949921,-32.914629,16.970080
4.433484,-32.631943,16.967098
9.700122,-31.482040,16.963287
14.709057,-29.488726,16.960865
19.164627,-26.820184,16.967572
23.208056,-23.253591,16.973265
26.317479,-19.092180,16.975900
28.526766,-14.366531,16.980420
29.616103,-9.603912,13.219507
30.224983,-4.701519,13.221389
30.074547,0.012295,13.220987
29.304891,4.680246,13.224026
28.086609,9.040138,13.226283
26.316492,12.991959,13.215895
23.944416,16.852592,13.222354
21.203203,20.205159,13.224241
17.976051,23.096083,13.215873
14.308592,25.401590,13.216815
10.309122,27.066380,13.217822
6.112806,28.141466,13.217171
1.810425,28.639163,13.216253
-2.519076,28.592041,13.212915
-6.824371,28.096975,13.216097
-11.053087,27.175073,13.223113
-15.343286,25.725257,13.216332
-19.836486,23.699948,13.211262
-23.846818,20.868286,13.217351
-27.345746,17.379060,13.217280
-30.409634,13.048864,13.211536
-32.467320,8.137565,13.217849
-33.530131,2.921602,13.225493
-33.433102,-2.388078,13.222053
-32.346691,-7.602849,13.215533
-30.451953,-12.567812,13.211995
-27.791521,-17.172734,13.211845
-24.481578,-21.334575,13.221692
-20.608426,-24.977909,13.219438
-16.239136,-28.009659,13.218663
-11.264538,-30.388717,13.227122
-6.148738,-31.842382,13.214176
-0.862776,-32.434115,13.211337
4.448106,-32.149274,13.217896
9.451005,-31.055547,13.217983
14.401333,-29.113636,13.211881
18.985301,-26.413261,13.217483
22.859016,-23.063874,13.217531
26.092452,-18.836468,13.211502
28.248022,-14.380641,13.214093
29.370103,-9.482236,9.460195
29.991700,-4.671953,9.469243
29.804608,0.146736,9.470445
29.057798,4.536406,9.463174
27.900315,8.828008,9.466595
26.081009,12.881856,9.468702
23.723433,16.655916,9.473332
21.009171,19.927772,9.474725
17.673554,22.868759,9.472762
14.063724,25.117593,9.473404
10.142700,26.765562,9.470648
6.025698,27.833171,9.463089
1.799410,28.304484,9.467820
-2.450317,28.201201,9.471545
-6.665994,27.621907,9.472065
-10.787957,26.590026,9.474460
-14.945964,25.014525,9.469991
-19.129685,22.998715,9.470868
-22.905530,20.321150,9.475836
-26.503867,16.790089,9.472481
-29.463322,12.739407,9.467790
-31.611052,7.973617,9.470855
-32.773504,2.876968,9.463773
-32.722652,-2.334643,9.469567
-31.670332,-7.460771,9.474656
-29.809234,-12.333305,9.468938
-27.155684,-16.831161,9.464074
-23.854546,-20.875960,9.463539
-20.018020,-24.415614,9.462010
-15.728469,-27.392442,9.460632
-11.051799,-29.712551,9.462462
-6.060063,-31.246498,9.466107
-0.878163,-31.890584,9.471791
4.337847,-31.626837,9.467944
9.435133,-30.497140,9.461625
14.287925,-28.571498,9.469472
18.627043,-26.026278,9.468936
22.594174,-22.634410,9.468568
25.696908,-18.670210,9.469168
27.972306,-14.154569,9.462944
29.022695,-9.318816,5.727486
29.649605,-4.623692,5.717309
29.445581,0.083697,5.711080
28.653868,4.553245,5.715425
27.511550,8.742547,5.719609
25.704113,12.688777,5.719653
23.359689,16.350637,5.717234
20.541503,19.652611,5.717412
17.398080,22.371224,5.720436
13.879261,24.580303,5.719635
9.890185,26.298590,5.711883
5.873782,27.363685,5.711488
1.743733,27.812712,5.712089
-2.406641,27.656636,5.710375
-6.509569,26.989066,5.717579
-10.500479,25.845421,5.726766
-14.334050,24.243124,5.719104
-18.359171,22.154596,5.717000
-22.029337,19.505693,5.715737
-25.416581,16.204221,5.716099
-28.358119,12.279302,5.715359
-30.518896,7.863664,5.712920
-31.805686,2.920309,5.723198
-31.847711,-2.170331,5.724616
-30.866032,-7.189194,5.723146
-29.063789,-11.954661,5.723874
-26.454299,-16.339073,5.721184
-23.203051,-20.269014,5.722091
-19.441714,-23.711469,5.720690
-15.267208,-26.642571,5.716135
-10.910566,-28.909367,5.712405
-5.889239,-30.575739,5.712903
-0.834069,-31.257885,5.723348
4.262792,-31.008470,5.721100
9.240780,-29.895892,5.710583
13.979745,-28.010147,5.719963
18.374401,-25.416331,5.725747
22.111962,-22.233482,5.725393
25.302360,-18.243193,5.725994
27.593745,-13.860774,5.728793
28.525946,-9.095201,1.969611
29.155685,-4.537633,1.966390
28.942098,0.038493,1.964334
28.106518,4.556492,1.969154
26.961478,8.618220,1.976392
25.074204,12.594704,1.967331
22.844138,15.966313,1.971582
20.066834,19.141632,1.975878
16.844070,21.869481,1.971274
13.416759,24.003860,1.969318
9.722720,25.634135,1.963324
5.831612,26.715544,1.965418
1.819854,27.168063,1.961798
-2.213764,26.990641,1.966554
-6.184955,26.256350,1.973875
-10.030225,25.028953,1.972707
-13.877133,23.291792,1.975746
-17.554287,21.218942,1.963949
-20.962036,18.728719,1.964103
-24.251307,15.529192,1.969073
-27.036249,11.880623,1.970721
-29.349664,7.496241,1.974632
-30.650994,2.896218,1.971246
-30.793423,-2.052235,1.965121
-29.899908,-6.939376,1.968895
-28.156999,-11.575351,1.976834
-25.610369,-15.830077,1.973052
-22.433526,-19.634780,1.963579
-18.774664,-22.976603,1.969767
-14.893222,-25.755027,1.972843
-10.535359,-28.115599,1.961539
-5.858784,-29.766187,1.961049
-0.772803,-30.507361,1.962724
4.181727,-30.264255,1.965934
9.017055,-29.171009,1.969287
13.617019,-27.323893,1.967765
17.878719,-24.787485,1.971175
21.645916,-21.572413,1.974419
24.669887,-17.865531,1.973917
26.996824,-13.654072,1.972222
27.840476,-8.795446,-1.782548
28.469890,-4.397437,-1.787156
28.237228,0.204660,-1.787505
27.433558,4.390532,-1.782496
26.228120,8.472848,-1.785005
24.453929,12.144456,-1.779931
22.168831,15.529148,-1.778322
19.447058,18.566036,-1.774824
16.316296,21.182947,-1.775228
13.008370,23.253679,-1.782089
9.455034,24.867314,-1.773990
5.702920,25.943545,-1.782643
1.826146,26.390468,-1.782423
-2.071667,26.188953,-1.785209
-5.892146,25.393674,-1.786401
-9.576021,24.105136,-1.779132
-13.256933,22.347477,-1.789676
-16.599633,20.336014,-1.785115
-20.021614,17.797645,-1.774492
-23.043110,14.807521,-1.776243
-25.734245,11.273071,-1.783279
-27.984376,7.249032,-1.783168
-29.333889,2.831287,-1.783362
-29.587763,-1.952212,-1.780855
-28.791304,-6.682489,-1.785552
-27.110213,-11.168467,-1.786364
-24.659238,-15.286176,-1.774867
-21.717187,-18.839730,-1.780499
-18.204560,-22.095882,-1.783205
-14.335212,-24.920874,-1.783884
-10.148490,-27.248725,-1.788646
-5.643406,-28.887498,-1.784340
-0.907668,-29.611463,-1.777772
4.058733,-29.373910,-1.773772
8.728259,-28.297444,-1.778005
13.167199,-26.494073,-1.788254
17.271900,-24.018736,-1.779934
20.910809,-20.910547,-1.778881
23.977392,-17.213440,-1.788408
26.294405,-13.173613,-1.786368
26.925448,-8.404892,-5.536590
27.559806,-4.185894,-5.535610
27.357826,0.240459,-5.534882
26.579393,4.260325,-5.534786
25.369791,8.168440,-5.524988
23.560090,11.835377,-5.529703
21.331933,15.064688,-5.530216
18.685525,17.955145,-5.534692
15.803760,20.356312,-5.534535
12.493872,22.456580,-5.522437
9.085833,24.021433,-5.536185
5.483578,25.068288,-5.538663
1.757941,25.491517,-5.529761
-1.987203,25.263832,-5.531487
-5.638525,24.418626,-5.533781
-9.150392,23.096958,-5.527317
-12.520542,21.455759,-5.529224
-15.823411,19.347813,-5.525690
-18.952250,16.974661,-5.531041
-21.707787,14.201961,-5.530540
-24.289139,10.796427,-5.530961
-26.523397,6.974865,-5.539760
-27.884123,2.751358,-5.527218
-28.248948,-1.843007,-5.526103
-27.561563,-6.394569,-5.529416
-26.033639,-10.560957,-5.528410
-23.731475,-14.547778,-5.530809
-20.840375,-18.129876,-5.535702
-17.497741,-21.294296,-5.533281
-13.802961,-24.040828,-5.533913
-9.789910,-26.296602,-5.537686
-5.461572,-27.874835,-5.527522
-0.737832,-28.564377,-5.529822
3.862460,-28.305030,-5.539492
8.508632,-27.200430,-5.537213
12.760320,-25.432607,-5.525679
16.669302,-22.998957,-5.534024
20.142568,-19.983611,-5.533324
23.007948,-16.586245,-5.522343
25.385435,-12.589917,-5.527552
25.717619,-8.070864,-9.288472
26.407282,-3.896814,-9.289859
26.285803,0.172205,-9.282363
25.536900,4.171031,-9.275078
24.311942,7.878924,-9.289610
22.570088,11.373390,-9.286078
20.440221,14.450740,-9.283969
17.909724,17.207121,-9.285430
15.167930,19.508258,-9.281755
12.020837,21.531914,-9.282313
8.779562,23.050188,-9.289501
5.346388,24.067547,-9.277091
1.628216,24.473653,-9.281522
-1.945450,24.213720,-9.288548
-5.409030,23.330892,-9.281501
-8.739969,22.008362,-9.280630
-11.952087,20.436976,-9.287803
-14.922583,18.444672,-9.275480
-17.890285,16.149803,-9.281504
-20.463441,13.456643,-9.281705
-22.796233,10.305331,-9.271561
-24.977452,6.691951,-9.275646
-26.302295,2.670997,-9.285723
-26.777299,-1.709628,-9.281648
-26.245646,-5.897602,-9.278831
-24.768018,-10.046924,-9.282383
-22.628576,-13.882763,-9.284010
-19.933644,-17.352413,-9.287204
-16.796801,-20.429208,-9.285850
-13.296114,-23.085492,-9.281425
-9.461602,-25.231701,-9.278958
-5.157867,-26.737145,-9.278019
-0.638852,-27.328836,-9.273525
3.747502,-27.028332,-9.278210
8.170394,-25.923882,-9.289055
12.211164,-24.195489,-9.285497
15.915158,-21.830608,-9.278564
19.205640,-18.925204,-9.281685
21.939990,-15.681830,-9.289527
24.170159,-12.033510,-9.290186
24.302302,-7.468816,-13.032315
25.003654,-3.683203,-13.026023
24.972471,0.323623,-13.026381
24.283315,4.110220,-13.037617
23.066408,7.599545,-13.037617
21.405513,10.901365,-13.027607
19.392861,13.813571,-13.021221
16.997431,16.421994,-13.030730
14.411224,18.609016,-13.041463
11.446908,20.545143,-13.034963
8.386509,21.996506,-13.027778
4.985070,22.984126,-13.023667
1.616631,23.326367,-13.027165
-1.765371,23.064805,-13.027035
-5.027589,22.180345,-13.024814
-8.169295,20.898141,-13.024397
-11.223239,19.444511,-13.023105
-13.993776,17.501497,-13.033791
-16.783743,15.300170,-13.032714
-19.148221,12.695052,-13.036281
-21.305190,9.670750,-13.036284
-23.316057,6.404098,-13.021412
-24.594922,2.608085,-13.021122
-25.159676,-1.528546,-13.034132
-24.731880,-5.491843,-13.041131
-23.369310,-9.437155,-13.038075
-21.421037,-13.106266,-13.032701
-18.954752,-16.452880,-13.030601
-16.051593,-19.430762,-13.036339
-12.763966,-21.977281,-13.037489
-8.981950,-24.050164,-13.027998
-4.879680,-25.387049,-13.023799
-0.593193,-25.865165,-13.032570
3.553419,-25.527433,-13.039854
7.728583,-24.443083,-13.036834
11.535682,-22.768526,-13.030262
15.014950,-20.492144,-13.024859
18.110373,-17.720502,-13.022491
20.693557,-14.650569,-13.024487
22.809871,-11.206634,-13.030010
22.583545,-6.893262,-16.771732
23.344701,-3.225378,-16.783398
23.423813,0.379622,-16.784321
22.850813,3.933120,-16.771887
21.681581,7.186435,-16.775474
20.125617,10.275881,-16.783926
18.264672,13.013350,-16.778499
16.047841,15.476505,-16.772551
13.539763,17.639501,-16.781825
10.900570,19.392812,-16.790186
7.913444,20.824510,-16.779794
4.726467,21.731073,-16.775536
1.573205,22.028713,-16.782130
-1.589827,21.762004,-16.788690
-4.763131,20.843230,-16.779391
-7.696785,19.625395,-16.773664
-10.555299,18.277203,-16.788507
-13.109444,16.403157,-16.785271
-15.583317,14.401724,-16.786667
-17.728764,11.911177,-16.782133
-19.700614,9.047009,-16.779016
-21.570390,5.989071,-16.782923
-22.758429,2.432743,-16.775367
-23.368707,-1.282325,-16.775913
-23.013978,-5.130342,-16.776499
-21.813166,-8.700341,-16.774171
-20.068662,-12.171097,-16.773995
-17.849546,-15.364596,-16.774860
-15.098079,-18.317000,-16.780906
-12.034199,-20.714350,-16.784938
-8.467471,-22.602742,-16.784022
-4.601362,-23.761667,-16.786048
-0.583432,-24.139226,-16.788870
3.433538,-23.756550,-16.786262
7.187077,-22.729286,-16.778759
10.854770,-21.048179,-16.774406
13.962656,-18.957599,-16.778883
16.843460,-16.346788,-16.780386
19.247967,-13.467908,-16.774372
21.215720,-10.245669,-16.769763
20.579319,-6.170255,-20.531275
21.391376,-2.813473,-20.529407
21.599935,0.498262,-20.531841
21.172285,3.652914,-20.535428
20.056275,6.774097,-20.538971
18.634245,9.625674,-20.534108
16.940655,12.158216,-20.535463
14.920207,14.445715,-20.541309
12.642966,16.474037,-20.538594
10.122256,18.191049,-20.531688
7.366935,19.499837,-20.532203
4.555610,20.285010,-20.524016
1.519469,20.557629,-20.525973
-1.522882,20.266506,-20.537571
-4.302920,19.411891,-20.534619
-7.003257,18.285528,-20.522446
-9.648767,17.077269,-20.526991
-12.073186,15.225157,-20.539675
-14.327613,13.352874,-20.530529
-16.224441,10.997140,-20.523482
-17.924178,8.440210,-20.531426
-19.635621,5.621636,-20.537795
-20.727541,2.344013,-20.528529
-21.358895,-1.065311,-20.528715
-21.069722,-4.607383,-20.525948
-19.990082,-7.907025,-20.526614
-18.440976,-11.129409,-20.533650
-16.469252,-14.118860,-20.526305
-13.987721,-16.885751,-20.530566
-11.065558,-19.180216,-20.532785
-7.750748,-20.861608,-20.524135
-4.163638,-21.833094,-20.526949
-0.456564,-22.100377,-20.530461
3.235942,-21.686767,-20.533570
6.673814,-20.677457,-20.536530
9.902499,-19.126054,-20.533501
12.864013,-17.110122,-20.524502
15.407340,-14.783026,-20.526491
17.591661,-12.110145,-20.536954
19.302230,-9.249180,-20.536644
18.284916,-5.284977,-24.278752
19.086739,-2.399770,-24.284870
19.441359,0.560788,-24.284958
19.141608,3.531008,-24.277331
18.217427,6.240819,-24.276674
16.957544,8.817018,-24.281234
15.396509,11.214010,-24.280426
13.611524,13.300732,-24.276846
11.593215,15.159695,-24.281658
9.344449,16.732959,-24.289342
6.871422,17.924184,-24.279823
4.103664,18.660947,-24.273521
1.367572,18.858090,-24.274714
-1.250003,18.588820,-24.276993
-3.856911,17.762130,-24.276156
-6.285082,16.741642,-24.274474
-8.760265,15.587154,-24.280753
-10.813716,13.944604,-24.289205
-12.904518,12.150948,-24.275524
-14.539169,9.972911,-24.284066
-16.055386,7.663419,-24.285840
-17.554461,5.108578,-24.277046
-18.469927,2.258182,-24.288429
-19.067200,-0.802377,-24.282907
-18.838566,-3.871167,-24.277563
-17.859816,-6.965738,-24.278436
-16.506340,-9.882842,-24.277940
-14.768308,-12.596493,-24.277228
-12.557594,-15.107302,-24.281798
-9.924055,-17.165718,-24.286502
-6.919988,-18.637954,-24.287471
-3.678232,-19.458126,-24.287061
-0.339900,-19.654850,-24.281957
2.862170,-19.269292,-24.280847
6.054731,-18.279837,-24.285800
8.921648,-16.808889,-24.286287
11.483222,-15.052854,-24.282924
13.783974,-12.972505,-24.277546
15.659895,-10.650517,-24.273560
17.152637,-8.062067,-24.274281
15.655606,-4.202410,-28.037822
16.406741,-1.818042,-28.031318
16.864587,0.618084,-28.026538
16.727760,3.206818,-28.027340
16.001658,5.691063,-28.032984
14.946566,7.942480,-28.036918
13.620522,10.041985,-28.035808
12.119358,11.891081,-28.028515
10.337971,13.622492,-28.025987
8.322144,15.074917,-28.035369
6.171671,16.099364,-28.028350
3.760339,16.697560,-28.034635
1.280765,16.845725,-28.031297
-1.089670,16.575403,-28.025918
-3.342684,15.831381,-28.029175
-5.544763,14.901310,-28.028699
-7.573064,13.896379,-28.026974
-9.408715,12.369225,-28.034035
-11.185977,10.778953,-28.027460
-12.584066,8.866888,-28.034028
-13.896770,6.864471,-28.041021
-15.146115,4.616859,-28.034378
-15.930681,2.138962,-28.026660
-16.390278,-0.520891,-28.034843
-16.140006,-3.186831,-28.034540
-15.330397,-5.770699,-28.031635
-14.160613,-8.304857,-28.033344
-12.657851,-10.662878,-28.030385
-10.735290,-12.836859,-28.030224
-8.525844,-14.551661,-28.032434
-5.917769,-15.826061,-28.032893
-3.103806,-16.533680,-28.031662
-0.208104,-16.687320,-28.035237
2.570813,-16.332699,-28.034730
5.230586,-15.472761,-28.030935
7.680117,-14.130030,-28.036373
9.833467,-12.682776,-28.032196
11.867098,-10.924874,-28.029715
13.475698,-8.893181,-28.038864
14.707068,-6.621983,-28.041769
12.528636,-3.109882,-31.782796
13.174314,-1.175799,-31.784525
13.716857,0.853131,-31.781784
13.716443,2.876136,-31.777252
13.326299,4.867769,-31.784871
12.535551,6.814498,-31.784361
11.487325,8.547599,-31.781106
10.215068,10.224779,-31.783173
8.817491,11.686932,-31.776700
7.144735,12.966920,-31.776412
5.312859,13.825526,-31.782433
3.257581,14.287538,-31.779246
1.237180,14.365208,-31.783042
-0.771898,14.111929,-31.787757
-2.690009,13.489577,-31.781663
-4.472894,12.711857,-31.780255
-6.215728,11.708072,-31.782925
-7.624392,10.493652,-31.778317
-9.034951,9.165952,-31.783947
-10.268436,7.567759,-31.782240
-11.348626,5.951095,-31.774882
-12.298708,4.080199,-31.778640
-12.892682,2.051316,-31.786351
-13.144432,-0.126635,-31.776575
-12.868935,-2.296940,-31.777018
-12.191615,-4.387420,-31.781142
-11.240461,-6.359821,-31.780358
-9.982750,-8.256782,-31.778514
-8.441105,-9.933038,-31.780285
-6.623621,-11.303714,-31.785154
-4.575549,-12.302020,-31.786817
-2.374217,-12.887895,-31.781362
-0.019839,-13.033979,-31.781286
2.161175,-12.755313,-31.784194
4.316491,-12.025449,-31.785444
6.198249,-10.910746,-31.786679
7.971783,-9.761160,-31.780671
9.629534,-8.469465,-31.773540
10.948695,-6.819856,-31.774825
11.849455,-5.019380,-31.778937
8.670842,-1.618357,-35.533708
9.048055,-0.304776,-35.533877
9.560209,1.026722,-35.533828
9.699057,2.415629,-35.535897
9.623657,3.913805,-35.532213
9.300911,5.330228,-35.529711
8.543153,6.613175,-35.536045
7.689429,7.885737,-35.534657
6.702238,9.062546,-35.528938
5.525999,10.050516,-35.533935
4.136120,10.705237,-35.533870
2.566513,10.981538,-35.534463
1.029925,10.982902,-35.533859
-0.430872,10.772504,-35.529458
-1.843431,10.339486,-35.527589
-3.154290,9.662763,-35.534730
-4.300882,8.827604,-35.532526
-5.314866,7.925618,-35.527822
-6.337722,6.940998,-35.532838
-7.300412,5.903283,-35.532516
-8.033062,4.692717,-35.531781
-8.646557,3.334549,-35.530585
-8.937203,1.843213,-35.532149
-8.848417,0.357802,-35.534590
-8.604358,-1.099034,-35.532655
-8.085786,-2.540596,-35.532641
-7.364063,-3.834698,-35.534429
-6.482127,-5.018486,-35.535233
-5.394407,-6.103866,-35.534241
-4.152569,-7.009435,-35.533001
-2.835190,-7.681329,-35.530846
-1.364686,-8.133498,-35.527380
0.163015,-8.274959,-35.528565
1.697448,-8.100055,-35.532806
3.097732,-7.620767,-35.533854
4.331492,-6.817193,-35.528319
5.523695,-6.046500,-35.526791
6.736714,-5.316414,-35.531846
7.694291,-4.264395,-35.533314
8.298083,-2.984591,-35.533282
0.915603,2.852765,-39.281117
17.593487,-1.157677,35.718883
17.597798,1.321654,35.718883
17.333360,3.787391,35.718883
16.812965,6.211901,35.718883
16.048414,8.570812,35.718883
15.047064,10.839366,35.718883
13.813068,12.990565,35.718883
12.265117,15.092757,35.718883
10.367482,17.070953,35.718883
8.090399,18.822179,35.718883
5.545953,20.155192,35.718883
2.668554,21.017841,35.718883
-0.318532,21.330550,35.718883
-3.447636,21.154819,35.718883
-6.522124,20.551355,35.718883
-9.744453,19.484000,35.718883
-12.813814,18.034866,35.718883
-15.793497,16.150535,35.718883
-18.682181,13.702586,35.718883
-21.181968,10.680170,35.718883
-22.917954,7.159742,35.718883
-23.555594,3.163361,35.718883
-23.147762,-0.740594,35.718883
-22.027154,-4.495214,35.718883
-20.459243,-8.083389,35.718883
-18.634282,-11.400701,35.718883
-16.398053,-14.614163,35.718883
-13.715831,-17.475649,35.718883
-10.504791,-19.721563,35.718883
-6.921099,-20.960567,35.718883
-3.007899,-21.213559,35.718883
0.733059,-20.603096,35.718883
4.178919,-19.380794,35.718883
7.282574,-17.709133,35.718883
9.917969,-15.783871,35.718883
12.186927,-13.623221,35.718883
13.997948,-11.394336,35.718883
15.494151,-8.942244,35.718883
16.568763,-6.410165,35.718883
19.017218,-4.420682,31.970016
19.271877,-1.544671,31.975863
19.228504,1.204111,31.969640
18.890295,3.934770,31.965616
18.176275,6.581484,31.968638
17.239709,9.032660,31.967681
15.999081,11.328147,31.972912
13.848277,13.028699,31.962888
11.901469,14.775928,31.965331
10.012979,16.362155,31.967604
7.700498,17.869212,31.967366
5.336258,18.961299,31.970635
2.629404,19.474556,31.972366
-0.119333,19.491841,31.971908
-2.863417,19.291480,31.973628
-5.704206,18.788718,31.971407
-8.574416,17.831361,31.966439
-11.296993,16.516281,31.970403
-14.111995,14.775871,31.976274
-16.709710,12.561212,31.971285
-19.469983,10.034576,31.962043
-22.763837,7.086699,31.966412
-24.039494,3.251647,31.967557
-24.007499,-0.829556,31.971612
-23.346092,-4.866752,31.975275
-22.120821,-8.810254,31.969355
-20.475396,-12.599917,31.968440
-18.290804,-16.243996,31.967323
-15.463251,-19.648285,31.965946
-12.002693,-22.349897,31.968576
-7.921397,-23.942160,31.970094
-3.831606,-25.386574,31.974689
0.597618,-25.565288,31.971574
4.616960,-23.596641,31.961243
8.051579,-20.642972,31.962251
11.014118,-18.189484,31.971421
13.570481,-15.695151,31.967516
15.572150,-13.069021,31.961012
17.208897,-10.203071,31.963046
18.321146,-7.375782,31.965685
20.354961,-4.935515,28.218327
20.545169,-1.817608,28.219119
20.420425,1.162528,28.212822
19.966596,4.112592,28.216142
19.113925,6.811707,28.221222
17.952970,9.421819,28.213262
16.509301,11.696197,28.224469
14.111211,13.200338,28.228643
11.924497,14.789518,28.213806
9.823457,16.230035,28.218391
7.573949,17.466130,28.221029
5.203541,18.398856,28.211471
2.520498,18.736976,28.215854
-0.033056,18.641566,28.220523
-2.724035,18.429279,28.215033
-5.382912,17.981766,28.213925
-8.089187,17.115029,28.219417
-10.794368,15.860984,28.216203
-13.495714,14.274021,28.211704
-16.028161,12.241537,28.216512
-18.875024,9.852750,28.225696
-22.503071,7.073485,28.222344
-24.140116,3.235431,28.219571
-24.435546,-0.826596,28.216239
-24.063974,-5.036215,28.214371
-23.031728,-9.176077,28.218594
-21.428807,-13.285326,28.216568
-19.262028,-17.102123,28.212163
-16.423614,-20.685899,28.215019
-12.827445,-23.676580,28.222449
-8.546399,-25.534929,28.218690
-4.246064,-27.244799,28.217953
0.456755,-27.557423,28.218811
4.889054,-25.440420,28.220892
8.573797,-22.333899,28.225411
11.685969,-19.862226,28.215921
14.464975,-17.224821,28.210692
16.714977,-14.293614,28.216359
18.466928,-11.202820,28.222536
19.650274,-8.137936,28.221076
21.338494,-5.310050,24.476261
21.463388,-2.003873,24.474759
21.230352,1.154414,24.469693
20.663980,4.123480,24.469188
19.647414,6.962632,24.474788
18.334146,9.533575,24.475216
16.661804,11.870994,24.464726
14.301736,13.509936,24.468110
12.174088,14.997738,24.461958
9.959494,16.321913,24.467159
7.595867,17.401186,24.471867
5.136023,18.192691,24.466785
2.558505,18.480025,24.470023
-0.029524,18.402773,24.471939
-2.611817,18.190152,24.466054
-5.305565,17.734627,24.461995
-7.925491,16.950184,24.462938
-10.707471,15.772307,24.461602
-13.490875,14.249436,24.463515
-16.129892,12.280606,24.463715
-19.000108,9.847475,24.462623
-22.212633,6.950693,24.466370
-23.933341,3.194694,24.462650
-24.472067,-0.856868,24.462084
-24.253600,-5.149099,24.468312
-23.308724,-9.366353,24.472492
-21.782416,-13.410867,24.471978
-19.536168,-17.420576,24.468284
-16.674261,-21.051366,24.464529
-13.070274,-24.134658,24.465101
-8.794578,-26.174888,24.472828
-4.360992,-27.599689,24.476252
0.478669,-27.708875,24.467932
4.946303,-25.993191,24.462029
8.765499,-23.425928,24.469403
12.246811,-20.870608,24.466522
15.099891,-18.238879,24.466824
17.520673,-15.197616,24.465305
19.390137,-11.952530,24.461712
20.634581,-8.706041,24.468644
22.006779,-5.561552,20.722247
22.069082,-2.108732,20.721924
21.702589,1.183444,20.715346
20.998217,4.121311,20.710749
19.808191,7.055064,20.711761
18.359266,9.543597,20.711598
16.582588,11.807726,20.715567
14.566965,13.653844,20.721967
12.362284,15.276682,20.713196
10.087587,16.508299,20.718336
7.665141,17.435320,20.723698
5.158238,18.082438,20.718952
2.586428,18.398481,20.722947
-0.003815,18.412759,20.718095
-2.585774,18.195801,20.712174
-5.278189,17.721616,20.713337
-8.051166,16.948830,20.719068
-10.870876,15.860932,20.719732
-13.690765,14.416469,20.715638
-16.536687,12.463600,20.719422
-19.303992,9.935269,20.726000
-21.726043,6.892082,20.719172
-23.421344,3.233070,20.718704
-24.179746,-0.877606,20.720616
-24.029994,-5.054268,20.716670
-23.121491,-9.277257,20.711854
-21.579168,-13.312728,20.717736
-19.381370,-17.196300,20.720089
-16.513619,-20.804584,20.719987
-12.929685,-23.926271,20.725329
-8.844673,-26.077085,20.722416
-4.201006,-27.063896,20.714382
0.413863,-26.883682,20.712958
4.881746,-25.765886,20.715062
8.939220,-23.903736,20.712807
12.538832,-21.517718,20.719481
15.545686,-18.831626,20.722228
18.112718,-15.728037,20.723782
20.006451,-12.492620,20.726641
21.304825,-9.107514,20.724835
22.376701,-5.697151,16.971630
22.380193,-2.133672,16.968640
21.890260,1.109217,16.963513
20.950439,4.246505,16.961500
19.699027,6.968983,16.966205
18.060247,9.468524,16.970428
16.307437,11.532805,16.967752
14.579105,13.622532,16.973798
12.461501,15.293601,16.973900
10.036025,16.520025,16.972628
7.608114,17.330793,16.969514
5.095111,17.856702,16.970027
2.555085,18.207798,16.976095
-0.008129,18.320316,16.963422
-2.563739,18.114479,16.968862
-5.229162,17.632928,16.972347
-7.989938,16.923750,16.964485
-10.816238,15.937681,16.972745
-13.760636,14.519190,16.974090
-16.803020,12.602496,16.975334
-19.406067,10.008987,16.974876
-21.138238,6.722030,16.962432
-22.697488,3.176561,16.967150
-23.596698,-0.823654,16.971619
-23.458023,-4.838220,16.965122
-22.550982,-9.015074,16.961282
-20.972214,-12.986682,16.964938
-18.816581,-16.689080,16.968044
-15.944136,-20.217427,16.970166
-12.499437,-23.224008,16.971953
-8.500336,-25.489061,16.967368
-4.031229,-26.059421,16.970308
0.555637,-25.665857,16.966814
4.790416,-25.125295,16.962766
8.925327,-24.019534,16.974730
12.602818,-21.856672,16.969875
15.749324,-19.153158,16.968849
18.362643,-16.149164,16.970674
20.352746,-12.845501,16.968445
21.726867,-9.219480,16.970189
22.459105,-5.717484,13.225133
22.421365,-2.232257,13.214888
21.761528,1.185009,13.218605
20.664622,4.192688,13.224015
19.323210,6.795363,13.223938
17.619657,9.167623,13.224024
15.749413,11.231020,13.212218
14.185390,13.372612,13.214824
12.103669,14.974572,13.214788
9.827113,16.070880,13.213190
7.312096,16.850446,13.214673
4.978786,17.276674,13.215407
2.501569,17.649154,13.214121
0.000548,17.829331,13.215557
-2.496445,17.644535,13.215168
-5.103480,17.182096,13.212383
-7.677074,16.567071,13.213318
-10.589970,15.615521,13.222261
-13.478733,14.273528,13.226242
-16.522704,12.461828,13.227350
-19.001084,9.904914,13.223189
-20.316084,6.664429,13.213327
-21.795479,3.175551,13.219977
-22.753568,-0.701238,13.220445
-22.594622,-4.632111,13.209676
-21.700024,-8.567980,13.210847
-20.097390,-12.421996,13.222346
-17.926778,-16.005920,13.222880
-15.257117,-19.199190,13.220445
-11.890768,-22.137839,13.225545
-8.157486,-24.402211,13.216226
-3.673060,-24.903531,13.214972
0.537682,-24.555498,13.219486
4.710792,-24.392144,13.221260
8.850338,-23.785454,13.221624
12.646422,-21.769510,13.213233
15.781865,-19.183412,13.210768
18.480313,-16.196916,13.212163
20.514358,-12.858332,13.215065
21.835250,-9.307584,13.223200
22.253083,-5.620059,9.462563
22.166039,-2.128747,9.460798
21.399413,1.126875,9.467138
20.133585,4.085053,9.470180
18.656866,6.638595,9.464227
16.925454,8.852682,9.464226
15.073294,10.788930,9.472119
13.504774,12.799872,9.467580
11.564674,14.205910,9.469280
9.370426,15.252626,9.467276
7.075534,15.949455,9.468990
4.693984,16.361764,9.473958
2.445834,16.719594,9.469183
0.176572,16.928675,9.464698
-2.227769,16.786376,9.466819
-4.741688,16.369521,9.467449
-7.223755,15.803030,9.467623
-9.905997,14.950372,9.474067
-12.698269,13.683133,9.471217
-15.635792,11.962998,9.464294
-18.046804,9.524984,9.465098
-19.386825,6.436937,9.471664
-20.822261,3.086017,9.471539
-21.693380,-0.522701,9.468517
-21.530501,-4.302358,9.467531
-20.615705,-8.077713,9.468438
-19.058187,-11.633767,9.473226
-16.913482,-15.047743,9.472809
-14.297425,-18.080575,9.469755
-11.140078,-20.794001,9.470534
-7.592174,-23.034101,9.468549
-3.429437,-23.708971,9.473759
0.629162,-23.591834,9.473255
4.649004,-23.632741,9.468149
8.788136,-23.230921,9.474102
12.503643,-21.414196,9.470576
15.683248,-18.910567,9.472187
18.325386,-16.077722,9.474085
20.378929,-12.769127,9.469273
21.673237,-9.220565,9.465466
21.751173,-5.402739,5.720705
21.632973,-2.082632,5.718093
20.721481,1.217831,5.723374
19.369998,3.962568,5.724022
17.792218,6.426757,5.718666
16.083317,8.477770,5.721305
14.279851,10.273115,5.723559
12.699809,11.934305,5.723683
10.810950,13.213357,5.724847
8.740703,14.218837,5.722451
6.678575,14.836007,5.721960
4.542665,15.204742,5.718097
2.410323,15.561191,5.711660
0.258279,15.781632,5.719491
-1.899531,15.674726,5.720861
-4.166574,15.330210,5.719012
-6.525588,14.806297,5.719081
-9.068774,13.986074,5.717631
-11.611410,12.830636,5.713572
-14.257276,11.257603,5.714345
-16.663228,9.021847,5.720765
-18.341583,6.159617,5.723907
-19.750353,3.004323,5.722219
-20.485871,-0.458942,5.720085
-20.297795,-4.036659,5.720201
-19.397741,-7.484718,5.722249
-17.851928,-10.833029,5.726010
-15.749865,-14.029347,5.722938
-13.300360,-16.777508,5.718464
-10.279425,-19.320809,5.720950
-7.051608,-21.404087,5.721339
-3.283829,-22.429163,5.723225
0.678067,-22.685542,5.721456
4.621055,-22.801508,5.719754
8.551909,-22.421876,5.725791
12.139885,-20.816441,5.715365
15.321105,-18.447771,5.718919
17.957269,-15.697180,5.723385
19.988851,-12.460031,5.715979
21.229039,-8.962437,5.717770
20.925376,-5.178834,1.977511
20.757103,-1.815960,1.965581
19.791632,1.249300,1.966739
18.357245,3.883078,1.966530
16.791960,6.140548,1.963297
15.153667,8.044198,1.972157
13.427241,9.698651,1.975083
11.730797,11.023471,1.965297
9.902146,12.155386,1.962067
8.083945,13.074201,1.969613
6.145998,13.665344,1.970206
4.262354,14.019756,1.971146
2.377299,14.342140,1.973004
0.473370,14.532105,1.964084
-1.557101,14.460802,1.968865
-3.690679,14.162112,1.966376
-5.788402,13.684541,1.963160
-8.057233,12.926307,1.973249
-10.443657,11.816110,1.965270
-12.769454,10.351224,1.961371
-15.066513,8.428212,1.968002
-17.154580,5.961588,1.968724
-18.547699,3.046407,1.971154
-19.173681,-0.253491,1.973233
-18.978337,-3.718586,1.969484
-18.070286,-6.945400,1.965169
-16.550313,-10.063850,1.974458
-14.580118,-12.922242,1.971935
-12.230231,-15.470257,1.966487
-9.456169,-17.747420,1.975568
-6.425020,-19.675514,1.965038
-2.986936,-21.054314,1.969050
0.659706,-21.734740,1.973708
4.490134,-21.833543,1.960035
8.284113,-21.312062,1.960499
11.697067,-19.874649,1.969758
14.825787,-17.654548,1.971700
17.399610,-14.985191,1.970296
19.307850,-11.946335,1.974469
20.477793,-8.537189,1.979513
19.743203,-4.681173,-1.784768
19.531140,-1.547292,-1.777125
18.575624,1.289896,-1.781242
17.196549,3.724965,-1.780685
15.637930,5.890971,-1.777564
14.101478,7.664734,-1.781328
12.555844,9.107408,-1.778790
10.718586,10.161962,-1.783599
9.085626,11.123279,-1.774918
7.505381,11.952196,-1.782205
5.716340,12.570306,-1.785880
4.083345,12.936960,-1.783686
2.322663,13.218333,-1.786350
0.544552,13.357715,-1.786510
-1.238583,13.315347,-1.777578
-3.229554,13.057743,-1.776868
-5.177651,12.581320,-1.781021
-7.170137,11.858306,-1.782252
-9.181188,10.886597,-1.787800
-11.307864,9.476576,-1.782885
-13.553644,7.790323,-1.773426
-15.909764,5.742105,-1.777162
-17.308141,2.976727,-1.778577
-17.835595,-0.143680,-1.775707
-17.666101,-3.249290,-1.774479
-16.770388,-6.361394,-1.776164
-15.311421,-9.250443,-1.773337
-13.423410,-11.875152,-1.779386
-11.186247,-14.212378,-1.786275
-8.562698,-16.287695,-1.779825
-5.703005,-18.011439,-1.779871
-2.618097,-19.609402,-1.775548
0.776055,-20.639421,-1.776268
4.359884,-20.658093,-1.783622
7.853465,-19.932508,-1.776113
11.154257,-18.569868,-1.780466
14.097235,-16.556971,-1.778965
16.497692,-14.060001,-1.777719
18.316957,-11.123946,-1.786752
19.365192,-7.933282,-1.789251
18.145620,-4.117483,-5.533070
17.874947,-1.232320,-5.530896
17.052623,1.308431,-5.525458
15.847309,3.592545,-5.525850
14.500840,5.534075,-5.531750
13.121601,7.212551,-5.531231
11.705363,8.552012,-5.528926
9.940356,9.403385,-5.538036
8.432317,10.293808,-5.530461
6.981755,11.074513,-5.526645
5.466664,11.728159,-5.525940
3.882112,12.176594,-5.524728
2.246011,12.381777,-5.531068
0.701449,12.436731,-5.538374
-1.049977,12.419331,-5.528043
-2.788122,12.204317,-5.525369
-4.582965,11.737538,-5.528628
-6.411216,11.033504,-5.527051
-8.252751,10.101589,-5.523860
-10.104743,8.815208,-5.528450
-12.219282,7.306445,-5.534967
-14.689058,5.452192,-5.531063
-16.049344,2.822979,-5.528328
-16.523414,0.029019,-5.532641
-16.379221,-2.939259,-5.536405
-15.555972,-5.817849,-5.532459
-14.200836,-8.486073,-5.534499
-12.431311,-10.891909,-5.531143
-10.257138,-13.094952,-5.527924
-7.879579,-14.906787,-5.536365
-5.183372,-16.403531,-5.532332
-2.298676,-18.041845,-5.528851
0.856842,-19.227125,-5.532727
4.176237,-19.144451,-5.533518
7.332536,-18.196279,-5.529910
10.375003,-16.902518,-5.530733
13.103821,-15.072282,-5.530892
15.290954,-12.728617,-5.527310
16.933198,-9.991042,-5.525571
17.841726,-7.125697,-5.529402
16.169811,-3.375452,-9.287870
15.820274,-0.855809,-9.285327
15.198117,1.420928,-9.285211
14.391536,3.432203,-9.287289
13.328858,5.209702,-9.286653
12.209708,6.735857,-9.281588
10.890485,8.068738,-9.278326
9.305913,8.911923,-9.286829
7.969832,9.796629,-9.287041
6.642242,10.508981,-9.284852
5.310650,11.225236,-9.284366
3.806375,11.760925,-9.277858
2.300963,11.899531,-9.278617
0.698927,11.874716,-9.286412
-0.903674,11.866849,-9.277449
-2.585241,11.645318,-9.280402
-4.221521,11.189385,-9.284230
-5.886600,10.526805,-9.279533
-7.642299,9.606665,-9.277927
-9.325524,8.409899,-9.282649
-11.223223,6.985766,-9.286937
-13.418952,5.206949,-9.283487
-14.729183,2.825134,-9.282004
-15.274637,0.108043,-9.284207
-15.185901,-2.615333,-9.285615
-14.452333,-5.352074,-9.282772
-13.244210,-7.811197,-9.279467
-11.564837,-10.082946,-9.275788
-9.474512,-12.134993,-9.274329
-7.188571,-13.803103,-9.276872
-4.655769,-15.045030,-9.276847
-1.945526,-16.405503,-9.278636
0.884862,-17.393943,-9.283720
3.915234,-17.206079,-9.285535
6.801925,-16.053085,-9.279967
9.457667,-14.808334,-9.280396
11.861338,-13.169334,-9.283485
13.738813,-11.040944,-9.284119
15.134582,-8.578205,-9.284547
15.934006,-6.028314,-9.286761
14.066464,-2.565244,-13.030967
13.645758,-0.388765,-13.027847
13.283249,1.545466,-13.030486
12.918953,3.300952,-13.028027
12.168704,4.936060,-13.026166
11.307551,6.319308,-13.033015
10.187863,7.605910,-13.026171
8.938379,8.511182,-13.031961
7.729829,9.466576,-13.033558
6.452110,10.158591,-13.037988
5.141926,10.975231,-13.028729
3.801554,11.523660,-13.027388
2.259688,11.629972,-13.029252
0.722726,11.539086,-13.027036
-0.817623,11.511478,-13.037055
-2.340887,11.289317,-13.040105
-3.988958,10.815899,-13.031366
-5.576554,10.176516,-13.025288
-7.236817,9.285551,-13.034748
-8.836346,8.143536,-13.032920
-10.527302,6.686984,-13.026021
-12.168788,4.942001,-13.030270
-13.391965,2.778388,-13.027023
-14.015913,0.279804,-13.023675
-13.993711,-2.291867,-13.025402
-13.405044,-4.794357,-13.027254
-12.294010,-7.210323,-13.028294
-10.726251,-9.346055,-13.027786
-8.803099,-11.185366,-13.028046
-6.630823,-12.714212,-13.031371
-4.123202,-13.793659,-13.033096
-1.612611,-14.686575,-13.032308
0.973806,-15.260870,-13.030594
3.702926,-14.931933,-13.031217
6.154137,-13.722391,-13.035431
8.426818,-12.504444,-13.027755
10.444371,-11.078764,-13.028024
12.032363,-9.162779,-13.033834
13.157361,-7.043665,-13.025694
13.874538,-4.796980,-13.026841
12.077747,-1.804371,-16.790067
11.687187,0.009642,-16.779411
11.531534,1.605071,-16.777588
11.536810,3.150812,-16.783771
11.094615,4.638596,-16.777276
10.437336,5.950763,-16.774266
9.572091,7.137490,-16.779550
8.575359,8.218311,-16.781811
7.500386,9.218630,-16.779207
6.290362,9.903838,-16.788400
5.066870,10.722893,-16.780642
3.721287,11.294927,-16.782878
2.250068,11.379665,-16.782183
0.786213,11.257938,-16.773714
-0.681153,11.187645,-16.785255
-2.203936,10.927622,-16.783196
-3.764413,10.465463,-16.781554
-5.269587,9.861325,-16.784956
-6.902306,8.980436,-16.777171
-8.427594,7.904284,-16.771716
-9.805486,6.456440,-16.776111
-10.920848,4.684223,-16.783972
-12.007950,2.709053,-16.779250
-12.681214,0.426074,-16.774989
-12.705879,-1.910226,-16.776582
-12.212608,-4.335948,-16.775868
-11.265903,-6.544005,-16.775912
-9.821140,-8.548599,-16.780866
-8.002484,-10.238265,-16.786404
-5.939957,-11.610394,-16.786467
-3.627661,-12.480174,-16.789042
-1.267183,-12.925348,-16.783348
1.133630,-13.010890,-16.774394
3.418450,-12.577017,-16.778095
5.518143,-11.442193,-16.784141
7.364221,-10.290413,-16.783271
9.085327,-8.988691,-16.782034
10.378676,-7.346091,-16.780873
11.267595,-5.543768,-16.774200
11.884024,-3.661529,-16.781851
10.381880,-1.171774,-20.529118
10.124390,0.338070,-20.523829
10.089990,1.693608,-20.531051
10.307488,2.998465,-20.540873
10.115394,4.308204,-20.539125
9.613176,5.596375,-20.534685
8.941696,6.732480,-20.527543
8.206966,7.908906,-20.532133
7.291540,8.858532,-20.525969
6.124049,9.605884,-20.527303
4.963324,10.372151,-20.535928
3.612834,10.902971,-20.538575
2.225473,10.989888,-20.529675
0.841476,10.879360,-20.523935
-0.607913,10.740777,-20.531862
-1.965781,10.462455,-20.532942
-3.431370,10.023154,-20.533082
-4.909845,9.434870,-20.531688
-6.435623,8.614587,-20.523561
-7.935810,7.560113,-20.526358
-9.012378,6.155888,-20.529305
-9.709642,4.401331,-20.524557
-10.573601,2.651638,-20.526368
-11.206004,0.618331,-20.527115
-11.246969,-1.551413,-20.525543
-10.875556,-3.670013,-20.528853
-10.057848,-5.737720,-20.531367
-8.743500,-7.610698,-20.529178
-7.095836,-9.107459,-20.528106
-5.207395,-10.278416,-20.534803
-3.096519,-10.987161,-20.537996
-0.886510,-11.120237,-20.533072
1.250825,-10.813144,-20.528039
3.199319,-10.296392,-20.532060
4.964239,-9.352897,-20.537644
6.514518,-8.285530,-20.532203
7.892269,-7.126801,-20.525807
8.937440,-5.740624,-20.530763
9.640710,-4.236159,-20.532720
10.158863,-2.691677,-20.531972
9.022416,-0.673799,-24.281599
8.973602,0.551634,-24.286816
9.011356,1.698423,-24.283719
9.272594,2.896918,-24.278314
9.213285,4.062593,-24.281506
8.852200,5.225795,-24.283719
8.324217,6.332882,-24.281796
7.787042,7.493966,-24.274784
6.902942,8.433207,-24.276013
5.877556,9.206700,-24.285351
4.760142,9.843597,-24.286977
3.476751,10.246523,-24.277768
2.196197,10.367035,-24.283614
0.912251,10.301125,-24.287547
-0.417936,10.095769,-24.273850
-1.666555,9.794990,-24.284239
-3.014700,9.381297,-24.287017
-4.374615,8.840207,-24.278343
-5.776013,8.088142,-24.278680
-7.096747,7.141897,-24.277885
-8.039285,5.761517,-24.275445
-8.514148,4.158692,-24.274097
-9.123241,2.551111,-24.273544
-9.557334,0.781666,-24.280812
-9.585730,-1.066887,-24.284955
-9.279859,-3.002317,-24.274405
-8.600452,-4.774546,-24.275306
-7.496987,-6.398412,-24.276446
-5.992318,-7.748808,-24.274060
-4.270821,-8.682594,-24.286052
-2.435309,-9.219417,-24.287863
-0.489403,-9.237771,-24.281532
1.299613,-8.791899,-24.281315
2.984783,-8.227697,-24.285046
4.419687,-7.546039,-24.279779
5.737696,-6.651981,-24.277612
6.856270,-5.607167,-24.283032
7.743167,-4.434880,-24.276630
8.352241,-3.170507,-24.272302
8.772491,-1.941130,-24.275015
7.971014,-0.273891,-28.024345
8.136721,0.760484,-28.027791
8.267792,1.746933,-28.037425
8.397791,2.785667,-28.034479
8.384566,3.835709,-28.030720
8.095177,4.890745,-28.034524
7.687958,5.917996,-28.036195
7.214228,7.006341,-28.022244
6.451720,7.817757,-28.033944
5.567336,8.630218,-28.034460
4.435936,9.042018,-28.030416
3.306795,9.283754,-28.033643
2.168246,9.486335,-28.032705
0.972230,9.465500,-28.026971
-0.154478,9.197411,-28.022852
-1.266430,8.896727,-28.021605
-2.462522,8.511501,-28.028811
-3.625256,8.035064,-28.036366
-4.867801,7.357308,-28.035518
-5.988108,6.473805,-28.028539
-6.819752,5.279953,-28.022828
-7.270364,3.927451,-28.023456
-7.541664,2.484526,-28.029669
-7.696784,0.975336,-28.035920
-7.700937,-0.545886,-28.035924
-7.445483,-2.152968,-28.029600
-6.849629,-3.659642,-28.030180
-5.934173,-5.017409,-28.029376
-4.729984,-6.107371,-28.023687
-3.197589,-6.771551,-28.028937
-1.648990,-7.128871,-28.034089
-0.087540,-7.205912,-28.031245
1.403203,-6.893702,-28.026241
2.726623,-6.395406,-28.032301
3.986617,-5.864014,-28.032331
5.122616,-5.225295,-28.029486
6.015533,-4.336619,-28.037799
6.752949,-3.379992,-28.030928
7.306469,-2.372539,-28.034643
7.709618,-1.289833,-28.035239
7.011576,0.095319,-31.783462
7.358665,0.925767,-31.786295
7.588251,1.767809,-31.791468
7.523546,2.708530,-31.781344
7.496113,3.599270,-31.778743
7.253623,4.497218,-31.788439
6.937022,5.430444,-31.772750
6.486585,6.314121,-31.778830
5.831174,7.073533,-31.787293
5.088830,7.776928,-31.771757
4.009123,7.868505,-31.775212
3.051145,8.045958,-31.777945
2.105245,8.331904,-31.776158
1.111875,8.275209,-31.778014
0.165916,7.973998,-31.778618
-0.767096,7.699534,-31.774958
-1.687332,7.377252,-31.776643
-2.666756,6.953280,-31.780211
-3.614021,6.391127,-31.781250
-4.457194,5.620325,-31.779588
-5.169616,4.691995,-31.778554
-5.612623,3.600011,-31.777479
-5.607623,2.414011,-31.775364
-5.545932,1.217656,-31.782319
-5.513949,0.030707,-31.788271
-5.309419,-1.189439,-31.778635
-4.831399,-2.311991,-31.773212
-4.121922,-3.342661,-31.775193
-3.198835,-4.233907,-31.776672
-1.967712,-4.616177,-31.778301
-0.762682,-4.739595,-31.779991
0.370809,-4.885554,-31.780864
1.483817,-4.893434,-31.779689
2.532149,-4.588001,-31.776629
3.513207,-4.164219,-31.774872
4.478611,-3.828640,-31.779266
5.224941,-3.153322,-31.789560
5.829556,-2.371320,-31.780168
6.350289,-1.599660,-31.772820
6.739160,-0.751287,-31.780882
5.879051,0.513657,-35.534498
6.285852,1.123087,-35.533840
6.665160,1.834233,-35.531043
6.384851,2.568351,-35.529184
6.302506,3.278601,-35.531297
6.102356,3.997550,-35.534607
5.863441,4.715141,-35.525786
5.441260,5.345371,-35.530935
4.970960,6.025877,-35.528336
4.185371,6.245167,-35.530225
3.381955,6.201697,-35.528696
2.702040,6.461078,-35.528929
2.025469,6.643272,-35.538848
1.323187,6.462021,-35.536993
0.663555,6.247216,-35.538191
0.017000,6.026911,-35.535881
-0.620410,5.760605,-35.529033
-1.259599,5.423724,-35.526653
-1.845268,4.967552,-35.526525
-2.334375,4.396825,-35.525653
-2.743492,3.750865,-35.524826
-2.945198,3.044101,-35.526543
-2.897809,2.264214,-35.531592
-2.841022,1.544168,-35.535362
-2.804916,0.796996,-35.537480
-2.676229,0.019493,-35.538065
-2.346910,-0.700251,-35.532308
-1.880845,-1.294298,-35.525105
-1.337279,-1.907403,-35.527215
-0.624731,-2.218633,-35.531545
0.227286,-2.110912,-35.531545
0.951133,-2.108130,-35.534049
1.623223,-2.311166,-35.533564
2.319706,-2.501282,-35.526096
2.995263,-2.230550,-35.526270
3.673989,-2.039927,-35.527676
4.344659,-1.814625,-35.526648
4.785469,-1.215506,-35.528168
5.210682,-0.676851,-35.531934
5.606030,-0.112753,-35.533739
3.180598,2.173993,-39.281117
