16.936198,23.256605,31.676628
13.078267,24.759149,31.676628
9.448753,25.513144,31.676628
5.748100,25.707898,31.676628
2.056030,25.399619,31.676628
-1.152707,24.775262,31.676628
-4.296293,23.880258,31.676628
-7.368617,22.765343,31.676628
-10.369895,21.471543,31.676628
-13.301655,20.027267,31.676628
-16.537765,18.225431,31.676628
-19.855885,16.134485,31.676628
-23.391331,13.586312,31.676628
-27.370855,10.194153,31.676628
-31.218948,6.032489,31.676628
-34.559827,0.655658,31.676628
-36.224893,-5.447347,31.676628
-35.921087,-11.984910,31.676628
-33.941457,-17.997184,31.676628
-30.642756,-23.646247,31.676628
-26.299831,-28.822914,31.676628
-21.261672,-33.325307,31.676628
-15.679489,-37.132902,31.676628
-9.237138,-40.333723,31.676628
-2.364096,-42.462049,31.676628
5.013934,-43.212804,31.676628
12.361502,-42.113908,31.676628
19.247825,-38.844672,31.676628
24.701020,-34.128160,31.676628
29.059775,-28.403282,31.676628
32.273585,-22.212221,31.676628
34.330002,-16.002281,31.676628
35.304002,-9.975917,31.676628
35.254522,-3.871728,31.676628
34.227615,1.703930,31.676628
32.348332,6.820751,31.676628
29.935481,11.212517,31.676628
26.944830,15.248146,31.676628
23.912445,18.409312,31.676628
16.950988,18.179344,28.358116
14.491209,20.398901,28.353740
11.930433,22.534160,28.347718
8.803332,24.180788,28.349875
5.546109,24.879437,28.357545
2.224777,24.969995,28.352170
-1.087167,24.700228,28.345393
-4.356169,24.122861,28.345254
-7.573556,23.290341,28.350413
-10.728558,22.255218,28.352486
-14.170815,20.732338,28.345200
-17.499152,18.971824,28.355290
-20.856811,16.826345,28.355695
-24.519805,13.958648,28.352583
-28.472364,10.415231,28.357325
-32.937362,6.103651,28.343910
-37.499979,0.349143,28.345198
-39.580041,-6.352248,28.350757
-39.593410,-13.358242,28.350414
-37.166549,-20.122494,28.347936
-32.900803,-25.577781,28.349957
-28.385764,-31.323639,28.355588
-22.928840,-36.160076,28.353022
-16.617909,-39.889118,28.347704
-9.823318,-42.567441,28.344550
-2.453082,-44.137213,28.344503
5.301739,-44.291111,28.349809
12.680366,-42.753391,28.356419
19.459788,-39.430648,28.357980
25.146233,-34.530270,28.349589
29.503968,-28.902254,28.343798
32.823040,-22.839698,28.355550
33.637627,-15.686571,28.356574
33.438477,-9.148453,28.354871
32.432279,-3.343247,28.352526
30.109456,1.952590,28.346090
28.623687,6.378211,28.349674
26.310692,10.368571,28.350390
23.107172,13.482501,28.350981
19.927657,15.896329,28.355941
16.292347,17.578166,25.029413
13.927561,19.623539,25.021247
11.340112,21.770954,25.023397
8.454920,23.477938,25.028536
5.463224,24.424671,25.021252
2.127824,24.790793,25.018696
-1.231380,24.779955,25.022570
-4.566760,24.444411,25.021908
-7.867633,23.822802,25.022880
-11.317493,22.876523,25.029589
-14.630503,21.520469,25.023043
-18.214940,19.680989,25.025488
-21.769038,17.352555,25.028941
-25.370613,14.333201,25.025936
-29.240794,10.618825,25.024573
-33.678086,6.191310,25.030114
-38.208987,0.320554,25.032545
-40.433317,-6.650789,25.023509
-40.560726,-13.952117,25.023567
-38.168280,-20.800836,25.029941
-33.776137,-26.536209,25.029378
-29.350112,-32.443537,25.030765
-23.927870,-37.432924,25.031417
-17.327779,-41.261593,25.030868
-9.944172,-43.864990,25.028599
-2.427766,-45.070195,25.026613
5.181539,-44.825812,25.027594
12.784346,-42.942044,25.024701
19.406035,-39.616943,25.028893
25.186165,-34.719143,25.033695
29.604715,-29.041837,25.027212
32.932311,-22.896534,25.020649
33.532550,-15.658126,25.027724
33.067391,-9.065665,25.030626
31.944058,-3.211914,25.030041
29.535090,2.109996,25.032821
27.738071,6.467262,25.026867
25.270315,10.164953,25.026507
22.149624,13.093935,25.031217
19.127729,15.408213,25.033147
17.209013,18.439055,21.700664
14.360132,20.193300,21.699077
11.402825,21.758953,21.695400
8.375063,23.193205,21.693641
5.440472,24.260416,21.696700
2.142295,24.818954,21.703184
-1.205062,25.001067,21.701770
-4.544830,24.861143,21.698072
-8.083450,24.364713,21.698440
-11.553064,23.530603,21.697949
-15.300342,22.084455,21.692304
-18.873718,20.247217,21.691680
-22.566908,17.742208,21.691084
-26.059836,14.622027,21.695464
-29.778543,10.764011,21.703647
-33.891443,6.064660,21.700187
-37.105763,0.436523,21.700811
-38.910264,-6.235420,21.698027
-39.090935,-13.190680,21.698230
-37.373008,-20.088926,21.699614
-33.797446,-26.557762,21.698859
-29.460019,-32.508734,21.705504
-23.936961,-37.711457,21.699233
-17.421658,-41.609848,21.695352
-10.036761,-44.180872,21.695582
-2.523364,-45.254943,21.692507
5.276246,-44.744114,21.694887
12.588266,-42.710777,21.697452
19.352279,-39.227771,21.702677
24.974308,-34.501538,21.703816
29.364161,-28.839665,21.700718
32.559722,-22.668390,21.706005
33.580314,-15.662446,21.702396
33.391272,-9.129121,21.698774
32.490224,-3.207483,21.701080
30.683209,1.846789,21.703543
28.455568,6.480350,21.703627
25.815927,10.336488,21.698551
22.982538,13.511311,21.695829
20.212485,16.121780,21.698314
18.642204,19.501885,18.370298
15.037805,21.149200,18.375981
11.642852,22.186398,18.376357
8.496132,23.218883,18.369821
5.372838,24.331842,18.366368
2.123613,24.991905,18.373093
-1.182635,25.296504,18.375752
-4.717204,25.273011,18.371089
-8.234025,24.873339,18.368964
-11.898490,24.040314,18.374990
-15.631132,22.657951,18.379868
-19.363000,20.727821,18.377413
-23.164187,18.055602,18.380018
-26.685620,14.716342,18.380470
-30.071286,10.893042,18.374996
-33.510304,6.033454,18.378118
-35.216473,0.549050,18.379189
-36.300718,-5.582449,18.374514
-36.437645,-12.171189,18.372127
-35.439984,-19.002211,18.373154
-33.136108,-25.898053,18.374532
-28.870234,-31.827862,18.380085
-23.583416,-36.895527,18.380579
-17.068887,-41.038063,18.374830
-9.992768,-43.638086,18.371647
-2.332743,-44.735791,18.372306
5.166355,-44.107527,18.371007
12.377390,-41.962577,18.379177
19.033470,-38.448210,18.374263
24.629413,-33.761429,18.372104
28.912937,-28.121015,18.381047
31.832265,-21.916407,18.368605
33.489261,-15.476710,18.371392
33.826878,-9.313804,18.377173
33.262309,-3.344022,18.376621
32.049725,1.816993,18.375018
29.586978,6.509433,18.369216
26.905119,10.568789,18.371359
24.422597,13.990809,18.373846
21.748291,17.022548,18.371231
19.202198,20.042563,15.042066
15.435924,21.713918,15.049150
11.848336,22.653177,15.049847
8.491022,23.542932,15.043014
5.379521,24.524745,15.041404
2.194408,25.230017,15.048555
-1.263219,25.627322,15.049941
-4.742734,25.668086,15.050119
-8.421143,25.298006,15.054359
-12.239521,24.432289,15.053177
-16.119638,23.009154,15.044673
-19.769496,21.072043,15.049143
-23.465658,18.380354,15.051343
-27.017549,14.878345,15.045632
-30.152739,10.943359,15.047364
-32.843034,5.989811,15.055434
-33.658187,0.620610,15.048533
-34.272376,-5.035180,15.051052
-34.265527,-11.068194,15.051948
-33.530744,-17.841037,15.043616
-31.926880,-24.778180,15.044385
-27.883704,-30.459967,15.054076
-22.691796,-35.472491,15.045864
-16.589190,-39.605189,15.046269
-9.715130,-42.386314,15.051187
-2.410584,-43.548275,15.046058
5.180490,-42.890172,15.051400
12.042651,-40.758862,15.049366
18.551184,-37.251316,15.050193
23.920880,-32.787781,15.054906
28.081585,-27.218530,15.051912
30.727663,-21.026867,15.043862
32.887589,-15.270115,15.051165
33.731145,-9.335879,15.056506
33.390399,-3.397576,15.052773
32.639583,1.749917,15.051695
30.089400,6.524957,15.054145
27.419261,10.775714,15.056890
25.022261,14.432473,15.053490
22.437879,17.460032,15.045813
18.762008,19.658327,11.718574
15.460483,21.565748,11.726403
12.131682,22.895855,11.728708
8.683550,23.909382,11.722283
5.417627,24.775137,11.716638
2.119079,25.513521,11.715964
-1.233294,25.931268,11.723180
-4.826457,25.992617,11.727931
-8.608198,25.617777,11.722064
-12.315676,24.765517,11.715699
-16.287825,23.324285,11.721856
-20.182456,21.199267,11.729448
-23.706756,18.505061,11.722519
-27.117601,15.039960,11.720256
-30.030573,10.886688,11.727995
-32.026500,5.994760,11.723765
-32.910290,0.792655,11.726930
-33.433378,-4.909180,11.724782
-33.077727,-10.772447,11.726938
-32.097103,-16.871920,11.727821
-30.354680,-23.359580,11.718880
-26.413631,-28.867921,11.722371
-21.530955,-33.579238,11.723298
-15.858336,-37.611711,11.719007
-9.287968,-40.541992,11.716611
-2.211764,-41.799584,11.720319
4.956007,-41.220690,11.725415
11.621026,-39.143161,11.724552
17.740038,-35.816067,11.719584
23.124823,-31.337554,11.719267
26.999943,-26.075259,11.722615
29.404731,-19.993592,11.720916
31.609410,-14.442327,11.727608
32.549494,-8.706665,11.726556
32.239328,-3.147298,11.721006
31.547428,1.857512,11.724948
29.312298,6.622013,11.728811
27.132628,10.516555,11.729008
24.705533,14.210799,11.724817
21.948284,17.156719,11.719213
17.986260,18.981752,8.403137
15.095665,21.249400,8.402129
12.143777,23.038548,8.401597
8.895934,24.236325,8.403717
5.524386,25.007039,8.402920
2.144828,25.743181,8.395667
-1.284122,26.167104,8.391845
-4.949723,26.206141,8.398428
-8.589250,25.829670,8.405851
-12.549802,24.889691,8.404427
-16.366785,23.479237,8.404362
-20.276119,21.296266,8.405312
-23.771313,18.512629,8.403950
-27.147603,14.950846,8.401242
-29.686783,10.811728,8.402409
-31.207882,5.942918,8.404160
-32.492821,0.810692,8.394036
-33.013673,-4.658761,8.393840
-32.372790,-10.311250,8.397879
-30.888938,-16.041244,8.397818
-28.548552,-21.883209,8.397681
-24.841411,-26.994751,8.396776
-20.286559,-31.361478,8.393361
-14.866496,-35.338097,8.399302
-8.826904,-38.264230,8.402823
-2.031397,-39.605031,8.393541
4.675818,-39.154059,8.391075
11.108272,-37.200609,8.395913
16.997537,-33.988049,8.402219
22.012225,-29.792013,8.400345
25.751279,-24.726189,8.391760
27.997635,-18.838347,8.390268
29.734510,-13.381466,8.392991
30.515700,-7.981963,8.392557
30.151320,-2.679097,8.390367
29.243878,2.113400,8.391113
27.909329,6.381338,8.392088
26.157312,10.297040,8.390486
23.755249,13.799638,8.391806
20.849025,16.642045,8.398469
17.492860,18.575633,5.066931
14.935892,20.990788,5.066666
12.110876,23.086650,5.071470
8.878972,24.457758,5.078376
5.633897,25.173394,5.078556
2.189603,25.878287,5.070325
-1.298732,26.271362,5.066724
-5.012734,26.265857,5.066992
-8.695495,25.841377,5.067288
-12.489849,24.910290,5.070922
-16.325046,23.458078,5.078225
-20.222777,21.221742,5.077473
-23.674042,18.364069,5.080033
-26.838307,14.863096,5.073845
-29.185219,10.625034,5.065425
-30.456713,5.894562,5.075469
-31.963218,0.835671,5.070560
-32.410150,-4.591865,5.068848
-31.586339,-10.029522,5.070218
-29.643120,-15.328033,5.071559
-26.795458,-20.237904,5.073690
-23.332836,-24.965833,5.069778
-18.957106,-29.128757,5.064309
-13.915455,-32.859090,5.072448
-8.184567,-35.776165,5.076889
-1.869098,-37.123148,5.066511
4.574212,-36.791014,5.065738
10.575307,-35.024773,5.065637
16.231764,-31.937366,5.067086
20.864270,-28.015558,5.068137
24.476669,-23.161006,5.067986
26.609822,-17.698175,5.072389
27.728341,-12.150994,5.076426
28.236670,-7.073064,5.073687
27.844672,-2.232717,5.070427
26.756034,2.129995,5.073390
26.230335,6.205700,5.075913
24.945449,10.073831,5.074346
22.731622,13.320267,5.070897
20.055795,16.162261,5.068371
17.365248,18.501426,1.748016
14.954610,20.850580,1.753656
12.096789,22.985745,1.749760
8.864902,24.454005,1.746246
5.580424,25.234945,1.753660
2.266285,25.857011,1.745371
-1.272070,26.191503,1.745663
-4.832654,26.138062,1.750338
-8.547494,25.674742,1.747385
-12.361226,24.711537,1.741850
-16.194539,23.200838,1.739025
-19.907697,21.012254,1.744934
-23.319447,18.099052,1.749123
-26.250778,14.658306,1.749873
-28.424637,10.541736,1.750125
-29.717042,5.834322,1.749125
-31.146253,0.973812,1.749334
-31.474027,-4.222651,1.742386
-30.585972,-9.647601,1.738710
-28.353604,-14.532115,1.739666
-25.037963,-18.872645,1.741433
-21.782019,-23.217462,1.748256
-17.694572,-27.044872,1.744759
-12.970902,-30.466319,1.744902
-7.653052,-33.195813,1.747358
-1.798566,-34.537908,1.744407
4.199733,-34.372835,1.745045
10.159153,-32.719945,1.745522
15.277869,-29.965251,1.749644
19.712512,-26.215989,1.752654
23.231741,-21.585972,1.748493
25.368550,-16.574418,1.743837
26.066277,-11.218351,1.744481
26.420961,-6.311829,1.741422
26.091836,-1.875485,1.742747
24.957886,2.288817,1.750225
24.884049,6.048338,1.741647
23.907812,9.789921,1.740038
21.879708,13.020067,1.745226
19.714646,15.854283,1.746180
17.425696,18.593409,-1.577498
14.869087,20.841982,-1.572927
12.012028,22.734140,-1.576372
8.919890,24.168118,-1.580962
5.621108,25.063761,-1.576570
2.252929,25.632945,-1.578165
-1.331690,25.876350,-1.575140
-4.745459,25.754464,-1.573094
-8.480960,25.217733,-1.575303
-12.128229,24.244841,-1.577956
-15.787419,22.744868,-1.584152
-19.331161,20.612015,-1.577802
-22.580878,17.778628,-1.577860
-25.387095,14.256225,-1.583414
-27.432969,10.266558,-1.580040
-28.836427,5.802029,-1.575425
-30.019474,1.085815,-1.582719
-30.175089,-3.911212,-1.583423
-29.311366,-9.126981,-1.585698
-27.010811,-13.713223,-1.583783
-23.679625,-17.535167,-1.577322
-20.498912,-21.662316,-1.585727
-16.549299,-25.311246,-1.579964
-12.089844,-28.381944,-1.578043
-7.084648,-30.806053,-1.583883
-1.645803,-32.062069,-1.583714
4.111950,-31.982211,-1.578638
9.509163,-30.581698,-1.579927
14.461559,-28.003868,-1.579696
18.719684,-24.423425,-1.580566
21.986051,-20.340266,-1.582233
24.392735,-15.697256,-1.575394
25.266673,-10.596173,-1.577804
25.684601,-6.073038,-1.583064
25.550069,-1.626739,-1.583838
24.708029,2.247188,-1.581590
24.458099,6.030380,-1.581309
23.457094,9.614289,-1.582286
21.680185,12.804115,-1.582579
19.702780,15.838193,-1.581119
17.464831,18.664365,-4.906636
14.673310,20.691072,-4.906475
11.646692,22.371339,-4.903713
8.645389,23.696538,-4.900019
5.498137,24.633444,-4.900545
2.079468,25.133594,-4.907229
-1.202163,25.259883,-4.911247
-4.650780,25.058794,-4.912684
-8.060833,24.497713,-4.909588
-11.554687,23.518985,-4.902171
-15.212347,21.964872,-4.901713
-18.584964,19.862462,-4.898076
-21.545192,17.203339,-4.904474
-24.116924,13.740686,-4.912762
-26.096409,9.893084,-4.907377
-27.674215,5.689296,-4.901578
-28.489368,1.266574,-4.910666
-28.475043,-3.556800,-4.907326
-27.709427,-8.386994,-4.901290
-25.666600,-12.700902,-4.904146
-22.422326,-16.563612,-4.909240
-19.440923,-20.368783,-4.910031
-15.762680,-23.758811,-4.905441
-11.394320,-26.574441,-4.905838
-6.647692,-28.650460,-4.908878
-1.413277,-29.806610,-4.906739
3.948701,-29.768393,-4.902137
8.990556,-28.550015,-4.900556
13.648521,-26.249454,-4.901582
17.675818,-23.000186,-4.901780
20.967752,-19.207063,-4.901613
23.650467,-15.171243,-4.903689
25.244046,-10.622863,-4.900498
26.009605,-6.173609,-4.897901
26.223480,-1.869130,-4.898934
25.804927,2.259862,-4.900987
24.912670,6.135453,-4.902926
23.616414,9.700826,-4.905081
21.979430,12.959442,-4.906572
19.944333,16.008424,-4.906818
17.297316,18.343623,-8.225581
14.350275,20.166326,-8.224997
11.222555,21.657041,-8.227050
8.333006,22.875629,-8.232731
5.184899,23.858313,-8.236584
2.076758,24.254658,-8.230386
-1.060971,24.293139,-8.231207
-4.346916,24.020455,-8.237569
-7.587098,23.397224,-8.236616
-10.895424,22.369203,-8.231339
-14.206028,20.880957,-8.236715
-17.254614,18.915703,-8.231765
-20.064448,16.348202,-8.226546
-22.332511,13.125194,-8.231748
-24.254125,9.453443,-8.234773
-25.924801,5.695855,-8.228635
-26.430244,1.439610,-8.233850
-26.300160,-3.022421,-8.232785
-25.649230,-7.440715,-8.227670
-23.951269,-11.711304,-8.229056
-21.327602,-15.534391,-8.235173
-18.453147,-19.146038,-8.237679
-14.927577,-22.384547,-8.237515
-10.670008,-24.901572,-8.235041
-6.181046,-26.581397,-8.233672
-1.332960,-27.568562,-8.232777
3.621265,-27.573103,-8.228966
8.457276,-26.506008,-8.228902
12.948966,-24.409217,-8.232636
16.745760,-21.503796,-8.232256
20.025437,-18.015538,-8.227386
22.891656,-14.397248,-8.228580
25.119184,-10.510322,-8.234994
26.266537,-6.255762,-8.233721
26.788850,-1.942142,-8.227728
26.902981,2.169817,-8.227279
25.250231,6.089507,-8.227827
23.550456,9.696108,-8.227060
21.994325,12.971110,-8.226119
19.849762,15.952284,-8.225847
16.247580,17.500565,-11.560345
13.573574,19.204022,-11.560541
10.639475,20.523909,-11.559925
7.832927,21.702437,-11.555976
4.933179,22.635658,-11.551277
2.060689,22.977114,-11.554204
-0.990326,22.939012,-11.558116
-4.015728,22.594430,-11.559779
-6.984583,21.911040,-11.556248
-9.995705,20.829125,-11.550188
-12.858479,19.398850,-11.556996
-15.589086,17.464649,-11.558902
-18.132021,15.030119,-11.554455
-20.072143,12.142527,-11.554250
-21.697602,9.012170,-11.554941
-23.377213,5.446487,-11.551358
-23.644325,1.650718,-11.559396
-23.523823,-2.332234,-11.562264
-22.933397,-6.375868,-11.560670
-21.846443,-10.372003,-11.557798
-20.074849,-14.393680,-11.556394
-17.282021,-17.829001,-11.561507
-14.011288,-20.832907,-11.561676
-10.018265,-22.989466,-11.560681
-5.624381,-24.338055,-11.559183
-1.133500,-25.137898,-11.558591
3.441320,-25.127688,-11.560757
7.920658,-24.207165,-11.555406
12.112336,-22.362831,-11.556459
15.680898,-19.778260,-11.561320
18.831771,-16.660315,-11.561456
21.516423,-13.331980,-11.559591
23.028128,-9.370330,-11.556038
23.785335,-5.310906,-11.554015
24.514660,-1.402700,-11.557014
24.898560,2.379224,-11.560238
23.786781,6.007493,-11.553110
21.917061,9.349441,-11.553548
20.184404,12.237859,-11.558914
18.443906,14.995651,-11.560509
14.572644,15.957535,-14.879223
12.314477,17.797187,-14.881923
9.724886,19.067509,-14.887654
7.245393,20.137133,-14.888055
4.678931,21.010144,-14.882263
1.857135,21.350936,-14.882535
-0.854536,21.254372,-14.884615
-3.534128,20.859003,-14.883165
-6.273770,20.096773,-14.883729
-8.765636,19.030764,-14.888427
-11.227752,17.601544,-14.883397
-13.520521,15.708477,-14.884310
-15.617535,13.568311,-14.888740
-17.280273,11.123515,-14.883201
-18.677472,8.315236,-14.877794
-19.999541,5.214980,-14.886164
-20.232541,1.974220,-14.880769
-20.222410,-1.434239,-14.884089
-19.712456,-4.887440,-14.886369
-19.160771,-8.683941,-14.885241
-18.242209,-12.835139,-14.887225
-15.718474,-15.899931,-14.884141
-12.704024,-18.684400,-14.880142
-8.987440,-20.512806,-14.881356
-5.010375,-21.520823,-14.885778
-0.873643,-22.162455,-14.886555
3.194734,-22.137756,-14.881106
7.187029,-21.366027,-14.876649
10.943128,-19.781723,-14.882200
14.262895,-17.487678,-14.886821
17.111735,-14.721163,-14.882531
19.275874,-11.544360,-14.879578
19.261599,-7.166312,-14.883116
19.447917,-3.500500,-14.880490
19.917635,-0.448636,-14.880023
19.871171,2.677094,-14.887194
20.356374,5.715528,-14.885657
19.184705,8.630330,-14.885827
17.306266,10.955398,-14.886709
15.970299,13.546788,-14.882732
12.433427,14.205255,-18.209258
10.802969,15.940705,-18.202793
8.688183,17.307992,-18.203686
6.497144,18.287756,-18.211456
4.241831,19.102982,-18.212069
1.756008,19.434297,-18.209387
-0.643368,19.312305,-18.209714
-3.110810,18.848311,-18.212084
-5.384300,18.088107,-18.212588
-7.522961,17.003147,-18.211637
-9.479439,15.613947,-18.211307
-11.256484,13.846294,-18.207000
-12.938298,11.968503,-18.203045
-14.347772,9.907463,-18.206803
-15.430670,7.502152,-18.213026
-16.248371,5.013191,-18.209835
-16.575230,2.294207,-18.203835
-16.667192,-0.568450,-18.208089
-16.259899,-3.491406,-18.208242
-15.836729,-6.567391,-18.207192
-15.119909,-9.988425,-18.209452
-13.066215,-12.766789,-18.204930
-10.452513,-14.992190,-18.204964
-7.464986,-16.653868,-18.209063
-4.094706,-17.748348,-18.209521
-0.702638,-18.230467,-18.207898
2.837094,-18.169276,-18.210686
6.199968,-17.498076,-18.212385
9.339483,-16.131410,-18.212261
12.134294,-14.142836,-18.209748
14.348792,-11.670574,-18.205680
15.781567,-8.543619,-18.203706
16.050089,-5.256980,-18.207576
16.442665,-2.300377,-18.208295
16.644211,0.287769,-18.209784
16.362317,2.905546,-18.214178
16.766454,5.316690,-18.209451
16.212271,7.852083,-18.207700
14.860283,9.950747,-18.211240
13.706501,12.085805,-18.212273
10.363288,12.267922,-21.526071
9.101432,13.891327,-21.529161
7.517208,15.354784,-21.533070
5.678826,16.231833,-21.534289
3.710763,16.985714,-21.539249
1.633204,17.303073,-21.531064
-0.474900,17.170728,-21.534534
-2.529282,16.703610,-21.539977
-4.410048,15.978948,-21.533975
-6.223538,14.905292,-21.536946
-7.751624,13.589603,-21.534110
-9.050105,12.050114,-21.529928
-10.295590,10.466299,-21.526379
-11.489946,8.726964,-21.530077
-12.244417,6.863863,-21.538418
-12.660819,4.795232,-21.536906
-13.109184,2.642178,-21.528530
-13.236539,0.363742,-21.529156
-13.013661,-2.031451,-21.536768
-12.147707,-4.310079,-21.535201
-11.035619,-6.455047,-21.530114
-9.741132,-8.737161,-21.534802
-7.608634,-10.162477,-21.536112
-5.591783,-11.938367,-21.533054
-3.107091,-13.348095,-21.531261
-0.417061,-13.680249,-21.531215
2.409331,-13.553641,-21.531766
4.999196,-12.939361,-21.536482
7.447681,-11.710175,-21.535814
9.520874,-9.999110,-21.534881
10.939073,-7.771477,-21.533383
11.757521,-5.236956,-21.529059
13.052336,-3.459765,-21.537888
13.991233,-1.412366,-21.536347
13.962913,0.919697,-21.531724
13.601496,3.080454,-21.538861
13.440432,5.079729,-21.530761
13.295563,7.115739,-21.528135
12.777128,9.030767,-21.532339
11.638430,10.769457,-21.529402
8.351952,10.558549,-24.861992
7.405639,11.842914,-24.856340
6.308732,13.302957,-24.855355
4.799970,14.084325,-24.866453
3.177652,14.732466,-24.861025
1.469197,15.024423,-24.856024
-0.275937,14.910707,-24.856679
-1.962044,14.475440,-24.858124
-3.491736,13.804355,-24.859317
-4.944294,12.841413,-24.858946
-6.081711,11.720912,-24.852329
-7.086532,10.385820,-24.858938
-7.983081,9.071206,-24.857171
-8.876875,7.730319,-24.855270
-9.456818,6.188206,-24.860425
-9.604783,4.591480,-24.853100
-10.096051,2.917503,-24.864933
-10.195437,1.126744,-24.858415
-10.071624,-0.762041,-24.855582
-8.957232,-2.249812,-24.858883
-7.803153,-3.643428,-24.858977
-6.911325,-5.336162,-24.858812
-5.252337,-6.290046,-24.859500
-3.966960,-7.883253,-24.860167
-2.158284,-9.088977,-24.859287
-0.075347,-9.300684,-24.860220
1.934435,-9.104988,-24.861400
3.888939,-8.532417,-24.857946
5.628817,-7.486096,-24.858907
7.044834,-6.120239,-24.861127
7.914703,-4.239412,-24.860552
8.527879,-2.551265,-24.858611
10.396315,-1.856895,-24.857235
11.601320,-0.463526,-24.853940
11.491973,1.442501,-24.854730
11.119215,3.193699,-24.862669
10.471713,4.752098,-24.866362
10.469632,6.340055,-24.862639
10.684744,8.185935,-24.857124
9.636676,9.471540,-24.860145
6.489387,8.954893,-28.180890
5.747266,9.881090,-28.182741
5.084121,11.125933,-28.183068
3.945281,11.834405,-28.185121
2.645916,12.363163,-28.191146
1.294609,12.626761,-28.188766
-0.041446,12.559898,-28.180942
-1.381468,12.201635,-28.178287
-2.588222,11.636509,-28.179255
-3.683356,10.875092,-28.176214
-4.550773,9.942658,-28.187907
-5.304251,8.907283,-28.188238
-5.929320,7.866992,-28.184989
-6.573696,6.811021,-28.183803
-7.006806,5.642918,-28.178634
-7.032741,4.417582,-28.182049
-7.530511,3.120449,-28.179182
-7.548271,1.802575,-28.188693
-7.427641,0.345701,-28.180052
-6.370969,-0.591088,-28.183340
-5.512751,-1.638674,-28.190708
-4.810925,-2.775783,-28.190446
-3.635803,-3.451736,-28.191279
-2.687394,-4.766671,-28.184267
-1.349346,-5.484327,-28.183879
0.129384,-5.567317,-28.187483
1.601096,-5.338109,-28.186906
2.958622,-4.841328,-28.184005
4.143708,-4.014298,-28.189129
5.075651,-2.997270,-28.191553
5.627094,-1.656330,-28.188761
6.132610,-0.598500,-28.186594
8.046571,-0.434061,-28.188292
9.068598,0.554381,-28.182670
8.977803,2.055570,-28.179209
8.638886,3.375871,-28.185085
7.858236,4.530509,-28.189854
7.826269,5.706139,-28.186875
8.455419,7.198899,-28.177894
7.550008,8.213039,-28.178050
4.512814,7.217298,-31.509155
3.955086,7.729928,-31.506590
3.582328,8.632677,-31.504101
2.880708,9.258599,-31.505907
2.036259,9.628705,-31.508849
1.143092,9.852643,-31.513311
0.206170,9.843313,-31.515470
-0.702071,9.630058,-31.508009
-1.550777,9.244835,-31.504689
-2.291434,8.737398,-31.512758
-2.928955,8.062325,-31.510150
-3.442723,7.368549,-31.504850
-3.831763,6.612300,-31.505006
-4.179828,5.861373,-31.507647
-4.473366,5.080798,-31.516181
-4.491734,4.228410,-31.510855
-4.913758,3.360496,-31.505567
-4.846157,2.455379,-31.508252
-4.711506,1.547153,-31.504861
-3.838891,1.006770,-31.510736
-3.429620,0.222888,-31.506985
-2.806628,-0.404406,-31.507207
-2.123240,-0.922876,-31.512652
-1.500366,-1.756544,-31.513270
-0.608228,-2.060782,-31.511574
0.370617,-2.041951,-31.513593
1.276761,-1.830179,-31.515004
2.118915,-1.426620,-31.512598
2.805841,-0.850910,-31.509310
3.313326,-0.168939,-31.509195
3.599098,0.666564,-31.509019
3.999903,1.186447,-31.509653
5.594217,1.021921,-31.515198
6.220257,1.706528,-31.511268
6.155333,2.650107,-31.509345
5.913233,3.539107,-31.514686
5.210072,4.311896,-31.516819
5.024556,4.984349,-31.515912
5.768084,6.043606,-31.514734
5.281075,6.763393,-31.511869
-0.055085,4.106484,-34.835781
9.634484,12.361955,31.676628
7.771239,13.162058,31.676628
6.017139,13.847303,31.676628
4.240517,14.471558,31.676628
2.298172,15.054724,31.676628
0.323331,15.516350,31.676628
-1.826611,15.832287,31.676628
-4.144048,15.900739,31.676628
-6.588592,15.585383,31.676628
-9.058060,14.746747,31.676628
-11.419569,13.329123,31.676628
-13.483084,11.504993,31.676628
-15.360591,9.297184,31.676628
-17.042596,6.761448,31.676628
-18.517927,3.935509,31.676628
-19.863330,0.572283,31.676628
-20.927933,-3.192522,31.676628
-21.598225,-7.340804,31.676628
-21.689293,-12.128682,31.676628
-20.811891,-16.980698,31.676628
-18.541347,-21.689944,31.676628
-15.065944,-25.391140,31.676628
-10.593041,-28.098575,31.676628
-5.756016,-29.643350,31.676628
-0.558851,-30.145208,31.676628
4.487745,-29.588486,31.676628
9.302725,-27.983735,31.676628
13.555312,-25.488360,31.676628
17.252768,-22.227541,31.676628
20.172702,-18.622627,31.676628
22.411874,-14.726330,31.676628
23.920561,-10.646450,31.676628
24.605268,-6.644103,31.676628
24.415974,-2.586870,31.676628
23.248918,1.156283,31.676628
21.132048,4.445123,31.676628
18.656683,6.897455,31.676628
16.110314,8.813920,31.676628
13.770840,10.265644,31.676628
11.878677,11.727503,28.669239
9.785846,12.564970,28.675387
7.817889,13.222536,28.674783
5.969724,13.792145,28.674462
4.267240,14.328217,28.680647
2.396248,14.806624,28.675680
0.340155,15.142078,28.677338
-1.608174,15.236922,28.671478
-3.484041,14.392655,28.673059
-5.427037,13.649085,28.674418
-7.551949,12.968800,28.675616
-9.658653,11.860410,28.677897
-11.792688,10.502119,28.678014
-14.105767,8.870751,28.682564
-16.284980,6.661373,28.682243
-18.657110,3.945942,28.679007
-21.197189,0.513535,28.677530
-22.756150,-3.663146,28.673402
-25.001260,-8.865304,28.671565
-25.380745,-14.511530,28.674830
-23.392086,-19.332462,28.678236
-20.667051,-24.105389,28.678638
-16.488774,-27.865397,28.676422
-11.486819,-30.256938,28.674522
-6.117768,-31.452932,28.672612
-0.610013,-31.512690,28.669749
4.641922,-30.537048,28.668872
9.605234,-28.784127,28.671518
13.798833,-25.810904,28.674439
17.002556,-21.854632,28.677567
19.804091,-18.186364,28.682370
21.901425,-14.257406,28.674855
23.070526,-10.259959,28.670752
23.648869,-6.277485,28.674779
23.703862,-2.403162,28.672992
22.400261,1.237434,28.675955
19.730852,4.271561,28.677555
17.543442,6.675443,28.677468
16.168158,8.799932,28.678039
14.176104,10.546902,28.672538
11.570179,11.333302,25.682380
9.390331,12.052443,25.681519
7.503673,12.519530,25.680978
5.742283,12.910445,25.680414
3.990686,13.341619,25.680650
2.222518,13.673239,25.681485
0.574597,13.823719,25.679723
-1.244861,13.747815,25.675086
-2.818117,12.616153,25.677428
-4.333409,11.998428,25.672537
-6.233061,11.483260,25.672771
-8.174019,10.687095,25.677009
-10.366786,9.691591,25.673727
-13.052957,8.339206,25.674764
-15.569635,6.468191,25.679904
-18.571725,3.889772,25.682797
-21.767561,0.374111,25.680656
-23.708074,-3.854268,25.681566
-26.380639,-9.454775,25.683691
-26.954987,-15.431092,25.679361
-24.872801,-20.603062,25.676423
-21.850608,-25.618459,25.681750
-17.386183,-29.373213,25.673219
-12.097925,-31.634707,25.672455
-6.317324,-32.603018,25.678408
-0.756700,-32.371954,25.675715
4.645791,-31.128736,25.678902
9.632128,-29.252762,25.680074
13.917442,-26.084676,25.676546
17.020083,-21.975316,25.675464
19.787545,-18.218560,25.679925
21.806367,-14.199685,25.678334
22.829371,-10.115528,25.678237
23.240300,-6.069720,25.679534
23.147622,-2.304754,25.673907
21.679706,1.309889,25.678982
18.899747,4.127278,25.679353
16.766786,6.397120,25.676823
15.542630,8.644617,25.681492
13.802917,10.255045,25.683251
10.507850,10.490215,22.676532
8.615792,11.002376,22.673143
6.715042,11.353733,22.678702
5.091735,11.589072,22.679197
3.615630,11.798923,22.670954
2.133151,11.935167,22.680494
0.638958,11.945206,22.674890
-0.836792,11.760182,22.672816
-2.161805,11.074312,22.675536
-3.601866,10.706818,22.671448
-5.212935,10.375388,22.672744
-7.213033,9.790778,22.678630
-9.334326,9.074998,22.677898
-11.958797,8.007465,22.672670
-14.921302,6.303618,22.675843
-18.329696,3.830397,22.680535
-21.663450,0.462686,22.675821
-24.120344,-3.964477,22.671577
-26.553801,-9.533171,22.679156
-27.146026,-15.620160,22.679346
-25.416030,-21.119861,22.673196
-22.320912,-26.221724,22.680252
-17.745441,-30.034231,22.677421
-12.351661,-32.276642,22.675864
-6.441369,-33.117680,22.680234
-0.785320,-32.715589,22.681787
4.691903,-31.310072,22.680903
9.707533,-29.272755,22.676405
13.906017,-26.258340,22.674827
17.264521,-22.227765,22.676841
19.989315,-18.485641,22.674034
21.981981,-14.325962,22.675485
22.953454,-10.107614,22.678737
23.166741,-6.080383,22.676832
22.706731,-2.223033,22.671967
21.081880,1.298966,22.677521
18.418778,4.130847,22.679806
16.166988,6.295272,22.675496
14.642180,8.132335,22.674426
12.613307,9.623311,22.676155
9.427815,9.450379,19.673494
7.562844,9.873567,19.673212
5.967241,10.112154,19.676856
4.651378,10.225268,19.675967
3.331289,10.260610,19.671524
2.011264,10.225987,19.677253
0.839726,10.151691,19.680515
-0.332159,10.086179,19.681274
-1.652643,10.068788,19.682649
-3.112986,9.928415,19.678662
-4.709933,9.690690,19.679041
-6.579424,9.312964,19.677690
-8.698537,8.716963,19.673867
-11.308796,7.735511,19.677930
-14.475481,6.188963,19.680405
-17.999610,3.798300,19.681317
-21.322486,0.470957,19.680783
-24.155329,-3.998076,19.674211
-25.994349,-9.272764,19.678815
-26.488331,-15.140741,19.681133
-25.276046,-20.893170,19.672984
-22.171588,-26.067962,19.670270
-17.699069,-29.898008,19.676171
-12.299179,-32.217197,19.680179
-6.471142,-33.025119,19.677652
-0.761542,-32.560841,19.675570
4.628213,-31.130209,19.680540
9.622122,-28.964761,19.678343
13.892002,-26.124353,19.673850
17.445541,-22.608060,19.675174
20.302030,-18.690127,19.677184
22.210482,-14.560668,19.679949
23.190527,-10.259834,19.681422
23.219303,-5.999877,19.678231
22.323914,-2.132111,19.673501
20.505630,1.393027,19.679281
18.247315,4.098678,19.678724
15.814692,6.227170,19.675610
13.636313,7.722569,19.680471
11.388014,8.805602,19.678085
8.645641,8.801342,16.676241
6.956385,9.153724,16.679554
5.530632,9.366881,16.677191
4.237671,9.447193,16.670992
3.086229,9.384099,16.677407
1.939140,9.283712,16.676964
0.930297,9.220983,16.670088
-0.210928,9.315564,16.674309
-1.583869,9.755893,16.674281
-3.025853,9.732648,16.672021
-4.604464,9.549425,16.676579
-6.448590,9.243841,16.678610
-8.671350,8.633316,16.675262
-11.217067,7.624263,16.675877
-14.361371,6.151939,16.672975
-17.653421,3.875870,16.671655
-20.877486,0.521268,16.674332
-23.882877,-3.912801,16.672732
-25.075124,-8.889518,16.676469
-25.332317,-14.463088,16.679445
-24.527306,-20.252455,16.679009
-21.567231,-25.232147,16.682174
-17.244634,-29.102532,16.682544
-12.016594,-31.501792,16.680738
-6.299978,-32.364303,16.675363
-0.692312,-31.931834,16.670725
4.612956,-30.543190,16.679073
9.450634,-28.333312,16.677181
13.788756,-25.719548,16.675137
17.505642,-22.767347,16.679997
20.416575,-18.824574,16.673155
22.322223,-14.612188,16.670908
23.297704,-10.391554,16.672585
23.211062,-6.069862,16.671917
21.959158,-2.076399,16.670926
20.130760,1.358291,16.674188
18.063858,4.154376,16.673501
15.675428,6.217706,16.673636
12.921797,7.485000,16.680412
10.588467,8.269740,16.678671
8.709157,8.828205,13.681936
7.083714,9.260077,13.681041
5.705847,9.549039,13.677904
4.450593,9.699824,13.674058
3.184330,9.679811,13.673917
2.061025,9.638222,13.677384
0.934483,9.626534,13.671050
-0.319578,9.727229,13.676700
-1.782113,10.240994,13.676516
-3.326900,10.237844,13.678972
-5.005885,10.002143,13.677221
-6.934413,9.627277,13.673010
-9.082741,8.960165,13.672241
-11.643999,7.796798,13.675534
-14.659794,6.234504,13.680072
-17.726262,3.844291,13.679752
-20.606507,0.490882,13.677259
-23.379083,-3.784245,13.681285
-24.043234,-8.418173,13.678402
-24.010907,-13.600354,13.672367
-23.319884,-19.237830,13.671414
-20.482415,-23.973419,13.674646
-16.443230,-27.750679,13.673881
-11.554772,-30.196204,13.673164
-5.997838,-31.190463,13.676165
-0.656658,-30.884452,13.677775
4.544699,-29.599080,13.672144
9.244783,-27.417240,13.675052
13.447151,-25.069997,13.679493
17.373514,-22.373944,13.677303
20.142925,-18.648522,13.676024
22.052738,-14.391929,13.672723
23.039061,-10.136428,13.677208
22.899505,-5.921680,13.681653
21.513135,-1.930233,13.670999
19.766443,1.438677,13.676447
18.055583,4.050211,13.682098
15.835804,6.173456,13.679544
12.860434,7.459689,13.676905
10.579522,8.233768,13.679491
9.292836,9.440512,10.667915
7.773699,10.039385,10.676417
6.212560,10.541499,10.681212
4.879438,10.827307,10.678570
3.382066,10.948950,10.682935
2.155115,10.998501,10.681074
0.789939,11.021514,10.674645
-0.573731,11.044930,10.674196
-2.308946,11.425561,10.676818
-3.937800,11.353631,10.673453
-5.818524,10.958162,10.671398
-7.921205,10.381310,10.674870
-10.079744,9.531406,10.679623
-12.471394,8.217411,10.682443
-15.367314,6.370005,10.680487
-18.009583,3.866991,10.678594
-20.343281,0.606814,10.680360
-22.664978,-3.602925,10.680671
-22.968437,-8.008361,10.673771
-22.654453,-12.740163,10.674760
-21.801448,-17.919316,10.683251
-19.168319,-22.264716,10.680089
-15.437432,-25.927360,10.676927
-10.779374,-28.466962,10.679700
-5.692067,-29.572024,10.681630
-0.500343,-29.441711,10.678930
4.442968,-28.336037,10.681476
8.904406,-26.330388,10.682744
13.005597,-24.088634,10.679382
16.849672,-21.521761,10.675121
19.538693,-17.907423,10.674938
21.334248,-13.896751,10.675462
22.321239,-9.775876,10.676148
22.253308,-5.682077,10.676918
21.001317,-1.777972,10.676502
19.487882,1.428228,10.676810
17.971433,4.052407,10.679336
15.948843,6.238349,10.681689
13.274774,7.622848,10.677874
11.151171,8.596906,10.669960
10.317092,10.297550,7.682095
8.708532,11.205492,7.675048
7.142058,11.915077,7.670995
5.507221,12.442055,7.674444
3.817555,12.756924,7.674389
2.238583,12.908317,7.675673
0.652955,12.949363,7.672943
-1.065052,12.917436,7.674263
-2.915241,13.031624,7.680081
-4.872880,12.782035,7.675503
-6.908309,12.176666,7.674980
-9.009826,11.388176,7.680535
-11.373660,10.204427,7.679922
-13.677573,8.657605,7.680318
-16.136066,6.626646,7.678411
-18.395027,3.899576,7.677481
-20.259614,0.511487,7.678077
-21.766659,-3.315578,7.674332
-21.860068,-7.493160,7.674499
-21.256495,-11.879274,7.672385
-20.042215,-16.437578,7.671657
-17.591269,-20.384077,7.679650
-14.135988,-23.881159,7.674880
-9.924917,-26.352208,7.668622
-5.312981,-27.587725,7.672999
-0.416947,-27.700572,7.680800
4.270919,-26.811386,7.676887
8.527986,-25.042101,7.678308
12.481321,-22.846474,7.681406
16.015469,-20.307384,7.677196
18.624198,-16.811495,7.674987
20.315144,-13.057744,7.677418
21.265768,-9.203466,7.674628
21.319679,-5.237566,7.671658
20.420776,-1.642944,7.681731
19.189516,1.421668,7.675599
17.867910,4.032288,7.671973
16.093292,6.315191,7.675626
13.955813,7.880649,7.673967
11.974619,9.217710,7.679162
11.420727,11.259000,4.681090
9.756836,12.455137,4.674617
7.964488,13.450653,4.672859
6.183289,14.173272,4.678818
4.328779,14.678223,4.680918
2.299316,14.967434,4.677353
0.378396,15.031243,4.670700
-1.541829,14.961683,4.673850
-3.712020,14.752737,4.678619
-5.824066,14.234311,4.680149
-7.986436,13.421035,4.680393
-10.181528,12.372761,4.677264
-12.473275,10.960111,4.671872
-14.789241,9.135080,4.676182
-16.958519,6.774984,4.676417
-18.717999,3.945406,4.677504
-20.028571,0.599001,4.680927
-20.760150,-3.048558,4.673676
-20.693281,-7.019642,4.672477
-19.843655,-10.908565,4.677556
-18.223738,-14.815879,4.678812
-15.933038,-18.374964,4.674124
-12.820709,-21.617721,4.676514
-9.030744,-24.017003,4.675456
-4.750183,-25.391404,4.672481
-0.271482,-25.724439,4.675021
4.171269,-25.060901,4.673288
8.248705,-23.535289,4.677964
11.914261,-21.400077,4.678815
15.061767,-18.772842,4.671313
17.445984,-15.591735,4.673748
19.114392,-11.979070,4.673336
20.016689,-8.369826,4.672935
20.221898,-4.913906,4.677271
19.737212,-1.485618,4.679832
18.817180,1.448714,4.681282
17.664220,4.026814,4.678327
16.257427,6.316834,4.673923
14.680218,8.172769,4.675553
13.057406,9.821140,4.680007
12.368390,12.104862,1.682411
10.642575,13.539497,1.673953
8.750740,14.726993,1.672268
6.723356,15.676125,1.676153
4.722971,16.354247,1.670137
2.524521,16.765203,1.673330
0.290897,16.881323,1.680595
-2.071435,16.783310,1.678916
-4.354172,16.202770,1.677892
-6.578513,15.398020,1.678277
-8.859203,14.413667,1.680128
-11.124323,13.120745,1.680381
-13.432621,11.431127,1.676825
-15.656558,9.432128,1.680527
-17.443580,6.913072,1.677856
-18.824736,3.956119,1.673379
-19.672857,0.605817,1.675908
-19.650100,-2.878338,1.678363
-19.465633,-6.515407,1.673819
-18.368798,-10.013183,1.677108
-16.424892,-13.244961,1.681224
-14.279656,-16.436385,1.671748
-11.443752,-19.396695,1.670628
-8.129598,-21.612507,1.676463
-4.293713,-23.077965,1.678917
-0.098800,-23.631482,1.674341
3.982508,-23.216257,1.670797
7.783434,-21.992678,1.672768
11.183744,-19.945333,1.676587
14.036170,-17.160678,1.678093
16.268152,-14.165530,1.679580
17.823117,-10.917673,1.681617
18.689351,-7.543105,1.676788
19.012643,-4.326246,1.670646
18.940138,-1.340297,1.676784
18.342490,1.451627,1.673407
17.329544,3.994443,1.672796
16.224607,6.358259,1.677287
15.217773,8.493470,1.673096
13.979781,10.357770,1.677420
12.859634,12.571480,-1.315755
11.148574,14.098365,-1.321944
9.159951,15.419308,-1.329145
7.126895,16.446509,-1.328123
4.890903,17.301802,-1.324433
2.554541,17.822498,-1.325272
0.167978,18.011334,-1.318408
-2.355254,17.892643,-1.323630
-4.682383,16.986164,-1.321060
-6.870255,15.994981,-1.318201
-9.267573,14.909652,-1.323083
-11.592538,13.437156,-1.329030
-13.728807,11.695344,-1.329210
-15.947546,9.492535,-1.326287
-17.465385,6.813185,-1.326942
-18.550388,3.833779,-1.324583
-19.013898,0.683487,-1.318869
-18.465731,-2.512934,-1.319503
-18.167106,-5.905598,-1.323302
-16.931971,-9.033777,-1.323563
-14.795940,-11.853067,-1.320209
-12.801740,-14.681654,-1.318811
-10.206740,-17.328588,-1.321362
-7.230311,-19.361431,-1.320046
-3.700626,-20.857158,-1.318406
-0.044483,-21.531235,-1.323188
3.779036,-21.345863,-1.326658
7.389075,-20.351591,-1.325625
10.530520,-18.422791,-1.322310
13.033596,-15.660661,-1.320622
15.110565,-12.864011,-1.322867
16.596000,-9.869856,-1.327386
17.399667,-6.855237,-1.327175
17.813352,-3.890509,-1.321462
18.014578,-1.137996,-1.319725
17.659541,1.584644,-1.322346
16.813075,3.963250,-1.325586
15.984808,6.203489,-1.325536
15.432877,8.534891,-1.320796
14.400257,10.687920,-1.316158
12.708797,12.356719,-4.327808
11.024953,13.907023,-4.320671
9.065050,15.233495,-4.322887
7.045678,16.262567,-4.328070
4.830080,17.117987,-4.322174
2.513742,17.643845,-4.323649
0.146484,17.843556,-4.327519
-2.349019,17.708542,-4.323814
-4.552480,16.859410,-4.325785
-6.833366,15.845731,-4.330324
-9.198821,14.767500,-4.325496
-11.382914,13.354129,-4.319770
-13.535956,11.515093,-4.325719
-15.522433,9.329692,-4.325820
-16.829027,6.728054,-4.323856
-17.720625,3.864994,-4.321001
-17.961282,0.758999,-4.321939
-17.203332,-2.215956,-4.328908
-16.754576,-5.279740,-4.324960
-15.422756,-8.176051,-4.322889
-13.465769,-10.593166,-4.326152
-11.487387,-13.196904,-4.326122
-9.129029,-15.473828,-4.322747
-6.402991,-17.317182,-4.321419
-3.303652,-18.705686,-4.320166
0.122796,-19.476049,-4.318400
3.626058,-19.457015,-4.326115
6.964011,-18.660752,-4.329708
9.934877,-16.855923,-4.328130
12.166384,-14.275003,-4.328985
14.060348,-11.719010,-4.329303
15.451038,-9.013045,-4.322120
16.238319,-6.170342,-4.318083
16.655662,-3.488142,-4.322905
16.967416,-0.899041,-4.319886
16.808108,1.577672,-4.322050
16.076921,3.968272,-4.322069
15.383141,6.113860,-4.317984
15.035601,8.352305,-4.324804
14.128453,10.534518,-4.329687
11.901518,11.620456,-7.321200
10.270064,13.120062,-7.318080
8.554784,14.294017,-7.321234
6.587361,15.265339,-7.329601
4.616922,15.949171,-7.329120
2.464529,16.358679,-7.325942
0.276586,16.470789,-7.318212
-1.913218,16.368492,-7.326103
-4.162084,15.920799,-7.326094
-6.443494,15.170754,-7.322644
-8.630313,14.183448,-7.323498
-10.757954,12.863660,-7.323232
-12.815728,11.092970,-7.321115
-14.524275,8.979105,-7.324421
-15.739161,6.450926,-7.327446
-16.494012,3.702290,-7.322719
-16.555671,0.915351,-7.317809
-15.853294,-1.823716,-7.323012
-15.204561,-4.584377,-7.328635
-13.970287,-7.189919,-7.324790
-12.202988,-9.551255,-7.319714
-10.335004,-11.788198,-7.322498
-8.157592,-13.734185,-7.324016
-5.616593,-15.387309,-7.321630
-2.753758,-16.655968,-7.318630
0.292421,-17.389924,-7.320313
3.419311,-17.494080,-7.327084
6.515113,-16.860905,-7.328881
9.218059,-15.324457,-7.328388
11.394123,-12.913455,-7.328997
13.143102,-10.557506,-7.320318
14.411090,-8.056307,-7.322492
15.117866,-5.536368,-7.327183
15.534777,-2.962715,-7.320870
15.805569,-0.681425,-7.322798
15.750875,1.613167,-7.322073
15.192527,3.841084,-7.322582
14.506467,5.919334,-7.327585
14.107707,7.969726,-7.322231
13.225990,9.958811,-7.320252
10.667162,10.553676,-10.319514
9.263737,11.831555,-10.317752
7.729539,12.913797,-10.316999
6.030835,13.726176,-10.318269
4.221005,14.243208,-10.321905
2.354285,14.479452,-10.318301
0.472487,14.465851,-10.325641
-1.502362,14.421426,-10.327812
-3.577020,14.543865,-10.320746
-5.775700,14.127491,-10.321372
-7.774547,13.256966,-10.319873
-9.893532,12.037952,-10.318382
-11.738961,10.434032,-10.325706
-13.142244,8.428448,-10.320961
-14.274592,6.142765,-10.323179
-14.879578,3.682346,-10.327396
-14.844039,1.040324,-10.327588
-14.321357,-1.447030,-10.326880
-13.502461,-3.851635,-10.325667
-12.402048,-6.249881,-10.323412
-10.969038,-8.457094,-10.323086
-9.175609,-10.392871,-10.323624
-7.135430,-12.063096,-10.319294
-4.801023,-13.476723,-10.319729
-2.280342,-14.527800,-10.324786
0.371820,-15.179066,-10.327954
3.190989,-15.367370,-10.328528
5.988650,-14.890423,-10.323434
8.499757,-13.613778,-10.317679
10.529691,-11.641402,-10.318797
12.133436,-9.535938,-10.322900
13.326762,-7.197061,-10.320915
14.008465,-4.840347,-10.318902
14.376781,-2.517143,-10.325047
14.552273,-0.361614,-10.325664
14.516876,1.714511,-10.324368
14.116124,3.739219,-10.324543
13.443994,5.600029,-10.325457
12.849456,7.388451,-10.327270
11.906592,9.110834,-10.324518
9.278035,9.377364,-13.327101
8.091102,10.428413,-13.324280
6.815310,11.354765,-13.320126
5.306651,12.048751,-13.322316
3.764775,12.390262,-13.320470
2.190891,12.496150,-13.324651
0.612805,12.444199,-13.317988
-0.965480,12.475823,-13.329547
-2.974862,13.040977,-13.320724
-4.925089,12.848565,-13.318984
-6.798974,12.094779,-13.326075
-8.715183,11.089567,-13.325630
-10.338546,9.684847,-13.322546
-11.492089,7.754982,-13.327106
-12.572320,5.762194,-13.320079
-13.030240,3.529483,-13.320357
-12.949092,1.246808,-13.327522
-12.583834,-1.033832,-13.325814
-11.668264,-3.077245,-13.317585
-10.757099,-5.235811,-13.324007
-9.619275,-7.235883,-13.326126
-7.954445,-8.885274,-13.317216
-6.090758,-10.282444,-13.324124
-4.062357,-11.414107,-13.326535
-1.809621,-12.274002,-13.324740
0.541578,-12.804036,-13.328491
3.033541,-12.980103,-13.327061
5.414175,-12.621379,-13.326174
7.716332,-11.645481,-13.324512
9.645302,-10.195234,-13.318358
11.165690,-8.322233,-13.320141
12.200277,-6.237123,-13.326822
12.835710,-4.082811,-13.328829
13.162891,-2.030417,-13.323776
13.216735,-0.041948,-13.322536
13.150839,1.792039,-13.325579
12.891347,3.594617,-13.328478
12.234394,5.302564,-13.326255
11.422498,6.850036,-13.318603
10.441519,8.182506,-13.320336
8.018601,8.241318,-16.320609
6.979316,9.114559,-16.319470
5.878695,9.909523,-16.324346
4.708838,10.437430,-16.326434
3.372112,10.681069,-16.326325
2.090159,10.752264,-16.320155
0.802839,10.727122,-16.322832
-0.545846,10.841736,-16.321557
-2.336191,11.577790,-16.320463
-4.026259,11.460694,-16.325282
-5.722729,10.849439,-16.329750
-7.413417,10.038641,-16.327031
-8.811666,8.761234,-16.319749
-9.715653,7.036387,-16.318004
-10.715177,5.362453,-16.324031
-11.017485,3.374505,-16.326144
-10.932439,1.392629,-16.327837
-10.629843,-0.548810,-16.327423
-9.740198,-2.265266,-16.318787
-9.018331,-4.070157,-16.322103
-8.027251,-5.853127,-16.323996
-6.604727,-7.188991,-16.319189
-4.969659,-8.347101,-16.323599
-3.186274,-9.240023,-16.326044
-1.277720,-9.851286,-16.323052
0.694760,-10.184884,-16.320508
2.770366,-10.217324,-16.322330
4.739592,-9.926679,-16.322135
6.679191,-9.393110,-16.318415
8.602204,-8.586235,-16.317449
10.028314,-7.123110,-16.324191
10.958474,-5.236119,-16.323803
11.550069,-3.331470,-16.317100
11.850512,-1.495231,-16.323054
11.810075,0.284822,-16.319794
11.686264,1.927260,-16.317924
11.524244,3.487445,-16.323581
10.964617,4.958034,-16.320877
10.060010,6.244038,-16.326977
9.024242,7.329708,-16.327583
6.916280,7.292738,-19.326528
6.029139,7.988201,-19.325542
5.163597,8.616403,-19.324112
4.137548,9.080729,-19.330269
3.082921,9.264257,-19.319064
2.018574,9.348012,-19.317477
0.947081,9.377882,-19.321575
-0.218027,9.557775,-19.316936
-1.745636,10.210964,-19.320009
-3.168795,10.079871,-19.327887
-4.635303,9.589422,-19.326742
-6.069068,8.934892,-19.323187
-7.171829,7.763349,-19.319837
-7.871470,6.355423,-19.316836
-8.796652,4.899349,-19.318551
-8.936701,3.278842,-19.322150
-8.813131,1.633054,-19.326832
-8.485508,0.036152,-19.325326
-7.755082,-1.401783,-19.317321
-7.078045,-2.864599,-19.320782
-6.181406,-4.248099,-19.322495
-5.007680,-5.359483,-19.319833
-3.678119,-6.260682,-19.322591
-2.205656,-6.885639,-19.324133
-0.632165,-7.232902,-19.325357
0.912673,-7.291322,-19.327648
2.434259,-7.030196,-19.325713
3.937927,-6.714392,-19.321952
5.488317,-6.617383,-19.319117
7.392706,-6.662897,-19.317203
8.803876,-5.698190,-19.321224
9.578091,-4.119586,-19.325918
10.102833,-2.492601,-19.327256
10.390856,-0.914029,-19.328308
10.337811,0.566315,-19.320856
10.145528,2.040173,-19.318023
10.047910,3.343332,-19.329276
9.610657,4.638804,-19.321346
8.821746,5.679263,-19.314862
7.845058,6.552978,-19.320125
5.914383,6.429177,-22.313400
5.187242,6.948320,-22.319112
4.456618,7.464484,-22.328119
3.648038,7.841593,-22.319805
2.765973,7.997752,-22.321909
1.927690,8.112739,-22.318396
1.033994,8.190828,-22.319722
0.079744,8.409416,-22.319638
-1.116306,8.814885,-22.321836
-2.294627,8.661368,-22.326010
-3.453375,8.277834,-22.328060
-4.631941,7.724087,-22.322638
-5.358525,6.681996,-22.322299
-5.961691,5.588266,-22.326144
-6.663287,4.446296,-22.328795
-6.673269,3.121678,-22.329817
-6.440144,1.857008,-22.322474
-6.106150,0.635399,-22.318692
-5.599847,-0.478762,-22.321130
-4.870471,-1.460877,-22.320575
-4.103897,-2.419454,-22.323946
-3.292850,-3.270650,-22.327628
-2.305906,-3.921200,-22.326712
-1.189831,-4.285052,-22.326060
-0.004322,-4.379267,-22.327077
1.115247,-4.192073,-22.328033
2.111416,-3.632222,-22.326909
3.027090,-3.207572,-22.326642
4.105664,-3.312196,-22.328219
5.866752,-4.248097,-22.320631
7.328061,-4.029609,-22.319952
8.015407,-2.814785,-22.327224
8.453067,-1.511958,-22.328009
8.702893,-0.277780,-22.326250
8.702298,0.946132,-22.324660
8.470828,2.149078,-22.324100
8.393966,3.230420,-22.327296
8.136701,4.230216,-22.330481
7.524369,5.126591,-22.327503
6.712033,5.844793,-22.318383
4.843314,5.463204,-25.327587
4.251973,5.837247,-25.328280
3.702423,6.211299,-25.320367
3.103295,6.496593,-25.323712
2.489322,6.645844,-25.327154
1.818556,6.841635,-25.329433
1.163078,6.940167,-25.320633
0.412210,7.078028,-25.317623
-0.417382,7.151633,-25.321891
-1.228405,7.009268,-25.321314
-2.104815,6.724146,-25.322665
-2.819201,6.224216,-25.325688
-3.215828,5.409944,-25.326308
-3.781850,4.706479,-25.325282
-4.113201,3.846596,-25.322457
-3.895748,2.933608,-25.321358
-3.509293,2.124744,-25.322640
-3.434414,1.322435,-25.321509
-2.896211,0.655219,-25.321934
-2.148839,0.232816,-25.322802
-1.763684,-0.348833,-25.321303
-1.324581,-0.901683,-25.322003
-0.708523,-1.247060,-25.323702
-0.015192,-1.342056,-25.321265
0.681348,-1.230603,-25.320103
1.315960,-0.937393,-25.324341
1.820520,-0.396854,-25.327925
2.192913,0.110935,-25.327940
2.546237,0.277075,-25.327017
3.176296,0.022566,-25.325852
5.466194,-1.878798,-25.325038
6.080774,-1.176057,-25.318922
6.431835,-0.319358,-25.320963
6.596921,0.578611,-25.327885
6.663807,1.411258,-25.328538
6.512133,2.258256,-25.326608
6.356633,3.007041,-25.323885
6.271628,3.765695,-25.320654
5.935958,4.453554,-25.319682
5.427195,5.027000,-25.322253
2.028180,3.999043,-28.323372
