14.527511,21.910901,36.195271
11.172345,24.746677,36.195271
7.208680,27.413321,36.195272
2.622080,29.775239,36.195272
-2.611463,31.600313,36.195272
-8.475330,32.464178,36.195272
-14.379901,31.806348,36.195272
-19.940572,29.286791,36.195272
-24.473553,25.443144,36.195272
-28.281313,20.660061,36.195272
-31.251449,15.534866,36.195272
-33.602617,9.889741,36.195272
-35.115973,4.162319,36.195272
-35.781567,-1.916698,36.195272
-35.461663,-8.025163,36.195272
-34.135503,-13.995960,36.195271
-31.676315,-19.806131,36.195271
-28.074342,-24.767223,36.195271
-23.219931,-28.483575,36.195271
-17.416799,-30.464348,36.195272
-11.308697,-30.851167,36.195272
-5.815235,-30.098552,36.195271
-0.701531,-28.525406,36.195272
3.445295,-26.565834,36.195272
7.155498,-24.211064,36.195272
10.145536,-21.832152,36.195271
12.633229,-19.458150,36.195271
14.794394,-17.034057,36.195271
16.651781,-14.606758,36.195271
18.328101,-12.051282,36.195271
19.723918,-9.548757,36.195271
21.003241,-6.773107,36.195271
21.978805,-4.078729,36.195271
22.743823,-1.119266,36.195271
23.195060,2.097161,36.195271
23.203625,5.536485,36.195271
22.669386,8.934515,36.195271
21.502331,12.373611,36.195271
19.685095,15.754225,36.195271
18.067538,19.863078,32.395773
15.055942,23.192910,32.390009
11.546484,26.297822,32.390292
7.539797,29.083209,32.396458
2.693065,31.630580,32.402139
-3.041131,33.554232,32.399116
-9.067013,34.172554,32.388350
-15.304577,33.504771,32.387133
-21.278840,31.152726,32.387592
-26.540143,27.375012,32.387804
-30.896372,22.634208,32.389649
-34.028859,16.996322,32.387545
-36.060341,10.672204,32.397308
-37.084100,4.503380,32.401840
-37.239337,-1.936820,32.399641
-36.388395,-8.131146,32.398909
-34.546842,-14.105958,32.390667
-31.633307,-19.636800,32.395862
-27.517801,-24.363263,32.396173
-22.416638,-27.615777,32.391729
-16.556276,-29.190697,32.403231
-10.693352,-29.429163,32.404502
-5.287400,-28.638929,32.399427
-0.611528,-27.215957,32.394775
3.479946,-25.369277,32.397221
7.000126,-23.268175,32.404555
9.908976,-21.288066,32.392426
12.438019,-19.149525,32.387901
14.761530,-16.769285,32.392088
16.619757,-14.509369,32.391894
18.110329,-11.989286,32.397260
19.461752,-9.389359,32.402550
20.907109,-6.841631,32.399744
22.245015,-4.023218,32.391718
22.973072,-0.981420,32.391863
23.234043,2.131685,32.401401
23.353276,5.643696,32.399878
23.116207,9.153907,32.394576
22.147083,12.931570,32.393627
20.433129,16.465689,32.396012
18.602754,20.679705,28.602053
15.577384,24.098284,28.593159
11.891892,27.422980,28.596720
7.659480,30.370825,28.597903
2.525494,33.002577,28.597778
-3.148219,34.792138,28.603124
-9.485476,35.284869,28.594655
-15.825904,34.612653,28.587526
-22.166883,32.363425,28.593581
-27.833253,28.637653,28.595691
-32.515123,23.780462,28.588154
-35.861200,17.681724,28.596267
-37.714886,11.186591,28.592625
-38.446357,4.670116,28.585920
-38.198576,-1.875570,28.591504
-36.904409,-8.301507,28.601257
-34.648913,-14.245297,28.593963
-31.422006,-19.487498,28.590092
-27.086516,-23.884201,28.589320
-21.732955,-26.906184,28.587310
-15.914840,-28.236625,28.591836
-10.150259,-28.452944,28.603069
-5.047367,-27.736761,28.596505
-0.465668,-26.396109,28.587959
3.540706,-24.667376,28.591097
6.825219,-22.815836,28.593290
9.905151,-20.991122,28.592072
12.422767,-19.073651,28.598070
14.724268,-16.869968,28.602269
16.699236,-14.646442,28.596615
18.264222,-12.114412,28.596183
19.646398,-9.474068,28.594005
21.168362,-6.914859,28.598647
22.593273,-4.083027,28.598189
23.342783,-0.990669,28.588102
23.613596,2.173594,28.590325
23.788535,5.741977,28.591260
23.605682,9.512209,28.596374
22.698318,13.375103,28.603752
20.949754,17.188281,28.606409
19.013891,21.301421,24.799851
15.965351,24.762048,24.791504
12.239409,28.119369,24.799801
7.776871,31.177187,24.796747
2.544957,33.744808,24.788128
-3.223016,35.434357,24.797620
-9.631247,35.831365,24.798902
-16.225977,35.097198,24.799005
-22.673866,32.919013,24.801604
-28.468962,29.282541,24.798318
-33.373565,24.260457,24.792133
-36.710680,18.302873,24.798116
-38.618714,11.543561,24.792420
-39.189847,4.742092,24.790133
-38.629771,-2.053404,24.797217
-37.082006,-8.285047,24.799398
-34.545925,-14.185389,24.795565
-31.044959,-19.323582,24.797333
-26.469306,-23.560784,24.793977
-21.139555,-26.336868,24.789187
-15.447848,-27.580117,24.795298
-9.828889,-27.868006,24.794531
-4.862627,-27.260786,24.800647
-0.402355,-26.046551,24.797371
3.498449,-24.470609,24.786998
6.864276,-22.688121,24.793414
9.871901,-21.069321,24.795839
12.492526,-19.238784,24.794983
14.872147,-17.072974,24.794094
16.931727,-14.884699,24.795532
18.758977,-12.247438,24.802961
20.121093,-9.792957,24.803031
21.704384,-7.000093,24.800522
23.057337,-4.097717,24.796631
23.839472,-0.980963,24.793456
24.230640,2.405007,24.796782
24.394839,6.010991,24.796247
24.118143,9.811366,24.799979
23.161076,13.711208,24.805522
21.442708,17.583964,24.806037
19.298860,21.727367,20.990100
16.226226,25.188926,20.989354
12.294596,28.645799,20.988573
7.751358,31.617833,20.995657
2.619621,33.971077,20.996811
-3.209641,35.527248,20.990321
-9.644457,35.845445,21.002542
-16.053350,35.094162,20.994687
-22.556580,32.983590,20.995499
-28.588483,29.318213,21.000573
-33.417923,24.463399,20.990433
-36.946479,18.356334,20.996649
-38.877674,11.577803,20.999224
-39.357100,4.744966,21.000134
-38.618093,-2.059181,20.997011
-36.884543,-8.264795,20.989225
-34.158938,-14.104712,20.993050
-30.484560,-19.147638,20.993044
-25.944857,-23.152576,20.991775
-20.763012,-25.828974,20.997577
-15.076898,-27.175563,21.003752
-9.850704,-27.592273,20.995094
-4.850163,-27.141560,20.992204
-0.343838,-26.043777,20.991136
3.427759,-24.648411,20.987236
6.858220,-22.963389,20.989378
9.899717,-21.385876,20.991190
12.735702,-19.488264,20.996923
15.160047,-17.361010,20.996236
17.271750,-15.206093,20.989339
19.272952,-12.683065,20.997482
20.836684,-10.103825,20.998010
22.319736,-7.241978,21.001968
23.541220,-4.267237,20.998059
24.412792,-0.956764,20.987083
24.919167,2.426173,20.998381
25.039896,6.248600,20.996569
24.604567,10.045709,20.989130
23.542441,13.938657,20.986232
21.819838,17.824277,20.987833
19.457660,21.959853,17.201462
16.223583,25.526970,17.188310
12.390464,28.765901,17.193994
7.789226,31.618712,17.202187
2.604787,33.799795,17.196361
-3.255620,35.161719,17.191340
-9.473785,35.381022,17.201703
-15.847656,34.547529,17.195631
-22.136169,32.478959,17.186436
-28.016969,29.001751,17.191929
-33.042582,24.091033,17.203393
-36.539914,18.222741,17.202041
-38.533635,11.484603,17.197815
-38.993931,4.672492,17.196414
-38.208652,-1.904890,17.197707
-36.327498,-8.255065,17.199147
-33.593239,-13.845716,17.197303
-29.866093,-18.827267,17.195001
-25.482792,-22.668578,17.190039
-20.357909,-25.421660,17.191719
-14.942458,-26.932205,17.203337
-9.752492,-27.527300,17.194724
-4.951724,-27.260969,17.187661
-0.426810,-26.323648,17.186678
3.380829,-25.064961,17.188438
7.036214,-23.413247,17.197107
10.054045,-21.819926,17.201668
12.897012,-19.941557,17.197751
15.503164,-17.740412,17.193851
17.771826,-15.469937,17.195010
19.864293,-13.036083,17.190913
21.623803,-10.351745,17.187479
23.004648,-7.453845,17.187519
24.074623,-4.427643,17.194775
24.994534,-0.935633,17.199050
25.564564,2.629667,17.188230
25.589547,6.442314,17.198389
25.009334,10.207857,17.202435
23.772854,14.247904,17.201677
21.994633,18.091696,17.204903
19.496897,22.010506,13.399984
16.254668,25.507466,13.390058
12.387731,28.627620,13.394630
7.743001,31.311024,13.398413
2.533507,33.272113,13.393579
-3.121669,34.378998,13.390864
-9.082959,34.507021,13.389832
-15.377477,33.578983,13.390760
-21.577303,31.443019,13.390522
-27.231324,28.104505,13.394399
-32.132991,23.450788,13.403000
-35.680693,17.690301,13.401736
-37.668194,11.227982,13.394508
-38.157231,4.484133,13.398193
-37.351870,-2.026572,13.399070
-35.492051,-8.109089,13.387315
-32.739391,-13.622238,13.390538
-29.164768,-18.397613,13.397303
-24.866550,-22.239551,13.400591
-19.864207,-25.105728,13.400149
-14.775304,-26.812898,13.395636
-9.862039,-27.573959,13.388890
-4.897944,-27.477817,13.389549
-0.586397,-26.743717,13.396777
3.419370,-25.577173,13.401245
7.093066,-24.061841,13.398996
10.224184,-22.337969,13.401443
13.195912,-20.344277,13.398013
15.808667,-18.208590,13.393422
18.071415,-15.974994,13.395094
20.321195,-13.457270,13.392922
22.259971,-10.686669,13.391610
23.655992,-7.618393,13.388983
24.664770,-4.390007,13.390686
25.533692,-0.922692,13.395517
26.056883,2.615122,13.393110
26.007155,6.390597,13.395099
25.305618,10.300247,13.392637
23.988376,14.269912,13.392155
22.067189,18.218487,13.398928
19.423575,21.891087,9.597770
16.187260,25.289489,9.597894
12.302686,28.255458,9.593126
7.636992,30.730593,9.588639
2.627611,32.394072,9.593356
-2.974516,33.284051,9.598610
-8.645891,33.301487,9.590184
-14.624201,32.294982,9.595910
-20.511311,30.170997,9.599695
-26.073908,26.887869,9.594195
-30.812659,22.505951,9.594197
-34.312594,17.074102,9.601464
-36.379560,10.750688,9.603343
-36.918704,4.315562,9.595300
-36.201648,-1.904264,9.589530
-34.399942,-7.897618,9.595676
-31.800796,-13.157743,9.602657
-28.343011,-17.902953,9.596133
-24.199487,-21.768225,9.588989
-19.567056,-24.699779,9.590144
-14.682976,-26.705883,9.593695
-9.885749,-27.646586,9.599490
-4.994168,-27.729804,9.596168
-0.540118,-27.132264,9.589408
3.438660,-26.108962,9.592040
7.100148,-24.729021,9.601404
10.485102,-22.786132,9.596717
13.395864,-20.797384,9.593393
16.145773,-18.611024,9.593429
18.511903,-16.274996,9.588151
20.720762,-13.793844,9.585878
22.768945,-10.924771,9.599891
24.140360,-7.908071,9.595543
25.146121,-4.528091,9.589886
25.981562,-0.911494,9.600089
26.412877,2.778091,9.593387
26.249142,6.489783,9.592523
25.421284,10.510288,9.598547
24.024135,14.378494,9.601936
22.030880,18.209347,9.600032
19.247187,21.617297,5.791936
16.031436,24.892229,5.798011
11.986912,27.777541,5.799475
7.495911,29.924078,5.794162
2.531906,31.324768,5.789065
-2.599114,31.937049,5.790183
-8.144465,31.852356,5.794186
-13.771624,30.750532,5.791754
-19.309191,28.622688,5.794135
-24.570006,25.490986,5.801158
-29.109640,21.385824,5.799311
-32.634321,16.142825,5.789741
-34.683411,10.370978,5.792768
-35.353858,4.092958,5.792648
-34.762298,-1.810556,5.790189
-33.061657,-7.689264,5.796172
-30.558082,-12.850771,5.796298
-27.366806,-17.394324,5.793244
-23.431299,-21.288798,5.797193
-19.200805,-24.266174,5.804020
-14.565253,-26.539043,5.802060
-9.727987,-27.671752,5.795776
-5.134062,-27.901546,5.793410
-0.575164,-27.450772,5.794379
3.530856,-26.512580,5.793138
7.317292,-25.166275,5.790072
10.597932,-23.221842,5.795356
13.594912,-21.153523,5.795717
16.309077,-19.049354,5.792924
18.763745,-16.634486,5.793556
21.024464,-14.041930,5.791015
23.118041,-11.066991,5.795334
24.543686,-7.944395,5.800249
25.570462,-4.452620,5.795365
26.298968,-0.896660,5.792133
26.595594,2.724473,5.802380
26.325349,6.538683,5.796375
25.449969,10.457783,5.791701
23.940096,14.386659,5.791561
21.884475,18.073392,5.790320
18.980066,21.209163,1.998576
15.797820,24.338472,1.998967
11.782892,27.019841,1.991925
7.512470,28.878587,1.997171
2.641143,30.054675,1.998918
-2.368716,30.454447,1.988571
-7.755138,30.226601,1.997309
-13.001806,29.005151,1.991119
-17.990500,26.939461,1.993790
-22.909329,23.938132,2.000592
-27.196238,20.082094,1.992301
-30.639943,15.223467,1.991077
-32.792353,9.672275,1.998313
-33.547806,3.955152,1.997626
-33.088153,-1.795929,1.993478
-31.577684,-7.358566,1.994071
-29.228427,-12.416142,1.988516
-26.232259,-16.907369,1.998091
-22.671135,-20.689680,1.998087
-18.706121,-23.787342,1.986409
-14.334728,-26.253564,1.989488
-9.678517,-27.529502,1.993466
-5.030942,-27.903209,1.987520
-0.590829,-27.587149,1.990945
3.422374,-26.767245,2.001007
7.305998,-25.469377,1.993428
10.662919,-23.501057,1.996243
13.734907,-21.389966,1.994910
16.529854,-19.243098,1.991883
19.041551,-16.756739,1.995033
21.311801,-14.052825,1.989906
23.196838,-11.284501,1.990027
24.772591,-7.923599,1.996611
25.788472,-4.536255,1.999814
26.424700,-1.063949,1.999780
26.604452,2.835769,2.002199
26.235315,6.534817,1.997385
25.332168,10.334726,1.993005
23.811172,14.129205,1.992845
21.630516,17.821975,1.995393
18.633540,20.685045,-1.796885
15.356986,23.761958,-1.796206
11.541804,26.126602,-1.803068
7.346742,27.769865,-1.803189
2.594781,28.708302,-1.804983
-2.082150,28.902033,-1.811341
-7.103748,28.556263,-1.803747
-11.966808,27.280967,-1.810294
-16.740129,25.161950,-1.807890
-21.288290,22.270799,-1.799085
-25.280910,18.640364,-1.803586
-28.581510,14.144525,-1.809244
-30.687339,9.173988,-1.808666
-31.582258,3.671273,-1.806031
-31.246371,-1.897701,-1.806534
-29.923257,-7.126768,-1.806479
-27.831259,-11.901302,-1.800314
-25.161499,-16.175662,-1.804543
-21.875661,-19.976764,-1.808166
-18.193492,-23.154794,-1.808186
-14.082427,-25.737150,-1.812304
-9.634742,-27.150152,-1.800235
-4.973882,-27.671625,-1.800505
-0.673516,-27.477683,-1.807127
3.572261,-26.677846,-1.803320
7.333386,-25.444196,-1.798611
10.765871,-23.501378,-1.795903
13.755819,-21.490205,-1.802636
16.605995,-19.310328,-1.806089
19.038250,-16.909886,-1.802529
21.314886,-14.128751,-1.812431
23.185093,-11.270282,-1.814375
24.736227,-8.028786,-1.812901
25.804200,-4.594732,-1.811822
26.378301,-1.046339,-1.809637
26.435057,2.728235,-1.807973
25.981154,6.474637,-1.801730
25.009255,10.310732,-1.799170
23.469437,13.948173,-1.799531
21.273689,17.465791,-1.798774
18.217301,20.060874,-5.606762
15.000341,22.950069,-5.611784
11.271759,25.127608,-5.599054
7.020062,26.619471,-5.604000
2.759471,27.306979,-5.609093
-1.915156,27.354444,-5.598661
-6.558506,26.871636,-5.605838
-11.035484,25.562594,-5.599357
-15.420839,23.492330,-5.597892
-19.603526,20.732528,-5.603034
-23.309838,17.350150,-5.601452
-26.459266,13.223220,-5.601794
-28.602986,8.494601,-5.602795
-29.553614,3.392935,-5.601753
-29.364213,-1.797954,-5.600646
-28.209126,-6.855970,-5.602079
-26.373600,-11.336133,-5.603366
-23.828460,-15.662135,-5.603224
-20.897964,-19.288627,-5.608374
-17.466875,-22.467494,-5.609948
-13.573448,-25.047039,-5.596628
-9.333577,-26.527420,-5.594949
-4.866762,-27.146732,-5.602347
-0.552167,-27.035297,-5.609036
3.538140,-26.308610,-5.610114
7.165091,-25.152164,-5.607721
10.688734,-23.323157,-5.611864
13.742527,-21.348243,-5.613325
16.484375,-19.247953,-5.610462
18.953085,-16.824635,-5.608580
21.222633,-13.990869,-5.609125
23.058291,-11.061063,-5.613114
24.543442,-7.936578,-5.605226
25.619887,-4.470187,-5.596312
26.107431,-1.045423,-5.600508
26.085050,2.585818,-5.606707
25.566548,6.353075,-5.609707
24.591534,10.033228,-5.603242
22.996151,13.670143,-5.597111
20.820334,17.014894,-5.599331
17.730515,19.335979,-9.402955
14.591408,22.025715,-9.399788
10.973584,24.012785,-9.411216
6.873383,25.332132,-9.408062
2.619316,25.889551,-9.402006
-1.683473,25.792251,-9.407366
-5.939788,25.199568,-9.402216
-10.183453,23.829011,-9.406783
-14.181997,21.832796,-9.412064
-18.003938,19.227983,-9.410125
-21.526313,15.972554,-9.405546
-24.455736,12.174417,-9.403536
-26.498464,7.833110,-9.400225
-27.482692,2.971740,-9.401197
-27.390017,-1.827518,-9.405840
-26.431443,-6.525280,-9.405317
-24.787744,-10.852451,-9.398910
-22.544236,-14.902749,-9.405363
-19.861880,-18.468608,-9.404976
-16.674415,-21.597993,-9.399201
-12.971962,-24.095545,-9.412583
-8.793376,-25.658856,-9.415660
-4.541741,-26.337706,-9.401787
-0.411836,-26.290192,-9.400575
3.501573,-25.627517,-9.410503
7.127880,-24.483916,-9.400951
10.421749,-22.946042,-9.407113
13.525808,-21.049755,-9.409766
16.275092,-18.932440,-9.399581
18.752049,-16.500717,-9.395816
20.904895,-13.777974,-9.405879
22.632353,-10.960840,-9.409125
24.113751,-7.819010,-9.403227
25.137206,-4.504869,-9.396884
25.594294,-1.062145,-9.398400
25.521821,2.573419,-9.407610
24.978138,6.167928,-9.411083
24.009813,9.675804,-9.402462
22.462085,13.144376,-9.396536
20.263504,16.463668,-9.400805
17.037174,18.586731,-13.209633
14.111816,20.951559,-13.207660
10.494391,22.818532,-13.209223
6.729068,23.920838,-13.206389
2.683134,24.363924,-13.204027
-1.389932,24.172241,-13.203356
-5.398894,23.449895,-13.198284
-9.240225,22.098144,-13.209660
-12.994247,20.139574,-13.208374
-16.447697,17.700575,-13.204945
-19.648997,14.696682,-13.210986
-22.353270,11.238604,-13.200516
-24.328686,7.144051,-13.199580
-25.294657,2.701861,-13.205979
-25.315881,-1.690622,-13.206511
-24.531583,-6.167174,-13.200760
-23.082312,-10.308973,-13.197498
-21.133477,-14.063649,-13.194931
-18.599868,-17.649808,-13.201981
-15.629346,-20.661021,-13.210164
-12.103653,-23.005910,-13.202805
-8.312329,-24.505337,-13.199884
-4.304138,-25.241337,-13.206069
-0.384098,-25.266426,-13.211815
3.484454,-24.656524,-13.212764
6.925166,-23.588224,-13.213953
10.255793,-22.202533,-13.208434
13.235501,-20.479478,-13.200149
15.953950,-18.355065,-13.204103
18.297049,-16.046645,-13.213261
20.341647,-13.468412,-13.202365
22.045784,-10.655582,-13.201420
23.427028,-7.665995,-13.205690
24.415468,-4.367195,-13.202190
24.827368,-0.942921,-13.200082
24.727295,2.502357,-13.208432
24.182796,5.905435,-13.205069
23.234805,9.220826,-13.200255
21.680566,12.645956,-13.201603
19.678461,15.661972,-13.206718
16.347974,17.554027,-17.009016
13.427333,19.778534,-17.000809
10.124242,21.378722,-17.005767
6.433452,22.361339,-17.011369
2.776848,22.685558,-17.009746
-1.031912,22.424209,-17.006358
-4.759267,21.600146,-17.004833
-8.331827,20.254433,-17.001171
-11.682114,18.425318,-17.001496
-14.879843,16.083086,-17.001005
-17.749827,13.346704,-17.000427
-20.262451,10.090799,-17.008046
-22.043318,6.383251,-17.002324
-22.959672,2.373692,-16.996368
-23.053836,-1.739829,-16.998739
-22.436213,-5.805051,-17.002929
-21.235715,-9.584608,-17.004791
-19.440435,-13.278266,-17.003910
-17.251230,-16.596104,-16.997509
-14.534234,-19.471971,-16.998037
-11.205502,-21.633645,-17.013389
-7.533208,-23.145075,-17.007713
-3.795060,-23.891777,-17.003556
-0.118018,-23.948135,-17.010229
3.365958,-23.433601,-17.010879
6.737431,-22.418060,-16.999117
9.906301,-21.231334,-17.007242
12.731371,-19.686999,-17.012588
15.281258,-17.693350,-17.005775
17.587824,-15.435502,-17.003145
19.597034,-12.906594,-17.006730
21.187042,-10.266597,-17.008807
22.515638,-7.319876,-17.009238
23.402133,-4.217307,-17.005440
23.770690,-1.006482,-17.002457
23.684622,2.221839,-17.008517
23.139978,5.553786,-17.008959
22.178043,8.789739,-17.010714
20.776234,11.869215,-17.014105
18.837028,14.834786,-17.014601
15.512688,16.308035,-20.802742
12.764246,18.284788,-20.812586
9.560465,19.745703,-20.813397
6.273381,20.545096,-20.811181
2.758859,20.787598,-20.810568
-0.742305,20.452806,-20.810350
-4.017407,19.597541,-20.809087
-7.285341,18.287763,-20.803671
-10.336816,16.538847,-20.798635
-13.136724,14.405669,-20.799651
-15.666731,11.957731,-20.803296
-17.976696,8.951067,-20.802084
-19.540422,5.647145,-20.803869
-20.380888,2.086765,-20.807769
-20.548593,-1.701207,-20.808799
-20.104876,-5.329959,-20.807820
-19.058996,-8.974515,-20.811727
-17.549203,-12.295876,-20.813337
-15.629819,-15.425721,-20.811952
-13.181425,-18.120378,-20.807317
-10.086060,-20.075838,-20.802577
-6.837972,-21.456709,-20.811146
-3.279355,-22.245409,-20.807650
0.112069,-22.344609,-20.797805
3.460284,-21.875531,-20.798814
6.571917,-20.950595,-20.803232
9.520521,-19.925258,-20.811172
12.142266,-18.541312,-20.814005
14.592556,-16.606112,-20.806930
16.709344,-14.515615,-20.800836
18.564092,-12.186021,-20.806214
20.100937,-9.636408,-20.798883
21.298928,-6.908217,-20.797803
22.079252,-4.037049,-20.803932
22.406728,-1.075488,-20.805706
22.328462,2.035985,-20.809762
21.812609,5.106027,-20.811297
20.912319,8.083259,-20.808887
19.574017,11.058629,-20.803656
17.811767,13.816306,-20.799641
14.480630,14.775352,-24.601760
11.856484,16.557244,-24.608439
9.051465,17.758632,-24.608412
5.959288,18.441183,-24.600437
2.787646,18.582199,-24.597814
-0.235549,18.218288,-24.604466
-3.278216,17.325586,-24.608438
-6.082930,16.127068,-24.604186
-8.784870,14.477765,-24.609444
-11.175707,12.583451,-24.609916
-13.443881,10.369299,-24.603600
-15.427348,7.740154,-24.611036
-16.801587,4.749284,-24.608997
-17.530226,1.660665,-24.609191
-17.736514,-1.625274,-24.612134
-17.428922,-4.903452,-24.609379
-16.622070,-8.096810,-24.606843
-15.369140,-11.132110,-24.599645
-13.749081,-14.022306,-24.604315
-11.608845,-16.498706,-24.611697
-8.805327,-18.237980,-24.598857
-5.773801,-19.550569,-24.600743
-2.699284,-20.274513,-24.601440
0.355348,-20.402351,-24.600473
3.377361,-20.024437,-24.605396
6.191809,-19.234909,-24.604629
8.858345,-18.340172,-24.606556
11.444685,-17.000289,-24.608407
13.554597,-15.331105,-24.610646
15.544422,-13.358667,-24.613544
17.223941,-11.267532,-24.606321
18.617054,-8.976377,-24.605415
19.731398,-6.401953,-24.613096
20.415410,-3.810324,-24.609910
20.715585,-1.021246,-24.599228
20.651545,1.659704,-24.604748
20.166587,4.545392,-24.604982
19.342577,7.220678,-24.607236
18.154859,9.916000,-24.607631
16.543248,12.535732,-24.602661
13.090834,12.909468,-28.406955
10.771905,14.400723,-28.404277
8.308512,15.381462,-28.398446
5.605503,15.889431,-28.401756
2.848160,15.916692,-28.407064
0.127275,15.508020,-28.404121
-2.401080,14.718432,-28.399896
-4.806004,13.607609,-28.401368
-7.014948,12.152870,-28.397728
-9.051883,10.459689,-28.402104
-10.927192,8.589269,-28.409923
-12.576113,6.382060,-28.401776
-13.688247,3.865176,-28.401427
-14.313763,1.178603,-28.405981
-14.537023,-1.565226,-28.403375
-14.347898,-4.419147,-28.397898
-13.742918,-7.107497,-28.406203
-12.787215,-9.680626,-28.408982
-11.508911,-12.265116,-28.409691
-9.680628,-14.570132,-28.411423
-7.242715,-16.082081,-28.403631
-4.714011,-17.206162,-28.396078
-1.953906,-17.899668,-28.404815
0.699272,-18.040925,-28.410866
3.330638,-17.764246,-28.403379
5.889547,-17.093814,-28.409289
8.198008,-16.296491,-28.405429
10.442555,-15.122244,-28.406773
12.366606,-13.619885,-28.412575
14.026223,-11.986429,-28.405841
15.556933,-10.091849,-28.404627
16.822553,-8.011301,-28.409931
17.748584,-5.871958,-28.410156
18.366739,-3.517612,-28.403692
18.621610,-1.093982,-28.401730
18.565566,1.340695,-28.407733
18.139463,3.846976,-28.404645
17.380225,6.267109,-28.401652
16.347904,8.613577,-28.402809
14.962493,10.901749,-28.405491
11.392575,10.377154,-32.203162
9.411258,11.607653,-32.210130
7.300900,12.374625,-32.200624
5.081270,12.693861,-32.203700
2.925676,12.608762,-32.203444
0.714854,12.220601,-32.199320
-1.347356,11.591328,-32.206202
-3.200126,10.663616,-32.204450
-4.945304,9.398092,-32.202225
-6.511853,8.043599,-32.204402
-8.036185,6.515610,-32.206011
-9.298634,4.765487,-32.204845
-10.119155,2.772840,-32.210159
-10.601626,0.665176,-32.209311
-10.812610,-1.565786,-32.207163
-10.716336,-3.721911,-32.208275
-10.301608,-5.928355,-32.200128
-9.602555,-8.050995,-32.200679
-8.667364,-10.208741,-32.204424
-7.345151,-12.103163,-32.204510
-5.408863,-13.410448,-32.207371
-3.273619,-14.371928,-32.205739
-1.113714,-14.948865,-32.201066
1.126950,-15.117084,-32.202182
3.275833,-14.928378,-32.210107
5.380576,-14.455043,-32.210672
7.319975,-13.729476,-32.205214
9.137561,-12.736950,-32.205642
10.730359,-11.553426,-32.209773
12.157555,-10.174736,-32.205669
13.412924,-8.637795,-32.201257
14.462018,-6.953849,-32.199658
15.290555,-5.055388,-32.202167
15.781167,-3.134044,-32.208877
15.986038,-1.159086,-32.211461
15.951440,0.910754,-32.202668
15.598199,2.951353,-32.203907
14.973647,4.921620,-32.203440
14.086280,6.906843,-32.199247
12.936811,8.758153,-32.197785
8.930760,6.937477,-36.006556
7.599083,7.771056,-36.004477
6.042309,8.259283,-36.007830
4.472518,8.407020,-36.002304
2.980643,8.213591,-36.001542
1.487215,7.943944,-36.003988
0.026995,7.591765,-36.004619
-1.224315,6.847642,-36.008279
-2.341002,5.919287,-36.006600
-3.380521,5.000043,-36.004931
-4.405833,3.969873,-36.006049
-5.225647,2.773705,-36.008212
-5.732724,1.415028,-36.009109
-6.042429,-0.005254,-36.006035
-6.199482,-1.446373,-36.001484
-6.164544,-2.957307,-36.000810
-5.920974,-4.387888,-36.004705
-5.501546,-5.899433,-36.001482
-4.970426,-7.387315,-36.001541
-4.173447,-8.805425,-36.009858
-2.940698,-9.881559,-36.010010
-1.464562,-10.586266,-36.003774
0.115450,-11.005374,-36.001070
1.675934,-11.171531,-36.001710
3.245188,-11.094462,-35.999835
4.746691,-10.855176,-36.003704
6.176017,-10.236423,-36.003339
7.405088,-9.450415,-36.003465
8.602335,-8.636398,-36.006294
9.629277,-7.698637,-36.000084
10.541679,-6.570636,-36.006401
11.302909,-5.335972,-36.011236
11.880019,-4.070634,-36.005584
12.273008,-2.675263,-35.998704
12.433717,-1.172121,-36.001154
12.395229,0.277749,-36.010094
12.137032,1.766394,-36.008530
11.668535,3.202493,-36.007651
10.990894,4.557553,-36.009303
10.066113,5.839364,-36.009235
3.681393,-1.113625,-39.804729
6.008625,7.046533,36.195271
5.284734,9.068007,36.195271
4.106310,11.444951,36.195271
2.228414,14.141912,36.195271
-0.570992,16.883745,36.195271
-4.211039,19.172492,36.195271
-8.743281,20.761370,36.195271
-13.789717,21.279547,36.195271
-18.741975,20.275162,36.195271
-23.076598,17.651201,36.195271
-26.358686,13.796500,36.195271
-28.565340,9.240456,36.195271
-29.679927,4.315592,36.195271
-29.843238,-0.742111,36.195271
-29.345291,-5.767107,36.195271
-28.389992,-10.841614,36.195272
-26.847032,-15.726173,36.195272
-23.522306,-19.776402,36.195272
-18.355428,-21.667821,36.195272
-12.182770,-21.037447,36.195272
-6.836467,-19.040494,36.195271
-2.602225,-16.537268,36.195271
0.418561,-14.039171,36.195272
2.551434,-11.707931,36.195272
3.998274,-9.637076,36.195272
4.959433,-7.858737,36.195272
5.601411,-6.347547,36.195271
6.009011,-5.152334,36.195271
6.311271,-4.056857,36.195271
6.503810,-3.194198,36.195271
6.659082,-2.324125,36.195271
6.762529,-1.573648,36.195271
6.827857,-0.945734,36.195271
6.881246,-0.190077,36.195271
6.904949,0.440784,36.195271
6.908517,1.198324,36.195271
6.878500,2.081611,36.195272
6.811785,2.963154,36.195272
6.672373,4.091398,36.195272
8.192261,7.969213,32.795066
7.427003,10.033431,32.791056
6.157038,11.726523,32.797484
4.466363,14.176479,32.799021
2.180127,16.775151,32.796430
-0.903012,18.859357,32.794280
-4.699639,20.388414,32.793696
-9.031017,21.453449,32.800246
-14.002667,21.570987,32.802026
-18.752974,20.263717,32.798258
-23.210889,17.743530,32.797327
-27.235530,14.245839,32.800088
-29.412058,9.530627,32.795319
-29.770084,4.315028,32.790227
-29.036547,-0.714901,32.792427
-27.814429,-5.513408,32.796043
-26.038443,-10.003051,32.791086
-23.503943,-13.996897,32.793524
-19.873459,-16.986950,32.795790
-15.229334,-18.393714,32.793400
-10.033288,-18.021031,32.797052
-5.730243,-16.796217,32.794467
-2.133830,-15.144705,32.787615
0.556591,-13.368211,32.788725
2.592966,-11.551302,32.799702
4.040068,-9.866653,32.802955
5.177652,-8.387438,32.801554
6.008170,-7.150231,32.801433
6.482736,-5.745323,32.800601
6.940819,-4.733299,32.795504
7.409294,-3.865528,32.792115
7.631531,-2.897634,32.797687
7.884191,-1.940095,32.801616
8.081226,-1.094049,32.795873
8.542678,-0.221633,32.797373
8.918831,0.830574,32.795824
8.915085,1.942453,32.801887
8.896666,3.181717,32.795320
8.808714,4.532592,32.789746
8.569432,5.998950,32.794135
9.538755,9.769045,29.400510
8.521128,12.261084,29.400975
6.778739,14.041704,29.399626
4.766195,16.408709,29.391174
2.085006,18.974665,29.388838
-1.224117,20.693142,29.390705
-5.061053,21.728464,29.389067
-9.603006,22.397640,29.398005
-14.443378,22.136102,29.394912
-19.143887,20.607305,29.388912
-23.537271,17.974308,29.392620
-27.425466,14.312353,29.396381
-29.343640,9.478252,29.396116
-29.379637,4.238372,29.393159
-28.235070,-0.719829,29.390339
-26.465670,-5.354578,29.392134
-24.210309,-9.354904,29.399293
-21.179152,-12.808392,29.397988
-17.542569,-15.201338,29.394863
-13.236962,-16.402622,29.396091
-8.893714,-16.272267,29.395242
-4.997061,-15.464853,29.392755
-1.958358,-14.397059,29.396321
0.580919,-13.092169,29.398467
2.612655,-11.662887,29.391702
4.170883,-10.256837,29.396377
5.440393,-9.053345,29.397594
6.433596,-7.945404,29.393231
7.070133,-6.464301,29.402779
7.771452,-5.447096,29.396117
8.372937,-4.524674,29.394332
8.748493,-3.333438,29.401679
9.083344,-2.401173,29.393982
9.396784,-1.329366,29.396180
10.069111,-0.144107,29.388922
10.509697,1.150015,29.394282
10.494201,2.511147,29.401065
10.465795,4.001400,29.402258
10.346604,5.718497,29.401258
10.017705,7.545727,29.400610
10.452036,11.127415,25.991553
9.304073,13.736821,25.994612
7.359792,15.684451,25.997331
5.020163,18.133428,25.998682
2.072655,20.628244,25.999278
-1.462224,22.243423,26.000077
-5.625667,23.118986,26.001065
-10.119356,23.416849,26.000948
-14.960493,22.827036,25.999066
-19.666064,21.125532,25.994412
-23.924059,18.241466,25.991393
-27.163465,14.250689,25.994956
-28.687446,9.362161,25.996552
-28.661990,4.207229,25.995618
-27.413920,-0.758117,25.999430
-25.382060,-5.059214,26.002494
-22.771533,-8.882742,25.992115
-19.635353,-11.935841,25.995500
-15.968527,-14.107142,25.997329
-12.116103,-15.195667,25.993130
-8.114462,-15.283804,26.000040
-4.762870,-14.834287,25.994144
-1.860001,-14.085412,25.987032
0.583717,-13.122837,25.989186
2.565033,-12.051421,25.993939
4.211603,-10.928485,25.990242
5.727326,-9.804323,25.992706
6.903234,-8.692349,26.002195
7.741678,-7.299902,25.998658
8.623635,-6.241477,25.994822
9.367298,-5.103483,25.990094
9.842474,-3.937589,25.992031
10.296687,-2.776143,25.997592
10.715628,-1.467072,25.991001
11.333016,-0.099638,25.995476
11.713626,1.353266,25.990481
11.706383,2.850636,25.988070
11.644494,4.602445,25.996839
11.489984,6.458218,26.002293
11.069695,8.663284,25.996900
10.997052,11.968163,22.596623
9.756143,14.584022,22.593617
7.734362,16.840315,22.591647
5.236521,19.365314,22.598713
2.047584,21.823456,22.597145
-1.666527,23.456690,22.591578
-6.001325,24.338162,22.598285
-10.679588,24.372465,22.593003
-15.401649,23.531826,22.589229
-20.137891,21.680899,22.591990
-24.225102,18.517967,22.596739
-26.808671,14.003358,22.598341
-27.842358,9.053257,22.590165
-27.761918,3.977410,22.589820
-26.606670,-0.666917,22.598351
-24.371957,-4.931107,22.601871
-21.721422,-8.476452,22.595609
-18.554166,-11.376380,22.592617
-15.050433,-13.411474,22.599422
-11.428286,-14.533701,22.601349
-7.775060,-14.834811,22.588680
-4.619291,-14.636182,22.596715
-1.882855,-14.154043,22.601645
0.542839,-13.444858,22.597810
2.641604,-12.567304,22.602236
4.418386,-11.609618,22.597502
5.916231,-10.659237,22.592428
7.286921,-9.546536,22.592715
8.351824,-8.297787,22.590843
9.420464,-7.044996,22.591300
10.254287,-5.787390,22.599811
10.920453,-4.420297,22.599938
11.477476,-3.013758,22.590955
11.881582,-1.683331,22.590820
12.344166,-0.108099,22.589634
12.590226,1.516083,22.590812
12.580018,3.157382,22.589226
12.474223,5.050634,22.591619
12.242727,7.052468,22.595866
11.752285,9.400351,22.597615
11.281170,12.251817,19.197926
9.887859,14.979559,19.195361
7.940165,17.507520,19.190180
5.339875,20.157361,19.193691
2.025302,22.525949,19.200419
-1.841685,24.242108,19.199892
-6.327595,25.237483,19.193701
-11.052349,25.092229,19.191752
-15.791916,24.059104,19.196593
-20.528505,22.035326,19.196078
-24.439262,18.597947,19.191057
-26.500840,13.894727,19.193984
-27.200056,8.822776,19.189836
-26.942657,3.967957,19.196542
-25.687661,-0.710039,19.201116
-23.518633,-4.774632,19.192739
-20.880972,-8.227249,19.195388
-17.867883,-10.989186,19.192415
-14.591067,-12.982043,19.192695
-11.101374,-14.228571,19.197209
-7.819507,-14.742644,19.192167
-4.754184,-14.782416,19.191136
-1.957619,-14.504406,19.195120
0.418037,-14.014060,19.197167
2.601627,-13.297778,19.195074
4.469123,-12.463219,19.196884
6.220126,-11.416587,19.194526
7.755217,-10.267149,19.192057
9.003364,-9.171801,19.200452
10.131455,-7.789503,19.201956
11.054144,-6.405536,19.199461
11.844018,-4.948784,19.198019
12.453955,-3.403513,19.197473
12.893497,-1.803633,19.198889
13.123109,-0.159678,19.199817
13.185616,1.626375,19.193686
13.168808,3.413893,19.196700
13.004877,5.320824,19.191267
12.661524,7.466764,19.186260
12.140113,9.707680,19.191611
11.274990,12.296069,15.800459
9.853071,14.889926,15.796206
7.938175,17.783294,15.795753
5.342627,20.453935,15.790887
2.043114,22.681116,15.788929
-1.946289,24.498339,15.792166
-6.431691,25.604255,15.792256
-11.176715,25.370499,15.792150
-15.935110,24.213773,15.791941
-20.587612,21.992423,15.794211
-24.281806,18.431630,15.795225
-26.301410,13.823107,15.790860
-26.878630,8.700472,15.792877
-26.220531,3.869787,15.791975
-24.746270,-0.660600,15.790218
-22.746017,-4.684370,15.793306
-20.296619,-7.987112,15.794645
-17.417529,-10.748637,15.794063
-14.305864,-12.793442,15.790923
-11.102067,-14.133396,15.789787
-7.849870,-14.902059,15.794629
-4.907266,-15.145915,15.793627
-2.207040,-15.066746,15.796612
0.336370,-14.716876,15.801121
2.564270,-14.102610,15.793475
4.713457,-13.229440,15.789346
6.458790,-12.162691,15.790493
8.037702,-11.046551,15.794297
9.618266,-9.942145,15.801052
10.752903,-8.400133,15.803427
11.747763,-6.887791,15.797363
12.624141,-5.330446,15.794075
13.263077,-3.640605,15.797411
13.674592,-1.895869,15.796049
13.683788,-0.094930,15.790171
13.544431,1.697237,15.792894
13.521627,3.495610,15.792541
13.296170,5.404638,15.790774
12.842006,7.551054,15.792981
12.248559,9.791124,15.798432
11.084891,12.058042,12.390809
9.666347,14.477094,12.392706
7.920569,17.441976,12.399377
5.377250,20.096650,12.396657
2.054665,22.244703,12.391896
-1.769635,24.003788,12.393377
-6.321201,25.187784,12.396376
-10.893221,24.939146,12.397204
-15.579245,23.631058,12.397374
-19.781237,21.268629,12.397736
-23.180377,17.797307,12.399267
-25.462116,13.378064,12.401054
-26.087419,8.446716,12.397903
-25.262946,3.682101,12.400832
-23.800794,-0.672809,12.399410
-22.113669,-4.511890,12.392721
-19.792457,-7.857075,12.400809
-17.123890,-10.602656,12.401908
-14.136538,-12.757885,12.397809
-11.154850,-14.205198,12.396384
-8.124796,-15.183206,12.394770
-5.110960,-15.648333,12.390830
-2.305418,-15.724264,12.389485
0.225329,-15.487317,12.391419
2.689458,-14.854695,12.391993
4.827583,-14.002689,12.389987
6.643850,-12.852216,12.393452
8.436402,-11.621988,12.397199
10.147258,-10.531000,12.395029
11.243290,-8.828417,12.402527
12.281702,-7.208111,12.396760
13.186858,-5.547690,12.387155
13.785173,-3.855054,12.391110
14.165612,-1.995251,12.401961
14.000356,-0.087938,12.401864
13.712226,1.669564,12.399177
13.668103,3.577276,12.399071
13.374030,5.456301,12.395288
12.809436,7.560394,12.390929
12.122744,9.751132,12.390214
10.780848,11.617658,8.991793
9.346218,13.902039,8.994863
7.691614,16.769981,8.993783
5.189301,19.260436,8.999451
2.139757,21.122029,8.997247
-1.561616,22.730283,8.991934
-5.851105,23.755091,8.998064
-10.146073,23.559755,8.991049
-14.239728,21.917008,8.991580
-17.662059,19.139768,8.994477
-20.433544,15.851951,8.993766
-22.758254,12.106168,8.995810
-23.867265,7.842801,8.993761
-23.790812,3.425004,8.994256
-22.938192,-0.656181,8.993461
-21.488812,-4.425321,8.992205
-19.381322,-7.727268,9.000310
-16.938906,-10.484467,8.992891
-14.180147,-12.706750,8.990102
-11.296170,-14.334260,8.998165
-8.346718,-15.539159,8.995217
-5.363167,-16.194740,8.997223
-2.545139,-16.394959,8.994511
0.137534,-16.207281,8.988709
2.630782,-15.582493,8.993059
4.913619,-14.662566,8.991013
6.847087,-13.397615,8.990251
8.660383,-12.122419,8.992483
10.392554,-10.980790,8.992482
11.518821,-9.101895,8.997154
12.534151,-7.407628,8.995572
13.408485,-5.675891,8.991284
14.009486,-3.795350,8.990515
14.308790,-1.995661,8.995627
14.088358,-0.166016,9.000641
13.724045,1.634307,8.992256
13.647246,3.590652,8.995967
13.273493,5.505590,9.001595
12.668403,7.385242,9.000275
11.896631,9.454470,8.994425
10.415749,11.068818,5.591730
8.982146,13.187806,5.601365
7.393585,15.762284,5.595358
5.007250,17.941285,5.593363
2.147492,19.555513,5.594815
-1.310570,20.844137,5.593011
-4.987820,21.518368,5.593029
-9.093211,21.393928,5.599535
-12.327023,19.465347,5.594279
-14.931549,16.565711,5.590587
-17.320899,13.591882,5.596616
-19.595921,10.504783,5.600326
-21.262199,7.056986,5.595471
-22.230350,3.199868,5.597844
-22.138926,-0.615242,5.600674
-20.859582,-4.369368,5.595944
-18.996729,-7.587324,5.597647
-16.745118,-10.403864,5.595383
-14.148059,-12.719264,5.596879
-11.405876,-14.478669,5.600110
-8.584466,-15.855523,5.592440
-5.682035,-16.672993,5.592955
-2.783683,-16.964829,5.598750
-0.003868,-16.784359,5.598965
2.697900,-16.096354,5.592853
4.954395,-15.144350,5.591172
6.986509,-13.819599,5.590136
8.839763,-12.395540,5.593521
10.428620,-11.045596,5.600030
11.530135,-9.142330,5.593181
12.458729,-7.386129,5.595039
13.231770,-5.582375,5.596227
13.730779,-3.783268,5.594236
14.010091,-1.951987,5.598810
13.874433,-0.095305,5.602091
13.609033,1.626211,5.596787
13.499683,3.482052,5.597461
13.091181,5.407230,5.596365
12.412645,7.275468,5.591147
11.546927,9.182829,5.587243
10.038374,10.501314,2.198320
8.655308,12.366642,2.194029
7.057282,14.626188,2.199459
4.837068,16.425414,2.199907
2.145759,17.787292,2.194683
-0.906890,18.658974,2.190488
-4.123470,18.970270,2.191845
-7.685864,18.864531,2.196394
-10.753370,17.227418,2.191008
-13.319809,15.044762,2.193475
-15.897886,12.648443,2.202143
-18.224925,9.833373,2.200510
-19.992105,6.646842,2.201131
-21.182656,3.047595,2.198284
-21.300805,-0.682222,2.198158
-20.238305,-4.196100,2.201077
-18.567831,-7.442031,2.191493
-16.493540,-10.310283,2.188667
-14.134512,-12.637694,2.190196
-11.436255,-14.574412,2.191355
-8.715959,-16.057462,2.195178
-5.769488,-17.001081,2.190716
-2.796186,-17.319676,2.193438
-0.039077,-17.101630,2.200304
2.636466,-16.400832,2.194883
5.055578,-15.316888,2.195827
7.123778,-14.018585,2.192536
8.825263,-12.450554,2.189661
10.178422,-10.558981,2.195043
11.206075,-8.852592,2.191083
11.994878,-7.030172,2.190355
12.549455,-5.231281,2.196269
12.925584,-3.505120,2.196588
13.169841,-1.864354,2.191202
13.378656,-0.108686,2.192340
13.406363,1.659762,2.190782
13.253389,3.421997,2.188772
12.854279,5.258437,2.191710
12.191231,7.018047,2.196975
11.240522,8.773678,2.200392
9.698316,9.987794,-1.200064
8.286729,11.717933,-1.198999
6.687896,13.571670,-1.204405
4.593742,15.016660,-1.207638
2.138049,16.100860,-1.207368
-0.553936,16.620639,-1.203781
-3.335289,16.619555,-1.199109
-6.419194,16.508779,-1.198985
-9.614901,15.735361,-1.205941
-12.643205,14.388364,-1.206394
-15.650217,12.384218,-1.199689
-18.058130,9.819306,-1.199135
-19.806141,6.524094,-1.204045
-20.568603,2.980943,-1.202896
-20.405119,-0.636430,-1.205148
-19.461754,-4.133376,-1.211199
-18.058502,-7.237119,-1.201942
-16.191307,-10.087490,-1.204373
-13.952267,-12.507676,-1.211731
-11.441345,-14.484203,-1.211667
-8.671433,-16.075905,-1.209683
-5.845403,-17.020639,-1.202379
-2.882554,-17.359062,-1.202574
-0.015651,-17.116560,-1.207890
2.654833,-16.379799,-1.202469
5.041196,-15.248065,-1.199785
7.088842,-14.013165,-1.201784
8.701332,-12.245407,-1.204844
9.622871,-9.960165,-1.204585
10.703051,-8.365178,-1.201380
11.338803,-6.592828,-1.204874
11.665850,-4.796114,-1.208271
11.920280,-3.224157,-1.205667
12.157735,-1.652637,-1.204633
12.728889,-0.157867,-1.206979
13.160151,1.601415,-1.197664
12.982244,3.288141,-1.202736
12.596926,5.065337,-1.201509
11.919542,6.839397,-1.197716
10.892209,8.469786,-1.199547
9.377985,9.665142,-4.606338
7.996697,11.185804,-4.608168
6.415760,12.657484,-4.603408
4.387902,13.866077,-4.606410
2.166583,14.728503,-4.602485
-0.260574,15.047227,-4.597763
-2.736027,14.906325,-4.599340
-5.611191,14.804980,-4.599722
-8.795925,14.610407,-4.605679
-12.104808,13.858639,-4.608229
-15.307559,12.196625,-4.602650
-17.883600,9.669508,-4.598111
-19.476530,6.419290,-4.602208
-19.799049,2.852082,-4.607014
-19.339220,-0.637409,-4.606955
-18.578608,-3.938600,-4.605292
-17.374997,-7.003104,-4.607003
-15.671360,-9.821673,-4.605788
-13.591698,-12.239574,-4.605104
-11.147456,-14.290319,-4.606311
-8.468983,-15.829024,-4.603253
-5.627877,-16.732158,-4.600339
-2.759666,-17.049635,-4.604500
0.010491,-16.830352,-4.610304
2.680461,-16.051375,-4.607363
4.966086,-14.920981,-4.604261
7.029487,-13.646766,-4.601613
8.516615,-11.887278,-4.600901
9.313140,-9.531506,-4.606151
10.434950,-8.043871,-4.610663
11.041874,-6.344021,-4.603043
11.300021,-4.589508,-4.597014
11.528936,-3.069649,-4.602457
11.702622,-1.644783,-4.607610
12.297989,-0.105778,-4.603225
12.889028,1.544421,-4.602497
12.713022,3.271904,-4.605480
12.307563,4.986525,-4.599613
11.612245,6.679161,-4.595577
10.634988,8.144677,-4.599467
9.233311,9.385655,-8.001458
7.846747,10.775613,-8.002799
6.176018,11.991226,-8.001314
4.353706,12.961124,-8.006641
2.216786,13.723215,-8.002722
-0.116686,14.003982,-7.999317
-2.382615,13.887332,-8.003128
-5.031151,13.733506,-8.003183
-8.080681,13.665790,-8.006417
-11.374082,13.099281,-8.009684
-14.474589,11.579095,-8.007584
-16.871758,9.232330,-8.002975
-18.345492,6.096977,-8.002336
-18.522771,2.681674,-8.001164
-18.067426,-0.553542,-8.001694
-17.481899,-3.739243,-8.005991
-16.467406,-6.720995,-8.008840
-14.911774,-9.455809,-8.010710
-12.977854,-11.819474,-8.011333
-10.685140,-13.829937,-8.008712
-8.105508,-15.273169,-8.003238
-5.372458,-16.069345,-8.002844
-2.525652,-16.392949,-8.001079
0.120219,-16.234812,-7.998250
2.661366,-15.452889,-8.003380
4.852381,-14.349786,-8.009210
6.758931,-13.092253,-8.008632
8.289935,-11.453586,-8.003964
9.326743,-9.549451,-8.001255
10.487279,-8.076269,-7.999696
11.245353,-6.500639,-8.006286
11.674218,-4.869797,-8.011366
12.036593,-3.242464,-8.010784
12.151164,-1.671181,-8.007960
12.187851,-0.101397,-8.003095
12.626027,1.514177,-8.010054
12.500150,3.173083,-8.011825
12.048693,4.793929,-8.012241
11.348672,6.407472,-8.009365
10.401386,7.911880,-8.003398
9.061358,9.208771,-11.412964
7.700805,10.458603,-11.409173
5.994816,11.407216,-11.398588
4.239382,12.255128,-11.404846
2.215008,12.918492,-11.405268
0.100085,13.230848,-11.400958
-2.216942,13.197913,-11.399916
-4.614526,12.933827,-11.399352
-7.393212,12.741282,-11.403975
-10.288674,12.100808,-11.408183
-13.056137,10.565245,-11.409345
-15.162655,8.331707,-11.407811
-16.459969,5.540744,-11.401973
-16.756989,2.415480,-11.404084
-16.526946,-0.559643,-11.405223
-16.141954,-3.498828,-11.401078
-15.303413,-6.350900,-11.404631
-13.946381,-8.882384,-11.402483
-12.170043,-11.157032,-11.402727
-10.041164,-13.088918,-11.406648
-7.581776,-14.406282,-11.398491
-4.894819,-15.103589,-11.399636
-2.298559,-15.414177,-11.403897
0.287475,-15.339893,-11.402985
2.588373,-14.613522,-11.404868
4.679914,-13.581099,-11.409474
6.483772,-12.293367,-11.405704
7.983412,-10.902692,-11.398069
9.362845,-9.528245,-11.401359
10.474815,-8.162644,-11.409856
11.419991,-6.669251,-11.410814
12.117596,-5.060643,-11.404153
12.590803,-3.442558,-11.400247
12.692166,-1.792198,-11.400386
12.286251,-0.169119,-11.400786
12.397382,1.496016,-11.408284
12.239415,3.064753,-11.408327
11.740455,4.660394,-11.404868
11.058745,6.182825,-11.404911
10.173780,7.709513,-11.408779
8.909061,8.884577,-14.803930
7.485579,10.097259,-14.800936
5.817018,10.802470,-14.803871
4.090295,11.571670,-14.798008
2.206272,12.133544,-14.799211
0.163470,12.502348,-14.808554
-1.967147,12.545845,-14.810684
-4.170243,12.148409,-14.800789
-6.541909,11.720794,-14.798827
-9.026864,10.797822,-14.801513
-11.128383,9.285306,-14.806341
-12.853121,7.254661,-14.810700
-14.057182,4.779109,-14.804489
-14.609459,2.177570,-14.802636
-14.721601,-0.573427,-14.805504
-14.506619,-3.226109,-14.806443
-13.853749,-5.812358,-14.806499
-12.612518,-8.254589,-14.807415
-11.050541,-10.322077,-14.805020
-9.098795,-12.126784,-14.801290
-6.708014,-13.308865,-14.806120
-4.285342,-13.865407,-14.810072
-1.884986,-14.172716,-14.808066
0.423115,-14.182060,-14.802951
2.633425,-13.492834,-14.800739
4.585431,-12.554802,-14.801367
6.227375,-11.331470,-14.797111
7.620703,-10.185545,-14.797640
9.168574,-9.255180,-14.812075
10.271513,-7.958983,-14.810769
11.278512,-6.544984,-14.809791
12.113735,-5.066786,-14.809974
12.647307,-3.413456,-14.808981
12.802267,-1.806180,-14.810367
12.417570,-0.126419,-14.804685
12.201837,1.403640,-14.803800
11.868895,2.911135,-14.812453
11.386617,4.471273,-14.807277
10.763991,5.973101,-14.801892
9.925209,7.472446,-14.804761
8.583728,8.440674,-18.202161
7.196100,9.520157,-18.199487
5.569434,10.080652,-18.198930
3.986946,10.725046,-18.211516
2.271701,11.188109,-18.208295
0.352301,11.594017,-18.205579
-1.638353,11.680220,-18.208510
-3.606665,11.169633,-18.206192
-5.657021,10.425431,-18.211107
-7.416937,9.309790,-18.209812
-8.988149,7.786452,-18.207294
-10.348109,5.995846,-18.207213
-11.397638,4.004299,-18.199886
-12.210029,1.812203,-18.204048
-12.624043,-0.473695,-18.212279
-12.545954,-2.886966,-18.208580
-12.020859,-5.242367,-18.198046
-10.978306,-7.401999,-18.205150
-9.589390,-9.293401,-18.212677
-7.887269,-10.879260,-18.207289
-5.788133,-11.898234,-18.205290
-3.515716,-12.404312,-18.202351
-1.425299,-12.684635,-18.205292
0.663359,-12.745397,-18.211611
2.595642,-12.180818,-18.203239
4.312654,-11.407852,-18.196648
5.832615,-10.342263,-18.200928
7.191005,-9.312790,-18.207815
8.726724,-8.727945,-18.205574
9.856936,-7.497546,-18.204612
10.801500,-6.231294,-18.201475
11.728123,-4.819814,-18.200521
12.221570,-3.335632,-18.202434
12.479338,-1.727858,-18.199358
12.368742,-0.100556,-18.199027
11.899433,1.379962,-18.205294
11.337696,2.745588,-18.211055
10.920446,4.240740,-18.204464
10.403382,5.694137,-18.198572
9.586547,7.111047,-18.199915
8.020974,7.729266,-21.609342
6.757690,8.599038,-21.605414
5.325220,9.058061,-21.601225
3.794545,9.609460,-21.599832
2.276401,9.945781,-21.597807
0.600739,10.302354,-21.605830
-1.204524,10.351582,-21.610795
-2.891217,9.772992,-21.605195
-4.405520,8.861637,-21.610445
-5.706847,7.583495,-21.613213
-6.818407,6.203172,-21.609124
-7.834603,4.767206,-21.603220
-8.742940,3.178256,-21.600763
-9.670815,1.428133,-21.604451
-10.231544,-0.439999,-21.607445
-10.220059,-2.490515,-21.605686
-9.791180,-4.483989,-21.602977
-8.999909,-6.280916,-21.599304
-7.836458,-7.963099,-21.600175
-6.346460,-9.350274,-21.605397
-4.582455,-10.231009,-21.604071
-2.669303,-10.678490,-21.603630
-0.844861,-10.932079,-21.605372
0.847299,-11.036090,-21.605642
2.548652,-10.615050,-21.605033
4.066327,-9.980410,-21.608399
5.442797,-9.117942,-21.610881
6.664954,-8.264574,-21.607235
8.129863,-7.885732,-21.605585
9.196840,-6.831230,-21.610025
10.071134,-5.664739,-21.602797
10.940997,-4.472542,-21.597377
11.424188,-3.054640,-21.607958
11.736233,-1.589985,-21.608748
11.905129,-0.114444,-21.600268
11.322597,1.260614,-21.606010
10.602802,2.503522,-21.599747
10.265412,3.877954,-21.605522
9.812481,5.290063,-21.613207
9.008674,6.563061,-21.612351
7.220196,6.558259,-25.009570
6.093730,7.236413,-25.009084
4.871703,7.634170,-25.009882
3.593887,7.998409,-25.008636
2.279976,8.211156,-25.006014
0.908670,8.464819,-25.008426
-0.579400,8.412297,-25.005310
-1.855175,7.842298,-25.002789
-2.923356,6.868798,-25.011429
-3.785716,5.712582,-25.010781
-4.559987,4.627443,-25.002473
-5.304297,3.526471,-25.000478
-6.026725,2.342422,-25.008924
-6.913272,1.048515,-25.008133
-7.473339,-0.433689,-25.006090
-7.457433,-2.008674,-25.007511
-7.108342,-3.523780,-25.003355
-6.506201,-5.018462,-25.002425
-5.667057,-6.326118,-25.005088
-4.495485,-7.435449,-25.005228
-3.136411,-8.202148,-25.001475
-1.700708,-8.608571,-25.005776
-0.210231,-8.821255,-25.011541
1.176022,-8.938459,-25.005960
2.528255,-8.688424,-25.004116
3.789547,-8.223648,-25.004674
4.922594,-7.641925,-25.006642
5.949976,-6.975313,-25.011445
7.223464,-6.713108,-25.002466
8.247226,-5.913103,-25.006133
8.979075,-4.886740,-25.010022
9.755249,-3.890743,-25.003197
10.195529,-2.688388,-25.005175
10.490828,-1.444421,-25.008542
10.816262,-0.155105,-25.002965
10.243366,1.103120,-25.009195
9.566044,2.138088,-25.004352
9.283512,3.369549,-25.009184
8.881711,4.574447,-25.014289
8.134378,5.631968,-25.012429
5.987687,4.777201,-28.406914
5.135351,5.240541,-28.403305
4.208904,5.535848,-28.404568
3.245832,5.670640,-28.407608
2.317286,5.753722,-28.409133
1.349577,5.841441,-28.408220
0.377140,5.688115,-28.403409
-0.438124,5.114957,-28.400555
-1.029818,4.278942,-28.400715
-1.504664,3.524956,-28.401978
-1.993059,2.823000,-28.405142
-2.466130,2.110850,-28.403799
-2.991461,1.385265,-28.401589
-3.683145,0.582228,-28.407136
-4.065193,-0.376246,-28.406888
-4.019545,-1.405259,-28.402090
-3.725117,-2.370317,-28.402476
-3.381527,-3.331107,-28.402344
-2.893570,-4.248263,-28.403660
-2.130672,-4.972934,-28.408997
-1.290953,-5.560785,-28.407537
-0.375638,-5.963453,-28.405663
0.624023,-6.139526,-28.408331
1.560182,-6.217753,-28.405626
2.484111,-6.144950,-28.400573
3.388436,-5.900162,-28.400777
4.226494,-5.586145,-28.408002
4.989214,-5.198792,-28.408939
5.904996,-4.960363,-28.407748
6.811000,-4.565428,-28.410385
7.355873,-3.768617,-28.406464
7.960683,-3.014944,-28.398794
8.329410,-2.113793,-28.407503
8.550938,-1.168800,-28.403019
8.858090,-0.194774,-28.408043
8.476740,0.762767,-28.411049
7.966995,1.606101,-28.402179
7.745343,2.546778,-28.400941
7.368136,3.440156,-28.406465
6.752620,4.165909,-28.410079
3.491235,0.034014,-31.804729
