-5.634998,15.610278,35.718734
-7.719893,14.507572,35.718734
-9.603580,13.390049,35.718734
-11.433060,12.185961,35.718734
-13.204264,10.897649,35.718733
-15.040759,9.417592,35.718734
-16.796082,7.841953,35.718734
-18.803879,5.799414,35.718734
-20.757054,3.478966,35.718734
-22.671427,0.704829,35.718734
-24.503717,-2.900656,35.718734
-25.663816,-6.959967,35.718734
-25.707161,-11.342839,35.718734
-24.442392,-15.370987,35.718733
-21.934224,-18.972620,35.718733
-18.597131,-21.818123,35.718733
-14.733455,-23.889391,35.718733
-10.560400,-25.227239,35.718733
-6.405076,-25.927003,35.718733
-2.032925,-26.202755,35.718734
2.346903,-26.125597,35.718734
6.711781,-25.757840,35.718734
11.545887,-25.043631,35.718734
16.647032,-23.927465,35.718734
21.931932,-22.193438,35.718733
27.229978,-19.204927,35.718734
31.111695,-14.763987,35.718734
33.255949,-9.260287,35.718734
33.873166,-3.381614,35.718734
33.395252,2.329125,35.718734
31.796655,7.837049,35.718734
28.805734,12.735475,35.718734
24.619222,16.401552,35.718734
19.557757,18.728194,35.718734
14.428759,19.740016,35.718733
9.710234,19.824195,35.718733
5.692861,19.362276,35.718733
2.071859,18.557077,35.718733
-0.826635,17.650087,35.718734
-3.473752,20.544433,31.967741
-6.173251,18.791963,31.975540
-8.511386,16.871666,31.976284
-10.505972,15.058181,31.975895
-12.019439,13.071724,31.973191
-13.295794,10.934006,31.969032
-15.171289,9.593922,31.975630
-17.442333,8.067640,31.975390
-19.047410,5.975482,31.970542
-20.299864,3.383809,31.972126
-21.928505,0.611656,31.973273
-22.991807,-2.588402,31.965884
-23.858141,-6.302114,31.966492
-23.920888,-10.316176,31.973208
-22.724542,-14.149724,31.973102
-20.667219,-17.723228,31.973131
-17.000901,-19.544971,31.975227
-14.061967,-22.320648,31.971917
-10.666624,-25.607480,31.966975
-6.464288,-26.880241,31.967780
-1.952540,-27.916052,31.968947
2.832660,-28.492056,31.968477
7.831820,-28.582221,31.971509
13.206197,-28.229337,31.975215
18.896651,-26.847245,31.974822
24.178929,-24.181139,31.974480
29.626223,-20.969239,31.977977
33.255226,-15.825362,31.967762
35.362386,-9.811671,31.966274
36.472258,-3.714922,31.973582
36.132470,2.375657,31.971862
34.587547,8.444543,31.973304
31.508540,13.691136,31.964802
27.276400,17.764214,31.962821
22.727510,21.021054,31.966171
17.954410,23.370680,31.963707
12.436072,23.829656,31.964273
7.946139,24.246698,31.968213
3.755191,23.908532,31.967934
-0.278132,22.335383,31.964871
-3.533002,22.558608,28.221336
-6.645705,20.512007,28.226557
-9.050547,18.468488,28.220762
-11.195466,16.381027,28.215205
-12.826594,14.119026,28.217066
-14.099021,11.850092,28.218669
-16.046447,10.151345,28.212448
-18.144544,8.491746,28.220375
-19.563557,6.165932,28.225015
-20.355461,3.461763,28.212889
-21.608824,0.757156,28.212992
-22.364651,-2.483599,28.224648
-22.974220,-6.019348,28.223389
-22.970547,-9.845795,28.213066
-21.885483,-13.477650,28.211375
-20.191200,-17.023563,28.212808
-16.861233,-19.361496,28.215423
-14.087313,-22.563150,28.217314
-10.837808,-26.278687,28.223315
-6.665836,-28.124454,28.225184
-1.922301,-29.744576,28.213124
3.193420,-30.729645,28.212657
8.768730,-31.013912,28.214098
14.555950,-30.568512,28.214340
20.405471,-28.839232,28.216581
25.708823,-25.692949,28.218820
31.116845,-21.933869,28.223803
34.581943,-16.356237,28.226193
36.704036,-10.273282,28.225553
38.114503,-3.973488,28.222879
37.906954,2.568978,28.220397
36.458500,8.742934,28.223242
33.407003,14.282905,28.225768
29.102672,18.923890,28.225313
24.519839,22.484745,28.223367
19.381811,25.063396,28.218550
13.866707,25.945849,28.211571
8.823456,26.351266,28.217697
4.239615,25.888575,28.221602
-0.010299,24.398607,28.219583
-3.563437,23.864740,24.465628
-6.817505,21.838577,24.469723
-9.520831,19.696736,24.475425
-11.878393,17.447728,24.472054
-13.773472,15.285862,24.465745
-15.549730,13.028026,24.466607
-17.278383,10.986645,24.470885
-19.042240,8.915758,24.473148
-20.250944,6.364737,24.473954
-20.858670,3.534384,24.476683
-21.854836,0.635142,24.477683
-22.334979,-2.379383,24.464538
-22.731125,-5.835950,24.458097
-22.666020,-9.624710,24.467944
-21.612226,-13.342270,24.476293
-20.042717,-17.048026,24.473030
-17.631455,-20.247045,24.466054
-14.644497,-23.782366,24.465832
-11.155556,-27.013667,24.467507
-6.789981,-29.469027,24.464803
-1.978685,-31.364220,24.465752
3.445264,-32.574541,24.470859
9.379468,-32.901630,24.467262
15.478058,-32.143850,24.459912
21.429722,-30.046242,24.462078
26.804326,-26.688053,24.469269
31.709583,-22.347666,24.466965
35.098777,-16.626802,24.473693
37.428272,-10.477684,24.469747
38.961494,-3.986622,24.461210
38.901763,2.551506,24.468362
37.512179,8.929737,24.464131
34.532741,14.710109,24.464317
30.447399,19.572443,24.466573
25.628335,23.350644,24.469597
20.254773,25.907172,24.473338
14.861305,27.270668,24.468895
9.504832,27.503912,24.463666
4.547205,26.834068,24.461842
0.111415,25.531635,24.463019
-3.586240,24.908653,20.722629
-6.993999,22.969849,20.723588
-10.039431,20.810629,20.715059
-12.517560,18.595285,20.718510
-14.716762,16.627240,20.721002
-17.046177,14.535981,20.711216
-18.675065,11.866123,20.715376
-20.057333,9.240329,20.714301
-21.050438,6.501878,20.715343
-21.660959,3.612132,20.719219
-22.422797,0.570789,20.712827
-22.754112,-2.542387,20.718998
-22.957857,-5.883249,20.725608
-22.787053,-9.590952,20.723154
-21.757490,-13.381637,20.717149
-20.294723,-17.224345,20.713728
-18.587224,-21.683470,20.709838
-15.281287,-25.125120,20.717679
-11.269407,-27.738838,20.724842
-7.003546,-30.471655,20.720119
-1.904407,-32.532191,20.716342
3.840478,-33.814213,20.724867
9.730370,-34.065901,20.719741
15.884671,-32.945487,20.710236
21.745186,-30.614895,20.714498
27.250878,-27.226178,20.723987
31.623668,-22.201078,20.727494
34.931405,-16.617397,20.718368
37.571657,-10.495422,20.715848
39.109698,-4.012252,20.719624
39.206021,2.468726,20.717298
37.880587,9.014074,20.722489
35.079446,14.831680,20.718316
31.073419,19.971663,20.717349
26.163104,23.811004,20.724150
20.616811,26.373212,20.724826
15.392541,28.116222,20.716497
9.756299,28.193114,20.711599
4.645015,27.389344,20.713384
0.237890,26.356958,20.717953
-3.615876,26.009191,16.972635
-7.345366,24.147270,16.967866
-10.386449,22.247735,16.970009
-13.159292,20.020152,16.964973
-15.836337,17.924550,16.962883
-18.456301,15.824735,16.971362
-19.895195,12.790320,16.962078
-20.910630,9.742407,16.966862
-21.863694,6.730562,16.969866
-22.590733,3.836987,16.961125
-23.176135,0.715100,16.963413
-23.435147,-2.647918,16.973495
-23.462418,-6.224127,16.967553
-23.126920,-9.786146,16.961039
-22.084703,-13.609938,16.967975
-20.598429,-17.495423,16.963768
-19.267976,-22.674889,16.962205
-15.645423,-25.841064,16.961449
-11.410274,-27.915627,16.966826
-6.965042,-30.831931,16.973751
-1.952077,-32.776143,16.965548
3.877254,-34.024879,16.973479
9.853279,-34.182117,16.975446
15.806086,-32.795419,16.971954
21.511089,-30.324946,16.971797
27.086187,-26.932578,16.971427
30.902987,-21.631809,16.976794
34.315123,-16.215856,16.968766
37.173249,-10.364488,16.964808
38.676869,-3.959718,16.969753
38.894258,2.588771,16.967579
37.663558,9.034326,16.964536
35.034510,14.807292,16.963065
31.235574,19.959039,16.966413
26.334293,23.924855,16.973195
20.944176,26.535708,16.974097
15.738736,28.556960,16.964924
10.051391,28.706791,16.959858
4.843666,28.007521,16.964633
0.331160,27.219530,16.971554
-3.664522,27.445443,13.219043
-7.671926,25.806967,13.213467
-11.125754,23.896228,13.212916
-14.105615,21.666275,13.213100
-16.812570,19.343896,13.212879
-19.403667,16.664279,13.215739
-20.781709,13.408526,13.219754
-21.647628,10.152189,13.218530
-22.634395,6.964892,13.220015
-23.536904,3.949824,13.225932
-24.012775,0.635953,13.225303
-24.214480,-2.707608,13.215660
-24.058566,-6.436627,13.212161
-23.498758,-10.147804,13.216019
-22.415700,-13.918045,13.219155
-20.750206,-17.696978,13.221496
-18.870974,-22.133674,13.216220
-15.460092,-25.145916,13.216838
-11.204658,-27.413236,13.221503
-6.816780,-29.979066,13.220632
-1.985914,-31.703688,13.215985
3.627640,-32.760861,13.213007
9.351147,-32.789432,13.219924
15.067736,-31.426840,13.218902
20.487023,-28.976948,13.213833
25.593803,-25.659691,13.224915
29.571339,-20.797995,13.226074
33.221325,-15.855298,13.214302
36.242146,-10.163138,13.216848
37.763297,-3.808600,13.227179
38.084714,2.477010,13.219124
36.977431,8.885208,13.213085
34.468536,14.661749,13.212293
30.768840,19.788697,13.210406
26.187918,23.791656,13.214612
21.009218,26.666035,13.221778
15.656853,28.678179,13.212402
10.199079,29.222706,13.210970
5.232974,29.019240,13.216183
0.523809,28.467889,13.220149
-3.719782,28.872777,9.469761
-7.940225,27.500100,9.471239
-11.729637,25.600943,9.476093
-15.025374,23.225438,9.472807
-17.668410,20.425027,9.469135
-19.709133,17.144473,9.471734
-21.221420,13.801424,9.464401
-22.248628,10.288043,9.465544
-23.274187,7.171521,9.466882
-24.355778,3.885644,9.466151
-24.731910,0.621988,9.471317
-24.916844,-2.852491,9.466095
-24.627946,-6.495189,9.470148
-23.851181,-10.275889,9.474439
-22.693916,-14.169001,9.465888
-20.771590,-17.745948,9.467110
-17.763810,-20.427898,9.472379
-14.530611,-23.493676,9.471627
-10.996685,-26.413168,9.470917
-6.739267,-28.320708,9.474364
-1.955864,-29.810064,9.474033
3.202680,-30.528904,9.475363
8.401955,-30.346590,9.466873
13.915443,-29.234762,9.463882
18.956944,-26.884605,9.469148
23.330943,-23.373479,9.466092
27.827426,-19.729308,9.471919
32.028697,-15.198256,9.478299
34.895236,-9.741934,9.469505
36.411131,-3.738269,9.461535
36.829932,2.418132,9.472602
35.851941,8.713609,9.477546
33.445553,14.407342,9.466705
29.963430,19.256746,9.464751
25.680337,23.472429,9.473542
20.863673,26.647921,9.475264
15.538532,28.361930,9.470642
10.461898,29.606363,9.473807
5.501115,30.145016,9.475764
0.666968,29.784636,9.472487
-3.742709,29.376315,5.716901
-8.102077,28.127949,5.716925
-11.992986,26.253265,5.712347
-15.274811,23.946726,5.716512
-18.011698,20.637291,5.723495
-19.672311,17.018188,5.720458
-21.350130,13.841220,5.721466
-22.586113,10.493584,5.719393
-23.723461,7.279842,5.712280
-24.818643,4.080658,5.713177
-25.219044,0.509970,5.726255
-25.393355,-3.079652,5.716346
-25.009692,-6.636973,5.714174
-24.122663,-10.294292,5.719141
-22.847797,-14.288078,5.714454
-20.734316,-17.672466,5.714010
-16.936035,-19.357551,5.723327
-13.998693,-22.116468,5.720903
-10.663013,-25.616908,5.713368
-6.460694,-27.058434,5.717080
-2.090620,-28.190664,5.721814
2.791570,-28.636965,5.726055
7.673331,-28.274034,5.718157
12.742194,-27.334243,5.711151
17.476980,-25.142954,5.713112
21.428013,-21.600056,5.712806
26.245342,-18.609391,5.714440
30.539884,-14.411026,5.715032
33.228680,-9.168742,5.719180
34.738703,-3.519901,5.726341
35.199100,2.506390,5.725818
34.391732,8.308351,5.716058
32.094013,13.906974,5.720123
28.705935,18.643212,5.715860
24.842394,22.871586,5.714402
20.527612,26.160925,5.726190
15.072581,27.690261,5.719349
10.442577,29.407761,5.715996
5.564793,30.543027,5.716319
0.814260,30.285171,5.716343
-3.698693,28.264410,1.965424
-7.894124,26.995899,1.972767
-11.488577,25.255147,1.973585
-14.851728,22.984863,1.974672
-17.491693,20.015747,1.973432
-19.310582,16.626512,1.969618
-21.207375,13.717493,1.974991
-22.670791,10.597579,1.967030
-23.898861,7.336091,1.959882
-24.951209,4.048609,1.966690
-25.371176,0.602401,1.972438
-25.529641,-3.050762,1.968217
-25.123073,-6.669926,1.968136
-24.189049,-10.378456,1.970071
-22.849016,-14.191250,1.966479
-20.636753,-17.567420,1.966956
-17.080746,-19.416391,1.975632
-13.995750,-22.165712,1.970305
-10.565899,-25.330631,1.963115
-6.495353,-26.652719,1.966571
-2.060157,-27.666436,1.961105
2.668806,-27.990096,1.963086
7.386098,-27.545822,1.971069
12.225689,-26.447308,1.975663
16.789614,-24.242496,1.971535
20.698872,-20.930018,1.965044
24.991763,-17.816030,1.968483
28.748517,-13.632373,1.967307
31.229695,-8.711986,1.969492
32.774272,-3.281522,1.972698
33.261249,2.361562,1.967950
32.579054,7.985870,1.972907
30.433528,13.220702,1.974982
27.213877,17.853543,1.968152
23.692268,21.872598,1.962332
19.552815,25.103169,1.964949
14.312066,26.694731,1.969484
9.842209,28.369276,1.964458
5.290950,29.403865,1.959086
0.697895,29.164910,1.959825
-3.618177,26.235257,-1.781254
-7.434890,24.955050,-1.780113
-10.882329,23.257784,-1.776080
-13.980334,21.255663,-1.777186
-16.554163,18.904800,-1.778101
-18.739901,16.165031,-1.775425
-20.900374,13.406499,-1.780600
-22.519733,10.517691,-1.779375
-23.802582,7.248049,-1.780342
-24.701596,4.054112,-1.788082
-25.182571,0.586463,-1.789359
-25.292067,-3.088843,-1.778895
-24.893964,-6.738629,-1.774128
-24.025609,-10.309976,-1.773948
-22.565455,-14.066627,-1.776180
-20.482789,-17.313398,-1.786138
-17.362013,-20.099681,-1.784944
-14.295821,-22.741347,-1.776051
-10.568834,-25.278506,-1.776153
-6.410200,-26.724085,-1.781749
-1.962559,-27.658763,-1.776368
2.576984,-27.942580,-1.780612
7.452931,-27.427430,-1.785622
12.142873,-26.009607,-1.780033
16.486667,-23.739022,-1.773893
20.517267,-20.653216,-1.778947
24.023246,-16.980146,-1.783190
26.842499,-12.768426,-1.782201
29.109869,-8.020212,-1.782109
30.600238,-2.997473,-1.783505
31.082274,2.239229,-1.782201
30.476638,7.641097,-1.779990
28.462352,12.472599,-1.775988
25.549882,16.859264,-1.783935
22.152226,20.636143,-1.785309
18.029313,23.583409,-1.775493
13.459654,25.351370,-1.787116
9.078858,26.626772,-1.783202
4.588033,27.249115,-1.776662
0.366826,27.031391,-1.778491
-3.706707,24.241418,-5.527279
-7.024853,23.090950,-5.529390
-10.189742,21.562794,-5.533926
-13.034647,19.811180,-5.530879
-15.719717,17.815272,-5.529685
-18.220130,15.596409,-5.538148
-20.408749,13.067357,-5.532665
-22.093587,10.368932,-5.524714
-23.344130,7.272150,-5.527716
-24.144326,4.020607,-5.535081
-24.675643,0.550925,-5.530140
-24.726496,-2.958001,-5.527395
-24.386523,-6.455487,-5.531606
-23.570608,-10.045140,-5.530025
-22.084117,-13.586783,-5.524600
-19.997724,-17.012556,-5.535496
-17.674018,-20.532782,-5.538927
-14.473590,-23.112833,-5.534728
-10.493677,-24.990074,-5.533400
-6.442525,-26.509443,-5.531776
-2.003020,-27.357507,-5.525180
2.506439,-27.581555,-5.535726
7.171509,-27.033345,-5.534228
11.692307,-25.368310,-5.529761
15.978672,-23.017815,-5.532470
19.974908,-20.298345,-5.526132
22.721959,-16.121231,-5.525031
24.887587,-11.754424,-5.523654
26.887102,-7.344311,-5.527980
28.285010,-2.708070,-5.533619
28.725723,2.299309,-5.533141
28.166011,7.128789,-5.535316
26.230231,11.728022,-5.528514
23.585606,15.846816,-5.528116
20.227021,19.281241,-5.534972
16.398737,21.724163,-5.536750
12.368764,23.773498,-5.533515
8.149701,24.702446,-5.526450
3.928858,24.971205,-5.523066
0.066735,24.877003,-5.524673
-3.652800,22.874546,-9.282615
-6.824868,21.885866,-9.285699
-9.853574,20.504733,-9.285389
-12.551751,18.869809,-9.278605
-15.162436,17.070548,-9.271884
-17.662978,15.140471,-9.273970
-19.722462,12.745298,-9.279915
-21.443251,10.068557,-9.283907
-22.674709,7.006017,-9.288417
-23.357139,3.904267,-9.286710
-23.894525,0.628355,-9.275806
-23.907437,-2.686897,-9.286467
-23.579904,-6.160160,-9.282445
-22.763025,-9.702195,-9.277795
-21.245346,-13.004622,-9.287703
-19.322200,-16.271922,-9.277886
-17.449467,-20.224237,-9.276990
-14.199531,-22.663781,-9.284682
-10.225868,-24.116006,-9.284435
-6.272009,-25.617437,-9.279899
-2.046848,-26.308102,-9.282416
2.382126,-26.406151,-9.276327
6.782225,-25.751763,-9.279991
10.963021,-23.968998,-9.285669
14.853392,-21.749537,-9.280726
18.832714,-19.209234,-9.277248
21.006467,-15.024443,-9.286086
22.730065,-10.897939,-9.281937
24.581322,-6.717416,-9.275727
25.879476,-2.321000,-9.279527
26.229734,2.102350,-9.283957
25.631851,6.660240,-9.282322
23.868398,10.870934,-9.280786
21.454131,14.642686,-9.277890
18.293456,17.666272,-9.275493
14.624857,19.909878,-9.280447
11.236298,21.971959,-9.288365
7.276837,22.875386,-9.279120
3.418562,23.144059,-9.272115
-0.074797,23.257581,-9.275940
-3.609028,21.843448,-13.030827
-6.747445,21.059485,-13.034943
-9.602683,19.864673,-13.033005
-12.233549,18.271890,-13.034237
-14.758528,16.478213,-13.033509
-17.151412,14.540663,-13.027082
-18.951805,12.224982,-13.034091
-20.600498,9.588417,-13.027803
-21.739046,6.749094,-13.023875
-22.378288,3.713031,-13.029638
-22.889283,0.671348,-13.027365
-22.864395,-2.553234,-13.038009
-22.525438,-5.782007,-13.031029
-21.708303,-9.052645,-13.024691
-20.207554,-12.084003,-13.034245
-18.323278,-15.231888,-13.026478
-16.632790,-18.935617,-13.032438
-13.523372,-21.291698,-13.031129
-9.812209,-22.612049,-13.028471
-6.130079,-23.980774,-13.032853
-2.045157,-24.556498,-13.028909
1.923886,-24.490859,-13.033840
6.127934,-23.695450,-13.029686
9.831859,-21.983398,-13.030449
13.394758,-19.840872,-13.037570
16.921205,-17.481174,-13.032107
18.957315,-13.599554,-13.034120
20.584400,-9.781728,-13.034894
22.210669,-6.017781,-13.031381
23.329937,-2.053374,-13.029701
23.595537,2.056165,-13.034089
22.916021,6.118911,-13.038437
21.386945,9.934743,-13.029730
19.106716,13.390771,-13.024820
16.156037,16.001320,-13.033258
12.909040,18.044746,-13.037969
9.862277,20.113383,-13.027606
6.371119,21.124375,-13.032040
2.961956,21.608645,-13.035977
-0.268185,21.957796,-13.032385
-3.560422,20.866362,-16.775422
-6.596669,20.338577,-16.788640
-9.364213,19.303638,-16.782588
-11.984540,17.705030,-16.784021
-14.315982,15.883638,-16.787847
-16.367447,13.967153,-16.773893
-18.023524,11.539359,-16.770531
-19.459842,9.100592,-16.782307
-20.564240,6.395280,-16.788967
-21.201335,3.503345,-16.782151
-21.669137,0.731760,-16.778195
-21.624823,-2.338724,-16.781673
-21.246892,-5.276331,-16.781172
-20.340607,-8.345395,-16.781326
-18.863957,-11.055444,-16.782939
-17.059595,-13.870728,-16.774752
-15.243670,-16.889700,-16.781851
-12.506620,-19.122761,-16.786003
-9.272086,-20.564644,-16.784689
-5.886163,-21.769425,-16.783301
-2.160716,-22.244510,-16.774359
1.451356,-22.032521,-16.774299
5.101157,-21.145947,-16.782498
8.480359,-19.551728,-16.784787
11.649437,-17.512674,-16.778709
14.561165,-15.164631,-16.775433
16.615656,-12.035569,-16.777636
18.322641,-8.680713,-16.785406
19.718105,-5.356056,-16.784097
20.667206,-1.717360,-16.781975
20.825221,2.024640,-16.787658
20.062673,5.558111,-16.781438
18.728091,9.080853,-16.781578
16.656124,12.025818,-16.784588
13.981319,14.270529,-16.781854
11.117901,16.251414,-16.779293
8.497893,18.117079,-16.785475
5.549908,19.353323,-16.787282
2.540790,20.172972,-16.780612
-0.501258,20.756348,-16.772564
-3.496778,19.705240,-20.523229
-6.366636,19.432257,-20.531768
-9.104385,18.522855,-20.532179
-11.553871,17.016990,-20.531087
-13.725392,15.109301,-20.528809
-15.457442,13.119858,-20.524666
-16.842084,10.737655,-20.531689
-18.119801,8.416434,-20.533241
-19.148801,6.001121,-20.529585
-19.789019,3.429248,-20.527452
-20.236803,0.706106,-20.528180
-20.177747,-2.046774,-20.535496
-19.718961,-4.784383,-20.535461
-18.725881,-7.471323,-20.534585
-17.297037,-9.844062,-20.538008
-15.637560,-12.198269,-20.533626
-13.584444,-14.375309,-20.536051
-11.248577,-16.465751,-20.532375
-8.529651,-18.198503,-20.530458
-5.554447,-19.181069,-20.534046
-2.217503,-19.578951,-20.526318
1.005022,-19.235317,-20.533575
4.106133,-18.298258,-20.528851
7.048114,-16.918111,-20.524054
9.683126,-15.049321,-20.531323
11.947634,-12.725805,-20.534691
14.140469,-10.337608,-20.535767
15.919458,-7.632689,-20.530708
17.134697,-4.632148,-20.526999
17.893736,-1.339750,-20.524697
17.961489,1.887278,-20.524808
17.097745,5.006008,-20.534437
16.040343,8.109202,-20.526576
14.126462,10.647331,-20.530932
11.759373,12.554693,-20.537072
9.407048,14.400127,-20.532917
7.173976,16.023084,-20.538452
4.705422,17.504062,-20.535312
2.171431,18.627139,-20.526969
-0.622188,19.408444,-20.521290
-3.408008,18.141321,-24.288586
-6.156904,18.066366,-24.274349
-8.683204,17.300870,-24.275359
-10.929948,15.904212,-24.277696
-12.820577,14.054381,-24.273557
-14.287768,11.986031,-24.274272
-15.429837,9.724176,-24.282651
-16.492320,7.656322,-24.290564
-17.498796,5.448240,-24.281944
-18.164463,3.218867,-24.273898
-18.539227,0.817739,-24.290005
-18.500913,-1.717548,-24.278159
-17.946308,-4.197880,-24.278452
-16.917089,-6.389890,-24.287976
-15.520217,-8.516705,-24.280139
-13.963219,-10.525114,-24.275790
-11.852091,-11.916595,-24.278569
-9.922167,-13.705940,-24.282111
-7.828784,-15.580291,-24.282732
-5.173305,-16.431692,-24.279795
-2.343680,-16.771114,-24.277413
0.478623,-16.376451,-24.288212
3.064712,-15.464464,-24.282834
5.578755,-14.297607,-24.277973
7.814978,-12.577048,-24.283658
9.509194,-10.406793,-24.278415
11.640563,-8.673602,-24.276636
13.436299,-6.466186,-24.285518
14.445725,-3.797066,-24.287731
14.987646,-0.972745,-24.282040
14.990261,1.755648,-24.278534
14.097599,4.461316,-24.274861
13.330027,7.038005,-24.281479
11.636844,9.216397,-24.281596
9.551283,10.914407,-24.278155
7.751886,12.526767,-24.279544
5.785183,13.954809,-24.278461
3.798074,15.535121,-24.276496
1.650513,16.864731,-24.281362
-0.864897,17.741841,-24.289929
-3.378154,16.047477,-28.028695
-5.726887,16.087719,-28.033208
-7.984760,15.467065,-28.029277
-10.056649,14.164929,-28.028765
-11.590645,12.511715,-28.034855
-12.796147,10.495437,-28.037473
-13.677192,8.615686,-28.035191
-14.593735,6.757219,-28.028756
-15.524707,4.896122,-28.030455
-16.239394,2.952377,-28.034788
-16.556507,0.808881,-28.024960
-16.521162,-1.368027,-28.026868
-15.915528,-3.437618,-28.031398
-14.807380,-5.302154,-28.034045
-13.598609,-6.995707,-28.033679
-12.219078,-8.683760,-28.023817
-10.239895,-9.583808,-28.034532
-8.683396,-10.982483,-28.035293
-7.057793,-12.884144,-28.025383
-4.776973,-13.624771,-28.027259
-2.451182,-13.927684,-28.022605
-0.137764,-13.576677,-28.036102
2.133080,-12.703468,-28.031140
4.203137,-11.733734,-28.028366
5.996446,-10.276403,-28.040677
7.289238,-8.313380,-28.035029
9.225254,-6.996316,-28.028379
10.878350,-5.200928,-28.027864
11.626836,-2.983425,-28.030304
11.968698,-0.632708,-28.030647
11.923337,1.687165,-28.028886
11.091863,3.883462,-28.029781
10.541074,6.118755,-28.033333
9.105775,7.848352,-28.035552
7.421534,9.280557,-28.037822
5.956757,10.727717,-28.036579
4.337443,11.882824,-28.030530
2.789535,13.400603,-28.036019
1.010969,14.758439,-28.037952
-1.108535,15.606231,-28.031609
-3.277494,13.300972,-31.786474
-5.235997,13.404372,-31.779925
-7.122551,12.891100,-31.780105
-8.728771,11.866574,-31.785329
-10.006382,10.387247,-31.788721
-10.885188,8.709633,-31.785723
-11.585675,7.191584,-31.780543
-12.298791,5.685197,-31.785087
-13.127998,4.221614,-31.786983
-13.884031,2.665004,-31.782864
-14.112633,0.938365,-31.787730
-14.116452,-0.910783,-31.779099
-13.506910,-2.577387,-31.773401
-12.431019,-3.977637,-31.778021
-11.415974,-5.302679,-31.780674
-10.327604,-6.600004,-31.781306
-8.677999,-7.205358,-31.785377
-7.388527,-8.195088,-31.783684
-6.197957,-9.943373,-31.774065
-4.450498,-10.568572,-31.774206
-2.575572,-10.848211,-31.781966
-0.643232,-10.565494,-31.778073
1.100526,-9.849763,-31.776959
2.761750,-9.047713,-31.782970
4.173413,-7.847738,-31.783971
5.071843,-6.263356,-31.777297
6.662188,-5.266954,-31.776107
8.021224,-3.928442,-31.782625
8.545040,-2.058708,-31.786006
8.711615,-0.217489,-31.787166
8.630078,1.633737,-31.786647
7.935446,3.322753,-31.778935
7.652641,5.082402,-31.781257
6.459966,6.425927,-31.785282
5.209109,7.588134,-31.778415
4.122283,8.731248,-31.773997
2.802246,9.640865,-31.781667
1.672096,10.971313,-31.781993
0.262324,12.189493,-31.783065
-1.440826,12.900431,-31.786923
-3.181388,9.608182,-35.533817
-4.537985,9.698258,-35.534613
-5.804956,9.353574,-35.534591
-6.966041,8.604548,-35.534085
-7.812482,7.543612,-35.532666
-8.357207,6.396251,-35.530003
-8.878167,5.298811,-35.527565
-9.342264,4.287661,-35.529258
-9.997733,3.314037,-35.530615
-10.758460,2.260000,-35.530953
-10.901484,1.015551,-35.536073
-10.942514,-0.261723,-35.529444
-10.465552,-1.441229,-35.529007
-9.450677,-2.342779,-35.536017
-8.719673,-3.242948,-35.526607
-7.990368,-4.113330,-35.525026
-6.838280,-4.522870,-35.528580
-5.887996,-5.011053,-35.529021
-5.153225,-6.376471,-35.527852
-3.933759,-6.905817,-35.531878
-2.675436,-7.135256,-35.536671
-1.331521,-6.969635,-35.533918
-0.121821,-6.454148,-35.535601
1.027328,-5.880084,-35.535071
1.985763,-5.091388,-35.529217
2.559428,-3.899826,-35.536925
3.668080,-3.226168,-35.533285
4.659050,-2.307239,-35.526948
4.844361,-0.993775,-35.532184
4.862435,0.249281,-35.532430
4.787575,1.470363,-35.528142
4.283158,2.640266,-35.535329
4.297955,3.829610,-35.534984
3.422485,4.719792,-35.534664
2.646043,5.554832,-35.531457
1.890120,6.335216,-35.531345
0.980356,6.977899,-35.536027
0.275149,7.974081,-35.535842
-0.697611,8.824575,-35.534282
-1.898156,9.313589,-35.533577
-2.499947,0.938035,-39.281267
-4.958010,11.069255,35.718734
-6.167518,9.991494,35.718734
-7.224030,8.934592,35.718734
-8.148925,7.923224,35.718734
-9.036298,6.879125,35.718734
-9.814769,5.906600,35.718734
-10.644226,4.815888,35.718733
-11.450219,3.707699,35.718733
-12.304973,2.481344,35.718733
-13.328335,0.917832,35.718733
-14.402127,-0.907362,35.718733
-15.541074,-3.262873,35.718733
-16.431516,-6.120837,35.718733
-16.531759,-9.118914,35.718734
-15.561648,-12.073722,35.718734
-13.775137,-14.486447,35.718734
-11.417753,-16.523852,35.718734
-8.767623,-18.162014,35.718734
-5.711334,-19.569187,35.718733
-2.408126,-20.692994,35.718733
1.354582,-21.565692,35.718733
5.315404,-22.029481,35.718733
9.681599,-21.921783,35.718733
14.172240,-20.869512,35.718733
18.278015,-18.751398,35.718734
21.812888,-15.588780,35.718734
24.454248,-11.650907,35.718733
26.046867,-7.181860,35.718733
26.411089,-2.450413,35.718734
25.394983,2.188116,35.718733
23.107662,6.195994,35.718733
19.895377,9.519945,35.718733
16.406690,11.928153,35.718733
12.787733,13.608051,35.718734
9.429918,14.564159,35.718734
6.211778,14.957475,35.718734
3.345683,14.842783,35.718734
0.782783,14.301498,35.718734
-1.527648,13.362750,35.718734
-3.374398,12.875581,32.458346
-4.866530,10.927241,32.463094
-6.020395,9.660942,32.474520
-7.050491,8.466665,32.476204
-7.804062,7.507606,32.476267
-8.611062,6.437227,32.470340
-9.184323,5.504517,32.462557
-9.740798,4.421040,32.470973
-10.351923,3.367240,32.471433
-10.944873,2.303732,32.466263
-11.772915,0.954082,32.467103
-12.568375,-0.555460,32.469823
-13.401006,-2.450975,32.470990
-13.946018,-4.702274,32.463406
-13.982215,-7.141942,32.467716
-13.342184,-9.749076,32.473488
-12.131530,-12.126131,32.469724
-10.409196,-14.369487,32.464038
-8.061298,-16.159718,32.464204
-5.260047,-16.306699,32.464489
-2.522279,-17.154457,32.468135
0.905254,-19.763631,32.471902
4.686065,-20.317864,32.465451
8.024919,-18.788500,32.465172
11.933512,-17.985083,32.467655
17.489709,-18.027324,32.464854
21.643811,-15.592870,32.462080
24.294332,-11.627982,32.472754
25.672370,-7.068383,32.469056
26.079677,-2.445369,32.462039
25.415321,2.145112,32.474116
23.373975,6.301927,32.470936
20.458235,9.749218,32.464311
17.572146,12.555430,32.465850
14.696356,15.003619,32.470008
11.366347,16.555471,32.468708
7.647616,17.010528,32.463503
4.318393,17.033122,32.465337
1.504400,17.012939,32.472889
-1.271995,15.446698,32.467085
-3.397109,12.950304,29.230005
-4.871641,10.918928,29.225398
-6.004781,9.520046,29.216571
-6.938647,8.284171,29.212364
-7.686397,7.201100,29.211367
-8.348073,6.203304,29.216255
-8.828165,5.242589,29.224817
-9.237037,4.248814,29.222738
-9.770503,3.183398,29.217247
-10.155248,2.184840,29.218365
-10.836785,1.058803,29.216489
-11.471089,-0.366557,29.224140
-12.170509,-2.004815,29.217108
-12.323132,-3.799804,29.217863
-12.343510,-5.956780,29.214704
-11.994670,-8.195216,29.213288
-11.157399,-10.564451,29.215783
-9.775364,-12.962173,29.218673
-7.746994,-14.841728,29.221272
-5.215884,-15.542396,29.224319
-2.444843,-16.793523,29.223849
0.856262,-19.061172,29.217012
4.538018,-19.713607,29.212767
8.022526,-18.839670,29.217326
12.143353,-18.372876,29.224371
17.611162,-18.070895,29.223788
21.552497,-15.458868,29.217381
24.068509,-11.501373,29.218714
25.357921,-7.022706,29.221720
25.848412,-2.361944,29.220932
25.482929,2.171129,29.219574
23.707421,6.340375,29.220776
21.147845,9.980205,29.215665
18.356696,13.095499,29.216456
15.413689,15.546903,29.226044
11.933304,17.187962,29.217372
8.182198,17.753483,29.213205
4.668382,17.734029,29.217662
1.683345,17.454441,29.218738
-1.215833,15.660912,29.225376
-3.439406,12.960986,25.972773
-4.880612,11.134316,25.971474
-6.048799,9.619492,25.968082
-6.933152,8.349360,25.962951
-7.634872,7.239920,25.967197
-8.244755,6.213379,25.973466
-8.721412,5.121158,25.970141
-9.143464,4.135867,25.971383
-9.598589,3.182439,25.968736
-9.837711,2.152491,25.966815
-10.480261,1.009617,25.973572
-10.929266,-0.232940,25.967027
-11.552852,-1.745616,25.973146
-11.403241,-3.310656,25.968513
-11.474296,-5.219712,25.970768
-11.279308,-7.464447,25.967074
-10.630151,-9.786088,25.966887
-9.410416,-12.227165,25.972038
-7.589079,-14.288903,25.965487
-5.322278,-16.246648,25.965029
-2.468877,-17.957838,25.965277
0.893104,-19.224854,25.965140
4.610729,-20.098598,25.972872
8.880075,-20.430452,25.975053
13.450454,-20.078076,25.974545
17.913521,-18.479045,25.971742
21.356403,-15.310190,25.963299
23.768821,-11.298523,25.963212
25.119319,-6.871040,25.969660
25.705997,-2.340747,25.972969
25.589846,2.191232,25.969324
24.040864,6.426964,25.965845
21.812799,10.156328,25.967486
19.027593,13.392314,25.971714
15.699290,15.734084,25.971525
12.075996,17.333893,25.964944
8.339770,17.971436,25.967073
4.728661,17.807382,25.973363
1.580150,17.092698,25.972661
-1.282964,15.274170,25.972489
-3.420038,13.184638,22.722398
-4.971743,11.465728,22.723820
-6.154991,9.935733,22.722499
-7.035610,8.636181,22.723347
-7.789267,7.397589,22.719977
-8.370770,6.337735,22.713360
-8.833089,5.221923,22.714815
-9.297034,4.236885,22.717269
-9.764538,3.284921,22.712897
-9.955690,2.118017,22.719683
-10.500063,1.045085,22.712345
-10.866993,-0.241533,22.714322
-11.394734,-1.781344,22.715752
-11.084880,-3.105570,22.715149
-11.189081,-5.036819,22.718099
-11.071649,-7.200268,22.719497
-10.456037,-9.561755,22.717019
-9.294535,-12.065836,22.715683
-7.560021,-14.397060,22.720276
-5.390130,-17.052689,22.723824
-2.458415,-19.060618,22.724216
1.049104,-20.138788,22.723290
5.023926,-21.134240,22.722801
9.712666,-21.967276,22.723652
14.310048,-21.205829,22.718657
18.155838,-18.609462,22.713236
21.064284,-15.054489,22.717504
23.347566,-11.188887,22.721252
24.869183,-6.885935,22.720274
25.626308,-2.321572,22.719342
25.691385,2.148499,22.722811
24.355762,6.513626,22.724069
22.270353,10.403326,22.719117
19.436847,13.645846,22.717324
15.811465,15.866251,22.722734
12.111198,17.404949,22.719701
8.438491,18.077353,22.716507
4.686752,17.795414,22.715080
1.465697,16.739551,22.713405
-1.320806,15.040557,22.717392
-3.413381,13.597901,19.475396
-5.077559,11.977823,19.472185
-6.308094,10.455747,19.462888
-7.284131,9.047718,19.465223
-8.049689,7.795830,19.464032
-8.678913,6.605971,19.463756
-9.154202,5.479717,19.471595
-9.727679,4.392019,19.473095
-10.170989,3.293764,19.474476
-10.323082,2.219544,19.473361
-10.846726,0.992838,19.468938
-11.085822,-0.213551,19.473708
-11.600677,-1.797771,19.465838
-11.233041,-3.245697,19.472517
-11.316565,-5.079364,19.473167
-11.199595,-7.395824,19.471906
-10.542788,-9.768869,19.473576
-9.434525,-12.211571,19.475119
-7.737124,-14.757054,19.473961
-5.407529,-17.630880,19.473909
-2.392079,-19.869272,19.472896
1.281635,-21.294018,19.471044
5.425899,-22.333159,19.472378
10.123706,-22.793969,19.474023
14.599807,-21.399067,19.472236
17.930687,-18.419938,19.470226
20.595864,-14.769016,19.471913
22.887789,-10.997894,19.472767
24.603632,-6.828767,19.471154
25.541328,-2.374947,19.466052
25.702767,2.150132,19.462646
24.593398,6.521869,19.472357
22.585219,10.499177,19.471076
19.695013,13.777824,19.465114
16.025575,16.021941,19.470448
12.283996,17.571195,19.469105
8.554484,18.285497,19.470634
4.777517,17.965293,19.470260
1.445850,16.724943,19.463290
-1.244803,15.211081,19.468569
-3.445461,14.153494,16.221368
-5.197169,12.615434,16.220744
-6.568934,11.033096,16.218902
-7.592378,9.644100,16.215060
-8.448273,8.292164,16.216516
-9.140284,6.985685,16.215308
-9.694417,5.751704,16.218845
-10.292927,4.665621,16.221952
-10.746449,3.547179,16.216211
-10.927357,2.333757,16.220056
-11.398307,1.072677,16.214537
-11.621075,-0.393366,16.223266
-12.030898,-1.917181,16.219877
-11.728540,-3.504064,16.214756
-11.750517,-5.474250,16.211492
-11.569724,-7.804001,16.221309
-10.853218,-10.168701,16.222748
-9.637363,-12.727315,16.213317
-7.879056,-15.405607,16.221667
-5.518376,-17.922777,16.220333
-2.336550,-20.253618,16.216724
1.334753,-22.012970,16.219031
5.652769,-23.052593,16.214201
10.105016,-22.775046,16.212160
14.121431,-20.929964,16.218338
17.371013,-17.877333,16.224625
19.971423,-14.442455,16.222186
22.386046,-10.718159,16.219558
24.269933,-6.710846,16.219083
25.387107,-2.280620,16.217868
25.557244,2.154770,16.216306
24.620536,6.489680,16.220240
22.655619,10.488960,16.217955
19.742527,13.822516,16.213076
16.261712,16.170103,16.215645
12.527113,17.788100,16.217780
8.644227,18.553251,16.218724
4.970330,18.268122,16.219802
1.489279,17.005860,16.221175
-1.280810,15.582553,16.221618
-3.512692,14.765354,12.972536
-5.326337,13.305620,12.969898
-6.854241,11.706876,12.967339
-8.000196,10.263712,12.970801
-8.948104,8.830072,12.970423
-9.656651,7.537386,12.963970
-10.301214,6.214157,12.966105
-10.931337,5.013263,12.973422
-11.412737,3.763189,12.972705
-11.720635,2.321005,12.975903
-12.088168,1.028684,12.973124
-12.257219,-0.439461,12.969425
-12.577921,-2.121438,12.970918
-12.419480,-3.837694,12.964878
-12.357684,-5.925187,12.971517
-12.072824,-8.363958,12.970539
-11.250105,-10.806951,12.962814
-9.934442,-13.315959,12.962018
-8.105438,-15.940197,12.962872
-5.510007,-18.172179,12.965707
-2.364033,-20.127063,12.970596
1.307529,-21.842941,12.974639
5.555667,-22.615482,12.973248
9.649618,-21.820662,12.968513
13.336151,-19.814506,12.969505
16.510374,-17.101290,12.972170
19.280140,-13.975067,12.967860
21.770580,-10.469754,12.967234
23.808080,-6.538583,12.964238
25.025000,-2.288606,12.965364
25.196685,2.138036,12.974963
24.333585,6.487868,12.967485
22.389911,10.457669,12.967687
19.593163,13.738086,12.973954
16.252902,16.251384,12.969579
12.567453,17.944454,12.967141
8.823047,18.724584,12.965447
5.029535,18.522810,12.965305
1.622392,17.460382,12.968919
-1.194727,16.168353,12.972031
-3.495319,15.398669,9.715477
-5.459279,13.968391,9.718304
-7.059542,12.480005,9.720592
-8.337370,11.016747,9.719219
-9.387277,9.529311,9.718907
-10.234886,8.056562,9.718743
-10.966524,6.658840,9.721317
-11.609286,5.350799,9.722059
-12.145631,3.869194,9.715092
-12.513379,2.458013,9.717978
-12.838769,0.916866,9.724190
-13.005846,-0.653904,9.717250
-13.169416,-2.344287,9.718683
-13.169515,-4.286589,9.715372
-13.044074,-6.467711,9.723600
-12.648411,-8.868220,9.720291
-11.687055,-11.478528,9.710441
-10.194294,-13.997998,9.716090
-8.211471,-16.465175,9.721555
-5.496995,-18.256183,9.715444
-2.388795,-19.700004,9.713587
1.149074,-20.959931,9.720727
5.037798,-21.275559,9.721396
8.792264,-20.302020,9.720647
12.242105,-18.482039,9.722222
15.511011,-16.167724,9.722127
18.570626,-13.394630,9.717093
21.103598,-10.140510,9.716804
23.141818,-6.391978,9.719589
24.416047,-2.220006,9.721907
24.581513,2.157866,9.720705
23.769323,6.343834,9.713552
21.887668,10.282395,9.717300
19.260811,13.483707,9.724781
16.038509,16.068215,9.721883
12.554763,17.799807,9.720407
8.762644,18.680481,9.720584
5.120301,18.629565,9.719063
1.805442,17.859918,9.715809
-1.037245,16.745714,9.714451
-3.475623,15.885509,6.476952
-5.591891,14.524948,6.471106
-7.339779,13.078324,6.462441
-8.731497,11.599456,6.466065
-9.869192,10.063461,6.466563
-10.791879,8.529135,6.467011
-11.609320,7.068168,6.467159
-12.257300,5.661450,6.468386
-12.827320,4.086475,6.466434
-13.284263,2.607328,6.462690
-13.552787,0.953497,6.470283
-13.734178,-0.706033,6.466796
-13.751234,-2.617655,6.461055
-13.888252,-4.643993,6.462681
-13.707504,-7.020890,6.464628
-13.158562,-9.481509,6.471075
-12.132637,-12.013797,6.475777
-10.471228,-14.514351,6.471417
-8.316623,-16.768209,6.468972
-5.461457,-18.205729,6.464917
-2.465762,-19.137158,6.462620
0.914464,-19.827167,6.462892
4.504842,-19.687101,6.463183
7.950602,-18.694768,6.467155
11.194322,-17.172301,6.469465
14.507968,-15.253655,6.469892
17.783531,-12.850479,6.471453
20.374732,-9.734824,6.468181
22.314728,-6.137750,6.470887
23.533003,-2.147136,6.473154
23.716067,2.158938,6.465837
22.894813,6.266721,6.471162
21.190366,9.959795,6.469865
18.675462,13.153061,6.465229
15.508957,15.704352,6.471673
12.110274,17.475679,6.473559
8.644587,18.376627,6.472851
5.054775,18.487584,6.470498
1.866047,17.993716,6.468191
-1.098180,17.034894,6.473279
-3.561264,16.121351,3.223490
-5.618933,14.977375,3.219570
-7.509420,13.590802,3.215554
-9.014495,12.110439,3.224319
-10.243113,10.539462,3.219073
-11.241790,8.953661,3.214716
-12.144145,7.438587,3.216757
-12.850705,5.837122,3.214290
-13.420462,4.292723,3.218575
-13.981093,2.640048,3.222329
-14.203539,0.885611,3.212486
-14.394770,-0.855565,3.219333
-14.264485,-2.729138,3.211021
-14.500581,-5.063995,3.219436
-14.282779,-7.388179,3.225326
-13.596824,-9.896541,3.223831
-12.409929,-12.559037,3.222146
-10.634890,-14.910621,3.223173
-8.299838,-16.886407,3.223593
-5.487332,-18.016780,3.219363
-2.476232,-18.637360,3.215650
0.785310,-18.882847,3.215317
4.048350,-18.467877,3.215799
7.321148,-17.525381,3.216156
10.445686,-16.202007,3.218294
13.680538,-14.518859,3.221767
16.998166,-12.306064,3.222092
19.497947,-9.362091,3.216337
21.331636,-5.795787,3.213703
22.427217,-1.963111,3.218747
22.642347,2.026203,3.225202
21.833052,6.047628,3.224128
20.263885,9.610511,3.222448
17.864253,12.779613,3.223600
14.817608,15.180846,3.225031
11.613399,16.929735,3.225801
8.244941,17.902447,3.223086
4.839305,18.127428,3.218001
1.802802,17.849107,3.215900
-1.048466,17.139253,3.220054
-3.550770,16.190313,-0.022463
-5.730279,15.148078,-0.031696
-7.551149,13.954913,-0.037935
-9.165542,12.493110,-0.026634
-10.482732,10.903696,-0.031235
-11.552332,9.278635,-0.039113
-12.534722,7.722513,-0.033345
-13.279230,6.060027,-0.025589
-13.890301,4.447144,-0.028059
-14.511303,2.743711,-0.030416
-14.701773,0.906156,-0.025129
-14.907740,-1.019392,-0.027792
-14.669127,-2.956131,-0.037439
-14.934560,-5.236100,-0.028697
-14.667091,-7.724763,-0.023832
-13.844812,-10.254747,-0.030783
-12.588788,-12.817436,-0.031204
-10.737570,-15.015515,-0.023443
-8.275787,-16.705243,-0.029106
-5.469499,-17.700109,-0.029169
-2.402264,-18.181052,-0.032017
0.687333,-18.176457,-0.035741
3.745176,-17.684250,-0.030503
6.849585,-16.852636,-0.034221
10.033258,-15.575837,-0.037436
13.075599,-13.950597,-0.034429
16.161746,-11.762964,-0.032413
18.503506,-8.939819,-0.033552
20.155654,-5.527713,-0.031040
21.140132,-1.746610,-0.026098
21.369223,2.033237,-0.025988
20.617078,5.727454,-0.028779
19.136158,9.249702,-0.031223
16.923803,12.285439,-0.032246
14.011826,14.535301,-0.032268
11.007778,16.247242,-0.030940
7.863706,17.268009,-0.028744
4.658194,17.604695,-0.026468
1.680537,17.501893,-0.024194
-1.032469,17.014270,-0.021382
-3.555524,16.025562,-3.275492
-5.721944,15.135723,-3.277589
-7.632818,14.002681,-3.285597
-9.243741,12.637238,-3.287157
-10.632480,11.045087,-3.289897
-11.757215,9.395270,-3.282115
-12.744921,7.908158,-3.273075
-13.547333,6.214320,-3.278189
-14.191729,4.549425,-3.284526
-14.837712,2.799011,-3.276734
-15.020775,0.903696,-3.275703
-15.224250,-1.072595,-3.284337
-14.922034,-2.941884,-3.274636
-15.160669,-5.376344,-3.277072
-14.820074,-7.888048,-3.285233
-13.924811,-10.306759,-3.279749
-12.624508,-12.756822,-3.276256
-10.654491,-14.871361,-3.286886
-8.127568,-16.277262,-3.286058
-5.383668,-17.211615,-3.285368
-2.422745,-17.657356,-3.285125
0.580226,-17.563996,-3.283696
3.543411,-17.094469,-3.283576
6.675303,-16.321808,-3.284403
9.662818,-15.125504,-3.282642
12.533607,-13.417959,-3.279276
15.266447,-11.141077,-3.277516
17.455182,-8.324531,-3.276664
18.879694,-5.079506,-3.278566
19.673484,-1.590503,-3.283171
19.930943,1.958211,-3.287691
19.196286,5.528565,-3.288221
17.886241,8.767947,-3.280106
15.883968,11.663877,-3.276245
13.142542,13.768637,-3.285850
10.255138,15.480734,-3.282537
7.346433,16.521073,-3.279747
4.360609,16.937540,-3.284970
1.472811,16.979747,-3.288366
-1.070028,16.674107,-3.282677
-3.474836,15.661576,-6.531410
-5.594280,14.918549,-6.532197
-7.568622,13.868274,-6.537832
-9.239489,12.545788,-6.539901
-10.612847,11.056686,-6.534629
-11.725504,9.499189,-6.538610
-12.812523,7.910979,-6.532585
-13.616212,6.303954,-6.519728
-14.323236,4.511473,-6.529026
-14.913485,2.821471,-6.536110
-15.107430,0.899899,-6.528458
-15.286426,-1.102716,-6.536713
-14.966922,-2.997674,-6.525339
-15.129938,-5.338189,-6.529030
-14.741832,-7.737056,-6.530522
-13.770332,-10.123956,-6.524136
-12.373137,-12.518793,-6.528117
-10.464490,-14.369827,-6.539125
-7.961969,-15.559772,-6.534822
-5.338160,-16.491341,-6.534647
-2.521055,-16.982691,-6.536705
0.365601,-16.910025,-6.534597
3.319749,-16.511736,-6.529784
6.334015,-15.823378,-6.525742
9.286047,-14.594926,-6.528604
11.913816,-12.775677,-6.533121
14.232233,-10.418998,-6.531052
16.185836,-7.732472,-6.526626
17.413053,-4.698625,-6.527774
18.057560,-1.428548,-6.534387
18.334880,1.969012,-6.538661
17.678619,5.178291,-6.533776
16.447392,8.302589,-6.529341
14.630591,11.013157,-6.532505
12.088703,12.967459,-6.536851
9.438303,14.602500,-6.528764
6.785778,15.652487,-6.522282
3.938590,16.149142,-6.526390
1.281061,16.307980,-6.533919
-1.167651,16.137684,-6.534336
-3.519732,15.054378,-9.783242
-5.548827,14.429671,-9.781202
-7.451011,13.507862,-9.781908
-9.075562,12.317376,-9.780782
-10.488253,10.879979,-9.788555
-11.631392,9.350075,-9.780957
-12.667425,7.855923,-9.774595
-13.535875,6.165553,-9.779799
-14.199198,4.468843,-9.784797
-14.736763,2.754938,-9.783944
-14.933563,0.942629,-9.777410
-15.086625,-1.054330,-9.784460
-14.785180,-2.946864,-9.780464
-14.847283,-5.164089,-9.780862
-14.365178,-7.515765,-9.786119
-13.378902,-9.736854,-9.779463
-12.031516,-11.871948,-9.773324
-10.086221,-13.609252,-9.781524
-7.670273,-14.626863,-9.785170
-5.205515,-15.545332,-9.777999
-2.558764,-16.076542,-9.779361
0.274406,-16.063125,-9.785223
3.073835,-15.752817,-9.782511
5.924559,-15.110638,-9.786142
8.687636,-13.870535,-9.782029
11.037458,-11.981810,-9.779663
12.955089,-9.641481,-9.787367
14.737085,-7.049502,-9.779192
15.802189,-4.161221,-9.781589
16.306920,-1.146001,-9.787677
16.590361,1.861336,-9.777384
15.986867,4.891455,-9.774854
14.863310,7.755501,-9.778616
13.237886,10.257925,-9.781256
10.939527,12.069799,-9.782626
8.546397,13.606933,-9.783720
6.073004,14.679492,-9.777664
3.499761,15.222528,-9.773324
1.096684,15.474620,-9.783389
-1.221766,15.425932,-9.787042
-3.492977,14.263451,-13.032435
-5.397589,13.757893,-13.030962
-7.279451,12.933697,-13.026393
-8.827385,11.887273,-13.025042
-10.251113,10.535641,-13.026261
-11.400804,9.066620,-13.029548
-12.409599,7.601287,-13.027013
-13.225643,6.034404,-13.026958
-13.817782,4.453817,-13.035794
-14.310130,2.661309,-13.035314
-14.524654,0.892490,-13.024635
-14.632947,-0.964248,-13.027011
-14.376149,-2.817313,-13.031364
-14.322999,-4.873877,-13.027399
-13.781154,-7.039285,-13.033534
-12.812050,-9.070032,-13.034833
-11.423629,-11.074112,-13.033769
-9.543218,-12.590548,-13.033568
-7.366930,-13.454384,-13.024161
-4.995479,-14.333672,-13.027679
-2.540898,-14.858933,-13.028741
-0.010050,-14.933059,-13.027027
2.686077,-14.684596,-13.032433
5.325357,-14.058845,-13.036737
7.838724,-12.799318,-13.033640
9.891819,-10.902158,-13.030097
11.527097,-8.619050,-13.030118
13.036995,-6.341172,-13.025068
13.981490,-3.654434,-13.031535
14.380955,-0.939105,-13.037846
14.663077,1.849081,-13.028054
14.129607,4.570079,-13.028309
13.111459,7.133529,-13.033195
11.674301,9.397357,-13.032479
9.664120,11.073079,-13.029433
7.553793,12.495873,-13.035837
5.292442,13.568112,-13.038892
3.018671,14.139512,-13.032497
0.801049,14.473213,-13.029621
-1.348701,14.522790,-13.030743
-3.422412,13.258297,-16.275233
-5.243442,12.848443,-16.278459
-6.972002,12.167242,-16.284050
-8.483594,11.239635,-16.284662
-9.821390,10.073551,-16.284273
-10.959463,8.715550,-16.283875
-11.907351,7.315582,-16.284693
-12.693602,5.823440,-16.283686
-13.255195,4.229039,-16.280788
-13.619142,2.581758,-16.280909
-13.841253,0.905117,-16.282049
-13.916708,-0.778505,-16.285165
-13.729163,-2.543450,-16.288109
-13.533685,-4.476397,-16.289005
-12.945529,-6.413025,-16.286105
-12.020565,-8.220204,-16.275829
-10.679637,-9.968458,-16.278431
-8.924524,-11.271584,-16.288239
-6.954501,-12.049106,-16.283100
-4.790427,-12.772434,-16.286753
-2.563536,-13.251718,-16.286267
-0.285772,-13.391023,-16.282686
2.155712,-13.171204,-16.281825
4.526730,-12.537263,-16.280197
6.655907,-11.316385,-16.284425
8.412827,-9.495249,-16.288493
9.784610,-7.460900,-16.284525
11.139881,-5.396766,-16.277417
11.931504,-3.123151,-16.274904
12.280352,-0.666878,-16.278138
12.532389,1.770387,-16.283743
12.097802,4.155444,-16.289229
11.196601,6.382038,-16.282886
9.953559,8.377532,-16.274902
8.209717,9.969089,-16.285644
6.345197,11.313500,-16.281290
4.484934,12.283245,-16.275345
2.455129,12.884598,-16.281820
0.463962,13.272645,-16.280404
-1.474970,13.407840,-16.276322
-3.347538,11.977344,-19.524864
-5.019930,11.675546,-19.526036
-6.616625,11.115382,-19.529154
-8.032575,10.331737,-19.533776
-9.297530,9.322177,-19.536097
-10.377669,8.116802,-19.534094
-11.223468,6.826365,-19.532513
-11.928548,5.447599,-19.535221
-12.389496,3.980519,-19.537960
-12.617733,2.524124,-19.536142
-12.845037,0.998437,-19.534675
-12.899886,-0.619924,-19.534816
-12.794606,-2.233720,-19.529381
-12.453897,-3.890978,-19.528433
-11.863958,-5.555499,-19.524909
-10.958366,-7.155510,-19.533213
-9.749912,-8.546878,-19.534448
-8.193516,-9.655217,-19.530161
-6.415823,-10.368310,-19.535433
-4.559285,-10.823599,-19.537164
-2.684359,-11.220316,-19.528940
-0.639377,-11.391425,-19.527987
1.415806,-11.159678,-19.534800
3.455718,-10.521384,-19.531198
5.175209,-9.386169,-19.531302
6.591196,-7.788522,-19.535357
7.744112,-6.078675,-19.535374
8.897791,-4.355328,-19.528824
9.615736,-2.380614,-19.526095
9.929233,-0.394985,-19.527620
10.155516,1.654586,-19.526946
9.823516,3.746939,-19.524705
9.033299,5.590248,-19.526244
7.898996,7.306022,-19.531328
6.524556,8.737429,-19.532797
5.080715,9.888627,-19.532593
3.420968,10.829538,-19.533055
1.752458,11.411999,-19.533242
0.034805,11.827138,-19.529581
-1.720689,12.029157,-19.525813
-3.330404,10.305739,-22.778585
-4.708841,10.131907,-22.775325
-6.091020,9.712396,-22.778856
-7.340008,9.113504,-22.783647
-8.477757,8.326962,-22.777911
-9.498424,7.301105,-22.779435
-10.235183,6.136338,-22.780773
-10.810542,4.932850,-22.775206
-11.152099,3.610426,-22.784067
-11.251307,2.287124,-22.783594
-11.454386,1.044609,-22.775892
-11.508316,-0.345874,-22.776847
-11.461077,-1.775377,-22.781027
-10.979369,-3.082369,-22.777796
-10.440817,-4.420804,-22.787312
-9.634346,-5.692599,-22.786361
-8.520866,-6.784655,-22.784650
-7.285298,-7.675112,-22.786743
-5.844331,-8.232712,-22.784510
-4.280100,-8.390600,-22.779519
-2.748913,-8.724956,-22.785466
-1.139400,-8.856526,-22.783550
0.481989,-8.607709,-22.775269
2.054971,-8.002677,-22.775582
3.331223,-7.000761,-22.784495
4.422198,-5.708184,-22.784180
5.341717,-4.442062,-22.777890
6.264926,-3.097959,-22.781582
6.893976,-1.613504,-22.780508
7.240980,-0.013261,-22.775945
7.409157,1.604177,-22.778585
7.191654,3.218086,-22.784375
6.524158,4.699981,-22.787079
5.550702,6.003646,-22.784433
4.612327,7.186597,-22.780894
3.494410,8.272575,-22.778222
2.264335,9.039743,-22.777821
0.875915,9.621095,-22.780231
-0.510164,10.025809,-22.783711
-1.937334,10.267928,-22.783437
-3.266474,7.950284,-26.031274
-4.297324,7.916231,-26.029777
-5.334639,7.670846,-26.029965
-6.327570,7.264882,-26.031987
-7.295286,6.722344,-26.030477
-8.116740,6.028659,-26.028903
-8.701423,5.144848,-26.031344
-9.085698,4.133933,-26.027220
-9.276146,3.070710,-26.029376
-9.222411,2.053674,-26.032880
-9.374685,1.086871,-26.031570
-9.512001,0.050109,-26.027825
-9.407362,-1.018789,-26.029458
-8.870786,-1.923015,-26.031677
-8.451667,-2.901741,-26.028050
-7.756734,-3.715704,-26.029723
-6.939588,-4.407068,-26.027067
-6.071501,-5.164187,-26.033203
-4.935731,-5.210684,-26.031901
-3.868069,-5.238095,-26.027242
-2.838037,-5.545531,-26.026298
-1.768179,-5.504965,-26.026414
-0.720415,-5.216666,-26.029667
0.238614,-4.674904,-26.031889
1.005127,-3.923363,-26.030647
1.693069,-3.155296,-26.033165
2.355317,-2.374969,-26.034672
2.970551,-1.553164,-26.031589
3.524452,-0.628611,-26.031017
3.906349,0.410433,-26.032628
4.012575,1.515312,-26.032356
3.907133,2.610533,-26.031989
3.476718,3.620089,-26.030953
2.645261,4.425509,-26.028011
2.054429,5.210974,-26.027204
1.506162,6.123958,-26.028118
0.689057,6.744420,-26.027918
-0.241835,7.211299,-26.027338
-1.194016,7.577773,-26.028482
-2.235126,7.829907,-26.031349
-4.601857,1.654336,-29.281267
