23.671331,35.689922,28.575022
17.981915,40.417956,28.575022
11.280699,44.071676,28.575023
3.943447,46.181636,28.575023
-3.683581,46.546044,28.575024
-11.183201,45.120401,28.575024
-18.179762,42.075047,28.575024
-24.458240,37.734643,28.575024
-29.737642,32.551337,28.575024
-33.890527,26.707800,28.575024
-36.670619,20.349010,28.575024
-37.974008,13.536603,28.575024
-37.810245,6.831223,28.575024
-36.516003,0.724381,28.575024
-34.352721,-4.882799,28.575024
-31.653145,-9.729223,28.575024
-28.501209,-14.009414,28.575024
-25.184998,-17.552913,28.575023
-21.670490,-20.555276,28.575023
-18.037914,-23.022284,28.575023
-14.360482,-24.966798,28.575024
-10.489497,-26.490611,28.575024
-6.471793,-27.569815,28.575023
-2.587497,-28.160584,28.575023
1.569887,-28.307570,28.575023
5.713710,-27.936721,28.575024
9.773461,-27.025502,28.575024
13.667299,-25.560154,28.575024
17.522696,-23.456299,28.575024
21.067979,-20.863602,28.575024
24.276639,-17.865016,28.575024
27.406370,-14.155456,28.575024
30.070048,-10.096932,28.575024
32.404105,-5.320100,28.575024
34.127338,-0.046670,28.575024
35.091747,5.652324,28.575024
35.133488,11.894587,28.575024
34.066539,18.055719,28.575023
31.719123,24.385191,28.575022
28.438707,30.684774,25.580622
23.725629,35.869842,25.580643
17.914741,40.130344,25.575030
11.137356,43.296298,25.569284
3.911235,45.113488,25.572423
-3.550450,45.294329,25.580063
-10.884504,43.861678,25.575227
-17.664699,40.796285,25.572471
-23.823637,36.553779,25.572549
-28.899612,31.757759,25.570395
-32.825407,25.963093,25.572604
-35.318835,19.427746,25.576985
-36.366482,12.750385,25.576504
-36.193392,6.453155,25.575108
-35.012225,0.520013,25.574229
-33.254399,-4.790641,25.570125
-31.336975,-9.577998,25.567378
-28.077933,-13.773274,25.571855
-25.058912,-17.342371,25.578802
-22.065691,-20.893332,25.579950
-18.597302,-23.659430,25.573454
-14.868267,-26.039147,25.569150
-11.099786,-27.928945,25.575360
-6.801821,-28.842146,25.578837
-2.596158,-29.082234,25.575811
1.584703,-29.348632,25.571484
6.011940,-29.333583,25.567038
10.383417,-28.645294,25.568746
14.626457,-27.362555,25.576978
19.057531,-25.294807,25.578836
22.937020,-22.706663,25.572461
26.767360,-19.299239,25.572827
30.080054,-15.384278,25.570620
32.910237,-10.836675,25.567738
35.245971,-5.489718,25.569879
36.691476,0.149946,25.574905
37.023618,6.197154,25.575507
36.550186,12.487141,25.576322
35.036940,18.817531,25.578153
32.343270,24.795150,25.579510
28.478079,30.708677,22.579916
23.602920,35.782669,22.580852
17.600064,39.789301,22.578743
11.085575,42.479441,22.578067
3.790673,44.084864,22.580021
-3.463467,44.087722,22.575767
-10.588148,42.641633,22.571210
-17.127026,39.575094,22.570578
-23.053294,35.350578,22.571286
-27.918104,30.643827,22.573621
-31.679015,24.712714,22.579402
-33.824313,18.523667,22.575762
-34.758523,12.278251,22.570905
-34.675894,6.194559,22.568387
-33.704457,0.439649,22.570360
-32.265602,-4.742270,22.578456
-30.718996,-9.440679,22.581927
-27.735223,-13.568216,22.571874
-25.003593,-17.366447,22.569211
-22.402674,-21.227553,22.573862
-19.058685,-24.176463,22.575256
-15.441195,-26.742483,22.581560
-11.548508,-28.968811,22.573213
-7.019899,-29.826157,22.572819
-2.544145,-29.857858,22.579332
1.646587,-30.164748,22.578877
6.317622,-30.370035,22.578016
10.723699,-29.839958,22.577930
15.484264,-28.596671,22.579506
20.007732,-26.705197,22.580242
24.373971,-23.976733,22.576821
28.463252,-20.483739,22.571887
32.114563,-16.218434,22.575554
35.125189,-11.216358,22.572875
37.349582,-5.792316,22.570055
38.667869,0.136784,22.576857
38.566542,6.441961,22.572392
37.641543,12.949639,22.576847
35.751340,19.181436,22.583826
32.559560,25.187258,22.582632
28.330944,30.525559,19.574389
23.346518,35.472091,19.574087
17.456570,39.184635,19.576255
10.875509,41.672830,19.580537
3.790381,43.049080,19.579572
-3.444205,42.917662,19.571089
-10.312064,41.454993,19.573199
-16.782259,38.291891,19.573548
-22.204201,34.194830,19.569753
-26.903674,29.344753,19.570068
-30.278832,23.743437,19.572302
-32.371485,17.554290,19.567431
-33.296825,11.557675,19.575737
-33.310573,5.725381,19.580812
-32.604893,0.410653,19.576629
-31.457410,-4.589707,19.581019
-29.988338,-9.284344,19.583122
-27.453629,-13.445592,19.582746
-25.103247,-17.479796,19.574952
-22.733416,-21.465752,19.574235
-19.499444,-24.525180,19.582318
-15.778876,-27.325782,19.569655
-11.734733,-29.750556,19.572960
-7.220588,-30.558927,19.572262
-2.745850,-30.482088,19.572824
1.668317,-30.770118,19.579304
6.324624,-31.063694,19.570993
11.188019,-30.540819,19.576687
15.955524,-29.362798,19.580845
20.718901,-27.476875,19.577895
25.314471,-24.697690,19.577215
29.607171,-21.103333,19.578661
33.424931,-16.688287,19.575764
36.420915,-11.696117,19.574880
38.771187,-5.828185,19.574198
40.012864,0.337843,19.572128
39.617858,6.850862,19.580142
38.414729,13.065598,19.579360
36.131059,19.385157,19.574024
32.630683,25.188514,19.573503
28.026927,30.168590,16.576889
23.162466,34.828144,16.569896
17.065577,38.536133,16.570013
10.480793,40.848325,16.576628
3.649820,42.013421,16.578127
-3.293209,41.794024,16.570189
-10.090011,40.277872,16.567751
-16.278922,37.184034,16.572563
-21.545035,32.981500,16.579319
-25.857248,28.154848,16.579972
-29.087872,22.532591,16.571073
-31.040677,16.840065,16.568952
-32.038362,11.138188,16.579918
-32.203951,5.590609,16.577387
-31.726632,0.287182,16.568376
-30.768999,-4.711369,16.581275
-29.284246,-9.095679,16.576622
-27.215975,-13.487653,16.571976
-25.386495,-17.500043,16.575480
-22.969961,-21.682931,16.576332
-19.653709,-24.934509,16.571673
-15.990405,-27.749662,16.572734
-11.997494,-30.190701,16.571154
-7.303743,-31.073278,16.568725
-2.630083,-30.971589,16.569170
1.751347,-31.181069,16.574495
6.374571,-31.406372,16.581601
11.196927,-30.865097,16.572265
16.147766,-29.629732,16.569682
20.879028,-27.770983,16.572696
25.655245,-24.927574,16.570419
29.940707,-21.393629,16.575729
33.909973,-16.865395,16.581181
37.013820,-11.721565,16.580984
39.343210,-5.900218,16.578759
40.601327,0.448090,16.576611
40.176828,6.909497,16.570414
38.730538,13.257524,16.572160
36.161002,19.411759,16.578129
32.453315,25.015652,16.580109
27.584392,29.657706,13.573650
22.707261,34.171801,13.577945
16.846461,37.658508,13.576979
10.328621,39.873496,13.575899
3.569856,40.938141,13.577913
-3.280288,40.663433,13.576314
-9.749755,39.169645,13.579614
-15.869990,36.116960,13.574222
-20.986996,31.886254,13.566341
-25.069406,26.965442,13.570713
-27.996847,21.795498,13.580606
-30.033042,16.217001,13.581410
-31.145263,10.613078,13.581194
-31.437186,5.375137,13.574219
-31.166092,0.120120,13.568251
-30.379409,-4.609181,13.578820
-28.678273,-9.088264,13.578075
-27.199412,-13.405010,13.570320
-25.653763,-17.713064,13.570424
-23.164053,-21.801504,13.572629
-19.943101,-25.049431,13.570858
-16.157191,-27.982334,13.579833
-12.006492,-30.474439,13.570822
-7.369245,-31.386964,13.574821
-2.758574,-31.313540,13.580656
1.797297,-31.393799,13.574040
6.365485,-31.425775,13.576967
11.111991,-30.772413,13.578196
15.970514,-29.459413,13.578156
20.821932,-27.460029,13.577130
25.325937,-24.749630,13.573352
29.732704,-21.117922,13.570011
33.516288,-16.836137,13.572243
36.748808,-11.590810,13.575570
39.076416,-5.864583,13.578266
40.378721,0.393696,13.579102
40.157084,6.785543,13.572096
38.610543,13.247276,13.571401
35.852167,19.240696,13.573679
32.048052,24.671552,13.572944
27.018332,29.009196,10.575739
22.160184,33.367088,10.569476
16.359979,36.738473,10.565403
10.160504,38.801725,10.571813
3.507824,39.801746,10.578276
-3.222617,39.510340,10.570689
-9.563756,38.008690,10.573892
-15.434582,35.192912,10.576115
-20.509133,31.113030,10.571637
-24.367599,26.432948,10.571752
-27.414328,21.193906,10.579284
-29.542434,15.760488,10.576143
-30.731705,10.503550,10.573356
-31.162703,5.142921,10.576214
-31.032079,0.195008,10.579229
-30.256249,-4.678389,10.578787
-28.468279,-9.040098,10.575326
-27.331465,-13.370593,10.570642
-25.925034,-17.853774,10.570125
-23.319589,-21.805780,10.572345
-20.017804,-25.162770,10.569747
-16.286612,-28.033211,10.566524
-12.191945,-30.440940,10.575228
-7.428468,-31.511962,10.582745
-2.680261,-31.511486,10.574949
1.797105,-31.419576,10.568461
6.278320,-31.157511,10.578022
10.914219,-30.319149,10.572874
15.632478,-28.854149,10.568134
20.138068,-26.838713,10.572915
24.532966,-24.128629,10.576010
28.843428,-20.535719,10.572944
32.551536,-16.322585,10.577772
35.653580,-11.377656,10.577844
37.980349,-5.780396,10.573746
39.353413,0.356102,10.575400
39.500607,6.649079,10.572989
38.055899,12.992789,10.569133
35.224474,18.858809,10.569842
31.437957,24.163545,10.574447
26.335987,28.230481,7.573119
21.528732,32.433249,7.569781
16.019723,35.607598,7.574844
9.742804,37.676577,7.579694
3.435445,38.578947,7.578347
-3.154669,38.303267,7.578663
-9.356110,36.838139,7.580286
-15.192903,34.245377,7.580684
-20.145020,30.608460,7.575172
-24.208890,25.974559,7.569624
-27.243756,21.133359,7.575129
-29.518084,15.891829,7.578950
-30.874379,10.565793,7.579431
-31.394854,5.323762,7.572743
-31.297421,0.260480,7.569342
-30.529562,-4.512855,7.580930
-28.734222,-9.001267,7.581604
-27.619565,-13.474825,7.578091
-26.067893,-18.012930,7.572315
-23.348118,-21.786301,7.569974
-19.947554,-25.208186,7.574927
-16.265341,-27.985083,7.573734
-12.019295,-30.344821,7.572775
-7.567708,-31.440643,7.579825
-2.710968,-31.559720,7.578338
1.885951,-31.260671,7.567143
6.235855,-30.633453,7.569027
10.723101,-29.553041,7.571627
15.051348,-27.959736,7.571369
19.370787,-25.784409,7.575808
23.421783,-23.147499,7.580242
27.428093,-19.716478,7.572004
30.896684,-15.745160,7.577171
33.973814,-10.919981,7.580949
36.183662,-5.663703,7.575130
37.585303,0.111465,7.570183
38.244957,6.471068,7.568351
37.008998,12.688861,7.576132
34.313046,18.268708,7.582128
30.645611,23.496385,7.579360
25.543551,27.328009,4.569252
20.811739,31.378097,4.573902
15.402917,34.437220,4.578141
9.482159,36.375321,4.576845
3.320759,37.244303,4.574695
-2.899605,37.017802,4.577045
-8.959343,35.647649,4.573883
-14.779143,33.393240,4.569087
-19.857206,30.219283,4.570426
-24.118147,25.966977,4.577206
-27.463332,21.238954,4.580720
-29.951546,16.008890,4.576537
-31.377222,10.837312,4.572648
-31.959442,5.508787,4.573506
-31.807180,0.358016,4.578438
-30.883036,-4.705154,4.581278
-29.265520,-9.133428,4.573392
-27.969038,-13.683349,4.570347
-26.137071,-17.988116,4.574585
-23.222321,-21.740066,4.575362
-19.872908,-25.051078,4.569912
-16.071965,-27.846595,4.569311
-11.875861,-30.027610,4.571721
-7.322559,-31.224393,4.570668
-2.812249,-31.450254,4.571555
1.663657,-30.980279,4.574950
6.048940,-29.953889,4.573888
10.357196,-28.630013,4.577792
14.472975,-26.816936,4.572548
18.380463,-24.567255,4.571726
22.076598,-21.996739,4.581541
25.762198,-18.716167,4.580440
28.953522,-14.959105,4.573740
31.846872,-10.425928,4.571479
33.921199,-5.503635,4.574176
35.370451,0.118529,4.575587
36.495156,6.047257,4.574899
35.652487,11.928861,4.577686
33.141980,17.476565,4.577919
29.686830,22.674630,4.572431
24.644826,26.305612,1.567483
20.174759,30.081120,1.568450
14.897598,33.052721,1.574396
9.142348,34.945752,1.579022
3.140273,35.780473,1.575995
-2.914880,35.559820,1.571342
-8.815519,34.248470,1.573113
-14.391443,32.418142,1.579462
-19.583457,29.778961,1.577396
-24.067405,26.001380,1.569822
-27.763999,21.469937,1.576377
-30.385947,16.477750,1.578632
-31.983340,11.069154,1.575704
-32.592522,5.670737,1.576284
-32.309863,0.250870,1.576202
-31.281374,-4.654557,1.571154
-29.857634,-9.235921,1.578090
-28.256013,-13.777576,1.574771
-25.967968,-17.973706,1.569561
-23.031726,-21.527226,1.572239
-19.580351,-24.859573,1.575031
-15.838367,-27.526942,1.576138
-11.702885,-29.525566,1.573738
-7.283475,-30.799953,1.575107
-2.704496,-31.162330,1.575400
1.636189,-30.529915,1.571636
6.006921,-29.116735,1.573420
9.919161,-27.645999,1.579071
13.808096,-25.641087,1.573612
17.311944,-23.358235,1.571970
20.814027,-20.724595,1.580739
24.010070,-17.721029,1.581486
27.042308,-14.003283,1.579587
29.597739,-9.916529,1.578727
31.499368,-5.304994,1.578089
32.839672,-0.247891,1.576628
34.360213,5.435140,1.574773
33.836970,11.379589,1.570774
31.652175,16.694430,1.567699
28.581851,21.708470,1.567055
23.783261,25.020401,-1.429402
19.278720,28.790364,-1.430313
14.124343,31.618336,-1.425687
8.731658,33.369732,-1.419409
2.907364,34.167638,-1.419714
-2.763625,33.967140,-1.429436
-8.298556,32.787896,-1.428503
-13.786806,31.288957,-1.422944
-19.211610,29.100811,-1.424777
-23.851715,25.810512,-1.429940
-27.861624,21.515872,-1.425234
-30.661491,16.583378,-1.421064
-32.331556,11.162658,-1.428235
-32.962238,5.720365,-1.427281
-32.567905,0.276140,-1.419271
-31.393801,-4.651017,-1.425269
-30.164329,-9.357486,-1.420692
-28.270890,-13.825194,-1.428072
-25.697964,-17.713002,-1.426252
-22.657032,-21.240854,-1.418801
-19.271153,-24.439239,-1.425925
-15.613993,-26.990113,-1.421143
-11.371398,-28.890897,-1.419577
-7.098246,-30.211055,-1.417207
-2.680428,-30.690463,-1.420478
1.713691,-29.911712,-1.424600
5.672390,-28.357821,-1.417660
9.574288,-26.657211,-1.428643
13.071668,-24.632939,-1.428598
16.367779,-22.269156,-1.425697
19.513509,-19.722256,-1.428205
22.524661,-16.718222,-1.421683
25.238481,-13.190870,-1.425842
27.531311,-9.351632,-1.426876
29.219422,-5.033395,-1.421711
30.455251,-0.321948,-1.422113
32.058493,4.936256,-1.428822
31.860401,10.521328,-1.424725
30.012606,15.788070,-1.419911
27.349128,20.616541,-1.423623
22.666613,23.764213,-4.418706
18.307824,27.371128,-4.417308
13.482730,29.955398,-4.420238
8.283677,31.626020,-4.421918
2.865877,32.373150,-4.423304
-2.599059,32.205244,-4.429309
-7.942625,31.114215,-4.425370
-13.265232,29.822923,-4.425503
-18.596958,27.986155,-4.427478
-23.250610,25.093193,-4.424509
-27.330940,21.166375,-4.427092
-30.288734,16.340717,-4.421848
-32.040061,10.959686,-4.427880
-32.707942,5.716909,-4.427484
-32.302931,0.283387,-4.419069
-31.056035,-4.637651,-4.430360
-29.955630,-9.403843,-4.429435
-27.967835,-13.610731,-4.419465
-25.157207,-17.386587,-4.421917
-22.047086,-20.874957,-4.429462
-18.750335,-23.924474,-4.427374
-15.192651,-26.335310,-4.429818
-11.059880,-28.051542,-4.421220
-6.961458,-29.401172,-4.423526
-2.733401,-30.015594,-4.424832
1.692516,-29.201115,-4.417799
5.639406,-27.512808,-4.424954
9.176100,-25.855979,-4.425189
12.497460,-23.824440,-4.422986
15.612196,-21.463670,-4.423449
18.568386,-18.920391,-4.425706
21.369370,-15.929089,-4.426610
23.760607,-12.605879,-4.425020
25.761861,-9.015479,-4.426751
27.280259,-4.810234,-4.429648
28.344768,-0.442491,-4.426499
29.764730,4.447200,-4.419226
29.741109,9.656040,-4.422200
28.310358,14.624865,-4.426489
25.980248,19.420023,-4.423697
21.428884,22.373325,-7.422900
17.406698,25.697275,-7.421067
12.779312,28.134076,-7.418552
7.807492,29.710920,-7.420703
2.632520,30.416769,-7.426908
-2.586313,30.252962,-7.427223
-7.519892,29.298477,-7.423196
-12.603645,28.077866,-7.423197
-17.543597,26.434033,-7.423104
-22.231724,23.723002,-7.420839
-26.235157,20.085564,-7.428159
-29.180116,15.550762,-7.432069
-30.932251,10.634103,-7.425263
-31.715367,5.457951,-7.420989
-31.418842,0.262025,-7.426200
-30.259621,-4.638288,-7.429518
-29.275442,-9.212503,-7.430985
-27.203121,-13.337475,-7.425267
-24.290145,-17.015860,-7.424833
-21.419133,-20.181665,-7.426881
-18.263841,-23.088893,-7.423303
-14.696704,-25.477441,-7.425752
-10.714561,-27.024308,-7.423670
-6.638887,-28.425415,-7.417529
-2.624627,-29.117420,-7.423100
1.619510,-28.394946,-7.431077
5.410787,-26.835720,-7.419884
8.955708,-25.171619,-7.419729
12.284072,-23.125442,-7.427322
15.243907,-20.851902,-7.432256
18.010491,-18.357166,-7.432226
20.593725,-15.416220,-7.428643
22.760666,-12.159383,-7.422644
24.515069,-8.650878,-7.423190
25.766664,-4.757350,-7.425735
26.622294,-0.551717,-7.422573
27.569018,4.016875,-7.419843
27.563443,8.835727,-7.420808
26.456943,13.621497,-7.422846
24.406064,18.298347,-7.423538
20.063803,20.840707,-10.431182
16.248219,23.973936,-10.425874
12.002076,26.142979,-10.424576
7.289564,27.611895,-10.423865
2.399057,28.285549,-10.421760
-2.360288,28.143746,-10.427051
-7.046045,27.326082,-10.423690
-11.820586,26.059864,-10.420107
-16.437465,24.325973,-10.424342
-20.725863,21.874722,-10.428475
-24.458408,18.638855,-10.423951
-27.398093,14.453449,-10.419451
-29.211976,9.862929,-10.422875
-30.082907,4.991016,-10.425031
-29.964930,0.068497,-10.423700
-29.106748,-4.435583,-10.426194
-28.164281,-8.944059,-10.420112
-26.053430,-12.961962,-10.423334
-23.373589,-16.277126,-10.423076
-20.535582,-19.396262,-10.416683
-17.401504,-22.244929,-10.420567
-13.997537,-24.457975,-10.430782
-10.198757,-25.836873,-10.430867
-6.358625,-27.193257,-10.429862
-2.411073,-27.986805,-10.425681
1.454754,-27.481422,-10.419974
5.268815,-26.110012,-10.421829
8.652015,-24.604824,-10.418349
11.854242,-22.755905,-10.419797
14.830264,-20.549381,-10.421044
17.551175,-18.041413,-10.418524
20.031627,-15.059884,-10.420723
21.969442,-11.905849,-10.422500
23.523080,-8.349491,-10.425368
24.547030,-4.611672,-10.425546
25.104472,-0.772297,-10.423859
25.402076,3.447478,-10.429544
25.337342,7.847901,-10.428458
24.572523,12.401207,-10.425987
22.811511,16.913332,-10.429415
18.564724,19.159456,-13.425413
15.123359,21.988214,-13.427708
10.981017,24.038481,-13.422592
6.715272,25.321878,-13.419463
2.308999,25.941652,-13.424825
-2.140190,25.833887,-13.425028
-6.548484,25.164745,-13.429958
-10.782860,23.827464,-13.428578
-14.836177,21.968700,-13.424038
-18.831171,19.663728,-13.425847
-22.349721,16.671478,-13.423990
-25.037640,13.118408,-13.427841
-26.940296,8.911809,-13.431477
-27.920280,4.395130,-13.426476
-28.042921,-0.050226,-13.419377
-27.559036,-4.308888,-13.420161
-26.676167,-8.524176,-13.421812
-24.687118,-12.282240,-13.426123
-22.094153,-15.518410,-13.427276
-19.321199,-18.551515,-13.426388
-16.497782,-21.089539,-13.428618
-13.160430,-23.224052,-13.429094
-9.583217,-24.449205,-13.428251
-6.003505,-25.736213,-13.427134
-2.337330,-26.605564,-13.421225
1.462796,-26.326756,-13.419275
5.105900,-25.280428,-13.431024
8.459237,-23.900168,-13.433234
11.654502,-22.183704,-13.427726
14.609362,-20.081302,-13.424247
17.241188,-17.584957,-13.424393
19.484154,-14.734059,-13.424893
21.269794,-11.573931,-13.429429
22.533725,-8.180428,-13.428498
23.382599,-4.472764,-13.427509
23.655672,-0.861796,-13.429946
23.242560,2.907198,-13.424553
23.022564,6.848476,-13.425597
22.567110,11.139220,-13.429163
21.080439,15.431732,-13.427129
16.901528,17.295247,-16.420240
13.717312,19.897293,-16.425971
10.005225,21.658384,-16.426140
6.052320,22.800210,-16.425524
1.992286,23.376795,-16.429695
-2.109040,23.275327,-16.424969
-6.062078,22.779214,-16.422573
-9.841282,21.287700,-16.422577
-13.251366,19.239260,-16.424106
-16.760108,17.120934,-16.426093
-19.791371,14.578744,-16.424137
-22.398758,11.400687,-16.427765
-24.280799,7.748189,-16.431593
-25.316225,3.776696,-16.426707
-25.679570,-0.317406,-16.420854
-25.613379,-4.269896,-16.425593
-24.757549,-8.141344,-16.425476
-22.879261,-11.606237,-16.426466
-20.533968,-14.615338,-16.425596
-17.979225,-17.420722,-16.422693
-15.242101,-19.843551,-16.420849
-12.272671,-21.701642,-16.419271
-8.812072,-22.835108,-16.430000
-5.661457,-23.982291,-16.426903
-2.159754,-24.937105,-16.425024
1.356356,-24.932903,-16.432018
4.790265,-24.274958,-16.425827
8.065318,-23.054372,-16.420451
11.210314,-21.508680,-16.421160
14.111110,-19.563228,-16.427465
16.638490,-17.139788,-16.429289
18.749338,-14.349777,-16.419622
20.380881,-11.247018,-16.416252
21.410046,-7.923216,-16.424685
22.060954,-4.450778,-16.429285
22.096065,-0.972601,-16.421991
20.999604,2.358171,-16.419526
20.596208,5.944113,-16.425811
20.378370,9.955367,-16.429339
19.175715,13.819681,-16.423957
15.123403,15.097401,-19.420520
12.264196,17.479154,-19.429259
8.886966,19.026666,-19.425719
5.427531,19.982718,-19.420620
1.760483,20.529194,-19.427943
-1.805661,20.454603,-19.426033
-5.430191,20.113059,-19.420957
-8.701744,18.560050,-19.422321
-11.549603,16.329973,-19.423786
-14.456570,14.502244,-19.421058
-17.198955,12.205221,-19.426834
-19.482597,9.626241,-19.425818
-21.372832,6.422874,-19.420702
-22.397816,3.004856,-19.422504
-22.926429,-0.544343,-19.428754
-23.269449,-4.103516,-19.429754
-22.449419,-7.581546,-19.429054
-20.734632,-10.735081,-19.428839
-18.683132,-13.494698,-19.431454
-16.378168,-16.044898,-19.428079
-13.888855,-18.221108,-19.420107
-11.189902,-19.882308,-19.424624
-8.054317,-20.897562,-19.423247
-5.079418,-21.987414,-19.419569
-2.066491,-22.908302,-19.418366
1.241199,-23.187329,-19.419181
4.523509,-22.857876,-19.421472
7.506204,-21.814479,-19.425203
10.522579,-20.438391,-19.431691
13.306252,-18.681100,-19.426527
15.685125,-16.381260,-19.418227
17.624884,-13.707911,-19.426296
19.085063,-10.732030,-19.425210
19.918690,-7.428654,-19.425372
20.396895,-4.235437,-19.427500
20.175759,-0.988657,-19.427238
18.511298,1.894560,-19.429978
18.033304,4.938031,-19.431018
18.003695,8.493065,-19.427316
17.037110,12.034548,-19.421170
12.971600,12.716288,-22.420202
10.577286,14.745248,-22.426846
7.598220,16.045314,-22.427349
4.548865,16.820476,-22.424659
1.462987,17.307026,-22.426124
-1.652667,17.252486,-22.422419
-4.745083,17.026394,-22.425606
-7.483754,15.542609,-22.431567
-9.753362,13.314356,-22.428591
-12.184810,11.751883,-22.421745
-14.418113,9.917041,-22.425309
-16.486838,7.723533,-22.428327
-18.216551,5.103239,-22.423410
-19.188676,2.266082,-22.422869
-19.804697,-0.818726,-22.431365
-20.431883,-3.888468,-22.430637
-19.665915,-6.901993,-22.421332
-18.163561,-9.688332,-22.421290
-16.452685,-12.152528,-22.423153
-14.439281,-14.393910,-22.420076
-12.230102,-16.265046,-22.420182
-9.745604,-17.747461,-22.424674
-7.108737,-18.586134,-22.423423
-4.506167,-19.543580,-22.423177
-1.771646,-20.444422,-22.422635
1.102705,-20.904325,-22.424776
3.987203,-20.861052,-22.429538
6.836341,-19.902873,-22.421031
9.502136,-18.738669,-22.423813
12.049994,-17.161882,-22.427218
14.190915,-15.030263,-22.423721
15.906418,-12.553807,-22.424668
17.150735,-9.795883,-22.424104
17.727314,-7.002661,-22.424340
18.087631,-4.051762,-22.423616
17.783094,-1.236954,-22.421724
15.798550,1.236462,-22.423982
15.265994,3.838317,-22.426227
15.316572,6.878511,-22.425002
14.576556,10.014145,-22.420824
10.475384,9.811701,-25.423141
8.542724,11.527268,-25.426150
6.165520,12.521103,-25.425447
3.635354,13.090802,-25.422850
1.194653,13.513687,-25.424973
-1.359858,13.480161,-25.429001
-3.840174,13.350810,-25.429969
-6.117288,12.080996,-25.428591
-7.785112,10.043790,-25.427007
-9.703234,8.801760,-25.425277
-11.572771,7.327435,-25.424083
-13.253912,5.638168,-25.424206
-14.707084,3.617744,-25.426726
-15.565846,1.304271,-25.428390
-16.141949,-1.121241,-25.427632
-16.911678,-3.595768,-25.428177
-16.189996,-6.127269,-25.424677
-14.960801,-8.445080,-25.427188
-13.640689,-10.526206,-25.424502
-11.970418,-12.363357,-25.421351
-10.100424,-13.845074,-25.426924
-8.039376,-15.037070,-25.426587
-5.872011,-15.745796,-25.422032
-3.732237,-16.546624,-25.425643
-1.492797,-17.324447,-25.425898
0.846272,-17.879016,-25.423711
3.309574,-18.019504,-25.426911
5.755643,-17.205008,-25.423239
8.052885,-16.220526,-25.421998
10.131035,-14.898729,-25.426406
11.923760,-13.027648,-25.427788
13.294140,-10.958980,-25.422620
14.265827,-8.662074,-25.424075
14.692493,-6.158086,-25.425914
14.925774,-3.803242,-25.427245
14.543752,-1.427238,-25.429445
12.605556,0.491716,-25.428682
12.097066,2.494933,-25.426634
12.165867,5.030247,-25.424222
11.683880,7.544013,-25.422606
7.234428,6.074525,-28.424700
5.932017,7.367773,-28.426894
4.232877,8.054378,-28.425084
2.481877,8.343793,-28.422584
0.742442,8.666644,-28.427197
-0.991708,8.672474,-28.424020
-2.773239,8.580605,-28.421806
-4.358947,7.796303,-28.423209
-5.367031,6.120788,-28.424200
-6.704970,5.207990,-28.428692
-8.043455,4.279318,-28.424131
-9.234799,3.177477,-28.422356
-10.354154,1.801557,-28.423544
-11.033200,0.183508,-28.420733
-11.428954,-1.469881,-28.422655
-12.203339,-3.315183,-28.428413
-11.621833,-5.067750,-28.428528
-10.780279,-6.746164,-28.425781
-9.925359,-8.275356,-28.422954
-8.696458,-9.544335,-28.422209
-7.239389,-10.549592,-28.421992
-5.757646,-11.366540,-28.422049
-4.225634,-11.906745,-28.427932
-2.714313,-12.506460,-28.423069
-1.129704,-13.084566,-28.423821
0.577360,-13.619372,-28.428408
2.378325,-13.799302,-28.426816
4.140892,-13.243424,-28.424043
5.766783,-12.527764,-28.423683
7.306636,-11.424923,-28.425496
8.474793,-10.090117,-28.424567
9.427632,-8.518716,-28.422734
10.048332,-6.858054,-28.426580
10.302662,-5.068885,-28.424505
10.438494,-3.376837,-28.422510
10.033319,-1.734482,-28.425245
8.490665,-0.432411,-28.428355
8.103465,0.916366,-28.428714
8.151018,2.585742,-28.427411
7.936901,4.406336,-28.425342
-0.990321,-2.732944,-31.424976
12.158782,21.573571,28.575030
9.100114,25.398855,28.575029
4.942447,28.508151,28.575028
0.093238,30.329254,28.575025
-5.068950,30.885909,28.575022
-10.231269,30.424170,28.575023
-15.375781,29.042292,28.575023
-20.083006,26.874961,28.575024
-24.437290,23.789762,28.575024
-27.941437,19.776489,28.575024
-30.116234,14.900485,28.575024
-30.746687,9.752646,28.575024
-30.087262,4.602998,28.575024
-28.553184,0.105616,28.575024
-26.400714,-3.805154,28.575024
-23.812257,-7.082340,28.575024
-21.044779,-9.605399,28.575024
-18.140973,-11.478286,28.575023
-15.227550,-12.723537,28.575023
-12.438750,-13.439978,28.575023
-9.867385,-13.759254,28.575024
-7.565302,-13.802651,28.575025
-5.555398,-13.665482,28.575025
-3.703822,-13.399131,28.575024
-1.875446,-13.004604,28.575023
-0.352515,-12.573952,28.575023
1.277678,-12.005546,28.575026
2.869093,-11.336227,28.575024
4.414973,-10.567415,28.575023
5.907766,-9.700104,28.575024
7.571213,-8.564509,28.575024
9.243820,-7.200646,28.575024
10.878839,-5.579935,28.575024
12.497177,-3.557590,28.575023
13.963224,-1.081103,28.575023
15.114568,1.868428,28.575023
15.825356,5.248178,28.575024
15.997380,8.997636,28.575025
15.533919,13.025668,28.575028
14.504330,17.594934,25.976840
12.293785,21.693415,25.968678
9.041110,25.446580,25.969886
4.986809,28.403765,25.968313
0.127076,29.801485,25.971068
-4.883587,29.696590,25.973683
-9.917330,28.856000,25.970974
-14.646256,27.326709,25.977263
-19.009394,24.960173,25.974326
-22.859021,21.794045,25.969845
-25.802230,17.979646,25.973928
-27.594397,13.335954,25.978296
-28.076571,8.529851,25.971968
-27.488352,4.038200,25.974359
-26.110877,-0.128166,25.978945
-24.233972,-3.763659,25.972055
-22.105468,-6.725672,25.974828
-19.922772,-9.102313,25.973423
-17.396006,-11.077268,25.969430
-14.748697,-12.318075,25.974919
-12.249391,-13.145082,25.975433
-10.009270,-13.809737,25.971508
-7.884306,-14.339755,25.970532
-5.705167,-14.573111,25.977193
-3.816535,-14.665569,25.981927
-1.751444,-14.792655,25.976169
0.093268,-14.403584,25.969586
1.902155,-13.505491,25.974222
4.569835,-14.327129,25.970306
6.962148,-13.737522,25.974039
9.081783,-12.392095,25.980418
11.296684,-10.987083,25.974977
13.509100,-9.099747,25.969848
15.774907,-6.799757,25.974265
18.105965,-4.020968,25.977120
19.451078,-0.607674,25.976021
20.060291,2.991171,25.976212
19.927855,6.950178,25.972902
18.628418,10.607471,25.974539
16.569237,14.010897,25.979101
14.766226,17.802296,23.373209
12.309762,21.873427,23.379834
9.058824,25.345791,23.368501
4.856639,28.315605,23.374813
-0.001147,29.249909,23.382080
-4.789708,28.551557,23.377378
-9.545208,27.400118,23.372944
-14.001968,25.708730,23.374863
-18.009665,23.154224,23.370387
-21.377400,19.963393,23.370987
-23.881538,16.281752,23.377957
-25.300377,11.882977,23.379114
-25.683280,7.567557,23.379677
-25.137798,3.448961,23.379392
-23.891043,-0.382978,23.375626
-22.382342,-3.619739,23.371020
-20.631903,-6.372790,23.371893
-18.815807,-8.760472,23.372848
-16.778387,-10.698811,23.374054
-14.265767,-11.996067,23.379165
-12.062335,-12.921335,23.380396
-10.053508,-13.887846,23.379246
-8.032529,-14.830244,23.378418
-6.011445,-15.341610,23.378293
-3.839059,-15.780755,23.380224
-1.759900,-16.280687,23.379916
0.532579,-15.872928,23.377358
2.447673,-14.912535,23.375780
6.073439,-16.802426,23.372626
8.996919,-16.196764,23.379098
11.761990,-14.689881,23.373198
14.587788,-13.039102,23.368050
17.214656,-10.658923,23.375617
19.810575,-7.751782,23.379370
22.238813,-4.413297,23.375803
23.346394,-0.371613,23.379184
23.506426,3.788238,23.374783
22.723515,8.068092,23.374211
20.446687,11.616235,23.371430
17.305581,14.667106,23.368103
14.946872,18.079665,20.781978
12.318486,21.941860,20.781678
9.009072,25.226630,20.773912
4.805489,28.100042,20.769870
0.032199,28.664984,20.777086
-4.743038,27.434600,20.778263
-9.180527,26.048150,20.770997
-13.339987,24.254665,20.778898
-16.971133,21.587954,20.777023
-19.969380,18.358291,20.775839
-22.136149,14.761510,20.776566
-23.219384,10.674158,20.769345
-23.553355,6.594854,20.776609
-23.043556,2.885366,20.776116
-21.943806,-0.578974,20.768600
-20.757092,-3.512101,20.771133
-19.388707,-6.009457,20.777185
-17.945579,-8.343455,20.780097
-16.199553,-10.390380,20.779314
-13.979386,-11.666393,20.778214
-11.838748,-12.805716,20.774164
-10.098114,-13.996385,20.772079
-8.217832,-15.244869,20.774663
-6.091906,-16.020613,20.777074
-3.952037,-16.685746,20.775246
-1.600628,-17.527173,20.778324
0.706415,-17.220410,20.777885
2.921114,-16.184967,20.769357
7.179029,-18.678592,20.779567
10.621976,-18.064255,20.774022
13.926332,-16.556505,20.774564
17.360442,-14.661008,20.777967
20.290988,-11.882884,20.775374
22.921174,-8.535486,20.771090
25.187197,-4.663127,20.772880
26.042280,-0.202645,20.775995
25.822208,4.309951,20.771859
24.540732,8.851974,20.775312
21.608731,12.336823,20.779320
17.903932,15.070145,20.780422
15.088894,18.287378,18.176741
12.327615,21.896335,18.180891
8.890526,25.079109,18.176081
4.852523,27.752539,18.176023
-0.061697,28.022583,18.177190
-4.751200,26.338286,18.178410
-8.982541,24.753760,18.179335
-12.804028,22.886734,18.173397
-16.132586,20.053461,18.168914
-18.751665,16.853944,18.172420
-20.595323,13.406640,18.176360
-21.420394,9.545067,18.175167
-21.716519,5.893053,18.180225
-21.257222,2.471432,18.177188
-20.326003,-0.591045,18.171795
-19.412284,-3.321719,18.175212
-18.275963,-5.779243,18.173426
-17.176034,-7.978641,18.173603
-15.738315,-10.085975,18.176373
-13.707598,-11.402039,18.171133
-11.800409,-12.661357,18.169264
-10.104090,-14.180054,18.175393
-8.346314,-15.610319,18.181636
-6.271441,-16.545948,18.176494
-4.026793,-17.404642,18.170228
-1.574793,-18.479225,18.175307
1.022946,-18.208720,18.177393
3.434496,-17.329058,18.170764
7.985728,-20.031799,18.180471
11.768214,-19.421936,18.177634
15.458890,-18.010944,18.176677
19.356600,-15.973942,18.173752
22.494403,-12.940407,18.175362
25.083748,-9.159999,18.174811
27.117472,-4.785079,18.172898
27.749771,-0.118321,18.177328
27.236151,4.700322,18.170942
25.699928,9.197107,18.171703
22.250081,12.839707,18.173134
18.227996,15.433964,18.172971
15.178851,18.411192,15.569728
12.338429,21.739710,15.568673
8.819161,24.803007,15.568109
4.718517,27.388810,15.572799
-0.146495,27.330811,15.573058
-4.563471,25.362945,15.572633
-8.709789,23.603386,15.577609
-12.314943,21.668461,15.578156
-15.335042,18.748205,15.573951
-17.604380,15.667640,15.573558
-19.288132,12.163608,15.576799
-19.890147,8.575603,15.576980
-20.169555,5.235018,15.574951
-19.726196,1.980118,15.575143
-18.921166,-0.795509,15.573586
-18.250454,-3.274875,15.569171
-17.335058,-5.652500,15.572852
-16.476099,-7.790711,15.579018
-15.398136,-9.760849,15.579459
-13.469477,-11.200494,15.572068
-11.708491,-12.637066,15.574702
-10.188191,-14.331566,15.576158
-8.529204,-15.865073,15.569025
-6.377492,-16.972471,15.570306
-4.032582,-17.971080,15.569236
-1.490259,-19.197732,15.574545
1.252067,-19.004818,15.575448
3.875004,-18.330747,15.569630
8.615552,-20.933674,15.580883
12.547441,-20.288702,15.575162
16.556064,-18.915778,15.570414
20.715039,-16.756288,15.575467
23.999143,-13.449189,15.579134
26.440742,-9.418011,15.574360
28.145520,-4.906377,15.570189
28.637507,0.057993,15.572837
27.949840,4.842224,15.573072
26.219318,9.414595,15.578815
22.725076,12.994465,15.579498
18.548075,15.588233,15.573667
15.210083,18.442230,12.976658
12.242766,21.579383,12.981000
8.668698,24.491831,12.974207
4.537664,26.937462,12.969996
-0.233166,26.585692,12.972545
-4.496290,24.402214,12.977411
-8.405518,22.605603,12.978797
-11.905236,20.578401,12.975859
-14.630209,17.650981,12.978493
-16.747023,14.511900,12.980650
-18.167767,11.270131,12.979669
-18.658338,7.706210,12.977243
-18.932145,4.706008,12.972905
-18.566658,1.782508,12.975847
-17.856712,-0.828093,12.979806
-17.363932,-3.167136,12.977162
-16.650207,-5.425434,12.979101
-15.934913,-7.586744,12.981027
-15.005990,-9.599987,12.978012
-13.299191,-11.038486,12.973445
-11.707044,-12.612962,12.969520
-10.351256,-14.411909,12.969132
-8.649232,-16.081217,12.972393
-6.424056,-17.307300,12.973928
-4.120758,-18.332768,12.972902
-1.500654,-19.638214,12.975437
1.372055,-19.617809,12.980599
4.196399,-19.149985,12.979905
8.839060,-21.394663,12.970004
12.865819,-20.732606,12.972364
16.963269,-19.311596,12.975546
21.184097,-17.064143,12.974281
24.399557,-13.764611,12.972570
26.800751,-9.601192,12.975915
28.414494,-4.955580,12.978132
28.833130,-0.043342,12.975085
28.040547,4.970208,12.979913
26.256313,9.454250,12.979607
22.705755,13.111240,12.974864
18.612275,15.712770,12.972633
15.175953,18.372547,10.377685
12.025528,21.395941,10.369470
8.430189,24.132020,10.369534
4.445204,26.343623,10.371109
-0.195871,25.845916,10.375527
-4.431284,23.501158,10.378961
-8.236221,21.689514,10.375517
-11.490495,19.699469,10.370135
-14.059038,16.746538,10.375024
-16.045807,13.616268,10.379017
-17.306085,10.547025,10.379213
-17.724095,7.197674,10.379670
-18.017504,4.263842,10.376700
-17.701011,1.542113,10.377718
-17.092788,-0.883624,10.379325
-16.699947,-3.190544,10.375839
-16.129548,-5.289036,10.373203
-15.518660,-7.429177,10.373468
-14.711048,-9.446110,10.374127
-13.134507,-10.963066,10.372470
-11.734783,-12.642892,10.377512
-10.436093,-14.601163,10.377761
-8.642051,-16.318998,10.370171
-6.471475,-17.534160,10.378874
-4.081177,-18.602496,10.380386
-1.384967,-19.899643,10.374337
1.451467,-20.017880,10.370265
4.441227,-19.782582,10.371387
8.978057,-21.504808,10.376552
12.896391,-20.739159,10.374899
16.802254,-19.085023,10.378950
20.715860,-16.777562,10.377930
23.799456,-13.501908,10.373547
26.249341,-9.471528,10.373875
28.041141,-4.862372,10.372992
28.422442,-0.040516,10.370489
27.661611,4.869651,10.380704
25.865082,9.387081,10.372268
22.576792,12.967376,10.370497
18.669596,15.640815,10.378371
15.066131,18.194182,7.768787
11.891193,20.999428,7.773308
8.213325,23.640639,7.780894
4.278880,25.659033,7.777218
-0.341096,24.954830,7.778566
-4.420998,22.641880,7.778642
-7.999820,20.965888,7.772491
-11.247906,18.910999,7.774695
-13.688544,15.991946,7.777016
-15.501402,13.054403,7.776823
-16.708205,10.062780,7.777128
-17.134864,6.814815,7.777899
-17.425003,4.113227,7.775135
-17.193820,1.458822,7.775468
-16.642594,-1.049833,7.776624
-16.312913,-3.153409,7.775085
-15.795163,-5.202690,7.778343
-15.237093,-7.283549,7.776735
-14.517901,-9.273834,7.769447
-13.104502,-10.857699,7.774053
-11.806601,-12.711738,7.778498
-10.547694,-14.770654,7.773446
-8.758427,-16.401431,7.769384
-6.531310,-17.654944,7.780266
-4.065527,-18.722886,7.783787
-1.430317,-19.883198,7.775124
1.475669,-20.203912,7.773971
4.574899,-20.184992,7.777950
8.838409,-21.287881,7.769458
12.588243,-20.366282,7.775542
15.799558,-18.280210,7.773154
19.128997,-15.831415,7.775389
21.967587,-12.716492,7.776348
24.730129,-9.046072,7.775908
27.085279,-4.756648,7.776979
27.487641,-0.044144,7.772436
26.867980,4.592812,7.769270
25.240654,9.013544,7.776083
22.121607,12.763419,7.777421
18.464506,15.532855,7.771634
14.865327,17.903075,5.174529
11.588730,20.587406,5.172891
7.953910,23.041751,5.178496
4.085723,24.850900,5.179725
-0.388005,24.045474,5.173443
-4.358725,21.883288,5.170508
-7.870634,20.361466,5.172155
-11.006937,18.363265,5.172092
-13.431772,15.578180,5.177660
-15.193984,12.754278,5.179137
-16.419668,9.721752,5.176114
-16.901518,6.729747,5.176086
-17.183643,3.983534,5.179358
-17.028734,1.397147,5.177818
-16.578117,-1.044284,5.175719
-16.176118,-3.204805,5.178002
-15.637411,-5.183029,5.175036
-15.077658,-7.183588,5.175062
-14.325854,-9.238186,5.179150
-13.057756,-10.860067,5.172340
-11.893123,-12.881113,5.172580
-10.626415,-14.981889,5.177797
-8.803236,-16.474196,5.174465
-6.510348,-17.720570,5.169913
-4.097538,-18.699218,5.175093
-1.507841,-19.663775,5.172760
1.447458,-20.171028,5.169192
4.598796,-20.346813,5.173001
8.431151,-20.796767,5.173297
11.972988,-19.658900,5.179170
14.208012,-16.891323,5.173621
16.609709,-14.236626,5.175470
19.081247,-11.491203,5.179745
22.321262,-8.450953,5.176386
25.539323,-4.715494,5.171750
26.100528,-0.119995,5.174410
25.674434,4.381409,5.176594
24.236996,8.695600,5.179616
21.495202,12.403227,5.180649
18.131799,15.292103,5.178550
14.447922,17.571944,2.573039
11.187456,20.075042,2.570848
7.707155,22.290763,2.576568
3.773956,23.921081,2.579627
-0.467950,23.050898,2.575040
-4.274848,21.218000,2.574483
-7.760131,19.933290,2.578253
-10.824003,18.029967,2.576972
-13.358322,15.468498,2.579225
-15.185986,12.675547,2.574923
-16.418080,9.722539,2.573608
-17.080288,6.725988,2.580089
-17.303047,3.934973,2.572269
-17.235310,1.400732,2.573872
-16.903995,-0.975219,2.578948
-16.331718,-3.169017,2.572210
-15.665763,-5.192068,2.568914
-15.008828,-7.229917,2.573871
-14.216028,-9.204075,2.578410
-13.097383,-10.860190,2.571655
-12.034621,-13.022593,2.571614
-10.718679,-15.136327,2.577576
-8.743461,-16.556762,2.579447
-6.486884,-17.702716,2.583029
-4.110790,-18.567093,2.575422
-1.423531,-19.363711,2.570895
1.448143,-19.960915,2.577299
4.621211,-20.272787,2.579221
8.114604,-20.117167,2.571179
11.187128,-18.792510,2.573719
12.792850,-15.608031,2.573185
14.532435,-12.918053,2.569909
16.754364,-10.423085,2.573096
20.081648,-7.902697,2.580290
23.730947,-4.467057,2.579749
24.469918,-0.287725,2.574147
24.288603,3.963956,2.568726
23.091449,8.203833,2.570555
20.743051,11.885108,2.574583
17.677746,14.902380,2.575961
14.010244,17.011128,-0.021464
10.783500,19.378273,-0.019453
7.340326,21.444648,-0.021060
3.593432,22.797408,-0.020505
-0.592337,21.968177,-0.020964
-4.294042,20.607102,-0.023677
-7.767741,19.647804,-0.026404
-10.783451,17.857810,-0.027863
-13.452115,15.735492,-0.027319
-15.464013,12.937345,-0.024096
-16.717934,10.044021,-0.022790
-17.648202,7.213824,-0.025678
-17.795042,4.258627,-0.028425
-17.832607,1.633421,-0.030281
-17.636987,-0.922805,-0.028290
-16.737099,-3.223511,-0.022607
-15.865651,-5.257149,-0.024665
-15.096835,-7.180697,-0.030059
-14.177031,-9.182859,-0.031496
-13.147097,-10.979891,-0.026387
-12.165395,-13.121489,-0.021791
-10.808640,-15.122496,-0.018376
-8.735135,-16.510142,-0.018912
-6.510211,-17.564449,-0.028235
-4.040618,-18.341210,-0.023662
-1.516066,-18.927893,-0.023571
1.275434,-19.570257,-0.029620
4.464560,-19.946564,-0.026239
7.561648,-19.377819,-0.023161
10.403142,-17.786095,-0.029870
11.594852,-14.536034,-0.022978
12.866606,-11.974323,-0.025127
14.905390,-9.608967,-0.027929
18.146985,-7.391034,-0.027278
21.779587,-4.311762,-0.025168
22.744319,-0.442593,-0.018897
22.782366,3.696264,-0.022666
21.827900,7.737881,-0.030247
19.814183,11.349989,-0.031518
17.098627,14.362375,-0.026899
13.423697,16.285321,-2.625855
10.242134,18.555203,-2.624703
6.942799,20.425097,-2.620827
3.251952,21.501478,-2.622994
-0.676684,20.842071,-2.628083
-4.294724,20.105695,-2.627416
-7.748411,19.587113,-2.624719
-10.868339,17.894981,-2.626720
-13.850904,16.300156,-2.624966
-16.005051,13.720253,-2.622691
-17.366739,10.610372,-2.624173
-18.711896,7.760046,-2.625725
-18.671712,4.527733,-2.620702
-18.822606,1.809068,-2.620829
-18.836428,-0.762867,-2.624646
-17.465049,-3.206498,-2.625044
-16.260526,-5.319223,-2.624799
-15.219784,-7.327954,-2.623109
-14.242745,-9.101070,-2.621708
-13.264061,-11.150130,-2.624102
-12.258495,-13.215935,-2.621380
-10.752608,-15.051500,-2.622008
-8.705887,-16.345782,-2.630280
-6.508879,-17.319029,-2.629306
-4.069459,-17.969324,-2.620557
-1.583837,-18.421445,-2.617224
1.146190,-19.037133,-2.621731
4.246708,-19.373872,-2.625278
7.063339,-18.504653,-2.624225
9.531770,-16.711722,-2.625307
10.519571,-13.751069,-2.627824
11.578771,-11.163202,-2.631217
13.347838,-9.014520,-2.625836
16.407340,-6.931150,-2.619283
19.720455,-4.173134,-2.623832
20.918614,-0.498393,-2.622042
21.168394,3.278146,-2.622628
20.492168,7.142072,-2.623264
18.798234,10.673405,-2.623852
16.293082,13.743009,-2.624773
12.579862,15.443000,-5.226232
9.678115,17.503626,-5.223701
6.427527,19.239856,-5.220349
2.809327,19.969844,-5.225851
-0.738000,19.679655,-5.222304
-4.197826,19.661959,-5.218372
-7.693929,19.622281,-5.223949
-10.935221,18.124205,-5.229526
-14.151504,16.889662,-5.229001
-16.639661,14.375048,-5.223086
-18.131249,11.249699,-5.221471
-19.700354,8.469066,-5.226170
-19.655309,5.000002,-5.225945
-19.768520,2.092021,-5.224513
-19.778578,-0.745424,-5.225638
-18.197363,-3.273343,-5.227840
-16.768037,-5.463203,-5.226520
-15.475356,-7.389279,-5.221171
-14.320878,-9.127760,-5.218021
-13.472540,-11.300799,-5.224308
-12.286179,-13.302148,-5.225936
-10.563173,-14.892988,-5.222374
-8.567424,-16.102467,-5.221696
-6.405051,-16.984578,-5.225607
-4.004692,-17.493364,-5.231176
-1.577510,-17.846772,-5.229910
1.089143,-18.374413,-5.226377
3.879160,-18.545666,-5.227909
6.522399,-17.479676,-5.228886
8.512942,-15.629863,-5.229051
9.590495,-12.913341,-5.222737
10.549887,-10.502113,-5.218958
12.127441,-8.478478,-5.224175
14.708413,-6.550889,-5.229320
17.587226,-3.957949,-5.223198
18.967374,-0.635215,-5.221282
19.414717,2.894684,-5.223494
19.002459,6.561293,-5.221767
17.581656,9.958190,-5.221902
15.327255,12.936165,-5.224676
11.665160,14.285938,-7.824013
8.921131,16.287470,-7.821362
5.776371,17.834750,-7.822525
2.411193,18.169863,-7.821942
-0.852161,18.386753,-7.825735
-4.118254,18.999431,-7.829393
-7.555335,19.132467,-7.825957
-10.815931,17.812558,-7.820634
-13.978636,16.627534,-7.827244
-16.520723,14.339809,-7.826123
-18.247659,11.272886,-7.820274
-19.792445,8.524841,-7.825741
-19.848785,5.102290,-7.824995
-19.912434,2.096580,-7.822270
-19.814915,-0.736212,-7.825341
-18.351411,-3.295370,-7.830612
-16.959035,-5.492359,-7.822914
-15.568096,-7.362727,-7.819366
-14.278124,-9.164215,-7.823635
-13.595509,-11.293354,-7.821813
-12.207230,-13.246808,-7.827437
-10.364806,-14.572338,-7.827433
-8.461045,-15.692545,-7.818039
-6.271979,-16.522345,-7.820056
-3.965445,-16.893374,-7.819045
-1.647738,-17.193200,-7.817101
0.901065,-17.541954,-7.822720
3.475587,-17.416411,-7.829802
5.818860,-16.354663,-7.829311
7.509379,-14.264413,-7.829912
8.720445,-12.123095,-7.827409
9.698573,-9.989355,-7.828475
11.135358,-8.035963,-7.825351
13.220434,-6.130178,-7.822154
15.295886,-3.754146,-7.825481
16.847899,-0.877284,-7.823924
17.503666,2.454645,-7.826162
17.372822,5.852765,-7.821206
16.177180,9.132613,-7.820493
14.154217,11.929967,-7.824182
10.453700,12.922871,-10.426805
7.928317,14.861063,-10.429128
5.139227,16.102040,-10.427825
1.852953,16.091034,-10.421779
-1.041421,16.889545,-10.421298
-4.079718,18.030372,-10.424639
-7.418432,18.060409,-10.424730
-10.381280,16.906804,-10.421630
-13.362660,15.656784,-10.425956
-15.835628,13.521458,-10.428968
-17.599434,10.783867,-10.425548
-19.079944,7.992205,-10.422376
-19.234466,4.770281,-10.425049
-19.271439,1.975537,-10.429280
-19.095236,-0.802190,-10.427264
-17.907090,-3.277571,-10.419909
-16.650187,-5.476507,-10.426666
-15.256125,-7.300105,-10.429323
-14.036644,-8.970749,-10.423474
-13.441148,-11.216777,-10.424167
-12.011352,-13.016659,-10.423547
-10.160773,-14.111869,-10.424723
-8.165694,-15.209015,-10.427831
-6.095424,-15.923802,-10.420591
-3.929819,-16.162547,-10.419035
-1.640034,-16.480631,-10.422968
0.604635,-16.590936,-10.424329
2.861863,-15.994377,-10.423273
5.053238,-15.029647,-10.425755
6.310861,-12.862172,-10.430299
7.886152,-11.337207,-10.421459
9.046351,-9.536826,-10.418815
10.279554,-7.746323,-10.422389
11.737125,-5.745282,-10.425736
12.778230,-3.574131,-10.427234
14.624055,-1.012297,-10.422735
15.407267,1.963895,-10.424452
15.533214,5.143875,-10.427046
14.564895,8.113077,-10.426905
12.671098,10.752003,-10.425758
8.994116,11.237568,-13.025240
6.812351,13.070553,-13.025288
4.165148,14.018568,-13.023191
1.319295,13.682045,-13.026768
-1.207144,15.108533,-13.028617
-4.022374,16.644912,-13.027748
-6.964232,16.512140,-13.025060
-9.775287,15.368211,-13.020823
-12.431768,14.060166,-13.020068
-14.654560,12.086989,-13.024806
-16.344695,9.624654,-13.027022
-17.600274,7.097926,-13.023218
-17.863129,4.209535,-13.024328
-17.922218,1.641643,-13.024018
-17.773679,-0.849212,-13.021661
-16.887702,-3.220999,-13.021917
-15.915190,-5.236395,-13.023337
-14.618631,-7.047777,-13.024142
-13.463329,-8.694992,-13.025768
-13.015098,-10.912677,-13.030110
-11.742744,-12.573559,-13.022709
-9.782862,-13.610046,-13.019678
-7.896462,-14.539461,-13.030501
-5.962395,-15.155709,-13.031489
-3.866946,-15.301893,-13.028035
-1.701936,-15.664504,-13.025806
0.436184,-15.522752,-13.024364
2.201030,-14.223200,-13.022500
4.122070,-13.509279,-13.021346
5.008273,-11.327148,-13.025205
6.939353,-10.534645,-13.029073
8.486001,-9.159752,-13.033139
9.627528,-7.454346,-13.028697
10.255267,-5.402353,-13.021628
10.176572,-3.302127,-13.025566
12.227492,-1.165758,-13.027496
13.082839,1.437939,-13.022977
13.464630,4.356238,-13.022291
12.631642,6.970785,-13.022592
10.929184,9.234128,-13.023172
7.226370,9.152936,-15.623969
5.460641,10.822284,-15.624202
3.131051,11.400273,-15.627566
0.603469,10.884493,-15.622892
-1.351951,12.959418,-15.626737
-3.829880,14.713770,-15.628320
-6.552222,14.413115,-15.626386
-8.958500,13.212793,-15.626227
-11.144434,11.958890,-15.622533
-13.031770,10.102330,-15.618902
-14.424392,7.972855,-15.622309
-15.454674,5.803960,-15.628826
-15.758252,3.337616,-15.626714
-15.905719,1.090406,-15.628845
-15.886029,-1.021478,-15.631243
-15.329131,-3.082156,-15.625192
-14.585910,-4.994269,-15.624614
-13.596074,-6.568113,-15.626721
-12.565242,-8.105693,-15.626931
-12.275792,-10.250639,-15.628214
-11.169692,-12.020021,-15.628875
-9.366204,-12.978874,-15.625082
-7.583760,-13.716402,-15.619310
-5.697028,-14.243294,-15.620146
-3.703010,-14.334949,-15.619919
-1.851769,-14.655522,-15.619881
0.138207,-14.521152,-15.624330
1.348811,-12.171132,-15.627382
2.971210,-11.635817,-15.627009
3.706906,-9.845626,-15.627316
5.494800,-9.326833,-15.621232
7.717072,-8.687233,-15.620689
8.737366,-7.051859,-15.623643
8.614380,-5.018379,-15.624241
7.585114,-3.125345,-15.624135
9.562560,-1.351525,-15.620299
10.486867,0.864456,-15.621326
11.072872,3.396891,-15.628391
10.280968,5.544436,-15.631070
8.778600,7.356003,-15.628981
4.998549,6.663078,-18.222381
3.692666,7.953460,-18.224946
1.611065,7.963630,-18.227305
-0.229444,7.604304,-18.223664
-1.564580,10.441635,-18.224432
-3.734052,12.210295,-18.225278
-5.896599,11.850414,-18.225600
-7.824890,10.513647,-18.226644
-9.648616,9.352590,-18.226689
-10.927546,7.603724,-18.223441
-11.885920,5.814667,-18.226066
-12.745440,4.056594,-18.230331
-12.962238,2.180761,-18.222246
-13.277800,0.456971,-18.221339
-13.547570,-1.230259,-18.226576
-13.225060,-2.935104,-18.226354
-12.735746,-4.527827,-18.224651
-11.975115,-5.994826,-18.225606
-11.158925,-7.335724,-18.227973
-11.088409,-9.226710,-18.224995
-10.438904,-11.184201,-18.221847
-8.948133,-12.189911,-18.221634
-7.135908,-12.727518,-18.220036
-5.424064,-13.079070,-18.219709
-3.664636,-13.179214,-18.225947
-1.923567,-13.384636,-18.229893
-0.108203,-13.313299,-18.224999
0.357757,-9.807164,-18.227363
1.544409,-9.273202,-18.226708
2.392540,-8.279228,-18.223380
2.910367,-7.062985,-18.222016
6.513809,-7.931287,-18.222406
7.327364,-6.486379,-18.223455
6.503850,-4.483459,-18.233411
5.003119,-2.872330,-18.226025
6.553799,-1.586048,-18.222156
7.514051,0.147684,-18.224396
8.199268,2.219256,-18.223514
7.322293,3.771373,-18.224055
6.019850,5.138271,-18.224192
2.218327,3.438453,-20.822789
1.157165,3.952104,-20.825581
-0.397606,3.147447,-20.824480
-1.105446,4.118661,-20.825097
-1.861074,7.259473,-20.826676
-3.476696,9.205561,-20.822757
-5.174994,8.519471,-20.818172
-6.525979,7.241152,-20.821837
-7.821269,6.391290,-20.829338
-8.221232,4.433223,-20.828338
-8.836702,3.121073,-20.828994
-9.427105,2.005656,-20.829359
-9.456799,0.685145,-20.825652
-10.035911,-0.371588,-20.827639
-10.789465,-1.469216,-20.831109
-10.610959,-2.758898,-20.827693
-10.259604,-3.984384,-20.827237
-9.789337,-5.106317,-20.827427
-9.165918,-6.116960,-20.823203
-9.228373,-7.716781,-20.821278
-9.345615,-9.854498,-20.825137
-8.199527,-11.049050,-20.825072
-6.509897,-11.298118,-20.821801
-4.980357,-11.376151,-20.824207
-3.525613,-11.519283,-20.826753
-2.058821,-11.638363,-20.825003
-0.534378,-11.466933,-20.822725
-0.701077,-7.087298,-20.816652
-0.241076,-6.268931,-20.819727
0.654528,-6.220581,-20.824445
0.825765,-5.251601,-20.827304
4.491300,-6.706343,-20.825364
5.066726,-5.492450,-20.828679
3.127925,-3.653390,-20.821817
2.212629,-2.628929,-20.824275
3.207288,-1.794897,-20.825203
4.090077,-0.645897,-20.824208
4.345091,0.627825,-20.827101
3.347055,1.463051,-20.828521
2.684037,2.306272,-20.826233
-1.064405,-2.494995,-23.424976
