13.465545,25.716539,40.005184
9.472219,28.174107,40.005184
4.860919,30.078911,40.005184
-0.053313,31.046114,40.005184
-5.020564,30.615860,40.005184
-9.534094,28.452007,40.005184
-13.228141,25.088874,40.005184
-16.110006,21.198672,40.005184
-18.259454,17.375915,40.005185
-19.940143,13.490404,40.005185
-21.104275,9.735009,40.005186
-21.800741,6.173055,40.005186
-22.098453,2.555868,40.005186
-21.981764,-0.920631,40.005186
-21.445649,-4.357284,40.005186
-20.460230,-7.693685,40.005186
-19.073443,-10.719369,40.005186
-17.150131,-13.617667,40.005186
-14.885210,-16.056506,40.005186
-12.265528,-18.109329,40.005185
-9.352437,-19.719112,40.005184
-6.206087,-20.805339,40.005183
-3.060177,-21.258351,40.005183
0.261453,-21.034825,40.005183
3.314105,-20.154523,40.005183
6.043160,-18.847868,40.005183
8.582131,-17.205232,40.005183
10.822802,-15.406892,40.005183
12.796533,-13.533216,40.005184
14.726093,-11.405246,40.005184
16.495857,-9.142531,40.005185
18.173716,-6.626983,40.005185
19.705548,-3.845961,40.005185
21.019963,-0.790133,40.005185
22.060670,2.686688,40.005185
22.647674,6.575054,40.005185
22.577278,10.657808,40.005185
21.613753,14.951734,40.005185
19.740759,18.970354,40.005186
16.867754,22.450874,35.799153
13.432654,25.693693,35.806212
9.423061,28.186168,35.803091
4.875394,29.970214,35.802833
-0.089598,30.875067,35.805348
-4.959729,30.555985,35.802947
-9.678786,28.766797,35.803417
-13.661311,25.939527,35.807218
-17.026338,22.399865,35.805128
-19.626600,18.648905,35.808520
-21.678619,14.746106,35.811470
-23.212748,10.951430,35.797762
-24.242665,6.988971,35.801548
-24.632909,2.913499,35.799934
-24.355899,-1.014199,35.798200
-23.516757,-4.699062,35.808222
-22.184838,-8.234011,35.801144
-20.491860,-11.441033,35.799553
-18.315515,-14.329548,35.797835
-15.681553,-16.818316,35.796084
-12.919901,-18.905812,35.808971
-9.846495,-20.832506,35.807839
-6.628184,-22.093307,35.798313
-3.195603,-22.617381,35.799920
0.264795,-22.458683,35.809242
3.484394,-21.701045,35.804134
6.544249,-20.450274,35.804081
9.410744,-18.795151,35.809718
11.873752,-16.840910,35.814112
14.091241,-14.603221,35.811900
16.138472,-12.422508,35.799081
18.045113,-9.921030,35.795105
19.750012,-7.084981,35.795937
21.118332,-4.078628,35.799934
22.139799,-0.767705,35.803243
22.791735,2.793504,35.795834
22.993101,6.723506,35.800208
22.623643,10.802485,35.809763
21.492973,14.903396,35.810288
19.596577,18.741692,35.802488
16.830138,22.403659,31.609497
13.452817,25.726572,31.602364
9.425333,28.210735,31.602071
4.820112,29.911731,31.599972
-0.014802,30.725684,31.597147
-5.072282,30.457427,31.603016
-9.757139,29.000553,31.611602
-14.004839,26.552540,31.608152
-17.710824,23.340280,31.600601
-20.698149,19.667549,31.602281
-23.049294,15.741354,31.605762
-24.878790,11.728717,31.597506
-26.077688,7.482909,31.597278
-26.477353,3.254146,31.602874
-26.112333,-0.980270,31.608139
-25.104512,-4.937984,31.608992
-23.536830,-8.706204,31.600990
-21.604205,-12.126546,31.595865
-19.252298,-15.045425,31.604901
-16.446270,-17.549981,31.612308
-13.455249,-19.818665,31.600269
-10.463563,-21.825637,31.609372
-7.011742,-23.273982,31.608605
-3.453339,-23.860456,31.595694
0.301087,-23.774023,31.599252
3.824370,-23.062696,31.611874
7.049128,-21.895887,31.604056
10.093390,-20.303437,31.606382
12.827905,-18.243572,31.611618
15.248737,-15.809370,31.600459
17.464237,-13.408881,31.608399
19.486728,-10.643515,31.605054
21.157538,-7.642934,31.596921
22.465222,-4.300360,31.602634
23.265362,-0.794803,31.608976
23.634156,2.942972,31.599913
23.521211,6.860084,31.608448
22.896509,10.899303,31.606217
21.580121,14.931467,31.601469
19.576125,18.696626,31.606765
16.862417,22.460200,27.405867
13.505962,25.778700,27.398202
9.471235,28.211387,27.409019
4.845356,29.825465,27.411438
0.017462,30.575151,27.406422
-5.035622,30.355935,27.405182
-9.769950,29.129935,27.397840
-14.169953,26.999079,27.398337
-18.225925,23.973750,27.397351
-21.419578,20.503657,27.397768
-24.014706,16.558151,27.402863
-26.058077,12.304552,27.403583
-27.310500,7.928438,27.406540
-27.718681,3.395787,27.405553
-27.313743,-0.970555,27.401160
-26.198986,-5.208007,27.402597
-24.537736,-9.077148,27.411036
-22.517557,-12.591061,27.411729
-19.967372,-15.717854,27.406997
-17.074986,-18.304560,27.407418
-14.152260,-20.580481,27.410865
-10.951463,-22.784511,27.399825
-7.401347,-24.301570,27.400192
-3.567730,-24.961460,27.403244
0.305966,-24.939719,27.396734
3.961704,-24.317999,27.407356
7.487870,-23.175900,27.404223
10.827542,-21.553875,27.406782
13.709162,-19.510289,27.411101
16.371980,-16.925705,27.401856
18.725356,-14.283371,27.403439
20.840560,-11.242590,27.409874
22.477766,-8.100671,27.403215
23.741000,-4.440877,27.402676
24.377341,-0.785878,27.413838
24.528581,3.086289,27.407600
24.163327,7.112533,27.401979
23.320866,11.072609,27.408693
21.839822,15.007306,27.416209
19.649106,18.814929,27.414691
16.941429,22.586665,23.207032
13.573318,25.814719,23.205306
9.391154,28.226508,23.201300
4.778968,29.723313,23.203444
-0.007484,30.392362,23.206626
-5.015003,30.190976,23.202722
-9.735605,29.131067,23.198257
-14.344688,27.167405,23.205783
-18.511815,24.380344,23.206233
-21.943815,20.975233,23.201637
-24.708678,17.002007,23.200668
-26.802089,12.641317,23.198052
-28.046351,8.144617,23.202112
-28.435199,3.496690,23.203990
-28.019414,-0.978064,23.201605
-26.902011,-5.327515,23.202193
-25.231214,-9.307032,23.206754
-23.184115,-12.920017,23.210119
-20.616383,-16.163804,23.213007
-17.724140,-18.892451,23.209466
-14.643574,-21.396575,23.197791
-11.346472,-23.627468,23.204320
-7.693663,-25.160722,23.211105
-3.774895,-25.875964,23.208721
0.195991,-25.926712,23.207836
4.128221,-25.359808,23.212222
7.773126,-24.287596,23.210259
11.395348,-22.648408,23.201748
14.558332,-20.549541,23.204002
17.350514,-17.968378,23.212268
19.824037,-15.084719,23.200484
21.945624,-11.933695,23.204691
23.711174,-8.373434,23.212163
24.855104,-4.751648,23.206772
25.431406,-0.819542,23.199187
25.422314,3.325008,23.204225
24.883189,7.259338,23.211917
23.842579,11.276225,23.206400
22.162187,15.243225,23.199847
19.781831,19.061752,23.202959
17.037121,22.738143,19.011477
13.498713,25.902279,19.011263
9.328854,28.156267,19.009625
4.776658,29.539057,19.003860
-0.103571,30.148906,18.998766
-4.848916,29.960529,18.999684
-9.674990,28.989281,19.000684
-14.425656,27.138062,18.996657
-18.612467,24.543843,19.004998
-22.219944,21.193633,19.008034
-25.093250,17.193346,19.001307
-27.095876,12.888252,19.010836
-28.316872,8.298208,19.006949
-28.701999,3.568416,19.005923
-28.302190,-0.987503,19.007760
-27.218992,-5.427386,19.002095
-25.657780,-9.345542,19.006559
-23.638177,-13.054827,19.004138
-21.122318,-16.434975,19.004840
-18.167070,-19.449043,19.010737
-15.079639,-22.056953,19.004889
-11.695346,-24.279639,19.000329
-7.791841,-25.862962,19.001240
-3.809910,-26.603277,19.008174
0.231531,-26.696304,19.013954
4.242977,-26.190312,19.008030
8.142682,-25.122098,19.006620
11.853961,-23.518568,19.009807
15.146173,-21.486080,19.010405
18.200397,-18.837932,19.009143
20.777845,-15.723664,19.011169
22.988583,-12.336974,19.007980
24.736915,-8.692573,19.001927
25.882043,-4.815209,19.005956
26.386395,-0.802545,19.015292
26.277307,3.414587,19.013994
25.573235,7.572914,19.013614
24.352229,11.614708,19.006748
22.483547,15.583820,19.002361
20.034564,19.244275,19.006579
17.114111,22.861843,14.811133
13.548463,25.797948,14.809439
9.281012,27.974276,14.801047
4.659757,29.286523,14.808668
-0.103480,29.814773,14.809474
-4.896506,29.601126,14.796782
-9.605671,28.693260,14.805027
-14.275505,26.979385,14.805787
-18.564546,24.459824,14.808630
-22.163742,21.282018,14.809707
-25.116322,17.279352,14.803851
-27.056501,12.891488,14.804751
-28.221786,8.234132,14.804145
-28.592385,3.455956,14.805551
-28.233407,-0.972769,14.802722
-27.264126,-5.305794,14.796361
-25.718033,-9.467731,14.807550
-23.736073,-13.242634,14.811559
-21.404117,-16.595495,14.803832
-18.562047,-19.773078,14.798668
-15.488109,-22.463403,14.803657
-11.889490,-24.754199,14.798753
-7.926630,-26.319405,14.795755
-3.912985,-27.100289,14.802996
0.169718,-27.245640,14.811314
4.405415,-26.769324,14.808566
8.361527,-25.746062,14.799915
12.134469,-24.188255,14.798644
15.671927,-22.132137,14.805914
18.953165,-19.418979,14.809369
21.524549,-16.243862,14.802742
23.738342,-12.806483,14.803764
25.562658,-8.957854,14.805862
26.702058,-5.033002,14.802712
27.213133,-0.800924,14.799744
27.048874,3.458896,14.800385
26.216576,7.819468,14.797733
24.854447,11.860593,14.807510
22.840639,15.814861,14.816748
20.261830,19.444550,14.814943
17.134260,22.901148,10.608665
13.421622,25.669535,10.608597
9.243167,27.660195,10.601738
4.768749,28.874738,10.608208
-0.012573,29.369235,10.612041
-4.817224,29.136102,10.600199
-9.540080,28.231030,10.598467
-14.069161,26.608457,10.597319
-18.249095,24.233386,10.595568
-22.043484,20.980423,10.602661
-24.900658,17.115978,10.614517
-26.734229,12.667534,10.612638
-27.826963,7.977088,10.601077
-28.180288,3.543027,10.604705
-27.858147,-1.078987,10.609480
-26.995783,-5.265479,10.597345
-25.613309,-9.311123,10.594912
-23.716051,-13.138576,10.606433
-21.399899,-16.734838,10.616175
-18.802461,-19.900045,10.612498
-15.610972,-22.745748,10.603512
-11.973582,-24.995662,10.608250
-7.990618,-26.547657,10.605925
-3.973614,-27.361230,10.604181
0.297216,-27.546456,10.612153
4.372405,-27.130022,10.608921
8.525132,-26.110143,10.607510
12.324586,-24.592424,10.600756
16.070707,-22.512723,10.596081
19.414288,-19.862602,10.604218
21.999453,-16.683081,10.610488
24.313677,-13.083098,10.612761
26.143886,-9.225453,10.611083
27.341820,-5.119323,10.604297
27.864102,-0.698025,10.601216
27.660551,3.572564,10.607837
26.763514,7.933706,10.602979
25.233567,12.115144,10.605623
23.098529,16.026303,10.610506
20.412161,19.598089,10.609700
17.061382,22.802742,6.401863
13.246806,25.386820,6.401686
9.036199,27.256136,6.411937
4.566799,28.384421,6.411770
-0.021619,28.796108,6.401824
-4.623010,28.546243,6.396437
-9.320437,27.639127,6.399129
-13.828477,26.028593,6.408065
-17.985045,23.667862,6.408282
-21.644496,20.559496,6.400134
-24.474052,16.711561,6.399486
-26.130679,12.408269,6.410541
-27.147924,7.904821,6.408205
-27.536066,3.321163,6.408033
-27.292434,-0.927651,6.407894
-26.485113,-5.283040,6.398587
-25.255434,-9.170776,6.400075
-23.445013,-13.012538,6.402988
-21.258349,-16.669286,6.404795
-18.789959,-19.905125,6.406699
-15.617508,-22.742329,6.405006
-11.989934,-24.969286,6.397824
-8.032822,-26.525243,6.398244
-3.867168,-27.391997,6.405689
0.203631,-27.601868,6.408122
4.438024,-27.208861,6.402691
8.577745,-26.226199,6.401402
12.371473,-24.752252,6.407323
16.131511,-22.742084,6.409881
19.523852,-20.189219,6.405126
22.364918,-16.789021,6.404084
24.672946,-13.211276,6.396890
26.499723,-9.375847,6.398927
27.755605,-5.124493,6.403540
28.287031,-0.727003,6.402028
28.062010,3.698428,6.403719
27.116499,8.027124,6.400937
25.508708,12.153220,6.402132
23.199735,16.151009,6.404866
20.433409,19.638225,6.404447
16.866476,22.524438,2.213553
13.009714,24.931029,2.205504
8.979638,26.625729,2.201178
4.562728,27.703452,2.208575
0.032217,28.078241,2.211432
-4.505458,27.797330,2.206085
-9.132333,26.862673,2.212380
-13.407806,25.308526,2.210869
-17.356640,23.069184,2.206207
-20.992445,20.026191,2.203497
-23.791271,16.239827,2.204204
-25.354751,11.966349,2.207599
-26.333612,7.516775,2.204005
-26.725925,3.171571,2.200062
-26.534762,-1.023241,2.205283
-25.842050,-5.161446,2.212735
-24.706312,-9.021697,2.204553
-22.980505,-12.837562,2.200362
-21.005674,-16.354199,2.200398
-18.553444,-19.746109,2.202557
-15.405078,-22.527879,2.212552
-11.825855,-24.729377,2.215718
-7.930961,-26.280992,2.210935
-3.823493,-27.156341,2.209265
0.190949,-27.393328,2.210340
4.371808,-27.037437,2.200592
8.464231,-26.102010,2.195189
12.382129,-24.614140,2.204672
16.105226,-22.658287,2.209867
19.614652,-20.065110,2.202314
22.367711,-16.895656,2.205144
24.768222,-13.237805,2.201031
26.644529,-9.293979,2.198139
27.889070,-5.101126,2.207712
28.427510,-0.763726,2.212465
28.187050,3.776885,2.199428
27.208597,8.038521,2.207515
25.469905,12.234892,2.212628
23.195392,15.984093,2.213197
20.283252,19.507256,2.215447
16.526261,22.032729,-1.995226
12.694380,24.286061,-1.989635
8.725050,25.875245,-1.988590
4.394641,26.874961,-1.998356
-0.040072,27.194240,-1.996182
-4.472942,26.869275,-1.987843
-8.817899,25.930979,-2.000191
-12.985457,24.373736,-1.987484
-16.820446,22.143284,-1.993122
-20.234595,19.260309,-2.004042
-22.887471,15.710093,-1.995848
-24.415267,11.531775,-1.994689
-25.366929,7.353752,-1.999016
-25.818703,3.112443,-1.993853
-25.696024,-0.991642,-1.991817
-25.077613,-5.047672,-2.004062
-24.022440,-8.838610,-2.005034
-22.457083,-12.435729,-1.991556
-20.498550,-16.058358,-1.992496
-18.128464,-19.390063,-2.002062
-15.165020,-21.983647,-1.988188
-11.685488,-24.175053,-1.991234
-7.900991,-25.742913,-1.995218
-3.891691,-26.639671,-1.992373
0.201531,-26.916922,-1.991370
4.291871,-26.593114,-1.988779
8.298245,-25.701167,-1.997605
12.141634,-24.274360,-2.002804
15.938325,-22.298182,-1.994250
19.264404,-19.901695,-1.986585
22.171900,-16.767444,-1.991131
24.560448,-13.219661,-1.986488
26.466742,-9.206384,-1.996840
27.678672,-5.105450,-2.000135
28.217937,-0.693617,-1.986779
27.959172,3.745392,-1.989482
26.912890,8.067246,-1.989753
25.213990,11.984895,-1.987928
22.838418,15.762286,-1.989793
19.929042,19.158433,-1.994542
16.029036,21.311173,-6.201371
12.283314,23.435372,-6.203114
8.419688,24.926874,-6.205342
4.216771,25.860587,-6.195829
-0.081121,26.132515,-6.192131
-4.207378,25.789853,-6.200545
-8.407546,24.841917,-6.197534
-12.427931,23.289831,-6.189766
-15.982654,21.183142,-6.196443
-19.288187,18.390380,-6.199341
-21.883156,14.971071,-6.187833
-23.416839,10.942876,-6.187660
-24.401555,6.912130,-6.194054
-24.878580,2.974016,-6.201153
-24.815993,-1.002978,-6.204263
-24.258856,-4.938232,-6.201082
-23.259384,-8.616701,-6.195018
-21.758350,-12.107837,-6.187236
-19.861935,-15.618452,-6.188643
-17.658130,-18.709325,-6.195027
-14.661213,-21.326133,-6.191298
-11.304280,-23.472476,-6.192364
-7.650781,-25.015890,-6.191519
-3.768513,-25.897630,-6.186542
0.194784,-26.185835,-6.185478
4.158618,-25.891590,-6.191388
8.043589,-25.048539,-6.198495
11.930335,-23.626851,-6.200297
15.459937,-21.794486,-6.197596
18.837080,-19.401014,-6.197503
21.750880,-16.457753,-6.200780
24.189927,-12.908870,-6.191663
25.940515,-9.155823,-6.187854
27.120887,-5.013995,-6.193690
27.600695,-0.734705,-6.196554
27.329488,3.563878,-6.193486
26.300755,7.746885,-6.195970
24.561811,11.681324,-6.196667
22.221450,15.316584,-6.196768
19.363871,18.573689,-6.199059
15.376622,20.362533,-10.386170
11.770247,22.377203,-10.397275
8.054013,23.782600,-10.392949
4.015136,24.646950,-10.392245
0.048642,24.879043,-10.392448
-4.065150,24.507888,-10.388192
-7.928033,23.581579,-10.394239
-11.765974,22.045558,-10.404731
-15.156546,19.988594,-10.397598
-18.307556,17.292174,-10.390157
-20.735177,14.160490,-10.395968
-22.361108,10.359085,-10.396686
-23.401643,6.683253,-10.395313
-23.975317,2.759335,-10.397180
-23.961744,-1.056508,-10.400633
-23.463958,-4.676950,-10.402845
-22.451495,-8.355436,-10.403533
-20.997206,-11.700867,-10.393413
-19.121694,-15.034390,-10.393343
-16.828186,-18.067476,-10.405689
-14.062250,-20.460586,-10.401610
-10.862462,-22.551444,-10.389714
-7.369429,-24.059274,-10.383838
-3.647124,-24.917412,-10.391559
0.312767,-25.210678,-10.405171
4.115806,-24.929994,-10.403206
7.843691,-24.127624,-10.389541
11.432526,-22.837434,-10.387688
14.956557,-21.008038,-10.399189
18.207421,-18.722898,-10.403917
21.097230,-15.995395,-10.398034
23.476324,-12.620616,-10.399929
25.171499,-8.849510,-10.391005
26.204997,-4.850340,-10.391482
26.578868,-0.735412,-10.400551
26.277206,3.385142,-10.387336
25.275274,7.394021,-10.391671
23.611187,11.171469,-10.391680
21.362052,14.654393,-10.384365
18.598749,17.760279,-10.380586
14.574646,19.195666,-14.591357
11.152762,21.110831,-14.591797
7.618454,22.425952,-14.600464
3.778556,23.222826,-14.605197
0.012121,23.420541,-14.596666
-3.740569,23.054651,-14.587579
-7.542774,22.093579,-14.591247
-11.028492,20.648465,-14.587596
-14.226288,18.658858,-14.583079
-17.086410,16.186953,-14.590696
-19.467615,13.269657,-14.604030
-21.192590,9.914364,-14.602388
-22.416574,6.342435,-14.589909
-23.075571,2.633221,-14.591011
-23.117755,-0.989088,-14.594342
-22.609309,-4.573637,-14.588453
-21.586169,-8.047094,-14.597703
-20.091467,-11.341280,-14.599850
-18.288246,-14.311327,-14.593640
-16.006588,-17.116203,-14.588073
-13.268080,-19.484621,-14.587824
-10.239186,-21.479190,-14.600449
-6.921966,-22.910676,-14.607240
-3.388501,-23.725118,-14.603735
0.219218,-24.010523,-14.596503
3.831671,-23.773892,-14.585280
7.374761,-23.035333,-14.588944
10.932662,-21.780088,-14.598631
14.276165,-20.045583,-14.596145
17.374079,-17.890392,-14.590673
20.196139,-15.386486,-14.601199
22.495969,-12.213578,-14.594453
24.088459,-8.460786,-14.593460
24.928423,-4.630044,-14.601398
25.166464,-0.715089,-14.598436
24.817903,3.191058,-14.590866
23.855392,6.993185,-14.598406
22.297780,10.590188,-14.597579
20.171573,13.899259,-14.592476
17.639649,16.725977,-14.591665
13.632361,17.823351,-18.796543
10.430667,19.630366,-18.801345
7.116419,20.861236,-18.799077
3.513336,21.596222,-18.794323
-0.019102,21.756565,-18.793182
-3.533006,21.370265,-18.798495
-6.949771,20.460247,-18.803586
-10.204105,19.073273,-18.792386
-13.181354,17.172166,-18.792430
-15.845823,14.843082,-18.798749
-18.078310,12.287636,-18.794572
-19.970197,9.299601,-18.787084
-21.322964,6.031616,-18.796544
-22.067979,2.573679,-18.797664
-22.164363,-0.961453,-18.790191
-21.624595,-4.456771,-18.790160
-20.587450,-7.688213,-18.786368
-19.131650,-10.757597,-18.786062
-17.246069,-13.576628,-18.794512
-14.957347,-16.084762,-18.803079
-12.384417,-18.296610,-18.800231
-9.560329,-20.187550,-18.796802
-6.453630,-21.540618,-18.789066
-3.141128,-22.304784,-18.786369
0.241559,-22.571555,-18.795403
3.628872,-22.355066,-18.797189
6.953409,-21.677363,-18.791807
10.297753,-20.520802,-18.790983
13.430480,-18.895048,-18.799849
16.340173,-16.880091,-18.803957
19.152311,-14.508535,-18.790423
21.308520,-11.533732,-18.792858
22.653649,-8.105700,-18.798117
23.298642,-4.485098,-18.797299
23.397380,-0.809546,-18.797079
23.013905,2.846779,-18.795658
22.129409,6.415577,-18.787218
20.720307,9.810263,-18.788563
18.846727,12.819271,-18.792948
16.393470,15.589848,-18.794018
12.437923,16.314570,-22.996220
9.605620,17.932979,-22.992365
6.546279,19.064890,-23.002335
3.218162,19.732061,-23.001170
-0.041682,19.860172,-22.999634
-3.152600,19.493293,-23.002626
-6.298147,18.626259,-22.998371
-9.282639,17.305420,-23.004209
-11.909853,15.601377,-22.994866
-14.371284,13.462209,-22.989040
-16.620565,11.095324,-22.999547
-18.631705,8.526309,-23.001761
-20.069004,5.599025,-22.997364
-20.872467,2.294853,-22.997668
-20.974748,-0.966323,-23.000188
-20.435431,-4.186254,-22.997086
-19.363030,-7.265298,-22.992516
-17.899407,-10.191998,-22.993270
-16.037121,-12.696527,-22.998110
-13.779411,-14.876063,-23.002952
-11.391996,-16.900371,-23.004267
-8.797900,-18.661469,-22.997569
-5.933726,-19.917593,-22.991047
-2.876933,-20.622668,-22.992816
0.244176,-20.874908,-22.997593
3.370963,-20.688341,-22.993199
6.440620,-20.074967,-22.994582
9.535232,-19.028156,-22.989722
12.430740,-17.539896,-22.988429
15.116667,-15.681173,-22.999523
17.748283,-13.535680,-22.991886
19.755310,-10.802443,-22.998696
20.944507,-7.481567,-22.997880
21.365196,-4.112345,-22.993165
21.307441,-0.720288,-22.996452
20.896411,2.515518,-22.993975
20.115340,5.682575,-22.994467
18.879921,8.842311,-22.990282
17.209431,11.652180,-22.989817
15.068625,14.143431,-22.995378
11.197831,14.484210,-27.198479
8.656799,15.973253,-27.195478
5.785485,17.038901,-27.195701
2.894029,17.607359,-27.189193
0.068286,17.708630,-27.191679
-2.853845,17.337182,-27.195752
-5.681039,16.509690,-27.186814
-8.248719,15.322878,-27.194931
-10.598259,13.750803,-27.191154
-12.733612,11.900744,-27.189704
-14.886956,9.885629,-27.196701
-17.040394,7.707610,-27.193597
-18.531436,5.038393,-27.201438
-19.308973,2.059189,-27.197538
-19.409852,-0.999917,-27.185818
-18.845803,-4.013533,-27.189370
-17.802418,-6.763826,-27.201447
-16.443086,-9.396496,-27.193729
-14.598252,-11.665065,-27.187668
-12.425041,-13.489823,-27.196069
-10.245122,-15.287593,-27.195484
-7.906895,-16.881629,-27.197444
-5.321417,-18.017580,-27.197463
-2.561611,-18.652338,-27.197605
0.255961,-18.882505,-27.200082
3.079468,-18.725364,-27.191863
5.852989,-18.183738,-27.196885
8.541312,-17.294848,-27.205528
11.171357,-15.980856,-27.202466
13.699737,-14.247001,-27.192135
16.076339,-12.311487,-27.185923
17.891123,-9.841658,-27.189463
18.883135,-6.820523,-27.192460
19.125299,-3.761083,-27.197420
18.972709,-0.821286,-27.201289
18.546493,2.092379,-27.193554
17.829122,4.948315,-27.193463
16.789149,7.703315,-27.197385
15.334594,10.272239,-27.200190
13.447701,12.561021,-27.200700
9.676924,12.421342,-31.388755
7.468313,13.734828,-31.394049
5.061799,14.636429,-31.392334
2.538676,15.125713,-31.399049
0.071868,15.197757,-31.404459
-2.472522,14.844636,-31.399072
-4.830060,14.114551,-31.391091
-7.056570,13.049447,-31.390837
-9.078384,11.639912,-31.396407
-10.955912,10.041286,-31.399159
-12.885471,8.497034,-31.396860
-15.054434,6.765137,-31.395671
-16.498479,4.408842,-31.400684
-17.182501,1.800403,-31.397571
-17.257624,-0.968391,-31.393253
-16.749063,-3.595175,-31.396118
-15.789460,-6.083630,-31.392018
-14.540884,-8.472113,-31.394921
-12.868189,-10.386639,-31.394848
-10.788578,-11.917368,-31.391346
-8.923476,-13.366864,-31.400955
-6.884511,-14.759739,-31.399649
-4.636351,-15.764260,-31.392444
-2.228187,-16.319627,-31.390278
0.229356,-16.525496,-31.391853
2.692669,-16.395291,-31.397369
5.116845,-15.943667,-31.402178
7.469802,-15.194678,-31.403107
9.778683,-14.074378,-31.398924
11.982282,-12.560174,-31.393278
14.015510,-10.825070,-31.395712
15.603805,-8.667961,-31.398813
16.433795,-6.135225,-31.394128
16.599141,-3.355860,-31.389786
16.401763,-0.796651,-31.394092
15.961854,1.734610,-31.397075
15.324813,4.117290,-31.392105
14.409094,6.516454,-31.393459
13.211847,8.682609,-31.393663
11.608323,10.713464,-31.388840
7.895076,9.905927,-35.597104
6.103854,11.013738,-35.597186
4.137069,11.767804,-35.588411
2.152223,12.153038,-35.594684
0.044943,12.200848,-35.594209
-1.949847,11.883886,-35.592335
-3.866165,11.232871,-35.601269
-5.668557,10.315709,-35.600659
-7.231273,9.173944,-35.598220
-8.810033,7.914181,-35.597858
-10.516852,6.811675,-35.600623
-12.558143,5.476371,-35.602591
-13.721373,3.536154,-35.593469
-14.215570,1.287081,-35.595238
-14.216034,-0.981399,-35.598591
-13.806510,-3.134564,-35.593637
-13.041188,-5.179843,-35.599383
-12.061893,-7.168176,-35.599346
-10.647834,-8.797577,-35.593112
-8.878133,-9.967374,-35.593611
-7.220396,-11.122372,-35.601555
-5.602066,-12.192282,-35.599378
-3.763850,-13.020879,-35.595985
-1.786759,-13.464386,-35.600184
0.143122,-13.630903,-35.601493
2.163026,-13.555262,-35.594616
4.157018,-13.224123,-35.592393
6.174741,-12.618584,-35.592868
8.085192,-11.733778,-35.591778
9.890681,-10.493225,-35.596994
11.416848,-9.045370,-35.598793
12.779292,-7.209746,-35.597716
13.495681,-5.155373,-35.591878
13.625841,-2.957106,-35.588930
13.433087,-0.778863,-35.591030
13.041120,1.204458,-35.588026
12.438735,3.221939,-35.588053
11.677105,5.093018,-35.587389
10.688141,6.864642,-35.588141
9.390320,8.538979,-35.592115
5.559691,6.683045,-39.799365
4.312371,7.488642,-39.799080
2.982780,8.005556,-39.799217
1.524725,8.289895,-39.796623
0.097521,8.296786,-39.791252
-1.355550,8.000535,-39.792586
-2.631236,7.502689,-39.795186
-3.867454,6.794320,-39.791071
-4.889393,5.977370,-39.792552
-6.020485,5.232497,-39.798329
-7.463555,4.593697,-39.799686
-8.967895,3.678225,-39.794159
-9.626257,2.222699,-39.796607
-9.833347,0.662884,-39.798841
-9.795036,-0.929973,-39.797719
-9.542533,-2.455478,-39.796721
-9.078609,-3.924594,-39.798906
-8.502779,-5.310600,-39.799590
-7.610603,-6.549845,-39.795495
-6.391022,-7.414828,-39.789916
-5.086779,-8.128444,-39.790022
-3.899900,-8.806163,-39.791965
-2.609282,-9.400297,-39.793725
-1.212153,-9.701174,-39.796450
0.150099,-9.812468,-39.799719
1.574093,-9.773424,-39.797954
2.986755,-9.574857,-39.797946
4.420861,-9.195797,-39.798381
5.797039,-8.633689,-39.792229
7.106035,-7.804603,-39.792803
8.091328,-6.628400,-39.793726
8.980422,-5.348701,-39.795617
9.616303,-3.895211,-39.793891
9.766004,-2.346705,-39.793002
9.628761,-0.811216,-39.798403
9.284694,0.633760,-39.798776
8.806539,1.976722,-39.797383
8.206103,3.268256,-39.790775
7.485033,4.504220,-39.789634
6.587363,5.693711,-39.795658
0.875298,-0.766235,-43.994815
11.196642,23.550987,40.005186
7.386770,25.780756,40.005185
3.296547,27.100538,40.005185
-1.114556,27.373581,40.005185
-5.295421,26.382595,40.005185
-9.083806,24.104467,40.005185
-12.092916,21.037859,40.005185
-14.260037,17.618959,40.005186
-15.673498,14.089861,40.005186
-16.483260,10.626278,40.005186
-16.866017,7.461741,40.005186
-16.989667,4.644801,40.005185
-16.962900,1.947905,40.005185
-16.819409,-0.622606,40.005185
-16.551453,-3.059818,40.005185
-16.102055,-5.470428,40.005185
-15.356444,-7.935341,40.005185
-14.200467,-10.243270,40.005185
-12.517751,-12.190742,40.005185
-10.342435,-13.582408,40.005185
-7.889349,-14.374163,40.005185
-5.449541,-14.639802,40.005185
-3.121378,-14.525605,40.005185
-0.947508,-14.141732,40.005185
1.172325,-13.527652,40.005185
3.110559,-12.760886,40.005185
4.868085,-11.889307,40.005185
6.655139,-10.816775,40.005185
8.253124,-9.678913,40.005185
9.943120,-8.259803,40.005185
11.507316,-6.702922,40.005185
13.009315,-4.922405,40.005185
14.482145,-2.810595,40.005185
15.862133,-0.351327,40.005185
17.064219,2.468524,40.005185
17.992084,5.774973,40.005185
18.400946,9.555059,40.005185
17.961418,13.464304,40.005185
16.587331,17.193007,40.005186
13.090626,19.117197,36.209247
10.379349,22.158126,36.209943
7.037148,24.494246,36.199606
3.115938,25.968353,36.203225
-1.066905,26.389201,36.211871
-5.198715,25.697786,36.202625
-8.986870,23.898746,36.199420
-12.251398,21.438882,36.205980
-14.775661,18.268186,36.210699
-16.549285,14.990110,36.204240
-17.920046,11.677079,36.200432
-18.791661,8.437951,36.207354
-19.245612,5.354063,36.201033
-19.155085,2.247674,36.205013
-18.658637,-0.588164,36.205570
-17.911120,-3.236532,36.198310
-16.894156,-5.796037,36.198982
-15.688503,-8.138884,36.200163
-14.200603,-10.172946,36.199889
-12.206918,-11.887202,36.203001
-9.967968,-13.046086,36.205614
-7.693273,-13.806002,36.198899
-5.324671,-14.132028,36.205799
-3.045729,-14.077712,36.213791
-0.912445,-13.776958,36.208607
1.177480,-13.251743,36.200115
2.984208,-12.608965,36.199284
4.807727,-11.709944,36.200641
6.546278,-10.649017,36.202571
8.233926,-9.512229,36.208851
9.782803,-8.188554,36.212924
11.172577,-6.545562,36.210706
12.406480,-4.774263,36.206293
13.646226,-2.728879,36.205972
14.680485,-0.435796,36.208380
15.563793,2.172482,36.203277
16.217292,5.217241,36.199212
16.428107,8.440505,36.202488
16.050676,12.026013,36.207721
14.979324,15.619591,36.208794
12.181765,17.872963,32.408285
9.826645,20.828871,32.404447
6.657148,23.303873,32.401832
2.949579,24.822820,32.405825
-1.045929,25.342861,32.406797
-5.145884,24.888134,32.403506
-8.906752,23.483082,32.410802
-12.295933,21.520333,32.405755
-15.073512,18.664528,32.397564
-17.166408,15.493613,32.400647
-18.813397,12.368947,32.404322
-19.924511,9.003915,32.400095
-20.400265,5.729392,32.408645
-20.237589,2.432407,32.413533
-19.603993,-0.575924,32.409634
-18.622717,-3.356144,32.402862
-17.333021,-5.878853,32.398448
-15.853840,-8.155919,32.400700
-14.120321,-10.096883,32.399688
-12.018941,-11.611292,32.397417
-9.765336,-12.654879,32.398775
-7.547557,-13.475818,32.398875
-5.232032,-13.891743,32.402818
-2.982381,-13.930240,32.405241
-0.868864,-13.739539,32.406065
1.095837,-13.335671,32.411824
3.124397,-12.688535,32.413232
4.909219,-11.784769,32.413789
6.618660,-10.729403,32.411711
8.329124,-9.682534,32.405076
9.938884,-8.293456,32.410620
11.232822,-6.611298,32.408697
12.351426,-4.800839,32.401277
13.449690,-2.715324,32.400706
14.288620,-0.381667,32.402741
14.915722,2.137788,32.399132
15.290187,4.827128,32.402507
15.312866,7.892853,32.407537
14.856527,11.175807,32.408390
13.878182,14.482492,32.409186
11.518077,16.963511,28.612174
9.280701,19.811165,28.600346
6.260250,22.214477,28.597570
2.707780,23.687598,28.600467
-1.120153,24.242569,28.601975
-4.958487,23.987381,28.606860
-8.660536,22.919823,28.610283
-12.179272,21.297121,28.602016
-15.075250,18.803293,28.597166
-17.356011,15.812071,28.599000
-19.227561,12.589385,28.601623
-20.348519,9.266422,28.603526
-20.759077,5.786118,28.602185
-20.545854,2.524120,28.601647
-19.870689,-0.558188,28.604060
-18.793914,-3.394534,28.607203
-17.363328,-5.939493,28.609877
-15.791233,-8.116999,28.613755
-13.907068,-10.037729,28.603993
-11.776713,-11.460240,28.601456
-9.549190,-12.494450,28.610508
-7.506117,-13.368505,28.600478
-5.245380,-13.910418,28.602195
-3.024260,-14.080352,28.610428
-0.926814,-14.025253,28.610457
1.147250,-13.694373,28.609772
3.176468,-13.118146,28.610531
5.047407,-12.181566,28.608795
6.834776,-11.070132,28.607562
8.656408,-10.024574,28.611923
10.322255,-8.559556,28.612227
11.635355,-6.770966,28.607210
12.739061,-4.843869,28.607885
13.706528,-2.722135,28.612123
14.389043,-0.366033,28.605973
14.811105,2.048929,28.599139
14.985234,4.728536,28.601594
14.812478,7.640241,28.601119
14.240021,10.626882,28.599088
13.195548,13.742455,28.607538
11.134904,16.250936,24.802121
8.835885,19.002435,24.804555
5.971033,21.160312,24.799787
2.541762,22.536272,24.803732
-1.125180,23.090721,24.807075
-4.816247,22.944118,24.799043
-8.420347,22.113607,24.801961
-11.883201,20.763567,24.804532
-14.909644,18.484989,24.800806
-17.294692,15.627938,24.798513
-19.110426,12.547437,24.801523
-20.183529,9.245145,24.804117
-20.513117,5.793451,24.804103
-20.273488,2.447617,24.804844
-19.599164,-0.599240,24.807946
-18.511163,-3.400262,24.809940
-17.145557,-5.815307,24.806803
-15.574803,-7.960154,24.800488
-13.714732,-9.864635,24.796863
-11.645468,-11.333092,24.800215
-9.603816,-12.422078,24.807633
-7.537973,-13.468255,24.812057
-5.341246,-14.154055,24.805758
-3.158920,-14.476506,24.803766
-0.853091,-14.555346,24.812358
1.325247,-14.281560,24.812754
3.456666,-13.715313,24.803528
5.409292,-12.735438,24.805192
7.179882,-11.634608,24.809187
9.180916,-10.481010,24.797812
10.810509,-9.009735,24.799861
12.182006,-7.144671,24.805916
13.352341,-5.017421,24.805844
14.256209,-2.766975,24.804707
14.820532,-0.405325,24.807768
15.110110,2.120716,24.807959
15.100777,4.778668,24.809360
14.738796,7.644531,24.807551
14.014796,10.444512,24.802782
12.783114,13.450107,24.800787
10.863401,15.873470,21.007252
8.486318,18.351626,21.005372
5.618743,20.235057,21.008175
2.388395,21.392491,21.007712
-1.125899,21.894205,21.001677
-4.553527,21.803562,21.000581
-8.145154,21.102911,21.006888
-11.490765,19.895933,21.007256
-14.407100,17.904948,21.004700
-16.786813,15.255102,21.001374
-18.569296,12.194726,21.000424
-19.562955,8.906485,21.004391
-19.819846,5.486362,21.004618
-19.598130,2.402352,21.004684
-18.943763,-0.612117,21.001080
-17.925760,-3.285549,21.000596
-16.630561,-5.705106,21.008403
-15.187007,-7.765783,21.006545
-13.494306,-9.629332,21.007359
-11.564718,-11.239338,21.008114
-9.665410,-12.515698,21.005382
-7.596860,-13.742086,21.010629
-5.469589,-14.560942,21.005228
-3.226429,-15.052581,20.997419
-0.837942,-15.256967,21.002437
1.439241,-15.041264,21.011421
3.667874,-14.488549,21.003672
5.726096,-13.516077,21.003085
7.682183,-12.319360,21.011423
9.724117,-11.059694,21.007897
11.478166,-9.420936,21.008567
12.908980,-7.487175,21.011635
14.098065,-5.270878,21.008436
14.958573,-2.906801,21.003122
15.465958,-0.442122,21.005350
15.650092,2.181678,21.008205
15.485324,4.920880,21.005496
14.957807,7.730781,21.001625
14.022608,10.554643,21.001820
12.691208,13.225034,21.005091
10.702697,15.646574,17.204052
8.223282,17.796332,17.204758
5.337237,19.342045,17.204845
2.191596,20.279018,17.204859
-1.061320,20.676465,17.202468
-4.450166,20.560531,17.198904
-7.673243,19.964550,17.201713
-10.870984,18.821766,17.204079
-13.809392,16.919464,17.201636
-16.050720,14.517713,17.198006
-17.714130,11.562343,17.200433
-18.593287,8.401213,17.206879
-18.809025,5.245015,17.202424
-18.606029,2.195964,17.201091
-18.029404,-0.566015,17.208486
-17.117929,-3.123322,17.211369
-15.991922,-5.465527,17.204292
-14.660337,-7.565321,17.208160
-13.174323,-9.415391,17.205738
-11.531196,-11.128230,17.202914
-9.751761,-12.698316,17.209844
-7.789517,-14.037170,17.209385
-5.635214,-15.026110,17.200125
-3.347451,-15.679281,17.201023
-0.883297,-15.993703,17.211084
1.598396,-15.827450,17.202697
3.913409,-15.277353,17.198237
6.179819,-14.272630,17.205183
8.223801,-13.055382,17.210953
10.281429,-11.663157,17.207072
12.154726,-9.862794,17.206834
13.658967,-7.877640,17.207678
14.881041,-5.586379,17.202460
15.745963,-3.013283,17.200629
16.209786,-0.455662,17.210105
16.307590,2.368190,17.210288
16.016141,5.064700,17.208977
15.322640,7.920766,17.209208
14.229570,10.649843,17.208323
12.658913,13.280817,17.205791
10.585424,15.479142,13.397472
8.026986,17.276687,13.409583
5.148650,18.469294,13.407045
2.101062,19.178696,13.405986
-1.114224,19.469998,13.405983
-4.233931,19.292604,13.399408
-7.297758,18.693610,13.403247
-10.307739,17.514996,13.402451
-12.948867,15.837227,13.397760
-15.118318,13.594067,13.404337
-16.653812,10.744331,13.409451
-17.395044,7.823437,13.398188
-17.598572,4.820418,13.404763
-17.427004,2.035802,13.402561
-16.914418,-0.587174,13.396025
-16.177348,-2.928750,13.402295
-15.253726,-5.200205,13.413615
-14.130588,-7.254213,13.401486
-12.821289,-9.193315,13.400728
-11.419712,-11.072773,13.407836
-9.883451,-12.836836,13.402732
-7.935521,-14.327190,13.400545
-5.754174,-15.457540,13.403294
-3.430223,-16.245331,13.410021
-0.896646,-16.643064,13.412151
1.666735,-16.530014,13.401516
4.169605,-15.960381,13.404505
6.540135,-14.987264,13.408755
8.764381,-13.705515,13.407843
10.829623,-12.186955,13.407557
12.739159,-10.314228,13.402049
14.389056,-8.201173,13.409657
15.644460,-5.843983,13.405584
16.490817,-3.183180,13.398150
16.946710,-0.434334,13.413633
16.973097,2.464737,13.406385
16.548955,5.332182,13.398487
15.729833,8.113703,13.397378
14.449366,10.841070,13.396058
12.713652,13.321155,13.393637
10.356128,15.346096,9.600350
7.761967,16.782326,9.599226
4.825779,17.657058,9.600637
1.896608,18.133931,9.603438
-1.053266,18.290560,9.608564
-4.007449,18.037398,9.611426
-6.896864,17.394170,9.604810
-9.601391,16.200951,9.605932
-12.111855,14.606348,9.605551
-14.097925,12.573641,9.608932
-15.458185,9.935097,9.609538
-16.113920,7.158682,9.598049
-16.305763,4.424092,9.600839
-16.158544,1.796140,9.610779
-15.752313,-0.580170,9.606249
-15.179219,-2.811217,9.598611
-14.458093,-4.997130,9.606453
-13.550506,-6.993349,9.611396
-12.494403,-8.912088,9.609678
-11.332600,-10.907446,9.603499
-9.886154,-12.967239,9.598826
-8.029420,-14.505036,9.602043
-5.826035,-15.753717,9.603118
-3.470981,-16.645373,9.606273
-0.876510,-17.101813,9.609467
1.756026,-17.027930,9.601756
4.327903,-16.470616,9.608970
6.788808,-15.531878,9.612410
9.091992,-14.259372,9.607009
11.270658,-12.594995,9.606449
13.211591,-10.661856,9.603284
14.941493,-8.525827,9.598732
16.291141,-6.025937,9.597644
17.121978,-3.289892,9.602813
17.571513,-0.365849,9.606870
17.538787,2.485797,9.600160
17.024714,5.401710,9.605135
16.039866,8.309752,9.604494
14.642283,10.925761,9.597533
12.709741,13.340952,9.598174
10.137738,15.036384,5.805202
7.486834,16.214638,5.800358
4.551745,16.826414,5.805059
1.771049,17.117285,5.806578
-1.010464,17.154089,5.799684
-3.785250,16.817217,5.800429
-6.486755,16.127114,5.811935
-8.879482,14.930191,5.805889
-11.157506,13.481207,5.809226
-13.103044,11.507117,5.808783
-14.283584,9.085367,5.804033
-14.872436,6.468160,5.812527
-15.064718,4.007677,5.811859
-14.949067,1.651696,5.810828
-14.650068,-0.581574,5.812570
-14.259317,-2.691038,5.810584
-13.762506,-4.667464,5.804951
-13.026406,-6.682720,5.807713
-12.154202,-8.639105,5.804753
-11.141904,-10.781351,5.804120
-9.866616,-12.886745,5.813300
-8.023190,-14.522479,5.804965
-5.901586,-15.810511,5.806948
-3.423259,-16.817382,5.809548
-0.888909,-17.296895,5.801477
1.795005,-17.263285,5.804453
4.421613,-16.726355,5.812712
6.946880,-15.811240,5.808688
9.311461,-14.548302,5.800768
11.525940,-12.850506,5.802367
13.490072,-10.873394,5.797716
15.276790,-8.719195,5.800503
16.714202,-6.097361,5.803672
17.537536,-3.308465,5.801431
17.954528,-0.444561,5.801923
17.870896,2.558947,5.804739
17.268484,5.503030,5.808912
16.202459,8.310365,5.804939
14.601872,10.989048,5.800079
12.572395,13.242565,5.803613
9.803448,14.566290,2.003019
7.063170,15.571148,1.999950
4.284435,15.974745,2.005822
1.576647,16.136622,2.003606
-1.018602,16.070136,2.005693
-3.595890,15.662044,2.012317
-6.089207,14.919065,1.998292
-8.267730,13.706776,2.001822
-10.379026,12.339494,2.006418
-12.121499,10.572442,2.009393
-13.206547,8.308215,2.004989
-13.744591,5.973782,1.998022
-13.995712,3.695740,2.012251
-13.929741,1.512987,2.005119
-13.736413,-0.561977,2.000483
-13.507374,-2.526376,2.010221
-13.144744,-4.471087,2.013777
-12.541223,-6.464115,2.000603
-11.807251,-8.409391,2.004005
-10.923786,-10.532831,2.012947
-9.684887,-12.696473,2.002702
-7.931828,-14.325399,2.003619
-5.811200,-15.674670,2.003667
-3.420329,-16.687017,2.000413
-0.863499,-17.202098,2.002515
1.742018,-17.208258,2.008744
4.401036,-16.705762,2.002761
6.960405,-15.811154,1.996989
9.360115,-14.559236,2.002842
11.598886,-12.857003,2.013308
13.491015,-10.923930,2.013955
15.350438,-8.666219,2.006558
16.756642,-6.126323,2.004862
17.594602,-3.322362,2.011268
17.982525,-0.434736,2.011834
17.841649,2.582480,2.000656
17.162774,5.527467,2.005478
15.977935,8.301054,2.006455
14.367222,10.749070,2.001577
12.322443,12.874030,2.002629
9.328383,13.901956,-1.800271
6.671594,14.785873,-1.787917
3.992956,15.099778,-1.786432
1.391823,15.181154,-1.795976
-0.995375,15.034562,-1.804300
-3.454748,14.558526,-1.801579
-5.726417,13.797058,-1.794255
-7.688567,12.609410,-1.803405
-9.621555,11.340291,-1.795188
-11.239269,9.731336,-1.789753
-12.278847,7.668919,-1.799611
-12.862371,5.549053,-1.801438
-13.222503,3.379329,-1.790337
-13.237216,1.383941,-1.787610
-13.135339,-0.514233,-1.791490
-12.991461,-2.406376,-1.793942
-12.679853,-4.380485,-1.793642
-12.146708,-6.306615,-1.797934
-11.479802,-8.188213,-1.798169
-10.633452,-10.224489,-1.796648
-9.423576,-12.291467,-1.797775
-7.694037,-13.951453,-1.793753
-5.680651,-15.274804,-1.798744
-3.394887,-16.271138,-1.803252
-0.849326,-16.813058,-1.800708
1.750772,-16.845824,-1.802899
4.308195,-16.392719,-1.795248
6.774565,-15.562263,-1.788616
9.173487,-14.329274,-1.788359
11.322440,-12.694882,-1.789210
13.255055,-10.672943,-1.793073
14.961373,-8.450271,-1.790793
16.305123,-5.999521,-1.793153
17.171963,-3.230269,-1.796522
17.495766,-0.349833,-1.793399
17.291561,2.541484,-1.800736
16.587487,5.357726,-1.791876
15.355475,7.970825,-1.788481
13.727262,10.274531,-1.797040
11.748332,12.305348,-1.803283
8.724288,13.059745,-5.591597
6.300321,13.870363,-5.595681
3.760151,14.182082,-5.595926
1.297268,14.235055,-5.592111
-1.054078,14.020567,-5.595540
-3.275676,13.515624,-5.604195
-5.317514,12.764650,-5.601477
-7.151693,11.598648,-5.589339
-8.966910,10.378682,-5.597256
-10.451001,8.934685,-5.594651
-11.492729,7.121791,-5.589468
-12.212288,5.166937,-5.600392
-12.708694,3.240753,-5.593688
-12.853026,1.356572,-5.587880
-12.819579,-0.540275,-5.592977
-12.681629,-2.426803,-5.601163
-12.359382,-4.292883,-5.600586
-11.838067,-6.113021,-5.594559
-11.142995,-7.974489,-5.597882
-10.266556,-9.867634,-5.598101
-9.038443,-11.777588,-5.584666
-7.411916,-13.364191,-5.585005
-5.525547,-14.643277,-5.588490
-3.277523,-15.639160,-5.591510
-0.870383,-16.171085,-5.598471
1.592251,-16.242535,-5.604371
4.114403,-15.840159,-5.590361
6.553085,-15.051580,-5.588482
8.817181,-13.874148,-5.598647
10.889695,-12.216107,-5.593806
12.686519,-10.263001,-5.590557
14.133628,-8.049700,-5.595611
15.345420,-5.680142,-5.595448
16.213898,-3.085920,-5.594979
16.436248,-0.437982,-5.601243
16.202707,2.297072,-5.590707
15.523174,4.964912,-5.589495
14.285984,7.397423,-5.595744
12.696996,9.559257,-5.597024
10.945709,11.478969,-5.593386
8.009764,12.065184,-9.401161
5.763054,12.879691,-9.402790
3.389789,13.227061,-9.399650
1.175972,13.270232,-9.399833
-1.020662,13.015690,-9.399787
-3.086211,12.491180,-9.398187
-4.974240,11.730339,-9.401073
-6.663607,10.595664,-9.397478
-8.281567,9.497581,-9.389461
-9.705381,8.181925,-9.393567
-10.813511,6.570452,-9.399118
-11.669457,4.919161,-9.396496
-12.332643,3.179386,-9.401832
-12.646955,1.259099,-9.402359
-12.671418,-0.516879,-9.397302
-12.494906,-2.366994,-9.392704
-12.099903,-4.185486,-9.392086
-11.522072,-5.953654,-9.393452
-10.795070,-7.666510,-9.400692
-9.813608,-9.452113,-9.402976
-8.603639,-11.092336,-9.393948
-7.090492,-12.587409,-9.392844
-5.270804,-13.853905,-9.396717
-3.167744,-14.793833,-9.394226
-0.921758,-15.317052,-9.388882
1.470100,-15.424740,-9.394516
3.833368,-15.083705,-9.392126
6.218772,-14.356970,-9.386396
8.393669,-13.189726,-9.387197
10.255848,-11.540235,-9.393618
11.842893,-9.736145,-9.400364
12.987800,-7.557668,-9.398289
13.982856,-5.267023,-9.398687
14.800710,-2.943314,-9.399684
14.923465,-0.367192,-9.389600
14.652125,2.097053,-9.390109
14.041983,4.511599,-9.391284
12.893412,6.685436,-9.393485
11.456103,8.641171,-9.396954
9.914666,10.530037,-9.399116
7.272206,10.901939,-13.199082
5.248023,11.779315,-13.199241
3.069068,12.213337,-13.190665
1.024797,12.269992,-13.190172
-1.002726,11.983724,-13.194320
-2.898490,11.448437,-13.197137
-4.622592,10.692572,-13.202168
-6.164700,9.611936,-13.192977
-7.652409,8.588504,-13.188530
-8.950528,7.469341,-13.198023
-10.135290,6.104899,-13.200860
-11.192303,4.646080,-13.190341
-12.020354,3.043311,-13.191856
-12.475398,1.299038,-13.192313
-12.555588,-0.504894,-13.191961
-12.297598,-2.371344,-13.190900
-11.799883,-4.104284,-13.188130
-11.144148,-5.782943,-13.191354
-10.330033,-7.392906,-13.202119
-9.323325,-8.885512,-13.200364
-8.028888,-10.367569,-13.184576
-6.616416,-11.737606,-13.194147
-4.940357,-12.913147,-13.203986
-2.991184,-13.777983,-13.201979
-0.917451,-14.274533,-13.197638
1.293295,-14.411305,-13.199821
3.560990,-14.118960,-13.205028
5.711133,-13.513140,-13.199556
7.777684,-12.387045,-13.194506
9.402969,-10.754424,-13.202312
10.889187,-8.979328,-13.192352
11.731187,-6.882220,-13.192094
12.419802,-4.760479,-13.199819
13.093768,-2.671972,-13.199331
13.106580,-0.450245,-13.193136
12.841041,1.745383,-13.191168
12.342142,3.910411,-13.191332
11.358779,5.867357,-13.197172
10.122701,7.639602,-13.202867
8.854945,9.406396,-13.201480
6.375448,9.667010,-16.992839
4.591345,10.604742,-17.001451
2.707721,11.121405,-17.001900
0.844419,11.201291,-16.992394
-1.002238,10.894105,-16.988346
-2.717376,10.356515,-16.997163
-4.267674,9.615032,-17.003519
-5.656875,8.601049,-16.994204
-6.950784,7.708857,-16.987470
-8.244303,6.697385,-16.989402
-9.468809,5.594254,-16.995790
-10.668986,4.364080,-17.000299
-11.619804,2.927798,-17.000044
-12.219190,1.230604,-16.996313
-12.325051,-0.560744,-16.993368
-12.007574,-2.255442,-16.990031
-11.397199,-3.943652,-16.988180
-10.670433,-5.502296,-16.996917
-9.782886,-6.979946,-16.997110
-8.675488,-8.291197,-16.997538
-7.417482,-9.467127,-17.001722
-6.118995,-10.708844,-16.987977
-4.598916,-11.791641,-16.989269
-2.815260,-12.577019,-16.996200
-0.926766,-13.046403,-16.988884
1.089297,-13.212384,-16.985822
3.160957,-12.990823,-16.992795
5.217790,-12.456714,-17.000772
7.078620,-11.406697,-17.002458
8.450532,-9.809087,-16.999181
9.727788,-8.207379,-16.995226
10.421181,-6.205006,-16.993158
10.805953,-4.273581,-16.995350
11.223102,-2.387234,-16.996192
11.145661,-0.439391,-16.992336
10.911497,1.415866,-16.999100
10.529649,3.328831,-16.995834
9.810370,5.039001,-16.992431
8.824786,6.652219,-16.994250
7.721813,8.293785,-16.991983
5.394472,8.316035,-20.797882
3.954834,9.300045,-20.787381
2.389995,9.918822,-20.795152
0.656600,10.036468,-20.794644
-0.994049,9.714802,-20.794974
-2.515804,9.186968,-20.802316
-3.938721,8.439283,-20.794395
-5.112004,7.543955,-20.790075
-6.274600,6.749311,-20.789549
-7.431713,5.948248,-20.789781
-8.695977,5.061457,-20.794042
-9.959606,4.068396,-20.798637
-11.052981,2.706445,-20.793090
-11.715853,1.155543,-20.788457
-11.834262,-0.511858,-20.794680
-11.429931,-2.216197,-20.804220
-10.756736,-3.751289,-20.801688
-9.986434,-5.163922,-20.791453
-9.092130,-6.426485,-20.794606
-7.929669,-7.533987,-20.801601
-6.698544,-8.464734,-20.797270
-5.511736,-9.552966,-20.789022
-4.144787,-10.519170,-20.785217
-2.602004,-11.185906,-20.789099
-0.910561,-11.614145,-20.797363
0.894577,-11.797772,-20.803067
2.752577,-11.646217,-20.803242
4.555233,-11.236634,-20.794434
6.226763,-10.315994,-20.786300
7.388703,-8.743626,-20.790503
8.500886,-7.277369,-20.786106
9.090138,-5.550077,-20.795669
9.223259,-3.710843,-20.801635
9.292565,-2.045221,-20.791671
9.141836,-0.441874,-20.794563
8.957509,1.157676,-20.802894
8.717966,2.681650,-20.793966
8.255613,4.291761,-20.784478
7.558093,5.746173,-20.790508
6.585430,7.124743,-20.798368
4.328525,6.849776,-24.598182
3.252480,7.837973,-24.599211
1.930229,8.591486,-24.598177
0.429522,8.723292,-24.596576
-1.001386,8.393688,-24.595549
-2.305707,7.887302,-24.592964
-3.512407,7.180024,-24.592823
-4.517688,6.381712,-24.596990
-5.543786,5.713112,-24.593945
-6.593576,5.081733,-24.593470
-7.765809,4.425514,-24.590991
-9.037953,3.605412,-24.588186
-10.107057,2.443146,-24.596286
-10.791677,1.010785,-24.600211
-10.882487,-0.553237,-24.599659
-10.472560,-2.025162,-24.596486
-9.804151,-3.385571,-24.594986
-9.036779,-4.624599,-24.601029
-8.113284,-5.762320,-24.599812
-7.010607,-6.617105,-24.591681
-5.863237,-7.312882,-24.588805
-4.842871,-8.183665,-24.596290
-3.695430,-8.984604,-24.594955
-2.352811,-9.560974,-24.591867
-0.942596,-9.936125,-24.596524
0.622090,-10.151322,-24.592109
2.180392,-10.091555,-24.586966
3.825348,-9.776166,-24.590331
5.280339,-8.988196,-24.594458
6.185159,-7.549743,-24.589438
7.083658,-6.299008,-24.597768
7.668514,-4.814140,-24.602383
7.614864,-3.212923,-24.600154
7.343770,-1.784696,-24.601027
7.131471,-0.460358,-24.596611
7.015216,0.819162,-24.597812
6.872209,2.089568,-24.594480
6.692919,3.432749,-24.594668
6.278647,4.804169,-24.603462
5.356791,5.922808,-24.601811
3.161994,5.248771,-28.399224
2.405076,6.236775,-28.402129
1.436111,7.034657,-28.394060
0.216355,7.177173,-28.393222
-0.997340,6.838939,-28.401055
-2.083233,6.342822,-28.398972
-2.996438,5.727836,-28.392953
-3.811012,5.061488,-28.397735
-4.680248,4.555864,-28.398021
-5.571210,4.089214,-28.391199
-6.605159,3.586930,-28.391193
-7.719304,2.934484,-28.396523
-8.667375,1.980434,-28.394838
-9.250822,0.762053,-28.395641
-9.285940,-0.523736,-28.391440
-8.897660,-1.767732,-28.393008
-8.294751,-2.909409,-28.399254
-7.628428,-3.902562,-28.392389
-6.827505,-4.802636,-28.394324
-5.875991,-5.436687,-28.395747
-4.889854,-5.927151,-28.391517
-4.014648,-6.594218,-28.394930
-3.090225,-7.193067,-28.393510
-2.073469,-7.619541,-28.388122
-0.921944,-7.947040,-28.388281
0.307461,-8.168624,-28.395346
1.583273,-8.196391,-28.392940
2.902765,-8.017723,-28.393173
4.132179,-7.428381,-28.401957
4.779283,-6.203553,-28.393569
5.502032,-5.114179,-28.397416
6.037279,-4.006360,-28.397454
5.951971,-2.703431,-28.386874
5.417686,-1.473233,-28.389912
5.146516,-0.456877,-28.399190
5.077312,0.501105,-28.397853
5.010711,1.497443,-28.392086
5.011599,2.571756,-28.389433
4.882288,3.796580,-28.388190
4.054847,4.568579,-28.393113
1.844234,3.445587,-32.194734
1.437729,4.263318,-32.198905
0.799470,5.043099,-32.198288
-0.093602,5.142180,-32.197092
-1.002970,4.799572,-32.199658
-1.757283,4.341638,-32.197457
-2.375490,3.797845,-32.196387
-2.942609,3.374546,-32.199108
-3.606963,3.094930,-32.198255
-4.245165,2.770210,-32.196402
-5.018573,2.413858,-32.197838
-5.828184,1.967440,-32.195564
-6.512902,1.297309,-32.190011
-6.882014,0.408993,-32.191155
-6.825260,-0.507166,-32.197058
-6.509536,-1.382010,-32.196773
-6.059647,-2.182090,-32.194186
-5.544370,-2.862515,-32.198035
-4.996235,-3.432898,-32.199705
-4.309512,-3.866132,-32.197310
-3.620999,-4.170821,-32.196292
-3.000931,-4.529399,-32.199976
-2.368766,-4.866872,-32.195772
-1.672000,-5.145481,-32.189825
-0.923994,-5.381480,-32.193566
-0.131226,-5.605530,-32.192922
0.762981,-5.750385,-32.190204
1.744737,-5.727577,-32.192695
2.666637,-5.435246,-32.197274
3.082449,-4.503424,-32.195533
3.486689,-3.703598,-32.190268
3.979412,-2.970530,-32.190476
3.993299,-2.069192,-32.196785
3.453809,-1.158804,-32.190771
3.150129,-0.479466,-32.192684
3.084726,0.170482,-32.196230
3.063763,0.848495,-32.193334
3.087219,1.609074,-32.191972
3.177704,2.549597,-32.194939
2.503148,3.032891,-32.194456
-0.627057,0.071084,-35.994815
