27.120627,27.860395,30.956211
21.772519,31.353265,30.956211
16.185170,33.503354,30.956211
10.038289,34.124690,30.956211
4.156197,33.016513,30.956211
-0.965909,30.840835,30.956211
-5.344565,28.128998,30.956211
-9.072323,25.204237,30.956211
-12.232457,22.251156,30.956211
-14.750368,19.529900,30.956211
-17.075276,16.642086,30.956211
-19.078336,13.770209,30.956211
-20.777516,10.946537,30.956211
-22.367277,7.826853,30.956211
-23.641910,4.787783,30.956211
-24.794268,1.263848,30.956211
-25.622357,-2.350336,30.956210
-26.124979,-6.439784,30.956210
-26.116286,-10.766380,30.956210
-25.353950,-15.444888,30.956211
-23.637147,-19.869486,30.956211
-20.705207,-23.853164,30.956211
-16.979792,-26.791446,30.956211
-12.483815,-28.858602,30.956210
-7.681132,-30.041158,30.956211
-2.768320,-30.594055,30.956211
2.174616,-30.678069,30.956211
7.106368,-30.337135,30.956211
12.392366,-29.475300,30.956211
17.557418,-28.056211,30.956211
22.872931,-25.810146,30.956211
28.074448,-22.470594,30.956211
32.558390,-18.211377,30.956211
36.252258,-12.997605,30.956211
38.827961,-7.148525,30.956211
40.171095,-0.688966,30.956210
40.090321,5.907068,30.956210
38.539323,12.329552,30.956210
35.632368,18.311655,30.956210
30.776705,22.794531,27.710470
26.286374,27.047228,27.707765
21.087521,30.362676,27.708660
15.493072,32.506255,27.706874
9.784665,33.230008,27.705542
4.071446,32.384842,27.711071
-0.953141,30.526333,27.710383
-5.379902,27.909088,27.707890
-9.121225,25.006023,27.710572
-12.239569,22.318820,27.708985
-14.932483,19.776090,27.702248
-17.261077,16.892151,27.706563
-19.031417,13.877015,27.704366
-20.599155,10.746089,27.705642
-21.959925,7.750744,27.709599
-23.211368,4.704600,27.705115
-24.692084,1.304992,27.704899
-25.689984,-2.464235,27.703372
-26.050623,-6.376204,27.704142
-25.731985,-10.673174,27.709270
-24.573813,-14.847136,27.710511
-22.733238,-18.996930,27.706338
-19.888057,-22.749983,27.705048
-16.443415,-26.057497,27.705757
-12.312827,-28.697455,27.708865
-7.780706,-30.132616,27.711268
-2.763895,-31.279630,27.700847
2.291483,-32.208026,27.698685
7.658818,-32.431205,27.704419
13.062041,-31.227889,27.705813
18.070440,-28.786731,27.703408
23.188008,-26.088107,27.710137
28.133077,-22.551568,27.713860
34.135460,-19.106637,27.707093
39.084448,-13.990109,27.704186
38.797027,-7.109867,27.711293
39.055119,-0.704384,27.704223
38.933616,5.834784,27.703143
37.413595,12.064485,27.708437
34.542611,17.817907,27.711095
29.920571,22.207924,24.451432
25.466646,26.436103,24.449173
20.450098,29.560818,24.452924
15.087760,31.631609,24.453530
9.445646,32.477100,24.455206
3.953000,31.840716,24.461117
-1.110328,30.211653,24.449312
-5.393308,27.836603,24.458061
-9.010136,25.161104,24.458947
-12.201564,22.610272,24.447882
-15.143146,20.079497,24.451019
-17.483792,17.238891,24.460321
-19.256728,14.020355,24.461465
-20.706881,10.861307,24.459188
-21.976945,7.852136,24.460794
-23.263554,4.626716,24.462647
-24.900771,1.327146,24.457416
-25.948244,-2.388301,24.459171
-26.201919,-6.498331,24.458688
-25.631516,-10.727852,24.455130
-24.238938,-14.582729,24.457692
-22.221341,-18.611748,24.451187
-19.439041,-22.104997,24.451244
-16.209387,-25.586896,24.451400
-12.403951,-28.584013,24.448023
-7.769829,-30.279717,24.450809
-2.859230,-31.693131,24.456290
2.472143,-33.063770,24.452222
8.010196,-33.522578,24.453514
13.510958,-32.106958,24.461173
18.394405,-29.078587,24.459981
23.294120,-26.088428,24.458748
28.166449,-22.545265,24.458915
34.116964,-19.020988,24.455492
38.563566,-13.847357,24.450008
37.820649,-6.834193,24.451040
38.103248,-0.489598,24.453509
37.989782,5.807591,24.451581
36.462955,11.772776,24.449862
33.557370,17.447914,24.451222
29.178718,21.702017,21.200414
24.805136,25.874430,21.197547
20.035919,28.829618,21.205047
14.768364,30.896748,21.208433
9.237326,31.839303,21.203994
4.016135,31.410707,21.204333
-1.040942,30.055266,21.206889
-5.347501,27.899230,21.208666
-9.159103,25.272238,21.201733
-12.378215,22.864077,21.201005
-15.336348,20.449900,21.212379
-17.809338,17.535305,21.206855
-19.573893,14.379135,21.199763
-21.074610,11.083099,21.207365
-22.357035,7.918028,21.211890
-23.585998,4.730275,21.198419
-25.332499,1.325108,21.197926
-26.378512,-2.529711,21.202101
-26.490204,-6.584719,21.209024
-25.776738,-10.723494,21.211977
-24.193313,-14.649692,21.203847
-22.164640,-18.364081,21.204027
-19.225494,-21.898096,21.205048
-16.125166,-25.390258,21.204361
-12.371344,-28.628703,21.203099
-7.844460,-30.401210,21.202037
-2.840700,-31.923031,21.204924
2.392417,-33.319152,21.206827
8.245264,-33.781735,21.202506
13.629821,-32.278973,21.199802
18.333929,-29.141769,21.205174
23.177702,-25.888210,21.208300
27.951699,-22.590822,21.209793
32.651175,-18.374090,21.208805
35.715561,-12.825951,21.208897
36.514634,-6.596802,21.211327
37.280900,-0.607209,21.205836
37.185180,5.610967,21.206627
35.583786,11.645980,21.209265
32.769229,17.021166,21.205929
28.521196,21.252719,17.962747
24.360582,25.270959,17.957495
19.479501,28.304301,17.953732
14.456379,30.285974,17.957879
8.997023,31.289900,17.961430
3.822592,30.994627,17.955238
-1.037223,29.903312,17.953485
-5.390870,27.967411,17.960456
-9.268086,25.528502,17.957947
-12.518779,23.235722,17.955717
-15.626124,20.753863,17.962186
-18.120065,17.910799,17.949874
-20.050319,14.664723,17.954761
-21.594800,11.430610,17.956040
-22.934378,8.113661,17.948865
-24.185772,4.760300,17.955267
-25.875675,1.371130,17.953942
-26.880186,-2.655636,17.955632
-26.859033,-6.666203,17.955382
-26.066789,-10.751943,17.952895
-24.406981,-14.809631,17.955497
-22.188389,-18.590651,17.952491
-19.325908,-21.873614,17.953173
-16.107129,-25.452130,17.950287
-12.405968,-28.680468,17.950893
-7.755879,-30.541503,17.961762
-2.785513,-31.973784,17.954502
2.442798,-33.171590,17.952140
8.032295,-33.426483,17.952199
13.380808,-31.938696,17.948150
18.252995,-28.821040,17.948917
22.799750,-25.632031,17.956936
27.631239,-22.319917,17.962586
31.266986,-17.536500,17.957301
33.296154,-12.043336,17.954910
35.414754,-6.484022,17.962364
36.577393,-0.630965,17.952394
36.416805,5.550366,17.949803
34.866415,11.303719,17.956987
32.075431,16.614701,17.962378
27.911536,20.836068,14.713002
23.802842,24.835674,14.708048
19.146447,27.767947,14.706272
13.989674,29.814892,14.709538
8.968790,30.784238,14.712274
3.835146,30.648329,14.710970
-1.022632,29.765532,14.708924
-5.432954,28.069274,14.701346
-9.221711,25.944563,14.702367
-12.827412,23.531805,14.709124
-15.904549,21.065897,14.707739
-18.549996,18.138432,14.707212
-20.586366,14.995292,14.705845
-22.301791,11.659793,14.706403
-23.640838,8.376072,14.708052
-24.915828,4.853270,14.704707
-26.559333,1.260558,14.698264
-27.394695,-2.573927,14.708953
-27.262519,-6.738305,14.711437
-26.375153,-10.977453,14.699530
-24.782355,-15.017467,14.701527
-22.527168,-18.732255,14.706748
-19.512012,-22.100727,14.705909
-16.234758,-25.557785,14.704075
-12.488478,-28.693443,14.707555
-7.700566,-30.605492,14.710064
-2.919959,-31.811791,14.703540
2.333944,-32.673685,14.708852
7.860504,-32.593619,14.709777
13.169193,-31.069121,14.701083
17.810150,-28.447111,14.701279
22.477689,-25.182013,14.706078
27.015156,-21.830950,14.709012
30.081369,-16.991809,14.710483
31.910067,-11.504170,14.709716
34.628271,-6.257624,14.707096
35.918272,-0.484097,14.710134
35.684770,5.459718,14.712593
34.102867,11.142381,14.713781
31.310771,16.394074,14.714681
27.321087,20.432907,11.455904
23.270810,24.416356,11.453945
18.671219,27.354460,11.449959
13.752975,29.324494,11.453288
8.778710,30.316349,11.458532
3.690837,30.298522,11.453992
-0.956846,29.626308,11.450286
-5.417343,28.192402,11.456349
-9.451827,26.199128,11.457002
-12.911317,23.991423,11.453328
-16.107395,21.415920,11.456842
-18.801813,18.582753,11.457687
-21.099722,15.421785,11.461165
-22.932840,12.188374,11.463464
-24.451744,8.590659,11.456991
-25.674912,5.084057,11.449492
-27.205053,1.269565,11.458525
-27.915655,-2.759647,11.455502
-27.655884,-6.870258,11.446771
-26.740840,-11.072524,11.451415
-25.190609,-15.291748,11.462997
-22.807783,-19.109391,11.455399
-19.776590,-22.418692,11.449549
-16.403253,-25.708205,11.448639
-12.372435,-28.755672,11.451832
-7.798093,-30.528544,11.459984
-2.820532,-31.554872,11.462468
2.250893,-31.951905,11.459497
7.497902,-31.473824,11.455449
12.591794,-30.042459,11.455638
17.384214,-27.839366,11.458009
21.905894,-24.789425,11.451889
26.312902,-21.095545,11.448325
29.167444,-16.325618,11.457095
31.189097,-11.203961,11.463033
33.936794,-6.251698,11.453461
35.225855,-0.535498,11.449064
34.931986,5.354910,11.451140
33.320851,10.976087,11.454318
30.657292,16.013386,11.455914
26.724551,20.025784,8.212213
22.885188,23.871249,8.210335
18.374582,26.865029,8.212929
13.520971,28.847662,8.208068
8.589796,29.849989,8.204411
3.745048,29.954994,8.212856
-1.069520,29.415033,8.203741
-5.375823,28.282269,8.207272
-9.479994,26.539031,8.206960
-13.117555,24.323200,8.196537
-16.267509,21.747658,8.199751
-19.137937,18.866206,8.211825
-21.587235,15.864079,8.203630
-23.642131,12.579172,8.198677
-25.202016,9.035257,8.206237
-26.502547,5.180815,8.205704
-27.810415,1.325105,8.205412
-28.375725,-2.695955,8.203010
-28.011848,-6.946763,8.207395
-27.034966,-11.300330,8.215404
-25.587700,-15.509565,8.211701
-23.099962,-19.438955,8.205128
-19.931449,-22.840959,8.208605
-16.445161,-25.930162,8.206788
-12.428061,-28.617395,8.202414
-7.701446,-30.380904,8.207302
-2.917250,-31.138428,8.202822
2.125095,-31.095905,8.207832
7.076342,-30.233794,8.207958
11.941486,-28.887876,8.199523
17.042202,-27.065874,8.198674
21.436881,-24.235764,8.199812
25.360168,-20.449485,8.208502
28.319617,-15.939519,8.209951
30.823660,-11.108137,8.205806
33.381001,-6.115972,8.209274
34.494264,-0.413691,8.203517
34.128584,5.214774,8.198498
32.571379,10.605670,8.200988
29.981142,15.622510,8.208081
26.088124,19.591442,4.955967
22.310473,23.421826,4.948805
18.039868,26.352192,4.958635
13.255620,28.353191,4.959204
8.367116,29.360210,4.948539
3.572539,29.562038,4.953898
-1.017343,29.178904,4.962249
-5.526420,28.241203,4.962377
-9.498866,26.798663,4.955030
-13.309521,24.579824,4.952853
-16.413195,22.005172,4.961059
-19.328789,19.224572,4.962597
-22.046974,16.245775,4.962379
-24.319894,12.921662,4.962707
-25.990230,9.253097,4.960327
-27.238974,5.421440,4.955017
-28.353927,1.347002,4.953007
-28.749916,-2.854736,4.958019
-28.287640,-7.048556,4.955077
-27.293275,-11.359489,4.947125
-25.844889,-15.724610,4.952248
-23.364469,-19.605239,4.960669
-20.218005,-22.982304,4.963423
-16.486724,-25.991401,4.957569
-12.335590,-28.406580,4.949447
-7.630612,-30.070679,4.949379
-2.861384,-30.624743,4.958536
2.110723,-30.175101,4.964040
6.760625,-28.999034,4.959459
11.576607,-27.691212,4.951471
16.569088,-26.325412,4.951037
20.994633,-23.603773,4.957763
24.451752,-19.748245,4.957994
27.544281,-15.583512,4.956901
30.658727,-10.975404,4.956426
32.776740,-6.031148,4.952952
33.659368,-0.531090,4.956868
33.242465,5.023516,4.960221
31.681409,10.374005,4.961169
29.151531,15.364917,4.960702
25.385997,19.112407,1.706775
21.677668,22.923417,1.703680
17.647288,25.780449,1.700866
12.942516,27.802688,1.699267
8.295069,28.795735,1.701315
3.560954,29.112574,1.706295
-0.985434,28.853823,1.702877
-5.488667,28.154183,1.707952
-9.665931,26.869791,1.708845
-13.313030,24.845849,1.707644
-16.529869,22.177901,1.714114
-19.619824,19.371659,1.703990
-22.452160,16.558914,1.701848
-24.926142,13.205450,1.707198
-26.696489,9.417075,1.711023
-27.937302,5.430432,1.712931
-28.782487,1.340365,1.708192
-28.999095,-2.832881,1.701313
-28.447912,-7.155692,1.699287
-27.419068,-11.410637,1.702084
-25.964237,-15.720812,1.704133
-23.395556,-19.707680,1.706087
-20.267093,-23.042941,1.711664
-16.463868,-25.854415,1.709648
-12.223443,-28.015668,1.700236
-7.547947,-29.584547,1.698838
-2.815091,-30.004764,1.706756
1.879426,-29.326864,1.708464
6.430590,-27.950280,1.709605
11.004407,-26.725703,1.713106
16.010861,-25.635587,1.711323
20.452206,-23.028731,1.705535
23.671599,-19.052237,1.700895
26.959015,-15.113952,1.700756
30.386841,-10.864227,1.704792
32.087410,-5.789037,1.709103
32.700944,-0.497044,1.709809
32.192690,4.968871,1.702296
30.682100,10.089001,1.698192
28.339401,14.894437,1.702869
24.585745,18.566899,-1.544962
21.101404,22.219823,-1.544328
17.018766,25.207342,-1.546866
12.578206,27.160445,-1.544535
8.003733,28.173725,-1.542749
3.348473,28.572575,-1.548903
-1.133377,28.407327,-1.546451
-5.410139,27.931326,-1.546120
-9.584022,26.874925,-1.545237
-13.389213,24.885956,-1.545748
-16.573831,22.275143,-1.550881
-19.686272,19.589057,-1.544407
-22.733115,16.812759,-1.538641
-25.382235,13.443246,-1.544195
-27.177820,9.729218,-1.548256
-28.420703,5.614189,-1.538992
-29.040623,1.359343,-1.535280
-29.073575,-2.946173,-1.536998
-28.467903,-7.194801,-1.540443
-27.387679,-11.368138,-1.542921
-25.746922,-15.738565,-1.542808
-23.289086,-19.491121,-1.541445
-20.066238,-22.904861,-1.541545
-16.224919,-25.530572,-1.539501
-11.951486,-27.468597,-1.538538
-7.503715,-28.891273,-1.544766
-2.839681,-29.296556,-1.550610
1.770494,-28.561064,-1.544440
6.242538,-27.154333,-1.543034
10.751801,-25.975751,-1.544117
15.512029,-24.985700,-1.537309
19.916914,-22.460393,-1.545775
22.923252,-18.653260,-1.542584
26.259408,-14.854625,-1.536564
29.768575,-10.825002,-1.539302
31.149879,-5.715437,-1.540677
31.573564,-0.477765,-1.540764
30.987347,4.884737,-1.543473
29.550885,9.759876,-1.546033
27.410089,14.368562,-1.546136
23.656964,17.934403,-4.794355
20.270030,21.531281,-4.790989
16.455463,24.403632,-4.793799
12.143627,26.385261,-4.792297
7.676523,27.440801,-4.790836
3.310416,27.912843,-4.798681
-1.079809,27.848448,-4.798551
-5.282183,27.534828,-4.792356
-9.586461,26.627845,-4.789670
-13.360479,24.776767,-4.791613
-16.667396,22.161133,-4.792530
-19.782652,19.612538,-4.793092
-22.982146,16.858303,-4.788259
-25.630602,13.607319,-4.789383
-27.499721,9.814884,-4.798801
-28.710655,5.594797,-4.800802
-29.080420,1.401410,-4.789484
-28.951214,-2.813631,-4.784925
-28.301729,-7.152924,-4.792319
-27.101128,-11.385588,-4.801162
-25.353725,-15.414930,-4.801684
-22.817595,-19.223211,-4.795697
-19.774292,-22.418648,-4.792773
-15.956466,-24.903580,-4.797383
-11.713431,-26.665349,-4.800018
-7.344419,-28.014473,-4.794178
-2.784349,-28.487053,-4.794310
1.739819,-27.848652,-4.795134
5.971896,-26.624107,-4.794168
10.392129,-25.472542,-4.792439
15.198477,-24.315337,-4.790360
19.343817,-21.915636,-4.789890
22.345967,-18.248154,-4.795982
25.637895,-14.522366,-4.797731
28.934771,-10.489715,-4.793136
30.016863,-5.410904,-4.791577
30.262370,-0.274440,-4.786344
29.649663,4.600588,-4.792487
28.261080,9.386235,-4.800378
26.245105,13.938863,-4.799272
22.563322,17.190090,-8.050728
19.422979,20.582722,-8.051105
15.754212,23.428301,-8.047135
11.606187,25.443535,-8.041566
7.464367,26.536313,-8.040929
3.056082,27.117351,-8.046280
-1.033955,27.130816,-8.049476
-5.302251,26.907283,-8.048131
-9.335886,26.186210,-8.042801
-13.233627,24.457710,-8.037499
-16.539749,22.035772,-8.036167
-19.772854,19.530215,-8.036639
-22.918657,16.894335,-8.043443
-25.632370,13.620322,-8.049094
-27.540897,9.777049,-8.044317
-28.666711,5.661132,-8.036960
-28.838848,1.395784,-8.042215
-28.545718,-2.870485,-8.042197
-27.873617,-7.088214,-8.044408
-26.604312,-11.163204,-8.048660
-24.687149,-14.983009,-8.043864
-22.305499,-18.527396,-8.039166
-19.220773,-21.753076,-8.044408
-15.457285,-24.092133,-8.046169
-11.293803,-25.700550,-8.038969
-7.032120,-26.965433,-8.036137
-2.792963,-27.542868,-8.043363
1.628557,-27.143587,-8.045881
5.965964,-26.113727,-8.048462
10.271661,-25.012348,-8.049937
14.703247,-23.680713,-8.043827
18.714362,-21.327429,-8.042671
21.881941,-17.756052,-8.040155
25.044502,-14.068093,-8.044032
27.807697,-10.034829,-8.048512
28.641348,-5.248324,-8.042870
28.758737,-0.251354,-8.046079
28.095277,4.480000,-8.047904
26.808962,8.965549,-8.047655
25.002954,13.265795,-8.048983
21.276747,16.314786,-11.293540
18.267184,19.598766,-11.290280
14.884324,22.251205,-11.294710
11.095773,24.236385,-11.295134
6.991148,25.499717,-11.289771
2.927836,26.142325,-11.293373
-1.183573,26.225820,-11.301193
-5.126168,26.047700,-11.296034
-9.188316,25.379917,-11.289088
-12.859292,23.947659,-11.288467
-16.334109,21.737206,-11.288219
-19.515536,19.410102,-11.295632
-22.648230,16.729358,-11.296858
-25.331402,13.404565,-11.292508
-27.168000,9.701793,-11.290473
-28.240436,5.555650,-11.291492
-28.241855,1.442957,-11.294365
-27.835745,-2.656394,-11.292402
-27.170525,-6.723578,-11.295746
-25.820017,-10.778549,-11.297703
-23.787554,-14.364962,-11.288640
-21.466724,-17.762863,-11.291409
-18.477661,-20.848616,-11.297567
-14.812464,-23.045955,-11.298947
-10.938245,-24.465712,-11.292206
-6.827073,-25.669590,-11.286463
-2.774970,-26.419974,-11.299187
1.499523,-26.337615,-11.295797
5.738549,-25.632182,-11.289513
10.054246,-24.537390,-11.291647
14.217986,-22.937435,-11.291700
18.035435,-20.609516,-11.296468
21.281384,-17.346632,-11.291243
24.181723,-13.674028,-11.286379
26.390328,-9.475328,-11.289835
27.050503,-4.861449,-11.292015
27.062795,-0.222850,-11.291618
26.399170,4.164541,-11.293746
25.176300,8.487973,-11.296392
23.488742,12.653589,-11.296243
19.761955,15.284513,-14.544802
16.905292,18.427663,-14.537606
13.815596,20.852036,-14.542769
10.260183,22.862611,-14.550312
6.580356,24.223889,-14.550078
2.727149,24.961493,-14.549593
-1.190430,25.115065,-14.545919
-4.945304,24.903725,-14.546134
-8.812758,24.257545,-14.548414
-12.537298,23.030119,-14.544372
-16.027325,21.237652,-14.536311
-19.256422,19.010714,-14.539417
-22.126880,16.334069,-14.542619
-24.581043,13.072772,-14.543019
-26.387967,9.395535,-14.545284
-27.350999,5.427074,-14.547457
-27.221873,1.346140,-14.541465
-26.732455,-2.547515,-14.536951
-26.060914,-6.423709,-14.543916
-24.695010,-10.252570,-14.551045
-22.617588,-13.591598,-14.547129
-20.381623,-16.814000,-14.549484
-17.508555,-19.726220,-14.546595
-14.133587,-21.710283,-14.542562
-10.429549,-23.024052,-14.540724
-6.507108,-24.159435,-14.538750
-2.690878,-25.084500,-14.540886
1.372828,-25.329466,-14.547029
5.625584,-24.947128,-14.551399
9.730725,-23.914824,-14.546187
13.567135,-22.069303,-14.536690
17.285506,-19.693080,-14.540183
20.592002,-16.762895,-14.541645
23.122311,-13.148581,-14.538659
24.660175,-8.834906,-14.540078
25.205307,-4.452269,-14.546802
25.141062,-0.199963,-14.547496
24.461549,3.982665,-14.539693
23.348624,7.941359,-14.536723
21.835296,11.771905,-14.542459
18.000556,14.087384,-17.798030
15.432587,16.943889,-17.797635
12.533260,19.219952,-17.791929
9.401136,21.177472,-17.792219
6.055562,22.712139,-17.795493
2.457644,23.536796,-17.787539
-1.225201,23.744661,-17.787157
-4.896693,23.424093,-17.793944
-8.366772,22.762572,-17.796552
-11.937590,21.837834,-17.792376
-15.540066,20.509584,-17.790104
-18.766536,18.416088,-17.795203
-21.369651,15.597589,-17.794172
-23.489302,12.387689,-17.791806
-25.151330,8.920259,-17.791485
-25.992501,5.172595,-17.790276
-25.768566,1.340944,-17.794429
-25.203601,-2.458543,-17.796911
-24.569022,-5.950386,-17.793386
-23.242770,-9.527980,-17.787857
-21.197526,-12.610245,-17.787906
-19.074528,-15.625427,-17.792650
-16.466808,-18.234200,-17.796446
-13.289809,-20.101550,-17.797174
-9.805342,-21.322238,-17.794038
-6.265310,-22.345412,-17.791789
-2.585179,-23.456217,-17.798154
1.198940,-24.000620,-17.791496
5.230233,-23.963358,-17.788687
9.229052,-22.999911,-17.796633
12.822982,-20.895152,-17.798506
16.259605,-18.594828,-17.798071
19.592226,-16.014651,-17.789241
21.764592,-12.424890,-17.789782
22.602999,-8.133216,-17.795442
23.077748,-4.182407,-17.789206
22.972459,-0.190225,-17.791276
22.283322,3.740579,-17.797186
21.275578,7.306753,-17.799811
19.861637,10.909242,-17.799088
15.959813,12.701809,-21.043518
13.702076,15.243211,-21.043444
11.022088,17.320053,-21.039632
8.342809,19.186575,-21.041308
5.417099,20.882910,-21.044171
2.131015,21.774420,-21.037484
-1.264086,22.026181,-21.046062
-4.621606,21.585853,-21.047447
-7.799737,20.862213,-21.041535
-11.140314,20.246314,-21.037742
-14.739825,19.493649,-21.038163
-17.914046,17.604977,-21.048393
-20.134843,14.687115,-21.051914
-21.850418,11.578268,-21.046043
-23.407253,8.246178,-21.041909
-24.104999,4.775621,-21.043666
-23.817780,1.250963,-21.040638
-23.258456,-2.098181,-21.042967
-22.612941,-5.450111,-21.040643
-21.398985,-8.594763,-21.039429
-19.459106,-11.396882,-21.050574
-17.488182,-14.163844,-21.051536
-15.066408,-16.544063,-21.039800
-12.254774,-18.186316,-21.042751
-9.045885,-19.309364,-21.048707
-5.789175,-20.265484,-21.038957
-2.585012,-21.400876,-21.047108
0.989724,-22.175677,-21.042985
4.859772,-22.398212,-21.037344
8.527366,-21.548138,-21.040547
11.718282,-19.398207,-21.039219
14.832255,-17.222943,-21.038915
18.180223,-14.871434,-21.045507
19.951300,-11.420049,-21.043811
20.205384,-7.343514,-21.037458
20.615322,-3.707984,-21.040266
20.469568,-0.034415,-21.039467
19.821790,3.444957,-21.043369
18.880417,6.721354,-21.046848
17.609158,9.895222,-21.045409
13.560657,11.075280,-24.290617
11.542977,13.339091,-24.298294
9.229524,15.082456,-24.293656
7.047218,16.810537,-24.288178
4.527855,18.667538,-24.290073
1.742910,19.537165,-24.290816
-1.290799,19.842189,-24.289911
-4.239538,19.286304,-24.288459
-7.168275,18.452273,-24.288344
-10.176648,18.133861,-24.292240
-13.703416,17.962716,-24.298765
-16.720447,16.318370,-24.295918
-18.432387,13.404495,-24.295122
-19.711528,10.367715,-24.293706
-21.009269,7.493811,-24.289452
-21.597746,4.264311,-24.290451
-21.266165,1.128423,-24.298122
-20.727285,-1.850253,-24.295044
-20.142918,-4.707584,-24.291936
-19.032728,-7.501496,-24.292989
-17.368809,-9.890974,-24.290715
-15.600855,-12.352049,-24.289278
-13.518337,-14.366954,-24.292878
-10.905624,-15.908860,-24.292420
-8.173866,-16.888411,-24.289719
-5.390994,-17.706081,-24.291838
-2.449811,-18.853236,-24.291678
0.699585,-19.684813,-24.293419
4.152396,-20.064649,-24.296840
7.531599,-19.331570,-24.298622
10.299875,-17.286597,-24.297899
13.039314,-15.307327,-24.295452
16.126634,-13.264825,-24.290595
17.512168,-10.087297,-24.294372
17.366381,-6.280164,-24.299018
17.712181,-3.164682,-24.294146
17.560608,-0.018194,-24.294518
17.000561,2.963162,-24.291244
16.159803,5.877888,-24.286295
15.048638,8.576859,-24.285853
10.645690,9.102615,-27.543655
9.030378,10.936475,-27.543209
7.145433,12.312025,-27.545690
5.414139,13.868872,-27.544093
3.541438,15.706000,-27.539310
1.129605,16.580309,-27.542765
-1.430375,16.895426,-27.547708
-3.938140,16.198870,-27.547521
-6.262359,15.376730,-27.542603
-8.802590,15.302045,-27.539694
-12.173066,15.680763,-27.543819
-14.872820,14.335066,-27.540809
-16.041892,11.548730,-27.537910
-16.810130,8.775730,-27.542816
-17.832828,6.325283,-27.546968
-18.258527,3.706321,-27.543725
-17.951775,1.074853,-27.544089
-17.468213,-1.423371,-27.543513
-16.940607,-3.814258,-27.542723
-16.036955,-6.064015,-27.542526
-14.666919,-8.089936,-27.542747
-13.233541,-10.065475,-27.545690
-11.471333,-11.744710,-27.545996
-9.374300,-13.001105,-27.544619
-7.092353,-13.858238,-27.542369
-4.759875,-14.567288,-27.540667
-2.397506,-15.519445,-27.543825
0.222629,-16.306903,-27.540238
3.222204,-16.769942,-27.541128
6.056917,-16.198916,-27.545060
8.352399,-14.427404,-27.542017
10.621003,-12.723290,-27.546627
13.164040,-11.071951,-27.549796
14.238638,-8.232216,-27.545713
13.901799,-5.028204,-27.540123
14.185103,-2.408685,-27.539015
14.027276,0.128942,-27.541658
13.556459,2.528455,-27.546432
12.853398,4.863154,-27.548620
11.871181,7.106182,-27.546467
6.818532,6.519197,-30.793289
5.687663,7.785371,-30.796530
4.360362,8.723053,-30.796805
3.195617,9.928645,-30.793813
1.991254,11.490749,-30.791471
0.253304,12.189144,-30.792383
-1.537943,12.505339,-30.790719
-3.355720,11.857748,-30.794076
-4.999899,11.124679,-30.795195
-6.922968,11.196421,-30.791937
-9.605517,11.891990,-30.794267
-11.705532,10.974892,-30.792744
-12.357696,8.689930,-30.791482
-12.665897,6.458173,-30.794519
-13.305632,4.716654,-30.796977
-13.560190,2.807404,-30.794865
-13.307004,0.900335,-30.791366
-12.951309,-0.835513,-30.793858
-12.554080,-2.484754,-30.793808
-11.916218,-4.131756,-30.792421
-11.002668,-5.652431,-30.794899
-10.012432,-7.028440,-30.791639
-8.719973,-8.236188,-30.790930
-7.192142,-9.137683,-30.791929
-5.610061,-9.741614,-30.793104
-3.921842,-10.275839,-30.794244
-2.269474,-10.917526,-30.791814
-0.374132,-11.511255,-30.792627
1.794890,-11.936710,-30.796420
3.851970,-11.570174,-30.795770
5.505926,-10.257720,-30.791048
7.124999,-8.983558,-30.791290
8.974155,-7.766219,-30.795837
9.609605,-5.692740,-30.795836
9.259990,-3.371655,-30.794538
9.467872,-1.544999,-30.797090
9.352165,0.297437,-30.795268
9.030958,1.967664,-30.793132
8.487920,3.647350,-30.791922
7.726512,5.165903,-30.791734
-2.007533,0.590661,-34.043789
23.060595,23.739541,30.956211
18.558504,26.562276,30.956211
13.490179,28.175753,30.956211
8.186236,28.360398,30.956211
3.297022,27.251833,30.956211
-1.136208,25.273375,30.956211
-4.710993,22.979904,30.956211
-7.739858,20.454383,30.956211
-10.147777,17.930503,30.956211
-12.176786,15.281797,30.956211
-13.689930,12.829485,30.956211
-14.900147,10.382550,30.956211
-15.874478,7.832493,30.956211
-16.525789,5.494900,30.956211
-16.957680,3.107093,30.956211
-17.151127,0.688051,30.956211
-17.084669,-1.737771,30.956211
-16.735334,-4.139536,30.956211
-16.081282,-6.477032,30.956211
-15.034406,-8.833862,30.956211
-13.621565,-10.992245,30.956211
-11.864404,-12.879599,30.956211
-9.824083,-14.457514,30.956211
-7.582165,-15.732334,30.956211
-5.063853,-16.786346,30.956211
-2.302444,-17.608886,30.956211
0.523674,-18.170218,30.956211
3.688618,-18.523060,30.956211
7.023511,-18.618411,30.956211
10.807936,-18.390621,30.956211
14.992860,-17.671680,30.956211
19.466512,-16.210504,30.956211
23.667484,-13.776943,30.956211
27.213479,-10.238279,30.956211
29.789997,-5.763927,30.956211
31.289788,-0.825360,30.956211
31.781411,4.455753,30.956211
31.205319,9.921924,30.956211
29.594877,15.048148,30.956211
23.977548,17.804961,28.203450
21.149751,21.830486,28.209404
17.410352,25.003806,28.212227
12.896661,27.050854,28.205618
7.893538,27.448498,28.200303
3.084473,26.291924,28.202033
-1.091913,24.679388,28.202554
-4.719164,22.591999,28.209369
-7.751714,20.359502,28.209770
-10.235428,17.945701,28.208754
-12.132476,15.391269,28.206933
-13.645101,12.761631,28.200365
-14.824527,10.276666,28.208287
-15.579519,7.794546,28.210625
-15.985583,5.220527,28.206715
-16.178955,2.917601,28.209222
-16.151236,0.604023,28.210944
-15.849112,-1.539802,28.211002
-15.401967,-3.810040,28.211893
-14.973367,-5.933264,28.210321
-14.302526,-8.294440,28.201426
-13.285887,-10.547024,28.207279
-11.592994,-12.498337,28.215391
-9.523637,-13.853129,28.210021
-7.309122,-15.206022,28.200811
-5.087426,-17.068094,28.205116
-2.332301,-18.270451,28.205784
0.572837,-18.651480,28.205523
3.566226,-18.284910,28.205972
6.505487,-17.541808,28.205392
10.265227,-17.577078,28.211915
14.551567,-17.080310,28.205140
19.125419,-15.994039,28.206984
23.223179,-13.484376,28.208352
25.820462,-9.745828,28.203612
27.672497,-5.364155,28.209967
28.523808,-0.669992,28.205647
28.431489,4.100413,28.207504
27.588003,8.800972,28.209268
26.118427,13.354417,28.204996
21.497746,16.086940,25.454039
18.969181,19.717060,25.454758
15.614683,22.779676,25.451996
11.662997,24.882003,25.453745
7.201921,25.422595,25.457402
2.712089,24.402667,25.456578
-1.084200,23.142747,25.455950
-4.502510,21.354451,25.458399
-7.372557,19.411406,25.462061
-9.801558,17.169166,25.457277
-11.680022,14.602187,25.449469
-13.025329,12.191419,25.454655
-14.130995,9.805191,25.461540
-14.831472,7.285429,25.460460
-15.125640,4.950898,25.458025
-15.271202,2.747279,25.460780
-15.233894,0.673635,25.460448
-14.880828,-1.504409,25.452952
-14.498839,-3.539893,25.449692
-14.242469,-5.595520,25.453159
-13.815610,-8.042792,25.451378
-13.022243,-10.411289,25.453568
-11.617624,-12.446042,25.458144
-9.713043,-14.065013,25.461058
-7.532133,-15.752806,25.460917
-5.261954,-17.989095,25.454108
-2.446677,-19.394974,25.452881
0.732127,-19.885946,25.454049
4.014281,-19.597768,25.456729
7.264428,-18.928397,25.461636
10.980529,-18.592157,25.461472
14.975664,-17.595818,25.459588
19.203869,-16.053305,25.460988
22.759819,-13.168454,25.456117
24.758415,-9.296896,25.450770
26.072155,-5.092074,25.456730
26.531227,-0.557107,25.457359
26.139507,3.848429,25.455164
25.082284,8.139935,25.453616
23.544479,12.144719,25.453241
19.422584,14.652100,22.702094
16.761616,17.775922,22.705362
13.656203,20.230487,22.704857
10.066535,22.016004,22.707241
6.179468,22.556761,22.710244
2.235076,21.874805,22.705542
-1.188628,20.871534,22.700730
-4.284333,19.382499,22.709608
-6.942480,17.629274,22.707766
-9.085794,15.666767,22.703586
-10.844248,13.343963,22.706223
-12.091786,11.162242,22.706384
-13.100709,9.000822,22.707631
-13.785097,6.725241,22.709271
-14.130259,4.633599,22.706026
-14.350736,2.529063,22.700093
-14.411941,0.543677,22.703238
-14.216398,-1.428706,22.704640
-13.979856,-3.398255,22.705325
-13.852192,-5.511792,22.706487
-13.599576,-7.879946,22.700232
-12.971249,-10.315866,22.702867
-11.790461,-12.684886,22.709125
-10.060417,-14.858395,22.711840
-7.987256,-16.904913,22.711440
-5.535538,-19.136422,22.702702
-2.474671,-20.668499,22.700881
0.915789,-21.376264,22.701514
4.474500,-21.390104,22.704355
8.150246,-20.864038,22.710844
12.036733,-20.057253,22.708402
15.803864,-18.472905,22.702478
19.430780,-16.201702,22.705179
22.269279,-12.953863,22.709945
23.921052,-9.013137,22.707321
24.914738,-4.769517,22.701781
25.109547,-0.539079,22.700588
24.592942,3.533935,22.705873
23.369364,7.586140,22.707863
21.591011,11.297273,22.703870
17.766874,13.501701,19.950284
14.867969,16.000242,19.951619
11.772356,17.779072,19.952785
8.391835,18.948743,19.952976
4.975571,19.372710,19.953716
1.795448,19.096877,19.953215
-1.281991,18.258199,19.951172
-3.962995,17.061413,19.954825
-6.301674,15.512902,19.959693
-8.189380,13.793615,19.960420
-9.741793,11.933342,19.959592
-10.973528,9.995533,19.961415
-11.940978,8.054077,19.960995
-12.650559,6.141684,19.959943
-13.146527,4.293512,19.961725
-13.516316,2.416750,19.962309
-13.760425,0.518582,19.951875
-13.820249,-1.264481,19.950660
-13.793440,-3.305196,19.955401
-13.762387,-5.472905,19.953317
-13.602776,-7.764185,19.951780
-13.054509,-10.383063,19.953895
-12.076853,-13.019067,19.957950
-10.561727,-15.675797,19.958081
-8.376176,-18.174920,19.953715
-5.642846,-20.274360,19.954920
-2.527912,-21.743434,19.953929
1.060608,-22.651815,19.957475
5.004462,-22.966643,19.961713
8.942672,-22.605207,19.960364
12.968027,-21.365057,19.960687
16.502928,-19.314741,19.951159
19.625480,-16.299613,19.952820
21.856480,-12.730415,19.959588
23.307892,-8.773554,19.960744
24.075098,-4.635189,19.960711
24.129542,-0.553182,19.954512
23.507005,3.483834,19.957291
22.179703,7.212483,19.959063
20.159898,10.643160,19.953979
16.445804,12.718866,17.206753
13.378290,14.589340,17.210070
10.234340,15.746831,17.204859
6.939624,16.261226,17.209383
3.962159,16.516288,17.207910
1.254875,16.446749,17.203847
-1.375727,15.702454,17.211467
-3.660836,14.725735,17.210317
-5.687619,13.320772,17.210796
-7.350932,11.825014,17.208988
-8.726829,10.402009,17.205896
-9.911236,8.811462,17.206495
-10.823719,7.193978,17.201987
-11.595440,5.639570,17.202383
-12.328359,3.933980,17.208157
-12.864261,2.284290,17.209854
-13.297352,0.605257,17.206964
-13.671006,-1.341328,17.204526
-13.876549,-3.311308,17.204194
-13.905470,-5.541696,17.202439
-13.755799,-7.891218,17.199446
-13.256465,-10.567558,17.205785
-12.376540,-13.410967,17.206546
-10.916717,-16.423085,17.199611
-8.683447,-19.076821,17.203357
-5.800394,-21.009226,17.207836
-2.508857,-22.469216,17.210127
1.190258,-23.461532,17.205014
5.265586,-23.952153,17.203834
9.457126,-23.678772,17.212747
13.411554,-22.204633,17.212580
16.979523,-19.708317,17.206151
19.646265,-16.313849,17.205313
21.532750,-12.526452,17.204991
22.845863,-8.662706,17.203620
23.493413,-4.623460,17.207103
23.475319,-0.534974,17.208210
22.807374,3.374521,17.206530
21.384056,6.954576,17.204294
19.177161,10.151974,17.203682
15.651383,12.145438,14.457597
12.446090,13.599332,14.455720
9.127257,14.361207,14.453527
5.982554,14.394077,14.460362
3.303512,14.453157,14.456650
0.898863,14.374644,14.451620
-1.425050,13.638332,14.459663
-3.434490,12.765389,14.458488
-5.102731,11.573418,14.455219
-6.595088,10.323645,14.453507
-7.975835,9.140302,14.452757
-9.110221,7.875068,14.452667
-9.986703,6.565382,14.453364
-10.922276,5.146377,14.458262
-11.752070,3.807754,14.462491
-12.473082,2.268994,14.460879
-13.122680,0.570135,14.456908
-13.736811,-1.274723,14.457860
-14.168008,-3.409400,14.455823
-14.224969,-5.596939,14.449859
-14.027766,-8.137173,14.460019
-13.524395,-10.880125,14.458915
-12.675647,-13.792538,14.452713
-11.234655,-16.878108,14.451840
-8.874897,-19.643071,14.449962
-5.963799,-21.397989,14.452999
-2.476960,-22.840219,14.458637
1.263743,-23.822549,14.461541
5.379238,-24.327792,14.456127
9.600906,-24.039465,14.450064
13.654540,-22.385546,14.456232
17.043608,-19.789392,14.455141
19.529784,-16.229651,14.449929
21.243300,-12.451932,14.455991
22.536241,-8.545570,14.460438
23.132646,-4.460268,14.450459
23.072965,-0.577405,14.458627
22.355253,3.361491,14.457511
20.859434,6.838293,14.453525
18.531299,9.870821,14.455595
15.297361,11.887060,11.705673
11.934817,13.170063,11.700095
8.616357,13.725870,11.699985
5.511094,13.602517,11.704211
2.987131,13.489400,11.707622
0.618672,13.232278,11.707655
-1.423447,12.510086,11.705602
-3.274841,11.650590,11.706697
-4.862473,10.583802,11.711006
-6.217007,9.590593,11.710530
-7.568058,8.594186,11.704422
-8.710845,7.534132,11.701391
-9.683614,6.318537,11.707343
-10.655463,5.098292,11.708844
-11.667204,3.762413,11.706972
-12.547300,2.192828,11.708655
-13.290814,0.557015,11.703234
-14.057042,-1.337379,11.703764
-14.597988,-3.541073,11.707598
-14.653816,-5.825260,11.703482
-14.393455,-8.329096,11.701179
-13.846098,-11.153383,11.709462
-12.940553,-14.134272,11.711108
-11.377003,-17.252868,11.701465
-9.049697,-19.830930,11.699923
-5.902958,-21.574837,11.707471
-2.531303,-22.857510,11.712117
1.299284,-23.801177,11.710097
5.251498,-24.169618,11.707538
9.536321,-23.715358,11.705243
13.429184,-22.129052,11.699983
16.788559,-19.583555,11.707029
19.290009,-16.091429,11.706427
21.066598,-12.267372,11.704416
22.343857,-8.406248,11.705448
22.917241,-4.487868,11.700060
22.844394,-0.530803,11.700731
22.131352,3.236767,11.705242
20.572446,6.779309,11.708898
18.216095,9.745148,11.709268
15.365614,11.935940,8.961926
12.017174,13.245602,8.949934
8.715085,13.857406,8.954037
5.609981,13.863226,8.961573
2.975680,13.681112,8.960829
0.616439,13.308074,8.960526
-1.424912,12.608545,8.961342
-3.264324,11.738050,8.952126
-4.944527,10.818777,8.953472
-6.370346,9.939352,8.957613
-7.739775,8.971795,8.955242
-9.018600,7.888491,8.950594
-10.148652,6.652829,8.952770
-11.212029,5.354427,8.950987
-12.253253,3.893953,8.952176
-13.111314,2.315478,8.961496
-13.867330,0.556746,8.955924
-14.609295,-1.470569,8.952462
-15.099962,-3.687085,8.958118
-15.132767,-6.085611,8.960349
-14.784935,-8.574920,8.953709
-14.172704,-11.384430,8.954929
-13.127911,-14.438914,8.959791
-11.458706,-17.360639,8.957967
-9.019623,-19.826698,8.956831
-5.937487,-21.428192,8.962543
-2.539104,-22.612078,8.956730
1.199973,-23.445765,8.956928
5.143721,-23.604525,8.959107
9.164485,-22.924843,8.953481
12.976714,-21.492722,8.960084
16.408657,-19.074353,8.960798
18.958383,-15.909469,8.960085
20.899133,-12.181011,8.962883
22.218245,-8.335867,8.958994
22.818948,-4.427800,8.950348
22.743958,-0.475152,8.960529
21.992287,3.275108,8.958269
20.497941,6.721086,8.956891
18.223193,9.744089,8.963697
15.702893,12.180334,6.207847
12.397764,13.667838,6.202891
9.234312,14.463499,6.201430
6.114052,14.738364,6.200038
3.338701,14.639148,6.204902
0.831331,14.277171,6.211428
-1.373134,13.648035,6.209023
-3.478392,12.745175,6.202159
-5.253493,11.981837,6.207366
-6.958273,11.085556,6.208265
-8.525720,9.955212,6.205208
-9.899427,8.778348,6.210361
-11.178403,7.495444,6.203461
-12.336866,5.955967,6.204031
-13.292072,4.274780,6.208150
-14.095342,2.520891,6.202633
-14.739490,0.574709,6.207891
-15.267106,-1.532621,6.210595
-15.616506,-3.799338,6.205883
-15.606548,-6.331414,6.202396
-15.159161,-8.824514,6.205440
-14.438266,-11.634042,6.208341
-13.270060,-14.538030,6.207507
-11.378005,-17.350178,6.208684
-8.863007,-19.601445,6.212000
-5.829906,-21.093797,6.207050
-2.494363,-22.153597,6.204404
1.190954,-22.853683,6.202322
4.911626,-22.781572,6.205423
8.688163,-21.911900,6.212637
12.461133,-20.645847,6.208547
15.838457,-18.538849,6.205426
18.672896,-15.564648,6.206701
20.731214,-12.154182,6.210878
22.137625,-8.299881,6.211596
22.782832,-4.491781,6.208170
22.733198,-0.506940,6.212390
21.952614,3.262274,6.207497
20.501002,6.768289,6.203868
18.436575,9.821151,6.207068
16.117906,12.480981,3.451110
12.996366,14.165285,3.457611
9.753129,15.257953,3.452759
6.749280,15.803859,3.452649
3.822348,15.866168,3.459246
1.028060,15.546987,3.462937
-1.353998,15.013745,3.461055
-3.644898,14.175527,3.458697
-5.720404,13.436625,3.452278
-7.587493,12.549576,3.451206
-9.363231,11.245510,3.453691
-10.919904,9.874832,3.450439
-12.400020,8.409830,3.459671
-13.568555,6.708228,3.459025
-14.479175,4.697519,3.453730
-15.186239,2.748564,3.459999
-15.684983,0.608318,3.454080
-15.961505,-1.571119,3.453868
-16.111521,-4.012518,3.456115
-16.025140,-6.449074,3.452220
-15.464252,-9.075603,3.454653
-14.592983,-11.880663,3.456185
-13.241102,-14.610001,3.454037
-11.243452,-17.088619,3.454147
-8.765330,-19.073809,3.458106
-5.687795,-20.567120,3.457289
-2.409418,-21.526176,3.451125
0.984367,-22.062926,3.455218
4.619090,-21.867102,3.458550
8.179008,-20.945615,3.452041
11.924475,-19.837132,3.459442
15.343107,-17.957467,3.461683
18.286178,-15.360854,3.460758
20.595740,-12.070622,3.459391
22.070419,-8.311060,3.455862
22.786715,-4.469570,3.451722
22.762231,-0.556826,3.450610
21.956987,3.251692,3.454048
20.608878,6.718260,3.453761
18.704740,9.918305,3.449687
16.433100,12.709868,0.708342
13.411341,14.631917,0.702901
10.345525,15.931373,0.706605
7.246145,16.778078,0.708519
4.182810,16.994497,0.704444
1.350689,16.731332,0.699406
-1.322441,16.281915,0.699175
-3.792153,15.517767,0.707086
-6.014781,14.754610,0.711913
-8.226922,13.687118,0.709462
-10.099697,12.271157,0.703836
-11.729467,10.767627,0.700947
-13.365437,9.078578,0.700394
-14.550386,7.219462,0.704931
-15.427725,5.034483,0.706407
-16.088512,2.918937,0.700238
-16.487938,0.610440,0.701718
-16.586386,-1.728945,0.706311
-16.533600,-4.073542,0.707921
-16.305060,-6.649390,0.706883
-15.661305,-9.284745,0.707036
-14.649757,-11.939533,0.706163
-13.110769,-14.463209,0.703972
-11.064046,-16.605829,0.701323
-8.448663,-18.462772,0.699855
-5.564670,-19.866518,0.703509
-2.485580,-20.744737,0.711608
0.951132,-21.178756,0.709052
4.384598,-20.976858,0.705450
7.884531,-20.204818,0.711735
11.450608,-19.224230,0.708457
14.866899,-17.526751,0.705227
18.004482,-15.101387,0.704134
20.434124,-12.011886,0.706452
21.988231,-8.370374,0.706952
22.796383,-4.383313,0.700882
22.782503,-0.555105,0.701973
21.955718,3.288069,0.705119
20.633073,6.797990,0.708508
18.890903,9.976433,0.710930
16.503656,12.763039,-2.041477
13.707725,14.807389,-2.049667
10.618780,16.360702,-2.041983
7.570068,17.416200,-2.036185
4.519962,17.773822,-2.037949
1.427710,17.547414,-2.040837
-1.266724,17.207881,-2.040234
-3.899312,16.539654,-2.035843
-6.322491,15.601822,-2.043779
-8.484021,14.408238,-2.050097
-10.449212,12.908408,-2.043655
-12.227618,11.193971,-2.037310
-13.774323,9.422304,-2.037487
-15.013245,7.435878,-2.038236
-15.929991,5.268554,-2.042263
-16.613347,3.023940,-2.049024
-17.002522,0.708234,-2.041926
-17.062750,-1.761673,-2.037201
-16.847775,-4.223544,-2.043787
-16.452788,-6.663252,-2.048516
-15.774927,-9.296779,-2.038119
-14.572805,-11.870270,-2.038601
-12.863591,-14.147794,-2.046374
-10.746173,-16.038978,-2.045238
-8.246075,-17.639370,-2.037214
-5.488579,-19.036022,-2.040745
-2.404809,-19.921142,-2.043822
0.794705,-20.254078,-2.045366
4.129389,-20.200207,-2.049500
7.685614,-19.759482,-2.048875
11.145027,-18.820682,-2.037076
14.598061,-17.170929,-2.041459
17.714794,-14.919479,-2.049619
20.256346,-11.906623,-2.044487
21.909114,-8.300729,-2.037778
22.747965,-4.436746,-2.043683
22.743456,-0.477966,-2.043501
21.938613,3.256023,-2.048730
20.617081,6.760481,-2.048729
18.891132,9.943086,-2.041483
16.296630,12.618987,-4.799122
13.623734,14.790569,-4.799308
10.745612,16.435879,-4.800053
7.770531,17.646616,-4.800570
4.636686,18.170813,-4.795339
1.554822,18.057296,-4.790291
-1.259045,17.807482,-4.791984
-4.034900,17.236895,-4.786775
-6.487147,16.120910,-4.794581
-8.662212,14.713196,-4.799496
-10.711130,13.148523,-4.794269
-12.452732,11.411754,-4.798007
-13.880100,9.563574,-4.797214
-15.172044,7.469376,-4.788966
-16.159992,5.354523,-4.789486
-16.885890,3.004514,-4.800657
-17.297103,0.704982,-4.792468
-17.385619,-1.755361,-4.786839
-17.067631,-4.188721,-4.791053
-16.466417,-6.703644,-4.795729
-15.753329,-9.315826,-4.797097
-14.427869,-11.660014,-4.796654
-12.610617,-13.686746,-4.793676
-10.393126,-15.424901,-4.794537
-7.943836,-16.845661,-4.800195
-5.326545,-18.212186,-4.796783
-2.384012,-19.082415,-4.796862
0.677717,-19.372659,-4.794222
3.999259,-19.509572,-4.789985
7.431585,-19.459247,-4.794786
10.988880,-18.469150,-4.799404
14.323313,-16.883282,-4.789069
17.437770,-14.680487,-4.789692
20.015038,-11.713072,-4.798416
21.735159,-8.165910,-4.798108
22.578918,-4.447555,-4.793298
22.584622,-0.509954,-4.790801
21.799716,3.214541,-4.791468
20.450123,6.669503,-4.794108
18.595528,9.887092,-4.797288
15.805272,12.273589,-7.548577
13.356674,14.453195,-7.543436
10.592169,16.207271,-7.544318
7.700875,17.504095,-7.546859
4.630045,18.185664,-7.546231
1.589950,18.256892,-7.545637
-1.318182,18.095290,-7.545954
-4.090793,17.640726,-7.538981
-6.566432,16.409370,-7.542641
-8.762548,14.857099,-7.549820
-10.808025,13.343547,-7.545444
-12.527373,11.624710,-7.536660
-13.919605,9.639171,-7.545831
-15.179576,7.556745,-7.550160
-16.261523,5.389094,-7.541594
-16.978686,3.066282,-7.537930
-17.424181,0.679687,-7.544129
-17.539974,-1.754120,-7.543549
-17.138371,-4.260786,-7.538256
-16.401707,-6.710277,-7.540382
-15.631914,-9.273205,-7.548454
-14.157118,-11.477137,-7.550056
-12.302260,-13.262570,-7.547286
-10.037727,-14.873110,-7.547905
-7.685130,-16.147265,-7.550167
-5.208400,-17.442135,-7.544117
-2.427014,-18.294344,-7.545977
0.596612,-18.588696,-7.544825
3.747562,-18.869063,-7.542084
7.361500,-19.094920,-7.549727
10.636406,-18.144430,-7.549676
13.936883,-16.570893,-7.544301
16.999858,-14.396478,-7.544641
19.575713,-11.479541,-7.541886
21.344825,-8.017343,-7.538233
22.192604,-4.346197,-7.544946
22.179275,-0.458789,-7.542155
21.403567,3.227125,-7.541209
19.998389,6.590498,-7.545312
18.106751,9.580007,-7.549479
15.011168,11.713105,-10.292745
12.688962,13.920991,-10.295297
10.142682,15.664786,-10.289467
7.347092,16.982794,-10.293737
4.491312,17.801024,-10.293884
1.544559,18.134691,-10.287886
-1.305742,18.068134,-10.294634
-4.036944,17.724645,-10.295149
-6.589514,16.537577,-10.291354
-8.868840,14.995426,-10.290484
-10.911491,13.574124,-10.293672
-12.698006,11.828231,-10.296867
-14.082263,9.759465,-10.294466
-15.326479,7.589934,-10.295575
-16.347833,5.453143,-10.297092
-17.028726,3.050866,-10.293089
-17.421488,0.708956,-10.295326
-17.508780,-1.791341,-10.295045
-17.091736,-4.238549,-10.289997
-16.321149,-6.619288,-10.288631
-15.457244,-9.091855,-10.295532
-13.933056,-11.188760,-10.295881
-11.973741,-12.951503,-10.292519
-9.829349,-14.423439,-10.290905
-7.515751,-15.644396,-10.291332
-5.059220,-16.841355,-10.294354
-2.328514,-17.650265,-10.296684
0.505294,-17.947931,-10.291991
3.585204,-18.268062,-10.290595
6.996088,-18.546030,-10.299822
10.308032,-17.568971,-10.298480
13.524229,-16.000356,-10.299418
16.384884,-13.897816,-10.297889
18.827335,-11.127382,-10.292593
20.607367,-7.771469,-10.288190
21.437047,-4.179778,-10.287798
21.399408,-0.498083,-10.293035
20.647022,3.115755,-10.293839
19.206089,6.357878,-10.291343
17.228893,9.193329,-10.290302
13.867669,10.904053,-13.046998
11.776817,13.016851,-13.038577
9.369695,14.768119,-13.038903
6.793314,15.999600,-13.042476
4.210018,16.969203,-13.043034
1.443653,17.638270,-13.043730
-1.308836,17.661434,-13.048412
-4.055294,17.384348,-13.048549
-6.612452,16.446215,-13.040102
-8.931054,15.166981,-13.037433
-11.048172,13.813272,-13.041871
-12.965980,12.004895,-13.040654
-14.368680,9.919253,-13.043433
-15.542768,7.683326,-13.041502
-16.437903,5.459388,-13.039764
-16.982363,3.116219,-13.044514
-17.269776,0.729252,-13.040180
-17.244585,-1.789153,-13.035944
-16.857475,-4.158379,-13.041762
-16.128747,-6.572296,-13.048763
-15.121598,-8.883737,-13.042771
-13.609474,-10.886922,-13.047505
-11.751946,-12.601157,-13.049770
-9.607029,-14.118391,-13.044744
-7.384608,-15.304664,-13.043596
-4.957663,-16.323424,-13.042228
-2.307745,-17.051095,-13.044258
0.413032,-17.384409,-13.047058
3.391066,-17.590518,-13.045057
6.582266,-17.584465,-13.039259
9.659390,-16.673649,-13.038217
12.653552,-15.214385,-13.038245
15.468651,-13.074319,-13.038736
17.717171,-10.463724,-13.040347
19.380474,-7.333450,-13.043728
20.139593,-3.979670,-13.046772
20.070014,-0.433957,-13.045093
19.355877,2.939420,-13.045054
17.899386,6.017478,-13.048521
15.957268,8.581290,-13.050969
12.304486,9.794563,-15.791980
10.447017,11.739937,-15.795117
8.303218,13.375773,-15.797771
5.973273,14.480051,-15.791222
3.651098,15.649141,-15.791012
1.297143,16.644977,-15.795998
-1.300921,16.760674,-15.791177
-3.885241,16.569686,-15.791940
-6.413095,16.064031,-15.793421
-8.842867,15.167749,-15.796912
-11.082147,13.874072,-15.799764
-13.020000,12.158162,-15.793033
-14.520590,10.054793,-15.791960
-15.580612,7.810106,-15.793122
-16.306293,5.443055,-15.790005
-16.703285,2.996740,-15.787824
-16.806738,0.627005,-15.796280
-16.605942,-1.727850,-15.796801
-16.269743,-3.974621,-15.793067
-15.663850,-6.368319,-15.795919
-14.516859,-8.443068,-15.799286
-13.097312,-10.351528,-15.791864
-11.371057,-12.117885,-15.787423
-9.394105,-13.620970,-15.793655
-7.233963,-14.831191,-15.797502
-4.791164,-15.674619,-15.792307
-2.278524,-16.282755,-15.796955
0.388616,-16.691273,-15.800611
3.072691,-16.644865,-15.797973
5.928333,-16.062480,-15.795996
8.721349,-15.253687,-15.791647
11.530255,-13.885817,-15.792529
13.976001,-11.944300,-15.790852
15.999658,-9.554932,-15.788485
17.505767,-6.697701,-15.790720
18.183415,-3.533966,-15.793624
18.074347,-0.413890,-15.794809
17.412821,2.657001,-15.795778
16.048360,5.429346,-15.794687
14.148688,7.789294,-15.792211
10.081744,8.330761,-18.547753
8.559086,9.958432,-18.547592
6.802808,11.341993,-18.545381
4.766488,12.268816,-18.541462
2.938181,13.544075,-18.541680
0.981371,14.892727,-18.542735
-1.375739,15.074439,-18.539641
-3.706389,14.980849,-18.542632
-6.134483,14.982422,-18.542023
-8.603621,14.559650,-18.542054
-10.851562,13.374058,-18.544275
-12.714440,11.819321,-18.540671
-14.245894,9.807141,-18.542574
-15.168811,7.568177,-18.543789
-15.630969,5.179875,-18.541662
-15.815358,2.859387,-18.540140
-15.710805,0.626871,-18.539397
-15.322042,-1.464580,-18.545640
-14.996605,-3.591717,-18.546989
-14.560423,-5.856551,-18.538867
-13.332764,-7.600427,-18.542690
-12.004332,-9.417645,-18.548056
-10.585523,-11.116845,-18.548020
-8.866069,-12.561510,-18.544924
-6.878631,-13.771863,-18.543079
-4.556847,-14.473355,-18.542992
-2.293642,-14.957223,-18.542515
0.142736,-15.462108,-18.539687
2.645300,-15.110488,-18.539733
4.826035,-13.784096,-18.544882
7.253751,-13.093125,-18.545688
9.626036,-11.991616,-18.547322
11.733242,-10.262509,-18.543151
13.466158,-8.169380,-18.541358
14.705644,-5.749284,-18.544173
15.276930,-2.991765,-18.540561
15.141627,-0.279935,-18.542176
14.565891,2.293846,-18.545062
13.333576,4.675526,-18.546770
11.691645,6.610860,-18.547410
6.830984,6.164310,-21.293927
5.707586,7.333234,-21.291332
4.399575,8.298092,-21.292185
2.950627,8.899832,-21.295633
1.745296,10.167754,-21.296268
0.318322,11.576715,-21.293348
-1.517203,11.759105,-21.292387
-3.294674,11.826561,-21.293247
-5.394044,12.382017,-21.294798
-7.584752,12.455618,-21.293753
-9.524467,11.571974,-21.292134
-11.236580,10.251451,-21.293397
-12.607703,8.555183,-21.293060
-13.302995,6.525705,-21.294937
-13.447526,4.346443,-21.296870
-13.394795,2.417491,-21.295846
-13.076625,0.587740,-21.296917
-12.496448,-1.175172,-21.294689
-12.180068,-2.781028,-21.292668
-11.939701,-4.532635,-21.295023
-10.792668,-5.867961,-21.297348
-9.780363,-7.250384,-21.296170
-8.773990,-8.794839,-21.294738
-7.469754,-10.022735,-21.294614
-5.871437,-11.110679,-21.292159
-4.110353,-11.707045,-21.291551
-2.177463,-12.111317,-21.294347
-0.174066,-12.610650,-21.295776
1.781005,-12.177521,-21.294205
3.088009,-10.169602,-21.293697
4.837335,-9.596477,-21.294035
6.694999,-8.795978,-21.294035
8.167057,-7.533423,-21.293400
9.432187,-5.972672,-21.294750
10.328419,-4.169745,-21.295910
10.744270,-2.123441,-21.293071
10.635875,-0.116648,-21.293973
10.213074,1.783210,-21.292358
9.313901,3.461489,-21.292459
8.077035,4.865541,-21.294603
-1.177584,0.022388,-24.043789
