17.633053,-19.526667,35.718592
19.587683,-15.487603,35.718592
20.818240,-11.497680,35.718592
21.470115,-7.529384,35.718592
21.605148,-3.820423,35.718592
21.317493,-0.430242,35.718592
20.653180,2.748921,35.718592
19.584189,5.816071,35.718592
18.248638,8.433467,35.718592
16.567003,10.843599,35.718592
14.582228,13.010219,35.718592
12.473077,14.826724,35.718592
10.314511,16.327341,35.718592
7.885259,17.685990,35.718592
5.481156,18.749154,35.718592
2.843017,19.636849,35.718592
0.132562,20.270384,35.718592
-2.935660,20.658745,35.718592
-6.028594,20.687470,35.718592
-9.252621,20.290767,35.718592
-12.670649,19.298949,35.718592
-15.832468,17.666974,35.718592
-18.712955,15.324023,35.718592
-21.180746,12.344654,35.718592
-23.113996,8.995840,35.718592
-24.586798,5.253962,35.718592
-25.536620,1.346284,35.718592
-25.985274,-2.960986,35.718592
-25.807706,-7.442985,35.718592
-24.889628,-11.992132,35.718592
-23.154106,-16.299990,35.718592
-20.356920,-20.381904,35.718592
-16.862503,-23.669909,35.718592
-12.678041,-26.316592,35.718592
-8.092967,-28.182841,35.718592
-3.254721,-29.229827,35.718592
1.691329,-29.398220,35.718592
6.582854,-28.458260,35.718592
11.006793,-26.413389,35.718592
15.253473,-24.168242,31.975669
18.369403,-20.504630,31.969575
20.625106,-16.622897,31.968240
22.265881,-12.447852,31.971023
23.230150,-8.393576,31.971876
23.636255,-4.408395,31.972294
23.523076,-0.724315,31.974563
22.907987,2.910294,31.966134
21.796390,6.256934,31.964055
20.219549,9.230493,31.964969
18.264243,11.771442,31.964161
15.946863,13.985161,31.973712
13.510033,15.810880,31.966007
11.039845,17.298871,31.964588
8.441475,18.550357,31.975498
5.743427,19.568563,31.975687
2.967238,20.350135,31.966310
0.130294,20.868130,31.968125
-2.904314,21.111372,31.974906
-6.107720,21.020419,31.974932
-9.434712,20.514611,31.976389
-12.805210,19.475626,31.978519
-16.076358,17.776283,31.966687
-18.967245,15.488012,31.965326
-21.511204,12.601117,31.975460
-23.639013,9.206327,31.963694
-25.277567,5.375074,31.971440
-26.318794,1.340131,31.967018
-26.767770,-3.124783,31.963633
-26.519212,-7.605712,31.976809
-25.467250,-12.297874,31.976843
-23.569415,-16.718944,31.968612
-20.695017,-20.770374,31.971184
-17.168084,-24.042684,31.973732
-12.820788,-26.765461,31.966467
-8.209263,-28.616656,31.960014
-3.349649,-29.654278,31.960614
1.773191,-29.837595,31.961586
6.697718,-28.977884,31.965995
11.200804,-27.102554,31.973423
15.676147,-24.875744,28.218576
18.938284,-21.368154,28.214714
21.524422,-17.336271,28.215056
23.329558,-13.260813,28.211770
24.531390,-8.967882,28.215485
25.087639,-4.877956,28.226631
25.087175,-0.915425,28.220914
24.506712,3.004583,28.214064
23.409028,6.469149,28.217333
21.724633,9.687609,28.223851
19.468921,12.536333,28.225346
16.890486,14.854284,28.224895
14.311318,16.640071,28.221252
11.562662,18.150351,28.217793
8.681894,19.390001,28.217223
5.858767,20.316015,28.218065
2.966955,20.998754,28.218870
0.024782,21.412241,28.222277
-3.108881,21.541392,28.219293
-6.239695,21.350965,28.210858
-9.653905,20.749853,28.210489
-12.955345,19.686631,28.212336
-16.185637,18.025277,28.215002
-19.205015,15.720538,28.219979
-21.894143,12.808783,28.221377
-24.163289,9.360583,28.215853
-25.919453,5.442769,28.225077
-27.018104,1.292611,28.219579
-27.454217,-3.310474,28.212200
-27.128563,-7.922602,28.216657
-25.996817,-12.576399,28.214145
-23.970073,-17.098866,28.217273
-21.069891,-21.114813,28.220294
-17.426865,-24.474739,28.220802
-13.083822,-27.186085,28.219626
-8.330943,-29.088338,28.218062
-3.320716,-30.140308,28.220078
1.791360,-30.322877,28.220815
6.712436,-29.538939,28.220785
11.399378,-27.743477,28.220793
15.895114,-25.580838,24.471061
19.451573,-21.963186,24.464730
22.185900,-17.891865,24.465034
24.109720,-13.753196,24.468573
25.416300,-9.379540,24.468674
26.056597,-5.202068,24.467795
26.110967,-0.976313,24.472354
25.558549,3.043365,24.474288
24.416292,6.762216,24.470388
22.709892,10.067081,24.470228
20.411389,12.993334,24.472102
17.771257,15.367093,24.461688
14.826578,17.349493,24.470922
11.977658,18.831696,24.473699
8.998113,20.028985,24.464466
6.084078,20.902464,24.463828
3.105662,21.522395,24.466516
0.083477,21.869611,24.469391
-3.127138,21.928198,24.468104
-6.328064,21.668938,24.467867
-9.649686,21.040952,24.476058
-13.183551,19.880353,24.473215
-16.488849,18.175495,24.464940
-19.594038,15.833998,24.465081
-22.266992,13.008951,24.471501
-24.635606,9.508453,24.472641
-26.470718,5.513483,24.474689
-27.603100,1.266321,24.469963
-28.020692,-3.280356,24.469555
-27.663045,-8.000824,24.472168
-26.468756,-12.756866,24.461546
-24.363015,-17.372831,24.463898
-21.381735,-21.476589,24.470792
-17.647375,-24.910998,24.474267
-13.344223,-27.598744,24.470027
-8.480253,-29.552171,24.463296
-3.349312,-30.624312,24.473218
1.715269,-30.814459,24.473547
6.926655,-30.022480,24.470197
11.740722,-28.235939,24.471909
16.160434,-26.050271,20.722789
19.816236,-22.406114,20.725946
22.539947,-18.431398,20.721903
24.599515,-14.078412,20.724714
25.945087,-9.633217,20.722465
26.615067,-5.385578,20.710348
26.696588,-1.086371,20.717839
26.169000,3.008117,20.724680
25.051947,6.805322,20.719385
23.279351,10.342278,20.714929
20.970216,13.342581,20.721704
18.301405,15.777369,20.725557
15.310842,17.803612,20.718899
12.406095,19.299747,20.717885
9.362366,20.488504,20.717733
6.219608,21.381371,20.710851
3.177593,21.953288,20.722266
0.096636,22.251961,20.719498
-3.170452,22.261674,20.715230
-6.423482,21.954255,20.724909
-9.796256,21.280269,20.726093
-13.225600,20.144412,20.720821
-16.602216,18.436478,20.723217
-19.792347,16.095348,20.724674
-22.658289,13.123566,20.716711
-25.076050,9.566846,20.713196
-26.879921,5.661611,20.712092
-28.066758,1.172046,20.717274
-28.450831,-3.457876,20.723146
-28.036100,-8.256662,20.719405
-26.825937,-12.919865,20.710691
-24.669884,-17.609803,20.717945
-21.640177,-21.788463,20.725312
-17.847161,-25.289299,20.726207
-13.468598,-28.023828,20.723292
-8.681225,-29.953333,20.718544
-3.463657,-31.059855,20.717732
1.688358,-31.261714,20.723760
6.994644,-30.479766,20.727045
11.907078,-28.705712,20.724002
16.335928,-26.370412,16.963764
20.033037,-22.686071,16.972997
22.855976,-18.504510,16.975140
24.828327,-14.242829,16.966802
26.165336,-9.741477,16.961870
26.826612,-5.444093,16.968750
26.907186,-1.097182,16.973574
26.385714,3.044161,16.964912
25.282131,6.890667,16.963247
23.531810,10.487794,16.969863
21.245618,13.557876,16.973815
18.583957,16.059817,16.976182
15.578561,18.135652,16.963920
12.644061,19.653674,16.964376
9.396249,20.897422,16.975143
6.376965,21.721608,16.972022
3.123232,22.292694,16.970146
0.004159,22.551545,16.971398
-3.299204,22.523524,16.966768
-6.585150,22.181194,16.964039
-9.989139,21.469131,16.974934
-13.449247,20.299615,16.970745
-16.862072,18.569517,16.963500
-20.091540,16.208017,16.968665
-22.987812,13.201631,16.974813
-25.330818,9.745958,16.967068
-27.210825,5.632095,16.969540
-28.343482,1.254266,16.968826
-28.719401,-3.428006,16.967684
-28.287636,-8.279029,16.971034
-27.001960,-13.157005,16.970045
-24.890716,-17.739346,16.973245
-21.851842,-21.982563,16.974728
-18.038562,-25.545233,16.975215
-13.622241,-28.327865,16.975993
-8.786756,-30.291415,16.972706
-3.512900,-31.419179,16.965093
1.869914,-31.614122,16.964815
7.061991,-30.833779,16.965028
12.031543,-29.047950,16.962072
16.408560,-26.515292,13.218023
20.097288,-22.787702,13.218351
22.888466,-18.556762,13.214481
24.819307,-14.251763,13.216005
26.115620,-9.715830,13.221320
26.746717,-5.393482,13.220120
26.817744,-1.200693,13.213091
26.316647,2.962593,13.212703
25.249979,6.838455,13.219028
23.554114,10.482140,13.219465
21.326231,13.616430,13.213114
18.706933,16.187462,13.217378
15.718707,18.317388,13.226733
12.782226,19.865867,13.220025
9.521978,21.122696,13.213624
6.486343,21.942923,13.225779
3.214810,22.501678,13.220224
0.080203,22.750808,13.216818
-3.238564,22.717588,13.215843
-6.539698,22.372172,13.215275
-10.128513,21.611757,13.223510
-13.600232,20.423924,13.217237
-17.029187,18.685473,13.217739
-20.276527,16.316773,13.223899
-23.179777,13.289838,13.219240
-25.508985,9.801045,13.212230
-27.358722,5.650330,13.222871
-28.457417,1.242094,13.221004
-28.801839,-3.464458,13.212504
-28.345913,-8.336112,13.212553
-27.105893,-13.069923,13.212685
-24.935098,-17.842360,13.216480
-22.017341,-21.988292,13.212110
-18.228446,-25.611764,13.217422
-13.662493,-28.529929,13.225106
-8.808929,-30.513868,13.215384
-3.511532,-31.653263,13.222529
1.721818,-31.851500,13.222402
7.111256,-31.041801,13.217011
12.097450,-29.227529,13.216484
16.365453,-26.459362,9.460475
20.003817,-22.696567,9.463325
22.730081,-18.435471,9.471323
24.594351,-14.111194,9.468539
25.830154,-9.568159,9.460432
26.419584,-5.248749,9.461090
26.467930,-1.064057,9.464549
25.993553,2.918536,9.462225
24.965494,6.796187,9.460111
23.415876,10.306368,9.466173
21.285166,13.498075,9.474435
18.745650,16.138115,9.470612
15.810692,18.328968,9.468060
12.743830,19.989626,9.465576
9.658600,21.197592,9.465369
6.462029,22.066724,9.469429
3.195162,22.613962,9.463622
0.066045,22.855182,9.463227
-3.246177,22.819334,9.469904
-6.713070,22.446656,9.473225
-10.122141,21.712699,9.468644
-13.587265,20.528331,9.465986
-17.015545,18.804539,9.470980
-20.264928,16.452297,9.473018
-23.160982,13.429414,9.465592
-25.548675,9.780379,9.461911
-27.333910,5.611338,9.468341
-28.374510,1.198175,9.473695
-28.675515,-3.501772,9.471692
-28.195802,-8.361460,9.470731
-26.953273,-13.084409,9.476269
-24.882490,-17.699608,9.470907
-21.904612,-22.003894,9.462447
-18.141708,-25.639124,9.465893
-13.750420,-28.488026,9.474180
-8.757254,-30.563033,9.470260
-3.472197,-31.710492,9.461651
1.751198,-31.899333,9.464638
7.126335,-31.061131,9.468185
12.088854,-29.209447,9.464155
16.324174,-26.061227,5.716587
19.747843,-22.396818,5.722458
22.386668,-18.134858,5.725506
24.172040,-13.823113,5.719656
25.309633,-9.476527,5.713685
25.877863,-5.194062,5.716508
25.928131,-1.047247,5.723088
25.477603,2.901572,5.725498
24.496370,6.753580,5.720411
23.015377,10.255761,5.719639
21.074891,13.323843,5.724725
18.633536,16.010711,5.719222
15.773747,18.245626,5.720612
12.759314,19.936977,5.719733
9.549589,21.218653,5.714453
6.382231,22.081812,5.715635
3.315909,22.600765,5.716917
0.043246,22.859503,5.716008
-3.239232,22.825688,5.716521
-6.675106,22.458250,5.720072
-10.053306,21.729633,5.723405
-13.646674,20.489137,5.726094
-17.035781,18.763763,5.715846
-20.241094,16.412332,5.714261
-23.079151,13.386084,5.723309
-25.390195,9.734199,5.711179
-27.090462,5.574019,5.714857
-28.061863,1.186974,5.719327
-28.318717,-3.472836,5.717392
-27.853973,-8.116355,5.715520
-26.592319,-12.966856,5.715177
-24.555165,-17.547000,5.716535
-21.738763,-21.696131,5.716431
-18.054948,-25.344509,5.716530
-13.582044,-28.297754,5.714896
-8.643199,-30.376591,5.712514
-3.580910,-31.509264,5.721671
1.767540,-31.710973,5.727415
7.088538,-30.842575,5.724162
11.986857,-28.953333,5.718074
15.998563,-25.510237,1.962939
19.320227,-21.865696,1.970889
21.860422,-17.642487,1.965026
23.568874,-13.383267,1.966673
24.650462,-9.100336,1.969436
25.183285,-4.886170,1.962909
25.232385,-0.978587,1.966199
24.816162,2.906833,1.963539
23.947810,6.543343,1.969045
22.574732,10.020594,1.974164
20.652194,13.227395,1.964404
18.304411,15.916627,1.961290
15.665184,18.058645,1.961409
12.575768,19.845096,1.964045
9.588029,21.069024,1.966071
6.481283,21.945741,1.964669
3.301530,22.500182,1.963934
0.084101,22.761372,1.962103
-3.313310,22.725574,1.962614
-6.690561,22.353314,1.967575
-10.009085,21.621754,1.972143
-13.536110,20.384158,1.974555
-16.860704,18.671551,1.976131
-20.123671,16.225013,1.973747
-22.859296,13.198353,1.968591
-25.055256,9.560081,1.969258
-26.589688,5.597525,1.973950
-27.493523,1.272867,1.974855
-27.715780,-3.310297,1.973492
-27.250731,-7.875157,1.970825
-26.019627,-12.646735,1.964355
-24.037905,-17.159563,1.963545
-21.296628,-21.258278,1.963547
-17.701416,-24.872364,1.965959
-13.324222,-27.807851,1.968903
-8.643805,-29.831899,1.966282
-3.509710,-31.023518,1.963897
1.749892,-31.218587,1.965408
6.974720,-30.326503,1.964494
11.768910,-28.411228,1.960779
15.506326,-24.661072,-1.775073
18.710930,-21.079594,-1.781583
21.158240,-16.946849,-1.784532
22.803176,-12.787700,-1.777920
23.814235,-8.773229,-1.778886
24.350984,-4.668309,-1.789709
24.429118,-0.860464,-1.784119
24.066752,2.930789,-1.779379
23.270678,6.486377,-1.777521
21.991956,9.898533,-1.780306
20.277122,12.925205,-1.787574
18.062758,15.609263,-1.789327
15.405281,17.853305,-1.787761
12.562637,19.555401,-1.781753
9.513520,20.849372,-1.777328
6.330602,21.764090,-1.780759
3.232297,22.309613,-1.780020
0.096624,22.567117,-1.777279
-3.214721,22.531613,-1.780010
-6.505953,22.164806,-1.786231
-9.898315,21.399653,-1.785463
-13.325539,20.164123,-1.779903
-16.689731,18.374573,-1.773715
-19.701543,16.041574,-1.777175
-22.421132,12.917927,-1.786487
-24.406654,9.472416,-1.783693
-25.880740,5.425910,-1.779192
-26.679368,1.194724,-1.783951
-26.843599,-3.108877,-1.781865
-26.380379,-7.556634,-1.772534
-25.236027,-12.050629,-1.774211
-23.337620,-16.463376,-1.772532
-20.595216,-20.609289,-1.782402
-17.099531,-24.139858,-1.790876
-12.989246,-26.936659,-1.783670
-8.290521,-29.008316,-1.774719
-3.287765,-30.175116,-1.781388
1.674477,-30.348288,-1.780633
6.760240,-29.450085,-1.774272
11.413270,-27.535330,-1.772145
14.820611,-23.461570,-5.530296
17.913417,-20.008486,-5.526311
20.213108,-16.171731,-5.532990
21.838680,-12.175086,-5.535039
22.860324,-8.314612,-5.531648
23.432720,-4.362448,-5.532011
23.561411,-0.690793,-5.531470
23.294188,2.813528,-5.528621
22.565043,6.414466,-5.533172
21.458572,9.582652,-5.535667
19.800945,12.682379,-5.530467
17.714022,15.311670,-5.534864
15.058061,17.613898,-5.530984
12.329043,19.277879,-5.523534
9.397316,20.548859,-5.524777
6.333740,21.455062,-5.531094
3.190526,22.025085,-5.523879
0.006148,22.281214,-5.526837
-3.188027,22.227138,-5.533907
-6.360267,21.849432,-5.531951
-9.779416,21.036988,-5.528045
-13.065593,19.790697,-5.527871
-16.275738,17.999885,-5.528491
-19.245116,15.573345,-5.528500
-21.686576,12.614657,-5.530797
-23.590608,9.102052,-5.536019
-24.867328,5.316905,-5.536730
-25.573719,1.223724,-5.535977
-25.688253,-2.928799,-5.533329
-25.211981,-7.216108,-5.530511
-24.088383,-11.545983,-5.529880
-22.311222,-15.652436,-5.524481
-19.664388,-19.650496,-5.531979
-16.413158,-22.951906,-5.539041
-12.324840,-25.751052,-5.535483
-7.942930,-27.696137,-5.531139
-3.121393,-28.841122,-5.524887
1.666229,-28.993010,-5.523362
6.561874,-28.077750,-5.526908
10.882053,-26.251810,-5.530800
13.939418,-21.905945,-9.274518
16.921385,-18.645743,-9.275939
19.100628,-15.158645,-9.276439
20.737795,-11.386185,-9.277313
21.797684,-7.729807,-9.275291
22.413817,-4.127658,-9.275730
22.628872,-0.632130,-9.287537
22.450662,2.865926,-9.282007
21.866811,6.164735,-9.282456
20.777091,9.494368,-9.290499
19.231843,12.467731,-9.286183
17.270573,14.996669,-9.279887
14.763571,17.219793,-9.281152
12.047109,18.909957,-9.276754
9.118460,20.194806,-9.274826
6.200218,21.066368,-9.287814
3.054505,21.639223,-9.289648
0.018064,21.873433,-9.290319
-3.026599,21.804290,-9.287553
-6.197745,21.393757,-9.280062
-9.445839,20.572711,-9.280814
-12.694942,19.264383,-9.287176
-15.705032,17.470555,-9.288828
-18.463649,15.071786,-9.285436
-20.711214,12.187307,-9.279719
-22.445339,8.796512,-9.274366
-23.584029,5.163201,-9.279815
-24.181348,1.402639,-9.278566
-24.258228,-2.708106,-9.278031
-23.795175,-6.640933,-9.285829
-22.713509,-10.765469,-9.286425
-21.002728,-14.672811,-9.275452
-18.545757,-18.344936,-9.278932
-15.317459,-21.578290,-9.285382
-11.659777,-24.057746,-9.284928
-7.481246,-25.908287,-9.287931
-3.032419,-26.962941,-9.285750
1.683468,-27.092023,-9.284923
6.193658,-26.218443,-9.282716
10.304154,-24.467289,-9.277572
12.880783,-20.025302,-13.027212
15.661565,-17.133408,-13.030656
17.817306,-13.922956,-13.032928
19.427959,-10.564535,-13.031068
20.557951,-7.167341,-13.031080
21.259666,-3.802529,-13.034172
21.575682,-0.523796,-13.032153
21.511191,2.769817,-13.034512
21.023114,6.027626,-13.038074
20.066572,9.180884,-13.036712
18.670046,12.006560,-13.030740
16.681704,14.635256,-13.023810
14.336527,16.741090,-13.022125
11.669114,18.420302,-13.031692
8.920828,19.643451,-13.038417
6.044583,20.522546,-13.028901
3.087916,21.072619,-13.022016
0.088978,21.299903,-13.027868
-2.916999,21.203883,-13.033072
-6.034716,20.749301,-13.030582
-9.073800,19.916433,-13.031887
-12.099954,18.613502,-13.036050
-14.991770,16.753603,-13.039299
-17.494527,14.395373,-13.038035
-19.510837,11.609581,-13.033349
-21.049804,8.375361,-13.028513
-22.045767,4.935520,-13.024739
-22.541484,1.389556,-13.032895
-22.572767,-2.334762,-13.033388
-22.124735,-6.031462,-13.025560
-21.081590,-9.903884,-13.031441
-19.431103,-13.560582,-13.026059
-17.152333,-16.862559,-13.032388
-14.184571,-19.770151,-13.038570
-10.722993,-22.069439,-13.033225
-6.770115,-23.756615,-13.031570
-2.710819,-24.650876,-13.033757
1.583045,-24.727572,-13.030700
5.680871,-23.932693,-13.026321
9.551898,-22.308711,-13.025372
11.676425,-17.876343,-16.781826
14.251007,-15.386197,-16.779408
16.372582,-12.502133,-16.783536
17.946273,-9.583349,-16.784830
19.144659,-6.492590,-16.779887
19.931514,-3.408900,-16.775084
20.349068,-0.254027,-16.774140
20.380688,2.796431,-16.772284
20.006695,5.823303,-16.778746
19.141496,8.887630,-16.780404
17.818639,11.636640,-16.773010
15.989644,14.080013,-16.783907
13.731992,16.132637,-16.780318
11.273937,17.705879,-16.774856
8.491820,18.956607,-16.780995
5.828457,19.770348,-16.785177
2.960238,20.302731,-16.777713
0.049876,20.503860,-16.775961
-2.864158,20.367749,-16.781587
-5.742595,19.891476,-16.785315
-8.664852,19.017065,-16.786092
-11.427113,17.721829,-16.789205
-14.037189,15.898454,-16.779318
-16.262478,13.621754,-16.776393
-18.033714,10.975320,-16.785001
-19.379781,7.944915,-16.778687
-20.235862,4.742195,-16.782665
-20.653891,1.452935,-16.780348
-20.651474,-1.994632,-16.775170
-20.202650,-5.413574,-16.779293
-19.243827,-8.863490,-16.785319
-17.740667,-12.115083,-16.784294
-15.594557,-15.147103,-16.779203
-12.799685,-17.790193,-16.774743
-9.662388,-19.779876,-16.776694
-6.093011,-21.214588,-16.782520
-2.318741,-21.965106,-16.778184
1.524562,-21.969728,-16.779849
5.185106,-21.247881,-16.784124
8.658577,-19.839403,-16.784413
10.363041,-15.525226,-20.535415
12.794083,-13.363760,-20.526263
14.700455,-11.032335,-20.528563
16.277533,-8.466276,-20.535566
17.515074,-5.721170,-20.536355
18.364264,-2.957758,-20.529688
18.862436,-0.110050,-20.524497
18.988262,2.778472,-20.529658
18.707922,5.656464,-20.526416
17.975323,8.453941,-20.526197
16.750969,11.074182,-20.537785
15.115928,13.313783,-20.532503
12.995603,15.279896,-20.529154
10.670035,16.788445,-20.526589
8.150778,17.941705,-20.527367
5.503155,18.757842,-20.536305
2.777286,19.252627,-20.532489
0.132368,19.416474,-20.530859
-2.633578,19.258431,-20.530332
-5.359272,18.761144,-20.527963
-7.995677,17.908008,-20.531203
-10.573941,16.597580,-20.536047
-12.868918,14.838830,-20.534852
-14.799192,12.683821,-20.529059
-16.374980,10.116959,-20.529416
-17.462869,7.437810,-20.538505
-18.190534,4.515400,-20.535620
-18.530357,1.523631,-20.537166
-18.505862,-1.488099,-20.537385
-18.093292,-4.592607,-20.531777
-17.204263,-7.721355,-20.535291
-15.796062,-10.655018,-20.534475
-13.778044,-13.358896,-20.527167
-11.355726,-15.531705,-20.523650
-8.460561,-17.264879,-20.528611
-5.294312,-18.430250,-20.533476
-1.967476,-18.995980,-20.529217
1.402920,-18.948128,-20.531536
4.609226,-18.324910,-20.537769
7.670991,-17.152256,-20.540042
9.069231,-12.984526,-24.283931
11.142976,-11.304083,-24.273970
12.938888,-9.330644,-24.282348
14.459066,-7.136575,-24.288069
15.636884,-4.862040,-24.284780
16.505744,-2.451876,-24.281864
17.065286,0.157265,-24.278391
17.257564,2.712457,-24.278931
17.081695,5.268566,-24.277563
16.469317,7.867318,-24.274106
15.382267,10.305136,-24.278626
13.885537,12.386646,-24.289931
11.938816,14.214267,-24.278291
9.790892,15.610389,-24.277998
7.457398,16.670035,-24.285689
5.111637,17.394087,-24.275157
2.694695,17.824466,-24.280983
0.136611,17.960413,-24.289480
-2.312882,17.792463,-24.283898
-4.826008,17.295933,-24.278834
-7.243216,16.445883,-24.289465
-9.490494,15.211905,-24.281362
-11.457092,13.571129,-24.279915
-13.144308,11.500293,-24.282216
-14.405603,9.270213,-24.275740
-15.349934,6.774194,-24.274179
-15.924358,4.277460,-24.273363
-16.196306,1.623387,-24.281877
-16.155850,-1.045279,-24.284336
-15.772879,-3.793552,-24.278578
-14.990976,-6.456881,-24.284345
-13.707944,-9.040270,-24.278301
-11.922315,-11.301812,-24.284327
-9.717017,-13.161932,-24.286803
-7.203307,-14.572661,-24.277248
-4.467674,-15.483158,-24.278110
-1.611319,-15.873892,-24.284762
1.268104,-15.790161,-24.287612
4.005662,-15.277858,-24.289312
6.638289,-14.341803,-24.290300
7.640766,-10.448454,-28.034256
9.469332,-9.081920,-28.036818
11.026533,-7.539749,-28.027894
12.369919,-5.808552,-28.022586
13.506519,-3.829367,-28.030336
14.318849,-1.794062,-28.039251
14.864598,0.422282,-28.037856
15.089621,2.602363,-28.035372
14.988414,4.883475,-28.027794
14.507953,7.115330,-28.027922
13.576240,9.299939,-28.036458
12.271955,11.175756,-28.026182
10.615213,12.746001,-28.031283
8.705510,13.999251,-28.036716
6.716271,14.918269,-28.031236
4.533493,15.585942,-28.028821
2.372875,15.950394,-28.032923
0.274926,16.046638,-28.033351
-1.909573,15.878212,-28.033564
-4.142853,15.404959,-28.035636
-6.199484,14.647214,-28.032101
-8.169777,13.491536,-28.027740
-9.795499,12.023344,-28.034653
-11.173979,10.200559,-28.036141
-12.234948,8.180166,-28.028855
-12.959498,6.112141,-28.035925
-13.446096,3.881896,-28.026213
-13.652731,1.701215,-28.027819
-13.603153,-0.581090,-28.035111
-13.261314,-2.929991,-28.029840
-12.570634,-5.201438,-28.027209
-11.468609,-7.306137,-28.028897
-9.956075,-9.136599,-28.028010
-8.026378,-10.673288,-28.028563
-5.832403,-11.798331,-28.034453
-3.554445,-12.469137,-28.035781
-1.194746,-12.734921,-28.026645
1.174743,-12.630153,-28.032553
3.428228,-12.215066,-28.038809
5.608364,-11.494902,-28.035734
6.135393,-7.778065,-31.779206
7.582255,-6.771840,-31.786854
8.933152,-5.528574,-31.780748
10.056988,-4.171581,-31.778550
10.985115,-2.673078,-31.779200
11.691263,-1.058599,-31.776091
12.168549,0.714123,-31.778532
12.384314,2.537505,-31.783114
12.326443,4.372648,-31.782201
11.949993,6.245062,-31.780881
11.257835,7.946171,-31.784797
10.189905,9.530518,-31.786427
8.820080,10.861403,-31.782171
7.292617,11.880894,-31.779349
5.626233,12.651814,-31.779249
3.870019,13.186317,-31.777628
2.132189,13.479248,-31.776083
0.298139,13.550902,-31.777211
-1.457615,13.396965,-31.778236
-3.249644,12.998757,-31.780116
-4.960712,12.332565,-31.784247
-6.522651,11.364539,-31.779037
-7.795149,10.147098,-31.783201
-8.863083,8.650522,-31.785201
-9.684893,7.009832,-31.777384
-10.244572,5.338969,-31.785265
-10.624224,3.542897,-31.780379
-10.790528,1.788993,-31.777313
-10.747661,-0.046083,-31.783715
-10.477032,-1.861797,-31.786719
-9.920622,-3.688190,-31.780396
-9.018884,-5.373136,-31.776233
-7.768170,-6.814860,-31.781206
-6.181510,-8.007514,-31.782612
-4.463112,-8.838507,-31.780891
-2.617029,-9.327849,-31.787061
-0.788208,-9.490294,-31.785117
1.043826,-9.398927,-31.782852
2.857522,-9.078180,-31.779623
4.547586,-8.547279,-31.776227
4.398209,-4.603573,-35.526314
5.416401,-3.931717,-35.528972
6.333188,-3.126931,-35.528980
7.133852,-2.206500,-35.530944
7.797823,-1.183005,-35.533002
8.304198,-0.073182,-35.531958
8.651843,1.149253,-35.529215
8.816127,2.409854,-35.527634
8.776048,3.730541,-35.531958
8.531168,4.978492,-35.536233
8.054233,6.211339,-35.533805
7.335713,7.322105,-35.527403
6.397561,8.253506,-35.525714
5.299008,8.989683,-35.529293
4.144901,9.521868,-35.532737
2.929636,9.893659,-35.531218
1.676712,10.107143,-35.526062
0.407011,10.146909,-35.530604
-0.807518,10.030234,-35.537206
-2.048468,9.755395,-35.534512
-3.235090,9.298571,-35.526878
-4.345181,8.581196,-35.530025
-5.241228,7.679105,-35.532435
-5.953637,6.625945,-35.531008
-6.476108,5.523472,-35.532537
-6.872144,4.316306,-35.533867
-7.124850,3.122910,-35.529678
-7.245668,1.909264,-35.528713
-7.222419,0.638926,-35.533312
-7.041137,-0.618913,-35.533796
-6.657305,-1.883844,-35.526956
-6.017184,-3.040982,-35.527587
-5.131092,-4.022048,-35.530241
-4.057739,-4.794755,-35.530510
-2.857141,-5.347688,-35.530389
-1.573835,-5.664089,-35.531689
-0.305939,-5.747357,-35.534892
0.961994,-5.671175,-35.530622
2.166428,-5.459134,-35.525447
3.289659,-5.116752,-35.524381
0.618792,1.895751,-39.281409
14.122439,-12.937264,35.718591
15.248271,-9.905581,35.718591
15.653515,-6.815115,35.718591
15.497849,-3.917988,35.718591
15.006469,-1.496182,35.718591
14.253852,0.743922,35.718592
13.393992,2.594704,35.718592
12.465766,4.166833,35.718592
11.458275,5.558778,35.718592
10.473186,6.694529,35.718592
9.398893,7.746216,35.718591
8.330465,8.644561,35.718592
7.201592,9.465606,35.718592
6.112056,10.153521,35.718592
4.790375,10.869582,35.718592
3.520564,11.449443,35.718592
2.012168,12.014082,35.718592
0.361053,12.488872,35.718591
-1.536241,12.858087,35.718592
-3.675664,13.049396,35.718591
-6.037330,12.968643,35.718591
-8.674624,12.462324,35.718591
-11.265312,11.409509,35.718591
-13.621094,9.718170,35.718591
-15.579576,7.429821,35.718591
-17.064367,4.689372,35.718591
-18.085444,1.519193,35.718591
-18.559912,-1.777777,35.718591
-18.480824,-5.322423,35.718591
-17.755998,-8.904862,35.718591
-16.342057,-12.275741,35.718591
-14.148058,-15.331850,35.718591
-11.229223,-17.874232,35.718591
-7.888168,-19.615631,35.718591
-4.226197,-20.472786,35.718591
-0.464792,-20.416640,35.718591
3.035345,-19.897893,35.718591
6.390159,-19.000448,35.718591
9.496685,-17.624972,35.718591
10.997937,-13.567859,32.474581
12.893585,-11.344485,32.474088
14.175255,-8.840406,32.468213
14.757170,-6.270872,32.463675
15.079872,-3.804054,32.466700
15.091865,-1.527448,32.472433
14.833466,0.645936,32.475330
14.251063,2.630898,32.475358
13.382982,4.287162,32.473097
12.412627,5.893830,32.465988
11.860634,7.443726,32.469455
11.052059,9.037175,32.474229
9.539524,9.877523,32.472676
7.676027,10.088729,32.471523
6.374823,10.738154,32.469966
4.937386,11.340941,32.475078
3.535767,11.711012,32.470140
1.975183,12.664550,32.464280
0.279019,12.736725,32.463747
-1.366506,12.403547,32.467127
-3.436149,12.599471,32.473789
-5.486872,12.217017,32.474523
-7.687772,11.612136,32.474338
-9.938373,10.554650,32.473048
-12.108382,8.938912,32.465923
-13.903428,6.929397,32.464937
-15.423924,4.449399,32.474268
-16.702172,1.611992,32.473559
-17.562862,-1.610717,32.469710
-17.848700,-5.070606,32.464779
-17.891010,-8.926635,32.461203
-17.211827,-13.001176,32.465008
-13.752573,-14.883425,32.473509
-9.579834,-15.377126,32.478426
-6.025839,-15.690646,32.472592
-2.896645,-15.824485,32.466715
0.131303,-15.723730,32.471087
2.979082,-17.111258,32.471473
6.162751,-17.886247,32.469780
8.912576,-15.908923,32.472402
10.585201,-12.651746,29.222293
12.357838,-10.663276,29.217720
13.724165,-8.411939,29.222087
14.484079,-6.064492,29.224573
15.050346,-3.710064,29.212511
15.290576,-1.518271,29.212836
15.294920,0.607833,29.220785
14.890972,2.661035,29.223809
14.011744,4.468693,29.220925
13.138865,6.162126,29.223676
12.654196,7.875882,29.224803
11.793906,9.593881,29.223992
10.038030,10.448916,29.221221
8.024466,10.559523,29.220894
6.567939,11.180062,29.225272
5.069250,11.693321,29.215472
3.514596,11.966313,29.219255
1.982713,12.872041,29.224475
0.339407,12.782803,29.217503
-1.257553,12.198555,29.216833
-3.271801,12.291524,29.224741
-5.109963,11.774384,29.221536
-7.111752,11.115102,29.215013
-9.273658,10.027242,29.214457
-11.240019,8.595002,29.219633
-13.071153,6.707273,29.224257
-14.684071,4.356714,29.222812
-16.110388,1.653079,29.217023
-17.187682,-1.555286,29.217541
-17.789802,-5.037600,29.223355
-18.241837,-9.137351,29.224992
-17.866868,-13.435135,29.220391
-14.440188,-15.737028,29.224509
-10.100175,-16.076486,29.224432
-5.988656,-15.616516,29.217815
-2.537717,-14.774006,29.215442
0.278133,-13.939418,29.218386
2.887116,-15.733938,29.220115
6.059060,-17.412692,29.221770
8.625277,-15.088068,29.223688
10.609965,-12.857880,25.977151
12.406311,-10.704576,25.965811
13.770718,-8.473756,25.962526
14.653899,-6.182933,25.968116
15.280799,-3.827106,25.972226
15.555339,-1.626628,25.975587
15.646737,0.511303,25.974429
15.347047,2.591120,25.969371
14.474241,4.532011,25.966902
13.660815,6.261069,25.970035
12.970051,8.033691,25.971093
11.942945,9.668562,25.968845
10.202905,10.602600,25.967532
8.197883,10.901236,25.970639
6.717128,11.482841,25.974145
5.190991,11.936972,25.972519
3.619696,12.152048,25.972812
1.996277,12.816526,25.975577
0.348103,12.670985,25.971047
-1.276597,12.153470,25.968843
-3.186515,12.114725,25.968379
-4.914935,11.568651,25.962149
-6.910978,10.857514,25.974133
-8.897358,9.859562,25.974877
-10.911257,8.473593,25.967876
-12.898658,6.571988,25.964003
-14.551166,4.360103,25.964474
-16.113462,1.589234,25.966614
-17.238482,-1.499899,25.963994
-18.088284,-5.203757,25.961174
-18.656467,-9.344750,25.965425
-18.239344,-13.778575,25.973311
-15.616465,-16.985310,25.973213
-11.762127,-18.502082,25.974164
-7.498844,-18.850896,25.973382
-3.707558,-18.552225,25.968101
-0.192519,-17.746951,25.966118
3.024108,-17.731427,25.969180
6.008645,-17.189148,25.975410
8.604585,-15.158824,25.980152
11.059459,-13.691935,22.723709
12.837912,-11.352381,22.724629
14.154500,-8.936784,22.723508
15.126294,-6.499913,22.722787
15.679868,-4.041305,22.724631
15.858121,-1.755525,22.720632
15.890355,0.560145,22.716608
15.574341,2.597745,22.718484
14.713887,4.619098,22.724100
13.900775,6.415894,22.723889
12.957321,8.012727,22.713991
11.655407,9.510383,22.715345
10.099128,10.501592,22.725308
8.332328,11.110683,22.724531
6.794415,11.682442,22.722600
5.206968,12.102348,22.724020
3.585622,12.342122,22.714882
1.954015,12.610911,22.714012
0.337500,12.486832,22.720419
-1.288678,12.230170,22.723496
-3.134753,12.052604,22.719679
-4.923664,11.520655,22.714546
-6.880050,10.817622,22.722581
-8.946662,9.815073,22.717848
-10.971526,8.503722,22.716586
-13.015630,6.689256,22.719223
-14.860412,4.374878,22.715769
-16.443996,1.621301,22.720646
-17.647332,-1.663667,22.720884
-18.520219,-5.289240,22.718574
-19.000533,-9.530582,22.717675
-18.452773,-13.883873,22.715461
-16.388319,-17.789861,22.715110
-12.931280,-20.248561,22.714038
-8.767780,-21.328346,22.715427
-4.612044,-21.604184,22.717541
-0.655165,-21.277158,22.713301
3.029087,-19.487068,22.717397
6.068603,-17.411363,22.722895
8.742297,-15.642911,22.723779
11.740759,-14.959338,19.468143
13.547582,-12.299491,19.468091
14.848068,-9.507446,19.467276
15.776679,-6.866708,19.466118
16.162745,-4.301770,19.466552
16.173232,-1.828136,19.464624
16.033671,0.542550,19.462358
15.620968,2.627621,19.467443
14.816859,4.615358,19.475139
13.960686,6.460143,19.467415
12.741859,7.916581,19.469325
11.262262,9.146320,19.471465
9.853361,10.268716,19.470806
8.450157,11.201562,19.474918
6.862880,11.782269,19.474247
5.225926,12.190261,19.471547
3.669675,12.484976,19.469690
1.994723,12.346281,19.473084
0.427976,12.319432,19.467206
-1.368826,12.384982,19.463937
-3.149368,12.075653,19.469276
-5.004144,11.614721,19.464599
-7.025396,10.915931,19.474477
-9.074263,9.982621,19.470860
-11.290811,8.642083,19.464347
-13.522323,6.750023,19.467922
-15.449837,4.395793,19.473614
-17.054183,1.549884,19.474803
-18.213643,-1.735816,19.472861
-19.022676,-5.493100,19.468155
-19.254484,-9.636806,19.463736
-18.459553,-13.963849,19.465256
-16.659418,-18.018013,19.470484
-13.430854,-20.936536,19.468047
-9.278107,-22.434925,19.463680
-4.903258,-22.985900,19.465184
-0.802165,-22.850009,19.466910
3.094837,-20.607140,19.472687
6.306372,-18.337255,19.474322
9.147241,-16.817843,19.471309
12.557281,-16.236056,16.223940
14.417181,-13.269783,16.214591
15.627584,-10.226872,16.213575
16.422004,-7.370199,16.216628
16.640809,-4.501165,16.214353
16.461973,-1.864708,16.214452
16.089864,0.523050,16.222250
15.539235,2.628046,16.223450
14.797051,4.560655,16.215075
13.878388,6.429010,16.218869
12.489928,7.763553,16.218590
10.829925,8.841074,16.215642
9.586764,10.027081,16.218962
8.413786,11.264347,16.222375
6.891896,11.818044,16.217528
5.220501,12.235890,16.217557
3.631111,12.590757,16.218059
1.961781,12.173384,16.222043
0.422483,12.246850,16.218731
-1.377829,12.574731,16.214220
-3.199775,12.176433,16.220728
-5.109844,11.808419,16.223957
-7.189909,11.147540,16.216241
-9.410998,10.199856,16.213664
-11.799040,8.824790,16.217196
-14.109061,6.927953,16.222517
-16.099960,4.546653,16.224830
-17.754836,1.520625,16.218628
-18.869667,-1.859001,16.221748
-19.500356,-5.729129,16.219399
-19.386443,-9.734678,16.210953
-18.316808,-13.856284,16.214857
-16.489590,-17.862403,16.214786
-13.390992,-20.890043,16.215768
-9.358473,-22.611670,16.221535
-5.045587,-23.401583,16.225100
-0.862775,-23.484218,16.220970
3.064696,-21.579858,16.221681
6.529475,-19.522791,16.225901
9.673128,-18.134690,16.227502
13.119505,-17.471026,12.970183
15.182387,-14.310117,12.971680
16.356735,-10.964728,12.969558
16.978138,-7.673118,12.966586
17.016101,-4.647158,12.969574
16.706732,-1.988061,12.971588
16.076277,0.487320,12.969758
15.338123,2.688949,12.965607
14.659506,4.545516,12.964931
13.732969,6.306822,12.970416
12.200293,7.689969,12.965758
10.593474,8.684842,12.965092
9.465398,9.841683,12.970873
8.424023,11.214478,12.972261
6.895624,11.810084,12.969746
5.209850,12.260515,12.965066
3.608380,12.642856,12.970454
2.025775,12.256098,12.976132
0.370183,12.382888,12.967890
-1.429783,12.761516,12.965164
-3.276191,12.340727,12.976069
-5.336956,12.036173,12.974497
-7.456031,11.416151,12.971424
-9.830271,10.456214,12.972898
-12.268055,9.107974,12.971281
-14.721186,7.143150,12.969141
-16.809973,4.646740,12.973341
-18.418668,1.551591,12.972767
-19.495979,-2.013070,12.969036
-19.864075,-5.836023,12.967911
-19.364461,-9.752348,12.970188
-18.025841,-13.597952,12.970047
-15.988758,-17.412261,12.962782
-12.993387,-20.304724,12.965043
-9.109561,-22.181923,12.972748
-5.038476,-23.200440,12.971575
-0.836856,-23.533625,12.965285
3.077303,-22.304182,12.971116
6.705164,-20.720020,12.976439
10.168558,-19.358804,12.973616
13.533885,-18.213820,9.713796
15.716098,-15.073209,9.714125
16.899810,-11.383594,9.713478
17.276362,-7.912269,9.715725
17.195012,-4.765822,9.722503
16.802021,-1.988098,9.722221
15.945838,0.543729,9.716045
15.132046,2.603177,9.714711
14.442103,4.584107,9.719358
13.509482,6.206265,9.720849
12.104843,7.591578,9.725702
10.583437,8.692736,9.719890
9.449874,9.860146,9.710819
8.431201,11.117856,9.714021
6.815343,11.805841,9.719211
5.249511,12.267512,9.715176
3.655882,12.656426,9.717566
2.032476,12.502022,9.718825
0.323694,12.679330,9.719970
-1.491978,12.941220,9.718104
-3.343017,12.556397,9.712458
-5.535550,12.295008,9.715089
-7.784365,11.684049,9.713110
-10.285621,10.707128,9.714366
-12.835160,9.306281,9.713504
-15.293156,7.328835,9.713873
-17.436831,4.716207,9.720131
-18.960023,1.569291,9.715413
-19.941019,-2.045992,9.712000
-20.039961,-5.879690,9.715732
-19.168576,-9.637134,9.721266
-17.564832,-13.261503,9.722037
-15.313813,-16.676622,9.716740
-12.301581,-19.415897,9.716825
-8.704880,-21.358961,9.718577
-4.820765,-22.623325,9.716018
-0.886213,-23.196059,9.715936
3.127422,-22.736455,9.719551
6.923914,-21.688828,9.720502
10.494002,-20.300465,9.717071
13.588291,-18.304455,6.471126
15.826016,-15.174318,6.471276
16.944229,-11.538169,6.466019
17.169441,-7.823915,6.463830
17.041862,-4.703304,6.468762
16.652585,-1.940735,6.468298
15.734207,0.546366,6.462852
14.891269,2.580118,6.465918
14.283538,4.451386,6.473473
13.261791,6.128695,6.464138
12.071075,7.558582,6.468221
10.827790,8.762687,6.476366
9.569472,9.966351,6.471311
8.388697,11.066188,6.464802
6.808384,11.794110,6.470391
5.266326,12.297472,6.469149
3.687185,12.659641,6.470516
1.962060,12.843620,6.469851
0.233844,13.071929,6.468775
-1.600809,13.097832,6.472894
-3.552809,12.782870,6.471991
-5.735402,12.536518,6.462363
-8.086777,11.920025,6.470615
-10.575952,10.961814,6.475460
-13.206334,9.507790,6.471884
-15.718311,7.443364,6.470612
-17.860216,4.711256,6.472457
-19.252595,1.530674,6.467278
-20.090786,-2.106145,6.466801
-19.934211,-5.781456,6.473001
-18.743746,-9.437255,6.473727
-16.952240,-12.809254,6.464931
-14.550466,-15.782604,6.466008
-11.552130,-18.336002,6.465549
-8.278164,-20.316156,6.460934
-4.631773,-21.797760,6.462154
-0.778289,-22.603490,6.472117
3.157790,-22.823698,6.472113
7.064441,-22.206065,6.468228
10.629631,-20.640234,6.468987
13.141307,-17.476497,3.223008
15.239579,-14.310631,3.223051
16.258452,-10.867278,3.221142
16.476292,-7.334506,3.216876
16.417271,-4.389135,3.213236
16.145453,-1.783632,3.215990
15.395876,0.583107,3.213530
14.657994,2.614798,3.216567
14.092608,4.455879,3.224982
13.055076,6.074652,3.213950
12.095414,7.623195,3.220947
11.098852,8.992778,3.221152
9.724583,10.187075,3.212755
8.288163,11.097217,3.217968
6.862796,11.798035,3.213464
5.257942,12.366478,3.215380
3.592767,12.711482,3.217359
1.960191,13.214877,3.213753
0.183583,13.442040,3.210235
-1.636764,13.242041,3.215703
-3.662661,13.029262,3.223414
-5.799163,12.740560,3.221055
-8.213538,12.109854,3.225106
-10.751346,11.116390,3.219703
-13.402467,9.587130,3.217765
-15.814120,7.506267,3.218988
-17.835815,4.768979,3.212819
-19.127183,1.499503,3.220719
-19.767492,-1.988228,3.222318
-19.392239,-5.681014,3.217663
-18.066973,-9.091984,3.215923
-16.223641,-12.215272,3.217414
-13.674247,-14.951838,3.219624
-10.862991,-17.258193,3.217712
-7.739618,-19.330408,3.214380
-4.351170,-20.912620,3.215051
-0.733244,-21.848268,3.218622
3.120988,-22.468936,3.217218
6.991501,-22.018981,3.216043
10.413854,-20.121108,3.219571
12.293894,-15.895950,-0.036037
14.020624,-12.778551,-0.031533
14.969392,-9.664169,-0.026304
15.358566,-6.606082,-0.029393
15.476930,-3.979565,-0.037323
15.411504,-1.561435,-0.034557
15.009903,0.582491,-0.034754
14.492228,2.610536,-0.033219
13.988821,4.402757,-0.025584
12.939477,6.073534,-0.033172
12.247483,7.677213,-0.035004
11.441678,9.237680,-0.027128
9.984816,10.398135,-0.026393
8.378764,11.110552,-0.035504
6.819810,11.914117,-0.031977
5.272526,12.474338,-0.025423
3.656508,12.784582,-0.024352
1.924777,13.541971,-0.035199
0.157885,13.715619,-0.034170
-1.707758,13.348462,-0.028803
-3.778809,13.228146,-0.032967
-5.938510,12.825529,-0.028453
-8.260973,12.173424,-0.030311
-10.790970,11.120001,-0.031022
-13.308230,9.558026,-0.033623
-15.630453,7.380313,-0.035216
-17.443935,4.634187,-0.030250
-18.534001,1.528948,-0.030479
-18.957603,-1.861597,-0.036390
-18.464843,-5.317655,-0.034246
-17.202667,-8.495867,-0.029727
-15.376036,-11.489649,-0.033907
-12.927815,-13.995650,-0.028449
-10.228276,-16.246203,-0.026038
-7.279362,-18.351068,-0.028348
-4.054819,-19.979043,-0.027783
-0.584677,-20.966903,-0.025598
3.154270,-21.662988,-0.025572
6.809803,-21.106661,-0.029358
9.957806,-18.816915,-0.034516
11.337797,-14.095340,-3.276611
12.679573,-11.085321,-3.278841
13.609177,-8.322392,-3.282570
14.215881,-5.874562,-3.281699
14.561643,-3.487210,-3.277257
14.711756,-1.391386,-3.282783
14.641644,0.698686,-3.285711
14.409135,2.580879,-3.278798
13.947366,4.410828,-3.273720
13.013687,6.058466,-3.286072
12.456531,7.844371,-3.285058
11.757008,9.496601,-3.279972
10.260516,10.633199,-3.282566
8.470121,11.248797,-3.286438
6.982571,12.027213,-3.288024
5.306203,12.637935,-3.277585
3.655833,12.943570,-3.281752
1.992485,13.681100,-3.282293
0.117235,13.809066,-3.279533
-1.762147,13.410606,-3.285234
-3.848264,13.318386,-3.285869
-5.891441,12.805465,-3.277714
-8.196168,12.090288,-3.283202
-10.578497,11.002056,-3.284883
-12.930365,9.408715,-3.280869
-15.036204,7.219417,-3.281395
-16.574039,4.585578,-3.283445
-17.537391,1.584607,-3.276663
-17.730359,-1.662174,-3.276792
-17.185818,-4.871731,-3.277498
-16.049645,-7.926583,-3.274485
-14.360775,-10.707260,-3.274760
-12.030555,-13.118694,-3.279355
-9.582596,-15.266636,-3.277881
-6.812586,-17.349608,-3.277951
-3.742069,-18.938069,-3.284308
-0.423216,-19.888362,-3.283849
3.077949,-20.417723,-3.282482
6.524726,-19.663386,-3.280708
9.326796,-17.206418,-3.277788
10.488295,-12.673138,-6.537753
11.688161,-9.790450,-6.535359
12.637050,-7.398537,-6.527316
13.407633,-5.345569,-6.525361
13.920622,-3.215028,-6.535293
14.234350,-1.247620,-6.531914
14.429889,0.734709,-6.526093
14.403855,2.628520,-6.530986
13.988502,4.476108,-6.538529
13.247919,6.113504,-6.533523
12.757845,7.930002,-6.535277
11.969278,9.770352,-6.532006
10.455363,10.881021,-6.529790
8.652496,11.480968,-6.535573
7.051574,12.288228,-6.526277
5.449615,12.839265,-6.528904
3.691600,13.176407,-6.529144
1.945533,13.659012,-6.531885
0.094844,13.659832,-6.529287
-1.694406,13.414584,-6.522940
-3.766764,13.263773,-6.528456
-5.769799,12.626687,-6.537854
-7.932986,11.872476,-6.530042
-10.229510,10.688652,-6.531132
-12.306812,9.119042,-6.531524
-14.105513,7.005551,-6.526382
-15.407792,4.411126,-6.527743
-16.211683,1.630756,-6.534775
-16.180439,-1.342369,-6.535814
-15.656105,-4.303667,-6.534965
-14.717282,-7.237284,-6.534914
-13.210516,-9.824252,-6.531742
-11.153077,-12.124315,-6.525869
-8.836104,-14.318287,-6.528503
-6.311840,-16.266746,-6.532418
-3.475824,-17.720894,-6.531208
-0.308190,-18.574612,-6.533276
3.026202,-18.814927,-6.534456
6.187340,-17.863256,-6.535238
8.716551,-15.535768,-6.537003
9.870212,-11.510760,-9.787011
11.052681,-9.039285,-9.785937
12.022276,-6.908280,-9.781333
12.911589,-4.938765,-9.778712
13.494818,-3.053043,-9.781538
13.914819,-1.127584,-9.778282
14.279485,0.722933,-9.782556
14.424650,2.588091,-9.786735
14.093029,4.442425,-9.774369
13.547504,6.241515,-9.773012
13.017037,8.140271,-9.783720
12.173305,9.832376,-9.788494
10.644237,11.051847,-9.784648
8.797267,11.774821,-9.779182
7.184026,12.535052,-9.773846
5.479286,13.057570,-9.776674
3.724842,13.418013,-9.786570
1.947184,13.425009,-9.787598
0.164189,13.330472,-9.778621
-1.721465,13.312610,-9.774804
-3.658422,13.009275,-9.781288
-5.506929,12.298969,-9.784770
-7.599822,11.460816,-9.780314
-9.615123,10.265561,-9.781157
-11.490046,8.671759,-9.779993
-12.967281,6.636723,-9.777265
-13.963707,4.281106,-9.777663
-14.656064,1.642419,-9.778969
-14.425515,-1.052319,-9.785198
-13.978063,-3.668366,-9.786578
-13.285834,-6.383194,-9.779965
-11.939162,-8.870724,-9.775713
-10.175447,-11.068708,-9.783597
-8.150855,-13.168435,-9.784746
-5.791738,-15.027497,-9.778927
-3.085739,-16.350188,-9.778081
-0.061633,-17.044761,-9.782997
2.961842,-16.941681,-9.784260
5.769020,-15.892028,-9.784018
8.178892,-13.868734,-9.785723
9.320871,-10.487977,-13.026477
10.621503,-8.401182,-13.034272
11.594806,-6.522843,-13.038324
12.468772,-4.699463,-13.035416
13.118264,-2.874994,-13.034224
13.597768,-1.004000,-13.038256
14.056399,0.707170,-13.033748
14.339413,2.604077,-13.028483
14.091901,4.442353,-13.038217
13.793182,6.359239,-13.035584
13.189787,8.188830,-13.036123
12.159252,9.847871,-13.032999
10.709339,11.105936,-13.023477
8.960468,11.960155,-13.025914
7.263741,12.684659,-13.037063
5.484385,13.161411,-13.029256
3.736415,13.520013,-13.035833
1.955546,13.112563,-13.028808
0.235603,12.946274,-13.027186
-1.623694,13.039910,-13.031235
-3.411835,12.573952,-13.030171
-5.103900,11.828833,-13.034123
-7.020585,10.942443,-13.025130
-8.763570,9.760193,-13.030694
-10.431097,8.166490,-13.034638
-11.620822,6.242926,-13.030821
-12.397652,4.064906,-13.027018
-12.943312,1.753111,-13.024555
-12.611225,-0.668663,-13.028258
-12.242109,-3.034923,-13.028752
-11.728413,-5.513282,-13.026658
-10.582130,-7.807469,-13.029527
-9.067166,-9.968795,-13.036298
-7.310426,-11.945424,-13.035671
-5.092194,-13.668994,-13.028934
-2.593332,-14.789985,-13.025423
0.099446,-15.288507,-13.028688
2.872861,-14.901492,-13.034335
5.412229,-13.804875,-13.034016
7.545686,-12.335771,-13.028378
8.743522,-9.406430,-16.283666
10.120327,-7.815892,-16.284672
11.170907,-6.067141,-16.282708
11.998397,-4.301606,-16.278718
12.637072,-2.630093,-16.279355
13.126864,-0.915665,-16.278029
13.663762,0.805102,-16.275866
14.020761,2.617061,-16.275930
13.875989,4.407261,-16.276631
13.828676,6.375506,-16.275825
13.119988,8.152068,-16.281316
11.954382,9.653330,-16.283294
10.549708,10.988370,-16.280719
8.945449,11.959392,-16.282746
7.196348,12.616970,-16.285895
5.460166,13.021961,-16.284319
3.753411,13.330721,-16.276500
1.976094,12.831211,-16.282145
0.315535,12.611586,-16.283335
-1.389663,12.573552,-16.277561
-3.077458,11.944712,-16.275123
-4.688095,11.174616,-16.274786
-6.326084,10.272481,-16.283245
-7.796030,9.123043,-16.282351
-9.189884,7.622493,-16.284547
-10.138995,5.851424,-16.289439
-10.744615,3.887807,-16.285505
-11.167550,1.742089,-16.275708
-10.806736,-0.331536,-16.279002
-10.506633,-2.437268,-16.282732
-10.072680,-4.651436,-16.280158
-9.108393,-6.728054,-16.276106
-7.881668,-8.740716,-16.277678
-6.361459,-10.548813,-16.283581
-4.352708,-12.059576,-16.288075
-2.083819,-12.992179,-16.287819
0.345701,-13.336639,-16.286443
2.848812,-12.750209,-16.287682
5.035883,-11.753224,-16.287812
6.993554,-10.702569,-16.285412
7.976453,-8.107768,-19.533290
9.449021,-6.904845,-19.537740
10.507970,-5.416024,-19.535298
11.234269,-3.813729,-19.529982
11.866623,-2.253654,-19.534277
12.373516,-0.656044,-19.533611
12.885369,0.882491,-19.527655
13.288132,2.572197,-19.526690
13.269868,4.331998,-19.534642
13.434061,6.191975,-19.536037
12.661018,7.917505,-19.538483
11.370396,9.280110,-19.534780
10.143265,10.522191,-19.530169
8.664094,11.589584,-19.534669
6.992521,12.138656,-19.533452
5.274810,12.493637,-19.524899
3.670099,12.690738,-19.532279
2.016643,12.453471,-19.528372
0.417979,12.213967,-19.528064
-1.128381,11.845715,-19.533663
-2.577316,11.119972,-19.534288
-4.016324,10.406348,-19.538234
-5.424561,9.484615,-19.534368
-6.718464,8.301410,-19.536992
-7.787414,6.988517,-19.530422
-8.551977,5.347080,-19.530029
-9.016277,3.634325,-19.532138
-9.295914,1.837400,-19.524618
-8.981163,0.039636,-19.533959
-8.726334,-1.781399,-19.529271
-8.311645,-3.694244,-19.526269
-7.549357,-5.448807,-19.534601
-6.565675,-7.328068,-19.531210
-5.221057,-8.972017,-19.533765
-3.496129,-10.202168,-19.536419
-1.496637,-10.951291,-19.532677
0.628514,-11.156765,-19.529237
2.771028,-10.501787,-19.528125
4.594136,-9.670345,-19.528705
6.362528,-8.939355,-19.530266
6.994234,-6.226180,-22.787058
8.302907,-5.468292,-22.781097
9.329992,-4.323282,-22.775003
9.962672,-2.958012,-22.776465
10.539520,-1.644737,-22.779519
11.038731,-0.308915,-22.782075
11.484996,1.059427,-22.785189
11.842039,2.503404,-22.784622
11.982184,4.049266,-22.775813
12.267480,5.823001,-22.781852
11.589587,7.317544,-22.782198
10.356595,8.454712,-22.779662
9.211064,9.587059,-22.785195
7.998511,10.550658,-22.786864
6.441406,11.008862,-22.778774
4.968558,11.284598,-22.781821
3.481044,11.356895,-22.784424
2.053671,11.576255,-22.777920
0.538583,11.430680,-22.777576
-0.726510,10.711972,-22.784756
-1.947483,9.982216,-22.782141
-3.226214,9.337996,-22.775182
-4.331597,8.424274,-22.783145
-5.299956,7.369502,-22.786104
-6.114402,6.187145,-22.784056
-6.676978,4.810401,-22.782410
-7.019483,3.409481,-22.780369
-7.175069,1.930278,-22.778777
-6.960617,0.450993,-22.782014
-6.717918,-1.029563,-22.779790
-6.319864,-2.524384,-22.779816
-5.728951,-4.038791,-22.785836
-5.025582,-5.633955,-22.788047
-3.937377,-6.997694,-22.780606
-2.435987,-8.003485,-22.777755
-0.764582,-8.542876,-22.781079
0.986066,-8.605303,-22.779434
2.668121,-7.991236,-22.776736
4.144362,-7.302034,-22.778988
5.604389,-6.773228,-22.784730
5.404935,-3.401320,-26.035531
6.328609,-2.956557,-26.031845
7.140288,-2.313548,-26.028532
7.674509,-1.401099,-26.030998
8.142388,-0.504844,-26.028586
8.592619,0.393515,-26.030675
8.937086,1.387471,-26.036918
9.123670,2.423762,-26.034902
9.379083,3.576319,-26.032688
9.656541,4.867353,-26.033750
9.317769,6.039799,-26.033564
8.408598,6.928619,-26.031099
7.462842,7.714087,-26.032215
6.532844,8.381144,-26.035894
5.391270,8.701846,-26.028985
4.263422,8.908989,-26.029613
3.152743,8.904084,-26.030473
2.091956,9.492386,-26.028551
0.911173,9.566826,-26.029087
-0.057162,8.792640,-26.026762
-1.014228,8.299177,-26.028929
-1.979440,7.782852,-26.036114
-2.720584,6.965996,-26.031480
-3.362147,6.075595,-26.036791
-3.879106,5.107978,-26.029230
-4.245352,4.119352,-26.029274
-4.446471,3.042556,-26.030865
-4.483510,1.988096,-26.028778
-4.390179,0.940916,-26.028136
-4.110290,-0.120662,-26.026404
-3.748183,-1.156859,-26.032286
-3.427953,-2.259443,-26.035219
-3.023281,-3.471172,-26.028479
-2.201138,-4.454849,-26.028981
-1.093550,-5.114500,-26.034669
0.108538,-5.428073,-26.035719
1.392190,-5.377354,-26.029361
2.561613,-4.870998,-26.026717
3.560032,-4.300113,-26.029482
4.493374,-3.829119,-26.033767
2.206434,3.047834,-29.281409
