27.620044,22.041803,45.243732
22.727004,24.803488,45.243732
17.630940,26.568930,45.243732
12.765983,27.445342,45.243732
8.277582,27.651477,45.243732
4.020166,27.351587,45.243732
0.036636,26.660371,45.243732
-3.655497,25.686744,45.243732
-7.052964,24.515867,45.243732
-10.158245,23.209010,45.243732
-13.372236,21.601787,45.243732
-16.468788,19.778125,45.243732
-19.606352,17.601936,45.243732
-22.550568,15.170150,45.243732
-25.552971,12.136570,45.243732
-28.431158,8.398475,45.243732
-30.851159,4.087640,45.243732
-32.621137,-0.769146,45.243732
-33.558995,-6.308863,45.243732
-33.394221,-12.150739,45.243732
-32.045510,-18.067326,45.243732
-29.528348,-23.835606,45.243732
-25.994324,-29.046563,45.243732
-21.175540,-33.760100,45.243732
-15.455939,-37.337246,45.243732
-9.142462,-39.703822,45.243732
-2.288535,-40.953981,45.243732
4.677111,-41.070438,45.243732
11.574289,-40.095945,45.243732
18.228699,-38.033365,45.243732
24.617661,-34.725965,45.243732
30.183186,-30.167326,45.243732
34.471018,-24.675938,45.243732
37.608970,-18.200815,45.243732
39.384906,-11.697032,45.243732
40.043965,-4.986401,45.243732
39.610383,1.508338,45.243732
38.108425,7.650447,45.243732
35.473477,13.442340,45.243732
31.848342,18.270213,40.483349
27.625261,22.135031,40.500263
23.003882,25.090999,40.490827
18.221775,27.301137,40.487963
13.406906,28.742633,40.497184
8.934378,29.702346,40.488857
4.756483,30.925137,40.489782
0.229346,31.377764,40.498576
-4.120161,30.863022,40.505366
-8.464064,29.518363,40.499414
-12.140138,27.633599,40.485805
-15.770803,25.186799,40.486933
-18.035533,21.529600,40.493200
-20.219730,18.325721,40.492320
-23.040638,15.311614,40.492974
-25.474444,11.989842,40.498019
-27.758484,8.290817,40.489761
-29.857170,3.983914,40.491426
-32.213149,-0.760466,40.500135
-34.177371,-6.543253,40.496871
-34.178076,-12.536122,40.486092
-33.186606,-18.872477,40.491923
-30.846878,-25.042382,40.499213
-27.309492,-30.750165,40.501408
-22.096283,-35.436695,40.498037
-15.770453,-38.209457,40.490654
-9.292995,-40.511419,40.487258
-2.311625,-41.569841,40.488218
4.574824,-41.242199,40.486263
11.485079,-39.738645,40.489469
17.872745,-37.204931,40.501661
23.836957,-33.738972,40.498915
28.609940,-28.575962,40.501580
32.276618,-22.990993,40.495777
35.490610,-17.211727,40.487063
37.670116,-10.939845,40.497758
38.772604,-4.629354,40.493703
38.899805,1.549106,40.489883
37.813710,7.644088,40.485728
35.349791,13.386425,40.478813
31.498880,18.074644,35.746554
27.469585,21.931628,35.750900
22.906164,25.129145,35.740088
18.396340,27.542727,35.738509
13.850724,29.294344,35.744092
9.372690,30.530619,35.736280
4.882914,31.746426,35.744423
0.271941,32.160354,35.740103
-4.364657,31.611236,35.741805
-8.555781,30.284082,35.748671
-12.472412,28.228944,35.739448
-16.091922,25.667632,35.741751
-18.615679,22.089236,35.751278
-20.859397,18.831634,35.744482
-23.480176,15.578171,35.738946
-25.757933,12.069685,35.753011
-27.891049,8.206157,35.753785
-29.810870,3.986093,35.744474
-32.298764,-0.781035,35.742804
-34.537732,-6.553823,35.745587
-34.689999,-12.641607,35.741190
-33.887763,-19.342398,35.751437
-31.695799,-25.667476,35.751698
-28.066348,-31.725181,35.748639
-22.794952,-36.502167,35.748466
-16.135069,-39.362493,35.746095
-9.546909,-41.670428,35.750603
-2.455240,-42.716050,35.753805
4.765295,-42.293427,35.746949
11.755494,-40.635150,35.742712
18.168496,-37.887881,35.747650
24.278026,-34.036695,35.738867
29.023751,-28.982863,35.745217
32.840219,-23.390043,35.747799
36.039329,-17.481598,35.738856
38.131977,-11.072208,35.738230
39.053961,-4.863001,35.735820
38.849799,1.632355,35.745209
37.417169,7.763568,35.752945
34.891360,13.314846,35.748857
30.868542,17.781274,30.993784
26.859816,21.742727,30.985423
22.718411,24.838369,30.983541
18.241854,27.413703,30.986161
13.922867,29.266794,30.986788
9.173845,30.595078,30.986593
4.739824,31.084926,30.993063
0.272351,31.024873,30.988510
-4.133297,30.339430,30.991834
-8.156289,29.028979,30.997200
-11.929243,27.122899,30.984835
-15.401564,24.714797,30.986464
-18.496069,22.184526,30.995709
-21.430051,19.151133,30.995225
-24.001111,15.790711,30.990099
-26.337839,12.269738,30.993453
-28.503605,8.367357,30.994883
-30.418243,4.086967,30.986339
-32.725445,-0.827273,30.986611
-34.732060,-6.781922,30.993642
-34.925088,-12.924459,30.987709
-34.202677,-19.470224,30.990986
-31.943824,-26.118233,30.988149
-28.211103,-32.157806,30.994110
-23.106416,-36.961412,31.001158
-16.622213,-40.329289,30.994457
-9.752942,-42.770437,31.001730
-2.574561,-43.908476,30.995490
4.949772,-43.653933,30.984548
12.074498,-42.140749,30.991060
18.808265,-39.364449,31.002783
25.109925,-35.282820,30.989077
30.549374,-30.758463,30.982923
35.107958,-25.116105,30.988218
38.043801,-18.688020,30.993481
39.685946,-11.835368,30.995528
40.083614,-5.023117,30.993400
39.022044,1.685447,30.998605
36.933587,7.714545,31.003772
34.279475,12.997881,31.001268
30.027942,17.411371,26.245834
26.236638,21.300769,26.241362
22.139665,24.509190,26.239926
17.871665,27.019337,26.241387
13.524876,28.907144,26.241780
9.185625,30.052263,26.240499
4.471135,30.008380,26.237564
0.230816,29.529747,26.236267
-3.924644,28.691171,26.241771
-7.749403,27.438237,26.243926
-11.377702,25.725290,26.237863
-14.750723,23.546686,26.245854
-18.411280,21.846913,26.252176
-21.803895,19.396558,26.243897
-24.354720,16.232222,26.239487
-26.999582,12.621498,26.249842
-29.422473,8.564429,26.244863
-31.462095,4.046313,26.239672
-33.349764,-1.061415,26.244432
-34.669261,-6.559749,26.249918
-34.919543,-12.945166,26.246282
-34.119221,-19.515947,26.241948
-31.848098,-25.982833,26.237845
-28.118559,-31.733990,26.237172
-22.881880,-36.874410,26.241715
-16.714832,-40.825080,26.248688
-9.825727,-43.313664,26.252667
-2.596968,-44.567093,26.245184
4.953631,-44.599048,26.238720
12.419903,-43.305378,26.243377
19.483616,-40.615973,26.250129
25.824123,-36.535770,26.247355
32.036179,-32.106743,26.237746
36.951528,-26.486181,26.236475
39.721731,-19.378643,26.240619
40.875690,-12.152584,26.236719
40.644486,-5.054844,26.235412
38.900504,1.549014,26.234032
36.225742,7.638963,26.236682
33.349880,12.826891,26.243228
29.052623,16.991349,21.502515
25.540067,20.734743,21.492931
21.753593,23.846311,21.490603
17.564378,26.378837,21.488580
13.263887,28.207882,21.487530
8.732636,29.316725,21.498410
4.302987,29.337226,21.501514
0.134616,28.774212,21.491999
-3.732484,27.918322,21.491396
-7.532023,26.770562,21.492793
-11.181999,25.226168,21.483311
-14.434208,23.395736,21.495155
-18.333852,21.795680,21.502750
-21.862070,19.622595,21.496309
-24.915952,16.349834,21.486091
-27.685994,12.905369,21.485574
-30.332112,8.783901,21.499274
-32.487189,4.115234,21.492156
-33.810607,-1.070112,21.490032
-34.469574,-6.644397,21.498438
-34.677990,-12.700456,21.494826
-33.745580,-19.166724,21.493504
-31.349375,-25.517947,21.492647
-27.489069,-31.040270,21.495633
-22.464571,-35.969718,21.501586
-16.633169,-40.224291,21.502633
-9.628252,-42.788378,21.496561
-2.488358,-44.098030,21.487962
4.955877,-44.331972,21.488487
12.358856,-43.242967,21.495829
19.610247,-40.659201,21.499162
25.933322,-36.712448,21.502253
31.752723,-31.962906,21.492305
36.302872,-26.100071,21.489483
38.972740,-19.088676,21.496127
39.956958,-11.922364,21.493187
39.486140,-4.935044,21.498584
37.793793,1.613247,21.499221
35.319027,7.417727,21.499543
32.395364,12.485280,21.503898
28.164098,16.367484,16.739384
24.670516,20.245543,16.749356
21.046437,23.318099,16.746640
16.982788,25.808823,16.742973
12.795421,27.531435,16.744164
8.610708,28.550466,16.740659
4.328072,29.062732,16.748968
0.046722,28.747692,16.752745
-3.742840,28.008495,16.746699
-7.683452,26.973209,16.743352
-11.292437,25.625822,16.750546
-14.769715,23.972472,16.753073
-18.372881,22.053929,16.741957
-21.931880,19.642575,16.741824
-25.269197,16.569102,16.751810
-28.201307,13.115827,16.747014
-30.948472,8.961381,16.743066
-33.160372,4.207841,16.742951
-34.015242,-1.116248,16.741506
-34.089721,-6.583379,16.744977
-34.193178,-12.462134,16.753268
-33.051556,-18.702280,16.742636
-30.594507,-24.587827,16.733661
-26.522558,-29.980585,16.742268
-21.685484,-34.493021,16.753662
-16.044328,-38.650775,16.747785
-9.459496,-41.075447,16.735401
-2.309581,-42.440684,16.740602
4.695311,-42.756100,16.740364
12.110252,-41.744171,16.735219
18.975481,-39.392973,16.745526
25.210542,-35.653946,16.742761
30.237137,-30.451781,16.740119
34.056341,-24.254518,16.743138
36.540163,-17.690667,16.749188
37.447809,-10.944165,16.752576
37.012978,-4.394210,16.743987
35.982888,1.658553,16.748797
34.143667,7.224359,16.752306
31.334093,12.160525,16.742880
27.147843,15.921894,11.999340
23.851850,19.721752,11.994954
20.418565,22.742739,11.989657
16.545190,25.210681,11.989127
12.540170,26.932777,11.992883
8.325214,28.071340,11.993713
4.253118,28.882831,11.988677
0.120087,29.023737,11.991208
-4.008947,28.540673,11.994155
-7.830681,27.665708,11.988407
-11.765921,26.345980,11.984763
-15.380801,24.787199,11.996613
-18.725008,22.369512,11.996599
-22.111871,19.595979,11.987852
-25.414410,16.756370,11.990562
-28.500854,13.073654,11.999659
-31.054728,9.014965,11.987257
-33.194531,4.188990,11.983320
-33.786627,-0.955065,11.987205
-33.556437,-6.441180,11.993658
-33.465568,-12.101562,12.001148
-32.083247,-18.052333,11.994403
-29.454759,-23.605249,11.996792
-25.464877,-28.471322,12.002679
-20.624660,-32.604527,11.997572
-15.215465,-36.271460,11.988877
-8.867607,-38.598765,11.996814
-2.424470,-39.854914,12.000629
4.547493,-40.186677,11.993677
11.252839,-39.312436,11.986752
17.892616,-37.120751,11.989448
23.952492,-33.564316,11.997574
28.372320,-28.236356,11.993825
31.563662,-22.205829,11.987025
33.829969,-16.317836,11.986250
34.808398,-10.054839,11.986471
34.593077,-3.957043,11.985810
34.028764,1.716265,11.987166
32.619046,7.163228,11.992053
30.149998,11.801309,11.997548
26.151388,15.473735,7.246059
23.077287,19.175563,7.249933
19.851137,22.140799,7.253553
16.212051,24.596866,7.249735
12.249427,26.477489,7.240216
8.274354,27.763935,7.238547
4.199127,28.676742,7.242930
0.050778,29.208724,7.249703
-3.912961,29.097095,7.242367
-8.006795,28.268262,7.237496
-11.996960,27.014843,7.254849
-15.858179,25.374270,7.253097
-19.008198,22.682041,7.250076
-22.212006,19.662622,7.254091
-25.461967,16.729475,7.250610
-28.297644,13.106382,7.239062
-30.665690,8.931293,7.247671
-32.530684,4.243687,7.246511
-33.104401,-0.898858,7.247069
-32.848132,-6.147328,7.249334
-32.467307,-11.760573,7.241803
-30.893302,-17.177904,7.247181
-28.121705,-22.356365,7.248084
-24.111907,-26.868118,7.247738
-19.447597,-30.432312,7.244601
-14.207192,-33.461674,7.236611
-8.316584,-35.599537,7.245100
-2.160289,-36.796307,7.249584
4.104884,-37.054401,7.242213
10.523455,-36.233695,7.238868
16.494593,-34.306426,7.248920
22.129940,-31.040560,7.250887
26.314868,-26.165041,7.240694
29.342094,-20.622984,7.233301
31.586927,-15.013622,7.240219
32.649736,-9.254388,7.250721
32.630680,-3.411491,7.240561
32.171085,1.808108,7.233511
30.975770,6.866345,7.235488
28.836094,11.421225,7.240746
25.141407,15.013062,2.486255
22.294092,18.591137,2.482576
19.127910,21.611632,2.490913
15.733723,24.035262,2.498396
12.044545,25.998631,2.499132
8.154066,27.509737,2.501927
4.082724,28.409496,2.499909
0.139288,28.993765,2.494775
-4.022016,28.999412,2.495162
-7.936997,28.270611,2.501578
-11.932014,27.057716,2.501332
-15.765585,25.376025,2.487631
-19.176995,22.675709,2.492973
-22.204320,19.777942,2.504687
-25.237501,16.639675,2.501320
-27.861149,12.891809,2.490474
-29.856824,8.780051,2.497676
-31.417699,4.048673,2.499372
-32.031188,-0.863193,2.494014
-31.908379,-5.850597,2.494938
-31.229547,-11.166529,2.502357
-29.456396,-16.235256,2.501152
-26.582822,-21.014470,2.494648
-22.763134,-25.063004,2.491641
-18.178251,-28.222323,2.494850
-13.142780,-30.600325,2.499028
-7.706471,-32.526371,2.496405
-2.049594,-33.610964,2.487899
3.719829,-33.797284,2.484986
9.440410,-33.090585,2.487174
15.129358,-31.286977,2.486592
20.287204,-28.266215,2.489716
24.456140,-24.015897,2.493720
27.538730,-19.123615,2.499391
29.672477,-13.986024,2.503449
30.825601,-8.537324,2.498312
30.978360,-3.172114,2.488134
30.405725,1.965413,2.488431
29.252859,6.602603,2.492283
27.451569,11.047572,2.490881
24.087588,14.529585,-2.256563
21.453032,17.968836,-2.265289
18.498060,20.894254,-2.255789
15.203593,23.402560,-2.256105
11.617773,25.505168,-2.265581
7.994274,27.099746,-2.249696
4.130878,27.948714,-2.247982
0.181055,28.355329,-2.256879
-3.957558,28.259980,-2.261003
-7.867450,27.589910,-2.256822
-11.658236,26.450011,-2.253634
-15.422956,24.709227,-2.257979
-18.957460,22.520468,-2.259095
-22.193892,19.648247,-2.259545
-24.806000,16.410945,-2.262841
-27.141729,12.538347,-2.262317
-28.729936,8.500534,-2.252171
-29.864015,4.118905,-2.249738
-30.607108,-0.543045,-2.254760
-30.676158,-5.439761,-2.262004
-29.710323,-10.446648,-2.265365
-27.819439,-15.178719,-2.254854
-25.055571,-19.451041,-2.247048
-21.376822,-23.268715,-2.251258
-16.956562,-26.125132,-2.253351
-12.033025,-28.063408,-2.248235
-7.217074,-29.726199,-2.257641
-2.040914,-30.728345,-2.252419
3.433571,-30.861248,-2.249685
8.676902,-30.193154,-2.256344
13.890433,-28.534118,-2.253784
18.583405,-25.735421,-2.253737
22.748695,-22.152096,-2.260434
25.905029,-17.942451,-2.267365
28.006158,-13.079460,-2.261597
29.218874,-7.940595,-2.246827
29.483264,-2.847970,-2.257853
28.776590,1.989873,-2.260422
27.583784,6.385324,-2.253520
26.062553,10.681618,-2.251506
22.948947,14.008223,-6.996829
20.492673,17.300043,-7.009377
17.589770,20.227990,-7.001411
14.513745,22.672930,-7.001162
11.321179,24.660158,-7.014809
7.745437,26.302644,-7.007299
3.918606,27.221149,-6.996711
0.168770,27.467407,-7.007900
-3.760910,27.270327,-7.010313
-7.478584,26.715412,-6.998842
-11.256567,25.621546,-7.004162
-14.823439,23.973858,-7.014459
-18.524262,22.113814,-7.013994
-21.799127,19.410694,-6.999768
-24.184164,16.013784,-6.998982
-26.104377,12.185348,-7.014558
-27.289523,8.243789,-7.004113
-28.103528,4.032867,-6.999212
-28.905222,-0.388239,-6.999347
-29.072271,-5.000395,-6.999660
-27.929516,-9.534113,-7.004571
-26.043008,-13.984695,-7.007973
-23.383963,-17.999107,-7.013546
-20.048514,-21.538146,-7.009556
-15.899356,-24.288391,-7.004782
-11.364441,-25.993902,-7.012997
-6.786932,-27.544375,-7.016292
-1.873939,-28.468967,-7.015233
3.139983,-28.567254,-7.007528
8.112853,-27.917748,-7.005992
12.878307,-26.372321,-7.014681
17.167533,-23.808513,-7.003028
21.307334,-20.620853,-7.004403
24.490653,-16.804648,-7.011901
26.533178,-12.200322,-7.006032
27.732805,-7.340413,-6.999745
28.042126,-2.688070,-7.009982
27.282741,2.059484,-7.010956
26.095079,6.219360,-7.001195
24.725634,10.321195,-6.993933
21.677280,13.429954,-11.756047
19.376096,16.555452,-11.758581
16.650874,19.327329,-11.751045
13.765252,21.672157,-11.755199
10.603538,23.615693,-11.761379
7.174238,25.051701,-11.747601
3.756289,26.025421,-11.761531
0.063854,26.307469,-11.766848
-3.655146,26.097133,-11.755787
-7.166729,25.616889,-11.750592
-10.902706,24.558238,-11.755741
-14.292401,23.049212,-11.754206
-17.799350,21.318338,-11.752798
-20.888181,18.758663,-11.754095
-23.141654,15.348083,-11.752131
-24.667804,11.784397,-11.747205
-25.588366,7.836137,-11.749472
-26.167409,4.000563,-11.756689
-26.931009,-0.181730,-11.760466
-27.034755,-4.516314,-11.758929
-25.827248,-8.598501,-11.754591
-24.158510,-12.663982,-11.747764
-21.741447,-16.509372,-11.758382
-18.699582,-19.950327,-11.761703
-15.047934,-22.635692,-11.758627
-10.834693,-24.418302,-11.762654
-6.506807,-25.865359,-11.751554
-1.863650,-26.726066,-11.750311
2.868150,-26.829004,-11.758662
7.562018,-26.205850,-11.764539
12.062183,-24.746939,-11.764259
16.267582,-22.255076,-11.756628
20.035639,-19.347305,-11.761287
23.072510,-15.762635,-11.764084
25.118184,-11.287071,-11.752462
26.225849,-6.865227,-11.746849
26.532785,-2.306580,-11.760630
25.892014,2.021652,-11.759826
24.744063,6.112586,-11.751061
23.397675,9.961504,-11.751515
20.236648,12.780216,-16.506840
18.096647,15.689380,-16.508141
15.565409,18.256344,-16.502609
12.861607,20.419381,-16.497925
9.883294,22.147126,-16.498965
6.628287,23.307599,-16.497626
3.301800,24.259314,-16.499986
0.032970,24.539088,-16.503163
-3.426929,24.336805,-16.502214
-6.679797,23.846131,-16.501572
-9.994089,22.873521,-16.504675
-13.151868,21.478768,-16.502006
-16.230653,19.585743,-16.508293
-18.879569,17.139110,-16.516089
-20.962519,14.186376,-16.511626
-22.500986,10.919349,-16.500558
-23.538010,7.459410,-16.500695
-24.098746,3.904307,-16.509865
-24.676934,0.152336,-16.511929
-24.661650,-3.874085,-16.508118
-23.545979,-7.503718,-16.509405
-22.110330,-11.325344,-16.507362
-20.101965,-14.860867,-16.499967
-17.440066,-18.186203,-16.502455
-14.100859,-21.019263,-16.507362
-10.315846,-22.947078,-16.504004
-6.138506,-24.314971,-16.513765
-1.813415,-25.090537,-16.511583
2.579262,-25.223229,-16.505938
7.094924,-24.621965,-16.506190
11.421241,-23.203682,-16.505781
15.356315,-20.921751,-16.510721
18.861877,-17.997833,-16.514970
21.590373,-14.563499,-16.510255
23.532341,-10.437669,-16.506294
24.581291,-6.169050,-16.513656
24.836170,-1.935340,-16.511219
24.356443,2.111395,-16.512854
23.359497,5.918868,-16.514831
22.012075,9.453418,-16.510414
18.583984,12.037621,-21.266613
16.637329,14.681330,-21.248900
14.327891,16.993234,-21.258213
11.696827,18.964465,-21.261100
8.927677,20.416242,-21.247025
5.920225,21.307614,-21.260024
2.845202,21.925391,-21.260516
-0.134945,22.125829,-21.257775
-3.125852,21.918461,-21.254141
-6.048699,21.315441,-21.254712
-8.880114,20.332833,-21.262270
-11.568580,18.987889,-21.259885
-13.670214,16.894631,-21.262562
-15.659445,14.640240,-21.258937
-17.659486,12.433518,-21.255554
-19.500315,9.885872,-21.264607
-21.171294,7.053671,-21.265491
-21.898626,3.745572,-21.260426
-22.203070,0.445337,-21.257715
-22.070388,-3.077414,-21.254788
-21.170771,-6.394582,-21.249561
-19.979431,-9.902971,-21.249889
-18.256949,-13.172857,-21.256889
-15.952001,-16.264433,-21.262005
-13.084088,-19.037231,-21.261691
-9.555025,-21.189573,-21.257660
-5.760065,-22.416971,-21.251259
-1.682909,-23.123556,-21.257220
2.443854,-23.260800,-21.262900
6.539456,-22.703221,-21.260918
10.602417,-21.369383,-21.257492
14.217699,-19.352999,-21.250906
17.361029,-16.469230,-21.259770
19.803434,-13.120268,-21.264419
21.602442,-9.405765,-21.257911
22.554486,-5.527328,-21.258077
22.785590,-1.545945,-21.253732
22.503428,2.153089,-21.256022
21.676744,5.757750,-21.265830
20.308287,9.056385,-21.272652
16.698820,11.189851,-26.007938
14.889484,13.613944,-26.005016
12.821543,15.630792,-25.998778
10.426133,17.257117,-26.000099
7.798341,18.469567,-26.003560
5.140376,19.239402,-25.998056
2.400214,19.610739,-26.005758
-0.240059,19.754403,-26.012300
-2.873120,19.570756,-26.006724
-5.320761,18.998193,-26.003109
-7.797702,18.071444,-26.009820
-10.117352,16.782681,-26.005316
-11.854322,14.818343,-26.003868
-13.487878,12.895646,-26.006600
-15.199195,11.063932,-26.005115
-16.954857,8.915139,-25.998889
-18.761293,6.486191,-26.000695
-19.500112,3.716829,-26.009863
-19.570475,0.667493,-26.009716
-19.340013,-2.330498,-26.003106
-18.793619,-5.302053,-26.004603
-17.766052,-8.407301,-26.012717
-16.226362,-11.295896,-26.014064
-14.121905,-13.954028,-26.008326
-11.538090,-16.366375,-26.005055
-8.609544,-18.313796,-26.005717
-5.151398,-19.468038,-25.999321
-1.671946,-20.072434,-26.000520
2.095449,-20.206395,-26.003556
5.708937,-19.707992,-26.004462
9.299057,-18.537137,-26.007362
12.517611,-16.790351,-26.004972
15.197482,-14.163369,-26.009664
17.272342,-11.137300,-26.014627
18.903375,-7.883924,-26.012008
19.815981,-4.477646,-26.010159
20.106255,-1.097055,-26.014953
20.041705,2.308657,-26.008185
19.476079,5.515281,-26.000091
18.304328,8.443672,-26.003467
14.614045,10.131962,-30.747505
13.025498,12.281903,-30.750930
11.078217,14.111904,-30.760092
8.883200,15.421309,-30.766225
6.609027,16.362904,-30.761542
4.395763,17.145821,-30.749057
2.083833,17.535063,-30.746092
-0.264590,17.713435,-30.747471
-2.605291,17.621707,-30.757670
-4.811387,17.197995,-30.761835
-7.039032,16.457718,-30.747971
-9.121286,15.371873,-30.750144
-11.050322,14.027310,-30.757666
-12.731762,12.388779,-30.754040
-14.136564,10.373845,-30.745876
-15.219924,8.290200,-30.750083
-16.233370,6.056032,-30.762230
-16.945743,3.575289,-30.756094
-16.856680,1.037998,-30.758308
-16.574452,-1.518079,-30.760660
-16.419737,-4.278235,-30.750467
-15.457448,-6.885603,-30.759613
-13.994342,-9.274848,-30.766548
-11.900891,-11.212185,-30.758933
-9.557998,-12.736413,-30.752830
-7.088247,-14.210084,-30.758712
-4.384794,-15.213825,-30.758406
-1.438740,-15.739437,-30.751501
1.551369,-15.790490,-30.750022
4.511038,-15.379287,-30.752526
7.369234,-14.495815,-30.753585
10.024846,-13.092920,-30.762270
12.200401,-10.916734,-30.756559
13.867475,-8.415310,-30.756022
15.241683,-5.886508,-30.761575
16.256637,-3.186768,-30.751121
16.776705,-0.462517,-30.757835
16.952557,2.421658,-30.765873
16.669970,5.178631,-30.762172
15.858800,7.738769,-30.753385
12.185692,9.045177,-35.511650
10.891706,10.829261,-35.513281
9.267206,12.334509,-35.515785
7.350773,13.403941,-35.514522
5.374655,14.174719,-35.508327
3.590707,14.936077,-35.503069
1.619037,15.395007,-35.497813
-0.315796,15.600227,-35.496312
-2.339262,15.593471,-35.496109
-4.353312,15.314967,-35.495735
-6.296831,14.745519,-35.500777
-8.130956,13.885793,-35.509846
-10.092258,13.035387,-35.499586
-11.749775,11.644925,-35.500587
-12.826699,9.679078,-35.503498
-13.397229,7.652131,-35.497997
-13.679138,5.555135,-35.515252
-14.293987,3.493827,-35.505623
-14.123832,1.361503,-35.494384
-13.823220,-0.736859,-35.498827
-13.953455,-3.101603,-35.507345
-13.051411,-5.217855,-35.512174
-11.665553,-7.100289,-35.513302
-9.709447,-8.368875,-35.501522
-7.568912,-9.249824,-35.500095
-5.600440,-10.235642,-35.513600
-3.554337,-11.064414,-35.505562
-1.303426,-11.480502,-35.497219
0.994834,-11.496383,-35.499186
3.268080,-11.209797,-35.503291
5.560668,-10.561417,-35.501187
7.611975,-9.519178,-35.497134
9.360260,-7.915348,-35.501490
10.752187,-5.971969,-35.506144
11.874102,-3.974926,-35.504470
12.740084,-1.946892,-35.504456
13.346090,0.264862,-35.507053
13.639626,2.538289,-35.508098
13.574318,4.749568,-35.508127
13.079237,7.014615,-35.509682
9.472750,7.819543,-40.256278
8.480412,9.231442,-40.249347
7.203788,10.411155,-40.254143
5.634131,11.268410,-40.254026
4.146845,11.837595,-40.248371
2.699432,12.494913,-40.262984
1.172511,12.930635,-40.266856
-0.406559,13.137961,-40.265467
-1.994353,13.164613,-40.266713
-3.646611,12.993607,-40.259832
-5.254308,12.591633,-40.245177
-6.781079,11.949366,-40.250088
-8.339600,11.162581,-40.260263
-9.617111,9.947548,-40.263711
-10.540112,8.438949,-40.265567
-11.047204,6.743831,-40.265083
-10.991533,5.009885,-40.253599
-11.525343,3.403816,-40.249815
-11.304372,1.704921,-40.249326
-11.008671,0.083629,-40.255368
-11.240155,-1.830048,-40.266281
-10.447090,-3.456523,-40.261414
-9.243416,-4.852249,-40.251893
-7.609918,-5.647695,-40.249984
-5.871543,-6.167292,-40.251738
-4.369999,-6.872674,-40.252545
-2.832550,-7.501196,-40.256243
-1.205881,-7.809781,-40.250277
0.525644,-7.828461,-40.255215
2.243439,-7.636676,-40.263178
3.984315,-7.188593,-40.253028
5.531313,-6.415526,-40.261810
6.927505,-5.280342,-40.268306
8.061927,-3.885875,-40.260509
8.914393,-2.381214,-40.252135
9.568790,-0.781755,-40.253487
10.027673,0.884686,-40.253529
10.304877,2.588322,-40.252776
10.357500,4.393686,-40.254683
10.105225,6.129691,-40.257556
6.178566,6.276207,-45.013365
5.529397,7.249174,-45.011099
4.644285,8.096424,-45.004903
3.638708,8.687483,-44.998959
2.592304,9.105358,-45.002979
1.604907,9.536312,-45.014852
0.537010,9.892122,-45.004275
-0.526764,10.052674,-45.001025
-1.655205,10.073319,-45.005052
-2.768452,9.959918,-45.004073
-3.916206,9.694013,-45.005180
-5.016156,9.271711,-45.008348
-5.787464,8.347516,-45.008196
-6.414253,7.413713,-45.002222
-7.282763,6.624192,-44.999417
-7.948423,5.606742,-45.003792
-7.796012,4.366898,-45.003732
-8.237475,3.294854,-44.999064
-8.026630,2.141063,-45.003755
-7.780723,1.011072,-45.005722
-7.974501,-0.325818,-44.997574
-7.354175,-1.397141,-44.999676
-6.453890,-2.265320,-45.009925
-5.241282,-2.669904,-45.005573
-4.094037,-2.934750,-45.005630
-3.118276,-3.400901,-45.012229
-2.123839,-3.820960,-45.000248
-1.021077,-4.021512,-45.005961
0.060085,-4.042987,-45.010437
1.180893,-3.950254,-45.006271
2.321220,-3.677940,-45.012130
3.376002,-3.172652,-45.014806
4.354355,-2.516046,-45.010338
5.202996,-1.648783,-45.005932
5.771122,-0.619066,-45.003967
6.129781,0.496477,-45.000083
6.352727,1.598876,-45.007569
6.549778,2.752304,-45.012970
6.661872,3.923322,-45.011336
6.559287,5.110822,-45.012279
-0.793692,3.203690,-49.756268
20.608100,17.779174,45.243733
16.221346,19.415838,45.243733
12.228207,20.186320,45.243732
8.470339,20.419004,45.243732
5.159165,20.276489,45.243732
2.173192,19.881716,45.243732
-0.623515,19.276672,45.243732
-3.077064,18.545615,45.243732
-5.330208,17.691728,45.243732
-7.380027,16.742343,45.243732
-9.483690,15.567422,45.243733
-11.482613,14.222002,45.243732
-13.357858,12.708798,45.243732
-15.096377,11.040014,45.243732
-16.872346,8.991687,45.243732
-18.516767,6.649265,45.243733
-20.022010,3.866547,45.243732
-21.186786,0.763116,45.243732
-21.882318,-2.787710,45.243732
-21.901369,-6.405457,45.243732
-21.148905,-10.253038,45.243732
-19.557477,-14.000803,45.243732
-17.191374,-17.317596,45.243732
-14.010200,-20.091299,45.243732
-10.290634,-22.094416,45.243732
-6.260655,-23.351098,45.243732
-2.082748,-23.942669,45.243732
2.136770,-23.933760,45.243732
6.465388,-23.335302,45.243732
10.674064,-22.159324,45.243732
14.678937,-20.406675,45.243732
18.485446,-17.966125,45.243732
21.921184,-14.800474,45.243732
24.666519,-11.206632,45.243732
26.864064,-7.082400,45.243732
28.380189,-2.505387,45.243732
29.054145,2.119444,45.243732
28.743143,6.785806,45.243732
27.112548,11.264132,45.243732
15.640268,11.076086,40.998401
13.668323,13.196617,40.997060
11.297515,14.768059,40.990675
8.012009,14.904203,40.999916
5.572439,15.215929,40.993020
3.404367,15.641937,40.986519
1.306850,15.650089,40.996239
-0.652615,15.487243,40.999302
-2.593497,15.160543,40.988574
-4.399477,14.771276,40.990824
-6.188748,13.970578,40.992288
-7.629036,12.810100,41.002877
-9.131829,11.740986,40.997500
-10.623403,10.653504,40.987023
-12.095620,9.345259,41.001094
-13.550499,7.694932,40.990659
-15.038016,5.941569,40.991069
-15.540514,3.775646,40.999889
-15.607109,1.441641,40.996275
-16.836693,-1.280180,40.987513
-16.612841,-4.037480,40.991433
-16.283510,-7.016565,40.994904
-16.275215,-10.922351,40.990838
-14.922935,-14.505347,40.989089
-12.759117,-17.693941,40.988367
-9.808298,-20.463279,40.993795
-6.101700,-22.432651,40.999669
-2.127254,-23.311791,40.988688
2.052026,-23.207314,40.987535
6.145036,-22.241090,40.995181
9.924942,-20.446895,40.993556
13.051359,-17.885502,40.987594
16.193455,-15.434656,40.993137
19.056287,-12.645321,41.001583
20.603403,-8.859691,40.995529
21.408537,-4.977955,40.990014
21.520680,-1.172665,40.992914
20.762156,2.443784,40.995338
19.231530,5.671049,40.989406
17.516981,8.502137,40.991890
12.317512,9.492770,36.736118
10.488647,11.091540,36.737770
8.630273,12.290021,36.741874
6.186241,12.589297,36.747938
4.131341,12.701651,36.749812
2.462451,13.095189,36.744785
0.865133,13.199423,36.739400
-0.733233,13.168661,36.742763
-2.323187,13.005146,36.735163
-3.910715,12.772833,36.737675
-5.269715,12.213848,36.745061
-6.439326,11.113432,36.744216
-7.689265,10.310914,36.740444
-9.037098,9.448971,36.736554
-10.360794,8.367493,36.738186
-11.655702,7.080472,36.735806
-13.119116,5.539859,36.743146
-13.401883,3.587460,36.739967
-13.697617,1.702135,36.733659
-15.127122,-0.808442,36.738125
-15.268528,-3.413865,36.742687
-15.343417,-6.314612,36.744122
-15.581027,-10.266126,36.745367
-14.629723,-14.045507,36.749080
-12.797946,-17.771143,36.744420
-10.024781,-21.097938,36.739040
-6.338837,-23.426907,36.741814
-2.085427,-24.381624,36.743755
2.229082,-23.959068,36.740017
6.241417,-22.530512,36.738098
9.831037,-20.298055,36.741440
12.639623,-17.322575,36.740547
15.339121,-14.468402,36.744987
17.603021,-11.515495,36.746249
18.675596,-7.761949,36.736338
19.021227,-4.095829,36.743360
18.742839,-0.687402,36.750575
17.676487,2.576556,36.746532
15.982075,5.292215,36.741071
14.117450,7.596891,36.737278
11.026574,8.908951,32.490173
9.202751,10.182710,32.494293
7.315936,11.144525,32.496572
5.391476,11.525825,32.499946
3.524049,11.624569,32.499291
2.025535,11.843069,32.493126
0.512963,11.920882,32.492366
-0.768169,11.891153,32.490580
-2.159783,11.758086,32.492739
-3.544451,11.541671,32.494239
-4.827496,11.035374,32.488798
-5.811452,10.204575,32.493757
-7.036828,9.528590,32.496472
-8.246560,8.828027,32.493153
-9.558751,7.863916,32.498022
-10.881885,6.714372,32.499060
-12.219560,5.393385,32.498221
-13.030942,3.618253,32.501303
-13.794754,1.656646,32.501228
-15.259155,-0.864227,32.492630
-16.391589,-3.919487,32.491708
-17.159072,-7.591545,32.493195
-17.453980,-12.004745,32.491656
-16.655916,-16.613489,32.492851
-14.471826,-20.873974,32.497250
-11.146681,-24.171481,32.499418
-6.854418,-26.300519,32.497690
-2.209580,-26.873643,32.496948
2.472411,-25.938567,32.491340
6.598700,-23.974251,32.490248
10.250858,-21.267622,32.496889
13.123625,-17.909439,32.491884
15.353368,-14.469604,32.485259
16.974785,-10.993270,32.486775
17.829944,-7.357695,32.492834
18.016570,-3.742830,32.488860
17.550686,-0.390030,32.492542
16.463358,2.566443,32.501815
14.809630,5.103931,32.493715
12.941058,7.198970,32.487486
10.815793,8.732173,28.250925
8.883562,9.917084,28.253081
6.923113,10.765561,28.248706
5.101341,11.213632,28.246454
3.355109,11.401000,28.245868
1.853857,11.476542,28.240871
0.475830,11.463385,28.236587
-0.898639,11.364713,28.235191
-2.138445,11.185501,28.247955
-3.359001,10.899158,28.246087
-4.542635,10.503240,28.245691
-5.628522,9.872754,28.250428
-6.744975,9.305510,28.241842
-8.064547,8.585576,28.240214
-9.311584,7.745891,28.248635
-10.684764,6.653879,28.238020
-12.069292,5.381726,28.237476
-13.531990,3.665185,28.245065
-14.893924,1.562343,28.247561
-16.380633,-1.195466,28.238916
-18.258688,-4.766919,28.234624
-19.835186,-9.331524,28.236766
-20.352111,-14.740186,28.239608
-19.941972,-20.841146,28.246098
-17.190614,-25.648384,28.247774
-12.713091,-28.573822,28.241858
-7.583103,-29.781023,28.237211
-2.308555,-29.616977,28.246987
2.733433,-28.113953,28.244747
7.107901,-25.644678,28.234139
10.870293,-22.521120,28.236422
13.839125,-18.931562,28.249470
15.741325,-14.868628,28.244783
16.848109,-10.862328,28.235514
17.619054,-7.183080,28.242499
17.753732,-3.680946,28.248157
17.218585,-0.328287,28.250433
16.127506,2.610007,28.249770
14.527036,5.156364,28.244994
12.758232,7.123329,28.245664
11.050265,8.866054,23.994851
8.995124,10.055966,23.995269
7.066202,10.874182,23.993170
5.313386,11.412294,23.994201
3.637630,11.691253,23.998264
1.936702,11.689966,24.000229
0.500936,11.597455,23.996769
-0.795523,11.428269,23.987439
-2.076498,11.164013,23.997151
-3.315611,10.746123,23.989852
-4.441970,10.403608,23.994669
-5.684140,10.005837,24.001099
-6.850091,9.407402,24.001714
-8.116589,8.728110,23.999513
-9.439140,7.881163,23.992418
-10.903127,6.782412,23.997067
-12.472454,5.402374,24.000105
-14.442943,3.654040,24.000172
-16.492822,1.315846,23.998572
-18.010572,-1.587863,23.994839
-20.088348,-5.582156,23.987735
-21.973166,-10.779053,23.986973
-22.253189,-16.447203,23.995756
-21.486489,-22.811108,23.994393
-18.291010,-27.600230,23.994902
-13.339827,-30.200171,23.996823
-7.758794,-30.940913,23.993569
-2.282660,-30.430133,23.994335
2.736568,-28.916075,23.993666
7.324283,-26.413205,23.993055
11.152958,-23.231805,23.995690
14.247648,-19.624490,23.995914
16.073131,-15.346822,23.992711
17.006191,-10.960109,23.990521
17.751202,-7.242796,23.992759
17.881962,-3.718938,23.996995
17.349896,-0.349504,23.999083
16.314750,2.616142,23.997172
14.897045,5.126027,23.993725
13.010565,7.306677,23.993136
11.628893,9.093546,19.744061
9.476573,10.373730,19.748943
7.596161,11.271478,19.750802
5.769450,11.972560,19.741423
3.990821,12.333691,19.740089
2.166506,12.300720,19.751100
0.612570,12.158710,19.737984
-0.794516,11.901231,19.740793
-2.174756,11.525106,19.744028
-3.373334,11.016687,19.752234
-4.610976,10.633296,19.745456
-6.011494,10.403235,19.752829
-7.281784,9.719544,19.744449
-8.526875,9.023920,19.734721
-9.947410,8.102957,19.739079
-11.513603,6.940457,19.745808
-13.080847,5.576971,19.744612
-15.427208,3.683259,19.739502
-18.143300,1.117219,19.738585
-19.935621,-2.202316,19.740987
-21.784003,-6.435845,19.741681
-23.131190,-11.657087,19.741085
-22.770703,-16.889423,19.743142
-20.926431,-22.113369,19.745934
-17.276631,-25.904865,19.745118
-12.580594,-28.011611,19.745270
-7.457633,-28.904958,19.748320
-2.268296,-28.694852,19.744400
2.623845,-27.764386,19.741774
7.166052,-25.893042,19.741064
11.015210,-22.973584,19.739532
14.221986,-19.502249,19.741425
16.188847,-15.455410,19.743539
17.276880,-11.129209,19.746061
18.022300,-7.433734,19.747886
18.183036,-3.797667,19.742598
17.717553,-0.443256,19.740158
16.794861,2.543371,19.741994
15.469209,5.237304,19.739752
13.671861,7.450726,19.739974
12.244310,9.450587,15.501955
10.172449,10.794307,15.497077
8.168830,11.930197,15.485532
6.299682,12.775129,15.492874
4.436756,13.193557,15.493888
2.513293,13.195713,15.489113
0.734393,13.016854,15.501077
-0.765937,12.696763,15.486014
-2.229992,12.241045,15.488315
-3.514052,11.663824,15.499119
-4.827989,11.186657,15.488248
-6.346266,11.034525,15.492972
-7.706481,10.297327,15.486838
-9.125633,9.443123,15.498328
-10.610343,8.440900,15.500769
-12.245342,7.212354,15.488667
-13.971046,5.695513,15.486968
-16.353271,3.742036,15.493715
-19.524127,0.985085,15.493191
-21.688389,-2.633641,15.488425
-23.116923,-7.052220,15.496853
-23.525277,-11.893550,15.501065
-22.378364,-16.632271,15.488873
-19.662687,-20.364704,15.495761
-15.777977,-23.074470,15.497088
-11.366564,-24.833090,15.493395
-6.750214,-25.848837,15.498701
-2.162675,-25.992999,15.500354
2.345096,-25.699243,15.499439
6.750793,-24.518325,15.493814
10.628450,-21.992000,15.487025
13.751381,-18.933285,15.492912
16.046896,-15.268621,15.491260
17.452359,-11.406288,15.487330
18.278018,-7.530345,15.495227
18.485779,-3.952729,15.497159
18.121028,-0.524786,15.494988
17.302525,2.571954,15.493676
16.157010,5.295241,15.493832
14.415390,7.629269,15.498278
12.996486,9.734913,11.233430
10.837659,11.330528,11.234423
8.955791,12.586675,11.243865
7.063096,13.586927,11.241992
5.011576,14.157806,11.242567
2.871462,14.263282,11.244305
0.995550,14.100585,11.238838
-0.721274,13.714224,11.241356
-2.395091,13.174378,11.239400
-3.785488,12.587357,11.247988
-5.170528,12.004681,11.241562
-6.896691,11.693316,11.250961
-8.334405,10.897797,11.246724
-9.809239,9.945144,11.237821
-11.344262,8.850003,11.243226
-13.027106,7.533727,11.240011
-14.896504,5.854593,11.241469
-17.243188,3.771675,11.247995
-20.502399,0.813327,11.244994
-23.095168,-3.101216,11.238985
-23.941373,-7.378054,11.243379
-23.329740,-11.677489,11.245689
-21.484423,-15.666311,11.237951
-18.174572,-18.542490,11.240938
-14.365961,-20.552187,11.239505
-10.383104,-22.074922,11.233853
-6.230785,-23.090087,11.235752
-2.105746,-23.464581,11.244346
2.063568,-23.429416,11.242343
6.241929,-22.609805,11.239807
9.930663,-20.676784,11.248888
13.048702,-17.944680,11.249330
15.610864,-14.814230,11.240756
17.431862,-11.386305,11.237039
18.327315,-7.587439,11.245243
18.616479,-3.938585,11.247920
18.385784,-0.566975,11.241218
17.722802,2.514221,11.236221
16.708464,5.370394,11.241859
15.041095,7.840758,11.240323
13.516887,10.049776,7.002265
11.542675,11.776135,6.998534
9.688223,13.200579,6.985281
7.667125,14.375819,6.993560
5.449830,15.114787,6.998495
3.245638,15.351492,6.990433
1.159492,15.200584,6.990006
-0.760484,14.767475,6.992117
-2.524100,14.221814,6.987090
-4.138708,13.626248,6.989817
-5.705515,12.915364,6.991500
-7.347670,12.396350,6.988167
-8.866169,11.579161,6.993974
-10.487609,10.464001,6.997868
-12.058489,9.277695,6.997505
-13.764962,7.867135,6.998065
-15.754525,6.025874,6.992975
-18.017602,3.790096,6.990336
-20.920269,0.756375,7.000145
-23.732709,-3.285195,6.994486
-24.045133,-7.424437,6.995252
-22.564716,-11.203945,7.000026
-20.152754,-14.443539,6.996679
-16.782830,-16.690462,6.992797
-13.100510,-18.460371,6.988183
-9.549413,-19.818553,6.989288
-5.849927,-20.766640,6.995236
-2.064473,-21.265646,6.993891
1.867791,-21.221563,6.987531
5.639063,-20.540660,6.986633
9.273497,-19.019422,6.992839
12.234019,-16.647791,6.993182
14.897040,-14.012142,6.995269
17.003448,-11.034669,6.997106
17.978561,-7.460294,6.992297
18.380138,-3.886266,6.992521
18.308436,-0.584526,6.998550
17.775691,2.581062,7.000375
16.912043,5.416491,6.992596
15.440643,7.945287,6.994571
13.811154,10.180025,2.752645
12.043787,12.130535,2.746233
10.130016,13.732670,2.734801
8.092750,14.951337,2.748042
5.882618,15.841709,2.743620
3.665328,16.237353,2.736444
1.406014,16.140700,2.740671
-0.687956,15.715479,2.738156
-2.633118,15.168304,2.745082
-4.445359,14.605038,2.740915
-6.052075,13.830169,2.738436
-7.762770,13.002039,2.752479
-9.440983,12.111432,2.738559
-11.082277,10.933706,2.736553
-12.750891,9.596424,2.744258
-14.438127,8.100246,2.744476
-16.410105,6.196090,2.742893
-18.529098,3.820954,2.742406
-20.827934,0.767183,2.740833
-23.245865,-3.079104,2.749645
-23.169944,-7.027026,2.748504
-21.253256,-10.327599,2.744928
-18.599276,-13.011136,2.749669
-15.355059,-14.987995,2.751382
-12.150815,-16.581388,2.750605
-8.848120,-17.889896,2.751240
-5.396107,-18.804891,2.748575
-1.982100,-19.331995,2.737213
1.561397,-19.243909,2.739743
5.098244,-18.597310,2.746993
8.454072,-17.404386,2.742340
11.284361,-15.283763,2.739931
13.846245,-12.893318,2.739575
15.945367,-10.214264,2.739058
17.008778,-6.925805,2.738822
17.520795,-3.611848,2.738998
17.601822,-0.419241,2.743367
17.240050,2.534970,2.748282
16.477766,5.408867,2.746718
15.345109,7.897934,2.749051
13.637835,10.064546,-1.499040
12.246769,12.222035,-1.498306
10.405877,13.881369,-1.510556
8.171554,15.181479,-1.502818
6.014494,16.166454,-1.507957
3.839912,16.692121,-1.508525
1.470305,16.663081,-1.506094
-0.633883,16.308683,-1.511983
-2.710571,15.804090,-1.501861
-4.559981,15.324032,-1.507216
-6.390816,14.460694,-1.507047
-8.012831,13.450407,-1.503696
-9.798545,12.498439,-1.506228
-11.435503,11.307265,-1.503635
-13.157989,9.860139,-1.509012
-14.859171,8.228458,-1.503294
-16.758526,6.289815,-1.498722
-18.647188,3.810520,-1.505501
-20.163389,0.896409,-1.510057
-21.737716,-2.681546,-1.507414
-21.308715,-6.230307,-1.508738
-19.413736,-9.137752,-1.509482
-16.905510,-11.525651,-1.505881
-14.091280,-13.388202,-1.506287
-11.226048,-14.964425,-1.510154
-8.229904,-16.227800,-1.507134
-5.084224,-17.116376,-1.501636
-1.856591,-17.643458,-1.508651
1.382045,-17.523105,-1.511157
4.612973,-16.896695,-1.504808
7.691163,-15.827070,-1.500225
10.380177,-13.821909,-1.508730
12.568913,-11.504555,-1.515048
14.343321,-8.924347,-1.514813
15.434404,-5.965718,-1.514410
16.009091,-3.089395,-1.511462
16.212753,-0.172214,-1.503472
15.988145,2.630846,-1.498844
15.354304,5.246651,-1.508753
14.569894,7.746342,-1.508858
12.836658,9.670840,-5.751640
11.881564,11.939511,-5.751234
10.093119,13.705034,-5.760044
7.981321,14.856516,-5.755917
5.899972,15.850003,-5.750813
3.712594,16.507383,-5.758878
1.509849,16.578299,-5.757180
-0.668074,16.334816,-5.751281
-2.716070,15.921061,-5.764528
-4.647619,15.452362,-5.756964
-6.474164,14.686100,-5.763047
-8.112821,13.563723,-5.748477
-9.850255,12.603571,-5.762461
-11.547315,11.383962,-5.759754
-13.199412,9.938261,-5.750281
-14.853748,8.202900,-5.750836
-16.610929,6.242160,-5.758996
-18.122492,3.778956,-5.763648
-18.923620,1.046232,-5.760061
-19.445278,-2.060311,-5.754082
-18.883377,-5.011306,-5.750073
-17.382646,-7.677490,-5.750083
-15.298805,-10.013570,-5.752340
-12.958525,-11.940861,-5.753934
-10.395534,-13.565507,-5.757600
-7.738967,-14.782109,-5.755506
-4.833195,-15.661744,-5.751531
-1.835194,-16.147635,-5.758453
1.181339,-16.031846,-5.764077
4.165279,-15.405422,-5.761792
6.992291,-14.313916,-5.756622
9.402660,-12.469040,-5.759063
11.216624,-10.035980,-5.760888
12.479286,-7.506631,-5.760555
13.537763,-4.887778,-5.763377
14.160384,-2.358702,-5.761421
14.412773,0.147738,-5.759823
14.320136,2.654957,-5.763485
13.802855,4.988502,-5.764159
13.284252,7.372499,-5.758765
11.420519,9.049516,-10.013522
10.745823,11.215669,-10.012839
9.370325,12.938644,-10.008150
7.387635,14.083152,-9.999554
5.369967,14.978198,-10.002777
3.384562,15.642532,-10.009578
1.285966,15.837876,-10.008623
-0.720432,15.760509,-10.008306
-2.605697,15.460595,-10.004487
-4.454621,14.961496,-9.999199
-6.358026,14.354605,-10.007482
-7.950683,13.286003,-10.007756
-9.582110,12.291896,-10.008558
-11.234158,11.151420,-10.010402
-12.856991,9.667442,-10.006810
-14.280190,7.995471,-10.013255
-15.732047,6.082662,-10.006665
-16.820379,3.754185,-9.999915
-17.047405,1.271549,-10.005560
-16.686449,-1.284838,-10.002852
-16.258875,-3.841393,-10.004571
-15.330562,-6.329906,-10.008934
-13.830305,-8.571407,-10.007450
-11.962288,-10.618219,-10.000006
-9.741638,-12.276288,-9.999785
-7.261015,-13.525928,-10.001991
-4.527477,-14.400033,-10.001412
-1.782516,-14.814540,-10.001069
1.084599,-14.697235,-10.007607
3.787447,-14.065913,-10.013403
6.401261,-12.875820,-10.009704
8.514099,-11.173711,-10.000783
9.949439,-8.732220,-10.000928
10.770016,-6.165757,-10.011075
11.694554,-3.956443,-10.015450
12.370005,-1.679146,-10.007242
12.624473,0.518542,-9.998392
12.606830,2.721065,-10.000953
12.171256,4.863792,-10.006801
11.743921,6.842024,-10.011050
9.802753,8.311982,-14.259717
9.135113,10.101947,-14.257135
8.127397,11.853124,-14.251576
6.548785,13.009143,-14.251193
4.755338,13.724472,-14.249405
2.957296,14.337076,-14.253920
1.079135,14.666269,-14.263029
-0.742048,14.765457,-14.253306
-2.542281,14.563155,-14.265897
-4.188622,14.017003,-14.263434
-5.968018,13.663914,-14.252445
-7.525549,12.707196,-14.262385
-9.011654,11.662348,-14.261105
-10.608893,10.621502,-14.259641
-12.035725,9.228057,-14.261429
-13.224990,7.626281,-14.258860
-14.274945,5.738570,-14.259811
-14.922794,3.729757,-14.259430
-14.723619,1.517725,-14.258440
-14.057230,-0.454824,-14.259639
-14.029747,-2.799159,-14.256672
-13.558347,-5.160189,-14.261320
-12.469709,-7.367230,-14.263207
-11.038275,-9.425584,-14.254475
-9.076440,-11.127717,-14.250436
-6.787868,-12.390494,-14.252267
-4.324469,-13.217533,-14.255409
-1.747646,-13.582882,-14.257501
0.862126,-13.478203,-14.261200
3.458531,-12.819032,-14.263966
5.773934,-11.620148,-14.262843
7.739193,-9.977950,-14.260704
8.994460,-7.661109,-14.261530
9.625632,-5.205989,-14.262613
10.441980,-3.193321,-14.259174
11.036016,-1.213984,-14.260228
11.229803,0.781516,-14.262007
11.193419,2.778820,-14.255942
10.853775,4.648866,-14.254952
10.338401,6.487783,-14.258707
8.368335,7.647166,-18.502518
7.420579,9.002795,-18.499546
6.659921,10.494103,-18.507042
5.568027,11.751738,-18.515467
3.941044,12.411554,-18.513800
2.373682,12.874421,-18.512518
0.861637,13.272821,-18.515472
-0.763504,13.526720,-18.506604
-2.393988,13.477295,-18.497950
-3.927333,12.894908,-18.510277
-5.557997,12.687222,-18.514819
-6.992853,11.884227,-18.511846
-8.267653,10.857274,-18.506465
-9.725426,9.945476,-18.514775
-10.947240,8.619579,-18.511674
-11.840407,7.148214,-18.497968
-12.393749,5.444260,-18.507080
-12.745624,3.658367,-18.512105
-12.524377,1.817862,-18.511028
-12.192896,0.058727,-18.509389
-12.334419,-1.978306,-18.504981
-12.044623,-4.140183,-18.511323
-11.305130,-6.228106,-18.516963
-10.162174,-8.269099,-18.515353
-8.438240,-9.974436,-18.514874
-6.422819,-11.202068,-18.511809
-4.141385,-12.018275,-18.508669
-1.660051,-12.363340,-18.511644
0.770674,-12.232701,-18.515569
3.104799,-11.590857,-18.510358
5.239316,-10.428176,-18.498932
7.042474,-8.902392,-18.501638
8.398198,-7.003098,-18.510642
9.300177,-4.912269,-18.513268
9.949040,-2.979520,-18.507894
10.335808,-0.988494,-18.506429
10.395695,0.969035,-18.510600
10.224018,2.835088,-18.511691
9.906277,4.538357,-18.511686
9.296840,6.217634,-18.509161
7.181455,7.069593,-22.757346
5.994925,7.995953,-22.752745
5.196462,9.117226,-22.758716
4.517236,10.403441,-22.762961
3.223788,11.124767,-22.744825
1.867129,11.447407,-22.750121
0.539753,11.878527,-22.756749
-0.810369,12.231927,-22.749672
-2.267431,12.322836,-22.748566
-3.583188,11.851751,-22.748512
-5.040766,11.641403,-22.751336
-6.346600,11.006465,-22.758132
-7.502387,9.999195,-22.754807
-8.784059,9.162726,-22.749864
-9.691439,7.995518,-22.752932
-10.298470,6.519237,-22.756799
-10.434221,5.055739,-22.761859
-10.663173,3.536517,-22.753294
-10.758004,2.006555,-22.747491
-10.791410,0.468081,-22.752156
-10.808829,-1.275287,-22.761093
-10.615123,-3.149916,-22.760431
-10.105135,-5.120394,-22.753668
-9.123936,-7.047506,-22.751459
-7.690829,-8.582992,-22.757485
-5.870212,-9.770200,-22.754758
-3.838399,-10.522330,-22.748525
-1.621811,-10.832115,-22.750530
0.542763,-10.690036,-22.752813
2.694059,-10.067908,-22.754337
4.535535,-9.059137,-22.757119
6.190340,-7.683390,-22.761672
7.674969,-6.266100,-22.764430
8.961333,-4.710182,-22.763885
9.554162,-2.725513,-22.761225
9.683276,-0.733978,-22.758090
9.616344,1.140428,-22.753464
9.325326,2.847168,-22.747458
8.978963,4.448007,-22.751460
8.394342,5.925513,-22.760574
6.117446,6.583605,-27.008481
4.887501,7.233204,-27.006487
3.985682,7.997343,-27.009920
3.457620,9.072572,-27.015767
2.586000,9.902160,-26.999216
1.424559,10.219567,-27.003251
0.288430,10.604335,-27.010900
-0.840579,11.024134,-27.005091
-2.087542,11.224010,-27.010328
-3.390020,11.003858,-27.013638
-4.589576,10.590953,-27.004069
-5.773046,10.075285,-27.001153
-6.723284,9.227230,-27.006730
-7.763657,8.429254,-27.000109
-8.461186,7.282269,-27.004860
-8.680939,5.936814,-27.015963
-8.655955,4.673492,-27.005321
-8.928499,3.494566,-27.003988
-9.230134,2.205013,-27.010671
-9.311954,0.889466,-27.006503
-9.258163,-0.561168,-27.002638
-9.128989,-2.179867,-27.011722
-8.708987,-3.877225,-27.014313
-7.908746,-5.433874,-27.007052
-6.697625,-6.781397,-27.000192
-5.138613,-7.815128,-27.006628
-3.380548,-8.453866,-27.013447
-1.587022,-8.694016,-27.010108
0.278080,-8.559991,-27.006412
2.071557,-8.026846,-27.007318
3.657969,-7.154895,-27.010127
5.060965,-6.040280,-27.008338
6.474238,-4.963904,-27.009847
7.861863,-3.808522,-27.015195
8.453383,-2.097625,-27.008340
8.505426,-0.340866,-27.003389
8.410173,1.334646,-27.007746
8.088372,2.902350,-27.009853
7.740181,4.273394,-27.010364
7.271602,5.583672,-27.011249
4.978759,6.055225,-31.253835
3.896030,6.599747,-31.262806
3.026531,7.084120,-31.266193
2.466872,7.776410,-31.257829
1.916458,8.654997,-31.249741
1.026109,9.122149,-31.263153
0.101845,9.421209,-31.259058
-0.915215,9.905749,-31.252263
-1.955610,10.114603,-31.264936
-3.176329,10.296474,-31.258649
-4.087661,9.557846,-31.246719
-5.157936,9.152685,-31.252933
-5.972662,8.430736,-31.260675
-6.752648,7.584765,-31.264797
-7.162560,6.578255,-31.259035
-7.068888,5.377823,-31.248675
-7.126473,4.365866,-31.257922
-7.408456,3.422698,-31.264998
-7.615034,2.431109,-31.257422
-7.627761,1.358131,-31.248565
-7.593752,0.185374,-31.256294
-7.464053,-1.070597,-31.264034
-7.085832,-2.334223,-31.251259
-6.404713,-3.518279,-31.251527
-5.423349,-4.540706,-31.262810
-4.231383,-5.308157,-31.255656
-2.897652,-5.770669,-31.250553
-1.440746,-5.929760,-31.256293
-0.027298,-5.814498,-31.259204
1.321130,-5.398663,-31.259434
2.554418,-4.702372,-31.258734
3.637568,-3.889996,-31.256157
4.784018,-3.115897,-31.252965
5.946547,-2.362095,-31.251021
6.594031,-1.089146,-31.251273
6.674626,0.340124,-31.252580
6.614733,1.711467,-31.254089
6.387768,2.929295,-31.257791
6.065452,4.062386,-31.259250
5.721365,5.161282,-31.253626
3.318963,5.286018,-35.506400
2.773233,5.851757,-35.501346
2.102886,6.220106,-35.498491
1.506449,6.573259,-35.501538
1.031359,7.092734,-35.512209
0.527926,7.788076,-35.504951
-0.191979,8.085938,-35.511431
-0.939843,8.500000,-35.500514
-1.815641,8.723823,-35.499845
-2.861352,9.230565,-35.508016
-3.509002,8.280150,-35.506609
-4.343979,7.980117,-35.501121
-4.979802,7.356666,-35.514030
-5.410294,6.548613,-35.500042
-5.449719,5.607900,-35.504639
-5.365818,4.740375,-35.504825
-5.504649,4.066539,-35.500916
-5.608144,3.362386,-35.504162
-5.667690,2.649958,-35.509779
-5.677824,1.900111,-35.513313
-5.604221,1.120723,-35.511528
-5.401301,0.327074,-35.504677
-5.038493,-0.444008,-35.503487
-4.523404,-1.124309,-35.510906
-3.849344,-1.706784,-35.513109
-3.066054,-2.122810,-35.509388
-2.210289,-2.339529,-35.508740
-1.319211,-2.395101,-35.507528
-0.466852,-2.318149,-35.502921
0.369711,-2.045905,-35.501394
1.110948,-1.620113,-35.503727
1.810023,-1.140779,-35.503684
2.497542,-0.695235,-35.503534
3.285945,-0.235280,-35.508162
3.879485,0.413740,-35.510038
4.087238,1.319827,-35.504956
4.108316,2.167441,-35.502613
4.037116,3.008362,-35.504786
3.845597,3.825178,-35.508080
3.616915,4.550200,-35.509020
-1.815984,5.228231,-39.756268
